wavelength,x,y,z
0.0,1.6416015625,3.2431640625,-5.205078125
0.0005,0.80078125,4.1240234375,-5.28515625
0.001,-0.400390625,4.32421875,-4.32421875
0.0015,-1.1611328125,4.96484375,-4.244140625
0.002,-2.2822265625,4.96484375,-3.04296875
0.0025,-3.04296875,5.1650390625,-2.5625
0.003,-4.3642578125,5.3251953125,-1.3212890625
0.0035,-4.8046875,4.8447265625,-0.48046875
0.004,-5.1650390625,4.2041015625,0.560546875
0.0045,-5.4853515625,3.763671875,1.28125
0.005,-5.4453125,2.802734375,2.162109375
0.0055,-5.4453125,2.08203125,2.8828125
0.006,-5.6455078125,1.12109375,4.00390625
0.0065,-4.724609375,0.0400390625,4.1240234375
0.007,-4.5244140625,-0.9609375,4.8447265625
0.0075,-3.443359375,-2.001953125,4.8046875
0.008,-2.8828125,-2.802734375,5.044921875
0.0085,-1.921875,-3.8837890625,5.044921875
0.009,-1.0009765625,-4.64453125,4.884765625
0.0095,0.1201171875,-4.9248046875,4.00390625
0.01,0.80078125,-5.4453125,3.923828125
0.0105,1.9619140625,-5.4453125,2.72265625
0.011,2.642578125,-5.60546875,2.2822265625
0.0115,3.923828125,-5.765625,1.1611328125
0.012,4.2041015625,-5.125,0.2802734375
0.0125,4.64453125,-4.64453125,-0.6005859375
0.013,4.8046875,-4.083984375,-1.3212890625
0.0135,4.884765625,-3.2431640625,-2.2021484375
0.014,4.8447265625,-2.5224609375,-2.9228515625
0.0145,5.044921875,-1.6015625,-3.923828125
0.015,4.0439453125,-0.3603515625,-4.1640625
0.0155,3.8837890625,0.48046875,-4.8046875
0.016,2.72265625,1.6015625,-4.7646484375
0.0165,2.2822265625,2.2822265625,-5.044921875
0.017,1.28125,3.3232421875,-5.044921875
0.0175,0.400390625,3.923828125,-4.724609375
0.018,-0.640625,4.2841796875,-3.9638671875
0.0185,-1.361328125,4.724609375,-3.7236328125
0.019,-2.5625,4.7646484375,-2.5625
0.0195,-3.1630859375,4.8447265625,-2.08203125
0.02,-4.2841796875,4.9248046875,-1.041015625
0.0205,-4.484375,4.1240234375,-0.16015625
0.021,-4.9248046875,3.8837890625,0.6005859375
0.0215,-4.9248046875,3.0830078125,1.4013671875
0.022,-5.0849609375,2.482421875,2.1220703125
0.0225,-5.044921875,1.6416015625,2.8828125
0.023,-5.0849609375,0.9208984375,3.6435546875
0.0235,-4.1240234375,-0.3203125,3.84375
0.024,-4.0439453125,-1.0009765625,4.4443359375
0.0245,-2.9228515625,-2.1220703125,4.32421875
0.025,-2.642578125,-2.72265625,4.64453125
0.0255,-1.6015625,-3.763671875,4.6044921875
0.026,-0.80078125,-4.083984375,4.1240234375
0.0265,0.080078125,-4.5244140625,3.763671875
0.027,0.880859375,-4.8447265625,3.2431640625
0.0275,1.8818359375,-5.0048828125,2.4423828125
0.028,2.5224609375,-5.125,1.921875
0.0285,3.443359375,-5.1650390625,1.12109375
0.029,3.6435546875,-4.4443359375,0.2001953125
0.0295,4.1640625,-4.404296875,-0.3603515625
0.03,4.1640625,-3.5234375,-1.28125
0.0305,4.4443359375,-3.123046875,-1.921875
0.031,4.4443359375,-2.2421875,-2.72265625
0.0315,4.32421875,-1.4814453125,-3.3232421875
0.032,3.5234375,-0.3203125,-3.7236328125
0.0325,3.3232421875,0.3603515625,-4.2041015625
0.033,2.40234375,1.44140625,-4.2841796875
0.0335,2.1220703125,2.001953125,-4.564453125
0.034,1.1611328125,3.0029296875,-4.5244140625
0.0345,0.240234375,3.283203125,-3.923828125
0.035,-0.48046875,3.84375,-3.7236328125
0.0355,-1.44140625,4.0439453125,-2.962890625
0.036,-2.2421875,4.2841796875,-2.40234375
0.0365,-2.9228515625,4.2841796875,-1.76171875
0.037,-3.603515625,4.2041015625,-1.041015625
0.0375,-3.84375,3.5234375,-0.16015625
0.038,-4.2041015625,3.4833984375,0.3203125
0.0385,-4.244140625,2.5224609375,1.2412109375
0.039,-4.5244140625,2.322265625,1.7216796875
0.0395,-4.5244140625,1.4814453125,2.5224609375
0.04,-4.1640625,0.7607421875,2.8828125
0.0405,-3.763671875,-0.3203125,3.4033203125
0.041,-3.36328125,-1.0009765625,3.68359375
0.0415,-2.72265625,-1.8818359375,3.8837890625
0.042,-2.40234375,-2.3623046875,4.083984375
0.0425,-1.6015625,-3.123046875,4.00390625
0.043,-0.7607421875,-3.4033203125,3.4833984375
0.0435,-0.2001953125,-4.00390625,3.5234375
0.044,0.80078125,-4.1640625,2.6826171875
0.0445,1.4013671875,-4.5244140625,2.482421875
0.045,2.2021484375,-4.5244140625,1.681640625
0.0455,2.642578125,-4.4443359375,1.1611328125
0.046,3.04296875,-4.00390625,0.3603515625
0.0465,3.4033203125,-3.8837890625,-0.1201171875
0.047,3.6435546875,-3.203125,-1.0009765625
0.0475,3.84375,-2.962890625,-1.521484375
0.048,3.9638671875,-2.2021484375,-2.3623046875
0.0485,3.4833984375,-1.361328125,-2.72265625
0.049,3.3232421875,-0.5205078125,-3.36328125
0.0495,2.72265625,0.3603515625,-3.603515625
0.05,2.40234375,1.12109375,-4.00390625
0.0505,1.841796875,1.8017578125,-4.0439453125
0.051,1.1611328125,2.4423828125,-4.00390625
0.0515,0.2802734375,2.8427734375,-3.4833984375
0.052,-0.3203125,3.4033203125,-3.4833984375
0.0525,-1.361328125,3.5634765625,-2.5625
0.053,-1.9619140625,3.923828125,-2.40234375
0.0535,-2.72265625,3.8837890625,-1.5615234375
0.054,-3.0830078125,3.603515625,-1.0009765625
0.0545,-3.5234375,3.3232421875,-0.3203125
0.055,-3.7236328125,2.962890625,0.2802734375
0.0555,-4.00390625,2.482421875,1.0810546875
0.056,-4.1240234375,2.0419921875,1.5615234375
0.0565,-4.1640625,1.361328125,2.2421875
0.057,-3.5634765625,0.3603515625,2.6025390625
0.0575,-3.603515625,-0.2802734375,3.203125
0.058,-2.8427734375,-1.12109375,3.36328125
0.0585,-2.72265625,-1.681640625,3.84375
0.059,-1.9619140625,-2.40234375,3.7236328125
0.0595,-1.4013671875,-2.8427734375,3.603515625
0.06,-0.640625,-3.2431640625,3.2431640625
0.0605,0.0400390625,-3.7236328125,3.04296875
0.061,0.9609375,-4.00390625,2.40234375
0.0615,1.4814453125,-4.244140625,2.162109375
0.062,2.162109375,-4.2841796875,1.521484375
0.0625,2.482421875,-3.8837890625,0.880859375
0.063,3.0029296875,-3.8837890625,0.3203125
0.0635,3.1630859375,-3.3232421875,-0.400390625
0.064,3.5634765625,-3.1630859375,-1.0009765625
0.0645,3.5634765625,-2.5224609375,-1.681640625
0.065,3.603515625,-1.9619140625,-2.2822265625
0.0655,3.04296875,-0.9208984375,-2.72265625
0.066,3.04296875,-0.2802734375,-3.283203125
0.0665,2.3623046875,0.7607421875,-3.5634765625
0.067,2.2822265625,1.28125,-3.9638671875
0.0675,1.44140625,2.001953125,-3.84375
0.068,0.7607421875,2.4423828125,-3.603515625
0.0685,0.0400390625,2.9228515625,-3.36328125
0.069,-0.8408203125,3.3232421875,-2.8828125
0.0695,-1.6416015625,3.68359375,-2.4423828125
0.07,-2.2421875,3.7236328125,-1.921875
0.0705,-2.8427734375,3.763671875,-1.3212890625
0.071,-3.1630859375,3.2431640625,-0.6005859375
0.0715,-3.603515625,3.203125,0.0
0.072,-3.7236328125,2.482421875,0.80078125
0.0725,-4.083984375,2.2822265625,1.28125
0.073,-4.00390625,1.44140625,1.9619140625
0.0735,-3.84375,0.80078125,2.4423828125
0.074,-3.36328125,-0.1201171875,2.9228515625
0.0745,-3.1630859375,-0.7607421875,3.3232421875
0.075,-2.5224609375,-1.681640625,3.603515625
0.0755,-2.2421875,-2.1220703125,3.763671875
0.076,-1.4814453125,-2.8427734375,3.6435546875
0.0765,-0.7607421875,-3.203125,3.2431640625
0.077,-0.1201171875,-3.7236328125,3.1630859375
0.0775,0.9208984375,-3.9638671875,2.4423828125
0.078,1.5615234375,-4.32421875,2.162109375
0.0785,2.1220703125,-4.1640625,1.4814453125
0.079,2.6025390625,-4.1640625,0.9609375
0.0795,2.8828125,-3.7236328125,0.240234375
0.08,3.3232421875,-3.603515625,-0.3203125
0.0805,3.5234375,-2.8828125,-1.28125
0.081,3.7236328125,-2.642578125,-1.6416015625
0.0815,3.68359375,-1.8017578125,-2.482421875
0.082,3.2431640625,-0.9609375,-2.8427734375
0.0825,2.8828125,0.0,-3.36328125
0.083,2.4423828125,0.7607421875,-3.68359375
0.0835,2.0419921875,1.6015625,-4.0439453125
0.084,1.44140625,2.08203125,-3.923828125
0.0845,0.6806640625,2.802734375,-3.84375
0.085,-0.16015625,3.123046875,-3.3232421875
0.0855,-0.880859375,3.6435546875,-3.1630859375
0.086,-2.001953125,3.84375,-2.2421875
0.0865,-2.6025390625,4.083984375,-1.8818359375
0.087,-3.203125,3.84375,-1.041015625
0.0875,-3.68359375,3.6435546875,-0.400390625
0.088,-3.8837890625,3.0830078125,0.3603515625
0.0885,-4.1640625,2.6826171875,0.9609375
0.089,-4.4443359375,1.921875,1.921875
0.0895,-4.32421875,1.4013671875,2.2822265625
0.09,-4.2041015625,0.6005859375,3.0830078125
0.0905,-3.5634765625,-0.400390625,3.36328125
0.091,-3.203125,-1.1611328125,3.763671875
0.0915,-2.4423828125,-2.162109375,3.9638671875
0.092,-1.9619140625,-2.9228515625,4.2041015625
0.0925,-1.1611328125,-3.283203125,3.8037109375
0.093,-0.4404296875,-3.923828125,3.68359375
0.0935,0.4404296875,-4.083984375,3.04296875
0.094,1.1611328125,-4.5244140625,2.72265625
0.0945,2.3623046875,-4.7646484375,1.76171875
0.095,2.8427734375,-4.64453125,1.2412109375
0.0955,3.3232421875,-4.3642578125,0.4404296875
0.096,3.68359375,-4.00390625,-0.2802734375
0.0965,3.84375,-3.5634765625,-0.9609375
0.097,4.00390625,-2.962890625,-1.7216796875
0.0975,4.32421875,-2.2822265625,-2.642578125
0.098,3.84375,-1.44140625,-2.8828125
0.0985,3.763671875,-0.6005859375,-3.68359375
0.099,2.8828125,0.48046875,-3.84375
0.0995,2.6025390625,1.1611328125,-4.2041015625
0.1,1.7216796875,2.2822265625,-4.3642578125
0.1005,1.201171875,2.9228515625,-4.5244140625
0.101,0.240234375,3.36328125,-3.923828125
0.1015,-0.48046875,3.923828125,-3.8037109375
0.102,-1.44140625,4.0439453125,-2.962890625
0.1025,-2.2421875,4.404296875,-2.5625
0.103,-3.5234375,4.6044921875,-1.521484375
0.1035,-3.84375,4.244140625,-0.80078125
0.104,-4.404296875,3.923828125,0.0400390625
0.1045,-4.64453125,3.36328125,0.720703125
0.105,-4.7646484375,2.7626953125,1.44140625
0.1055,-4.884765625,1.9619140625,2.3623046875
0.106,-5.0849609375,1.28125,3.2431640625
0.1065,-4.3642578125,0.2802734375,3.5234375
0.107,-4.244140625,-0.6005859375,4.244140625
0.1075,-3.2431640625,-1.6416015625,4.2841796875
0.108,-2.8828125,-2.3623046875,4.564453125
0.1085,-1.841796875,-3.5634765625,4.724609375
0.109,-1.041015625,-4.1240234375,4.484375
0.1095,0.0,-4.5244140625,3.8837890625
0.11,0.6806640625,-5.0048828125,3.6435546875
0.1105,1.76171875,-5.0849609375,2.642578125
0.111,2.5224609375,-5.28515625,2.08203125
0.1115,3.763671875,-5.4453125,1.0810546875
0.112,3.9638671875,-4.8046875,0.240234375
0.1125,4.484375,-4.564453125,-0.6005859375
0.113,4.564453125,-3.84375,-1.4013671875
0.1135,4.6845703125,-3.203125,-2.162109375
0.114,4.724609375,-2.2822265625,-3.04296875
0.1145,4.8046875,-1.44140625,-3.8837890625
0.115,3.84375,-0.240234375,-4.1240234375
0.1155,3.7236328125,0.6005859375,-4.724609375
0.116,2.5224609375,1.76171875,-4.6845703125
0.1165,2.08203125,2.482421875,-4.9248046875
0.117,1.0810546875,3.6435546875,-5.044921875
0.1175,0.1201171875,4.1240234375,-4.564453125
0.118,-0.8408203125,4.484375,-3.9638671875
0.1185,-1.681640625,4.8447265625,-3.5234375
0.119,-2.8828125,4.96484375,-2.4423828125
0.1195,-3.5634765625,5.0048828125,-1.8017578125
0.12,-4.724609375,5.0849609375,-0.80078125
0.1205,-4.8447265625,4.1640625,0.2001953125
0.121,-5.3251953125,3.923828125,0.880859375
0.1215,-5.4052734375,2.962890625,1.921875
0.122,-5.4453125,2.2822265625,2.642578125
0.1225,-5.4052734375,1.4013671875,3.5234375
0.123,-5.3251953125,0.48046875,4.32421875
0.1235,-4.244140625,-0.80078125,4.484375
0.124,-4.1240234375,-1.5615234375,5.044921875
0.1245,-2.72265625,-2.9228515625,4.96484375
0.125,-2.322265625,-3.5634765625,5.125
0.1255,-1.1611328125,-4.64453125,5.0849609375
0.126,-0.080078125,-5.044921875,4.4443359375
0.1265,0.80078125,-5.4052734375,3.84375
0.127,1.8818359375,-5.765625,3.1630859375
0.1275,3.04296875,-5.765625,2.0419921875
0.128,3.603515625,-5.7255859375,1.44140625
0.1285,4.64453125,-5.7255859375,0.400390625
0.129,4.6845703125,-4.7646484375,-0.640625
0.1295,5.125,-4.5244140625,-1.28125
0.13,5.1650390625,-3.283203125,-2.4423828125
0.1305,5.1650390625,-2.6025390625,-3.123046875
0.131,5.0048828125,-1.6015625,-3.923828125
0.1315,4.7646484375,-0.640625,-4.64453125
0.132,3.6435546875,0.6806640625,-4.8046875
0.1325,3.36328125,1.521484375,-5.2451171875
0.133,1.9619140625,2.9228515625,-5.2451171875
0.1335,1.5615234375,3.36328125,-5.2451171875
0.134,0.400390625,4.404296875,-5.0849609375
0.1345,-0.720703125,4.724609375,-4.32421875
0.135,-1.6015625,5.044921875,-3.763671875
0.1355,-2.7626953125,5.3251953125,-2.8828125
0.136,-3.84375,5.28515625,-1.841796875
0.1365,-4.3642578125,5.044921875,-1.201171875
0.137,-5.2451171875,4.96484375,-0.16015625
0.1375,-5.2451171875,3.84375,0.880859375
0.138,-5.60546875,3.68359375,1.4814453125
0.1385,-5.6455078125,2.3623046875,2.802734375
0.139,-5.60546875,1.841796875,3.2431640625
0.1395,-5.3251953125,0.720703125,4.083984375
0.14,-4.96484375,-0.2802734375,4.6044921875
0.1405,-3.923828125,-1.4814453125,4.8046875
0.141,-3.5634765625,-2.2822265625,5.125
0.1415,-2.2021484375,-3.68359375,5.1650390625
0.142,-1.7216796875,-4.00390625,5.044921875
0.1425,-0.6005859375,-4.96484375,4.8046875
0.143,0.5205078125,-5.1650390625,3.9638671875
0.1435,1.28125,-5.4853515625,3.5234375
0.144,2.5224609375,-5.7255859375,2.5224609375
0.1445,3.443359375,-5.8056640625,1.681640625
0.145,3.8837890625,-5.4853515625,0.880859375
0.1455,4.64453125,-5.3251953125,0.0
0.146,4.724609375,-4.244140625,-1.0009765625
0.1465,5.044921875,-4.0439453125,-1.5615234375
0.147,5.0849609375,-2.72265625,-2.8828125
0.1475,5.044921875,-2.2822265625,-3.2431640625
0.148,4.724609375,-1.1611328125,-4.083984375
0.1485,4.1640625,-0.080078125,-4.564453125
0.149,3.283203125,1.0810546875,-4.7646484375
0.1495,2.7626953125,1.921875,-5.0849609375
0.15,1.6416015625,3.1630859375,-5.1650390625
0.1505,1.12109375,3.4833984375,-4.96484375
0.151,0.0,4.3642578125,-4.6845703125
0.1515,-1.0810546875,4.564453125,-3.84375
0.152,-1.8017578125,4.9248046875,-3.443359375
0.1525,-3.1630859375,5.0048828125,-2.322265625
0.153,-3.8837890625,5.0849609375,-1.6416015625
0.1535,-4.3642578125,4.6044921875,-0.720703125
0.154,-4.96484375,4.4443359375,0.1201171875
0.1545,-5.0048828125,3.443359375,1.12109375
0.155,-5.28515625,3.1630859375,1.6416015625
0.1555,-5.3251953125,1.921875,2.9228515625
0.156,-5.1650390625,1.44140625,3.1630859375
0.1565,-4.8447265625,0.3603515625,3.9638671875
0.157,-4.2041015625,-0.6806640625,4.32421875
0.1575,-3.5634765625,-1.6416015625,4.564453125
0.158,-2.8828125,-2.5625,4.7646484375
0.1585,-2.001953125,-3.5634765625,4.9248046875
0.159,-1.28125,-3.8837890625,4.484375
0.1595,-0.3203125,-4.64453125,4.2841796875
0.16,0.6806640625,-4.8046875,3.443359375
0.1605,1.28125,-5.205078125,3.123046875
0.161,2.5625,-5.28515625,2.001953125
0.1615,3.123046875,-5.365234375,1.5615234375
0.162,3.6435546875,-4.884765625,0.6005859375
0.1625,4.1240234375,-4.6044921875,-0.1201171875
0.163,4.2041015625,-3.84375,-1.0009765625
0.1635,4.484375,-3.4833984375,-1.5615234375
0.164,4.6044921875,-2.5625,-2.6025390625
0.1645,4.404296875,-2.001953125,-2.9228515625
0.165,4.2041015625,-1.0009765625,-3.763671875
0.1655,3.443359375,0.080078125,-4.00390625
0.166,3.04296875,0.9609375,-4.404296875
0.1665,2.2021484375,1.921875,-4.5244140625
0.167,1.7216796875,2.72265625,-4.8447265625
0.1675,0.8408203125,3.123046875,-4.32421875
0.168,0.0,3.84375,-4.1640625
0.1685,-1.0009765625,3.9638671875,-3.36328125
0.169,-1.7216796875,4.3642578125,-3.0830078125
0.1695,-2.9228515625,4.484375,-2.0419921875
0.17,-3.36328125,4.484375,-1.5615234375
0.1705,-3.9638671875,4.1240234375,-0.6005859375
0.171,-4.244140625,3.7236328125,0.1201171875
0.1715,-4.484375,3.123046875,0.9208984375
0.172,-4.6044921875,2.5224609375,1.5615234375
0.1725,-4.8447265625,1.921875,2.482421875
0.173,-4.4443359375,1.201171875,2.7626953125
0.1735,-4.3642578125,0.2802734375,3.5234375
0.174,-3.5234375,-0.7607421875,3.68359375
0.1745,-3.283203125,-1.44140625,4.1240234375
0.175,-2.40234375,-2.4423828125,4.1640625
0.1755,-2.0419921875,-2.9228515625,4.32421875
0.176,-1.0810546875,-3.443359375,3.84375
0.1765,-0.3603515625,-4.00390625,3.68359375
0.177,0.48046875,-4.2041015625,3.0029296875
0.1775,1.201171875,-4.6044921875,2.6826171875
0.178,2.2021484375,-4.7646484375,1.921875
0.1785,2.482421875,-4.564453125,1.44140625
0.179,3.1630859375,-4.4443359375,0.6806640625
0.1795,3.3232421875,-3.8837890625,0.0
0.18,3.7236328125,-3.68359375,-0.640625
0.1805,3.84375,-2.962890625,-1.44140625
0.181,4.1240234375,-2.642578125,-2.0419921875
0.1815,3.68359375,-1.76171875,-2.482421875
0.182,3.68359375,-1.041015625,-3.1630859375
0.1825,2.8427734375,0.080078125,-3.4033203125
0.183,2.802734375,0.6806640625,-3.923828125
0.1835,2.0419921875,1.7216796875,-4.1240234375
0.184,1.7216796875,2.0419921875,-4.1640625
0.1845,0.7607421875,2.6826171875,-3.8837890625
0.185,0.0400390625,3.123046875,-3.603515625
0.1855,-0.80078125,3.4833984375,-3.203125
0.186,-1.6015625,3.84375,-2.6025390625
0.1865,-2.482421875,4.1240234375,-2.0419921875
0.187,-2.802734375,3.8037109375,-1.44140625
0.1875,-3.443359375,3.8037109375,-0.80078125
0.188,-3.603515625,3.1630859375,0.0
0.1885,-4.0439453125,3.0029296875,0.6005859375
0.189,-4.1640625,2.2421875,1.4013671875
0.1895,-4.3642578125,1.9619140625,1.921875
0.19,-3.9638671875,0.9609375,2.482421875
0.1905,-3.8837890625,0.3203125,3.04296875
0.191,-3.203125,-0.720703125,3.283203125
0.1915,-2.962890625,-1.3212890625,3.763671875
0.192,-2.3623046875,-2.2421875,3.9638671875
0.1925,-1.8818359375,-2.5625,3.763671875
0.193,-1.041015625,-3.283203125,3.6435546875
0.1935,-0.3203125,-3.5634765625,3.1630859375
0.194,0.400390625,-4.00390625,2.8828125
0.1945,1.28125,-4.2041015625,2.2421875
0.195,1.921875,-4.4443359375,1.8818359375
0.1955,2.2822265625,-4.0439453125,1.1611328125
0.196,2.802734375,-4.1240234375,0.720703125
0.1965,3.0029296875,-3.5234375,-0.080078125
0.197,3.4033203125,-3.36328125,-0.640625
0.1975,3.6435546875,-2.72265625,-1.4814453125
0.198,3.6435546875,-2.3623046875,-1.841796875
0.1985,3.443359375,-1.44140625,-2.5224609375
0.199,3.04296875,-0.640625,-2.9228515625
0.1995,2.6826171875,0.2001953125,-3.36328125
0.2,2.2822265625,0.9208984375,-3.68359375
0.2005,1.9619140625,1.6015625,-4.0439453125
0.201,1.28125,1.9619140625,-3.68359375
0.2015,0.640625,2.642578125,-3.7236328125
0.202,-0.2802734375,2.9228515625,-3.0830078125
0.2025,-0.9609375,3.4833984375,-2.9228515625
0.203,-1.8818359375,3.7236328125,-2.2021484375
0.2035,-2.3623046875,3.8037109375,-1.841796875
0.204,-2.8828125,3.4833984375,-1.041015625
0.2045,-3.2431640625,3.4033203125,-0.6005859375
0.205,-3.5634765625,2.8427734375,0.240234375
0.2055,-3.84375,2.5625,0.80078125
0.206,-4.2041015625,2.08203125,1.6015625
0.2065,-3.923828125,1.44140625,1.921875
0.207,-3.8837890625,0.640625,2.72265625
0.2075,-3.283203125,-0.2802734375,3.0029296875
0.208,-3.123046875,-0.9609375,3.4833984375
0.2085,-2.5224609375,-1.841796875,3.68359375
0.209,-2.1220703125,-2.40234375,3.84375
0.2095,-1.3212890625,-2.8427734375,3.4033203125
0.21,-0.7607421875,-3.4033203125,3.4833984375
0.2105,0.16015625,-3.603515625,2.8427734375
0.211,0.8408203125,-4.083984375,2.6025390625
0.2115,1.8017578125,-4.32421875,1.921875
0.212,2.1220703125,-4.1640625,1.4013671875
0.2125,2.6826171875,-4.00390625,0.720703125
0.213,2.9228515625,-3.7236328125,0.16015625
0.2135,3.283203125,-3.36328125,-0.5205078125
0.214,3.4833984375,-2.8828125,-1.2412109375
0.2145,3.8037109375,-2.4423828125,-1.9619140625
0.215,3.3232421875,-1.5615234375,-2.322265625
0.2155,3.36328125,-0.880859375,-3.0029296875
0.216,2.6025390625,0.1201171875,-3.203125
0.2165,2.5224609375,0.720703125,-3.7236328125
0.217,1.8818359375,1.6015625,-3.9638671875
0.2175,1.3212890625,2.08203125,-3.923828125
0.218,0.5205078125,2.642578125,-3.5634765625
0.2185,-0.1201171875,3.123046875,-3.36328125
0.219,-1.041015625,3.4033203125,-2.7626953125
0.2195,-1.8017578125,3.763671875,-2.40234375
0.22,-2.72265625,3.9638671875,-1.6416015625
0.2205,-3.0029296875,3.5234375,-1.0009765625
0.221,-3.5634765625,3.5234375,-0.400390625
0.2215,-3.7236328125,2.9228515625,0.3203125
0.222,-4.0439453125,2.6025390625,0.9609375
0.2225,-4.2041015625,1.9619140625,1.76171875
0.223,-4.3642578125,1.44140625,2.40234375
0.2235,-3.763671875,0.4404296875,2.8427734375
0.224,-3.763671875,-0.2802734375,3.443359375
0.2245,-2.9228515625,-1.28125,3.5234375
0.225,-2.72265625,-1.9619140625,3.9638671875
0.2255,-1.921875,-2.8828125,4.083984375
0.226,-1.1611328125,-3.283203125,3.763671875
0.2265,-0.4404296875,-3.763671875,3.5234375
0.227,0.3603515625,-4.1240234375,3.0830078125
0.2275,1.28125,-4.404296875,2.40234375
0.228,2.0419921875,-4.64453125,1.921875
0.2285,2.8828125,-4.724609375,1.201171875
0.229,3.1630859375,-4.083984375,0.3603515625
0.2295,3.6435546875,-4.1240234375,-0.16015625
0.23,3.7236328125,-3.2431640625,-1.041015625
0.2305,3.9638671875,-2.9228515625,-1.6416015625
0.231,4.083984375,-2.1220703125,-2.5224609375
0.2315,3.923828125,-1.4013671875,-3.0830078125
0.232,3.3232421875,-0.3203125,-3.4833984375
0.2325,3.04296875,0.3603515625,-3.8837890625
0.233,2.162109375,1.44140625,-4.0439453125
0.2335,1.841796875,2.0419921875,-4.3642578125
0.234,1.0009765625,3.0029296875,-4.3642578125
0.2345,0.1201171875,3.283203125,-3.763671875
0.235,-0.560546875,3.763671875,-3.603515625
0.2355,-1.6416015625,4.0439453125,-2.7626953125
0.236,-2.482421875,4.2041015625,-2.162109375
0.2365,-3.203125,4.2841796875,-1.4814453125
0.237,-3.8837890625,4.2041015625,-0.7607421875
0.2375,-4.0439453125,3.4833984375,0.1201171875
0.238,-4.5244140625,3.4033203125,0.640625
0.2385,-4.564453125,2.40234375,1.7216796875
0.239,-4.6845703125,2.0419921875,2.2421875
0.2395,-4.7646484375,1.12109375,3.0830078125
0.24,-4.32421875,0.2802734375,3.5234375
0.2405,-3.763671875,-0.80078125,3.8837890625
0.241,-3.2431640625,-1.6416015625,4.244140625
0.2415,-2.3623046875,-2.72265625,4.404296875
0.242,-1.9619140625,-3.203125,4.484375
0.2425,-1.0009765625,-4.1240234375,4.404296875
0.243,0.0,-4.3642578125,3.6435546875
0.2435,0.6806640625,-4.8046875,3.4833984375
0.244,1.9619140625,-5.044921875,2.40234375
0.2445,2.6826171875,-5.1650390625,1.841796875
0.245,3.443359375,-5.0048828125,1.0009765625
0.2455,4.00390625,-4.8447265625,0.240234375
0.246,4.1240234375,-4.0439453125,-0.640625
0.2465,4.484375,-3.84375,-1.28125
0.247,4.6044921875,-2.6826171875,-2.5224609375
0.2475,4.564453125,-2.2421875,-2.8828125
0.248,4.484375,-1.2412109375,-3.8037109375
0.2485,3.84375,-0.2001953125,-4.1640625
0.249,3.203125,0.80078125,-4.484375
0.2495,2.5224609375,1.8017578125,-4.8046875
0.25,1.5615234375,2.9228515625,-4.884765625
0.2505,1.0009765625,3.36328125,-4.6845703125
0.251,0.0,4.2041015625,-4.5244140625
0.2515,-1.0810546875,4.32421875,-3.6435546875
0.252,-1.8017578125,4.724609375,-3.283203125
0.2525,-3.203125,4.9248046875,-2.08203125
0.253,-3.84375,4.884765625,-1.44140625
0.2535,-4.484375,4.5244140625,-0.5205078125
0.254,-5.0048828125,4.2041015625,0.3203125
0.2545,-5.0048828125,3.3232421875,1.2412109375
0.255,-5.28515625,2.9228515625,1.8818359375
0.2555,-5.365234375,1.76171875,3.123046875
0.256,-5.0849609375,1.201171875,3.4033203125
0.2565,-4.884765625,0.1201171875,4.2041015625
0.257,-4.083984375,-1.041015625,4.484375
0.2575,-3.5234375,-1.9619140625,4.7646484375
0.258,-2.642578125,-3.0029296875,4.96484375
0.2585,-1.76171875,-4.00390625,5.0849609375
0.259,-0.9609375,-4.3642578125,4.564453125
0.2595,0.080078125,-5.1650390625,4.3642578125
0.26,1.0810546875,-5.205078125,3.443359375
0.2605,1.841796875,-5.60546875,3.04296875
0.261,3.283203125,-5.7255859375,1.76171875
0.2615,3.8837890625,-5.60546875,1.12109375
0.262,4.404296875,-5.125,0.080078125
0.2625,4.884765625,-4.7646484375,-0.7607421875
0.263,4.8447265625,-3.84375,-1.6015625
0.2635,5.0849609375,-3.283203125,-2.3623046875
0.264,5.205078125,-2.162109375,-3.603515625
0.2645,4.7646484375,-1.44140625,-3.8837890625
0.265,4.484375,-0.3203125,-4.6845703125
0.2655,3.5234375,0.880859375,-4.884765625
0.266,2.8828125,1.841796875,-5.0849609375
0.2665,1.921875,2.962890625,-5.2451171875
0.267,1.0810546875,3.923828125,-5.3251953125
0.2675,0.0400390625,4.2041015625,-4.6044921875
0.268,-0.9208984375,4.96484375,-4.404296875
0.2685,-1.9619140625,4.9248046875,-3.36328125
0.269,-2.72265625,5.2451171875,-2.8828125
0.2695,-4.2041015625,5.365234375,-1.5615234375
0.27,-4.7646484375,5.044921875,-0.720703125
0.2705,-5.1650390625,4.4443359375,0.3203125
0.271,-5.5654296875,4.00390625,1.12109375
0.2715,-5.4453125,3.04296875,1.921875
0.272,-5.5654296875,2.322265625,2.72265625
0.2725,-5.7255859375,1.2412109375,3.8837890625
0.273,-5.0048828125,0.3203125,4.083984375
0.2735,-4.6845703125,-0.7607421875,4.8046875
0.274,-3.7236328125,-1.841796875,4.9248046875
0.2745,-3.1630859375,-2.6025390625,5.0849609375
0.275,-2.08203125,-3.8037109375,5.1650390625
0.2755,-1.2412109375,-4.6044921875,5.125
0.276,-0.1201171875,-4.884765625,4.2841796875
0.2765,0.6806640625,-5.525390625,4.1240234375
0.277,1.76171875,-5.4853515625,3.04296875
0.2775,2.5224609375,-5.7255859375,2.5224609375
0.278,3.8837890625,-5.845703125,1.3212890625
0.2785,4.2841796875,-5.4052734375,0.48046875
0.279,4.7646484375,-4.8447265625,-0.5205078125
0.2795,5.044921875,-4.3642578125,-1.28125
0.28,5.0048828125,-3.5234375,-2.08203125
0.2805,5.044921875,-2.72265625,-2.8828125
0.281,5.2451171875,-1.841796875,-4.00390625
0.2815,4.3642578125,-0.80078125,-4.2041015625
0.282,4.1240234375,0.2802734375,-4.884765625
0.2825,3.04296875,1.44140625,-4.8447265625
0.283,2.5625,2.2021484375,-5.125
0.2835,1.521484375,3.36328125,-5.205078125
0.284,0.640625,4.083984375,-5.044921875
0.2845,-0.5205078125,4.3642578125,-4.2041015625
0.285,-1.2412109375,4.9248046875,-4.00390625
0.2855,-2.322265625,4.9248046875,-2.9228515625
0.286,-3.0830078125,5.0849609375,-2.40234375
0.2865,-4.4443359375,5.2451171875,-1.2412109375
0.287,-4.6845703125,4.6044921875,-0.3603515625
0.2875,-5.1650390625,4.1640625,0.6005859375
0.288,-5.28515625,3.5234375,1.3212890625
0.2885,-5.3251953125,2.72265625,2.08203125
0.289,-5.365234375,1.8818359375,3.0029296875
0.2895,-5.4453125,1.0009765625,3.84375
0.29,-4.5244140625,-0.16015625,4.083984375
0.2905,-4.3642578125,-1.0009765625,4.7646484375
0.291,-3.203125,-2.08203125,4.64453125
0.2915,-2.802734375,-2.802734375,4.96484375
0.292,-1.7216796875,-3.8837890625,4.96484375
0.2925,-0.8408203125,-4.4443359375,4.6044921875
0.293,0.16015625,-4.8046875,3.923828125
0.2935,0.9208984375,-5.205078125,3.603515625
0.294,1.9619140625,-5.2451171875,2.6025390625
0.2945,2.6826171875,-5.4052734375,2.08203125
0.295,3.8037109375,-5.4853515625,1.0810546875
0.2955,3.9638671875,-4.7646484375,0.16015625
0.296,4.484375,-4.564453125,-0.5205078125
0.2965,4.484375,-3.8037109375,-1.361328125
0.297,4.64453125,-3.2431640625,-2.0419921875
0.2975,4.6845703125,-2.322265625,-2.8828125
0.298,4.64453125,-1.6015625,-3.603515625
0.2985,3.763671875,-0.3603515625,-3.8837890625
0.299,3.6435546875,0.400390625,-4.484375
0.2995,2.5224609375,1.521484375,-4.4443359375
0.3,2.2421875,2.08203125,-4.7646484375
0.3005,1.28125,3.1630859375,-4.8447265625
0.301,0.3603515625,3.5234375,-4.2841796875
0.3015,-0.48046875,4.0439453125,-3.923828125
0.302,-1.28125,4.32421875,-3.36328125
0.3025,-2.2421875,4.484375,-2.6025390625
0.303,-3.0029296875,4.6044921875,-2.001953125
0.3035,-3.923828125,4.64453125,-1.1611328125
0.304,-4.1240234375,3.84375,-0.2001953125
0.3045,-4.64453125,3.8037109375,0.3203125
0.305,-4.64453125,2.8427734375,1.2412109375
0.3055,-4.8447265625,2.5224609375,1.841796875
0.306,-4.884765625,1.6416015625,2.7626953125
0.3065,-4.6845703125,0.9609375,3.2431640625
0.307,-4.00390625,-0.240234375,3.68359375
0.3075,-3.8037109375,-0.9208984375,4.1240234375
0.308,-2.8828125,-1.9619140625,4.1640625
0.3085,-2.5625,-2.5625,4.4443359375
0.309,-1.6015625,-3.5234375,4.4443359375
0.3095,-0.720703125,-3.8037109375,3.84375
0.31,-0.080078125,-4.32421875,3.68359375
0.3105,0.9208984375,-4.5244140625,2.9228515625
0.311,1.6416015625,-4.7646484375,2.482421875
0.3115,2.482421875,-4.8447265625,1.76171875
0.312,3.123046875,-4.8046875,1.0810546875
0.3125,3.3232421875,-4.1640625,0.240234375
0.313,3.763671875,-4.1640625,-0.2802734375
0.3135,3.84375,-3.203125,-1.1611328125
0.314,4.083984375,-2.962890625,-1.6416015625
0.3145,4.1240234375,-2.162109375,-2.5625
0.315,3.763671875,-1.4013671875,-2.8828125
0.3155,3.4033203125,-0.4404296875,-3.4833984375
0.316,2.8828125,0.3603515625,-3.7236328125
0.3165,2.40234375,1.201171875,-4.00390625
0.317,1.9619140625,1.841796875,-4.2041015625
0.3175,1.28125,2.5625,-4.2041015625
0.318,0.3603515625,2.8828125,-3.603515625
0.3185,-0.2001953125,3.4833984375,-3.68359375
0.319,-1.2412109375,3.6435546875,-2.7626953125
0.3195,-1.8017578125,4.00390625,-2.6025390625
0.32,-2.6826171875,4.0439453125,-1.76171875
0.3205,-3.0830078125,3.84375,-1.2412109375
0.321,-3.5234375,3.443359375,-0.400390625
0.3215,-3.84375,3.283203125,0.1201171875
0.322,-4.0439453125,2.6025390625,0.9609375
0.3225,-4.244140625,2.3623046875,1.44140625
0.323,-4.4443359375,1.6416015625,2.2822265625
0.3235,-3.8837890625,0.80078125,2.6025390625
0.324,-3.84375,0.0,3.283203125
0.3245,-3.1630859375,-0.9208984375,3.443359375
0.325,-2.9228515625,-1.6015625,3.8837890625
0.3255,-2.2822265625,-2.322265625,3.923828125
0.326,-1.6416015625,-2.8828125,3.8837890625
0.3265,-0.80078125,-3.283203125,3.4033203125
0.327,-0.240234375,-3.84375,3.4033203125
0.3275,0.80078125,-4.0439453125,2.5625
0.328,1.361328125,-4.4443359375,2.40234375
0.3285,2.2021484375,-4.5244140625,1.6015625
0.329,2.5224609375,-4.2041015625,1.041015625
0.3295,3.04296875,-4.00390625,0.3603515625
0.33,3.203125,-3.5634765625,-0.2802734375
0.3305,3.5634765625,-3.203125,-0.9609375
0.331,3.68359375,-2.6826171875,-1.6015625
0.3315,3.8037109375,-2.08203125,-2.2822265625
0.332,3.1630859375,-1.0810546875,-2.6025390625
0.3325,3.1630859375,-0.48046875,-3.2431640625
0.333,2.4423828125,0.5205078125,-3.36328125
0.3335,2.40234375,1.0810546875,-3.8837890625
0.334,1.6015625,1.841796875,-3.8837890625
0.3345,1.0009765625,2.2822265625,-3.7236328125
0.335,0.2802734375,2.72265625,-3.4033203125
0.3355,-0.400390625,3.1630859375,-3.1630859375
0.336,-1.3212890625,3.4833984375,-2.5224609375
0.3365,-1.921875,3.68359375,-2.2421875
0.337,-2.6025390625,3.763671875,-1.6015625
0.3375,-2.8828125,3.3232421875,-0.880859375
0.338,-3.4033203125,3.3232421875,-0.400390625
0.3385,-3.5634765625,2.72265625,0.400390625
0.339,-4.00390625,2.5625,0.9609375
0.3395,-4.00390625,1.921875,1.6015625
0.34,-4.00390625,1.4013671875,2.162109375
0.3405,-3.5234375,0.3603515625,2.6025390625
0.341,-3.4833984375,-0.240234375,3.1630859375
0.3415,-2.7626953125,-1.201171875,3.36328125
0.342,-2.72265625,-1.681640625,3.8037109375
0.3425,-1.921875,-2.482421875,3.7236328125
0.343,-1.28125,-2.8828125,3.4833984375
0.3435,-0.640625,-3.4033203125,3.36328125
0.344,0.2802734375,-3.763671875,2.8427734375
0.3445,1.041015625,-4.1640625,2.4423828125
0.345,1.681640625,-4.2841796875,1.921875
0.3455,2.2822265625,-4.2841796875,1.4013671875
0.346,2.6025390625,-3.84375,0.640625
0.3465,3.0830078125,-3.84375,0.2001953125
0.347,3.2431640625,-3.1630859375,-0.720703125
0.3475,3.6435546875,-3.0029296875,-1.201171875
0.348,3.6435546875,-2.2421875,-1.9619140625
0.3485,3.443359375,-1.521484375,-2.4423828125
0.349,3.0029296875,-0.6005859375,-2.9228515625
0.3495,2.7626953125,0.16015625,-3.36328125
0.35,2.2021484375,1.041015625,-3.68359375
0.3505,1.921875,1.5615234375,-3.8837890625
0.351,1.1611328125,2.2421875,-3.84375
0.3515,0.3603515625,2.6025390625,-3.36328125
0.352,-0.240234375,3.1630859375,-3.283203125
0.3525,-1.28125,3.36328125,-2.5625
0.353,-1.9619140625,3.7236328125,-2.2822265625
0.3535,-2.5625,3.68359375,-1.521484375
0.354,-3.0830078125,3.603515625,-1.0009765625
0.3545,-3.3232421875,3.123046875,-0.2802734375
0.355,-3.7236328125,3.0029296875,0.2802734375
0.3555,-3.923828125,2.2822265625,1.1611328125
0.356,-4.1240234375,2.001953125,1.6015625
0.3565,-4.1240234375,1.2412109375,2.3623046875
0.357,-3.6435546875,0.400390625,2.72265625
0.3575,-3.4033203125,-0.400390625,3.2431640625
0.358,-2.8828125,-1.2412109375,3.5234375
0.3585,-2.482421875,-2.0419921875,3.84375
0.359,-1.8818359375,-2.5625,3.8037109375
0.3595,-1.1611328125,-3.203125,3.763671875
0.36,-0.5205078125,-3.5634765625,3.3232421875
0.3605,0.2802734375,-4.1240234375,3.0830078125
0.361,1.44140625,-4.3642578125,2.2021484375
0.3615,2.001953125,-4.5244140625,1.921875
0.362,2.642578125,-4.3642578125,1.12109375
0.3625,3.0830078125,-4.1640625,0.48046875
0.363,3.3232421875,-3.763671875,-0.240234375
0.3635,3.68359375,-3.36328125,-0.9208984375
0.364,3.9638671875,-2.72265625,-1.8017578125
0.3645,3.84375,-2.162109375,-2.2822265625
0.365,3.84375,-1.3212890625,-3.04296875
0.3655,3.123046875,-0.2802734375,-3.3232421875
0.366,2.8828125,0.48046875,-3.8037109375
0.3665,2.0419921875,1.5615234375,-4.00390625
0.367,1.7216796875,2.2421875,-4.32421875
0.3675,0.880859375,2.72265625,-3.9638671875
0.368,0.1201171875,3.4033203125,-3.7236328125
0.3685,-0.720703125,3.4833984375,-3.203125
0.369,-1.5615234375,3.9638671875,-2.8828125
0.3695,-2.72265625,4.2041015625,-1.8818359375
0.37,-3.203125,4.1240234375,-1.3212890625
0.3705,-3.8037109375,3.84375,-0.5205078125
0.371,-4.0439453125,3.443359375,0.240234375
0.3715,-4.244140625,2.962890625,0.8408203125
0.372,-4.4443359375,2.2822265625,1.6416015625
0.3725,-4.6845703125,1.681640625,2.5224609375
0.373,-4.2841796875,0.9208984375,2.8427734375
0.3735,-4.1640625,0.080078125,3.5634765625
0.374,-3.36328125,-1.0009765625,3.7236328125
0.3745,-3.0830078125,-1.6015625,4.083984375
0.375,-2.1220703125,-2.7626953125,4.2041015625
0.3755,-1.681640625,-3.283203125,4.32421875
0.376,-0.640625,-3.7236328125,3.84375
0.3765,0.0,-4.3642578125,3.6435546875
0.377,0.8408203125,-4.5244140625,2.9228515625
0.3775,1.7216796875,-4.8447265625,2.482421875
0.378,2.8828125,-5.0849609375,1.5615234375
0.3785,3.203125,-4.7646484375,0.9208984375
0.379,3.84375,-4.5244140625,0.1201171875
0.3795,4.00390625,-3.9638671875,-0.640625
0.38,4.244140625,-3.5634765625,-1.3212890625
0.3805,4.404296875,-2.642578125,-2.2822265625
0.381,4.6044921875,-2.001953125,-3.0830078125
0.3815,3.9638671875,-1.0009765625,-3.4833984375
0.382,3.84375,-0.16015625,-4.1640625
0.3825,2.8427734375,0.9609375,-4.2041015625
0.383,2.5224609375,1.681640625,-4.6044921875
0.3835,1.4814453125,2.9228515625,-4.8046875
0.384,0.880859375,3.5234375,-4.64453125
0.3845,-0.2802734375,3.8837890625,-4.0439453125
0.385,-0.9609375,4.404296875,-3.84375
0.3855,-2.001953125,4.484375,-2.8828125
0.386,-2.9228515625,4.7646484375,-2.2421875
0.3865,-4.1640625,4.9248046875,-1.1611328125
0.387,-4.404296875,4.244140625,-0.3203125
0.3875,-4.96484375,4.0439453125,0.48046875
0.388,-5.0048828125,3.203125,1.28125
0.3885,-5.125,2.642578125,1.9619140625
0.389,-5.1650390625,1.6416015625,3.04296875
0.3895,-5.205078125,0.880859375,3.8037109375
0.39,-4.32421875,-0.3203125,4.00390625
0.3905,-4.1640625,-1.0810546875,4.64453125
0.391,-2.962890625,-2.2021484375,4.5244140625
0.3915,-2.5625,-2.8828125,4.8046875
0.392,-1.44140625,-4.1240234375,4.8447265625
0.3925,-0.6005859375,-4.564453125,4.404296875
0.393,0.48046875,-5.0048828125,3.763671875
0.3935,1.1611328125,-5.28515625,3.4033203125
0.394,2.2421875,-5.365234375,2.482421875
0.3945,3.04296875,-5.4853515625,1.8017578125
0.395,4.1240234375,-5.6455078125,0.80078125
0.3955,4.32421875,-4.724609375,-0.16015625
0.396,4.8046875,-4.64453125,-0.80078125
0.3965,4.8046875,-3.603515625,-1.8017578125
0.397,4.96484375,-3.04296875,-2.4423828125
0.3975,5.0048828125,-2.08203125,-3.4833984375
0.398,4.8447265625,-1.1611328125,-4.2041015625
0.3985,3.923828125,0.1201171875,-4.5244140625
0.399,3.68359375,0.9609375,-5.044921875
0.3995,2.40234375,2.2021484375,-5.0048828125
0.4,2.001953125,2.802734375,-5.205078125
0.4005,0.880859375,4.0439453125,-5.28515625
0.401,-0.3203125,4.2841796875,-4.564453125
0.4015,-1.12109375,4.8046875,-4.083984375
0.402,-2.2021484375,5.125,-3.283203125
0.4025,-3.283203125,5.205078125,-2.2822265625
0.403,-4.0439453125,5.1650390625,-1.5615234375
0.4035,-5.0849609375,5.1650390625,-0.5205078125
0.404,-5.125,4.1640625,0.560546875
0.4045,-5.60546875,3.9638671875,1.201171875
0.405,-5.60546875,2.72265625,2.40234375
0.4055,-5.5654296875,2.08203125,2.962890625
0.406,-5.4853515625,1.0810546875,3.923828125
0.4065,-5.1650390625,0.1201171875,4.5244140625
0.407,-4.1640625,-1.1611328125,4.724609375
0.4075,-3.84375,-1.9619140625,5.125
0.408,-2.482421875,-3.36328125,5.0849609375
0.4085,-2.0419921875,-3.84375,5.0849609375
0.409,-0.9208984375,-5.0048828125,4.9248046875
0.4095,0.240234375,-5.125,4.1240234375
0.41,1.0009765625,-5.4853515625,3.8037109375
0.4105,2.2421875,-5.765625,2.8427734375
0.411,3.1630859375,-5.765625,1.921875
0.4115,3.84375,-5.6455078125,1.1611328125
0.412,4.64453125,-5.4853515625,0.240234375
0.4125,4.724609375,-4.5244140625,-0.80078125
0.413,5.0849609375,-4.3642578125,-1.361328125
0.4135,5.0849609375,-3.04296875,-2.642578125
0.414,5.0849609375,-2.5625,-3.0830078125
0.4145,4.96484375,-1.44140625,-4.0439453125
0.415,4.484375,-0.4404296875,-4.5244140625
0.4155,3.603515625,0.7607421875,-4.8046875
0.416,3.0830078125,1.5615234375,-5.1650390625
0.4165,1.921875,2.8828125,-5.2451171875
0.417,1.44140625,3.3232421875,-5.1650390625
0.4175,0.3203125,4.404296875,-5.0048828125
0.418,-0.8408203125,4.6044921875,-4.083984375
0.4185,-1.5615234375,5.0048828125,-3.8037109375
0.419,-2.9228515625,5.205078125,-2.642578125
0.4195,-3.7236328125,5.2451171875,-1.8818359375
0.42,-4.3642578125,4.96484375,-1.0009765625
0.4205,-5.0849609375,4.7646484375,-0.080078125
0.421,-5.125,3.763671875,0.9609375
0.4215,-5.4853515625,3.5234375,1.521484375
0.422,-5.4853515625,2.2021484375,2.8427734375
0.4225,-5.4052734375,1.76171875,3.1630859375
0.423,-5.2451171875,0.640625,4.083984375
0.4235,-4.564453125,-0.4404296875,4.4443359375
0.424,-3.8837890625,-1.5615234375,4.724609375
0.4245,-3.203125,-2.4423828125,4.9248046875
0.425,-2.162109375,-3.603515625,5.044921875
0.4255,-1.6015625,-3.9638671875,4.8046875
0.426,-0.5205078125,-4.8447265625,4.6044921875
0.4265,0.6005859375,-5.0048828125,3.7236328125
0.427,1.2412109375,-5.4052734375,3.4833984375
0.4275,2.6025390625,-5.525390625,2.2421875
0.428,3.203125,-5.5654296875,1.7216796875
0.4285,3.84375,-5.28515625,0.7607421875
0.429,4.404296875,-4.96484375,0.0
0.4295,4.484375,-4.1240234375,-1.0009765625
0.43,4.7646484375,-3.8037109375,-1.6015625
0.4305,4.8447265625,-2.6025390625,-2.7626953125
0.431,4.724609375,-2.162109375,-3.0830078125
0.4315,4.5244140625,-1.12109375,-3.9638671875
0.432,3.763671875,0.0,-4.244140625
0.4325,3.2431640625,0.9208984375,-4.64453125
0.433,2.40234375,1.921875,-4.8046875
0.4335,1.7216796875,2.8427734375,-4.9248046875
0.434,0.9609375,3.2431640625,-4.6044921875
0.4345,0.0400390625,4.083984375,-4.404296875
0.435,-1.0009765625,4.2041015625,-3.5634765625
0.4355,-1.6416015625,4.6044921875,-3.3232421875
0.436,-3.04296875,4.724609375,-2.08203125
0.4365,-3.4833984375,4.7646484375,-1.7216796875
0.437,-4.1640625,4.4443359375,-0.6806640625
0.4375,-4.5244140625,4.00390625,0.080078125
0.438,-4.6845703125,3.36328125,0.880859375
0.4385,-4.884765625,2.8427734375,1.5615234375
0.439,-5.044921875,2.001953125,2.5625
0.4395,-4.8046875,1.4013671875,2.8427734375
0.44,-4.6845703125,0.4404296875,3.68359375
0.4405,-3.84375,-0.640625,3.84375
0.441,-3.5634765625,-1.44140625,4.32421875
0.4415,-2.6025390625,-2.482421875,4.4443359375
0.442,-2.2021484375,-3.0830078125,4.6044921875
0.4425,-1.28125,-3.603515625,4.1640625
0.443,-0.48046875,-4.244140625,4.00390625
0.4435,0.48046875,-4.4443359375,3.2431640625
0.444,1.201171875,-4.8447265625,3.0029296875
0.4445,2.40234375,-5.0048828125,1.9619140625
0.445,2.72265625,-4.96484375,1.5615234375
0.4455,3.443359375,-4.724609375,0.6806640625
0.446,3.68359375,-4.2041015625,0.0
0.4465,4.00390625,-3.84375,-0.720703125
0.447,4.1240234375,-3.1630859375,-1.521484375
0.4475,4.3642578125,-2.6025390625,-2.2822265625
0.448,4.0439453125,-1.921875,-2.72265625
0.4485,3.9638671875,-1.0810546875,-3.4833984375
0.449,3.0830078125,0.0400390625,-3.68359375
0.4495,2.9228515625,0.7607421875,-4.1640625
0.45,1.9619140625,1.841796875,-4.2041015625
0.4505,1.76171875,2.2822265625,-4.4443359375
0.451,0.7607421875,2.8828125,-4.00390625
0.4515,0.0,3.4033203125,-3.8037109375
0.452,-0.80078125,3.68359375,-3.203125
0.4525,-1.6015625,3.9638671875,-2.7626953125
0.453,-2.6025390625,4.2041015625,-2.001953125
0.4535,-2.9228515625,4.00390625,-1.521484375
0.454,-3.5634765625,3.923828125,-0.80078125
0.4545,-3.763671875,3.3232421875,0.0
0.455,-4.1640625,3.1630859375,0.560546875
0.4555,-4.244140625,2.3623046875,1.44140625
0.456,-4.5244140625,2.0419921875,1.921875
0.4565,-4.1640625,1.12109375,2.4423828125
0.457,-4.083984375,0.48046875,3.0029296875
0.4575,-3.36328125,-0.6005859375,3.3232421875
0.458,-3.2431640625,-1.1611328125,3.8037109375
0.4585,-2.4423828125,-2.162109375,3.9638671875
0.459,-2.1220703125,-2.5224609375,4.00390625
0.4595,-1.28125,-3.203125,3.8037109375
0.46,-0.5205078125,-3.5634765625,3.443359375
0.4605,0.240234375,-4.00390625,3.123046875
0.461,1.12109375,-4.2841796875,2.5224609375
0.4615,1.8818359375,-4.6044921875,2.08203125
0.462,2.2421875,-4.32421875,1.44140625
0.4625,2.8427734375,-4.3642578125,0.880859375
0.463,3.0830078125,-3.763671875,0.080078125
0.4635,3.5234375,-3.68359375,-0.48046875
0.464,3.68359375,-2.962890625,-1.4013671875
0.4645,3.8837890625,-2.6826171875,-1.841796875
0.465,3.6435546875,-1.76171875,-2.5224609375
0.4655,3.36328125,-0.9609375,-2.962890625
0.466,2.8427734375,0.0400390625,-3.36328125
0.4665,2.5625,0.7607421875,-3.763671875
0.467,2.0419921875,1.6015625,-4.083984375
0.4675,1.521484375,1.9619140625,-3.84375
0.468,0.7607421875,2.6826171875,-3.84375
0.4685,-0.080078125,3.0029296875,-3.2431640625
0.469,-0.7607421875,3.4833984375,-3.0830078125
0.4695,-1.76171875,3.68359375,-2.322265625
0.47,-2.322265625,3.8837890625,-2.001953125
0.4705,-2.7626953125,3.5634765625,-1.201171875
0.471,-3.2431640625,3.5234375,-0.720703125
0.4715,-3.4833984375,2.962890625,0.080078125
0.472,-3.8037109375,2.72265625,0.6005859375
0.4725,-4.083984375,2.1220703125,1.4013671875
0.473,-4.00390625,1.7216796875,1.76171875
0.4735,-3.8837890625,0.9208984375,2.482421875
0.474,-3.4833984375,0.1201171875,2.8427734375
0.4745,-3.203125,-0.640625,3.3232421875
0.475,-2.72265625,-1.44140625,3.5234375
0.4755,-2.40234375,-2.08203125,3.84375
0.476,-1.681640625,-2.5224609375,3.5234375
0.4765,-1.12109375,-3.1630859375,3.5634765625
0.477,-0.2802734375,-3.4033203125,3.0029296875
0.4775,0.400390625,-3.923828125,2.8427734375
0.478,1.4013671875,-4.1640625,2.162109375
0.4785,1.8017578125,-4.244140625,1.841796875
0.479,2.3623046875,-4.083984375,1.12109375
0.4795,2.72265625,-3.923828125,0.6005859375
0.48,3.123046875,-3.603515625,-0.16015625
0.4805,3.3232421875,-3.2431640625,-0.80078125
0.481,3.763671875,-2.8427734375,-1.5615234375
0.4815,3.4833984375,-2.1220703125,-1.9619140625
0.482,3.5234375,-1.3212890625,-2.6826171875
0.4825,2.8427734375,-0.3603515625,-3.0029296875
0.483,2.7626953125,0.3203125,-3.5234375
0.4835,2.1220703125,1.2412109375,-3.8037109375
0.484,1.841796875,1.76171875,-4.00390625
0.4845,0.9609375,2.2421875,-3.603515625
0.485,0.3603515625,2.8427734375,-3.603515625
0.4855,-0.5205078125,3.123046875,-3.0029296875
0.486,-1.28125,3.5634765625,-2.6826171875
0.4865,-2.2822265625,3.84375,-1.9619140625
0.487,-2.6025390625,3.6435546875,-1.44140625
0.4875,-3.203125,3.5234375,-0.80078125
0.488,-3.36328125,3.04296875,-0.16015625
0.4885,-3.8037109375,2.802734375,0.48046875
0.489,-3.923828125,2.2021484375,1.201171875
0.4895,-4.2041015625,1.8818359375,1.8818359375
0.49,-3.8037109375,0.9609375,2.2822265625
0.4905,-3.8037109375,0.3203125,2.9228515625
0.491,-3.0830078125,-0.640625,3.1630859375
0.4915,-2.9228515625,-1.28125,3.5634765625
0.492,-2.2822265625,-2.2421875,3.84375
0.4925,-1.8017578125,-2.6025390625,3.763671875
0.493,-1.0009765625,-3.1630859375,3.5234375
0.4935,-0.3203125,-3.5634765625,3.2431640625
0.494,0.48046875,-3.8837890625,2.7626953125
0.4945,1.28125,-4.244140625,2.2822265625
0.495,2.2021484375,-4.5244140625,1.7216796875
0.4955,2.482421875,-4.083984375,1.0009765625
0.496,3.0830078125,-4.1640625,0.48046875
0.4965,3.203125,-3.5634765625,-0.3203125
0.497,3.603515625,-3.36328125,-0.9208984375
0.4975,3.84375,-2.6025390625,-1.8017578125
0.498,3.8837890625,-2.1220703125,-2.322265625
0.4985,3.4033203125,-1.0810546875,-2.8828125
0.499,3.2431640625,-0.3603515625,-3.4033203125
0.4995,2.5625,0.6005859375,-3.603515625
0.5,2.2822265625,1.3212890625,-4.0439453125
0.5005,1.5615234375,2.2822265625,-4.2841796875
0.501,0.80078125,2.6826171875,-3.8837890625
0.5015,0.1201171875,3.283203125,-3.763671875
0.502,-0.80078125,3.5634765625,-3.203125
0.5025,-1.6416015625,3.8837890625,-2.642578125
0.503,-2.5625,4.1240234375,-1.9619140625
0.5035,-3.36328125,4.244140625,-1.28125
0.504,-3.603515625,3.5234375,-0.400390625
0.5045,-4.1640625,3.5234375,0.1201171875
0.505,-4.1640625,2.6826171875,1.0009765625
0.5055,-4.4443359375,2.3623046875,1.6015625
0.506,-4.6044921875,1.5615234375,2.5625
0.5065,-4.3642578125,0.80078125,3.04296875
0.507,-3.84375,-0.240234375,3.4833984375
0.5075,-3.4833984375,-1.0009765625,3.84375
0.508,-2.72265625,-1.921875,3.9638671875
0.5085,-2.2822265625,-2.6025390625,4.2041015625
0.509,-1.44140625,-3.5234375,4.2841796875
0.5095,-0.560546875,-3.763671875,3.6435546875
0.51,0.0400390625,-4.32421875,3.5634765625
0.5105,1.12109375,-4.484375,2.6826171875
0.511,1.841796875,-4.724609375,2.2421875
0.5115,2.7626953125,-4.8447265625,1.4814453125
0.512,3.36328125,-4.8046875,0.7607421875
0.5125,3.5634765625,-4.1240234375,-0.1201171875
0.513,4.00390625,-4.0439453125,-0.640625
0.5135,4.083984375,-3.0830078125,-1.6015625
0.514,4.2041015625,-2.6826171875,-2.1220703125
0.5145,4.404296875,-1.841796875,-3.0830078125
0.515,3.84375,-0.9208984375,-3.4833984375
0.5155,3.4833984375,0.080078125,-4.00390625
0.516,2.8427734375,1.0009765625,-4.244140625
0.5165,2.1220703125,1.9619140625,-4.484375
0.517,1.5615234375,2.642578125,-4.6044921875
0.5175,0.6806640625,3.5634765625,-4.564453125
0.518,-0.3603515625,3.8037109375,-3.8037109375
0.5185,-1.0009765625,4.32421875,-3.7236328125
0.519,-2.322265625,4.5244140625,-2.5625
0.5195,-3.04296875,4.64453125,-2.001953125
0.52,-3.923828125,4.564453125,-1.1611328125
0.5205,-4.484375,4.32421875,-0.3203125
0.521,-4.64453125,3.5634765625,0.560546875
0.5215,-5.0048828125,3.283203125,1.28125
0.522,-5.0849609375,2.162109375,2.40234375
0.5225,-5.0048828125,1.7216796875,2.8427734375
0.523,-5.0849609375,0.720703125,3.84375
0.5235,-4.244140625,-0.400390625,4.0439453125
0.524,-3.84375,-1.28125,4.484375
0.5245,-2.9228515625,-2.40234375,4.6845703125
0.525,-2.1220703125,-3.36328125,4.8046875
0.5255,-1.4013671875,-3.8837890625,4.6044921875
0.526,-0.4404296875,-4.724609375,4.484375
0.5265,0.6005859375,-4.8447265625,3.5634765625
0.527,1.28125,-5.28515625,3.3232421875
0.5275,2.72265625,-5.4052734375,2.0419921875
0.528,3.2431640625,-5.4453125,1.44140625
0.5285,4.00390625,-5.205078125,0.5205078125
0.529,4.4443359375,-4.8046875,-0.3203125
0.5295,4.5244140625,-4.00390625,-1.12109375
0.53,4.8046875,-3.5634765625,-1.841796875
0.5305,4.884765625,-2.4423828125,-2.962890625
0.531,4.64453125,-1.8818359375,-3.3232421875
0.5315,4.6044921875,-0.8408203125,-4.244140625
0.532,3.6435546875,0.3603515625,-4.484375
0.5325,3.203125,1.201171875,-4.8447265625
0.533,2.2021484375,2.40234375,-5.0048828125
0.5335,1.521484375,3.283203125,-5.125
0.534,0.640625,3.84375,-4.8046875
0.5345,-0.3603515625,4.6044921875,-4.5244140625
0.535,-1.44140625,4.6845703125,-3.603515625
0.5355,-2.2021484375,5.0849609375,-3.2431640625
0.536,-3.7236328125,5.205078125,-1.921875
0.5365,-4.2041015625,5.044921875,-1.3212890625
0.537,-4.96484375,4.6845703125,-0.2802734375
0.5375,-5.3251953125,4.2041015625,0.6806640625
0.538,-5.4052734375,3.36328125,1.5615234375
0.5385,-5.5654296875,2.6826171875,2.40234375
0.539,-5.6455078125,1.6015625,3.5234375
0.5395,-5.205078125,0.880859375,3.84375
0.54,-5.044921875,-0.240234375,4.6845703125
0.5405,-3.9638671875,-1.4814453125,4.8046875
0.541,-3.4833984375,-2.2822265625,5.0849609375
0.5415,-2.2822265625,-3.5634765625,5.1650390625
0.542,-1.5615234375,-4.32421875,5.1650390625
0.5425,-0.5205078125,-4.7646484375,4.5244140625
0.543,0.48046875,-5.4453125,4.2841796875
0.5435,1.44140625,-5.4453125,3.2431640625
0.544,2.2822265625,-5.765625,2.802734375
0.5445,3.7236328125,-5.92578125,1.44140625
0.545,4.083984375,-5.5654296875,0.7607421875
0.5455,4.724609375,-5.0849609375,-0.2001953125
0.546,4.96484375,-4.484375,-1.041015625
0.5465,4.96484375,-3.763671875,-1.8017578125
0.547,5.0849609375,-2.8828125,-2.72265625
0.5475,5.2451171875,-2.001953125,-3.763671875
0.548,4.6044921875,-1.0810546875,-4.00390625
0.5485,4.4443359375,0.0,-4.8447265625
0.549,3.2431640625,1.201171875,-4.884765625
0.5495,2.8427734375,1.921875,-5.1650390625
0.55,1.6416015625,3.2431640625,-5.205078125
0.5505,1.0009765625,3.8837890625,-5.205078125
0.551,-0.16015625,4.32421875,-4.484375
0.5515,-1.041015625,4.96484375,-4.2041015625
0.552,-2.08203125,4.9248046875,-3.2431640625
0.5525,-2.9228515625,5.205078125,-2.72265625
0.553,-4.3642578125,5.3251953125,-1.4814453125
0.5535,-4.64453125,4.8447265625,-0.640625
0.554,-5.28515625,4.484375,0.3603515625
0.5545,-5.4453125,3.763671875,1.28125
0.555,-5.4853515625,3.04296875,1.9619140625
0.5555,-5.525390625,2.08203125,2.9228515625
0.556,-5.6455078125,1.28125,3.84375
0.5565,-4.8447265625,0.2001953125,4.083984375
0.557,-4.64453125,-0.80078125,4.8447265625
0.5575,-3.4833984375,-1.9619140625,4.8046875
0.558,-3.0830078125,-2.642578125,5.0849609375
0.5585,-1.921875,-3.923828125,5.125
0.559,-1.1611328125,-4.4443359375,4.8447265625
0.5595,0.0,-4.884765625,4.1640625
0.56,0.80078125,-5.4453125,3.84375
0.5605,1.76171875,-5.4453125,2.8828125
0.561,2.6025390625,-5.6455078125,2.2822265625
0.5615,3.8837890625,-5.765625,1.2412109375
0.562,4.083984375,-5.0849609375,0.400390625
0.5625,4.724609375,-4.8447265625,-0.48046875
0.563,4.7646484375,-4.00390625,-1.3212890625
0.5635,4.884765625,-3.4833984375,-1.9619140625
0.564,4.9248046875,-2.482421875,-2.962890625
0.5645,5.0048828125,-1.76171875,-3.763671875
0.565,4.1240234375,-0.6005859375,-4.0439453125
0.5655,3.9638671875,0.3203125,-4.724609375
0.566,2.802734375,1.4814453125,-4.64453125
0.5665,2.482421875,2.162109375,-4.96484375
0.567,1.361328125,3.36328125,-5.0849609375
0.5675,0.6005859375,3.763671875,-4.64453125
0.568,-0.5205078125,4.244140625,-4.1640625
0.5685,-1.28125,4.6044921875,-3.7236328125
0.569,-2.2421875,4.6845703125,-2.8828125
0.5695,-3.123046875,4.884765625,-2.162109375
0.57,-4.2041015625,5.044921875,-1.201171875
0.5705,-4.3642578125,4.2041015625,-0.2802734375
0.571,-5.0048828125,4.083984375,0.48046875
0.5715,-4.96484375,3.1630859375,1.3212890625
0.572,-5.125,2.6826171875,1.921875
0.5725,-5.1650390625,1.76171875,2.9228515625
0.573,-5.0849609375,1.041015625,3.5234375
0.5735,-4.2841796875,-0.16015625,3.8837890625
0.574,-4.0439453125,-0.9609375,4.4443359375
0.5745,-3.04296875,-1.9619140625,4.404296875
0.575,-2.6826171875,-2.6025390625,4.6044921875
0.5755,-1.681640625,-3.7236328125,4.724609375
0.576,-0.880859375,-4.00390625,4.1240234375
0.5765,0.0,-4.6044921875,3.84375
0.577,0.8408203125,-4.8046875,3.1630859375
0.5775,1.6416015625,-4.96484375,2.6826171875
0.578,2.5224609375,-5.125,1.921875
0.5785,3.36328125,-5.1650390625,1.1611328125
0.579,3.5634765625,-4.4443359375,0.2802734375
0.5795,4.1240234375,-4.4443359375,-0.3203125
0.58,4.1240234375,-3.5634765625,-1.1611328125
0.5805,4.3642578125,-3.203125,-1.7216796875
0.581,4.484375,-2.2822265625,-2.72265625
0.5815,4.1640625,-1.6416015625,-3.0830078125
0.582,3.68359375,-0.5205078125,-3.7236328125
0.5825,3.2431640625,0.3203125,-4.0439453125
0.583,2.5625,1.28125,-4.244140625
0.5835,2.1220703125,1.9619140625,-4.484375
0.584,1.361328125,2.8427734375,-4.64453125
0.5845,0.4404296875,3.123046875,-3.923828125
0.585,-0.2802734375,3.763671875,-3.923828125
0.5855,-1.28125,3.8837890625,-3.04296875
0.586,-1.9619140625,4.2841796875,-2.6826171875
0.5865,-2.9228515625,4.32421875,-1.8017578125
0.587,-3.5234375,4.2841796875,-1.201171875
0.5875,-3.84375,3.6435546875,-0.2802734375
0.588,-4.2041015625,3.5634765625,0.240234375
0.5885,-4.2841796875,2.72265625,1.12109375
0.589,-4.5244140625,2.40234375,1.6015625
0.5895,-4.64453125,1.6015625,2.5224609375
0.59,-4.1640625,0.880859375,2.802734375
0.5905,-3.9638671875,0.0,3.4833984375
0.591,-3.283203125,-0.9208984375,3.6435546875
0.5915,-2.9228515625,-1.6416015625,3.9638671875
0.592,-2.3623046875,-2.4423828125,4.083984375
0.5925,-1.7216796875,-3.123046875,4.083984375
0.593,-0.8408203125,-3.4033203125,3.4833984375
0.5935,-0.3203125,-3.923828125,3.5634765625
0.594,0.6806640625,-4.083984375,2.72265625
0.5945,1.28125,-4.484375,2.5224609375
0.595,2.2421875,-4.564453125,1.7216796875
0.5955,2.5224609375,-4.3642578125,1.2412109375
0.596,3.04296875,-4.1240234375,0.48046875
0.5965,3.3232421875,-3.84375,-0.080078125
0.597,3.5634765625,-3.3232421875,-0.8408203125
0.5975,3.763671875,-2.8828125,-1.4013671875
0.598,4.00390625,-2.3623046875,-2.2021484375
0.5985,3.443359375,-1.44140625,-2.5224609375
0.599,3.4833984375,-0.720703125,-3.2431640625
0.5995,2.6826171875,0.2802734375,-3.4033203125
0.6,2.6025390625,0.880859375,-3.9638671875
0.6005,1.921875,1.6416015625,-4.1240234375
0.601,1.4013671875,2.162109375,-4.0439453125
0.6015,0.48046875,2.72265625,-3.603515625
0.602,-0.16015625,3.2431640625,-3.5234375
0.6025,-1.12109375,3.5234375,-2.7626953125
0.603,-1.76171875,3.8837890625,-2.5224609375
0.6035,-2.642578125,3.9638671875,-1.76171875
0.604,-2.9228515625,3.603515625,-1.12109375
0.6045,-3.5234375,3.5234375,-0.48046875
0.605,-3.68359375,3.0029296875,0.240234375
0.6055,-4.00390625,2.6826171875,0.880859375
0.606,-4.1240234375,2.08203125,1.5615234375
0.6065,-4.244140625,1.6015625,2.162109375
0.607,-3.6435546875,0.560546875,2.5625
0.6075,-3.68359375,0.0,3.1630859375
0.608,-2.8828125,-1.041015625,3.283203125
0.6085,-2.8427734375,-1.6015625,3.763671875
0.609,-2.08203125,-2.40234375,3.763671875
0.6095,-1.4814453125,-2.72265625,3.5634765625
0.61,-0.80078125,-3.2431640625,3.36328125
0.6105,-0.080078125,-3.5634765625,3.0029296875
0.611,0.720703125,-3.8837890625,2.5625
0.6115,1.4013671875,-4.1640625,2.162109375
0.612,2.0419921875,-4.2841796875,1.6015625
0.6125,2.322265625,-3.84375,0.9208984375
0.613,2.8828125,-3.9638671875,0.48046875
0.6135,3.04296875,-3.283203125,-0.3203125
0.614,3.4833984375,-3.203125,-0.80078125
0.6145,3.5634765625,-2.5625,-1.6015625
0.615,3.5234375,-2.08203125,-2.001953125
0.6155,3.1630859375,-1.041015625,-2.6025390625
0.616,3.04296875,-0.48046875,-3.0830078125
0.6165,2.5224609375,0.48046875,-3.443359375
0.617,2.3623046875,1.041015625,-3.8837890625
0.6175,1.6416015625,1.8818359375,-3.923828125
0.618,0.9609375,2.2421875,-3.5634765625
0.6185,0.2802734375,2.8828125,-3.5634765625
0.619,-0.640625,3.1630859375,-2.9228515625
0.6195,-1.3212890625,3.603515625,-2.642578125
0.62,-2.1220703125,3.7236328125,-2.001953125
0.6205,-2.6826171875,3.763671875,-1.4814453125
0.621,-3.0830078125,3.3232421875,-0.720703125
0.6215,-3.5634765625,3.3232421875,-0.2802734375
0.622,-3.7236328125,2.6025390625,0.640625
0.6225,-4.0439453125,2.40234375,1.1611328125
0.623,-4.1640625,1.681640625,1.9619140625
0.6235,-3.84375,0.9609375,2.3623046875
0.624,-3.5634765625,0.080078125,2.9228515625
0.6245,-3.1630859375,-0.720703125,3.203125
0.625,-2.72265625,-1.521484375,3.5634765625
0.6255,-2.2822265625,-2.08203125,3.763671875
0.626,-1.6416015625,-2.72265625,3.763671875
0.6265,-0.8408203125,-3.0830078125,3.283203125
0.627,-0.3203125,-3.6435546875,3.283203125
0.6275,0.720703125,-3.84375,2.482421875
0.628,1.3212890625,-4.2041015625,2.2421875
0.6285,2.0419921875,-4.2041015625,1.5615234375
0.629,2.482421875,-4.1240234375,1.0009765625
0.6295,2.8427734375,-3.8037109375,0.3603515625
0.63,3.1630859375,-3.5634765625,-0.2001953125
0.6305,3.443359375,-2.962890625,-1.0009765625
0.631,3.6435546875,-2.642578125,-1.5615234375
0.6315,3.763671875,-1.9619140625,-2.2822265625
0.632,3.203125,-1.0810546875,-2.6826171875
0.6325,3.123046875,-0.3603515625,-3.3232421875
0.633,2.4423828125,0.6005859375,-3.5634765625
0.6335,2.2021484375,1.3212890625,-3.9638671875
0.634,1.5615234375,1.9619140625,-3.9638671875
0.6345,0.8408203125,2.6025390625,-3.8837890625
0.635,0.0400390625,2.962890625,-3.36328125
0.6355,-0.640625,3.5234375,-3.2431640625
0.636,-1.8017578125,3.763671875,-2.322265625
0.6365,-2.322265625,4.00390625,-2.08203125
0.637,-3.1630859375,3.9638671875,-1.2412109375
0.6375,-3.5234375,3.603515625,-0.5205078125
0.638,-3.8837890625,3.283203125,0.16015625
0.6385,-4.1240234375,2.72265625,0.9208984375
0.639,-4.404296875,2.162109375,1.76171875
0.6395,-4.32421875,1.5615234375,2.2421875
0.64,-4.3642578125,0.80078125,2.962890625
0.6405,-3.603515625,-0.3203125,3.2431640625
0.641,-3.443359375,-1.0009765625,3.763671875
0.6415,-2.482421875,-2.08203125,3.923828125
0.642,-2.2021484375,-2.642578125,4.1640625
0.6425,-1.3212890625,-3.283203125,3.923828125
0.643,-0.560546875,-3.84375,3.7236328125
0.6435,0.240234375,-4.0439453125,3.1630859375
0.644,1.12109375,-4.484375,2.72265625
0.6445,2.2021484375,-4.64453125,1.841796875
0.645,2.6025390625,-4.6044921875,1.3212890625
0.6455,3.283203125,-4.484375,0.6005859375
0.646,3.4833984375,-3.923828125,-0.16015625
0.6465,3.8037109375,-3.6435546875,-0.720703125
0.647,3.9638671875,-2.8427734375,-1.6416015625
0.6475,4.1240234375,-2.3623046875,-2.322265625
0.648,3.84375,-1.6015625,-2.8427734375
0.6485,3.8037109375,-0.8408203125,-3.5634765625
0.649,2.9228515625,0.2802734375,-3.7236328125
0.6495,2.7626953125,0.9609375,-4.1640625
0.65,1.76171875,2.162109375,-4.32421875
0.6505,1.44140625,2.6025390625,-4.4443359375
0.651,0.4404296875,3.2431640625,-4.083984375
0.6515,-0.3603515625,3.763671875,-3.7236328125
0.652,-1.1611328125,3.9638671875,-3.203125
0.6525,-2.162109375,4.32421875,-2.5625
0.653,-3.2431640625,4.5244140625,-1.681640625
0.6535,-3.6435546875,4.2041015625,-1.0009765625
0.654,-4.3642578125,4.1240234375,-0.2001953125
0.6545,-4.484375,3.36328125,0.640625
0.655,-4.7646484375,3.04296875,1.2412109375
0.6555,-4.884765625,2.0419921875,2.3623046875
0.656,-5.0048828125,1.44140625,2.962890625
0.6565,-4.5244140625,0.48046875,3.443359375
0.657,-4.32421875,-0.48046875,4.1240234375
0.6575,-3.36328125,-1.4814453125,4.2041015625
0.658,-3.0029296875,-2.2421875,4.6044921875
0.6585,-1.8818359375,-3.5234375,4.724609375
0.659,-1.28125,-3.8837890625,4.484375
0.6595,-0.240234375,-4.5244140625,4.083984375
0.66,0.6005859375,-4.8447265625,3.5634765625
0.6605,1.4814453125,-5.0048828125,2.8828125
0.661,2.5625,-5.28515625,2.08203125
0.6615,3.6435546875,-5.4453125,1.1611328125
0.662,3.84375,-4.7646484375,0.3203125
0.6625,4.484375,-4.64453125,-0.4404296875
0.663,4.484375,-3.8037109375,-1.28125
0.6635,4.6044921875,-3.283203125,-1.921875
0.664,4.7646484375,-2.2822265625,-3.0830078125
0.6645,4.64453125,-1.6015625,-3.68359375
0.665,4.00390625,-0.48046875,-4.1240234375
0.6655,3.68359375,0.48046875,-4.6044921875
0.666,2.6025390625,1.5615234375,-4.564453125
0.6665,2.2021484375,2.2822265625,-4.8447265625
0.667,1.1611328125,3.5234375,-5.044921875
0.6675,0.2802734375,3.84375,-4.5244140625
0.668,-0.640625,4.484375,-4.1640625
0.6685,-1.5615234375,4.6845703125,-3.5234375
0.669,-2.4423828125,4.8447265625,-2.7626953125
0.6695,-3.5634765625,5.0048828125,-1.8818359375
0.67,-4.564453125,5.0849609375,-0.9208984375
0.6705,-4.7646484375,4.2041015625,0.1201171875
0.671,-5.365234375,4.1240234375,0.7607421875
0.6715,-5.28515625,3.0830078125,1.76171875
0.672,-5.4052734375,2.5224609375,2.40234375
0.6725,-5.525390625,1.4013671875,3.5634765625
0.673,-5.2451171875,0.6005859375,4.083984375
0.6735,-4.484375,-0.640625,4.5244140625
0.674,-4.1240234375,-1.4814453125,5.044921875
0.6745,-2.962890625,-2.6025390625,4.96484375
0.675,-2.40234375,-3.36328125,5.0849609375
0.6755,-1.28125,-4.64453125,5.205078125
0.676,-0.2001953125,-4.884765625,4.404296875
0.6765,0.6005859375,-5.4453125,4.083984375
0.677,1.7216796875,-5.60546875,3.1630859375
0.6775,2.642578125,-5.6455078125,2.40234375
0.678,3.68359375,-5.765625,1.44140625
0.6785,4.5244140625,-5.6455078125,0.5205078125
0.679,4.64453125,-4.6845703125,-0.560546875
0.6795,5.125,-4.564453125,-1.1611328125
0.68,5.0849609375,-3.4033203125,-2.2822265625
0.6805,5.0849609375,-2.8427734375,-2.8828125
0.681,5.1650390625,-1.76171875,-4.00390625
0.6815,4.64453125,-0.720703125,-4.4443359375
0.682,3.8837890625,0.48046875,-4.8046875
0.6825,3.36328125,1.361328125,-5.125
0.683,2.2421875,2.5224609375,-5.125
0.6835,1.6416015625,3.203125,-5.1650390625
0.684,0.6005859375,4.32421875,-5.205078125
0.6845,-0.6005859375,4.484375,-4.244140625
0.685,-1.28125,5.044921875,-4.0439453125
0.6855,-2.6025390625,5.1650390625,-2.9228515625
0.686,-3.36328125,5.2451171875,-2.2421875
0.6865,-4.3642578125,5.205078125,-1.28125
0.687,-5.125,5.0048828125,-0.3203125
0.6875,-5.1650390625,4.00390625,0.720703125
0.688,-5.6455078125,3.84375,1.3212890625
0.6885,-5.5654296875,2.5224609375,2.5224609375
0.689,-5.5654296875,1.9619140625,3.0029296875
0.6895,-5.60546875,0.9609375,4.1240234375
0.69,-4.884765625,-0.16015625,4.484375
0.6905,-4.244140625,-1.28125,4.884765625
0.691,-3.5634765625,-2.2021484375,5.0849609375
0.6915,-2.482421875,-3.36328125,5.1650390625
0.692,-1.8818359375,-3.923828125,5.0849609375
0.6925,-0.7607421875,-4.9248046875,4.96484375
0.693,0.3603515625,-5.0849609375,3.9638671875
0.6935,1.0810546875,-5.5654296875,3.84375
0.694,2.4423828125,-5.6455078125,2.5625
0.6945,3.123046875,-5.7255859375,1.921875
0.695,3.9638671875,-5.60546875,0.9609375
0.6955,4.5244140625,-5.205078125,0.1201171875
0.696,4.64453125,-4.4443359375,-0.880859375
0.6965,5.0048828125,-4.1640625,-1.521484375
0.697,5.0048828125,-2.9228515625,-2.72265625
0.6975,4.96484375,-2.40234375,-3.0830078125
0.698,4.9248046875,-1.361328125,-4.1240234375
0.6985,4.1240234375,-0.2802734375,-4.3642578125
0.699,3.6435546875,0.7607421875,-4.8046875
0.6995,2.72265625,1.841796875,-4.96484375
0.7,1.921875,2.802734375,-5.125
0.7005,1.28125,3.36328125,-5.0048828125
0.701,0.240234375,4.244140625,-4.8046875
0.7015,-0.9208984375,4.404296875,-3.84375
0.702,-1.5615234375,4.884765625,-3.7236328125
0.7025,-2.962890625,4.96484375,-2.322265625
0.703,-3.5234375,5.044921875,-1.921875
0.7035,-4.3642578125,4.8046875,-0.880859375
0.704,-4.8447265625,4.404296875,0.0
0.7045,-5.0048828125,3.6435546875,0.8408203125
0.705,-5.2451171875,3.1630859375,1.5615234375
0.7055,-5.3251953125,2.162109375,2.6826171875
0.706,-5.1650390625,1.6015625,3.04296875
0.7065,-5.125,0.6005859375,3.9638671875
0.707,-4.1640625,-0.560546875,4.1240234375
0.7075,-3.8837890625,-1.361328125,4.64453125
0.708,-2.8828125,-2.5224609375,4.724609375
0.7085,-2.2822265625,-3.2431640625,4.8447265625
0.709,-1.4013671875,-3.8837890625,4.6044921875
0.7095,-0.5205078125,-4.5244140625,4.32421875
0.71,0.5205078125,-4.6845703125,3.4833984375
0.7105,1.201171875,-5.125,3.2431640625
0.711,2.5224609375,-5.1650390625,2.0419921875
0.7115,2.8828125,-5.205078125,1.681640625
0.712,3.68359375,-5.0849609375,0.720703125
0.7125,3.923828125,-4.5244140625,-0.080078125
0.713,4.2041015625,-4.1240234375,-0.80078125
0.7135,4.32421875,-3.4033203125,-1.5615234375
0.714,4.5244140625,-2.72265625,-2.3623046875
0.7145,4.32421875,-2.08203125,-2.802734375
0.715,4.32421875,-1.2412109375,-3.603515625
0.7155,3.4033203125,0.0,-3.8037109375
0.716,3.2431640625,0.640625,-4.3642578125
0.7165,2.2021484375,1.841796875,-4.4443359375
0.717,1.9619140625,2.322265625,-4.6845703125
0.7175,1.0009765625,3.04296875,-4.404296875
0.718,0.16015625,3.5634765625,-4.1240234375
0.7185,-0.720703125,3.8837890625,-3.5234375
0.719,-1.5615234375,4.2841796875,-3.123046875
0.7195,-2.642578125,4.4443359375,-2.162109375
0.72,-3.0830078125,4.404296875,-1.8017578125
0.7205,-3.84375,4.2841796875,-0.880859375
0.721,-4.0439453125,3.603515625,-0.080078125
0.7215,-4.5244140625,3.443359375,0.6005859375
0.722,-4.5244140625,2.5625,1.4814453125
0.7225,-4.8046875,2.2021484375,2.1220703125
0.723,-4.5244140625,1.3212890625,2.6826171875
0.7235,-4.4443359375,0.6005859375,3.3232421875
0.724,-3.603515625,-0.6005859375,3.5634765625
0.7245,-3.4833984375,-1.201171875,4.083984375
0.725,-2.4423828125,-2.322265625,4.1240234375
0.7255,-2.2822265625,-2.72265625,4.32421875
0.726,-1.28125,-3.4033203125,4.00390625
0.7265,-0.48046875,-3.84375,3.6435546875
0.727,0.2802734375,-4.1640625,3.203125
0.7275,1.1611328125,-4.4443359375,2.642578125
0.728,2.001953125,-4.7646484375,2.0419921875
0.7285,2.40234375,-4.564453125,1.4814453125
0.729,3.04296875,-4.5244140625,0.80078125
0.7295,3.203125,-3.8837890625,0.1201171875
0.73,3.603515625,-3.84375,-0.4404296875
0.7305,3.68359375,-2.962890625,-1.3212890625
0.731,3.9638671875,-2.7626953125,-1.8017578125
0.7315,3.763671875,-1.8818359375,-2.4423828125
0.732,3.5634765625,-1.1611328125,-2.8828125
0.7325,3.0029296875,-0.16015625,-3.283203125
0.733,2.802734375,0.48046875,-3.7236328125
0.7335,2.162109375,1.4013671875,-4.00390625
0.734,1.841796875,1.841796875,-4.083984375
0.7345,1.0009765625,2.5625,-3.923828125
0.735,0.240234375,2.8828125,-3.5234375
0.7355,-0.48046875,3.443359375,-3.36328125
0.736,-1.4814453125,3.6435546875,-2.6025390625
0.7365,-2.1220703125,4.00390625,-2.322265625
0.737,-2.6826171875,3.8037109375,-1.6015625
0.7375,-3.203125,3.8037109375,-1.0009765625
0.738,-3.5234375,3.203125,-0.2001953125
0.7385,-3.923828125,3.1630859375,0.3203125
0.739,-4.1240234375,2.40234375,1.28125
0.7395,-4.32421875,2.162109375,1.681640625
0.74,-4.1640625,1.2412109375,2.4423828125
0.7405,-3.8037109375,0.4404296875,2.8427734375
0.741,-3.443359375,-0.5205078125,3.3232421875
0.7415,-2.962890625,-1.2412109375,3.6435546875
0.742,-2.5625,-2.001953125,3.9638671875
0.7425,-1.9619140625,-2.4423828125,3.763671875
0.743,-1.2412109375,-3.123046875,3.7236328125
0.7435,-0.4404296875,-3.4033203125,3.1630859375
0.744,0.240234375,-3.9638671875,3.04296875
0.7445,1.2412109375,-4.1640625,2.2421875
0.745,1.7216796875,-4.4443359375,1.9619140625
0.7455,2.2421875,-4.1240234375,1.2412109375
0.746,2.6025390625,-4.00390625,0.7607421875
0.7465,2.9228515625,-3.603515625,0.0400390625
0.747,3.2431640625,-3.3232421875,-0.5205078125
0.7475,3.5634765625,-2.8427734375,-1.28125
0.748,3.5234375,-2.40234375,-1.6416015625
0.7485,3.5234375,-1.6416015625,-2.40234375
0.749,2.962890625,-0.80078125,-2.72265625
0.7495,2.8427734375,-0.080078125,-3.2431640625
0.75,2.2421875,0.80078125,-3.5234375
0.7505,2.162109375,1.3212890625,-3.8837890625
0.751,1.361328125,1.8818359375,-3.6435546875
0.7515,0.80078125,2.482421875,-3.6435546875
0.752,0.0,2.7626953125,-3.203125
0.7525,-0.7607421875,3.283203125,-3.0029296875
0.753,-1.681640625,3.5634765625,-2.322265625
0.7535,-2.1220703125,3.68359375,-2.001953125
0.754,-2.7626953125,3.603515625,-1.28125
0.7545,-3.0830078125,3.3232421875,-0.6806640625
0.755,-3.5634765625,3.123046875,0.0
0.7555,-3.7236328125,2.6025390625,0.6806640625
0.756,-4.1640625,2.3623046875,1.361328125
0.7565,-3.923828125,1.6015625,1.841796875
0.757,-4.00390625,0.9208984375,2.5224609375
0.7575,-3.36328125,-0.080078125,2.8828125
0.758,-3.283203125,-0.720703125,3.443359375
0.7585,-2.5625,-1.681640625,3.68359375
0.759,-2.322265625,-2.1220703125,3.84375
0.7595,-1.44140625,-2.72265625,3.5634765625
0.76,-0.8408203125,-3.283203125,3.4033203125
0.7605,0.0,-3.6435546875,2.962890625
0.761,0.80078125,-4.00390625,2.5625
0.7615,1.6416015625,-4.2841796875,2.001953125
0.762,2.001953125,-4.1240234375,1.4814453125
0.7625,2.6025390625,-4.1240234375,0.9208984375
0.763,2.802734375,-3.603515625,0.240234375
0.7635,3.203125,-3.5234375,-0.3203125
0.764,3.4033203125,-2.8427734375,-1.1611328125
0.7645,3.68359375,-2.5625,-1.681640625
0.765,3.3232421875,-1.681640625,-2.2021484375
0.7655,3.2431640625,-1.0009765625,-2.7626953125
0.766,2.642578125,0.0,-3.0830078125
0.7665,2.5224609375,0.6005859375,-3.5634765625
0.767,1.921875,1.521484375,-3.84375
0.7675,1.521484375,1.8818359375,-3.8037109375
0.768,0.720703125,2.5224609375,-3.68359375
0.7685,0.0,2.8427734375,-3.3232421875
0.769,-0.720703125,3.3232421875,-2.962890625
0.7695,-1.7216796875,3.6435546875,-2.3623046875
0.77,-2.482421875,3.923828125,-1.8818359375
0.7705,-2.8427734375,3.5634765625,-1.1611328125
0.771,-3.4033203125,3.603515625,-0.640625
0.7715,-3.603515625,2.962890625,0.2001953125
0.772,-4.00390625,2.802734375,0.7607421875
0.7725,-4.244140625,2.0419921875,1.681640625
0.773,-4.2841796875,1.6416015625,2.162109375
0.7735,-3.9638671875,0.640625,2.802734375
0.774,-3.7236328125,-0.16015625,3.2431640625
0.7745,-3.0830078125,-1.041015625,3.5234375
0.775,-2.72265625,-1.8017578125,3.8837890625
0.7755,-2.0419921875,-2.72265625,4.1240234375
0.776,-1.3212890625,-3.123046875,3.68359375
0.7765,-0.640625,-3.8037109375,3.68359375
0.777,0.2802734375,-3.9638671875,3.04296875
0.7775,1.0009765625,-4.3642578125,2.6826171875
0.778,2.0419921875,-4.564453125,1.921875
0.7785,2.72265625,-4.64453125,1.28125
0.779,3.04296875,-4.1640625,0.4404296875
0.7795,3.5234375,-4.0439453125,0.0
0.78,3.6435546875,-3.3232421875,-0.8408203125
0.7805,3.84375,-2.9228515625,-1.4814453125
0.781,4.1240234375,-2.2421875,-2.4423828125
0.7815,3.763671875,-1.44140625,-2.8427734375
0.782,3.4833984375,-0.560546875,-3.4033203125
0.7825,2.8828125,0.3203125,-3.7236328125
0.783,2.40234375,1.12109375,-3.923828125
0.7835,1.841796875,1.9619140625,-4.1640625
0.784,1.201171875,2.7626953125,-4.3642578125
0.7845,0.2802734375,3.04296875,-3.7236328125
0.785,-0.3203125,3.68359375,-3.7236328125
0.7855,-1.361328125,3.8037109375,-2.802734375
0.786,-2.08203125,4.1240234375,-2.4423828125
0.7865,-3.1630859375,4.32421875,-1.5615234375
0.787,-3.68359375,4.1240234375,-0.8408203125
0.7875,-4.00390625,3.6435546875,0.0
0.788,-4.3642578125,3.4033203125,0.560546875
0.7885,-4.484375,2.6025390625,1.4013671875
0.789,-4.64453125,2.1220703125,2.0419921875
0.7895,-4.884765625,1.3212890625,3.04296875
0.79,-4.244140625,0.4404296875,3.3232421875
0.7905,-4.0439453125,-0.5205078125,3.9638671875
0.791,-3.2431640625,-1.44140625,4.1240234375
0.7915,-2.72265625,-2.2822265625,4.3642578125
0.792,-1.9619140625,-3.203125,4.484375
0.7925,-1.1611328125,-4.00390625,4.4443359375
0.793,-0.16015625,-4.2041015625,3.68359375
0.7935,0.48046875,-4.8046875,3.6435546875
0.794,1.76171875,-4.9248046875,2.5224609375
0.7945,2.40234375,-5.125,2.0419921875
0.795,3.4833984375,-5.1650390625,1.12109375
0.7955,3.84375,-4.7646484375,0.2802734375
0.796,4.1240234375,-4.2841796875,-0.48046875
0.7965,4.4443359375,-3.8037109375,-1.2412109375
0.797,4.484375,-2.8828125,-2.2021484375
0.7975,4.484375,-2.2822265625,-2.7626953125
0.798,4.64453125,-1.44140625,-3.7236328125
0.7985,3.763671875,-0.2802734375,-3.9638671875
0.799,3.5234375,0.560546875,-4.5244140625
0.7995,2.4423828125,1.76171875,-4.6044921875
0.8,1.8818359375,2.482421875,-4.8046875
0.8005,1.0810546875,3.283203125,-4.7646484375
0.801,0.16015625,4.0439453125,-4.5244140625
0.8015,-0.8408203125,4.1640625,-3.68359375
0.802,-1.6015625,4.6845703125,-3.443359375
0.8025,-2.962890625,4.7646484375,-2.162109375
0.803,-3.5234375,4.8046875,-1.681640625
0.8035,-4.484375,4.7646484375,-0.6806640625
0.804,-4.724609375,4.1240234375,0.16015625
0.8045,-5.0048828125,3.6435546875,0.9609375
0.805,-5.205078125,2.9228515625,1.841796875
0.8055,-5.28515625,2.001953125,2.802734375
0.806,-5.125,1.3212890625,3.2431640625
0.8065,-5.1650390625,0.4404296875,4.1640625
0.807,-4.083984375,-0.8408203125,4.32421875
0.8075,-3.8837890625,-1.5615234375,4.8046875
0.808,-2.642578125,-3.0029296875,4.8447265625
0.8085,-2.08203125,-3.6435546875,4.96484375
0.809,-1.041015625,-4.3642578125,4.7646484375
0.8095,-0.080078125,-5.044921875,4.404296875
0.81,0.9208984375,-5.1650390625,3.5634765625
0.8105,1.76171875,-5.60546875,3.1630859375
0.811,3.1630859375,-5.685546875,1.841796875
0.8115,3.5634765625,-5.525390625,1.3212890625
0.812,4.484375,-5.4052734375,0.2802734375
0.8125,4.6845703125,-4.6044921875,-0.640625
0.813,4.9248046875,-4.1240234375,-1.361328125
0.8135,5.0849609375,-3.203125,-2.4423828125
0.814,5.0849609375,-2.322265625,-3.283203125
0.8145,4.7646484375,-1.521484375,-3.7236328125
0.815,4.6044921875,-0.5205078125,-4.6044921875
0.8155,3.4833984375,0.8408203125,-4.64453125
0.816,3.123046875,1.521484375,-5.125
0.8165,1.841796875,2.9228515625,-5.1650390625
0.817,1.3212890625,3.5234375,-5.125
0.8175,0.240234375,4.1640625,-4.7646484375
0.818,-0.80078125,4.724609375,-4.2841796875
0.8185,-1.7216796875,4.8046875,-3.4833984375
0.819,-2.642578125,5.1650390625,-2.8828125
0.8195,-4.00390625,5.2451171875,-1.6015625
0.82,-4.32421875,4.9248046875,-1.0009765625
0.8205,-5.1650390625,4.6845703125,0.0400390625
0.821,-5.2451171875,3.84375,1.0009765625
0.8215,-5.4453125,3.3232421875,1.6416015625
0.822,-5.525390625,2.2822265625,2.72265625
0.8225,-5.60546875,1.5615234375,3.5234375
0.823,-5.0849609375,0.6005859375,3.923828125
0.8235,-4.8046875,-0.4404296875,4.564453125
0.824,-3.7236328125,-1.681640625,4.7646484375
0.8245,-3.4033203125,-2.40234375,5.0849609375
0.825,-2.0419921875,-3.763671875,5.1650390625
0.8255,-1.5615234375,-4.2041015625,5.044921875
0.826,-0.3603515625,-4.884765625,4.5244140625
0.8265,0.6005859375,-5.365234375,4.00390625
0.827,1.521484375,-5.4453125,3.203125
0.8275,2.5224609375,-5.765625,2.5224609375
0.828,3.763671875,-5.8056640625,1.4013671875
0.8285,4.00390625,-5.3251953125,0.6806640625
0.829,4.7646484375,-5.125,-0.2802734375
0.8295,4.8046875,-4.2041015625,-1.201171875
0.83,4.96484375,-3.8037109375,-1.8017578125
0.8305,5.044921875,-2.6025390625,-2.962890625
0.831,5.0849609375,-2.001953125,-3.603515625
0.8315,4.32421875,-1.0009765625,-4.0439453125
0.832,4.1640625,0.0400390625,-4.724609375
0.8325,3.0029296875,1.2412109375,-4.884765625
0.833,2.6826171875,1.9619140625,-5.0849609375
0.8335,1.4814453125,3.3232421875,-5.125
0.834,0.9208984375,3.6435546875,-4.884765625
0.8345,-0.240234375,4.32421875,-4.4443359375
0.835,-1.1611328125,4.64453125,-3.84375
0.8355,-2.001953125,4.8046875,-3.1630859375
0.836,-3.0830078125,5.0048828125,-2.2822265625
0.8365,-4.1640625,5.1650390625,-1.4013671875
0.837,-4.3642578125,4.484375,-0.560546875
0.8375,-5.0849609375,4.32421875,0.2802734375
0.838,-5.0849609375,3.36328125,1.2412109375
0.8385,-5.28515625,3.04296875,1.8017578125
0.839,-5.365234375,1.921875,3.0029296875
0.8395,-5.2451171875,1.3212890625,3.443359375
0.84,-4.6845703125,0.1201171875,3.9638671875
0.8405,-4.244140625,-0.8408203125,4.404296875
0.841,-3.3232421875,-1.921875,4.6044921875
0.8415,-2.9228515625,-2.6025390625,4.8447265625
0.842,-1.841796875,-3.84375,4.96484375
0.8425,-1.12109375,-4.083984375,4.484375
0.843,-0.1201171875,-4.8046875,4.1240234375
0.8435,0.8408203125,-5.0048828125,3.4833984375
0.844,1.6015625,-5.205078125,2.8828125
0.8445,2.72265625,-5.3251953125,1.9619140625
0.845,3.5634765625,-5.4453125,1.2412109375
0.8455,3.8037109375,-4.724609375,0.3203125
0.846,4.404296875,-4.6044921875,-0.3603515625
0.8465,4.32421875,-3.68359375,-1.28125
0.847,4.5244140625,-3.3232421875,-1.8017578125
0.8475,4.6044921875,-2.40234375,-2.9228515625
0.848,4.4443359375,-1.76171875,-3.2431640625
0.8485,3.8837890625,-0.640625,-3.8037109375
0.849,3.443359375,0.3203125,-4.2041015625
0.8495,2.6826171875,1.2412109375,-4.32421875
0.85,2.162109375,2.001953125,-4.564453125
0.8505,1.44140625,3.0029296875,-4.7646484375
0.851,0.6005859375,3.203125,-4.1640625
0.8515,-0.2001953125,3.8837890625,-4.0439453125
0.852,-1.1611328125,4.00390625,-3.203125
0.8525,-1.8818359375,4.404296875,-2.8828125
0.853,-2.962890625,4.484375,-1.9619140625
0.8535,-3.5634765625,4.484375,-1.3212890625
0.854,-3.923828125,3.9638671875,-0.4404296875
0.8545,-4.404296875,3.8037109375,0.16015625
0.855,-4.484375,3.0029296875,1.0810546875
0.8555,-4.64453125,2.6025390625,1.5615234375
0.856,-4.9248046875,1.76171875,2.6025390625
0.8565,-4.5244140625,1.0810546875,2.802734375
0.857,-4.2841796875,0.1201171875,3.6435546875
0.8575,-3.6435546875,-0.8408203125,3.84375
0.858,-3.1630859375,-1.6416015625,4.1640625
0.8585,-2.5224609375,-2.5224609375,4.32421875
0.859,-1.8818359375,-3.2431640625,4.484375
0.8595,-1.0009765625,-3.5634765625,3.84375
0.86,-0.2802734375,-4.2041015625,3.8037109375
0.8605,0.6806640625,-4.32421875,2.9228515625
0.861,1.361328125,-4.6845703125,2.642578125
0.8615,2.4423828125,-4.8447265625,1.76171875
0.862,2.8427734375,-4.64453125,1.2412109375
0.8625,3.283203125,-4.244140625,0.3603515625
0.863,3.5634765625,-3.9638671875,-0.2001953125
0.8635,3.763671875,-3.4833984375,-1.0009765625
0.864,3.8837890625,-2.962890625,-1.6015625
0.8645,4.1640625,-2.40234375,-2.40234375
0.865,3.6435546875,-1.521484375,-2.6025390625
0.8655,3.603515625,-0.720703125,-3.36328125
0.866,2.7626953125,0.2802734375,-3.4833984375
0.8665,2.6025390625,0.9208984375,-3.923828125
0.867,1.921875,1.76171875,-4.1240234375
0.8675,1.521484375,2.2421875,-4.1240234375
0.868,0.6005859375,2.6826171875,-3.6435546875
0.8685,0.0,3.203125,-3.603515625
0.869,-0.9208984375,3.443359375,-2.8828125
0.8695,-1.6015625,3.84375,-2.6025390625
0.87,-2.5625,4.0439453125,-1.8818359375
0.8705,-2.8427734375,3.763671875,-1.361328125
0.871,-3.4833984375,3.68359375,-0.640625
0.8715,-3.603515625,3.123046875,0.0
0.872,-4.00390625,2.8427734375,0.640625
0.8725,-4.1640625,2.2421875,1.3212890625
0.873,-4.4443359375,1.921875,1.9619140625
0.8735,-3.8837890625,0.9609375,2.40234375
0.874,-4.00390625,0.3203125,3.123046875
0.8745,-3.1630859375,-0.720703125,3.3232421875
0.875,-3.0830078125,-1.3212890625,3.8037109375
0.8755,-2.3623046875,-2.2421875,3.9638671875
0.876,-1.8818359375,-2.6025390625,3.84375
0.8765,-1.0009765625,-3.203125,3.5634765625
0.877,-0.3603515625,-3.603515625,3.3232421875
0.8775,0.5205078125,-4.00390625,2.802734375
0.878,1.28125,-4.2841796875,2.40234375
0.8785,2.0419921875,-4.5244140625,1.76171875
0.879,2.322265625,-4.083984375,1.12109375
0.8795,2.9228515625,-4.2041015625,0.6005859375
0.88,3.0830078125,-3.5634765625,-0.16015625
0.8805,3.4833984375,-3.36328125,-0.7607421875
0.881,3.6435546875,-2.72265625,-1.4814453125
0.8815,3.68359375,-2.2822265625,-1.9619140625
0.882,3.203125,-1.28125,-2.5224609375
0.8825,3.123046875,-0.640625,-3.0029296875
0.883,2.5224609375,0.2802734375,-3.2431640625
0.8835,2.3623046875,0.880859375,-3.68359375
0.884,1.8017578125,1.681640625,-3.8837890625
0.8845,1.201171875,1.9619140625,-3.5634765625
0.885,0.560546875,2.642578125,-3.5634765625
0.8855,-0.2802734375,2.8828125,-3.04296875
0.886,-1.0009765625,3.3232421875,-2.7626953125
0.8865,-1.8017578125,3.5634765625,-2.2021484375
0.887,-2.3623046875,3.68359375,-1.8017578125
0.8875,-2.6826171875,3.2431640625,-1.041015625
0.888,-3.203125,3.36328125,-0.6806640625
0.8885,-3.4033203125,2.72265625,0.16015625
0.889,-3.8037109375,2.6826171875,0.640625
0.8895,-4.00390625,2.0419921875,1.4814453125
0.89,-3.8837890625,1.5615234375,1.841796875
0.8905,-3.7236328125,0.640625,2.5625
0.891,-3.36328125,0.0,2.8828125
0.8915,-3.04296875,-0.9208984375,3.36328125
0.892,-2.72265625,-1.6015625,3.68359375
0.8925,-2.2021484375,-2.2822265625,3.84375
0.893,-1.44140625,-2.642578125,3.443359375
0.8935,-0.880859375,-3.3232421875,3.5234375
0.894,0.080078125,-3.5634765625,2.8427734375
0.8945,0.7607421875,-4.0439453125,2.6826171875
0.895,1.6015625,-4.244140625,1.9619140625
0.8955,2.0419921875,-4.244140625,1.521484375
0.896,2.5224609375,-3.9638671875,0.80078125
0.8965,2.8828125,-3.84375,0.2802734375
0.897,3.1630859375,-3.283203125,-0.5205078125
0.8975,3.4833984375,-2.962890625,-1.041015625
0.898,3.7236328125,-2.4423828125,-1.8818359375
0.8985,3.2431640625,-1.6015625,-2.2421875
0.899,3.203125,-0.8408203125,-2.8828125
0.8995,2.6025390625,0.0400390625,-3.123046875
0.9,2.40234375,0.6806640625,-3.5634765625
0.9005,1.921875,1.44140625,-3.8037109375
0.901,1.361328125,2.0419921875,-3.8037109375
0.9015,0.6005859375,2.40234375,-3.36328125
0.902,0.0,2.9228515625,-3.36328125
0.9025,-1.0009765625,3.203125,-2.642578125
0.903,-1.6015625,3.6435546875,-2.40234375
0.9035,-2.482421875,3.68359375,-1.7216796875
0.904,-2.7626953125,3.443359375,-1.1611328125
0.9045,-3.2431640625,3.3232421875,-0.560546875
0.905,-3.5234375,2.9228515625,0.1201171875
0.9055,-3.84375,2.5625,0.8408203125
0.906,-4.00390625,2.0419921875,1.4814453125
0.9065,-4.2041015625,1.5615234375,2.162109375
0.907,-3.603515625,0.560546875,2.5224609375
0.9075,-3.7236328125,0.0,3.203125
0.908,-2.8828125,-1.041015625,3.3232421875
0.9085,-2.7626953125,-1.681640625,3.84375
0.909,-2.001953125,-2.5224609375,3.84375
0.9095,-1.361328125,-3.0029296875,3.68359375
0.91,-0.6005859375,-3.4833984375,3.36328125
0.9105,0.16015625,-3.923828125,3.123046875
0.911,1.201171875,-4.1640625,2.40234375
0.9115,1.76171875,-4.5244140625,2.001953125
0.912,2.6025390625,-4.564453125,1.28125
0.9125,2.8828125,-4.083984375,0.5205078125
0.913,3.36328125,-4.00390625,0.0400390625
0.9135,3.5234375,-3.2431640625,-0.8408203125
0.914,3.84375,-2.8828125,-1.521484375
0.9145,3.84375,-2.2021484375,-2.2021484375
0.915,3.84375,-1.521484375,-2.8427734375
0.9155,3.123046875,-0.4404296875,-3.203125
0.916,3.0029296875,0.240234375,-3.7236328125
0.9165,2.0419921875,1.3212890625,-3.84375
0.917,1.8818359375,1.921875,-4.1640625
0.9175,1.041015625,2.6826171875,-4.1240234375
0.918,0.2001953125,3.0830078125,-3.68359375
0.9185,-0.48046875,3.4833984375,-3.36328125
0.919,-1.4814453125,3.84375,-2.72265625
0.9195,-2.40234375,4.00390625,-2.001953125
0.92,-2.9228515625,3.9638671875,-1.4814453125
0.9205,-3.68359375,3.9638671875,-0.80078125
0.921,-3.84375,3.3232421875,0.0400390625
0.9215,-4.2041015625,3.2431640625,0.560546875
0.922,-4.32421875,2.2822265625,1.5615234375
0.9225,-4.5244140625,1.9619140625,2.0419921875
0.923,-4.4443359375,1.12109375,2.802734375
0.9235,-4.1640625,0.3203125,3.3232421875
0.924,-3.5234375,-0.6806640625,3.603515625
0.9245,-3.203125,-1.4013671875,4.00390625
0.925,-2.2822265625,-2.5625,4.1640625
0.9255,-1.9619140625,-2.962890625,4.2841796875
0.926,-1.0009765625,-3.8037109375,4.1240234375
0.9265,-0.080078125,-4.1240234375,3.5234375
0.927,0.6005859375,-4.5244140625,3.2431640625
0.9275,1.76171875,-4.8447265625,2.3623046875
0.928,2.6025390625,-5.044921875,1.7216796875
0.9285,3.1630859375,-4.8447265625,1.0009765625
0.929,3.8037109375,-4.64453125,0.2802734375
0.9295,3.8837890625,-3.8837890625,-0.6005859375
0.93,4.2041015625,-3.7236328125,-1.12109375
0.9305,4.3642578125,-2.6025390625,-2.322265625
0.931,4.404296875,-2.2021484375,-2.7626953125
0.9315,4.1640625,-1.201171875,-3.4833984375
0.932,3.7236328125,-0.240234375,-3.9638671875
0.9325,2.962890625,0.7607421875,-4.1640625
0.933,2.482421875,1.6416015625,-4.5244140625
0.9335,1.521484375,2.802734375,-4.6845703125
0.934,0.9609375,3.1630859375,-4.484375
0.9345,0.0,3.923828125,-4.244140625
0.935,-1.0009765625,4.1240234375,-3.5634765625
0.9355,-1.681640625,4.4443359375,-3.1630859375
0.936,-3.04296875,4.64453125,-2.08203125
0.9365,-3.84375,4.724609375,-1.361328125
0.937,-4.244140625,4.2841796875,-0.4404296875
0.9375,-4.8447265625,4.083984375,0.2802734375
0.938,-4.8046875,3.1630859375,1.1611328125
0.9385,-5.044921875,2.802734375,1.76171875
0.939,-5.205078125,1.6416015625,3.04296875
0.9395,-4.96484375,1.12109375,3.36328125
0.94,-4.64453125,0.0400390625,4.083984375
0.9405,-4.00390625,-1.0009765625,4.404296875
0.941,-3.2431640625,-1.921875,4.5244140625
0.9415,-2.6025390625,-2.8828125,4.7646484375
0.942,-1.6416015625,-4.00390625,4.9248046875
0.9425,-0.80078125,-4.2041015625,4.32421875
0.943,0.1201171875,-5.0048828125,4.1240234375
0.9435,1.0810546875,-5.125,3.2431640625
0.944,1.841796875,-5.4052734375,2.8427734375
0.9445,3.1630859375,-5.60546875,1.6416015625
0.945,3.8837890625,-5.4453125,0.9208984375
0.9455,4.2841796875,-4.8447265625,0.0
0.946,4.8046875,-4.6044921875,-0.80078125
0.9465,4.724609375,-3.68359375,-1.6015625
0.947,4.884765625,-3.1630859375,-2.2822265625
0.9475,5.0849609375,-2.0419921875,-3.5634765625
0.948,4.6044921875,-1.2412109375,-3.8837890625
0.9485,4.1640625,-0.16015625,-4.564453125
0.949,3.443359375,0.9609375,-4.8046875
0.9495,2.6826171875,1.841796875,-4.884765625
0.95,1.8818359375,2.8427734375,-5.0849609375
0.9505,0.9609375,3.923828125,-5.205078125
0.951,-0.1201171875,4.1240234375,-4.3642578125
0.9515,-0.9208984375,4.8046875,-4.2841796875
0.952,-2.001953125,4.8046875,-3.203125
0.9525,-2.7626953125,5.044921875,-2.72265625
0.953,-4.1640625,5.205078125,-1.4814453125
0.9535,-4.7646484375,4.96484375,-0.640625
0.954,-5.0849609375,4.2041015625,0.400390625
0.9545,-5.4853515625,3.923828125,1.12109375
0.955,-5.365234375,2.8828125,2.001953125
0.9555,-5.4453125,2.2421875,2.6826171875
0.956,-5.6455078125,1.201171875,3.923828125
0.9565,-4.9248046875,0.240234375,4.1240234375
0.957,-4.5244140625,-0.8408203125,4.8046875
0.9575,-3.7236328125,-1.8818359375,4.9248046875
0.958,-2.9228515625,-2.72265625,5.0048828125
0.9585,-2.0419921875,-3.763671875,5.125
0.959,-1.041015625,-4.7646484375,5.0849609375
0.9595,0.0400390625,-4.96484375,4.1240234375
0.96,0.7607421875,-5.60546875,4.0439453125
0.9605,1.9619140625,-5.5654296875,2.8427734375
0.961,2.6826171875,-5.7255859375,2.322265625
0.9615,3.9638671875,-5.8056640625,1.201171875
0.962,4.4443359375,-5.365234375,0.2802734375
0.9625,4.7646484375,-4.6845703125,-0.640625
0.963,5.0849609375,-4.32421875,-1.3212890625
0.9635,5.044921875,-3.283203125,-2.2822265625
0.964,5.044921875,-2.6025390625,-2.962890625
0.9645,5.205078125,-1.6015625,-4.1240234375
0.965,4.32421875,-0.48046875,-4.32421875
0.9655,3.9638671875,0.5205078125,-4.9248046875
0.966,2.9228515625,1.6015625,-4.96484375
0.9665,2.2822265625,2.4423828125,-5.125
0.967,1.4013671875,3.443359375,-5.1650390625
0.9675,0.4404296875,4.2041015625,-5.0048828125
0.968,-0.720703125,4.404296875,-4.0439453125
0.9685,-1.361328125,4.9248046875,-3.9638671875
0.969,-2.642578125,4.96484375,-2.6826171875
0.9695,-3.2431640625,5.0849609375,-2.2021484375
0.97,-4.5244140625,5.125,-1.0810546875
0.9705,-4.8046875,4.5244140625,-0.16015625
0.971,-5.1650390625,4.00390625,0.6806640625
0.9715,-5.3251953125,3.443359375,1.44140625
0.972,-5.365234375,2.5224609375,2.3623046875
0.9725,-5.3251953125,1.841796875,3.0029296875
0.973,-5.4453125,0.9208984375,4.00390625
0.9735,-4.4443359375,-0.3203125,4.2041015625
0.974,-4.32421875,-1.1611328125,4.8046875
0.9745,-3.123046875,-2.2822265625,4.7646484375
0.975,-2.642578125,-3.04296875,4.96484375
0.9755,-1.6416015625,-4.0439453125,4.9248046875
0.976,-0.6806640625,-4.6845703125,4.6044921875
0.9765,0.3203125,-4.96484375,3.84375
0.977,1.0810546875,-5.3251953125,3.5634765625
0.9775,2.322265625,-5.4052734375,2.40234375
0.978,2.8427734375,-5.4853515625,1.921875
0.9785,3.9638671875,-5.4853515625,0.9208984375
0.979,4.2041015625,-4.7646484375,0.0
0.9795,4.6044921875,-4.4443359375,-0.720703125
0.98,4.6845703125,-3.68359375,-1.6015625
0.9805,4.8046875,-2.9228515625,-2.40234375
0.981,4.6845703125,-2.2021484375,-3.0830078125
0.9815,4.6845703125,-1.3212890625,-3.8837890625
0.982,3.68359375,-0.080078125,-4.083984375
0.9825,3.5234375,0.640625,-4.6044921875
0.983,2.3623046875,1.8818359375,-4.6044921875
0.9835,2.0419921875,2.40234375,-4.8447265625
0.984,1.041015625,3.283203125,-4.8046875
0.9845,0.1201171875,3.763671875,-4.32421875
0.985,-0.720703125,4.1240234375,-3.7236328125
0.9855,-1.6015625,4.484375,-3.2431640625
0.986,-2.642578125,4.564453125,-2.2822265625
0.9865,-3.203125,4.6044921875,-1.8017578125
0.987,-4.1240234375,4.564453125,-0.9208984375
0.9875,-4.244140625,3.8037109375,0.0
0.988,-4.6845703125,3.68359375,0.560546875
0.9885,-4.724609375,2.72265625,1.4814453125
0.989,-4.884765625,2.3623046875,2.08203125
0.9895,-4.8447265625,1.521484375,2.8427734375
0.99,-4.6845703125,0.7607421875,3.443359375
0.9905,-3.8837890625,-0.4404296875,3.7236328125
0.991,-3.763671875,-1.0810546875,4.2041015625
0.9915,-2.72265625,-2.2421875,4.244140625
0.992,-2.482421875,-2.7626953125,4.484375
0.9925,-1.4814453125,-3.68359375,4.404296875
0.993,-0.6005859375,-4.00390625,3.8837890625
0.9935,0.16015625,-4.4443359375,3.6435546875
0.994,1.12109375,-4.724609375,2.9228515625
0.9945,1.9619140625,-4.9248046875,2.2421875
0.995,2.6025390625,-4.9248046875,1.6416015625
0.9955,3.3232421875,-4.884765625,0.9208984375
0.996,3.5234375,-4.1640625,0.0400390625
0.9965,3.9638671875,-4.1240234375,-0.48046875
0.997,4.00390625,-3.1630859375,-1.44140625
0.9975,4.244140625,-2.8828125,-1.9619140625
0.998,4.1240234375,-1.9619140625,-2.72265625
0.9985,3.84375,-1.1611328125,-3.203125
0.999,3.2431640625,-0.16015625,-3.603515625
0.9995,2.8828125,0.560546875,-3.9638671875
