wavelength,x,y,z
0.0,-4.8447265625,4.484375,1.041015625
0.0005,-4.1640625,4.724609375,0.2001953125
0.001,-3.0029296875,4.8447265625,-1.12109375
0.0015,-1.8017578125,5.2451171875,-2.72265625
0.002,-0.720703125,5.60546875,-4.00390625
0.0025,0.0,5.8857421875,-5.0048828125
0.003,0.80078125,5.685546875,-5.6455078125
0.0035,1.921875,4.7646484375,-5.9658203125
0.004,3.2431640625,3.4833984375,-6.2861328125
0.0045,4.5244140625,2.08203125,-6.486328125
0.005,5.2451171875,1.12109375,-6.5263671875
0.0055,5.4453125,0.48046875,-6.40625
0.006,5.2451171875,-0.400390625,-5.765625
0.0065,4.96484375,-1.44140625,-4.64453125
0.007,4.884765625,-2.8828125,-3.4033203125
0.0075,4.8046875,-4.2041015625,-2.2021484375
0.008,4.6044921875,-5.0048828125,-1.4013671875
0.0085,4.2041015625,-5.525390625,-0.6806640625
0.009,3.2431640625,-5.685546875,0.3603515625
0.0095,2.0419921875,-5.92578125,1.76171875
0.01,0.7607421875,-6.166015625,3.3232421875
0.0105,-0.16015625,-6.486328125,4.484375
0.011,-0.80078125,-6.7265625,5.4052734375
0.0115,-1.7216796875,-6.166015625,5.8857421875
0.012,-3.04296875,-5.0048828125,6.2060546875
0.0125,-4.4443359375,-3.5634765625,6.486328125
0.013,-5.525390625,-2.2421875,6.56640625
0.0135,-6.0458984375,-1.4013671875,6.5263671875
0.014,-6.0859375,-0.6806640625,6.2060546875
0.0145,-5.765625,0.2802734375,5.28515625
0.015,-5.4853515625,1.5615234375,4.0439453125
0.0155,-5.4052734375,3.123046875,2.6826171875
0.016,-5.2451171875,4.2841796875,1.5615234375
0.0165,-5.0048828125,4.884765625,0.7607421875
0.017,-4.2841796875,5.1650390625,0.0
0.0175,-3.0830078125,5.2451171875,-1.3212890625
0.018,-1.681640625,5.5654296875,-2.9228515625
0.0185,-0.4404296875,5.8056640625,-4.4443359375
0.019,0.400390625,6.0458984375,-5.4453125
0.0195,1.0810546875,6.005859375,-6.166015625
0.02,2.2021484375,5.044921875,-6.5263671875
0.0205,3.5634765625,3.6435546875,-6.7265625
0.021,4.96484375,2.1220703125,-6.9267578125
0.0215,5.765625,0.880859375,-6.88671875
0.022,6.0458984375,0.16015625,-6.7265625
0.0225,5.845703125,-0.720703125,-6.0859375
0.023,5.4052734375,-1.8017578125,-4.8447265625
0.0235,5.1650390625,-3.2431640625,-3.4833984375
0.024,5.0048828125,-4.724609375,-2.001953125
0.0245,4.7646484375,-5.6455078125,-1.041015625
0.025,4.32421875,-6.166015625,-0.3203125
0.0255,3.3232421875,-6.2861328125,0.720703125
0.026,1.921875,-6.2861328125,2.162109375
0.0265,0.4404296875,-6.5263671875,3.8837890625
0.027,-0.6806640625,-6.6865234375,5.125
0.0275,-1.3212890625,-6.8466796875,6.005859375
0.028,-2.2021484375,-6.40625,6.56640625
0.0285,-3.4833984375,-5.125,6.7666015625
0.029,-4.8447265625,-3.603515625,6.966796875
0.0295,-6.0859375,-2.0419921875,7.0068359375
0.03,-6.6064453125,-1.0009765625,6.806640625
0.0305,-6.646484375,-0.2802734375,6.4462890625
0.031,-6.2861328125,0.6806640625,5.5654296875
0.0315,-5.8056640625,1.921875,4.1240234375
0.032,-5.60546875,3.4833984375,2.6025390625
0.0325,-5.3251953125,4.724609375,1.28125
0.033,-5.0048828125,5.4052734375,0.4404296875
0.0335,-4.3642578125,5.685546875,-0.48046875
0.034,-3.1630859375,5.7255859375,-1.521484375
0.0345,-1.6416015625,5.765625,-3.0830078125
0.035,0.0,5.92578125,-4.724609375
0.0355,0.7607421875,6.0859375,-5.765625
0.036,1.4013671875,6.0859375,-6.486328125
0.0365,2.322265625,5.365234375,-6.88671875
0.037,3.6435546875,3.8837890625,-7.0068359375
0.0375,5.0048828125,2.40234375,-7.126953125
0.038,5.9658203125,0.9609375,-7.046875
0.0385,6.2861328125,0.1201171875,-6.9267578125
0.039,6.166015625,-0.720703125,-6.40625
0.0395,5.7255859375,-1.6416015625,-5.28515625
0.04,5.28515625,-2.9228515625,-3.8837890625
0.0405,5.0849609375,-4.5244140625,-2.3623046875
0.041,4.8046875,-5.6455078125,-1.2412109375
0.0415,4.484375,-6.2861328125,-0.4404296875
0.042,3.7236328125,-6.40625,0.48046875
0.0425,2.4423828125,-6.3662109375,1.6416015625
0.043,0.9208984375,-6.486328125,3.3232421875
0.0435,-0.5205078125,-6.6865234375,4.8046875
0.044,-1.201171875,-6.8466796875,5.7255859375
0.0445,-1.841796875,-6.7265625,6.40625
0.045,-2.9228515625,-5.765625,6.6865234375
0.0455,-4.2841796875,-4.32421875,6.88671875
0.046,-5.6455078125,-2.72265625,7.0068359375
0.0465,-6.40625,-1.44140625,6.88671875
0.047,-6.6865234375,-0.6806640625,6.6865234375
0.0475,-6.40625,0.1201171875,6.0859375
0.048,-5.9658203125,1.201171875,4.8447265625
0.0485,-5.685546875,2.5625,3.4033203125
0.049,-5.4853515625,4.0439453125,1.921875
0.0495,-5.205078125,4.96484375,0.9208984375
0.05,-4.8046875,5.525390625,0.2001953125
0.0505,-3.84375,5.6455078125,-0.80078125
0.051,-2.4423828125,5.6455078125,-2.1220703125
0.0515,-0.9208984375,5.8857421875,-3.923828125
0.052,0.2802734375,6.005859375,-5.205078125
0.0525,0.9609375,6.2060546875,-6.1259765625
0.053,1.681640625,5.8857421875,-6.646484375
0.0535,2.8828125,4.64453125,-6.8466796875
0.054,4.2841796875,3.1630859375,-7.0869140625
0.0545,5.5654296875,1.6015625,-7.0869140625
0.055,6.1259765625,0.560546875,-7.0068359375
0.0555,6.24609375,-0.2802734375,-6.7265625
0.056,5.8857421875,-1.12109375,-5.8857421875
0.0565,5.4853515625,-2.322265625,-4.6044921875
0.057,5.2451171875,-3.8837890625,-3.0830078125
0.0575,5.0048828125,-5.2451171875,-1.7216796875
0.058,4.724609375,-5.9658203125,-0.80078125
0.0585,4.1640625,-6.3662109375,0.080078125
0.059,3.04296875,-6.40625,1.12109375
0.0595,1.521484375,-6.486328125,2.6826171875
0.06,0.0,-6.6865234375,4.404296875
0.0605,-0.9609375,-6.8466796875,5.525390625
0.061,-1.6015625,-6.9267578125,6.326171875
0.0615,-2.5625,-6.24609375,6.7265625
0.062,-3.923828125,-4.8046875,6.88671875
0.0625,-5.3251953125,-3.203125,7.046875
0.063,-6.326171875,-1.76171875,7.0068359375
0.0635,-6.7265625,-0.80078125,6.806640625
0.064,-6.6064453125,0.0,6.3662109375
0.0645,-6.166015625,0.9208984375,5.2451171875
0.065,-5.765625,2.2421875,3.8037109375
0.0655,-5.5654296875,3.8037109375,2.2421875
0.066,-5.2451171875,4.9248046875,1.0810546875
0.0665,-4.884765625,5.525390625,0.2802734375
0.067,-4.083984375,5.7255859375,-0.640625
0.0675,-2.802734375,5.6455078125,-1.8017578125
0.068,-1.28125,5.765625,-3.4033203125
0.0685,0.1201171875,5.92578125,-4.9248046875
0.069,0.880859375,6.0859375,-5.845703125
0.0695,1.521484375,5.9658203125,-6.486328125
0.07,2.482421875,5.0849609375,-6.7666015625
0.0705,3.84375,3.603515625,-6.9267578125
0.071,5.125,2.0419921875,-7.046875
0.0715,5.8857421875,0.7607421875,-6.88671875
0.072,6.1259765625,0.080078125,-6.7265625
0.0725,5.8857421875,-0.80078125,-6.1259765625
0.073,5.4453125,-1.76171875,-5.0048828125
0.0735,5.125,-3.0830078125,-3.68359375
0.074,4.96484375,-4.5244140625,-2.2021484375
0.0745,4.724609375,-5.4453125,-1.2412109375
0.075,4.404296875,-6.005859375,-0.5205078125
0.0755,3.5234375,-6.1259765625,0.4404296875
0.076,2.2421875,-6.1259765625,1.6416015625
0.0765,0.80078125,-6.3662109375,3.3232421875
0.077,-0.400390625,-6.5263671875,4.6044921875
0.0775,-1.0009765625,-6.7666015625,5.5654296875
0.078,-1.7216796875,-6.56640625,6.1259765625
0.0785,-2.8427734375,-5.525390625,6.40625
0.079,-4.1640625,-4.1640625,6.646484375
0.0795,-5.4453125,-2.642578125,6.7265625
0.08,-6.1259765625,-1.6015625,6.6865234375
0.0805,-6.3662109375,-0.9609375,6.5263671875
0.081,-6.1259765625,-0.2001953125,5.8857421875
0.0815,-5.765625,0.9609375,4.724609375
0.082,-5.525390625,2.4423828125,3.3232421875
0.0825,-5.365234375,3.84375,2.0419921875
0.083,-5.1650390625,4.6845703125,1.1611328125
0.0835,-4.6845703125,5.125,0.400390625
0.084,-3.7236328125,5.28515625,-0.640625
0.0845,-2.4423828125,5.4052734375,-2.001953125
0.085,-1.0009765625,5.6455078125,-3.7236328125
0.0855,0.0400390625,5.8857421875,-4.884765625
0.086,0.640625,6.0859375,-5.765625
0.0865,1.44140625,5.60546875,-6.2060546875
0.087,2.6826171875,4.4443359375,-6.4462890625
0.0875,4.0439453125,3.04296875,-6.6865234375
0.088,5.125,1.6416015625,-6.7265625
0.0885,5.6455078125,0.7607421875,-6.7265625
0.089,5.7255859375,0.080078125,-6.40625
0.0895,5.4052734375,-0.8408203125,-5.60546875
0.09,5.0849609375,-1.9619140625,-4.4443359375
0.0905,4.9248046875,-3.443359375,-3.04296875
0.091,4.8046875,-4.6044921875,-1.921875
0.0915,4.6044921875,-5.365234375,-1.1611328125
0.092,4.00390625,-5.685546875,-0.400390625
0.0925,2.962890625,-5.765625,0.7607421875
0.093,1.6416015625,-6.005859375,2.2021484375
0.0935,0.4404296875,-6.24609375,3.7236328125
0.094,-0.400390625,-6.56640625,4.7646484375
0.0945,-1.041015625,-6.6064453125,5.5654296875
0.095,-1.9619140625,-5.9658203125,5.92578125
0.0955,-3.2431640625,-4.7646484375,6.166015625
0.096,-4.564453125,-3.36328125,6.40625
0.0965,-5.4853515625,-2.162109375,6.40625
0.097,-5.8857421875,-1.4814453125,6.40625
0.0975,-5.845703125,-0.8408203125,6.005859375
0.098,-5.4853515625,0.16015625,5.125
0.0985,-5.28515625,1.4013671875,3.9638671875
0.099,-5.1650390625,2.8427734375,2.6826171875
0.0995,-5.0849609375,3.84375,1.76171875
0.1,-4.8447265625,4.484375,1.0009765625
0.1005,-4.1640625,4.7646484375,0.2802734375
0.101,-3.1630859375,4.9248046875,-0.9208984375
0.1015,-1.921875,5.2451171875,-2.4423828125
0.102,-0.8408203125,5.4853515625,-3.763671875
0.1025,-0.16015625,5.8056640625,-4.7646484375
0.103,0.6005859375,5.765625,-5.4453125
0.1035,1.5615234375,5.0048828125,-5.765625
0.104,2.802734375,3.8837890625,-6.1259765625
0.1045,4.083984375,2.482421875,-6.326171875
0.105,4.9248046875,1.521484375,-6.40625
0.1055,5.205078125,0.880859375,-6.486328125
0.106,5.125,0.240234375,-5.9658203125
0.1065,4.9248046875,-0.7607421875,-5.125
0.107,4.8046875,-2.0419921875,-3.9638671875
0.1075,4.7646484375,-3.36328125,-2.8427734375
0.108,4.6845703125,-4.32421875,-2.001953125
0.1085,4.484375,-4.96484375,-1.3212890625
0.109,3.7236328125,-5.205078125,-0.5205078125
0.1095,2.6826171875,-5.4853515625,0.80078125
0.11,1.4814453125,-5.845703125,2.322265625
0.1105,0.6005859375,-6.24609375,3.5634765625
0.111,0.0,-6.56640625,4.5244140625
0.1115,-0.9208984375,-6.3662109375,5.1650390625
0.112,-2.001953125,-5.4453125,5.525390625
0.1125,-3.3232421875,-4.3642578125,5.8857421875
0.113,-4.5244140625,-3.0830078125,6.0859375
0.1135,-5.205078125,-2.2822265625,6.24609375
0.114,-5.4453125,-1.6015625,6.166015625
0.1145,-5.3251953125,-0.880859375,5.5654296875
0.115,-5.1650390625,0.240234375,4.6845703125
0.1155,-5.125,1.5615234375,3.5634765625
0.116,-5.125,2.802734375,2.5625
0.1165,-5.044921875,3.6435546875,1.8818359375
0.117,-4.64453125,4.1240234375,1.12109375
0.1175,-3.84375,4.4443359375,0.16015625
0.118,-2.8427734375,4.8046875,-1.2412109375
0.1185,-1.681640625,5.125,-2.6826171875
0.119,-0.9609375,5.5654296875,-3.8037109375
0.1195,-0.3203125,5.8056640625,-4.6845703125
0.12,0.6806640625,5.4052734375,-5.205078125
0.1205,1.841796875,4.4443359375,-5.60546875
0.121,3.1630859375,3.203125,-5.9658203125
0.1215,4.1640625,2.08203125,-6.166015625
0.122,4.7646484375,1.4814453125,-6.3662109375
0.1225,4.9248046875,0.880859375,-6.166015625
0.123,4.7646484375,0.0400390625,-5.4453125
0.1235,4.724609375,-1.1611328125,-4.564453125
0.124,4.724609375,-2.5625,-3.4033203125
0.1245,4.724609375,-3.6435546875,-2.5625
0.125,4.6044921875,-4.484375,-1.8818359375
0.1255,4.1240234375,-4.884765625,-1.0810546875
0.126,3.203125,-5.1650390625,0.080078125
0.1265,2.162109375,-5.6455078125,1.521484375
0.127,1.12109375,-6.005859375,2.8828125
0.1275,0.48046875,-6.4462890625,3.9638671875
0.128,-0.3603515625,-6.4462890625,4.8046875
0.1285,-1.44140625,-5.845703125,5.2451171875
0.129,-2.6826171875,-4.8046875,5.6455078125
0.1295,-4.0439453125,-3.5634765625,5.92578125
0.13,-4.9248046875,-2.5224609375,6.2060546875
0.1305,-5.3251953125,-1.841796875,6.24609375
0.131,-5.3251953125,-1.1611328125,5.8056640625
0.1315,-5.125,-0.2802734375,4.96484375
0.132,-5.125,1.12109375,3.923828125
0.1325,-5.125,2.482421875,2.8427734375
0.133,-5.0849609375,3.443359375,2.001953125
0.1335,-4.8447265625,4.083984375,1.28125
0.134,-4.1240234375,4.404296875,0.4404296875
0.1345,-3.0830078125,4.6845703125,-0.880859375
0.135,-1.921875,5.0849609375,-2.40234375
0.1355,-1.041015625,5.4453125,-3.6435546875
0.136,-0.400390625,5.765625,-4.6044921875
0.1365,0.5205078125,5.525390625,-5.28515625
0.137,1.6015625,4.6044921875,-5.6455078125
0.1375,2.9228515625,3.443359375,-6.0458984375
0.138,4.1240234375,2.2421875,-6.2060546875
0.1385,4.8447265625,1.4013671875,-6.3662109375
0.139,5.0849609375,0.80078125,-6.2861328125
0.1395,4.9248046875,0.0,-5.60546875
0.14,4.7646484375,-1.12109375,-4.6845703125
0.1405,4.724609375,-2.5224609375,-3.5234375
0.141,4.6845703125,-3.7236328125,-2.482421875
0.1415,4.6044921875,-4.564453125,-1.7216796875
0.142,4.1640625,-5.044921875,-1.0009765625
0.1425,3.3232421875,-5.28515625,0.080078125
0.143,2.2021484375,-5.6455078125,1.44140625
0.1435,1.0810546875,-5.9658203125,2.8828125
0.144,0.3203125,-6.3662109375,4.0439453125
0.1445,-0.4404296875,-6.56640625,4.9248046875
0.145,-1.361328125,-6.0458984375,5.4052734375
0.1455,-2.642578125,-5.0048828125,5.7255859375
0.146,-4.0439453125,-3.603515625,6.0859375
0.1465,-5.0048828125,-2.4423828125,6.24609375
0.147,-5.525390625,-1.76171875,6.2861328125
0.1475,-5.5654296875,-1.0810546875,5.9658203125
0.148,-5.3251953125,-0.2001953125,5.125
0.1485,-5.1650390625,1.12109375,4.083984375
0.149,-5.125,2.5224609375,2.8427734375
0.1495,-5.0849609375,3.5634765625,1.921875
0.15,-4.884765625,4.2841796875,1.201171875
0.1505,-4.244140625,4.6044921875,0.4404296875
0.151,-3.203125,4.7646484375,-0.80078125
0.1515,-2.001953125,5.1650390625,-2.322265625
0.152,-1.0009765625,5.4453125,-3.68359375
0.1525,-0.3203125,5.765625,-4.724609375
0.153,0.5205078125,5.7255859375,-5.4453125
0.1535,1.5615234375,4.8447265625,-5.8056640625
0.154,2.8828125,3.763671875,-6.1259765625
0.1545,4.2041015625,2.40234375,-6.40625
0.155,5.044921875,1.3212890625,-6.4462890625
0.1555,5.3251953125,0.720703125,-6.4462890625
0.156,5.205078125,0.0,-5.8857421875
0.1565,4.96484375,-1.12109375,-4.884765625
0.157,4.8447265625,-2.4423828125,-3.7236328125
0.1575,4.7646484375,-3.84375,-2.482421875
0.158,4.64453125,-4.7646484375,-1.6416015625
0.1585,4.32421875,-5.3251953125,-0.9208984375
0.159,3.4833984375,-5.525390625,0.1201171875
0.1595,2.2822265625,-5.765625,1.4013671875
0.16,1.0009765625,-6.0859375,3.04296875
0.1605,0.1201171875,-6.4462890625,4.2041015625
0.161,-0.640625,-6.7265625,5.1650390625
0.1615,-1.521484375,-6.326171875,5.7255859375
0.162,-2.72265625,-5.1650390625,6.0859375
0.1625,-4.1640625,-3.8037109375,6.3662109375
0.163,-5.28515625,-2.4423828125,6.486328125
0.1635,-5.8857421875,-1.5615234375,6.5263671875
0.164,-6.005859375,-0.8408203125,6.24609375
0.1645,-5.7255859375,0.1201171875,5.4052734375
0.165,-5.4453125,1.28125,4.1640625
0.1655,-5.3251953125,2.8427734375,2.8427734375
0.166,-5.205078125,4.0439453125,1.7216796875
0.1665,-5.0048828125,4.7646484375,0.9208984375
0.167,-4.3642578125,5.0849609375,0.1201171875
0.1675,-3.203125,5.1650390625,-1.0810546875
0.168,-1.921875,5.4052734375,-2.6025390625
0.1685,-0.640625,5.6455078125,-4.2041015625
0.169,0.240234375,5.8857421875,-5.205078125
0.1695,0.9208984375,5.92578125,-6.0458984375
0.17,1.921875,5.1650390625,-6.3662109375
0.1705,3.283203125,3.8037109375,-6.56640625
0.171,4.64453125,2.2421875,-6.806640625
0.1715,5.60546875,1.041015625,-6.7666015625
0.172,5.8857421875,0.2802734375,-6.6865234375
0.1725,5.765625,-0.560546875,-6.1259765625
0.173,5.4052734375,-1.5615234375,-5.0048828125
0.1735,5.0849609375,-2.9228515625,-3.68359375
0.174,4.96484375,-4.484375,-2.2021484375
0.1745,4.7646484375,-5.4052734375,-1.2412109375
0.175,4.404296875,-6.005859375,-0.48046875
0.1755,3.4833984375,-6.1259765625,0.5205078125
0.176,2.162109375,-6.166015625,1.841796875
0.1765,0.6806640625,-6.4462890625,3.5234375
0.177,-0.5205078125,-6.6064453125,4.8447265625
0.1775,-1.1611328125,-6.8466796875,5.7255859375
0.178,-1.9619140625,-6.4462890625,6.3662109375
0.1785,-3.203125,-5.28515625,6.6064453125
0.179,-4.5244140625,-3.84375,6.7666015625
0.1795,-5.765625,-2.2822265625,6.88671875
0.18,-6.40625,-1.201171875,6.7265625
0.1805,-6.5263671875,-0.5205078125,6.486328125
0.181,-6.166015625,0.4404296875,5.685546875
0.1815,-5.765625,1.5615234375,4.32421875
0.182,-5.525390625,3.0830078125,2.8427734375
0.1825,-5.3251953125,4.4443359375,1.521484375
0.183,-5.0048828125,5.205078125,0.640625
0.1835,-4.4443359375,5.5654296875,-0.240234375
0.184,-3.36328125,5.5654296875,-1.2412109375
0.1845,-1.9619140625,5.60546875,-2.6826171875
0.185,-0.48046875,5.8056640625,-4.404296875
0.1855,0.5205078125,5.9658203125,-5.4853515625
0.186,1.1611328125,6.0859375,-6.2861328125
0.1865,2.0419921875,5.4853515625,-6.7265625
0.187,3.3232421875,4.1240234375,-6.8466796875
0.1875,4.64453125,2.642578125,-7.046875
0.188,5.7255859375,1.1611328125,-7.0068359375
0.1885,6.166015625,0.2802734375,-6.88671875
0.189,6.1259765625,-0.5205078125,-6.486328125
0.1895,5.7255859375,-1.44140625,-5.4453125
0.19,5.3251953125,-2.6826171875,-4.083984375
0.1905,5.0849609375,-4.244140625,-2.5625
0.191,4.8447265625,-5.4052734375,-1.361328125
0.1915,4.5244140625,-6.1259765625,-0.560546875
0.192,3.84375,-6.2861328125,0.3203125
0.1925,2.5625,-6.3662109375,1.4814453125
0.193,1.12109375,-6.486328125,3.0830078125
0.1935,-0.3603515625,-6.6865234375,4.6044921875
0.194,-1.0810546875,-6.806640625,5.6455078125
0.1945,-1.7216796875,-6.7666015625,6.3662109375
0.195,-2.7626953125,-5.845703125,6.6865234375
0.1955,-4.1240234375,-4.404296875,6.8466796875
0.196,-5.4853515625,-2.8427734375,6.966796875
0.1965,-6.3662109375,-1.521484375,6.8466796875
0.197,-6.6064453125,-0.720703125,6.6865234375
0.1975,-6.40625,0.1201171875,6.0859375
0.198,-5.9658203125,1.12109375,4.9248046875
0.1985,-5.6455078125,2.5224609375,3.4833984375
0.199,-5.4453125,3.9638671875,2.001953125
0.1995,-5.1650390625,4.96484375,0.9609375
0.2,-4.7646484375,5.525390625,0.16015625
0.2005,-3.8837890625,5.60546875,-0.80078125
0.201,-2.5224609375,5.60546875,-2.08203125
0.2015,-1.041015625,5.8056640625,-3.84375
0.202,0.2802734375,6.005859375,-5.125
0.2025,0.9208984375,6.166015625,-6.0859375
0.203,1.6416015625,5.8857421875,-6.646484375
0.2035,2.8427734375,4.724609375,-6.8466796875
0.204,4.1640625,3.2431640625,-7.046875
0.2045,5.4453125,1.6416015625,-7.0869140625
0.205,6.1259765625,0.560546875,-7.0068359375
0.2055,6.24609375,-0.2802734375,-6.7265625
0.206,5.8857421875,-1.0810546875,-5.92578125
0.2065,5.4853515625,-2.2421875,-4.64453125
0.207,5.2451171875,-3.7236328125,-3.123046875
0.2075,5.044921875,-5.125,-1.76171875
0.208,4.724609375,-5.9658203125,-0.80078125
0.2085,4.2041015625,-6.40625,0.0400390625
0.209,3.123046875,-6.4462890625,1.0810546875
0.2095,1.6015625,-6.5263671875,2.5224609375
0.21,0.1201171875,-6.646484375,4.32421875
0.2105,-0.9208984375,-6.8466796875,5.4453125
0.211,-1.5615234375,-6.9267578125,6.24609375
0.2115,-2.482421875,-6.326171875,6.7265625
0.212,-3.84375,-4.9248046875,6.9267578125
0.2125,-5.205078125,-3.36328125,7.046875
0.213,-6.2861328125,-1.8818359375,7.046875
0.2135,-6.7265625,-0.8408203125,6.88671875
0.214,-6.6865234375,-0.16015625,6.4462890625
0.2145,-6.2861328125,0.9208984375,5.365234375
0.215,-5.8056640625,2.2021484375,3.923828125
0.2155,-5.60546875,3.7236328125,2.40234375
0.216,-5.3251953125,4.9248046875,1.12109375
0.2165,-4.96484375,5.4853515625,0.2802734375
0.217,-4.1640625,5.7255859375,-0.640625
0.2175,-2.9228515625,5.7255859375,-1.76171875
0.218,-1.361328125,5.8056640625,-3.4033203125
0.2185,0.080078125,5.9658203125,-4.9248046875
0.219,0.880859375,6.0859375,-5.92578125
0.2195,1.521484375,6.0458984375,-6.56640625
0.22,2.5224609375,5.0849609375,-6.8466796875
0.2205,3.84375,3.68359375,-7.0068359375
0.221,5.125,2.1220703125,-7.0869140625
0.2215,5.9658203125,0.80078125,-6.966796875
0.222,6.2060546875,0.0400390625,-6.806640625
0.2225,6.005859375,-0.80078125,-6.2060546875
0.223,5.5654296875,-1.76171875,-5.0849609375
0.2235,5.205078125,-3.04296875,-3.68359375
0.224,4.96484375,-4.5244140625,-2.2021484375
0.2245,4.7646484375,-5.525390625,-1.1611328125
0.225,4.404296875,-6.1259765625,-0.4404296875
0.2255,3.5234375,-6.24609375,0.48046875
0.226,2.2822265625,-6.24609375,1.7216796875
0.2265,0.8408203125,-6.40625,3.3232421875
0.227,-0.4404296875,-6.56640625,4.64453125
0.2275,-1.12109375,-6.7666015625,5.60546875
0.228,-1.8017578125,-6.56640625,6.24609375
0.2285,-2.8828125,-5.525390625,6.4462890625
0.229,-4.1640625,-4.1640625,6.6865234375
0.2295,-5.4453125,-2.72265625,6.7666015625
0.23,-6.166015625,-1.5615234375,6.6865234375
0.2305,-6.40625,-0.8408203125,6.56640625
0.231,-6.1259765625,0.0,5.8857421875
0.2315,-5.765625,1.0009765625,4.7646484375
0.232,-5.525390625,2.40234375,3.36328125
0.2325,-5.3251953125,3.763671875,2.001953125
0.233,-5.125,4.64453125,1.0810546875
0.2335,-4.724609375,5.205078125,0.3603515625
0.234,-3.8037109375,5.3251953125,-0.640625
0.2345,-2.5224609375,5.4453125,-1.9619140625
0.235,-1.0810546875,5.685546875,-3.603515625
0.2355,0.0,5.8857421875,-4.8447265625
0.236,0.6005859375,6.0859375,-5.7255859375
0.2365,1.4013671875,5.7255859375,-6.24609375
0.237,2.6025390625,4.5244140625,-6.4462890625
0.2375,3.923828125,3.1630859375,-6.6865234375
0.238,5.0849609375,1.76171875,-6.7265625
0.2385,5.6455078125,0.8408203125,-6.7265625
0.239,5.7255859375,0.16015625,-6.4462890625
0.2395,5.4453125,-0.720703125,-5.6455078125
0.24,5.125,-1.8818359375,-4.5244140625
0.2405,4.96484375,-3.36328125,-3.1630859375
0.241,4.8046875,-4.564453125,-1.9619140625
0.2415,4.6044921875,-5.3251953125,-1.201171875
0.242,4.1240234375,-5.7255859375,-0.4404296875
0.2425,3.04296875,-5.8056640625,0.6806640625
0.243,1.8017578125,-6.0458984375,2.08203125
0.2435,0.5205078125,-6.24609375,3.603515625
0.244,-0.3203125,-6.5263671875,4.6845703125
0.2445,-1.0009765625,-6.6865234375,5.4853515625
0.245,-1.8818359375,-6.0859375,5.92578125
0.2455,-3.123046875,-4.884765625,6.166015625
0.246,-4.484375,-3.5234375,6.40625
0.2465,-5.4453125,-2.2421875,6.40625
0.247,-5.845703125,-1.4814453125,6.486328125
0.2475,-5.845703125,-0.8408203125,6.0859375
0.248,-5.5654296875,0.16015625,5.1650390625
0.2485,-5.3251953125,1.2412109375,4.1240234375
0.249,-5.205078125,2.6826171875,2.802734375
0.2495,-5.125,3.8037109375,1.841796875
0.25,-4.884765625,4.5244140625,1.0810546875
0.2505,-4.2841796875,4.8046875,0.3203125
0.251,-3.203125,4.9248046875,-0.8408203125
0.2515,-2.001953125,5.2451171875,-2.322265625
0.252,-0.880859375,5.4853515625,-3.7236328125
0.2525,-0.2001953125,5.8056640625,-4.7646484375
0.253,0.6005859375,5.845703125,-5.4853515625
0.2535,1.5615234375,5.0849609375,-5.8056640625
0.254,2.7626953125,3.9638671875,-6.1259765625
0.2545,4.083984375,2.6025390625,-6.3662109375
0.255,4.884765625,1.5615234375,-6.4462890625
0.2555,5.28515625,0.9208984375,-6.486328125
0.256,5.2451171875,0.240234375,-6.0458984375
0.2565,4.96484375,-0.80078125,-5.1650390625
0.257,4.8447265625,-2.08203125,-4.0439453125
0.2575,4.7646484375,-3.4033203125,-2.8427734375
0.258,4.6845703125,-4.404296875,-2.001953125
0.2585,4.484375,-5.044921875,-1.28125
0.259,3.763671875,-5.3251953125,-0.400390625
0.2595,2.72265625,-5.5654296875,0.880859375
0.26,1.521484375,-5.92578125,2.3623046875
0.2605,0.6005859375,-6.24609375,3.6435546875
0.261,-0.2001953125,-6.56640625,4.6044921875
0.2615,-1.0009765625,-6.40625,5.28515625
0.262,-2.08203125,-5.4853515625,5.6455078125
0.2625,-3.4033203125,-4.32421875,6.005859375
0.263,-4.6044921875,-3.04296875,6.166015625
0.2635,-5.3251953125,-2.1220703125,6.326171875
0.264,-5.5654296875,-1.4814453125,6.2060546875
0.2645,-5.4453125,-0.80078125,5.60546875
0.265,-5.205078125,0.3203125,4.6845703125
0.2655,-5.1650390625,1.6416015625,3.5234375
0.266,-5.125,2.9228515625,2.4423828125
0.2665,-5.0048828125,3.8037109375,1.681640625
0.267,-4.64453125,4.32421875,0.9609375
0.2675,-3.84375,4.5244140625,0.0400390625
0.268,-2.7626953125,4.884765625,-1.3212890625
0.2685,-1.6015625,5.2451171875,-2.8427734375
0.269,-0.80078125,5.5654296875,-3.923828125
0.2695,-0.2001953125,5.8056640625,-4.8447265625
0.27,0.7607421875,5.4052734375,-5.365234375
0.2705,1.921875,4.484375,-5.685546875
0.271,3.203125,3.2431640625,-6.0458984375
0.2715,4.244140625,2.08203125,-6.1259765625
0.272,4.8447265625,1.4013671875,-6.3662109375
0.2725,4.96484375,0.6806640625,-6.1259765625
0.273,4.8447265625,-0.16015625,-5.4453125
0.2735,4.724609375,-1.2412109375,-4.564453125
0.274,4.724609375,-2.5625,-3.4033203125
0.2745,4.64453125,-3.7236328125,-2.5224609375
0.275,4.6044921875,-4.5244140625,-1.8017578125
0.2755,4.1240234375,-4.96484375,-1.041015625
0.276,3.203125,-5.205078125,0.1201171875
0.2765,2.2021484375,-5.6455078125,1.4814453125
0.277,1.1611328125,-5.9658203125,2.8427734375
0.2775,0.48046875,-6.40625,3.923828125
0.278,-0.3603515625,-6.486328125,4.8046875
0.2785,-1.361328125,-5.92578125,5.2451171875
0.279,-2.6025390625,-4.884765625,5.6455078125
0.2795,-3.923828125,-3.603515625,5.9658203125
0.28,-4.8447265625,-2.6025390625,6.1259765625
0.2805,-5.28515625,-1.9619140625,6.24609375
0.281,-5.3251953125,-1.28125,5.8857421875
0.2815,-5.205078125,-0.3603515625,5.0849609375
0.282,-5.1650390625,0.9609375,4.1240234375
0.2825,-5.125,2.2822265625,2.962890625
0.283,-5.0849609375,3.283203125,2.162109375
0.2835,-4.884765625,3.9638671875,1.44140625
0.284,-4.244140625,4.32421875,0.6005859375
0.2845,-3.2431640625,4.64453125,-0.640625
0.285,-2.1220703125,5.044921875,-2.162109375
0.2855,-1.2412109375,5.4052734375,-3.4033203125
0.286,-0.6005859375,5.765625,-4.4443359375
0.2865,0.3203125,5.60546875,-5.125
0.287,1.4013671875,4.8046875,-5.4853515625
0.2875,2.6826171875,3.763671875,-5.8857421875
0.288,3.8837890625,2.482421875,-6.1259765625
0.2885,4.64453125,1.5615234375,-6.2861328125
0.289,4.96484375,0.9609375,-6.2861328125
0.2895,4.884765625,0.240234375,-5.7255859375
0.29,4.7646484375,-0.8408203125,-4.8447265625
0.2905,4.7646484375,-2.2021484375,-3.8037109375
0.291,4.724609375,-3.443359375,-2.72265625
0.2915,4.64453125,-4.3642578125,-1.9619140625
0.292,4.32421875,-4.884765625,-1.2412109375
0.2925,3.5234375,-5.1650390625,-0.2802734375
0.293,2.4423828125,-5.525390625,1.12109375
0.2935,1.3212890625,-5.92578125,2.5625
0.294,0.560546875,-6.2861328125,3.763671875
0.2945,-0.2802734375,-6.56640625,4.724609375
0.295,-1.1611328125,-6.1259765625,5.28515625
0.2955,-2.3623046875,-5.125,5.6455078125
0.296,-3.763671875,-3.8837890625,6.005859375
0.2965,-4.8046875,-2.72265625,6.1259765625
0.297,-5.4052734375,-1.9619140625,6.2861328125
0.2975,-5.525390625,-1.28125,6.0458984375
0.298,-5.3251953125,-0.400390625,5.2451171875
0.2985,-5.1650390625,0.8408203125,4.244140625
0.299,-5.1650390625,2.2822265625,3.04296875
0.2995,-5.125,3.4033203125,2.0419921875
0.3,-4.96484375,4.1640625,1.3212890625
0.3005,-4.3642578125,4.5244140625,0.560546875
0.301,-3.36328125,4.724609375,-0.640625
0.3015,-2.2021484375,5.125,-2.1220703125
0.302,-1.1611328125,5.4052734375,-3.5234375
0.3025,-0.400390625,5.765625,-4.564453125
0.303,0.4404296875,5.765625,-5.365234375
0.3035,1.4814453125,5.0048828125,-5.7255859375
0.304,2.7626953125,3.84375,-6.0859375
0.3045,4.083984375,2.482421875,-6.3662109375
0.305,4.9248046875,1.4013671875,-6.4462890625
0.3055,5.28515625,0.7607421875,-6.40625
0.306,5.2451171875,0.0400390625,-5.92578125
0.3065,4.96484375,-1.0009765625,-5.0048828125
0.307,4.8447265625,-2.322265625,-3.8037109375
0.3075,4.7646484375,-3.7236328125,-2.5625
0.308,4.64453125,-4.64453125,-1.681640625
0.3085,4.404296875,-5.28515625,-1.0009765625
0.309,3.5634765625,-5.4853515625,0.0
0.3095,2.40234375,-5.7255859375,1.28125
0.31,1.1611328125,-6.0458984375,2.8427734375
0.3105,0.2802734375,-6.3662109375,4.083984375
0.311,-0.5205078125,-6.646484375,5.044921875
0.3115,-1.361328125,-6.2861328125,5.6455078125
0.312,-2.5625,-5.2451171875,5.92578125
0.3125,-3.923828125,-4.00390625,6.24609375
0.313,-5.125,-2.642578125,6.3662109375
0.3135,-5.765625,-1.681640625,6.40625
0.314,-5.92578125,-1.0009765625,6.24609375
0.3145,-5.6455078125,-0.2001953125,5.4453125
0.315,-5.4052734375,1.041015625,4.32421875
0.3155,-5.28515625,2.5224609375,3.04296875
0.316,-5.1650390625,3.7236328125,1.921875
0.3165,-5.0048828125,4.5244140625,1.12109375
0.317,-4.484375,4.96484375,0.3203125
0.3175,-3.443359375,5.044921875,-0.80078125
0.318,-2.162109375,5.28515625,-2.2421875
0.3185,-0.9208984375,5.60546875,-3.8037109375
0.319,0.0,5.8857421875,-4.884765625
0.3195,0.640625,6.005859375,-5.765625
0.32,1.6416015625,5.28515625,-6.166015625
0.3205,2.9228515625,4.00390625,-6.4462890625
0.321,4.32421875,2.5625,-6.6865234375
0.3215,5.28515625,1.3212890625,-6.7265625
0.322,5.7255859375,0.560546875,-6.6865234375
0.3225,5.7255859375,-0.3203125,-6.24609375
0.323,5.365234375,-1.28125,-5.205078125
0.3235,5.0849609375,-2.5625,-3.8837890625
0.324,5.0048828125,-4.083984375,-2.5224609375
0.3245,4.8046875,-5.1650390625,-1.4814453125
0.325,4.5244140625,-5.8056640625,-0.6806640625
0.3255,3.7236328125,-6.0458984375,0.2802734375
0.326,2.40234375,-6.1259765625,1.5615234375
0.3265,0.9609375,-6.3662109375,3.2431640625
0.327,-0.240234375,-6.56640625,4.6044921875
0.3275,-0.9609375,-6.806640625,5.5654296875
0.328,-1.76171875,-6.56640625,6.24609375
0.3285,-2.962890625,-5.4853515625,6.5263671875
0.329,-4.3642578125,-4.0439453125,6.7265625
0.3295,-5.6455078125,-2.4423828125,6.88671875
0.33,-6.3662109375,-1.3212890625,6.7666015625
0.3305,-6.5263671875,-0.6005859375,6.5263671875
0.331,-6.2861328125,0.3603515625,5.765625
0.3315,-5.845703125,1.521484375,4.4443359375
0.332,-5.5654296875,3.04296875,2.9228515625
0.3325,-5.365234375,4.404296875,1.5615234375
0.333,-5.044921875,5.1650390625,0.640625
0.3335,-4.5244140625,5.60546875,-0.2001953125
0.334,-3.4033203125,5.6455078125,-1.2412109375
0.3345,-1.9619140625,5.685546875,-2.6826171875
0.335,-0.5205078125,5.8857421875,-4.3642578125
0.3355,0.6005859375,6.005859375,-5.525390625
0.336,1.201171875,6.0859375,-6.3662109375
0.3365,2.08203125,5.4453125,-6.806640625
0.337,3.36328125,4.083984375,-6.966796875
0.3375,4.724609375,2.642578125,-7.0869140625
0.338,5.765625,1.12109375,-7.046875
0.3385,6.2060546875,0.2001953125,-6.88671875
0.339,6.2060546875,-0.640625,-6.486328125
0.3395,5.8056640625,-1.521484375,-5.4853515625
0.34,5.4052734375,-2.7626953125,-4.1240234375
0.3405,5.0849609375,-4.32421875,-2.5224609375
0.341,4.8447265625,-5.4853515625,-1.3212890625
0.3415,4.5244140625,-6.166015625,-0.5205078125
0.342,3.84375,-6.4462890625,0.400390625
0.3425,2.5625,-6.40625,1.5615234375
0.343,1.12109375,-6.5263671875,3.1630859375
0.3435,-0.3603515625,-6.646484375,4.6845703125
0.344,-1.1611328125,-6.806640625,5.7255859375
0.3445,-1.8017578125,-6.8466796875,6.40625
0.345,-2.8427734375,-5.9658203125,6.7666015625
0.3455,-4.2041015625,-4.484375,6.9267578125
0.346,-5.525390625,-2.8828125,7.046875
0.3465,-6.40625,-1.521484375,6.88671875
0.347,-6.6865234375,-0.720703125,6.7265625
0.3475,-6.486328125,0.1201171875,6.166015625
0.348,-6.0859375,1.12109375,4.96484375
0.3485,-5.7255859375,2.4423828125,3.5634765625
0.349,-5.4453125,3.9638671875,2.0419921875
0.3495,-5.205078125,4.96484375,1.0009765625
0.35,-4.8447265625,5.525390625,0.240234375
0.3505,-3.9638671875,5.7255859375,-0.720703125
0.351,-2.6025390625,5.685546875,-2.001953125
0.3515,-1.1611328125,5.845703125,-3.68359375
0.352,0.2001953125,5.9658203125,-5.044921875
0.3525,0.880859375,6.1259765625,-5.9658203125
0.353,1.5615234375,5.8857421875,-6.6064453125
0.3535,2.6826171875,4.8447265625,-6.806640625
0.354,4.0439453125,3.443359375,-7.0068359375
0.3545,5.365234375,1.841796875,-7.0869140625
0.355,6.0458984375,0.6806640625,-6.966796875
0.3555,6.2060546875,0.0,-6.7666015625
0.356,5.9658203125,-0.9609375,-6.0859375
0.3565,5.525390625,-2.0419921875,-4.8447265625
0.357,5.2451171875,-3.5234375,-3.36328125
0.3575,5.044921875,-4.884765625,-1.9619140625
0.358,4.7646484375,-5.765625,-1.0009765625
0.3585,4.32421875,-6.2861328125,-0.240234375
0.359,3.283203125,-6.3662109375,0.880859375
0.3595,1.8818359375,-6.40625,2.2822265625
0.36,0.3203125,-6.6064453125,4.00390625
0.3605,-0.720703125,-6.806640625,5.205078125
0.361,-1.361328125,-6.966796875,6.0859375
0.3615,-2.2822265625,-6.40625,6.646484375
0.362,-3.603515625,-5.125,6.8466796875
0.3625,-4.96484375,-3.603515625,7.046875
0.363,-6.1259765625,-2.0419921875,7.046875
0.3635,-6.6064453125,-1.041015625,6.88671875
0.364,-6.6865234375,-0.3203125,6.5263671875
0.3645,-6.2861328125,0.6806640625,5.5654296875
0.365,-5.8857421875,1.9619140625,4.1240234375
0.3655,-5.6455078125,3.5634765625,2.5625
0.366,-5.4052734375,4.7646484375,1.28125
0.3665,-5.044921875,5.4853515625,0.48046875
0.367,-4.3642578125,5.765625,-0.48046875
0.3675,-3.123046875,5.765625,-1.6015625
0.368,-1.5615234375,5.8857421875,-3.2431640625
0.3685,0.0,5.9658203125,-4.8447265625
0.369,0.7607421875,6.1259765625,-5.845703125
0.3695,1.44140625,6.0859375,-6.6064453125
0.37,2.482421875,5.2451171875,-6.9267578125
0.3705,3.8037109375,3.8037109375,-7.0869140625
0.371,5.125,2.2421875,-7.1669921875
0.3715,6.005859375,0.8408203125,-7.046875
0.372,6.2861328125,0.0400390625,-6.8466796875
0.3725,6.1259765625,-0.80078125,-6.2861328125
0.373,5.6455078125,-1.8017578125,-5.125
0.3735,5.28515625,-3.1630859375,-3.68359375
0.374,5.044921875,-4.64453125,-2.2421875
0.3745,4.7646484375,-5.6455078125,-1.12109375
0.375,4.4443359375,-6.2060546875,-0.3603515625
0.3755,3.5634765625,-6.3662109375,0.6005859375
0.376,2.2421875,-6.3662109375,1.8017578125
0.3765,0.7607421875,-6.5263671875,3.443359375
0.377,-0.5205078125,-6.646484375,4.8046875
0.3775,-1.201171875,-6.806640625,5.7255859375
0.378,-1.8818359375,-6.6064453125,6.3662109375
0.3785,-2.962890625,-5.60546875,6.646484375
0.379,-4.32421875,-4.1640625,6.7666015625
0.3795,-5.5654296875,-2.642578125,6.8466796875
0.38,-6.2861328125,-1.44140625,6.6865234375
0.3805,-6.4462890625,-0.80078125,6.56640625
0.381,-6.24609375,0.0400390625,5.92578125
0.3815,-5.8056640625,1.0810546875,4.8046875
0.382,-5.5654296875,2.482421875,3.443359375
0.3825,-5.3251953125,3.84375,2.0419921875
0.383,-5.125,4.724609375,1.12109375
0.3835,-4.724609375,5.2451171875,0.3603515625
0.384,-3.84375,5.4052734375,-0.640625
0.3845,-2.5224609375,5.4453125,-1.9619140625
0.385,-1.12109375,5.7255859375,-3.603515625
0.3855,0.0400390625,5.8857421875,-4.8447265625
0.386,0.6005859375,6.1259765625,-5.765625
0.3865,1.4013671875,5.765625,-6.326171875
0.387,2.6025390625,4.64453125,-6.56640625
0.3875,3.9638671875,3.3232421875,-6.7666015625
0.388,5.125,1.841796875,-6.806640625
0.3885,5.7255859375,0.880859375,-6.806640625
0.389,5.8857421875,0.16015625,-6.6064453125
0.3895,5.60546875,-0.720703125,-5.845703125
0.39,5.28515625,-1.8818359375,-4.64453125
0.3905,5.0849609375,-3.36328125,-3.2431640625
0.391,4.9248046875,-4.64453125,-2.001953125
0.3915,4.724609375,-5.4453125,-1.201171875
0.392,4.1640625,-5.845703125,-0.400390625
0.3925,3.1630859375,-6.0458984375,0.720703125
0.393,1.841796875,-6.24609375,2.2021484375
0.3935,0.4404296875,-6.40625,3.8037109375
0.394,-0.4404296875,-6.6064453125,4.8447265625
0.3945,-1.041015625,-6.7666015625,5.685546875
0.395,-2.001953125,-6.1259765625,6.1259765625
0.3955,-3.283203125,-4.884765625,6.3662109375
0.396,-4.64453125,-3.4833984375,6.56640625
0.3965,-5.6455078125,-2.1220703125,6.5263671875
0.397,-6.0859375,-1.3212890625,6.5263671875
0.3975,-6.0458984375,-0.640625,6.1259765625
0.398,-5.7255859375,0.3603515625,5.205078125
0.3985,-5.4453125,1.5615234375,4.00390625
0.399,-5.28515625,3.0029296875,2.642578125
0.3995,-5.125,4.0439453125,1.6416015625
0.4,-4.884765625,4.724609375,0.9208984375
0.4005,-4.244140625,4.96484375,0.1201171875
0.401,-3.1630859375,5.0849609375,-1.12109375
0.4015,-1.841796875,5.4052734375,-2.6025390625
0.402,-0.640625,5.5654296875,-4.00390625
0.4025,0.1201171875,5.845703125,-5.0048828125
0.403,0.7607421875,5.845703125,-5.685546875
0.4035,1.76171875,5.0849609375,-6.0458984375
0.404,2.962890625,3.8837890625,-6.2861328125
0.4045,4.2041015625,2.5224609375,-6.4462890625
0.405,5.044921875,1.4013671875,-6.486328125
0.4055,5.4052734375,0.7607421875,-6.486328125
0.406,5.365234375,0.080078125,-6.0458984375
0.4065,5.0849609375,-0.9208984375,-5.1650390625
0.407,4.884765625,-2.2021484375,-4.00390625
0.4075,4.7646484375,-3.5234375,-2.802734375
0.408,4.64453125,-4.5244140625,-1.8818359375
0.4085,4.484375,-5.205078125,-1.2412109375
0.409,3.763671875,-5.4853515625,-0.3603515625
0.4095,2.6826171875,-5.6455078125,0.9208984375
0.41,1.4814453125,-5.9658203125,2.40234375
0.4105,0.5205078125,-6.2861328125,3.6435546875
0.411,-0.240234375,-6.6064453125,4.64453125
0.4115,-1.0009765625,-6.4462890625,5.3251953125
0.412,-2.08203125,-5.60546875,5.685546875
0.4125,-3.36328125,-4.4443359375,6.0458984375
0.413,-4.564453125,-3.123046875,6.2060546875
0.4135,-5.3251953125,-2.2021484375,6.326171875
0.414,-5.60546875,-1.5615234375,6.2861328125
0.4145,-5.4853515625,-0.80078125,5.7255859375
0.415,-5.28515625,0.2802734375,4.8046875
0.4155,-5.205078125,1.5615234375,3.68359375
0.416,-5.1650390625,2.8427734375,2.6025390625
0.4165,-5.0849609375,3.68359375,1.841796875
0.417,-4.7646484375,4.244140625,1.12109375
0.4175,-3.9638671875,4.5244140625,0.2001953125
0.418,-2.8828125,4.884765625,-1.2412109375
0.4185,-1.7216796875,5.205078125,-2.642578125
0.419,-0.9208984375,5.5654296875,-3.84375
0.4195,-0.3203125,5.845703125,-4.7646484375
0.42,0.640625,5.4853515625,-5.3251953125
0.4205,1.8017578125,4.6044921875,-5.7255859375
0.421,3.1630859375,3.4033203125,-6.0458984375
0.4215,4.1640625,2.2421875,-6.166015625
0.422,4.8046875,1.521484375,-6.3662109375
0.4225,4.96484375,0.880859375,-6.2060546875
0.423,4.8447265625,0.080078125,-5.60546875
0.4235,4.7646484375,-1.12109375,-4.6845703125
0.424,4.7646484375,-2.4423828125,-3.5634765625
0.4245,4.6845703125,-3.603515625,-2.6025390625
0.425,4.64453125,-4.484375,-1.9619140625
0.4255,4.1640625,-4.884765625,-1.1611328125
0.426,3.3232421875,-5.1650390625,0.0
0.4265,2.2822265625,-5.60546875,1.361328125
0.427,1.2412109375,-5.92578125,2.72265625
0.4275,0.560546875,-6.40625,3.8037109375
0.428,-0.2802734375,-6.5263671875,4.6845703125
0.4285,-1.28125,-5.9658203125,5.205078125
0.429,-2.5224609375,-5.0048828125,5.60546875
0.4295,-3.84375,-3.7236328125,5.92578125
0.43,-4.7646484375,-2.6826171875,6.1259765625
0.4305,-5.28515625,-2.0419921875,6.24609375
0.431,-5.365234375,-1.361328125,5.9658203125
0.4315,-5.205078125,-0.48046875,5.1650390625
0.432,-5.1650390625,0.8408203125,4.2041015625
0.4325,-5.125,2.2021484375,3.0830078125
0.433,-5.125,3.1630859375,2.2421875
0.4335,-4.96484375,3.9638671875,1.5615234375
0.434,-4.3642578125,4.32421875,0.6806640625
0.4345,-3.36328125,4.64453125,-0.6005859375
0.435,-2.2021484375,5.0849609375,-2.08203125
0.4355,-1.28125,5.4052734375,-3.36328125
0.436,-0.640625,5.765625,-4.3642578125
0.4365,0.2802734375,5.685546875,-5.0849609375
0.437,1.361328125,4.884765625,-5.525390625
0.4375,2.642578125,3.84375,-5.8857421875
0.438,3.8837890625,2.5224609375,-6.1259765625
0.4385,4.64453125,1.6416015625,-6.326171875
0.439,5.0048828125,1.0009765625,-6.326171875
0.4395,4.96484375,0.2802734375,-5.8056640625
0.44,4.8046875,-0.80078125,-4.9248046875
0.4405,4.8046875,-2.2421875,-3.8037109375
0.441,4.724609375,-3.4833984375,-2.7626953125
0.4415,4.6044921875,-4.3642578125,-1.9619140625
0.442,4.3642578125,-4.9248046875,-1.28125
0.4425,3.5234375,-5.205078125,-0.3203125
0.443,2.5224609375,-5.525390625,1.0810546875
0.4435,1.3212890625,-5.92578125,2.5625
0.444,0.560546875,-6.326171875,3.763671875
0.4445,-0.2001953125,-6.56640625,4.6845703125
0.445,-1.12109375,-6.166015625,5.28515625
0.4455,-2.322265625,-5.1650390625,5.6455078125
0.446,-3.7236328125,-3.923828125,6.005859375
0.4465,-4.8046875,-2.72265625,6.1259765625
0.447,-5.365234375,-1.9619140625,6.24609375
0.4475,-5.4853515625,-1.3212890625,6.0859375
0.448,-5.3251953125,-0.4404296875,5.28515625
0.4485,-5.205078125,0.6806640625,4.3642578125
0.449,-5.1650390625,2.162109375,3.123046875
0.4495,-5.125,3.283203125,2.162109375
0.45,-4.96484375,4.083984375,1.44140625
0.4505,-4.4443359375,4.484375,0.6806640625
0.451,-3.4833984375,4.6845703125,-0.5205078125
0.4515,-2.322265625,5.0849609375,-1.9619140625
0.452,-1.28125,5.4052734375,-3.3232421875
0.4525,-0.560546875,5.7255859375,-4.4443359375
0.453,0.2802734375,5.8056640625,-5.205078125
0.4535,1.28125,5.125,-5.6455078125
0.454,2.5224609375,4.00390625,-6.005859375
0.4545,3.8837890625,2.6826171875,-6.2861328125
0.455,4.7646484375,1.6416015625,-6.40625
0.4555,5.1650390625,0.9609375,-6.4462890625
0.456,5.1650390625,0.2802734375,-6.0458984375
0.4565,4.96484375,-0.80078125,-5.125
0.457,4.8046875,-2.08203125,-4.00390625
0.4575,4.8046875,-3.443359375,-2.8427734375
0.458,4.6845703125,-4.4443359375,-1.9619140625
0.4585,4.484375,-5.125,-1.2412109375
0.459,3.7236328125,-5.4052734375,-0.3603515625
0.4595,2.6826171875,-5.6455078125,0.9609375
0.46,1.4013671875,-6.005859375,2.5625
0.4605,0.48046875,-6.3662109375,3.84375
0.461,-0.2802734375,-6.646484375,4.8447265625
0.4615,-1.1611328125,-6.40625,5.525390625
0.462,-2.3623046875,-5.4453125,5.8857421875
0.4625,-3.7236328125,-4.1640625,6.24609375
0.463,-4.96484375,-2.7626953125,6.3662109375
0.4635,-5.6455078125,-1.841796875,6.4462890625
0.464,-5.845703125,-1.1611328125,6.326171875
0.4645,-5.6455078125,-0.3603515625,5.5654296875
0.465,-5.4453125,0.80078125,4.484375
0.4655,-5.3251953125,2.2822265625,3.2431640625
0.466,-5.205078125,3.5634765625,2.0419921875
0.4665,-5.0849609375,4.4443359375,1.28125
0.467,-4.564453125,4.8447265625,0.48046875
0.4675,-3.5634765625,5.0048828125,-0.640625
0.468,-2.2822265625,5.2451171875,-2.08203125
0.4685,-1.041015625,5.5654296875,-3.6435546875
0.469,-0.2001953125,5.8056640625,-4.7646484375
0.4695,0.560546875,5.9658203125,-5.6455078125
0.47,1.4814453125,5.365234375,-6.1259765625
0.4705,2.802734375,4.1240234375,-6.3662109375
0.471,4.1640625,2.72265625,-6.6064453125
0.4715,5.1650390625,1.4013671875,-6.6865234375
0.472,5.60546875,0.48046875,-6.7265625
0.4725,5.6455078125,-0.2001953125,-6.2861328125
0.473,5.365234375,-1.1611328125,-5.28515625
0.4735,5.0849609375,-2.40234375,-4.0439453125
0.474,4.96484375,-3.8837890625,-2.642578125
0.4745,4.8046875,-5.0048828125,-1.6015625
0.475,4.5244140625,-5.685546875,-0.8408203125
0.4755,3.8037109375,-5.92578125,0.1201171875
0.476,2.5625,-6.0458984375,1.3212890625
0.4765,1.201171875,-6.2861328125,2.962890625
0.477,0.0400390625,-6.5263671875,4.32421875
0.4775,-0.7607421875,-6.7666015625,5.365234375
0.478,-1.5615234375,-6.6064453125,6.0859375
0.4785,-2.72265625,-5.6455078125,6.40625
0.479,-4.1240234375,-4.2041015625,6.6865234375
0.4795,-5.4453125,-2.6826171875,6.7666015625
0.48,-6.166015625,-1.44140625,6.806640625
0.4805,-6.40625,-0.80078125,6.5263671875
0.481,-6.2060546875,0.080078125,5.8857421875
0.4815,-5.8056640625,1.2412109375,4.6044921875
0.482,-5.5654296875,2.6826171875,3.203125
0.4825,-5.4052734375,4.1240234375,1.841796875
0.483,-5.125,4.96484375,0.9208984375
0.4835,-4.64453125,5.4453125,0.1201171875
0.484,-3.68359375,5.5654296875,-0.9609375
0.4845,-2.2421875,5.60546875,-2.3623046875
0.485,-0.80078125,5.845703125,-4.0439453125
0.4855,0.3203125,5.9658203125,-5.28515625
0.486,0.9609375,6.1259765625,-6.1259765625
0.4865,1.841796875,5.6455078125,-6.646484375
0.487,3.123046875,4.32421875,-6.8466796875
0.4875,4.484375,2.8427734375,-7.0068359375
0.488,5.685546875,1.28125,-7.126953125
0.4885,6.1259765625,0.3203125,-6.9267578125
0.489,6.1259765625,-0.48046875,-6.56640625
0.4895,5.765625,-1.28125,-5.6455078125
0.49,5.4052734375,-2.5224609375,-4.244140625
0.4905,5.125,-4.0439453125,-2.7626953125
0.491,4.9248046875,-5.28515625,-1.4814453125
0.4915,4.6044921875,-6.005859375,-0.640625
0.492,3.9638671875,-6.3662109375,0.240234375
0.4925,2.7626953125,-6.3662109375,1.361328125
0.493,1.28125,-6.4462890625,2.9228515625
0.4935,-0.2001953125,-6.646484375,4.5244140625
0.494,-1.0009765625,-6.806640625,5.5654296875
0.4945,-1.6416015625,-6.8466796875,6.326171875
0.495,-2.6826171875,-6.0458984375,6.6865234375
0.4955,-4.00390625,-4.6044921875,6.88671875
0.496,-5.4853515625,-3.1630859375,7.0869140625
0.4965,-6.3662109375,-1.6416015625,6.88671875
0.497,-6.646484375,-0.80078125,6.7265625
0.4975,-6.56640625,0.0400390625,6.24609375
0.498,-6.1259765625,1.0810546875,5.0849609375
0.4985,-5.765625,2.40234375,3.68359375
0.499,-5.4853515625,3.8837890625,2.162109375
0.4995,-5.2451171875,4.96484375,1.041015625
0.5,-4.8447265625,5.525390625,0.2802734375
0.5005,-4.0439453125,5.7255859375,-0.6806640625
0.501,-2.6826171875,5.7255859375,-1.9619140625
0.5015,-1.1611328125,5.8857421875,-3.603515625
0.502,0.2001953125,5.9658203125,-5.044921875
0.5025,0.8408203125,6.166015625,-5.9658203125
0.503,1.5615234375,6.005859375,-6.6064453125
0.5035,2.6826171875,4.96484375,-6.88671875
0.504,4.083984375,3.5634765625,-6.966796875
0.5045,5.3251953125,1.841796875,-7.0869140625
0.505,6.0458984375,0.6005859375,-6.966796875
0.5055,6.24609375,-0.16015625,-6.806640625
0.506,6.005859375,-1.0009765625,-6.1259765625
0.5065,5.5654296875,-2.0419921875,-4.8447265625
0.507,5.28515625,-3.5234375,-3.36328125
0.5075,5.0849609375,-4.9248046875,-1.9619140625
0.508,4.8046875,-5.8056640625,-1.0009765625
0.5085,4.3642578125,-6.326171875,-0.240234375
0.509,3.3232421875,-6.40625,0.880859375
0.5095,1.921875,-6.4462890625,2.2421875
0.51,0.400390625,-6.646484375,4.00390625
0.5105,-0.720703125,-6.7666015625,5.205078125
0.511,-1.361328125,-6.9267578125,6.0859375
0.5115,-2.2421875,-6.486328125,6.646484375
0.512,-3.5234375,-5.28515625,6.6865234375
0.5125,-4.884765625,-3.7236328125,7.046875
0.513,-6.0859375,-2.162109375,7.046875
0.5135,-6.646484375,-1.0810546875,6.88671875
0.514,-6.7265625,-0.3603515625,6.5263671875
0.5145,-6.326171875,0.640625,5.60546875
0.515,-5.92578125,1.8818359375,4.244140625
0.5155,-5.685546875,3.4833984375,2.72265625
0.516,-5.4453125,4.724609375,1.4013671875
0.5165,-5.0849609375,5.4453125,0.5205078125
0.517,-4.4443359375,5.765625,-0.400390625
0.5175,-3.203125,5.765625,-1.4814453125
0.518,-1.681640625,5.8857421875,-3.0830078125
0.5185,-0.240234375,6.0458984375,-4.7646484375
0.519,0.6806640625,6.2060546875,-5.8056640625
0.5195,1.3212890625,6.2060546875,-6.56640625
0.52,2.2421875,5.365234375,-6.9267578125
0.5205,3.7236328125,3.8837890625,-7.0869140625
0.521,5.0849609375,2.2822265625,-7.2470703125
0.5215,6.005859375,0.9208984375,-7.0869140625
0.522,6.3662109375,0.0400390625,-6.9267578125
0.5225,6.24609375,-0.80078125,-6.40625
0.523,5.765625,-1.8017578125,-5.28515625
0.5235,5.4052734375,-3.1630859375,-3.84375
0.524,5.1650390625,-4.64453125,-2.2822265625
0.5245,4.8447265625,-5.7255859375,-1.1611328125
0.525,4.484375,-6.2861328125,-0.3603515625
0.5255,3.6435546875,-6.4462890625,0.6005859375
0.526,2.2822265625,-6.4462890625,1.8818359375
0.5265,0.7607421875,-6.56640625,3.5234375
0.527,-0.6005859375,-6.6865234375,4.9248046875
0.5275,-1.28125,-6.8466796875,5.8857421875
0.528,-1.8818359375,-6.6865234375,6.486328125
0.5285,-3.0830078125,-5.685546875,6.7666015625
0.529,-4.4443359375,-4.2041015625,6.88671875
0.5295,-5.7255859375,-2.6025390625,6.966796875
0.53,-6.4462890625,-1.361328125,6.8466796875
0.5305,-6.6064453125,-0.640625,6.646484375
0.531,-6.40625,0.240234375,5.9658203125
0.5315,-5.92578125,1.28125,4.7646484375
0.532,-5.60546875,2.642578125,3.3232421875
0.5325,-5.3251953125,4.0439453125,1.921875
0.533,-5.125,4.96484375,0.9609375
0.5335,-4.6845703125,5.4453125,0.240234375
0.534,-3.763671875,5.5654296875,-0.80078125
0.5345,-2.4423828125,5.5654296875,-2.08203125
0.535,-1.0009765625,5.765625,-3.7236328125
0.5355,0.2001953125,5.8857421875,-5.0048828125
0.536,0.7607421875,6.005859375,-5.92578125
0.5365,1.5615234375,5.765625,-6.40625
0.537,2.6826171875,4.6044921875,-6.6064453125
0.5375,4.00390625,3.283203125,-6.8466796875
0.538,5.205078125,1.8017578125,-6.88671875
0.5385,5.8056640625,0.7607421875,-6.806640625
0.539,5.9658203125,0.1201171875,-6.646484375
0.5395,5.685546875,-0.80078125,-5.8857421875
0.54,5.28515625,-1.8818359375,-4.6845703125
0.5405,5.0849609375,-3.3232421875,-3.283203125
0.541,4.96484375,-4.64453125,-2.0419921875
0.5415,4.7646484375,-5.4853515625,-1.201171875
0.542,4.2841796875,-5.92578125,-0.4404296875
0.5425,3.2431640625,-6.0458984375,0.640625
0.543,1.921875,-6.166015625,2.0419921875
0.5435,0.560546875,-6.40625,3.68359375
0.544,-0.4404296875,-6.646484375,4.8447265625
0.5445,-1.041015625,-6.88671875,5.6455078125
0.545,-2.001953125,-6.3662109375,6.2060546875
0.5455,-3.203125,-5.044921875,6.40625
0.546,-4.564453125,-3.603515625,6.6064453125
0.5465,-5.60546875,-2.2421875,6.6064453125
0.547,-6.0859375,-1.44140625,6.6064453125
0.5475,-6.1259765625,-0.7607421875,6.24609375
0.548,-5.765625,0.240234375,5.365234375
0.5485,-5.525390625,1.4013671875,4.1640625
0.549,-5.365234375,2.8427734375,2.802734375
0.5495,-5.205078125,3.9638671875,1.76171875
0.55,-5.0048828125,4.724609375,1.0009765625
0.5505,-4.3642578125,5.0048828125,0.240234375
0.551,-3.2431640625,5.125,-1.0009765625
0.5515,-2.001953125,5.4052734375,-2.4423828125
0.552,-0.720703125,5.4853515625,-3.9638671875
0.5525,0.0,5.8857421875,-4.9248046875
0.553,0.720703125,5.8857421875,-5.765625
0.5535,1.6416015625,5.205078125,-6.0859375
0.554,2.9228515625,4.00390625,-6.2861328125
0.5545,4.2041015625,2.6025390625,-6.486328125
0.555,5.0849609375,1.4814453125,-6.5263671875
0.5555,5.4453125,0.7607421875,-6.56640625
0.556,5.4052734375,0.1201171875,-6.1259765625
0.5565,5.0849609375,-0.9208984375,-5.205078125
0.557,4.96484375,-2.1220703125,-4.083984375
0.5575,4.8046875,-3.5234375,-2.802734375
0.558,4.724609375,-4.5244140625,-1.921875
0.5585,4.5244140625,-5.205078125,-1.2412109375
0.559,3.84375,-5.4853515625,-0.3603515625
0.5595,2.72265625,-5.685546875,0.880859375
0.56,1.4013671875,-6.0458984375,2.482421875
0.5605,0.48046875,-6.2861328125,3.68359375
0.561,-0.400390625,-6.7666015625,4.7646484375
0.5615,-1.0009765625,-6.486328125,5.4052734375
0.562,-2.1220703125,-5.6455078125,5.7255859375
0.5625,-3.4033203125,-4.484375,6.0859375
0.563,-4.64453125,-3.123046875,6.24609375
0.5635,-5.4052734375,-2.1220703125,6.3662109375
0.564,-5.7255859375,-1.4814453125,6.3662109375
0.5645,-5.60546875,-0.7607421875,5.765625
0.565,-5.4052734375,0.2802734375,4.8447265625
0.5655,-5.28515625,1.6416015625,3.68359375
0.566,-5.205078125,2.962890625,2.5224609375
0.5665,-5.0849609375,3.84375,1.76171875
0.567,-4.7646484375,4.4443359375,1.0009765625
0.5675,-3.923828125,4.6845703125,0.1201171875
0.568,-2.8427734375,4.96484375,-1.3212890625
0.5685,-1.6015625,5.2451171875,-2.802734375
0.569,-0.7607421875,5.7255859375,-3.923828125
0.5695,-0.16015625,5.8857421875,-4.884765625
0.57,0.7607421875,5.5654296875,-5.4853515625
0.5705,1.921875,4.6044921875,-5.8056640625
0.571,3.2431640625,3.4033203125,-6.1259765625
0.5715,4.32421875,2.162109375,-6.2861328125
0.572,4.9248046875,1.361328125,-6.40625
0.5725,5.0849609375,0.7607421875,-6.2861328125
0.573,4.96484375,0.0,-5.6455078125
0.5735,4.8046875,-1.201171875,-4.64453125
0.574,4.8046875,-2.5625,-3.4833984375
0.5745,4.724609375,-3.7236328125,-2.5224609375
0.575,4.64453125,-4.564453125,-1.8017578125
0.5755,4.1640625,-5.0048828125,-1.041015625
0.576,3.283203125,-5.365234375,0.0
0.5765,2.2421875,-5.685546875,1.4013671875
0.577,1.12109375,-6.1259765625,2.6826171875
0.5775,0.48046875,-6.3662109375,3.8837890625
0.578,-0.3203125,-6.56640625,4.7646484375
0.5785,-1.28125,-6.0458984375,5.2451171875
0.579,-2.5224609375,-5.0048828125,5.60546875
0.5795,-3.84375,-3.763671875,5.9658203125
0.58,-4.8046875,-2.642578125,6.0859375
0.5805,-5.28515625,-2.001953125,6.24609375
0.581,-5.4052734375,-1.3212890625,5.9658203125
0.5815,-5.205078125,-0.5205078125,5.2451171875
0.582,-5.1650390625,0.7607421875,4.2841796875
0.5825,-5.125,2.1220703125,3.123046875
0.583,-5.125,3.1630859375,2.2822265625
0.5835,-5.0048828125,3.8837890625,1.6015625
0.584,-4.4443359375,4.2841796875,0.8408203125
0.5845,-3.4833984375,4.564453125,-0.4404296875
0.585,-2.482421875,5.0048828125,-1.8017578125
0.5855,-1.361328125,5.365234375,-3.203125
0.586,-0.720703125,5.765625,-4.2041015625
0.5865,0.1201171875,5.7255859375,-5.0048828125
0.587,1.201171875,5.044921875,-5.4453125
0.5875,2.482421875,3.9638671875,-5.845703125
0.588,3.7236328125,2.7626953125,-6.1259765625
0.5885,4.5244140625,1.841796875,-6.2861328125
0.589,4.96484375,1.201171875,-6.40625
0.5895,4.9248046875,0.48046875,-5.92578125
0.59,4.8046875,-0.6005859375,-5.125
0.5905,4.7646484375,-1.8818359375,-4.0439453125
0.591,4.7646484375,-3.1630859375,-2.962890625
0.5915,4.724609375,-4.1240234375,-2.2021484375
0.592,4.484375,-4.8046875,-1.4814453125
0.5925,3.7236328125,-5.125,-0.6005859375
0.593,2.8427734375,-5.4052734375,0.7607421875
0.5935,1.5615234375,-5.845703125,2.2822265625
0.594,0.7607421875,-6.24609375,3.5234375
0.5945,0.1201171875,-6.56640625,4.484375
0.595,-0.8408203125,-6.2861328125,5.0849609375
0.5955,-2.08203125,-5.365234375,5.525390625
0.596,-3.4033203125,-4.1640625,5.8857421875
0.5965,-4.564453125,-2.9228515625,6.0859375
0.597,-5.205078125,-2.1220703125,6.24609375
0.5975,-5.4453125,-1.4814453125,6.1259765625
0.598,-5.3251953125,-0.640625,5.4052734375
0.5985,-5.1650390625,0.5205078125,4.484375
0.599,-5.1650390625,1.921875,3.3232421875
0.5995,-5.125,3.123046875,2.3623046875
0.6,-5.044921875,3.84375,1.6015625
0.6005,-4.564453125,4.32421875,0.8408203125
0.601,-3.603515625,4.484375,-0.4404296875
0.6015,-2.5224609375,4.96484375,-1.681640625
0.602,-1.4013671875,5.3251953125,-3.123046875
0.6025,-0.6806640625,5.7255859375,-4.2041015625
0.603,0.1201171875,5.845703125,-5.0849609375
0.6035,1.0810546875,5.2451171875,-5.525390625
0.604,2.322265625,4.1640625,-5.92578125
0.6045,3.68359375,2.8427734375,-6.166015625
0.605,4.6044921875,1.76171875,-6.326171875
0.6055,5.125,1.041015625,-6.40625
0.606,5.1650390625,0.3603515625,-6.0859375
0.6065,4.96484375,-0.640625,-5.205078125
0.607,4.8447265625,-1.921875,-4.1240234375
0.6075,4.8046875,-3.283203125,-2.9228515625
0.608,4.6845703125,-4.3642578125,-2.001953125
0.6085,4.5244140625,-5.0849609375,-1.3212890625
0.609,3.68359375,-5.4052734375,-0.400390625
0.6095,2.7626953125,-5.5654296875,0.80078125
0.61,1.5615234375,-5.92578125,2.3623046875
0.6105,0.6005859375,-6.24609375,3.6435546875
0.611,-0.2001953125,-6.6064453125,4.64453125
0.6115,-1.0009765625,-6.4462890625,5.4052734375
0.612,-2.162109375,-5.525390625,5.765625
0.6125,-3.5234375,-4.2841796875,6.0859375
0.613,-4.8046875,-2.8828125,6.2861328125
0.6135,-5.4853515625,-1.9619140625,6.3662109375
0.614,-5.765625,-1.28125,6.2861328125
0.6145,-5.6455078125,-0.5205078125,5.6455078125
0.615,-5.4052734375,0.640625,4.6044921875
0.6155,-5.28515625,2.0419921875,3.36328125
0.616,-5.1650390625,3.3232421875,2.2421875
0.6165,-5.044921875,4.1640625,1.361328125
0.617,-4.564453125,4.7646484375,0.640625
0.6175,-3.7236328125,4.884765625,-0.400390625
0.618,-2.5224609375,5.0849609375,-1.76171875
0.6185,-1.28125,5.4052734375,-3.3232421875
0.619,-0.4404296875,5.7255859375,-4.484375
0.6195,0.2802734375,5.9658203125,-5.365234375
0.62,1.2412109375,5.4453125,-5.8857421875
0.6205,2.482421875,4.32421875,-6.2060546875
0.621,3.84375,2.962890625,-6.4462890625
0.6215,4.9248046875,1.681640625,-6.56640625
0.622,5.4453125,0.880859375,-6.6064453125
0.6225,5.5654296875,0.2001953125,-6.326171875
0.623,5.2451171875,-0.80078125,-5.4453125
0.6235,5.044921875,-1.9619140625,-4.2841796875
0.624,4.9248046875,-3.5634765625,-2.962890625
0.6245,4.8046875,-4.6845703125,-1.8818359375
0.625,4.484375,-5.4853515625,-1.12109375
0.6255,3.9638671875,-5.765625,-0.3203125
0.626,2.8427734375,-5.845703125,0.9609375
0.6265,1.521484375,-6.166015625,2.5224609375
0.627,0.3203125,-6.4462890625,3.9638671875
0.6275,-0.5205078125,-6.7265625,5.0849609375
0.628,-1.2412109375,-6.7265625,5.845703125
0.6285,-2.3623046875,-5.845703125,6.24609375
0.629,-3.763671875,-4.484375,6.5263671875
0.6295,-5.1650390625,-2.962890625,6.6865234375
0.63,-6.005859375,-1.76171875,6.6865234375
0.6305,-6.2861328125,-1.0009765625,6.56640625
0.631,-6.166015625,-0.2001953125,6.005859375
0.6315,-5.8056640625,0.9609375,4.8046875
0.632,-5.60546875,2.40234375,3.443359375
0.6325,-5.4052734375,3.84375,2.001953125
0.633,-5.1650390625,4.8447265625,1.0810546875
0.6335,-4.7646484375,5.365234375,0.2802734375
0.634,-3.8037109375,5.4853515625,-0.80078125
0.6345,-2.40234375,5.5654296875,-2.2021484375
0.635,-0.9609375,5.8056640625,-3.8837890625
0.6355,0.2001953125,5.9658203125,-5.125
0.636,0.8408203125,6.1259765625,-6.0458984375
0.6365,1.7216796875,5.7255859375,-6.56640625
0.637,3.0029296875,4.4443359375,-6.806640625
0.6375,4.3642578125,2.962890625,-7.0068359375
0.638,5.525390625,1.4013671875,-7.046875
0.6385,6.0859375,0.400390625,-6.88671875
0.639,6.166015625,-0.400390625,-6.56640625
0.6395,5.8056640625,-1.28125,-5.685546875
0.64,5.4052734375,-2.5625,-4.2841796875
0.6405,5.1650390625,-4.1240234375,-2.802734375
0.641,4.8447265625,-5.4453125,-1.4814453125
0.6415,4.6044921875,-6.0458984375,-0.640625
0.642,4.00390625,-6.40625,0.240234375
0.6425,2.802734375,-6.40625,1.3212890625
0.643,1.28125,-6.4462890625,2.8828125
0.6435,-0.2001953125,-6.646484375,4.5244140625
0.644,-1.041015625,-6.806640625,5.60546875
0.6445,-1.681640625,-6.806640625,6.3662109375
0.645,-2.6826171875,-6.1259765625,6.7666015625
0.6455,-4.0439453125,-4.6044921875,6.9267578125
0.646,-5.4052734375,-3.0830078125,7.046875
0.6465,-6.3662109375,-1.6015625,6.966796875
0.647,-6.6865234375,-0.7607421875,6.7666015625
0.6475,-6.6064453125,0.080078125,6.2861328125
0.648,-6.166015625,1.0009765625,5.1650390625
0.6485,-5.765625,2.3623046875,3.7236328125
0.649,-5.5654296875,3.84375,2.2021484375
0.6495,-5.2451171875,4.96484375,1.041015625
0.65,-4.8447265625,5.5654296875,0.2802734375
0.6505,-4.083984375,5.7255859375,-0.640625
0.651,-2.72265625,5.7255859375,-1.8818359375
0.6515,-1.2412109375,5.8857421875,-3.5634765625
0.652,0.2001953125,6.005859375,-5.0048828125
0.6525,0.880859375,6.1259765625,-5.92578125
0.653,1.5615234375,6.005859375,-6.6064453125
0.6535,2.642578125,5.044921875,-6.88671875
0.654,3.9638671875,3.5234375,-7.046875
0.6545,5.28515625,1.9619140625,-7.0869140625
0.655,6.0458984375,0.720703125,-7.0068359375
0.6555,6.24609375,0.0,-6.806640625
0.656,6.0458984375,-0.9609375,-6.166015625
0.6565,5.60546875,-1.9619140625,-4.96484375
0.657,5.2451171875,-3.4033203125,-3.5634765625
0.6575,5.0849609375,-4.8046875,-2.08203125
0.658,4.8046875,-5.7255859375,-1.0810546875
0.6585,4.404296875,-6.2861328125,-0.3203125
0.659,3.443359375,-6.3662109375,0.6806640625
0.6595,2.0419921875,-6.40625,2.0419921875
0.66,0.560546875,-6.56640625,3.8037109375
0.6605,-0.640625,-6.7265625,5.044921875
0.661,-1.2412109375,-6.9267578125,5.9658203125
0.6615,-2.08203125,-6.5263671875,6.5263671875
0.662,-3.3232421875,-5.3251953125,6.7666015625
0.6625,-4.6845703125,-3.84375,6.966796875
0.663,-5.92578125,-2.2822265625,6.966796875
0.6635,-6.56640625,-1.2412109375,6.88671875
0.664,-6.646484375,-0.5205078125,6.56640625
0.6645,-6.326171875,0.4404296875,5.7255859375
0.665,-5.9658203125,1.6416015625,4.4443359375
0.6655,-5.685546875,3.203125,2.8828125
0.666,-5.4453125,4.5244140625,1.5615234375
0.6665,-5.125,5.28515625,0.640625
0.667,-4.5244140625,5.685546875,-0.240234375
0.6675,-3.4033203125,5.7255859375,-1.28125
0.668,-1.921875,5.8056640625,-2.8828125
0.6685,-0.400390625,5.9658203125,-4.5244140625
0.669,0.6005859375,6.1259765625,-5.6455078125
0.6695,1.2412109375,6.24609375,-6.40625
0.67,2.2021484375,5.525390625,-6.88671875
0.6705,3.5234375,4.1240234375,-7.046875
0.671,4.884765625,2.5625,-7.20703125
0.6715,5.8857421875,1.0810546875,-7.0869140625
0.672,6.326171875,0.16015625,-6.966796875
0.6725,6.24609375,-0.6806640625,-6.486328125
0.673,5.8056640625,-1.681640625,-5.4453125
0.6735,5.4052734375,-2.962890625,-4.00390625
0.674,5.1650390625,-4.5244140625,-2.4423828125
0.6745,4.9248046875,-5.6455078125,-1.2412109375
0.675,4.5244140625,-6.2861328125,-0.4404296875
0.6755,3.763671875,-6.4462890625,0.5205078125
0.676,2.4423828125,-6.4462890625,1.7216796875
0.6765,0.880859375,-6.56640625,3.4033203125
0.677,-0.5205078125,-6.6865234375,4.8447265625
0.6775,-1.201171875,-6.8466796875,5.8056640625
0.678,-1.921875,-6.7265625,6.486328125
0.6785,-3.0029296875,-5.765625,6.7666015625
0.679,-4.3642578125,-4.244140625,6.9267578125
0.6795,-5.685546875,-2.642578125,7.0068359375
0.68,-6.4462890625,-1.4013671875,6.8466796875
0.6805,-6.6064453125,-0.6806640625,6.646484375
0.681,-6.4462890625,0.1201171875,6.005859375
0.6815,-5.9658203125,1.2412109375,4.8046875
0.682,-5.6455078125,2.6025390625,3.36328125
0.6825,-5.4052734375,4.0439453125,1.921875
0.683,-5.125,4.96484375,0.9208984375
0.6835,-4.724609375,5.4453125,0.2001953125
0.684,-3.84375,5.5654296875,-0.7607421875
0.6845,-2.482421875,5.60546875,-2.0419921875
0.685,-1.0009765625,5.765625,-3.7236328125
0.6855,0.2001953125,5.8857421875,-4.96484375
0.686,0.80078125,6.0859375,-5.845703125
0.6865,1.521484375,5.8056640625,-6.40625
0.687,2.642578125,4.724609375,-6.646484375
0.6875,3.9638671875,3.3232421875,-6.806640625
0.688,5.1650390625,1.841796875,-6.88671875
0.6885,5.8056640625,0.720703125,-6.806640625
0.689,5.92578125,0.1201171875,-6.6865234375
0.6895,5.7255859375,-0.7607421875,-5.92578125
0.69,5.365234375,-1.8017578125,-4.8046875
0.6905,5.125,-3.2431640625,-3.4033203125
0.691,4.96484375,-4.564453125,-2.08203125
0.6915,4.7646484375,-5.4453125,-1.2412109375
0.692,4.32421875,-5.92578125,-0.5205078125
0.6925,3.36328125,-6.0458984375,0.560546875
0.693,2.0419921875,-6.2060546875,1.9619140625
0.6935,0.6005859375,-6.40625,3.603515625
0.694,-0.400390625,-6.6865234375,4.8046875
0.6945,-1.0009765625,-6.88671875,5.685546875
0.695,-1.8818359375,-6.40625,6.2060546875
0.6955,-3.1630859375,-5.1650390625,6.4462890625
0.696,-4.564453125,-3.763671875,6.6865234375
0.6965,-5.6455078125,-2.322265625,6.6865234375
0.697,-6.166015625,-1.44140625,6.646484375
0.6975,-6.24609375,-0.720703125,6.3662109375
0.698,-5.92578125,0.2802734375,5.4453125
0.6985,-5.6455078125,1.44140625,4.244140625
0.699,-5.4453125,3.0029296875,2.8427734375
0.6995,-5.28515625,4.1240234375,1.7216796875
0.7,-5.044921875,4.8447265625,0.9208984375
0.7005,-4.404296875,5.1650390625,0.1201171875
0.701,-3.2431640625,5.2451171875,-1.041015625
0.7015,-1.9619140625,5.4853515625,-2.5625
0.702,-0.640625,5.685546875,-4.083984375
0.7025,0.2001953125,5.8857421875,-5.0849609375
0.703,0.80078125,5.9658203125,-5.845703125
0.7035,1.8017578125,5.205078125,-6.2060546875
0.704,3.0830078125,3.8837890625,-6.4462890625
0.7045,4.404296875,2.482421875,-6.6064453125
0.705,5.2451171875,1.28125,-6.6064453125
0.7055,5.60546875,0.6005859375,-6.56640625
0.706,5.525390625,0.0,-6.1259765625
0.7065,5.205078125,-1.0810546875,-5.1650390625
0.707,5.0048828125,-2.2822265625,-4.00390625
0.7075,4.8447265625,-3.7236328125,-2.6826171875
0.708,4.6845703125,-4.724609375,-1.7216796875
0.7085,4.484375,-5.4052734375,-1.041015625
0.709,3.763671875,-5.6455078125,-0.2001953125
0.7095,2.6826171875,-5.765625,1.0009765625
0.71,1.3212890625,-6.0458984375,2.5625
0.7105,0.3203125,-6.24609375,3.84375
0.711,-0.400390625,-6.6064453125,4.8046875
0.7115,-1.12109375,-6.486328125,5.4853515625
0.712,-2.2021484375,-5.685546875,5.8056640625
0.7125,-3.4833984375,-4.484375,6.1259765625
0.713,-4.7646484375,-3.1630859375,6.2861328125
0.7135,-5.4453125,-2.08203125,6.3662109375
0.714,-5.765625,-1.44140625,6.3662109375
0.7145,-5.6455078125,-0.720703125,5.8056640625
0.715,-5.4453125,0.3203125,4.9248046875
0.7155,-5.28515625,1.6416015625,3.7236328125
0.716,-5.1650390625,2.9228515625,2.5625
0.7165,-5.0849609375,3.84375,1.76171875
0.717,-4.8046875,4.4443359375,1.0810546875
0.7175,-4.00390625,4.64453125,0.16015625
0.718,-2.962890625,4.96484375,-1.1611328125
0.7185,-1.7216796875,5.2451171875,-2.72265625
0.719,-0.8408203125,5.60546875,-3.8837890625
0.7195,-0.2802734375,5.8857421875,-4.8046875
0.72,0.640625,5.6455078125,-5.4052734375
0.7205,1.8017578125,4.724609375,-5.765625
0.721,3.04296875,3.4833984375,-6.1259765625
0.7215,4.2041015625,2.322265625,-6.2861328125
0.722,4.884765625,1.4814453125,-6.40625
0.7225,5.125,0.880859375,-6.3662109375
0.723,4.96484375,0.1201171875,-5.7255859375
0.7235,4.8447265625,-1.0009765625,-4.8447265625
0.724,4.8046875,-2.40234375,-3.68359375
0.7245,4.7646484375,-3.603515625,-2.642578125
0.725,4.6845703125,-4.4443359375,-1.9619140625
0.7255,4.32421875,-4.96484375,-1.2412109375
0.726,3.4833984375,-5.2451171875,-0.240234375
0.7265,2.40234375,-5.60546875,1.2412109375
0.727,1.28125,-5.92578125,2.642578125
0.7275,0.560546875,-6.3662109375,3.763671875
0.728,-0.2001953125,-6.6064453125,4.64453125
0.7285,-1.12109375,-6.1259765625,5.205078125
0.729,-2.3623046875,-5.1650390625,5.60546875
0.7295,-3.7236328125,-3.8837890625,5.92578125
0.73,-4.6845703125,-2.7626953125,6.0859375
0.7305,-5.2451171875,-2.08203125,6.24609375
0.731,-5.365234375,-1.44140625,6.0458984375
0.7315,-5.2451171875,-0.6005859375,5.28515625
0.732,-5.1650390625,0.640625,4.32421875
0.7325,-5.1650390625,2.0419921875,3.203125
0.733,-5.125,3.0830078125,2.3623046875
0.7335,-5.0048828125,3.84375,1.6416015625
0.734,-4.484375,4.2841796875,0.880859375
0.7345,-3.5634765625,4.564453125,-0.3203125
0.735,-2.4423828125,5.0048828125,-1.8017578125
0.7355,-1.44140625,5.365234375,-3.0830078125
0.736,-0.7607421875,5.7255859375,-4.1640625
0.7365,0.080078125,5.7255859375,-5.0048828125
0.737,1.0810546875,5.044921875,-5.4052734375
0.7375,2.322265625,4.083984375,-5.765625
0.738,3.6435546875,2.802734375,-6.1259765625
0.7385,4.484375,1.841796875,-6.2861328125
0.739,4.9248046875,1.2412109375,-6.3662109375
0.7395,4.96484375,0.560546875,-5.9658203125
0.74,4.8046875,-0.5205078125,-5.1650390625
0.7405,4.8046875,-1.8017578125,-4.1240234375
0.741,4.7646484375,-3.1630859375,-3.0029296875
0.7415,4.724609375,-4.083984375,-2.2021484375
0.742,4.484375,-4.7646484375,-1.521484375
0.7425,3.8037109375,-5.125,-0.640625
0.743,2.802734375,-5.4453125,0.720703125
0.7435,1.6416015625,-5.8056640625,2.2021484375
0.744,0.80078125,-6.2861328125,3.4033203125
0.7445,0.16015625,-6.6064453125,4.404296875
0.745,-0.80078125,-6.3662109375,5.044921875
0.7455,-1.9619140625,-5.4052734375,5.4853515625
0.746,-3.36328125,-4.244140625,5.8857421875
0.7465,-4.5244140625,-2.962890625,6.0859375
0.747,-5.205078125,-2.2021484375,6.24609375
0.7475,-5.4453125,-1.521484375,6.1259765625
0.748,-5.3251953125,-0.720703125,5.4853515625
0.7485,-5.205078125,0.400390625,4.6044921875
0.749,-5.1650390625,1.841796875,3.443359375
0.7495,-5.125,3.0029296875,2.40234375
0.75,-5.044921875,3.84375,1.681640625
0.7505,-4.6044921875,4.32421875,0.9609375
0.751,-3.7236328125,4.5244140625,0.0
0.7515,-2.642578125,4.9248046875,-1.521484375
0.752,-1.521484375,5.2451171875,-3.0029296875
0.7525,-0.80078125,5.60546875,-4.083984375
0.753,0.0,5.765625,-5.0048828125
0.7535,0.9208984375,5.3251953125,-5.4453125
0.754,2.2021484375,4.244140625,-5.8056640625
0.7545,3.5234375,3.0029296875,-6.1259765625
0.755,4.484375,1.8818359375,-6.2861328125
0.7555,5.044921875,1.1611328125,-6.3662109375
0.756,5.0849609375,0.5205078125,-6.1259765625
0.7565,4.9248046875,-0.5205078125,-5.28515625
0.757,4.8046875,-1.6416015625,-4.32421875
0.7575,4.8046875,-3.0830078125,-3.0830078125
0.758,4.724609375,-4.1240234375,-2.2021484375
0.7585,4.564453125,-4.8447265625,-1.4814453125
0.759,3.9638671875,-5.205078125,-0.6806640625
0.7595,2.9228515625,-5.4453125,0.560546875
0.76,1.76171875,-5.845703125,2.08203125
0.7605,0.7607421875,-6.2060546875,3.4033203125
0.761,0.080078125,-6.6064453125,4.4443359375
0.7615,-0.80078125,-6.486328125,5.205078125
0.762,-1.921875,-5.685546875,5.60546875
0.7625,-3.203125,-4.5244140625,6.005859375
0.763,-4.5244140625,-3.123046875,6.2060546875
0.7635,-5.3251953125,-2.1220703125,6.326171875
0.764,-5.7255859375,-1.44140625,6.2861328125
0.7645,-5.60546875,-0.6806640625,5.7255859375
0.765,-5.4052734375,0.4404296875,4.7646484375
0.7655,-5.28515625,1.8017578125,3.5634765625
0.766,-5.2451171875,3.1630859375,2.40234375
0.7665,-5.125,4.0439453125,1.5615234375
0.767,-4.7646484375,4.6044921875,0.8408203125
0.7675,-3.8837890625,4.8046875,-0.2001953125
0.768,-2.72265625,5.044921875,-1.5615234375
0.7685,-1.44140625,5.365234375,-3.1630859375
0.769,-0.640625,5.685546875,-4.32421875
0.7695,0.16015625,5.9658203125,-5.205078125
0.77,1.0810546875,5.5654296875,-5.8056640625
0.7705,2.2822265625,4.484375,-6.1259765625
0.771,3.68359375,3.123046875,-6.40625
0.7715,4.8046875,1.76171875,-6.5263671875
0.772,5.4052734375,0.9208984375,-6.56640625
0.7725,5.4853515625,0.2802734375,-6.326171875
0.773,5.2451171875,-0.720703125,-5.4853515625
0.7735,5.0048828125,-1.8818359375,-4.3642578125
0.774,4.9248046875,-3.36328125,-3.04296875
0.7745,4.8046875,-4.564453125,-1.9619140625
0.775,4.6044921875,-5.3251953125,-1.1611328125
0.7755,4.0439453125,-5.685546875,-0.400390625
0.776,2.962890625,-5.8056640625,0.80078125
0.7765,1.6416015625,-6.1259765625,2.322265625
0.777,0.4404296875,-6.40625,3.84375
0.7775,-0.400390625,-6.6064453125,4.884765625
0.778,-1.12109375,-6.6865234375,5.685546875
0.7785,-2.2021484375,-5.8857421875,6.0859375
0.779,-3.5634765625,-4.564453125,6.40625
0.7795,-4.9248046875,-3.0830078125,6.6064453125
0.78,-5.8056640625,-1.8818359375,6.56640625
0.7805,-6.166015625,-1.1611328125,6.5263671875
0.781,-6.1259765625,-0.3603515625,6.005859375
0.7815,-5.765625,0.7607421875,4.9248046875
0.782,-5.525390625,2.162109375,3.5634765625
0.7825,-5.4052734375,3.603515625,2.2021484375
0.783,-5.1650390625,4.564453125,1.2412109375
0.7835,-4.8447265625,5.1650390625,0.48046875
0.784,-3.9638671875,5.3251953125,-0.5205078125
0.7845,-2.642578125,5.365234375,-1.841796875
0.785,-1.28125,5.6455078125,-3.5634765625
0.7855,0.0,5.8857421875,-4.8447265625
0.786,0.6005859375,6.0859375,-5.7255859375
0.7865,1.4013671875,5.765625,-6.3662109375
0.787,2.642578125,4.6044921875,-6.6064453125
0.7875,4.00390625,3.1630859375,-6.806640625
0.788,5.2451171875,1.7216796875,-6.9267578125
0.7885,5.8857421875,0.640625,-6.806640625
0.789,6.0458984375,-0.16015625,-6.6064453125
0.7895,5.7255859375,-1.0009765625,-5.8056640625
0.79,5.365234375,-2.2021484375,-4.5244140625
0.7905,5.125,-3.68359375,-3.0830078125
0.791,4.96484375,-5.0048828125,-1.76171875
0.7915,4.724609375,-5.765625,-0.9208984375
0.792,4.1640625,-6.2861328125,0.0
0.7925,3.04296875,-6.326171875,1.0009765625
0.793,1.5615234375,-6.40625,2.5224609375
0.7935,0.2001953125,-6.56640625,4.2041015625
0.794,-0.80078125,-6.7265625,5.28515625
0.7945,-1.44140625,-6.8466796875,6.0859375
0.795,-2.4423828125,-6.166015625,6.56640625
0.7955,-3.763671875,-4.8046875,6.7666015625
0.796,-5.125,-3.2431640625,6.9267578125
0.7965,-6.166015625,-1.8017578125,6.88671875
0.797,-6.56640625,-0.9208984375,6.7265625
0.7975,-6.56640625,-0.16015625,6.326171875
0.798,-6.1259765625,0.9208984375,5.2451171875
0.7985,-5.765625,2.2021484375,3.84375
0.799,-5.525390625,3.763671875,2.322265625
0.7995,-5.28515625,4.8447265625,1.1611328125
0.8,-4.9248046875,5.4453125,0.3603515625
0.8005,-4.1640625,5.6455078125,-0.560546875
0.801,-2.8828125,5.6455078125,-1.8017578125
0.8015,-1.3212890625,5.845703125,-3.4033203125
0.802,0.0400390625,5.9658203125,-4.9248046875
0.8025,0.80078125,6.1259765625,-5.8857421875
0.803,1.44140625,6.005859375,-6.5263671875
0.8035,2.5224609375,5.0849609375,-6.8466796875
0.804,3.8837890625,3.603515625,-7.0068359375
0.8045,5.205078125,2.0419921875,-7.0869140625
0.805,6.005859375,0.720703125,-6.9267578125
0.8055,6.24609375,0.0,-6.7666015625
0.806,6.0458984375,-0.880859375,-6.166015625
0.8065,5.60546875,-1.9619140625,-4.96484375
0.807,5.28515625,-3.283203125,-3.5634765625
0.8075,5.044921875,-4.7646484375,-2.08203125
0.808,4.8046875,-5.765625,-1.041015625
0.8085,4.404296875,-6.2861328125,-0.3203125
0.809,3.443359375,-6.40625,0.6806640625
0.8095,2.08203125,-6.40625,2.001953125
0.81,0.6005859375,-6.56640625,3.763671875
0.8105,-0.640625,-6.6865234375,5.0048828125
0.811,-1.28125,-6.88671875,5.8857421875
0.8115,-2.08203125,-6.56640625,6.5263671875
0.812,-3.283203125,-5.365234375,6.7265625
0.8125,-4.64453125,-3.8837890625,6.88671875
0.813,-5.8857421875,-2.3623046875,6.966796875
0.8135,-6.486328125,-1.2412109375,6.8466796875
0.814,-6.6064453125,-0.5205078125,6.56640625
0.8145,-6.326171875,0.400390625,5.8056640625
0.815,-5.92578125,1.5615234375,4.484375
0.8155,-5.6455078125,3.0830078125,3.0029296875
0.816,-5.4453125,4.404296875,1.6015625
0.8165,-5.125,5.205078125,0.720703125
0.817,-4.6044921875,5.60546875,0.0
0.8175,-3.5234375,5.685546875,-1.1611328125
0.818,-2.08203125,5.765625,-2.642578125
0.8185,-0.5205078125,5.92578125,-4.3642578125
0.819,0.48046875,6.0859375,-5.4853515625
0.8195,1.12109375,6.2060546875,-6.2861328125
0.82,2.0419921875,5.60546875,-6.7666015625
0.8205,3.36328125,4.2041015625,-7.0068359375
0.821,4.724609375,2.72265625,-7.126953125
0.8215,5.8056640625,1.2412109375,-7.0869140625
0.822,6.24609375,0.2802734375,-7.0068359375
0.8225,6.24609375,-0.5205078125,-6.56640625
0.823,5.8857421875,-1.4814453125,-5.525390625
0.8235,5.4853515625,-2.7626953125,-4.1640625
0.824,5.2451171875,-4.4443359375,-2.5625
0.8245,5.0048828125,-5.5654296875,-1.361328125
0.825,4.6044921875,-6.2861328125,-0.6005859375
0.8255,3.8837890625,-6.486328125,0.3603515625
0.826,2.6025390625,-6.486328125,1.6015625
0.8265,1.041015625,-6.6064453125,3.3232421875
0.827,-0.4404296875,-6.7666015625,4.8447265625
0.8275,-1.1611328125,-6.9267578125,5.8056640625
0.828,-1.8818359375,-6.806640625,6.5263671875
0.8285,-2.962890625,-5.845703125,6.8466796875
0.829,-4.3642578125,-4.32421875,7.0068359375
0.8295,-5.765625,-2.72265625,7.0869140625
0.83,-6.5263671875,-1.361328125,6.88671875
0.8305,-6.7666015625,-0.6005859375,6.7265625
0.831,-6.5263671875,0.2802734375,6.0859375
0.8315,-6.1259765625,1.361328125,4.8447265625
0.832,-5.7255859375,2.72265625,3.3232421875
0.8325,-5.4853515625,4.1640625,1.841796875
0.833,-5.1650390625,5.0849609375,0.80078125
0.8335,-4.724609375,5.685546875,0.080078125
0.834,-3.8037109375,5.7255859375,-0.9208984375
0.8345,-2.40234375,5.7255859375,-2.2421875
0.835,-0.880859375,5.8857421875,-3.923828125
0.8355,0.3603515625,5.9658203125,-5.205078125
0.836,1.0009765625,6.0859375,-6.0859375
0.8365,1.7216796875,5.8056640625,-6.6064453125
0.837,2.8427734375,4.6845703125,-6.806640625
0.8375,4.1240234375,3.2431640625,-6.9267578125
0.838,5.365234375,1.681640625,-7.0068359375
0.8385,5.9658203125,0.6005859375,-6.806640625
0.839,6.0859375,-0.2001953125,-6.6865234375
0.8395,5.765625,-0.9208984375,-5.92578125
0.84,5.4052734375,-2.0419921875,-4.6845703125
0.8405,5.125,-3.4833984375,-3.2431640625
0.841,4.9248046875,-4.8447265625,-1.9619140625
0.8415,4.6845703125,-5.60546875,-1.0810546875
0.842,4.244140625,-6.0859375,-0.3603515625
0.8425,3.283203125,-6.1259765625,0.6806640625
0.843,1.921875,-6.24609375,2.08203125
0.8435,0.5205078125,-6.4462890625,3.7236328125
0.844,-0.5205078125,-6.646484375,4.884765625
0.8445,-1.12109375,-6.8466796875,5.7255859375
0.845,-1.9619140625,-6.40625,6.24609375
0.8455,-3.203125,-5.1650390625,6.4462890625
0.846,-4.5244140625,-3.8037109375,6.6865234375
0.8465,-5.6455078125,-2.322265625,6.6865234375
0.847,-6.166015625,-1.44140625,6.6865234375
0.8475,-6.2861328125,-0.720703125,6.40625
0.848,-5.9658203125,0.16015625,5.5654296875
0.8485,-5.6455078125,1.3212890625,4.32421875
0.849,-5.525390625,2.8427734375,2.9228515625
0.8495,-5.28515625,4.083984375,1.76171875
0.85,-5.0849609375,4.8046875,1.0009765625
0.8505,-4.484375,5.1650390625,0.240234375
0.851,-3.4033203125,5.2451171875,-0.9609375
0.8515,-2.08203125,5.4853515625,-2.4423828125
0.852,-0.720703125,5.685546875,-4.00390625
0.8525,0.1201171875,5.92578125,-5.0048828125
0.853,0.7607421875,6.0458984375,-5.765625
0.8535,1.6416015625,5.365234375,-6.166015625
0.854,2.9228515625,4.083984375,-6.40625
0.8545,4.2841796875,2.6826171875,-6.646484375
0.855,5.205078125,1.4013671875,-6.646484375
0.8555,5.60546875,0.720703125,-6.646484375
0.856,5.5654296875,0.0,-6.24609375
0.8565,5.2451171875,-1.0009765625,-5.3251953125
0.857,5.0048828125,-2.2421875,-4.1640625
0.8575,4.9248046875,-3.6435546875,-2.802734375
0.858,4.7646484375,-4.64453125,-1.841796875
0.8585,4.5244140625,-5.365234375,-1.12109375
0.859,3.84375,-5.6455078125,-0.3203125
0.8595,2.7626953125,-5.765625,0.9208984375
0.86,1.44140625,-6.0859375,2.482421875
0.8605,0.3603515625,-6.2861328125,3.84375
0.861,-0.3603515625,-6.6064453125,4.8046875
0.8615,-1.12109375,-6.56640625,5.525390625
0.862,-2.1220703125,-5.7255859375,5.8857421875
0.8625,-3.443359375,-4.5244140625,6.166015625
0.863,-4.6845703125,-3.123046875,6.3662109375
0.8635,-5.4853515625,-2.08203125,6.40625
0.864,-5.765625,-1.44140625,6.3662109375
0.8645,-5.7255859375,-0.80078125,5.8857421875
0.865,-5.4453125,0.2802734375,4.884765625
0.8655,-5.3251953125,1.6015625,3.7236328125
0.866,-5.205078125,3.0029296875,2.5224609375
0.8665,-5.0849609375,3.9638671875,1.681640625
0.867,-4.8447265625,4.5244140625,1.0009765625
0.8675,-4.0439453125,4.7646484375,0.1201171875
0.868,-2.9228515625,5.0048828125,-1.2412109375
0.8685,-1.6416015625,5.28515625,-2.7626953125
0.869,-0.7607421875,5.60546875,-4.00390625
0.8695,0.0,5.8857421875,-4.96484375
0.87,0.7607421875,5.685546875,-5.525390625
0.8705,1.921875,4.724609375,-5.845703125
0.871,3.1630859375,3.5234375,-6.166015625
0.8715,4.32421875,2.2421875,-6.3662109375
0.872,5.0048828125,1.3212890625,-6.4462890625
0.8725,5.2451171875,0.720703125,-6.3662109375
0.873,5.044921875,-0.16015625,-5.765625
0.8735,4.884765625,-1.1611328125,-4.8046875
0.874,4.8046875,-2.5625,-3.5634765625
0.8745,4.7646484375,-3.763671875,-2.5625
0.875,4.64453125,-4.6044921875,-1.8017578125
0.8755,4.32421875,-5.0849609375,-1.0810546875
0.876,3.4033203125,-5.3251953125,0.0
0.8765,2.322265625,-5.685546875,1.3212890625
0.877,1.1611328125,-5.9658203125,2.802734375
0.8775,0.4404296875,-6.3662109375,3.8837890625
0.878,-0.3603515625,-6.56640625,4.8046875
0.8785,-1.2412109375,-6.1259765625,5.3251953125
0.879,-2.4423828125,-5.125,5.685546875
0.8795,-3.84375,-3.84375,6.0458984375
0.88,-4.8447265625,-2.72265625,6.0859375
0.8805,-5.3251953125,-2.001953125,6.24609375
0.881,-5.4853515625,-1.4013671875,6.0458984375
0.8815,-5.28515625,-0.5205078125,5.28515625
0.882,-5.1650390625,0.720703125,4.32421875
0.8825,-5.125,2.0419921875,3.1630859375
0.883,-5.0849609375,3.1630859375,2.2421875
0.8835,-4.96484375,3.8837890625,1.5615234375
0.884,-4.4443359375,4.2841796875,0.8408203125
0.8845,-3.5634765625,4.5244140625,-0.3203125
0.885,-2.4423828125,4.96484375,-1.76171875
0.8855,-1.4013671875,5.28515625,-3.0830078125
0.886,-0.720703125,5.685546875,-4.1240234375
0.8865,0.0400390625,5.765625,-4.9248046875
0.887,1.041015625,5.125,-5.365234375
0.8875,2.2421875,4.1240234375,-5.765625
0.888,3.5634765625,2.8427734375,-6.0458984375
0.8885,4.484375,1.841796875,-6.24609375
0.889,4.8447265625,1.28125,-6.40625
0.8895,4.9248046875,0.640625,-6.0458984375
0.89,4.8046875,-0.3603515625,-5.2451171875
0.8905,4.7646484375,-1.6015625,-4.2841796875
0.891,4.7646484375,-2.962890625,-3.1630859375
0.8915,4.724609375,-3.923828125,-2.3623046875
0.892,4.564453125,-4.64453125,-1.681640625
0.8925,3.8837890625,-5.0048828125,-0.80078125
0.893,2.9228515625,-5.3251953125,0.48046875
0.8935,1.8017578125,-5.765625,1.9619140625
0.894,0.9208984375,-6.166015625,3.2431640625
0.8945,0.2802734375,-6.56640625,4.244140625
0.895,-0.640625,-6.40625,4.96484375
0.8955,-1.8017578125,-5.525390625,5.4052734375
0.896,-3.123046875,-4.4443359375,5.8056640625
0.8965,-4.3642578125,-3.203125,6.0458984375
0.897,-5.125,-2.40234375,6.2060546875
0.8975,-5.4052734375,-1.681640625,6.2060546875
0.898,-5.28515625,-0.9609375,5.60546875
0.8985,-5.1650390625,0.2001953125,4.724609375
0.899,-5.1650390625,1.5615234375,3.603515625
0.8995,-5.1650390625,2.8427734375,2.5625
0.9,-5.0849609375,3.68359375,1.841796875
0.9005,-4.6845703125,4.2041015625,1.12109375
0.901,-3.84375,4.484375,0.1201171875
0.9015,-2.8427734375,4.8447265625,-1.3212890625
0.902,-1.6416015625,5.2451171875,-2.802734375
0.9025,-0.9208984375,5.60546875,-3.923828125
0.903,-0.240234375,5.8056640625,-4.8447265625
0.9035,0.7607421875,5.4052734375,-5.365234375
0.904,2.001953125,4.32421875,-5.765625
0.9045,3.36328125,3.0830078125,-6.1259765625
0.905,4.3642578125,1.921875,-6.2861328125
0.9055,4.9248046875,1.28125,-6.3662109375
0.906,5.044921875,0.6005859375,-6.1259765625
0.9065,4.8447265625,-0.3603515625,-5.365234375
0.907,4.7646484375,-1.4814453125,-4.3642578125
0.9075,4.7646484375,-2.8828125,-3.203125
0.908,4.724609375,-4.00390625,-2.2822265625
0.9085,4.564453125,-4.7646484375,-1.5615234375
0.909,4.00390625,-5.1650390625,-0.80078125
0.9095,3.04296875,-5.365234375,0.4404296875
0.91,1.8818359375,-5.765625,1.921875
0.9105,0.880859375,-6.1259765625,3.2431640625
0.911,0.2001953125,-6.486328125,4.32421875
0.9115,-0.6806640625,-6.486328125,5.0849609375
0.912,-1.76171875,-5.765625,5.525390625
0.9125,-3.0830078125,-4.6044921875,5.92578125
0.913,-4.484375,-3.2431640625,6.1259765625
0.9135,-5.2451171875,-2.2021484375,6.326171875
0.914,-5.60546875,-1.5615234375,6.2861328125
0.9145,-5.525390625,-0.8408203125,5.8056640625
0.915,-5.3251953125,0.240234375,4.8447265625
0.9155,-5.2451171875,1.6015625,3.68359375
0.916,-5.1650390625,2.9228515625,2.5224609375
0.9165,-5.0849609375,3.84375,1.681640625
0.917,-4.8046875,4.484375,0.9609375
0.9175,-3.9638671875,4.724609375,0.080078125
0.918,-2.8828125,4.9248046875,-1.28125
0.9185,-1.6015625,5.28515625,-2.8828125
0.919,-0.720703125,5.60546875,-4.0439453125
0.9195,0.0,5.8857421875,-5.0048828125
0.92,0.880859375,5.60546875,-5.6455078125
0.9205,2.0419921875,4.5244140625,-5.92578125
0.921,3.36328125,3.2431640625,-6.2861328125
0.9215,4.6044921875,1.9619140625,-6.40625
0.922,5.205078125,1.0810546875,-6.486328125
0.9225,5.365234375,0.48046875,-6.3662109375
0.923,5.125,-0.4404296875,-5.60546875
0.9235,4.96484375,-1.5615234375,-4.5244140625
0.924,4.8447265625,-3.0029296875,-3.2431640625
0.9245,4.8046875,-4.2041015625,-2.162109375
0.925,4.6044921875,-5.0048828125,-1.4013671875
0.9255,4.1240234375,-5.4453125,-0.640625
0.926,3.1630859375,-5.60546875,0.48046875
0.9265,1.8818359375,-5.92578125,1.921875
0.927,0.6806640625,-6.2060546875,3.4833984375
0.9275,0.0,-6.56640625,4.5244140625
0.928,-0.80078125,-6.6865234375,5.4052734375
0.9285,-1.8017578125,-6.0859375,5.8056640625
0.929,-3.203125,-4.8447265625,6.1259765625
0.9295,-4.6044921875,-3.36328125,6.4462890625
0.93,-5.525390625,-2.1220703125,6.486328125
0.9305,-5.9658203125,-1.3212890625,6.4462890625
0.931,-5.9658203125,-0.640625,6.0458984375
0.9315,-5.685546875,0.4404296875,5.0849609375
0.932,-5.4453125,1.76171875,3.84375
0.9325,-5.4052734375,3.203125,2.482421875
0.933,-5.1650390625,4.2841796875,1.4814453125
0.9335,-4.9248046875,4.9248046875,0.7607421875
0.934,-4.1640625,5.205078125,-0.240234375
0.9345,-2.8828125,5.28515625,-1.4814453125
0.935,-1.4814453125,5.60546875,-3.203125
0.9355,-0.3603515625,5.8056640625,-4.5244140625
0.936,0.4404296875,6.0458984375,-5.525390625
0.9365,1.201171875,5.8056640625,-6.2060546875
0.937,2.40234375,4.724609375,-6.5263671875
0.9375,3.8037109375,3.36328125,-6.7265625
0.938,5.0849609375,1.8818359375,-6.9267578125
0.9385,5.765625,0.7607421875,-6.806640625
0.939,5.9658203125,0.0400390625,-6.646484375
0.9395,5.7255859375,-0.880859375,-5.8857421875
0.94,5.365234375,-2.0419921875,-4.6044921875
0.9405,5.125,-3.5634765625,-3.1630859375
0.941,4.96484375,-4.9248046875,-1.8017578125
0.9415,4.724609375,-5.7255859375,-0.9208984375
0.942,4.1640625,-6.166015625,0.0
0.9425,3.1630859375,-6.24609375,0.9609375
0.943,1.6416015625,-6.326171875,2.482421875
0.9435,0.2001953125,-6.56640625,4.1640625
0.944,-0.80078125,-6.7265625,5.28515625
0.9445,-1.44140625,-6.88671875,6.0859375
0.945,-2.40234375,-6.24609375,6.5263671875
0.9455,-3.7236328125,-4.8046875,6.7666015625
0.946,-5.125,-3.283203125,6.966796875
0.9465,-6.166015625,-1.8017578125,6.88671875
0.947,-6.56640625,-0.8408203125,6.7265625
0.9475,-6.5263671875,-0.16015625,6.326171875
0.948,-6.1259765625,0.880859375,5.2451171875
0.9485,-5.765625,2.162109375,3.84375
0.949,-5.4853515625,3.68359375,2.322265625
0.9495,-5.2451171875,4.8447265625,1.12109375
0.95,-4.884765625,5.4453125,0.3603515625
0.9505,-4.1640625,5.685546875,-0.6005859375
0.951,-2.8828125,5.685546875,-1.7216796875
0.9515,-1.4013671875,5.8056640625,-3.36328125
0.952,0.0400390625,5.8857421875,-4.884765625
0.9525,0.80078125,6.0859375,-5.845703125
0.953,1.4013671875,6.005859375,-6.56640625
0.9535,2.482421875,5.1650390625,-6.8466796875
0.954,3.84375,3.68359375,-7.0068359375
0.9545,5.1650390625,2.1220703125,-7.126953125
0.955,6.005859375,0.7607421875,-7.0068359375
0.9555,6.24609375,0.0,-6.8466796875
0.956,6.0859375,-0.8408203125,-6.2861328125
0.9565,5.6455078125,-1.841796875,-5.0849609375
0.957,5.3251953125,-3.203125,-3.68359375
0.9575,5.0849609375,-4.7646484375,-2.162109375
0.958,4.8447265625,-5.7255859375,-1.12109375
0.9585,4.484375,-6.2861328125,-0.3603515625
0.959,3.5634765625,-6.40625,0.640625
0.9595,2.2021484375,-6.40625,1.921875
0.96,0.640625,-6.6064453125,3.68359375
0.9605,-0.640625,-6.7265625,5.0048828125
0.961,-1.28125,-6.9267578125,5.8857421875
0.9615,-2.0419921875,-6.646484375,6.5263671875
0.962,-3.203125,-5.4853515625,6.7666015625
0.9625,-4.6044921875,-3.9638671875,6.9267578125
0.963,-5.845703125,-2.40234375,7.0068359375
0.9635,-6.5263671875,-1.2412109375,6.8466796875
0.964,-6.6865234375,-0.5205078125,6.6064453125
0.9645,-6.3662109375,0.3603515625,5.845703125
0.965,-5.92578125,1.521484375,4.5244140625
0.9655,-5.6455078125,3.0029296875,3.04296875
0.966,-5.4453125,4.404296875,1.6416015625
0.9665,-5.125,5.205078125,0.720703125
0.967,-4.6044921875,5.60546875,0.0
0.9675,-3.5634765625,5.6455078125,-1.12109375
0.968,-2.08203125,5.7255859375,-2.6025390625
0.9685,-0.6005859375,5.8857421875,-4.32421875
0.969,0.48046875,6.005859375,-5.4853515625
0.9695,1.0810546875,6.2060546875,-6.2861328125
0.97,1.921875,5.60546875,-6.7666015625
0.9705,3.2431640625,4.32421875,-6.9267578125
0.971,4.64453125,2.802734375,-7.0869140625
0.9715,5.7255859375,1.28125,-7.0869140625
0.972,6.2060546875,0.3203125,-6.966796875
0.9725,6.2060546875,-0.5205078125,-6.6064453125
0.973,5.8056640625,-1.4013671875,-5.6455078125
0.9735,5.4453125,-2.642578125,-4.244140625
0.974,5.205078125,-4.244140625,-2.6826171875
0.9745,4.96484375,-5.4453125,-1.44140625
0.975,4.64453125,-6.1259765625,-0.6005859375
0.9755,3.9638671875,-6.40625,0.2802734375
0.976,2.72265625,-6.486328125,1.44140625
0.9765,1.201171875,-6.6064453125,3.123046875
0.977,-0.3203125,-6.7666015625,4.64453125
0.9775,-1.0810546875,-6.88671875,5.685546875
0.978,-1.7216796875,-6.88671875,6.40625
0.9785,-2.802734375,-5.9658203125,6.7666015625
0.979,-4.1640625,-4.5244140625,6.966796875
0.9795,-5.60546875,-2.8828125,7.0869140625
0.98,-6.4462890625,-1.521484375,6.966796875
0.9805,-6.7265625,-0.640625,6.7666015625
0.981,-6.56640625,0.16015625,6.2060546875
0.9815,-6.1259765625,1.2412109375,4.96484375
0.982,-5.765625,2.6025390625,3.5234375
0.9825,-5.525390625,4.1240234375,1.9619140625
0.983,-5.205078125,5.0849609375,0.9208984375
0.9835,-4.8046875,5.6455078125,0.1201171875
0.984,-3.8837890625,5.7255859375,-0.80078125
0.9845,-2.5625,5.7255859375,-2.08203125
0.985,-1.0009765625,5.845703125,-3.84375
0.9855,0.2802734375,6.005859375,-5.1650390625
0.986,0.9609375,6.1259765625,-6.0458984375
0.9865,1.6416015625,5.8857421875,-6.6064453125
0.987,2.802734375,4.7646484375,-6.806640625
0.9875,4.1240234375,3.3232421875,-7.0068359375
0.988,5.4052734375,1.76171875,-7.046875
0.9885,6.0859375,0.6005859375,-6.88671875
0.989,6.166015625,-0.2001953125,-6.7265625
0.9895,5.8857421875,-0.9609375,-5.9658203125
0.99,5.4453125,-1.9619140625,-4.7646484375
0.9905,5.1650390625,-3.4833984375,-3.283203125
0.991,4.96484375,-4.8447265625,-1.9619140625
0.9915,4.724609375,-5.6455078125,-1.041015625
0.992,4.2841796875,-6.166015625,-0.3203125
0.9925,3.283203125,-6.24609375,0.6806640625
0.993,1.921875,-6.2861328125,2.0419921875
0.9935,0.48046875,-6.4462890625,3.7236328125
0.994,-0.6005859375,-6.646484375,4.9248046875
0.9945,-1.1611328125,-6.806640625,5.7255859375
0.995,-1.9619140625,-6.4462890625,6.2861328125
0.9955,-3.203125,-5.205078125,6.486328125
0.996,-4.5244140625,-3.8037109375,6.6865234375
0.9965,-5.7255859375,-2.3623046875,6.7265625
0.997,-6.2861328125,-1.361328125,6.6865234375
0.9975,-6.3662109375,-0.720703125,6.4462890625
0.998,-6.0458984375,0.240234375,5.60546875
0.9985,-5.7255859375,1.361328125,4.4443359375
0.999,-5.525390625,2.8828125,3.0029296875
0.9995,-5.365234375,4.1240234375,1.76171875
