wavelength,x,y,z
0.0,-3.5234375,2.72265625,0.3603515625
0.0005,-3.8837890625,2.5625,0.8408203125
0.001,-4.00390625,1.8017578125,1.6416015625
0.0015,-3.923828125,1.28125,2.0419921875
0.002,-3.7236328125,0.48046875,2.72265625
0.0025,-3.5234375,-0.1201171875,3.0830078125
0.003,-3.04296875,-1.0009765625,3.443359375
0.0035,-2.6826171875,-1.6015625,3.68359375
0.004,-2.08203125,-2.3623046875,3.8037109375
0.0045,-1.4013671875,-2.72265625,3.4833984375
0.005,-0.880859375,-3.36328125,3.603515625
0.0055,0.0,-3.5634765625,2.9228515625
0.006,0.6806640625,-4.0439453125,2.72265625
0.0065,1.5615234375,-4.1640625,1.9619140625
0.007,2.0419921875,-4.1640625,1.5615234375
0.0075,2.4423828125,-3.8837890625,0.8408203125
0.008,2.8427734375,-3.84375,0.4404296875
0.0085,3.123046875,-3.3232421875,-0.400390625
0.009,3.36328125,-3.0830078125,-1.0009765625
0.0095,3.5234375,-2.40234375,-1.8017578125
0.01,3.2431640625,-1.6015625,-2.2021484375
0.0105,3.203125,-0.9208984375,-2.8427734375
0.011,2.72265625,-0.16015625,-3.0830078125
0.0115,2.5224609375,0.560546875,-3.5234375
0.012,1.9619140625,1.2412109375,-3.603515625
0.0125,1.44140625,1.841796875,-3.68359375
0.013,0.7607421875,2.2421875,-3.36328125
0.0135,0.2802734375,2.7626953125,-3.443359375
0.014,-0.6806640625,2.962890625,-2.6826171875
0.0145,-1.28125,3.36328125,-2.5224609375
0.015,-2.08203125,3.443359375,-1.8017578125
0.0155,-2.4423828125,3.3232421875,-1.28125
0.016,-2.8828125,3.203125,-0.7607421875
0.0165,-3.1630859375,2.8828125,-0.2802734375
0.017,-3.5234375,2.5625,0.48046875
0.0175,-3.68359375,2.0419921875,1.041015625
0.018,-3.8837890625,1.6015625,1.76171875
0.0185,-3.5234375,0.8408203125,2.2021484375
0.019,-3.68359375,0.3203125,2.802734375
0.0195,-3.0029296875,-0.640625,3.04296875
0.02,-2.9228515625,-1.1611328125,3.5234375
0.0205,-2.2021484375,-1.9619140625,3.5234375
0.021,-1.7216796875,-2.4423828125,3.5234375
0.0215,-1.041015625,-2.9228515625,3.36328125
0.022,-0.400390625,-3.4033203125,3.1630859375
0.0225,0.48046875,-3.7236328125,2.6025390625
0.023,1.12109375,-4.00390625,2.2822265625
0.0235,1.8818359375,-4.1240234375,1.6416015625
0.024,2.2421875,-3.84375,1.041015625
0.0245,2.7626953125,-3.923828125,0.6005859375
0.025,2.962890625,-3.36328125,-0.2001953125
0.0255,3.3232421875,-3.1630859375,-0.8408203125
0.026,3.4033203125,-2.40234375,-1.5615234375
0.0265,3.4833984375,-1.8818359375,-2.162109375
0.027,3.04296875,-1.0009765625,-2.6025390625
0.0275,3.04296875,-0.3603515625,-3.1630859375
0.028,2.322265625,0.6005859375,-3.36328125
0.0285,2.1220703125,1.201171875,-3.7236328125
0.029,1.4013671875,1.921875,-3.7236328125
0.0295,0.7607421875,2.322265625,-3.4833984375
0.03,0.2001953125,2.802734375,-3.36328125
0.0305,-0.640625,3.1630859375,-2.8828125
0.031,-1.4814453125,3.4833984375,-2.40234375
0.0315,-2.1220703125,3.5234375,-1.8017578125
0.032,-2.7626953125,3.5634765625,-1.2412109375
0.0325,-3.04296875,3.123046875,-0.6005859375
0.033,-3.5234375,3.123046875,-0.16015625
0.0335,-3.6435546875,2.3623046875,0.7607421875
0.034,-3.9638671875,2.162109375,1.3212890625
0.0345,-3.923828125,1.361328125,2.0419921875
0.035,-3.84375,0.720703125,2.5625
0.0355,-3.4833984375,-0.1201171875,3.04296875
0.036,-3.203125,-0.7607421875,3.4033203125
0.0365,-2.5625,-1.7216796875,3.68359375
0.037,-2.1220703125,-2.2822265625,3.763671875
0.0375,-1.4013671875,-3.0029296875,3.8037109375
0.038,-0.6806640625,-3.3232421875,3.36328125
0.0385,-0.1201171875,-3.84375,3.283203125
0.039,0.9609375,-4.0439453125,2.4423828125
0.0395,1.681640625,-4.3642578125,2.0419921875
0.04,2.3623046875,-4.2041015625,1.28125
0.0405,2.8828125,-4.244140625,0.6806640625
0.041,3.123046875,-3.763671875,0.0
0.0415,3.4833984375,-3.603515625,-0.560546875
0.042,3.68359375,-2.72265625,-1.4814453125
0.0425,3.763671875,-2.2822265625,-2.001953125
0.043,3.68359375,-1.44140625,-2.7626953125
0.0435,3.283203125,-0.6005859375,-3.203125
0.044,2.9228515625,0.2001953125,-3.5634765625
0.0445,2.40234375,1.0810546875,-3.8837890625
0.045,1.76171875,1.9619140625,-4.1640625
0.0455,1.12109375,2.4423828125,-3.923828125
0.046,0.4404296875,3.1630859375,-3.923828125
0.0465,-0.3603515625,3.3232421875,-3.36328125
0.047,-1.0009765625,3.8037109375,-3.1630859375
0.0475,-2.2421875,3.9638671875,-2.1220703125
0.048,-2.8828125,4.083984375,-1.6015625
0.0485,-3.5234375,3.8037109375,-0.720703125
0.049,-3.9638671875,3.5634765625,-0.16015625
0.0495,-4.083984375,3.0029296875,0.560546875
0.05,-4.3642578125,2.642578125,1.2412109375
0.0505,-4.5244140625,1.8017578125,2.2421875
0.051,-4.3642578125,1.12109375,2.6826171875
0.0515,-4.2841796875,0.2802734375,3.443359375
0.052,-3.68359375,-0.640625,3.7236328125
0.0525,-3.3232421875,-1.3212890625,4.0439453125
0.053,-2.482421875,-2.3623046875,4.244140625
0.0535,-1.8017578125,-3.2431640625,4.404296875
0.054,-0.9609375,-3.68359375,3.9638671875
0.0545,-0.2802734375,-4.3642578125,3.923828125
0.055,0.6005859375,-4.4443359375,3.1630859375
0.0555,1.3212890625,-4.8447265625,2.8427734375
0.056,2.642578125,-5.0048828125,1.7216796875
0.0565,3.203125,-4.9248046875,1.0009765625
0.057,3.763671875,-4.5244140625,0.1201171875
0.0575,4.1240234375,-4.244140625,-0.560546875
0.058,4.1640625,-3.5634765625,-1.2412109375
0.0585,4.3642578125,-2.8828125,-2.0419921875
0.059,4.564453125,-2.0419921875,-3.0830078125
0.0595,4.00390625,-1.041015625,-3.4833984375
0.06,3.9638671875,-0.240234375,-4.1640625
0.0605,3.0830078125,0.80078125,-4.2841796875
0.061,2.6826171875,1.521484375,-4.564453125
0.0615,1.6416015625,2.6826171875,-4.6845703125
0.062,0.9208984375,3.443359375,-4.6845703125
0.0625,-0.1201171875,3.8037109375,-4.0439453125
0.063,-0.720703125,4.3642578125,-4.00390625
0.0635,-1.7216796875,4.404296875,-3.0830078125
0.064,-2.482421875,4.64453125,-2.5625
0.0645,-3.84375,4.8046875,-1.4013671875
0.065,-4.2841796875,4.3642578125,-0.560546875
0.0655,-4.8046875,3.9638671875,0.2802734375
0.066,-5.0048828125,3.5634765625,1.0009765625
0.0665,-5.044921875,2.802734375,1.76171875
0.067,-5.125,1.9619140625,2.642578125
0.0675,-5.28515625,1.0810546875,3.7236328125
0.068,-4.5244140625,0.0,3.9638671875
0.0685,-4.484375,-0.80078125,4.6845703125
0.069,-3.4833984375,-1.8818359375,4.6845703125
0.0695,-2.962890625,-2.6025390625,4.9248046875
0.07,-1.841796875,-3.84375,4.96484375
0.0705,-0.9208984375,-4.564453125,4.7646484375
0.071,0.1201171875,-4.884765625,4.083984375
0.0715,0.80078125,-5.4052734375,3.923828125
0.072,1.9619140625,-5.4052734375,2.802734375
0.0725,2.6826171875,-5.60546875,2.2021484375
0.073,4.0439453125,-5.7255859375,0.9609375
0.0735,4.3642578125,-5.044921875,0.0
0.074,4.8046875,-4.6845703125,-0.720703125
0.0745,4.96484375,-3.9638671875,-1.5615234375
0.075,4.96484375,-3.1630859375,-2.40234375
0.0755,4.96484375,-2.2421875,-3.2431640625
0.076,4.96484375,-1.28125,-4.244140625
0.0765,4.00390625,0.0,-4.484375
0.077,3.8837890625,0.720703125,-5.044921875
0.0775,2.642578125,1.9619140625,-5.0048828125
0.078,2.1220703125,2.642578125,-5.125
0.0785,1.041015625,3.8037109375,-5.1650390625
0.079,0.0400390625,4.404296875,-4.724609375
0.0795,-0.9208984375,4.64453125,-4.1240234375
0.08,-1.681640625,5.0849609375,-3.7236328125
0.0805,-2.8828125,5.044921875,-2.5224609375
0.081,-3.5634765625,5.044921875,-1.9619140625
0.0815,-4.8046875,5.0849609375,-0.80078125
0.082,-4.96484375,4.2841796875,0.2802734375
0.0825,-5.4052734375,4.00390625,0.9208984375
0.083,-5.4453125,3.123046875,1.921875
0.0835,-5.4453125,2.3623046875,2.6025390625
0.084,-5.365234375,1.361328125,3.4833984375
0.0845,-5.28515625,0.4404296875,4.3642578125
0.085,-4.3642578125,-0.80078125,4.5244140625
0.0855,-4.244140625,-1.4814453125,5.0849609375
0.086,-2.9228515625,-2.72265625,5.044921875
0.0865,-2.4423828125,-3.36328125,5.125
0.087,-1.2412109375,-4.5244140625,5.044921875
0.0875,-0.240234375,-4.96484375,4.484375
0.088,0.6005859375,-5.28515625,3.9638671875
0.0885,1.5615234375,-5.7255859375,3.4033203125
0.089,2.6826171875,-5.7255859375,2.2421875
0.0895,3.3232421875,-5.6455078125,1.6015625
0.09,4.484375,-5.5654296875,0.5205078125
0.0905,4.564453125,-4.6845703125,-0.48046875
0.091,4.96484375,-4.5244140625,-1.0810546875
0.0915,5.044921875,-3.4033203125,-2.2021484375
0.092,5.0048828125,-2.72265625,-2.8828125
0.0925,4.8447265625,-1.681640625,-3.7236328125
0.093,4.6845703125,-0.720703125,-4.4443359375
0.0935,3.7236328125,0.48046875,-4.64453125
0.094,3.4833984375,1.201171875,-5.0849609375
0.0945,2.2021484375,2.5224609375,-5.0849609375
0.095,1.7216796875,3.04296875,-5.0849609375
0.0955,0.560546875,4.083984375,-4.96484375
0.096,-0.48046875,4.4443359375,-4.2841796875
0.0965,-1.2412109375,4.6845703125,-3.8837890625
0.097,-2.2822265625,4.96484375,-3.0830078125
0.0975,-3.283203125,4.96484375,-2.1220703125
0.098,-3.8837890625,4.8046875,-1.3212890625
0.0985,-4.8046875,4.724609375,-0.3603515625
0.099,-4.8447265625,3.84375,0.6005859375
0.0995,-5.205078125,3.68359375,1.12109375
0.1,-5.2451171875,2.482421875,2.2822265625
0.1005,-5.2451171875,1.921875,2.802734375
0.101,-5.044921875,0.880859375,3.68359375
0.1015,-4.7646484375,0.0,4.1640625
0.102,-4.00390625,-1.041015625,4.484375
0.1025,-3.6435546875,-1.8017578125,4.8046875
0.103,-2.482421875,-3.04296875,4.8447265625
0.1035,-1.9619140625,-3.4833984375,4.7646484375
0.104,-0.9208984375,-4.4443359375,4.6044921875
0.1045,0.0400390625,-4.724609375,3.9638671875
0.105,0.720703125,-5.125,3.68359375
0.1055,1.921875,-5.3251953125,2.6826171875
0.106,2.72265625,-5.4052734375,2.001953125
0.1065,3.36328125,-5.1650390625,1.1611328125
0.107,4.083984375,-5.044921875,0.3603515625
0.1075,4.2041015625,-4.244140625,-0.6005859375
0.108,4.5244140625,-4.0439453125,-1.041015625
0.1085,4.6044921875,-2.8828125,-2.2822265625
0.109,4.6044921875,-2.4423828125,-2.72265625
0.1095,4.4443359375,-1.3212890625,-3.603515625
0.11,3.9638671875,-0.400390625,-4.00390625
0.1105,3.36328125,0.560546875,-4.3642578125
0.111,2.802734375,1.361328125,-4.564453125
0.1115,1.921875,2.4423828125,-4.724609375
0.112,1.28125,2.8828125,-4.5244140625
0.1125,0.400390625,3.6435546875,-4.484375
0.113,-0.560546875,3.84375,-3.7236328125
0.1135,-1.12109375,4.244140625,-3.5634765625
0.114,-2.322265625,4.404296875,-2.4423828125
0.1145,-2.9228515625,4.484375,-1.9619140625
0.115,-3.603515625,4.2041015625,-1.0009765625
0.1155,-4.1240234375,4.00390625,-0.3203125
0.116,-4.244140625,3.3232421875,0.48046875
0.1165,-4.5244140625,3.0830078125,0.9609375
0.117,-4.64453125,2.162109375,1.9619140625
0.1175,-4.5244140625,1.6416015625,2.40234375
0.118,-4.5244140625,0.7607421875,3.203125
0.1185,-3.923828125,-0.1201171875,3.4833984375
0.119,-3.7236328125,-0.80078125,3.9638671875
0.1195,-2.962890625,-1.7216796875,4.083984375
0.12,-2.482421875,-2.5224609375,4.32421875
0.1205,-1.681640625,-3.0830078125,4.083984375
0.121,-1.0009765625,-3.763671875,4.0439453125
0.1215,-0.16015625,-4.00390625,3.443359375
0.122,0.4404296875,-4.4443359375,3.36328125
0.1225,1.5615234375,-4.564453125,2.3623046875
0.123,2.08203125,-4.7646484375,2.0419921875
0.1235,2.8427734375,-4.564453125,1.12109375
0.124,3.203125,-4.32421875,0.5205078125
0.1245,3.5634765625,-3.9638671875,-0.2001953125
0.125,3.763671875,-3.4833984375,-0.8408203125
0.1255,4.0439453125,-2.8828125,-1.7216796875
0.126,3.8837890625,-2.2021484375,-2.2421875
0.1265,3.9638671875,-1.44140625,-3.04296875
0.127,3.2431640625,-0.48046875,-3.283203125
0.1275,3.1630859375,0.2001953125,-3.84375
0.128,2.2822265625,1.2412109375,-3.923828125
0.1285,2.001953125,1.76171875,-4.244140625
0.129,1.1611328125,2.40234375,-3.9638671875
0.1295,0.5205078125,2.9228515625,-3.8837890625
0.13,-0.2802734375,3.2431640625,-3.36328125
0.1305,-1.0009765625,3.6435546875,-3.0830078125
0.131,-1.9619140625,3.84375,-2.2822265625
0.1315,-2.40234375,3.84375,-1.8017578125
0.132,-3.0830078125,3.763671875,-1.041015625
0.1325,-3.3232421875,3.3232421875,-0.48046875
0.133,-3.7236328125,3.1630859375,0.1201171875
0.1335,-3.84375,2.5224609375,0.880859375
0.134,-4.1240234375,2.2021484375,1.44140625
0.1345,-3.923828125,1.4013671875,2.0419921875
0.135,-4.00390625,0.880859375,2.6025390625
0.1355,-3.4833984375,0.0,2.962890625
0.136,-3.4833984375,-0.560546875,3.443359375
0.1365,-2.642578125,-1.5615234375,3.5634765625
0.137,-2.4423828125,-2.0419921875,3.8037109375
0.1375,-1.6416015625,-2.72265625,3.68359375
0.138,-1.0810546875,-3.0830078125,3.5234375
0.1385,-0.3603515625,-3.5634765625,3.283203125
0.139,0.4404296875,-3.84375,2.802734375
0.1395,1.2412109375,-4.2041015625,2.40234375
0.14,1.76171875,-4.1640625,1.76171875
0.1405,2.3623046875,-4.2041015625,1.28125
0.141,2.642578125,-3.8037109375,0.560546875
0.1415,3.1630859375,-3.8037109375,0.1201171875
0.142,3.2431640625,-3.0830078125,-0.7607421875
0.1425,3.5634765625,-2.8427734375,-1.3212890625
0.143,3.4833984375,-2.001953125,-2.001953125
0.1435,3.4033203125,-1.44140625,-2.5224609375
0.144,2.962890625,-0.5205078125,-2.962890625
0.1445,2.802734375,0.080078125,-3.4033203125
0.145,2.2421875,0.9609375,-3.7236328125
0.1455,1.921875,1.4013671875,-3.8037109375
0.146,1.201171875,2.162109375,-3.763671875
0.1465,0.48046875,2.5224609375,-3.4033203125
0.147,-0.16015625,3.04296875,-3.283203125
0.1475,-1.0810546875,3.2431640625,-2.6025390625
0.148,-1.7216796875,3.5634765625,-2.2822265625
0.1485,-2.2822265625,3.443359375,-1.5615234375
0.149,-2.72265625,3.4833984375,-1.1611328125
0.1495,-3.0830078125,3.04296875,-0.4404296875
0.15,-3.4033203125,2.8828125,0.0400390625
0.1505,-3.68359375,2.322265625,0.880859375
0.151,-3.8037109375,1.9619140625,1.3212890625
0.1515,-3.8037109375,1.2412109375,2.0419921875
0.152,-3.5634765625,0.6005859375,2.4423828125
0.1525,-3.36328125,-0.2001953125,2.9228515625
0.153,-2.9228515625,-0.9609375,3.1630859375
0.1535,-2.6025390625,-1.6416015625,3.5234375
0.154,-2.001953125,-2.08203125,3.443359375
0.1545,-1.521484375,-2.6826171875,3.5634765625
0.155,-0.7607421875,-3.04296875,3.1630859375
0.1555,-0.16015625,-3.5634765625,3.0830078125
0.156,0.80078125,-3.8037109375,2.40234375
0.1565,1.3212890625,-4.0439453125,2.08203125
0.157,1.921875,-3.923828125,1.4013671875
0.1575,2.2822265625,-3.8837890625,1.0009765625
0.158,2.72265625,-3.6435546875,0.3203125
0.1585,3.0029296875,-3.283203125,-0.2802734375
0.159,3.4033203125,-2.8828125,-1.0810546875
0.1595,3.3232421875,-2.2822265625,-1.5615234375
0.16,3.443359375,-1.6416015625,-2.322265625
0.1605,2.9228515625,-0.80078125,-2.72265625
0.161,2.9228515625,-0.240234375,-3.2431640625
0.1615,2.2421875,0.720703125,-3.5234375
0.162,1.9619140625,1.3212890625,-3.8037109375
0.1625,1.28125,1.921875,-3.5634765625
0.163,0.7607421875,2.482421875,-3.603515625
0.1635,0.0,2.802734375,-3.203125
0.164,-0.720703125,3.2431640625,-2.8828125
0.1645,-1.7216796875,3.5234375,-2.2021484375
0.165,-2.2021484375,3.5234375,-1.681640625
0.1655,-2.8427734375,3.4833984375,-1.0810546875
0.166,-3.0830078125,3.1630859375,-0.5205078125
0.1665,-3.4833984375,2.9228515625,0.1201171875
0.167,-3.68359375,2.3623046875,0.880859375
0.1675,-3.9638671875,1.921875,1.5615234375
0.168,-3.7236328125,1.201171875,2.0419921875
0.1685,-3.84375,0.6005859375,2.6826171875
0.169,-3.203125,-0.3203125,2.9228515625
0.1695,-3.123046875,-0.9208984375,3.4033203125
0.17,-2.40234375,-1.841796875,3.6435546875
0.1705,-1.9619140625,-2.322265625,3.68359375
0.171,-1.2412109375,-2.9228515625,3.5234375
0.1715,-0.640625,-3.36328125,3.36328125
0.172,0.1201171875,-3.7236328125,2.962890625
0.1725,0.9609375,-4.0439453125,2.482421875
0.173,1.8818359375,-4.32421875,1.841796875
0.1735,2.2822265625,-4.0439453125,1.201171875
0.174,2.8828125,-4.1240234375,0.640625
0.1745,3.04296875,-3.5634765625,0.0
0.175,3.4033203125,-3.36328125,-0.6005859375
0.1755,3.5634765625,-2.6025390625,-1.521484375
0.176,3.7236328125,-2.08203125,-2.1220703125
0.1765,3.36328125,-1.28125,-2.72265625
0.177,3.2431640625,-0.640625,-3.203125
0.1775,2.6025390625,0.2802734375,-3.4833984375
0.178,2.3623046875,1.041015625,-3.84375
0.1785,1.6015625,2.001953125,-4.0439453125
0.179,0.9609375,2.4423828125,-3.8037109375
0.1795,0.3603515625,3.04296875,-3.763671875
0.18,-0.4404296875,3.3232421875,-3.283203125
0.1805,-1.1611328125,3.68359375,-2.8828125
0.181,-2.162109375,3.84375,-2.1220703125
0.1815,-3.04296875,4.0439453125,-1.4013671875
0.182,-3.36328125,3.5234375,-0.640625
0.1825,-3.8837890625,3.5634765625,-0.16015625
0.183,-3.923828125,2.8427734375,0.6806640625
0.1835,-4.2041015625,2.5224609375,1.28125
0.184,-4.404296875,1.6416015625,2.2421875
0.1845,-4.2041015625,0.9609375,2.7626953125
0.185,-3.923828125,0.0400390625,3.283203125
0.1855,-3.603515625,-0.720703125,3.68359375
0.186,-2.962890625,-1.4814453125,3.84375
0.1865,-2.482421875,-2.2822265625,4.1240234375
0.187,-1.6416015625,-3.283203125,4.2841796875
0.1875,-0.80078125,-3.603515625,3.763671875
0.188,-0.2802734375,-4.2041015625,3.8037109375
0.1885,0.7607421875,-4.3642578125,3.0029296875
0.189,1.4814453125,-4.64453125,2.5625
0.1895,2.5224609375,-4.8447265625,1.6416015625
0.19,3.2431640625,-4.8046875,0.880859375
0.1905,3.5634765625,-4.2041015625,0.0400390625
0.191,4.00390625,-4.1240234375,-0.48046875
0.1915,4.083984375,-3.2431640625,-1.361328125
0.192,4.1640625,-2.72265625,-1.9619140625
0.1925,4.404296875,-1.8818359375,-3.0830078125
0.193,3.8837890625,-1.0009765625,-3.5634765625
0.1935,3.5634765625,-0.080078125,-4.00390625
0.194,2.962890625,0.880859375,-4.244140625
0.1945,2.2421875,1.76171875,-4.4443359375
0.195,1.5615234375,2.5625,-4.5244140625
0.1955,0.6806640625,3.5234375,-4.564453125
0.196,-0.2802734375,3.763671875,-3.84375
0.1965,-0.80078125,4.32421875,-3.84375
0.197,-2.08203125,4.404296875,-2.72265625
0.1975,-2.72265625,4.5244140625,-2.2421875
0.198,-3.8037109375,4.564453125,-1.2412109375
0.1985,-4.3642578125,4.32421875,-0.3603515625
0.199,-4.564453125,3.68359375,0.48046875
0.1995,-4.884765625,3.4033203125,1.0810546875
0.2,-4.9248046875,2.3623046875,2.1220703125
0.2005,-4.884765625,1.76171875,2.6025390625
0.201,-5.0048828125,0.7607421875,3.7236328125
0.2015,-4.32421875,-0.2802734375,3.9638671875
0.202,-4.083984375,-1.041015625,4.484375
0.2025,-3.203125,-2.08203125,4.64453125
0.203,-2.4423828125,-3.0029296875,4.7646484375
0.2035,-1.6015625,-3.7236328125,4.6845703125
0.204,-0.6806640625,-4.6044921875,4.6044921875
0.2045,0.2802734375,-4.7646484375,3.8037109375
0.205,0.9609375,-5.28515625,3.68359375
0.2055,2.3623046875,-5.4052734375,2.40234375
0.206,2.9228515625,-5.4052734375,1.841796875
0.2065,3.9638671875,-5.365234375,0.7607421875
0.207,4.4443359375,-4.884765625,-0.1201171875
0.2075,4.6044921875,-4.2841796875,-0.9208984375
0.208,4.8447265625,-3.763671875,-1.681640625
0.2085,4.96484375,-2.6826171875,-2.8427734375
0.209,4.6845703125,-2.001953125,-3.283203125
0.2095,4.7646484375,-1.0009765625,-4.3642578125
0.21,3.84375,0.240234375,-4.5244140625
0.2105,3.4833984375,1.041015625,-4.9248046875
0.211,2.40234375,2.2822265625,-5.0849609375
0.2115,1.5615234375,3.1630859375,-5.125
0.212,0.6806640625,3.84375,-4.8447265625
0.2125,-0.3203125,4.6044921875,-4.64453125
0.213,-1.28125,4.64453125,-3.7236328125
0.2135,-1.9619140625,5.0849609375,-3.443359375
0.214,-3.4833984375,5.125,-2.0419921875
0.2145,-3.923828125,4.96484375,-1.44140625
0.215,-4.8447265625,4.7646484375,-0.3203125
0.2155,-5.205078125,4.1640625,0.560546875
0.216,-5.28515625,3.5234375,1.3212890625
0.2165,-5.4453125,2.7626953125,2.162109375
0.217,-5.4853515625,1.7216796875,3.2431640625
0.2175,-5.0849609375,0.9208984375,3.603515625
0.218,-5.0849609375,0.0,4.5244140625
0.2185,-4.1240234375,-1.201171875,4.6845703125
0.219,-3.8037109375,-1.8818359375,5.044921875
0.2195,-2.5625,-3.203125,5.0849609375
0.22,-1.841796875,-3.923828125,5.0849609375
0.2205,-0.80078125,-4.564453125,4.64453125
0.221,0.1201171875,-5.2451171875,4.4443359375
0.2215,1.0810546875,-5.3251953125,3.5634765625
0.222,1.841796875,-5.685546875,3.1630859375
0.2225,3.283203125,-5.7255859375,1.8017578125
0.223,3.68359375,-5.4453125,1.1611328125
0.2235,4.5244140625,-5.2451171875,0.1201171875
0.224,4.8046875,-4.6044921875,-0.80078125
0.2245,4.9248046875,-4.083984375,-1.4814453125
0.225,5.0048828125,-3.203125,-2.4423828125
0.2255,5.0849609375,-2.2822265625,-3.4833984375
0.226,4.6044921875,-1.28125,-3.84375
0.2265,4.5244140625,-0.3203125,-4.6845703125
0.227,3.443359375,0.9208984375,-4.7646484375
0.2275,3.1630859375,1.5615234375,-5.125
0.228,1.841796875,2.9228515625,-5.1650390625
0.2285,1.201171875,3.5634765625,-5.125
0.229,0.1201171875,4.1640625,-4.6044921875
0.2295,-0.80078125,4.724609375,-4.32421875
0.23,-1.681640625,4.8046875,-3.443359375
0.2305,-2.5224609375,5.0849609375,-2.8828125
0.231,-3.8837890625,5.1650390625,-1.6416015625
0.2315,-4.244140625,4.724609375,-0.9208984375
0.232,-5.044921875,4.484375,0.080078125
0.2325,-5.1650390625,3.68359375,0.9609375
0.233,-5.28515625,3.203125,1.5615234375
0.2335,-5.28515625,2.2021484375,2.5625
0.234,-5.365234375,1.44140625,3.443359375
0.2345,-4.7646484375,0.4404296875,3.84375
0.235,-4.6845703125,-0.48046875,4.564453125
0.2355,-3.6435546875,-1.6015625,4.6044921875
0.236,-3.36328125,-2.2021484375,4.9248046875
0.2365,-2.08203125,-3.5634765625,4.96484375
0.237,-1.44140625,-4.00390625,4.7646484375
0.2375,-0.3603515625,-4.6044921875,4.32421875
0.238,0.4404296875,-5.044921875,3.9638671875
0.2385,1.28125,-5.125,3.203125
0.239,2.162109375,-5.365234375,2.5224609375
0.2395,3.36328125,-5.4853515625,1.521484375
0.24,3.6435546875,-4.96484375,0.720703125
0.2405,4.404296875,-4.884765625,-0.1201171875
0.241,4.4443359375,-4.083984375,-1.0009765625
0.2415,4.64453125,-3.68359375,-1.4814453125
0.242,4.6845703125,-2.642578125,-2.6025390625
0.2425,4.6845703125,-1.9619140625,-3.2431640625
0.243,4.1240234375,-0.880859375,-3.763671875
0.2435,3.9638671875,0.0,-4.3642578125
0.244,3.0029296875,1.0009765625,-4.4443359375
0.2445,2.6826171875,1.6416015625,-4.724609375
0.245,1.5615234375,2.8828125,-4.884765625
0.2455,0.9208984375,3.2431640625,-4.5244140625
0.246,0.0,3.9638671875,-4.244140625
0.2465,-0.8408203125,4.2041015625,-3.7236328125
0.247,-1.6015625,4.4443359375,-3.203125
0.2475,-2.6025390625,4.6044921875,-2.322265625
0.248,-3.603515625,4.724609375,-1.4814453125
0.2485,-3.8837890625,4.0439453125,-0.640625
0.249,-4.5244140625,4.00390625,0.0400390625
0.2495,-4.5244140625,3.1630859375,0.9208984375
0.25,-4.7646484375,2.8828125,1.4013671875
0.2505,-4.8447265625,1.8818359375,2.5224609375
0.251,-4.724609375,1.2412109375,2.962890625
0.2515,-4.2841796875,0.240234375,3.5234375
0.252,-4.00390625,-0.5205078125,3.9638671875
0.2525,-3.2431640625,-1.44140625,4.083984375
0.253,-2.8427734375,-2.08203125,4.32421875
0.2535,-1.9619140625,-3.1630859375,4.4443359375
0.254,-1.2412109375,-3.4033203125,4.00390625
0.2545,-0.5205078125,-4.1240234375,3.9638671875
0.255,0.3203125,-4.244140625,3.283203125
0.2555,0.9609375,-4.64453125,3.0029296875
0.256,1.9619140625,-4.6845703125,2.08203125
0.2565,2.6826171875,-4.8447265625,1.521484375
0.257,3.0830078125,-4.3642578125,0.640625
0.2575,3.5634765625,-4.32421875,0.2001953125
0.258,3.68359375,-3.6435546875,-0.640625
0.2585,3.8837890625,-3.36328125,-1.1611328125
0.259,4.1240234375,-2.5224609375,-2.162109375
0.2595,3.8837890625,-1.8818359375,-2.5625
0.26,3.763671875,-1.0009765625,-3.283203125
0.2605,3.203125,-0.16015625,-3.5634765625
0.261,2.8427734375,0.640625,-3.923828125
0.2615,2.2421875,1.44140625,-4.1240234375
0.262,1.7216796875,2.2421875,-4.3642578125
0.2625,0.880859375,2.6025390625,-3.8837890625
0.263,0.2802734375,3.3232421875,-3.9638671875
0.2635,-0.640625,3.4833984375,-3.203125
0.264,-1.28125,3.8837890625,-3.0029296875
0.2645,-2.3623046875,4.00390625,-2.08203125
0.265,-2.8828125,3.9638671875,-1.5615234375
0.2655,-3.36328125,3.68359375,-0.720703125
0.266,-3.7236328125,3.4833984375,-0.2001953125
0.2665,-3.923828125,2.9228515625,0.560546875
0.267,-4.1240234375,2.482421875,1.1611328125
0.2675,-4.3642578125,1.841796875,2.001953125
0.268,-3.9638671875,1.12109375,2.3623046875
0.2685,-4.00390625,0.4404296875,3.0830078125
0.269,-3.36328125,-0.48046875,3.2431640625
0.2695,-3.203125,-1.041015625,3.68359375
0.27,-2.4423828125,-1.9619140625,3.84375
0.2705,-2.001953125,-2.5224609375,3.8837890625
0.271,-1.2412109375,-2.962890625,3.5234375
0.2715,-0.720703125,-3.4833984375,3.5634765625
0.272,0.1201171875,-3.7236328125,2.962890625
0.2725,0.7607421875,-4.1240234375,2.6826171875
0.273,1.76171875,-4.3642578125,1.921875
0.2735,2.0419921875,-4.1240234375,1.44140625
0.274,2.642578125,-4.1240234375,0.880859375
0.2745,2.8427734375,-3.7236328125,0.2802734375
0.275,3.2431640625,-3.5234375,-0.3203125
0.2755,3.4033203125,-2.9228515625,-1.041015625
0.276,3.6435546875,-2.5625,-1.681640625
0.2765,3.3232421875,-1.681640625,-2.162109375
0.277,3.443359375,-1.1611328125,-2.8427734375
0.2775,2.802734375,-0.16015625,-3.0830078125
0.278,2.72265625,0.400390625,-3.5634765625
0.2785,2.0419921875,1.3212890625,-3.8037109375
0.279,1.6416015625,1.7216796875,-3.8037109375
0.2795,0.9609375,2.3623046875,-3.68359375
0.28,0.3203125,2.72265625,-3.443359375
0.2805,-0.48046875,3.123046875,-3.0830078125
0.281,-1.2412109375,3.4033203125,-2.6025390625
0.2815,-2.0419921875,3.68359375,-2.0419921875
0.282,-2.4423828125,3.4033203125,-1.44140625
0.2825,-3.04296875,3.5234375,-1.0009765625
0.283,-3.203125,2.962890625,-0.240234375
0.2835,-3.6435546875,2.8427734375,0.3203125
0.284,-3.8037109375,2.2021484375,1.12109375
0.2845,-3.923828125,1.841796875,1.6015625
0.285,-3.68359375,0.9609375,2.2421875
0.2855,-3.7236328125,0.4404296875,2.72265625
0.286,-3.1630859375,-0.48046875,3.04296875
0.2865,-2.962890625,-1.0810546875,3.443359375
0.287,-2.322265625,-1.921875,3.6435546875
0.2875,-1.8017578125,-2.2822265625,3.4833984375
0.288,-1.201171875,-2.8828125,3.5234375
0.2885,-0.5205078125,-3.203125,3.0830078125
0.289,0.16015625,-3.7236328125,2.8828125
0.2895,1.0009765625,-3.8837890625,2.2421875
0.29,1.5615234375,-4.0439453125,1.8818359375
0.2905,2.001953125,-3.8037109375,1.201171875
0.291,2.482421875,-3.923828125,0.880859375
0.2915,2.7626953125,-3.4033203125,0.080078125
0.292,3.123046875,-3.2431640625,-0.4404296875
0.2925,3.36328125,-2.642578125,-1.28125
0.293,3.283203125,-2.1220703125,-1.7216796875
0.2935,3.203125,-1.361328125,-2.40234375
0.294,2.8828125,-0.640625,-2.7626953125
0.2945,2.6826171875,0.080078125,-3.203125
0.295,2.2421875,0.80078125,-3.5234375
0.2955,1.841796875,1.4814453125,-3.763671875
0.296,1.12109375,1.76171875,-3.5634765625
0.2965,0.6806640625,2.5224609375,-3.6435546875
0.297,-0.16015625,2.7626953125,-3.04296875
0.2975,-0.80078125,3.283203125,-2.8427734375
0.298,-1.8017578125,3.4833984375,-2.1220703125
0.2985,-2.2822265625,3.4833984375,-1.6416015625
0.299,-2.7626953125,3.3232421875,-1.0009765625
0.2995,-3.123046875,3.203125,-0.5205078125
0.3,-3.443359375,2.7626953125,0.240234375
0.3005,-3.7236328125,2.40234375,0.8408203125
0.301,-3.9638671875,1.8818359375,1.6416015625
0.3015,-3.68359375,1.12109375,2.0419921875
0.302,-3.8037109375,0.5205078125,2.7626953125
0.3025,-3.203125,-0.3203125,2.962890625
0.303,-3.04296875,-1.0009765625,3.443359375
0.3035,-2.3623046875,-1.841796875,3.603515625
0.304,-1.8818359375,-2.40234375,3.7236328125
0.3045,-1.201171875,-2.8828125,3.36328125
0.305,-0.560546875,-3.36328125,3.36328125
0.3055,0.2802734375,-3.6435546875,2.72265625
0.306,0.9609375,-4.0439453125,2.4423828125
0.3065,1.8818359375,-4.2041015625,1.76171875
0.307,2.2421875,-3.9638671875,1.12109375
0.3075,2.802734375,-3.9638671875,0.6005859375
0.308,3.0029296875,-3.5634765625,0.0
0.3085,3.3232421875,-3.203125,-0.720703125
0.309,3.4833984375,-2.6025390625,-1.44140625
0.3095,3.68359375,-2.001953125,-2.2021484375
0.31,3.1630859375,-1.12109375,-2.6025390625
0.3105,3.2431640625,-0.5205078125,-3.203125
0.311,2.482421875,0.4404296875,-3.36328125
0.3115,2.2822265625,1.0810546875,-3.8037109375
0.312,1.5615234375,1.8818359375,-3.9638671875
0.3125,0.880859375,2.40234375,-3.7236328125
0.313,0.16015625,2.7626953125,-3.5634765625
0.3135,-0.48046875,3.283203125,-3.203125
0.314,-1.361328125,3.5234375,-2.5625
0.3145,-2.08203125,3.763671875,-2.08203125
0.315,-2.962890625,3.84375,-1.3212890625
0.3155,-3.2431640625,3.4033203125,-0.6005859375
0.316,-3.7236328125,3.4033203125,-0.16015625
0.3165,-3.84375,2.6826171875,0.6806640625
0.317,-4.1240234375,2.3623046875,1.3212890625
0.3175,-4.1640625,1.5615234375,2.1220703125
0.318,-4.1640625,0.9208984375,2.7626953125
0.3185,-3.6435546875,0.0,3.1630859375
0.319,-3.5634765625,-0.640625,3.6435546875
0.3195,-2.72265625,-1.681640625,3.763671875
0.32,-2.322265625,-2.2822265625,4.00390625
0.3205,-1.521484375,-3.203125,4.083984375
0.321,-0.720703125,-3.603515625,3.5634765625
0.3215,-0.1201171875,-4.00390625,3.4833984375
0.322,0.8408203125,-4.32421875,2.8427734375
0.3225,1.7216796875,-4.5244140625,2.2021484375
0.323,2.4423828125,-4.564453125,1.5615234375
0.3235,3.1630859375,-4.564453125,0.7607421875
0.324,3.36328125,-4.00390625,0.0
0.3245,3.8037109375,-3.923828125,-0.48046875
0.325,3.923828125,-2.962890625,-1.521484375
0.3255,4.083984375,-2.5625,-2.08203125
0.326,4.00390625,-1.6015625,-2.9228515625
0.3265,3.8037109375,-0.80078125,-3.4833984375
0.327,3.203125,0.16015625,-3.8037109375
0.3275,2.8427734375,0.9208984375,-4.2041015625
0.328,1.8818359375,2.001953125,-4.3642578125
0.3285,1.4013671875,2.5224609375,-4.3642578125
0.329,0.48046875,3.4033203125,-4.2841796875
0.3295,-0.3603515625,3.68359375,-3.7236328125
0.33,-1.0009765625,4.083984375,-3.4833984375
0.3305,-2.2021484375,4.32421875,-2.5224609375
0.331,-3.04296875,4.4443359375,-1.8017578125
0.3315,-3.68359375,4.2041015625,-0.9609375
0.332,-4.3642578125,4.1240234375,-0.2001953125
0.3325,-4.404296875,3.3232421875,0.640625
0.333,-4.7646484375,3.123046875,1.1611328125
0.3335,-4.8447265625,2.001953125,2.3623046875
0.334,-4.7646484375,1.44140625,2.8427734375
0.3345,-4.6044921875,0.48046875,3.6435546875
0.335,-4.1640625,-0.4404296875,4.0439453125
0.3355,-3.5634765625,-1.3212890625,4.32421875
0.336,-2.962890625,-2.2021484375,4.5244140625
0.3365,-2.001953125,-3.36328125,4.64453125
0.337,-1.28125,-3.8037109375,4.32421875
0.3375,-0.400390625,-4.5244140625,4.2841796875
0.338,0.48046875,-4.724609375,3.5634765625
0.3385,1.1611328125,-5.0849609375,3.2431640625
0.339,2.482421875,-5.2451171875,2.1220703125
0.3395,3.2431640625,-5.28515625,1.4013671875
0.34,3.84375,-4.884765625,0.48046875
0.3405,4.4443359375,-4.724609375,-0.3203125
0.341,4.484375,-3.8837890625,-1.12109375
0.3415,4.724609375,-3.5234375,-1.76171875
0.342,4.8447265625,-2.322265625,-3.04296875
0.3425,4.5244140625,-1.6015625,-3.4833984375
0.343,4.32421875,-0.560546875,-4.244140625
0.3435,3.68359375,0.48046875,-4.6044921875
0.344,3.0029296875,1.28125,-4.8046875
0.3445,2.2421875,2.322265625,-5.0048828125
0.345,1.2412109375,3.4833984375,-5.125
0.3455,0.3203125,3.84375,-4.5244140625
0.346,-0.5205078125,4.6044921875,-4.4443359375
0.3465,-1.4814453125,4.64453125,-3.5634765625
0.347,-2.2421875,4.9248046875,-3.123046875
0.3475,-3.603515625,5.0849609375,-1.841796875
0.348,-4.3642578125,4.9248046875,-1.0009765625
0.3485,-4.8447265625,4.32421875,0.080078125
0.349,-5.3251953125,4.083984375,0.80078125
0.3495,-5.205078125,3.1630859375,1.6416015625
0.35,-5.4052734375,2.5625,2.3623046875
0.3505,-5.4853515625,1.4013671875,3.6435546875
0.351,-4.96484375,0.5205078125,3.923828125
0.3515,-4.6845703125,-0.5205078125,4.64453125
0.352,-3.9638671875,-1.5615234375,4.8447265625
0.3525,-3.283203125,-2.3623046875,4.96484375
0.353,-2.3623046875,-3.443359375,5.044921875
0.3535,-1.3212890625,-4.4443359375,5.0849609375
0.354,-0.3203125,-4.6845703125,4.32421875
0.3545,0.4404296875,-5.4052734375,4.2841796875
0.355,1.4013671875,-5.365234375,3.2431640625
0.3555,2.162109375,-5.60546875,2.802734375
0.356,3.5634765625,-5.7255859375,1.521484375
0.3565,4.1640625,-5.4453125,0.640625
0.357,4.6044921875,-4.8447265625,-0.3603515625
0.3575,5.0048828125,-4.5244140625,-1.041015625
0.358,4.9248046875,-3.603515625,-1.8818359375
0.3585,5.0048828125,-2.8828125,-2.6025390625
0.359,5.1650390625,-1.841796875,-3.84375
0.3595,4.4443359375,-0.80078125,-4.1640625
0.36,4.244140625,0.16015625,-4.884765625
0.3605,3.283203125,1.201171875,-4.96484375
0.361,2.72265625,1.9619140625,-5.125
0.3615,1.6416015625,3.1630859375,-5.1650390625
0.362,0.720703125,4.083984375,-5.125
0.3625,-0.400390625,4.32421875,-4.2841796875
0.363,-1.041015625,4.96484375,-4.244140625
0.3635,-2.1220703125,4.9248046875,-3.1630859375
0.364,-2.8427734375,5.0849609375,-2.642578125
0.3645,-4.244140625,5.205078125,-1.361328125
0.365,-4.724609375,4.724609375,-0.4404296875
0.3655,-5.1650390625,4.2041015625,0.560546875
0.366,-5.4052734375,3.763671875,1.201171875
0.3665,-5.4052734375,2.8427734375,2.0419921875
0.367,-5.4052734375,2.0419921875,2.8427734375
0.3675,-5.4853515625,1.041015625,3.9638671875
0.368,-4.64453125,-0.1201171875,4.1640625
0.3685,-4.5244140625,-0.9609375,4.8447265625
0.369,-3.5234375,-1.9619140625,4.8046875
0.3695,-3.0029296875,-2.6826171875,5.044921875
0.37,-1.8818359375,-3.84375,5.044921875
0.3705,-0.9609375,-4.6044921875,4.8046875
0.371,0.1201171875,-4.8447265625,4.083984375
0.3715,0.720703125,-5.4052734375,3.9638671875
0.372,1.8818359375,-5.365234375,2.8427734375
0.3725,2.5224609375,-5.4853515625,2.322265625
0.373,3.84375,-5.60546875,1.12109375
0.3735,4.1640625,-4.96484375,0.2001953125
0.374,4.6044921875,-4.64453125,-0.6005859375
0.3745,4.724609375,-4.00390625,-1.28125
0.375,4.8046875,-3.2431640625,-2.08203125
0.3755,4.7646484375,-2.40234375,-2.8828125
0.376,4.8447265625,-1.5615234375,-3.8837890625
0.3765,3.923828125,-0.3603515625,-4.1240234375
0.377,3.8837890625,0.3603515625,-4.7646484375
0.3775,2.7626953125,1.521484375,-4.6845703125
0.378,2.3623046875,2.2021484375,-4.884765625
0.3785,1.28125,3.283203125,-4.9248046875
0.379,0.400390625,3.84375,-4.564453125
0.3795,-0.5205078125,4.1640625,-4.0439453125
0.38,-1.2412109375,4.6044921875,-3.7236328125
0.3805,-2.2822265625,4.6044921875,-2.72265625
0.381,-2.962890625,4.7646484375,-2.162109375
0.3815,-4.1640625,4.8046875,-1.0810546875
0.382,-4.3642578125,4.083984375,-0.16015625
0.3825,-4.8447265625,3.923828125,0.48046875
0.383,-4.8447265625,3.123046875,1.28125
0.3835,-5.0048828125,2.5625,1.9619140625
0.384,-4.96484375,1.6015625,2.8427734375
0.3845,-4.9248046875,0.80078125,3.5634765625
0.385,-4.1640625,-0.3603515625,3.84375
0.3855,-4.1240234375,-0.9609375,4.484375
0.386,-3.04296875,-2.001953125,4.404296875
0.3865,-2.642578125,-2.6025390625,4.6044921875
0.387,-1.6015625,-3.68359375,4.564453125
0.3875,-0.720703125,-4.0439453125,4.1240234375
0.388,0.0,-4.5244140625,3.84375
0.3885,0.8408203125,-4.7646484375,3.283203125
0.389,1.7216796875,-4.8447265625,2.5224609375
0.3895,2.4423828125,-4.9248046875,1.8818359375
0.39,3.3232421875,-4.96484375,1.0009765625
0.3905,3.5234375,-4.244140625,0.16015625
0.391,4.00390625,-4.2841796875,-0.3203125
0.3915,3.9638671875,-3.36328125,-1.1611328125
0.392,4.2041015625,-3.0830078125,-1.8017578125
0.3925,4.1640625,-2.1220703125,-2.642578125
0.393,4.00390625,-1.4013671875,-3.203125
0.3935,3.443359375,-0.3603515625,-3.5634765625
0.394,3.203125,0.2802734375,-4.00390625
0.3945,2.4423828125,1.2412109375,-4.1240234375
0.395,2.0419921875,1.841796875,-4.32421875
0.3955,1.2412109375,2.72265625,-4.32421875
0.396,0.4404296875,3.04296875,-3.84375
0.3965,-0.16015625,3.603515625,-3.84375
0.397,-1.12109375,3.8037109375,-3.0830078125
0.3975,-1.8017578125,4.083984375,-2.642578125
0.398,-2.642578125,4.1240234375,-1.841796875
0.3985,-3.283203125,4.083984375,-1.201171875
0.399,-3.603515625,3.5234375,-0.3603515625
0.3995,-4.0439453125,3.5234375,0.080078125
0.4,-4.1240234375,2.6826171875,0.9609375
0.4005,-4.3642578125,2.40234375,1.521484375
0.401,-4.484375,1.4814453125,2.40234375
0.4015,-4.1240234375,0.80078125,2.802734375
0.402,-3.8837890625,0.0,3.4033203125
0.4025,-3.4833984375,-0.80078125,3.68359375
0.403,-2.9228515625,-1.6015625,3.923828125
0.4035,-2.322265625,-2.2822265625,4.00390625
0.404,-1.6416015625,-3.04296875,4.0439453125
0.4045,-0.8408203125,-3.36328125,3.5634765625
0.405,-0.3203125,-3.923828125,3.603515625
0.4055,0.6806640625,-4.0439453125,2.72265625
0.406,1.28125,-4.4443359375,2.5224609375
0.4065,2.162109375,-4.404296875,1.6416015625
0.407,2.5625,-4.244140625,1.0810546875
0.4075,2.9228515625,-3.923828125,0.4404296875
0.408,3.2431640625,-3.8037109375,0.0
0.4085,3.4833984375,-3.203125,-0.9208984375
0.409,3.603515625,-2.7626953125,-1.44140625
0.4095,3.763671875,-2.0419921875,-2.2421875
0.41,3.2431640625,-1.2412109375,-2.5625
0.4105,3.283203125,-0.6005859375,-3.203125
0.411,2.642578125,0.240234375,-3.36328125
0.4115,2.482421875,0.9208984375,-3.8037109375
0.412,1.76171875,1.6015625,-3.8037109375
0.4125,1.2412109375,2.162109375,-3.8037109375
0.413,0.5205078125,2.5625,-3.4833984375
0.4135,0.0,3.04296875,-3.443359375
0.414,-0.9609375,3.2431640625,-2.72265625
0.4145,-1.5615234375,3.6435546875,-2.482421875
0.415,-2.40234375,3.68359375,-1.681640625
0.4155,-2.6826171875,3.443359375,-1.201171875
0.416,-3.203125,3.3232421875,-0.640625
0.4165,-3.4033203125,2.8828125,0.0
0.417,-3.763671875,2.5625,0.640625
0.4175,-3.84375,2.0419921875,1.3212890625
0.418,-4.0439453125,1.5615234375,1.9619140625
0.4185,-3.5634765625,0.6806640625,2.40234375
0.419,-3.7236328125,0.16015625,3.04296875
0.4195,-3.04296875,-0.80078125,3.203125
0.42,-2.9228515625,-1.3212890625,3.68359375
0.4205,-2.1220703125,-2.162109375,3.6435546875
0.421,-1.6015625,-2.5625,3.5634765625
0.4215,-0.9609375,-3.123046875,3.443359375
0.422,-0.3203125,-3.5634765625,3.1630859375
0.4225,0.6005859375,-3.84375,2.642578125
0.423,1.2412109375,-4.0439453125,2.2021484375
0.4235,1.921875,-4.1640625,1.6015625
0.424,2.2421875,-3.84375,1.0009765625
0.4245,2.7626953125,-3.9638671875,0.560546875
0.425,2.9228515625,-3.36328125,-0.2802734375
0.4255,3.3232421875,-3.0830078125,-0.80078125
0.426,3.3232421875,-2.40234375,-1.4814453125
0.4265,3.36328125,-1.8818359375,-2.0419921875
0.427,3.0029296875,-1.0009765625,-2.5224609375
0.4275,2.962890625,-0.4404296875,-3.0029296875
0.428,2.40234375,0.4404296875,-3.283203125
0.4285,2.2021484375,1.0009765625,-3.6435546875
0.429,1.5615234375,1.76171875,-3.6435546875
0.4295,0.9609375,2.08203125,-3.443359375
0.43,0.400390625,2.642578125,-3.443359375
0.4305,-0.48046875,2.9228515625,-2.8828125
0.431,-1.1611328125,3.36328125,-2.6025390625
0.4315,-1.8818359375,3.36328125,-1.9619140625
0.432,-2.40234375,3.443359375,-1.5615234375
0.4325,-2.7626953125,3.0830078125,-0.80078125
0.433,-3.203125,3.123046875,-0.48046875
0.4335,-3.4033203125,2.5625,0.400390625
0.434,-3.763671875,2.3623046875,0.9609375
0.4345,-3.84375,1.6416015625,1.7216796875
0.435,-3.7236328125,1.041015625,2.2021484375
0.4355,-3.5634765625,0.2802734375,2.7626953125
0.436,-3.203125,-0.4404296875,3.0830078125
0.4365,-2.8427734375,-1.2412109375,3.4833984375
0.437,-2.3623046875,-1.841796875,3.5634765625
0.4375,-1.76171875,-2.5224609375,3.68359375
0.438,-1.041015625,-2.9228515625,3.3232421875
0.4385,-0.5205078125,-3.5234375,3.36328125
0.439,0.5205078125,-3.7236328125,2.5625
0.4395,1.12109375,-4.1240234375,2.3623046875
0.44,1.8818359375,-4.1240234375,1.5615234375
0.4405,2.3623046875,-4.0439453125,1.0810546875
0.441,2.6826171875,-3.8037109375,0.4404296875
0.4415,3.04296875,-3.5634765625,-0.080078125
0.442,3.3232421875,-2.962890625,-0.9609375
0.4425,3.443359375,-2.5224609375,-1.521484375
0.443,3.5234375,-1.8017578125,-2.2822265625
0.4435,3.123046875,-1.0009765625,-2.642578125
0.444,3.04296875,-0.3203125,-3.203125
0.4445,2.40234375,0.6005859375,-3.4033203125
0.445,2.0419921875,1.28125,-3.8037109375
0.4455,1.4013671875,1.921875,-3.7236328125
0.446,0.80078125,2.5224609375,-3.7236328125
0.4465,0.080078125,2.802734375,-3.283203125
0.447,-0.6005859375,3.3232421875,-3.1630859375
0.4475,-1.6015625,3.5234375,-2.2822265625
0.448,-2.2021484375,3.6435546875,-1.921875
0.4485,-2.8828125,3.5234375,-1.1611328125
0.449,-3.203125,3.2431640625,-0.6005859375
0.4495,-3.5634765625,3.0830078125,0.0400390625
0.45,-3.8037109375,2.5224609375,0.7607421875
0.4505,-4.0439453125,2.0419921875,1.521484375
0.451,-3.923828125,1.4013671875,2.0419921875
0.4515,-4.00390625,0.7607421875,2.7626953125
0.452,-3.443359375,-0.2001953125,3.04296875
0.4525,-3.36328125,-0.720703125,3.5234375
0.453,-2.5224609375,-1.8017578125,3.7236328125
0.4535,-2.162109375,-2.40234375,3.9638671875
0.454,-1.3212890625,-3.04296875,3.7236328125
0.4545,-0.720703125,-3.5634765625,3.6435546875
0.455,0.0400390625,-3.84375,3.1630859375
0.4555,0.8408203125,-4.244140625,2.802734375
0.456,1.921875,-4.5244140625,1.921875
0.4565,2.40234375,-4.404296875,1.361328125
0.457,3.123046875,-4.404296875,0.640625
0.4575,3.3232421875,-3.8837890625,0.0
0.458,3.6435546875,-3.603515625,-0.640625
0.4585,3.84375,-2.8427734375,-1.5615234375
0.459,4.00390625,-2.2822265625,-2.2822265625
0.4595,3.68359375,-1.4013671875,-2.802734375
0.46,3.68359375,-0.6806640625,-3.4833984375
0.4605,2.8427734375,0.3203125,-3.6435546875
0.461,2.6826171875,0.9609375,-4.0439453125
0.4615,1.7216796875,2.162109375,-4.244140625
0.462,1.1611328125,2.6826171875,-4.2041015625
0.4625,0.3203125,3.2431640625,-3.923828125
0.463,-0.3603515625,3.68359375,-3.6435546875
0.4635,-1.1611328125,3.84375,-3.0830078125
0.464,-2.1220703125,4.1240234375,-2.4423828125
0.4645,-3.203125,4.32421875,-1.5615234375
0.465,-3.603515625,3.84375,-0.7607421875
0.4655,-4.2841796875,3.8837890625,0.0
0.466,-4.32421875,3.1630859375,0.720703125
0.4665,-4.564453125,2.802734375,1.28125
0.467,-4.6845703125,1.841796875,2.3623046875
0.4675,-4.6845703125,1.1611328125,3.04296875
0.468,-4.2041015625,0.16015625,3.5234375
0.4685,-4.083984375,-0.560546875,4.083984375
0.469,-3.203125,-1.521484375,4.1240234375
0.4695,-2.8427734375,-2.2421875,4.4443359375
0.47,-1.8017578125,-3.4833984375,4.564453125
0.4705,-1.0009765625,-3.84375,4.2041015625
0.471,-0.2001953125,-4.4443359375,3.9638671875
0.4715,0.6005859375,-4.724609375,3.4833984375
0.472,1.4013671875,-4.96484375,2.8427734375
0.4725,2.482421875,-5.1650390625,1.9619140625
0.473,3.5234375,-5.28515625,1.0810546875
0.4735,3.8037109375,-4.5244140625,0.16015625
0.474,4.404296875,-4.5244140625,-0.4404296875
0.4745,4.32421875,-3.6435546875,-1.28125
0.475,4.5244140625,-3.203125,-1.921875
0.4755,4.64453125,-2.1220703125,-3.0830078125
0.476,4.484375,-1.28125,-3.68359375
0.4765,3.84375,-0.2001953125,-4.1640625
0.477,3.5634765625,0.6005859375,-4.6044921875
0.4775,2.6025390625,1.6015625,-4.64453125
0.478,2.08203125,2.40234375,-4.8447265625
0.4785,1.0009765625,3.68359375,-5.0048828125
0.479,0.0400390625,3.9638671875,-4.32421875
0.4795,-0.6806640625,4.484375,-4.1640625
0.48,-1.681640625,4.64453125,-3.36328125
0.4805,-2.5625,4.8046875,-2.642578125
0.481,-3.603515625,4.8447265625,-1.76171875
0.4815,-4.564453125,4.884765625,-0.720703125
0.482,-4.8046875,4.0439453125,0.2802734375
0.4825,-5.28515625,3.9638671875,0.880859375
0.483,-5.205078125,2.8427734375,1.921875
0.4835,-5.28515625,2.2822265625,2.5224609375
0.484,-5.3251953125,1.1611328125,3.68359375
0.4845,-4.9248046875,0.2001953125,4.1640625
0.485,-4.32421875,-0.8408203125,4.6044921875
0.4855,-3.8837890625,-1.681640625,4.96484375
0.486,-2.802734375,-2.7626953125,4.9248046875
0.4865,-2.2021484375,-3.5234375,5.0048828125
0.487,-1.041015625,-4.6845703125,5.0048828125
0.4875,0.0400390625,-4.884765625,4.1640625
0.488,0.6806640625,-5.4453125,4.00390625
0.4885,1.921875,-5.60546875,3.0029296875
0.489,2.6826171875,-5.6455078125,2.2421875
0.4895,3.68359375,-5.60546875,1.28125
0.49,4.484375,-5.4453125,0.3203125
0.4905,4.6044921875,-4.5244140625,-0.640625
0.491,5.044921875,-4.4443359375,-1.28125
0.4915,5.044921875,-3.1630859375,-2.40234375
0.492,4.96484375,-2.6025390625,-2.9228515625
0.4925,5.0048828125,-1.44140625,-4.083984375
0.493,4.404296875,-0.400390625,-4.484375
0.4935,3.84375,0.640625,-4.8447265625
0.494,3.1630859375,1.5615234375,-5.125
0.4945,2.1220703125,2.72265625,-5.1650390625
0.495,1.4013671875,3.36328125,-5.125
0.4955,0.3203125,4.404296875,-5.0849609375
0.496,-0.720703125,4.5244140625,-4.1640625
0.4965,-1.361328125,4.96484375,-4.00390625
0.497,-2.72265625,5.0849609375,-2.802734375
0.4975,-3.443359375,5.125,-2.08203125
0.498,-4.404296875,5.0048828125,-1.0009765625
0.4985,-5.044921875,4.724609375,-0.080078125
0.499,-5.1650390625,3.84375,0.8408203125
0.4995,-5.4853515625,3.603515625,1.44140625
0.5,-5.4853515625,2.2822265625,2.6826171875
0.5005,-5.3251953125,1.76171875,3.123046875
0.501,-5.3251953125,0.6005859375,4.2041015625
0.5015,-4.6044921875,-0.48046875,4.484375
0.502,-4.1640625,-1.3212890625,4.9248046875
0.5025,-3.36328125,-2.3623046875,5.0849609375
0.503,-2.40234375,-3.36328125,5.0849609375
0.5035,-1.6015625,-4.00390625,4.9248046875
0.504,-0.6005859375,-5.0048828125,4.8046875
0.5045,0.48046875,-5.125,3.8837890625
0.505,1.12109375,-5.60546875,3.7236328125
0.5055,2.5224609375,-5.6455078125,2.40234375
0.506,3.123046875,-5.6455078125,1.8818359375
0.5065,4.0439453125,-5.4453125,0.7607421875
0.507,4.5244140625,-5.044921875,-0.080078125
0.5075,4.6845703125,-4.32421875,-1.0009765625
0.508,4.96484375,-3.8837890625,-1.6416015625
0.5085,5.0048828125,-2.72265625,-2.8427734375
0.509,4.7646484375,-2.08203125,-3.2431640625
0.5095,4.724609375,-1.0009765625,-4.244140625
0.51,3.84375,0.16015625,-4.484375
0.5105,3.5234375,0.9208984375,-4.8447265625
0.511,2.5224609375,2.08203125,-5.0048828125
0.5115,1.76171875,2.9228515625,-5.0849609375
0.512,0.880859375,3.5234375,-4.7646484375
0.5125,0.0,4.2841796875,-4.6044921875
0.513,-1.041015625,4.3642578125,-3.7236328125
0.5135,-1.681640625,4.8046875,-3.5234375
0.514,-3.0830078125,4.8447265625,-2.2021484375
0.5145,-3.5234375,4.8046875,-1.7216796875
0.515,-4.404296875,4.6044921875,-0.6005859375
0.5155,-4.6845703125,4.083984375,0.240234375
0.516,-4.9248046875,3.5234375,0.9609375
0.5165,-5.0849609375,2.8828125,1.7216796875
0.517,-5.1650390625,2.001953125,2.6826171875
0.5175,-4.884765625,1.28125,3.123046875
0.518,-4.8447265625,0.3603515625,3.9638671875
0.5185,-4.00390625,-0.720703125,4.1240234375
0.519,-3.84375,-1.361328125,4.6044921875
0.5195,-2.72265625,-2.5625,4.64453125
0.52,-2.2021484375,-3.283203125,4.7646484375
0.5205,-1.201171875,-3.9638671875,4.404296875
0.521,-0.400390625,-4.564453125,4.2041015625
0.5215,0.5205078125,-4.724609375,3.5234375
0.522,1.2412109375,-5.0849609375,3.203125
0.5225,2.482421875,-5.1650390625,2.08203125
0.523,2.8828125,-5.125,1.5615234375
0.5235,3.763671875,-4.9248046875,0.6005859375
0.524,3.9638671875,-4.3642578125,-0.2001953125
0.5245,4.2841796875,-4.00390625,-0.80078125
0.525,4.32421875,-3.203125,-1.7216796875
0.5255,4.484375,-2.5625,-2.5224609375
0.526,4.1240234375,-1.6416015625,-3.0029296875
0.5265,4.1240234375,-0.880859375,-3.7236328125
0.527,3.2431640625,0.240234375,-3.8837890625
0.5275,3.123046875,0.80078125,-4.3642578125
0.528,2.001953125,1.9619140625,-4.404296875
0.5285,1.6416015625,2.4423828125,-4.5244140625
0.529,0.6806640625,3.123046875,-4.2041015625
0.5295,0.0,3.5634765625,-3.8837890625
0.53,-0.80078125,3.84375,-3.4033203125
0.5305,-1.6015625,4.1240234375,-2.8828125
0.531,-2.6025390625,4.2841796875,-2.08203125
0.5315,-3.0029296875,4.083984375,-1.44140625
0.532,-3.7236328125,4.00390625,-0.720703125
0.5325,-3.8837890625,3.4033203125,0.0400390625
0.533,-4.244140625,3.283203125,0.560546875
0.5335,-4.32421875,2.40234375,1.44140625
0.534,-4.5244140625,2.0419921875,2.001953125
0.5345,-4.2841796875,1.12109375,2.6826171875
0.535,-4.2041015625,0.48046875,3.203125
0.5355,-3.5634765625,-0.5205078125,3.5234375
0.536,-3.4833984375,-1.12109375,3.923828125
0.5365,-2.5625,-2.2421875,4.1240234375
0.537,-2.162109375,-2.642578125,4.1240234375
0.5375,-1.28125,-3.36328125,4.00390625
0.538,-0.560546875,-3.7236328125,3.6435546875
0.5385,0.16015625,-4.2041015625,3.4033203125
0.539,1.12109375,-4.404296875,2.642578125
0.5395,1.921875,-4.6845703125,2.162109375
0.54,2.40234375,-4.4443359375,1.4013671875
0.5405,3.04296875,-4.484375,0.8408203125
0.541,3.2431640625,-3.84375,0.0400390625
0.5415,3.6435546875,-3.7236328125,-0.5205078125
0.542,3.763671875,-2.8828125,-1.44140625
0.5425,3.84375,-2.482421875,-1.9619140625
0.543,3.68359375,-1.5615234375,-2.642578125
0.5435,3.4033203125,-0.8408203125,-3.04296875
0.544,3.0029296875,0.0,-3.4833984375
0.5445,2.5625,0.640625,-3.763671875
0.545,2.0419921875,1.521484375,-4.0439453125
0.5455,1.44140625,1.9619140625,-3.84375
0.546,0.80078125,2.642578125,-3.84375
0.5465,0.0400390625,2.9228515625,-3.36328125
0.547,-0.5205078125,3.36328125,-3.203125
0.5475,-1.5615234375,3.5234375,-2.40234375
0.548,-2.08203125,3.8037109375,-2.08203125
0.5485,-2.642578125,3.5234375,-1.28125
0.549,-3.0830078125,3.5234375,-0.880859375
0.5495,-3.36328125,3.04296875,-0.16015625
0.55,-3.6435546875,2.8427734375,0.3203125
0.5505,-3.923828125,2.2421875,1.201171875
0.551,-3.923828125,1.841796875,1.6015625
0.5515,-4.00390625,1.12109375,2.3623046875
0.552,-3.603515625,0.3203125,2.6826171875
0.5525,-3.5234375,-0.3203125,3.2431640625
0.553,-2.8828125,-1.201171875,3.4033203125
0.5535,-2.6025390625,-1.8017578125,3.8037109375
0.554,-1.921875,-2.322265625,3.5634765625
0.5545,-1.44140625,-2.9228515625,3.68359375
0.555,-0.6005859375,-3.283203125,3.203125
0.5555,0.0400390625,-3.8037109375,3.123046875
0.556,1.0009765625,-4.00390625,2.40234375
0.5565,1.4814453125,-4.2041015625,2.08203125
0.557,2.2021484375,-4.1240234375,1.3212890625
0.5575,2.5224609375,-3.9638671875,0.880859375
0.558,3.0029296875,-3.7236328125,0.2001953125
0.5585,3.1630859375,-3.283203125,-0.5205078125
0.559,3.5234375,-2.8828125,-1.2412109375
0.5595,3.36328125,-2.2021484375,-1.76171875
0.56,3.5234375,-1.6416015625,-2.4423828125
0.5605,2.9228515625,-0.6806640625,-2.7626953125
0.561,2.9228515625,-0.16015625,-3.36328125
0.5615,2.2021484375,0.8408203125,-3.5634765625
0.562,1.9619140625,1.361328125,-3.8037109375
0.5625,1.2412109375,1.921875,-3.5634765625
0.563,0.720703125,2.4423828125,-3.5634765625
0.5635,0.0,2.802734375,-3.1630859375
0.564,-0.80078125,3.1630859375,-2.8427734375
0.5645,-1.6015625,3.4833984375,-2.2421875
0.565,-2.08203125,3.36328125,-1.76171875
0.5655,-2.642578125,3.443359375,-1.201171875
0.566,-2.8828125,3.04296875,-0.640625
0.5665,-3.36328125,2.962890625,-0.080078125
0.567,-3.5234375,2.40234375,0.6806640625
0.5675,-3.84375,2.1220703125,1.2412109375
0.568,-3.6435546875,1.3212890625,1.76171875
0.5685,-3.763671875,0.8408203125,2.3623046875
0.569,-3.203125,-0.080078125,2.72265625
0.5695,-3.203125,-0.6005859375,3.203125
0.57,-2.5625,-1.4814453125,3.4833984375
0.5705,-2.2822265625,-1.9619140625,3.5634765625
0.571,-1.5615234375,-2.6025390625,3.5634765625
0.5715,-0.9609375,-3.0029296875,3.3232421875
0.572,-0.240234375,-3.5234375,3.123046875
0.5725,0.6005859375,-3.84375,2.5625
0.573,1.4013671875,-4.1640625,2.162109375
0.5735,1.841796875,-3.9638671875,1.521484375
0.574,2.4423828125,-4.1240234375,1.0810546875
0.5745,2.72265625,-3.6435546875,0.3203125
0.575,3.1630859375,-3.5634765625,-0.240234375
0.5755,3.4033203125,-2.8828125,-1.12109375
0.576,3.5234375,-2.482421875,-1.6416015625
0.5765,3.36328125,-1.6015625,-2.322265625
0.577,3.1630859375,-0.9609375,-2.8427734375
0.5775,2.7626953125,0.0,-3.203125
0.578,2.40234375,0.6806640625,-3.5634765625
0.5785,1.921875,1.5615234375,-3.84375
0.579,1.28125,1.921875,-3.603515625
0.5795,0.6806640625,2.6025390625,-3.68359375
0.58,-0.080078125,2.8427734375,-3.203125
0.5805,-0.7607421875,3.3232421875,-2.9228515625
0.581,-1.76171875,3.5234375,-2.2021484375
0.5815,-2.4423828125,3.68359375,-1.6416015625
0.582,-2.8828125,3.3232421875,-0.9609375
0.5825,-3.283203125,3.36328125,-0.5205078125
0.583,-3.4833984375,2.802734375,0.240234375
0.5835,-3.763671875,2.5224609375,0.80078125
0.584,-4.00390625,1.841796875,1.681640625
0.5845,-3.84375,1.2412109375,2.08203125
0.585,-3.8037109375,0.48046875,2.802734375
0.5855,-3.36328125,-0.3203125,3.0830078125
0.586,-3.0830078125,-1.0009765625,3.4833984375
0.5865,-2.5224609375,-1.8017578125,3.68359375
0.587,-1.921875,-2.5625,3.84375
0.5875,-1.1611328125,-2.9228515625,3.4833984375
0.588,-0.6806640625,-3.5634765625,3.603515625
0.5885,0.2001953125,-3.763671875,2.9228515625
0.589,0.9208984375,-4.1640625,2.6826171875
0.5895,1.921875,-4.404296875,1.841796875
0.59,2.482421875,-4.32421875,1.2412109375
0.5905,3.0029296875,-4.083984375,0.5205078125
0.591,3.3232421875,-3.84375,0.0
0.5915,3.5234375,-3.3232421875,-0.7607421875
0.592,3.763671875,-2.8828125,-1.4814453125
0.5925,3.9638671875,-2.2021484375,-2.4423828125
0.593,3.5234375,-1.28125,-2.8427734375
0.5935,3.5234375,-0.5205078125,-3.4833984375
0.594,2.7626953125,0.4404296875,-3.6435546875
0.5945,2.482421875,1.12109375,-4.00390625
0.595,1.681640625,2.08203125,-4.1640625
0.5955,1.0009765625,2.802734375,-4.1640625
0.596,0.2001953125,3.1630859375,-3.68359375
0.5965,-0.4404296875,3.68359375,-3.603515625
0.597,-1.44140625,3.84375,-2.72265625
0.5975,-2.162109375,4.083984375,-2.322265625
0.598,-3.283203125,4.244140625,-1.361328125
0.5985,-3.68359375,3.84375,-0.640625
0.599,-4.083984375,3.603515625,0.0400390625
0.5995,-4.32421875,3.123046875,0.7607421875
0.6,-4.4443359375,2.40234375,1.521484375
0.6005,-4.5244140625,1.7216796875,2.2421875
0.601,-4.64453125,1.0009765625,3.1630859375
0.6015,-3.9638671875,0.0,3.443359375
0.602,-3.9638671875,-0.640625,4.0439453125
0.6025,-2.962890625,-1.7216796875,4.083984375
0.603,-2.5625,-2.4423828125,4.32421875
0.6035,-1.6015625,-3.4033203125,4.404296875
0.604,-0.80078125,-4.00390625,4.1240234375
0.6045,0.0,-4.32421875,3.6435546875
0.605,0.720703125,-4.7646484375,3.36328125
0.6055,1.8818359375,-4.8447265625,2.40234375
0.606,2.482421875,-4.96484375,1.8818359375
0.6065,3.5634765625,-5.0849609375,0.9208984375
0.607,3.8037109375,-4.4443359375,0.0400390625
0.6075,4.2041015625,-4.2841796875,-0.560546875
0.608,4.404296875,-3.5234375,-1.4814453125
0.6085,4.484375,-2.8427734375,-2.2421875
0.609,4.4443359375,-1.9619140625,-3.04296875
0.6095,4.4443359375,-1.0810546875,-3.84375
0.61,3.5234375,0.080078125,-4.083984375
0.6105,3.443359375,0.7607421875,-4.6044921875
0.611,2.2421875,2.0419921875,-4.6845703125
0.6115,1.76171875,2.642578125,-4.7646484375
0.612,0.7607421875,3.6435546875,-4.6845703125
0.6125,-0.2001953125,4.1240234375,-4.2041015625
0.613,-1.0009765625,4.3642578125,-3.7236328125
0.6135,-1.9619140625,4.7646484375,-3.203125
0.614,-3.0830078125,4.8046875,-2.08203125
0.6145,-3.68359375,4.6845703125,-1.44140625
0.615,-4.64453125,4.64453125,-0.400390625
0.6155,-4.7646484375,3.84375,0.5205078125
0.616,-5.0849609375,3.5634765625,1.0810546875
0.6165,-5.205078125,2.5224609375,2.162109375
0.617,-5.205078125,1.841796875,2.8828125
0.6175,-5.0048828125,0.880859375,3.6435546875
0.618,-4.884765625,0.0,4.404296875
0.6185,-3.8837890625,-1.1611328125,4.484375
0.619,-3.7236328125,-1.8818359375,4.9248046875
0.6195,-2.3623046875,-3.2431640625,4.96484375
0.62,-1.8017578125,-3.7236328125,4.9248046875
0.6205,-0.6806640625,-4.64453125,4.64453125
0.621,0.2802734375,-5.0849609375,4.1240234375
0.6215,1.0810546875,-5.28515625,3.5234375
0.622,2.1220703125,-5.60546875,2.802734375
0.6225,3.283203125,-5.6455078125,1.7216796875
0.623,3.763671875,-5.3251953125,0.9609375
0.6235,4.64453125,-5.2451171875,0.0
0.624,4.724609375,-4.404296875,-1.0009765625
0.6245,4.96484375,-4.0439453125,-1.5615234375
0.625,5.0849609375,-2.8427734375,-2.8427734375
0.6255,5.0048828125,-2.08203125,-3.443359375
0.626,4.6044921875,-1.0009765625,-4.1240234375
0.6265,4.404296875,0.0,-4.8046875
0.627,3.283203125,1.12109375,-4.8447265625
0.6275,2.962890625,1.921875,-5.205078125
0.628,1.5615234375,3.3232421875,-5.2451171875
0.6285,0.9609375,3.7236328125,-5.0048828125
0.629,-0.16015625,4.5244140625,-4.6845703125
0.6295,-1.12109375,4.8046875,-4.083984375
0.63,-1.921875,5.0048828125,-3.4833984375
0.6305,-3.04296875,5.205078125,-2.5224609375
0.631,-4.1640625,5.2451171875,-1.4814453125
0.6315,-4.564453125,4.724609375,-0.6005859375
0.632,-5.3251953125,4.5244140625,0.3603515625
0.6325,-5.28515625,3.5634765625,1.28125
0.633,-5.4853515625,3.203125,1.841796875
0.6335,-5.525390625,1.921875,3.1630859375
0.634,-5.4052734375,1.2412109375,3.68359375
0.6345,-4.9248046875,0.1201171875,4.32421875
0.635,-4.564453125,-0.80078125,4.8447265625
0.6355,-3.6435546875,-1.921875,4.9248046875
0.636,-3.1630859375,-2.642578125,5.125
0.6365,-1.8818359375,-4.00390625,5.205078125
0.637,-1.1611328125,-4.3642578125,4.8046875
0.6375,-0.080078125,-5.125,4.484375
0.638,0.880859375,-5.365234375,3.84375
0.6385,1.6015625,-5.5654296875,3.283203125
0.639,2.802734375,-5.7255859375,2.2421875
0.6395,3.84375,-5.7255859375,1.28125
0.64,4.1640625,-5.1650390625,0.3203125
0.6405,4.884765625,-5.0849609375,-0.5205078125
0.641,4.8447265625,-4.00390625,-1.44140625
0.6415,5.044921875,-3.603515625,-1.9619140625
0.642,5.0849609375,-2.3623046875,-3.283203125
0.6425,4.8447265625,-1.6015625,-3.8037109375
0.643,4.404296875,-0.4404296875,-4.4443359375
0.6435,3.9638671875,0.5205078125,-4.884765625
0.644,3.04296875,1.5615234375,-4.96484375
0.6445,2.40234375,2.40234375,-5.1650390625
0.645,1.28125,3.6435546875,-5.28515625
0.6455,0.4404296875,3.923828125,-4.6845703125
0.646,-0.5205078125,4.6845703125,-4.484375
0.6465,-1.44140625,4.7646484375,-3.603515625
0.647,-2.2021484375,4.96484375,-3.123046875
0.6475,-3.4833984375,5.0849609375,-1.9619140625
0.648,-4.32421875,4.96484375,-1.12109375
0.6485,-4.64453125,4.244140625,-0.080078125
0.649,-5.205078125,4.1240234375,0.640625
0.6495,-5.125,3.1630859375,1.521484375
0.65,-5.2451171875,2.6826171875,2.08203125
0.6505,-5.365234375,1.5615234375,3.3232421875
0.651,-4.9248046875,0.7607421875,3.68359375
0.6515,-4.564453125,-0.3203125,4.32421875
0.652,-4.00390625,-1.201171875,4.6044921875
0.6525,-3.283203125,-2.0419921875,4.724609375
0.653,-2.5625,-2.9228515625,4.8046875
0.6535,-1.6416015625,-3.9638671875,4.9248046875
0.654,-0.720703125,-4.2041015625,4.244140625
0.6545,0.0400390625,-4.96484375,4.2041015625
0.655,0.9609375,-5.0048828125,3.3232421875
0.6555,1.76171875,-5.3251953125,2.802734375
0.656,2.9228515625,-5.4052734375,1.8017578125
0.6565,3.5634765625,-5.28515625,1.041015625
0.657,4.00390625,-4.6845703125,0.1201171875
0.6575,4.4443359375,-4.5244140625,-0.5205078125
0.658,4.484375,-3.6435546875,-1.361328125
0.6585,4.6044921875,-3.0830078125,-2.0419921875
0.659,4.7646484375,-2.1220703125,-3.203125
0.6595,4.244140625,-1.28125,-3.4833984375
0.66,4.0439453125,-0.3203125,-4.244140625
0.6605,3.2431640625,0.6806640625,-4.3642578125
0.661,2.802734375,1.44140625,-4.64453125
0.6615,1.921875,2.4423828125,-4.724609375
0.662,1.1611328125,3.283203125,-4.7646484375
0.6625,0.16015625,3.5634765625,-4.083984375
0.663,-0.5205078125,4.1640625,-4.0439453125
0.6635,-1.4013671875,4.2841796875,-3.0830078125
0.664,-2.1220703125,4.4443359375,-2.72265625
0.6645,-3.3232421875,4.5244140625,-1.6416015625
0.665,-3.7236328125,4.244140625,-0.9208984375
0.6655,-4.244140625,3.84375,0.0
0.666,-4.4443359375,3.443359375,0.560546875
0.6665,-4.5244140625,2.8427734375,1.28125
0.667,-4.564453125,2.2021484375,1.921875
0.6675,-4.7646484375,1.44140625,2.8427734375
0.668,-4.1640625,0.6005859375,3.0830078125
0.6685,-4.2041015625,-0.16015625,3.8037109375
0.669,-3.36328125,-1.0810546875,3.84375
0.6695,-3.123046875,-1.681640625,4.2041015625
0.67,-2.2421875,-2.642578125,4.2041015625
0.6705,-1.6416015625,-3.203125,4.2041015625
0.671,-0.80078125,-3.68359375,3.8037109375
0.6715,-0.2802734375,-4.244140625,3.68359375
0.672,0.6806640625,-4.3642578125,2.9228515625
0.6725,1.361328125,-4.6044921875,2.6826171875
0.673,2.482421875,-4.8447265625,1.76171875
0.6735,2.7626953125,-4.4443359375,1.0810546875
0.674,3.4033203125,-4.4443359375,0.4404296875
0.6745,3.5634765625,-3.84375,-0.3203125
0.675,3.8837890625,-3.5634765625,-1.0009765625
0.6755,3.9638671875,-2.7626953125,-1.8017578125
0.676,4.1240234375,-2.2021484375,-2.5224609375
0.6765,3.603515625,-1.1611328125,-2.9228515625
0.677,3.6435546875,-0.5205078125,-3.603515625
0.6775,2.802734375,0.48046875,-3.7236328125
0.678,2.6025390625,1.12109375,-4.1240234375
0.6785,1.76171875,2.08203125,-4.244140625
0.679,1.12109375,2.5224609375,-4.00390625
0.6795,0.3603515625,3.04296875,-3.84375
0.68,-0.3203125,3.36328125,-3.4833984375
0.6805,-1.2412109375,3.5234375,-2.9228515625
0.681,-1.9619140625,3.84375,-2.3623046875
0.6815,-2.8427734375,4.00390625,-1.6015625
0.682,-3.0830078125,3.5234375,-0.8408203125
0.6825,-3.603515625,3.603515625,-0.400390625
0.683,-3.68359375,2.8427734375,0.3603515625
0.6835,-4.00390625,2.642578125,0.9208984375
0.684,-4.083984375,1.921875,1.7216796875
0.6845,-4.083984375,1.44140625,2.162109375
0.685,-3.7236328125,0.5205078125,2.6826171875
0.6855,-3.68359375,0.0,3.123046875
0.686,-3.0830078125,-0.880859375,3.36328125
0.6865,-2.8427734375,-1.4814453125,3.68359375
0.687,-2.1220703125,-2.322265625,3.84375
0.6875,-1.5615234375,-2.642578125,3.5634765625
0.688,-1.0009765625,-3.36328125,3.6435546875
0.6885,-0.16015625,-3.5634765625,3.04296875
0.689,0.48046875,-4.00390625,2.8427734375
0.6895,1.3212890625,-4.1640625,2.2021484375
0.69,1.921875,-4.32421875,1.76171875
0.6905,2.3623046875,-3.9638671875,1.0810546875
0.691,2.8427734375,-4.083984375,0.6806640625
0.6915,3.0830078125,-3.4833984375,-0.16015625
0.692,3.443359375,-3.283203125,-0.6806640625
0.6925,3.6435546875,-2.6025390625,-1.6015625
0.693,3.5234375,-2.0419921875,-2.001953125
0.6935,3.443359375,-1.201171875,-2.72265625
0.694,3.04296875,-0.48046875,-3.0830078125
0.6945,2.72265625,0.3203125,-3.5234375
0.695,2.2421875,1.0810546875,-3.8037109375
0.6955,1.76171875,1.7216796875,-3.9638671875
0.696,1.0009765625,2.08203125,-3.603515625
0.6965,0.5205078125,2.7626953125,-3.7236328125
0.697,-0.400390625,3.0029296875,-3.0029296875
0.6975,-1.041015625,3.4833984375,-2.8427734375
0.698,-1.9619140625,3.603515625,-2.001953125
0.6985,-2.4423828125,3.5234375,-1.5615234375
0.699,-2.8828125,3.3232421875,-0.8408203125
0.6995,-3.203125,3.1630859375,-0.400390625
0.7,-3.4833984375,2.6826171875,0.3203125
0.7005,-3.7236328125,2.3623046875,0.9208984375
0.701,-3.923828125,1.76171875,1.6416015625
0.7015,-3.603515625,1.0810546875,2.0419921875
0.702,-3.7236328125,0.48046875,2.72265625
0.7025,-3.1630859375,-0.3203125,2.9228515625
0.703,-3.04296875,-1.0009765625,3.36328125
0.7035,-2.40234375,-1.8017578125,3.5234375
0.704,-1.9619140625,-2.2822265625,3.5634765625
0.7045,-1.28125,-2.7626953125,3.3232421875
0.705,-0.80078125,-3.203125,3.36328125
0.7055,0.1201171875,-3.4833984375,2.7626953125
0.706,0.7607421875,-3.923828125,2.5625
0.7065,1.6015625,-4.1240234375,1.921875
0.707,1.9619140625,-3.923828125,1.4013671875
0.7075,2.5625,-3.9638671875,0.8408203125
0.708,2.802734375,-3.5634765625,0.240234375
0.7085,3.203125,-3.3232421875,-0.4404296875
0.709,3.36328125,-2.72265625,-1.1611328125
0.7095,3.603515625,-2.2822265625,-1.8818359375
0.71,3.1630859375,-1.361328125,-2.322265625
0.7105,3.283203125,-0.80078125,-2.962890625
0.711,2.642578125,0.1201171875,-3.203125
0.7115,2.5224609375,0.7607421875,-3.7236328125
0.712,1.76171875,1.5615234375,-3.8837890625
0.7125,1.201171875,2.0419921875,-3.7236328125
0.713,0.560546875,2.642578125,-3.5634765625
0.7135,-0.16015625,3.04296875,-3.283203125
0.714,-1.041015625,3.3232421875,-2.6826171875
0.7145,-1.8017578125,3.603515625,-2.2421875
0.715,-2.5625,3.7236328125,-1.5615234375
0.7155,-2.8828125,3.3232421875,-0.8408203125
0.716,-3.4033203125,3.3232421875,-0.400390625
0.7165,-3.5634765625,2.6826171875,0.400390625
0.717,-3.8837890625,2.40234375,0.9609375
0.7175,-3.923828125,1.681640625,1.76171875
0.718,-3.923828125,1.12109375,2.322265625
0.7185,-3.5634765625,0.2802734375,2.802734375
0.719,-3.4833984375,-0.3203125,3.203125
0.7195,-2.72265625,-1.28125,3.4033203125
0.72,-2.4423828125,-1.8818359375,3.7236328125
0.7205,-1.7216796875,-2.72265625,3.7236328125
0.721,-1.041015625,-3.0830078125,3.443359375
0.7215,-0.5205078125,-3.5634765625,3.4033203125
0.722,0.4404296875,-3.84375,2.802734375
0.7225,1.201171875,-4.1640625,2.3623046875
0.723,1.921875,-4.2041015625,1.7216796875
0.7235,2.5625,-4.2841796875,1.12109375
0.724,2.8427734375,-3.84375,0.400390625
0.7245,3.3232421875,-3.84375,0.0
0.725,3.443359375,-3.04296875,-1.0009765625
0.7255,3.68359375,-2.72265625,-1.5615234375
0.726,3.763671875,-1.921875,-2.40234375
0.7265,3.5234375,-1.12109375,-2.8828125
0.727,3.1630859375,-0.3203125,-3.36328125
0.7275,2.802734375,0.48046875,-3.7236328125
0.728,2.1220703125,1.4013671875,-4.00390625
0.7285,1.6416015625,1.9619140625,-4.083984375
0.729,0.880859375,2.8427734375,-4.0439453125
0.7295,0.0400390625,3.123046875,-3.5634765625
0.73,-0.5205078125,3.6435546875,-3.4833984375
0.7305,-1.681640625,3.84375,-2.5625
0.731,-2.40234375,4.083984375,-2.0419921875
0.7315,-3.1630859375,3.9638671875,-1.2412109375
0.732,-3.7236328125,3.84375,-0.5205078125
0.7325,-3.8837890625,3.2431640625,0.240234375
0.733,-4.244140625,3.04296875,0.7607421875
0.7335,-4.3642578125,2.08203125,1.8017578125
0.734,-4.3642578125,1.6015625,2.2822265625
0.7345,-4.3642578125,0.7607421875,3.0830078125
0.735,-3.84375,-0.16015625,3.4833984375
0.7355,-3.5634765625,-0.9609375,3.84375
0.736,-2.8828125,-1.8818359375,4.083984375
0.7365,-2.1220703125,-2.8427734375,4.244140625
0.737,-1.44140625,-3.2431640625,4.083984375
0.7375,-0.640625,-4.00390625,4.0439453125
0.738,0.16015625,-4.2041015625,3.4033203125
0.7385,0.80078125,-4.64453125,3.1630859375
0.739,2.08203125,-4.8046875,2.08203125
0.7395,2.72265625,-4.8447265625,1.521484375
0.74,3.443359375,-4.64453125,0.640625
0.7405,3.84375,-4.3642578125,0.0
0.741,3.9638671875,-3.8037109375,-0.80078125
0.7415,4.244140625,-3.283203125,-1.4814453125
0.742,4.4443359375,-2.40234375,-2.5625
0.7425,4.1240234375,-1.6416015625,-3.04296875
0.743,4.1240234375,-0.7607421875,-3.84375
0.7435,3.36328125,0.2802734375,-4.1240234375
0.744,3.0029296875,0.9609375,-4.484375
0.7445,2.0419921875,2.08203125,-4.64453125
0.745,1.3212890625,3.04296875,-4.7646484375
0.7455,0.48046875,3.4833984375,-4.2841796875
0.746,-0.3603515625,4.1640625,-4.2041015625
0.7465,-1.2412109375,4.244140625,-3.4033203125
0.747,-1.9619140625,4.6044921875,-3.04296875
0.7475,-3.4033203125,4.7646484375,-1.8017578125
0.748,-3.9638671875,4.564453125,-1.0009765625
0.7485,-4.564453125,4.1640625,0.0
0.749,-4.9248046875,3.8037109375,0.6806640625
0.7495,-4.9248046875,3.04296875,1.4013671875
0.75,-5.0849609375,2.3623046875,2.2421875
0.7505,-5.205078125,1.4013671875,3.3232421875
0.751,-4.64453125,0.48046875,3.68359375
0.7515,-4.564453125,-0.4404296875,4.404296875
0.752,-3.7236328125,-1.44140625,4.5244140625
0.7525,-3.2431640625,-2.2021484375,4.724609375
0.753,-2.2021484375,-3.36328125,4.884765625
0.7535,-1.3212890625,-4.2041015625,4.8046875
0.754,-0.3203125,-4.564453125,4.2041015625
0.7545,0.400390625,-5.1650390625,4.1240234375
0.755,1.361328125,-5.1650390625,3.1630859375
0.7555,2.162109375,-5.4453125,2.6826171875
0.756,3.5634765625,-5.6455078125,1.44140625
0.7565,4.0439453125,-5.205078125,0.560546875
0.757,4.6044921875,-4.8447265625,-0.3603515625
0.7575,4.8447265625,-4.32421875,-1.12109375
0.758,4.8447265625,-3.5634765625,-1.8818359375
0.7585,4.96484375,-2.72265625,-2.802734375
0.759,5.0849609375,-1.7216796875,-3.923828125
0.7595,4.32421875,-0.640625,-4.2041015625
0.76,4.1640625,0.2802734375,-4.96484375
0.7605,3.123046875,1.361328125,-4.96484375
0.761,2.6025390625,2.2021484375,-5.1650390625
0.7615,1.44140625,3.4833984375,-5.2451171875
0.762,0.5205078125,4.2041015625,-5.0849609375
0.7625,-0.6005859375,4.5244140625,-4.32421875
0.763,-1.28125,5.0849609375,-4.1640625
0.7635,-2.4423828125,5.044921875,-2.962890625
0.764,-3.203125,5.1650390625,-2.40234375
0.7645,-4.6044921875,5.28515625,-1.12109375
0.765,-4.96484375,4.6044921875,-0.1201171875
0.7655,-5.4453125,4.2041015625,0.7607421875
0.766,-5.525390625,3.5634765625,1.5615234375
0.7665,-5.525390625,2.6826171875,2.40234375
0.767,-5.4853515625,1.76171875,3.2431640625
0.7675,-5.525390625,0.6806640625,4.32421875
0.768,-4.6044921875,-0.5205078125,4.484375
0.7685,-4.5244140625,-1.28125,5.0849609375
0.769,-3.3232421875,-2.322265625,5.044921875
0.7695,-2.7626953125,-3.0830078125,5.1650390625
0.77,-1.6015625,-4.2841796875,5.1650390625
0.7705,-0.640625,-4.9248046875,4.8046875
0.771,0.400390625,-5.205078125,4.1240234375
0.7715,1.12109375,-5.6455078125,3.84375
0.772,2.2421875,-5.6455078125,2.6826171875
0.7725,3.0029296875,-5.7255859375,2.08203125
0.773,4.32421875,-5.8056640625,0.880859375
0.7735,4.5244140625,-5.0048828125,-0.16015625
0.774,5.0048828125,-4.7646484375,-0.80078125
0.7745,5.0849609375,-3.923828125,-1.7216796875
0.775,5.0849609375,-3.1630859375,-2.5224609375
0.7755,5.0849609375,-2.2021484375,-3.443359375
0.776,5.0849609375,-1.2412109375,-4.3642578125
0.7765,4.083984375,0.0,-4.64453125
0.777,3.9638671875,0.8408203125,-5.205078125
0.7775,2.6826171875,2.0419921875,-5.125
0.778,2.162109375,2.7626953125,-5.28515625
0.7785,1.0009765625,3.9638671875,-5.28515625
0.779,0.0,4.484375,-4.7646484375
0.7795,-0.9609375,4.8046875,-4.1640625
0.78,-1.841796875,5.1650390625,-3.68359375
0.7805,-3.0029296875,5.1650390625,-2.5224609375
0.781,-3.68359375,5.125,-1.8818359375
0.7815,-4.8447265625,5.125,-0.6806640625
0.782,-5.0048828125,4.244140625,0.3203125
0.7825,-5.4453125,4.0439453125,0.9609375
0.783,-5.4453125,3.0029296875,2.0419921875
0.7835,-5.4453125,2.2421875,2.6826171875
0.784,-5.3251953125,1.201171875,3.5634765625
0.7845,-5.1650390625,0.2802734375,4.32421875
0.785,-4.244140625,-0.8408203125,4.5244140625
0.7855,-4.0439453125,-1.5615234375,4.96484375
0.786,-2.802734375,-2.7626953125,4.9248046875
0.7865,-2.322265625,-3.283203125,4.96484375
0.787,-1.1611328125,-4.4443359375,4.884765625
0.7875,-0.2001953125,-4.7646484375,4.244140625
0.788,0.560546875,-5.125,3.8837890625
0.7885,1.521484375,-5.4052734375,3.1630859375
0.789,2.482421875,-5.4453125,2.2822265625
0.7895,3.1630859375,-5.3251953125,1.5615234375
0.79,4.083984375,-5.3251953125,0.6005859375
0.7905,4.2041015625,-4.484375,-0.3603515625
0.791,4.64453125,-4.404296875,-0.8408203125
0.7915,4.6845703125,-3.36328125,-1.9619140625
0.792,4.7646484375,-2.8828125,-2.5224609375
0.7925,4.64453125,-1.8017578125,-3.4833984375
0.793,4.404296875,-0.880859375,-4.00390625
0.7935,3.68359375,0.2802734375,-4.3642578125
0.794,3.36328125,1.0009765625,-4.7646484375
0.7945,2.2421875,2.2021484375,-4.8447265625
0.795,1.8017578125,2.72265625,-4.884765625
0.7955,0.7607421875,3.7236328125,-4.8046875
0.796,-0.2802734375,4.00390625,-4.1240234375
0.7965,-0.9208984375,4.484375,-3.8837890625
0.797,-2.0419921875,4.64453125,-2.962890625
0.7975,-2.8828125,4.7646484375,-2.2822265625
0.798,-3.603515625,4.6044921875,-1.361328125
0.7985,-4.3642578125,4.484375,-0.5205078125
0.799,-4.5244140625,3.68359375,0.3603515625
0.7995,-4.8447265625,3.5234375,0.8408203125
0.8,-4.8447265625,2.3623046875,1.9619140625
0.8005,-4.884765625,1.921875,2.40234375
0.801,-4.7646484375,0.9609375,3.3232421875
0.8015,-4.3642578125,0.1201171875,3.68359375
0.802,-3.84375,-0.80078125,4.083984375
0.8025,-3.36328125,-1.5615234375,4.2841796875
0.803,-2.5224609375,-2.5625,4.4443359375
0.8035,-1.9619140625,-3.0830078125,4.32421875
0.804,-1.0810546875,-3.84375,4.2841796875
0.8045,-0.240234375,-4.0439453125,3.6435546875
0.805,0.3203125,-4.564453125,3.5634765625
0.8055,1.44140625,-4.64453125,2.5224609375
0.806,2.001953125,-4.8447265625,2.2021484375
0.8065,2.802734375,-4.6845703125,1.28125
0.807,3.283203125,-4.5244140625,0.640625
0.8075,3.5234375,-4.1240234375,-0.080078125
0.808,3.84375,-3.8837890625,-0.640625
0.8085,4.00390625,-3.0830078125,-1.6015625
0.809,4.083984375,-2.5625,-2.0419921875
0.8095,4.1240234375,-1.76171875,-2.9228515625
0.81,3.5634765625,-0.80078125,-3.2431640625
0.8105,3.443359375,0.0,-3.84375
0.811,2.72265625,0.8408203125,-4.00390625
0.8115,2.322265625,1.6416015625,-4.3642578125
0.812,1.5615234375,2.2822265625,-4.244140625
0.8125,0.8408203125,3.0029296875,-4.2041015625
0.813,0.0,3.3232421875,-3.6435546875
0.8135,-0.640625,3.84375,-3.5634765625
0.814,-1.8017578125,3.9638671875,-2.5625
0.8145,-2.322265625,4.1640625,-2.2421875
0.815,-3.1630859375,4.0439453125,-1.28125
0.8155,-3.5234375,3.68359375,-0.640625
0.816,-3.8837890625,3.3232421875,0.0400390625
0.8165,-4.0439453125,2.8427734375,0.640625
0.817,-4.32421875,2.2822265625,1.521484375
0.8175,-4.2041015625,1.7216796875,2.0419921875
0.818,-4.2841796875,1.0009765625,2.802734375
0.8185,-3.6435546875,0.0400390625,3.04296875
0.819,-3.6435546875,-0.5205078125,3.5634765625
0.8195,-2.7626953125,-1.4814453125,3.68359375
0.82,-2.5625,-2.0419921875,3.9638671875
0.8205,-1.681640625,-2.72265625,3.763671875
0.821,-1.1611328125,-3.203125,3.6435546875
0.8215,-0.4404296875,-3.5234375,3.283203125
0.822,0.240234375,-3.8837890625,3.04296875
0.8225,1.1611328125,-4.1240234375,2.3623046875
0.823,1.6416015625,-4.244140625,1.9619140625
0.8235,2.3623046875,-4.2841796875,1.28125
0.824,2.6025390625,-3.923828125,0.6806640625
0.8245,3.123046875,-3.923828125,0.16015625
0.825,3.203125,-3.283203125,-0.6005859375
0.8255,3.603515625,-3.0029296875,-1.1611328125
0.826,3.5234375,-2.2822265625,-1.841796875
0.8265,3.603515625,-1.681640625,-2.4423828125
0.827,3.04296875,-0.720703125,-2.8427734375
0.8275,3.123046875,-0.2001953125,-3.36328125
0.828,2.40234375,0.7607421875,-3.603515625
0.8285,2.2021484375,1.28125,-3.923828125
0.829,1.4013671875,2.0419921875,-3.84375
0.8295,0.7607421875,2.482421875,-3.6435546875
0.83,0.1201171875,3.0029296875,-3.4833984375
0.8305,-0.720703125,3.283203125,-2.962890625
0.831,-1.5615234375,3.68359375,-2.5224609375
0.8315,-2.162109375,3.5634765625,-1.9619140625
0.832,-2.802734375,3.6435546875,-1.361328125
0.8325,-3.0830078125,3.1630859375,-0.640625
0.833,-3.5634765625,3.2431640625,-0.16015625
0.8335,-3.68359375,2.5224609375,0.720703125
0.834,-4.00390625,2.2421875,1.28125
0.8345,-3.8837890625,1.44140625,1.9619140625
0.835,-3.8037109375,0.880859375,2.4423828125
0.8355,-3.4033203125,0.0,2.8828125
0.836,-3.2431640625,-0.6005859375,3.2431640625
0.8365,-2.642578125,-1.4814453125,3.5234375
0.837,-2.2822265625,-1.9619140625,3.603515625
0.8375,-1.6015625,-2.6025390625,3.5634765625
0.838,-1.0009765625,-2.9228515625,3.2431640625
0.8385,-0.400390625,-3.4833984375,3.203125
0.839,0.560546875,-3.68359375,2.5224609375
0.8395,1.12109375,-4.083984375,2.2421875
0.84,1.76171875,-3.9638671875,1.5615234375
0.8405,2.2421875,-4.0439453125,1.1611328125
0.841,2.5224609375,-3.6435546875,0.48046875
0.8415,2.9228515625,-3.5634765625,0.0400390625
0.842,3.203125,-2.962890625,-0.80078125
0.8425,3.36328125,-2.6025390625,-1.28125
0.843,3.443359375,-1.921875,-2.08203125
0.8435,3.123046875,-1.201171875,-2.4423828125
0.844,3.0029296875,-0.5205078125,-3.04296875
0.8445,2.5224609375,0.2802734375,-3.283203125
0.845,2.2822265625,1.0009765625,-3.7236328125
0.8455,1.6416015625,1.5615234375,-3.6435546875
0.846,1.12109375,2.2421875,-3.7236328125
0.8465,0.3203125,2.6025390625,-3.3232421875
0.847,-0.2802734375,3.1630859375,-3.2431640625
0.8475,-1.28125,3.3232421875,-2.482421875
0.848,-1.921875,3.603515625,-2.2021484375
0.8485,-2.5625,3.4833984375,-1.4013671875
0.849,-2.962890625,3.4033203125,-0.880859375
0.8495,-3.36328125,3.0830078125,-0.2001953125
0.85,-3.603515625,2.72265625,0.4404296875
0.8505,-3.923828125,2.2421875,1.2412109375
0.851,-3.84375,1.6416015625,1.76171875
0.8515,-3.9638671875,0.9609375,2.482421875
0.852,-3.4833984375,0.1201171875,2.802734375
0.8525,-3.36328125,-0.5205078125,3.3232421875
0.853,-2.6025390625,-1.44140625,3.4833984375
0.8535,-2.322265625,-2.08203125,3.763671875
0.854,-1.5615234375,-2.6025390625,3.5234375
0.8545,-1.0009765625,-3.1630859375,3.5234375
0.855,-0.3203125,-3.443359375,3.0830078125
0.8555,0.4404296875,-3.8837890625,2.802734375
0.856,1.44140625,-4.1640625,2.0419921875
0.8565,1.921875,-4.1640625,1.5615234375
0.857,2.5625,-4.083984375,0.9208984375
0.8575,2.8427734375,-3.7236328125,0.3203125
0.858,3.1630859375,-3.5634765625,-0.2001953125
0.8585,3.36328125,-2.9228515625,-1.0009765625
0.859,3.68359375,-2.5224609375,-1.7216796875
0.8595,3.4033203125,-1.681640625,-2.2822265625
0.86,3.4833984375,-1.0810546875,-2.9228515625
0.8605,2.8427734375,-0.1201171875,-3.203125
0.861,2.72265625,0.48046875,-3.6435546875
0.8615,1.921875,1.5615234375,-3.8837890625
0.862,1.4814453125,2.0419921875,-3.923828125
0.8625,0.6806640625,2.642578125,-3.7236328125
0.863,0.080078125,3.123046875,-3.5634765625
0.8635,-0.6806640625,3.36328125,-3.123046875
0.864,-1.5615234375,3.68359375,-2.5625
0.8645,-2.6025390625,3.923828125,-1.841796875
0.865,-3.0029296875,3.68359375,-1.0810546875
0.8655,-3.6435546875,3.68359375,-0.5205078125
0.866,-3.8037109375,3.0830078125,0.2802734375
0.8665,-4.1240234375,2.8427734375,0.80078125
0.867,-4.244140625,1.9619140625,1.76171875
0.8675,-4.3642578125,1.44140625,2.4423828125
0.868,-3.9638671875,0.5205078125,2.9228515625
0.8685,-3.8837890625,-0.16015625,3.5234375
0.869,-3.1630859375,-1.0810546875,3.6435546875
0.8695,-2.8828125,-1.7216796875,4.00390625
0.87,-1.9619140625,-2.8427734375,4.1640625
0.8705,-1.28125,-3.2431640625,3.8837890625
0.871,-0.6005859375,-3.84375,3.763671875
0.8715,0.16015625,-4.2041015625,3.3232421875
0.872,0.9609375,-4.4443359375,2.8427734375
0.8725,1.921875,-4.6845703125,2.0419921875
0.873,2.8828125,-4.8447265625,1.28125
0.8735,3.1630859375,-4.244140625,0.48046875
0.874,3.763671875,-4.2841796875,0.0
0.8745,3.84375,-3.5634765625,-0.8408203125
0.875,4.083984375,-3.1630859375,-1.44140625
0.8755,4.244140625,-2.2822265625,-2.5625
0.876,4.1240234375,-1.4814453125,-3.1630859375
0.8765,3.68359375,-0.5205078125,-3.6435546875
0.877,3.36328125,0.2802734375,-4.1240234375
0.8775,2.5625,1.2412109375,-4.2041015625
0.878,2.08203125,1.9619140625,-4.4443359375
0.8785,1.1611328125,3.123046875,-4.64453125
0.879,0.240234375,3.443359375,-4.0439453125
0.8795,-0.400390625,3.9638671875,-4.00390625
0.88,-1.361328125,4.1240234375,-3.203125
0.8805,-2.2021484375,4.3642578125,-2.642578125
0.881,-3.2431640625,4.5244140625,-1.681640625
0.8815,-4.1240234375,4.5244140625,-0.80078125
0.882,-4.3642578125,3.8037109375,0.1201171875
0.8825,-4.8447265625,3.763671875,0.640625
0.883,-4.8447265625,2.72265625,1.6416015625
0.8835,-4.884765625,2.2421875,2.2021484375
0.884,-5.044921875,1.201171875,3.36328125
0.8845,-4.6044921875,0.2802734375,3.84375
0.885,-4.1640625,-0.6806640625,4.244140625
0.8855,-3.68359375,-1.4814453125,4.564453125
0.886,-2.72265625,-2.5224609375,4.6044921875
0.8865,-2.1220703125,-3.2431640625,4.6845703125
0.887,-1.0810546875,-4.32421875,4.724609375
0.8875,-0.1201171875,-4.564453125,3.9638671875
0.888,0.5205078125,-5.0849609375,3.84375
0.8885,1.7216796875,-5.2451171875,2.802734375
0.889,2.4423828125,-5.28515625,2.2021484375
0.8895,3.4833984375,-5.3251953125,1.2412109375
0.89,4.1640625,-5.125,0.3603515625
0.8905,4.32421875,-4.404296875,-0.5205078125
0.891,4.7646484375,-4.1640625,-1.12109375
0.8915,4.7646484375,-3.0830078125,-2.2822265625
0.892,4.7646484375,-2.5224609375,-2.7626953125
0.8925,4.8447265625,-1.44140625,-3.923828125
0.893,4.2041015625,-0.400390625,-4.2841796875
0.8935,3.7236328125,0.560546875,-4.724609375
0.894,3.0029296875,1.5615234375,-5.0048828125
0.8945,2.0419921875,2.642578125,-5.0849609375
0.895,1.3212890625,3.3232421875,-5.0048828125
0.8955,0.2802734375,4.32421875,-4.96484375
0.896,-0.80078125,4.4443359375,-4.0439453125
0.8965,-1.44140625,4.9248046875,-3.923828125
0.897,-2.8828125,5.0849609375,-2.6025390625
0.8975,-3.5634765625,5.0849609375,-1.9619140625
0.898,-4.5244140625,4.96484375,-0.80078125
0.8985,-5.125,4.6044921875,0.080078125
0.899,-5.205078125,3.763671875,1.0009765625
0.8995,-5.525390625,3.443359375,1.6416015625
0.9,-5.525390625,2.08203125,2.9228515625
0.9005,-5.3251953125,1.521484375,3.3232421875
0.901,-5.28515625,0.3603515625,4.404296875
0.9015,-4.5244140625,-0.720703125,4.64453125
0.902,-4.00390625,-1.6015625,5.0048828125
0.9025,-3.0830078125,-2.72265625,5.1650390625
0.903,-2.08203125,-3.7236328125,5.1650390625
0.9035,-1.28125,-4.3642578125,4.8447265625
0.904,-0.2802734375,-5.205078125,4.724609375
0.9045,0.7607421875,-5.3251953125,3.763671875
0.905,1.4013671875,-5.6455078125,3.5634765625
0.9055,2.8828125,-5.7255859375,2.2021484375
0.906,3.443359375,-5.6455078125,1.5615234375
0.9065,4.32421875,-5.4052734375,0.48046875
0.907,4.8046875,-5.0048828125,-0.400390625
0.9075,4.8447265625,-4.2041015625,-1.2412109375
0.908,5.0849609375,-3.7236328125,-1.9619140625
0.9085,5.125,-2.5224609375,-3.203125
0.909,4.8447265625,-1.8017578125,-3.5634765625
0.9095,4.8046875,-0.720703125,-4.564453125
0.91,3.84375,0.4404296875,-4.7646484375
0.9105,3.443359375,1.2412109375,-5.125
0.911,2.40234375,2.482421875,-5.205078125
0.9115,1.5615234375,3.3232421875,-5.28515625
0.912,0.6005859375,3.8837890625,-4.884765625
0.9125,-0.3603515625,4.6845703125,-4.724609375
0.913,-1.4013671875,4.8046875,-3.763671875
0.9135,-2.08203125,5.1650390625,-3.4833984375
0.914,-3.603515625,5.2451171875,-2.0419921875
0.9145,-4.083984375,5.0849609375,-1.4013671875
0.915,-4.884765625,4.7646484375,-0.2802734375
0.9155,-5.28515625,4.244140625,0.6005859375
0.916,-5.4052734375,3.4833984375,1.44140625
0.9165,-5.525390625,2.8427734375,2.2421875
0.917,-5.60546875,1.7216796875,3.36328125
0.9175,-5.125,0.9208984375,3.7236328125
0.918,-5.044921875,-0.1201171875,4.6044921875
0.9185,-4.0439453125,-1.28125,4.724609375
0.919,-3.7236328125,-1.9619140625,5.0849609375
0.9195,-2.5224609375,-3.2431640625,5.0849609375
0.92,-1.76171875,-4.00390625,5.0849609375
0.9205,-0.720703125,-4.564453125,4.484375
0.921,0.16015625,-5.1650390625,4.32421875
0.9215,1.12109375,-5.205078125,3.443359375
0.922,1.841796875,-5.4853515625,3.04296875
0.9225,3.203125,-5.60546875,1.76171875
0.923,3.5634765625,-5.3251953125,1.12109375
0.9235,4.32421875,-5.0048828125,0.1201171875
0.924,4.564453125,-4.4443359375,-0.720703125
0.9245,4.724609375,-3.8837890625,-1.4013671875
0.925,4.8046875,-3.0830078125,-2.2822265625
0.9255,4.9248046875,-2.2421875,-3.203125
0.926,4.3642578125,-1.28125,-3.603515625
0.9265,4.32421875,-0.400390625,-4.4443359375
0.927,3.283203125,0.7607421875,-4.5244140625
0.9275,3.04296875,1.3212890625,-4.884765625
0.928,1.8818359375,2.642578125,-4.96484375
0.9285,1.28125,3.203125,-4.9248046875
0.929,0.240234375,3.84375,-4.4443359375
0.9295,-0.6005859375,4.404296875,-4.1640625
0.93,-1.4814453125,4.484375,-3.36328125
0.9305,-2.2822265625,4.7646484375,-2.8828125
0.931,-3.5634765625,4.9248046875,-1.76171875
0.9315,-3.8837890625,4.484375,-1.041015625
0.932,-4.64453125,4.32421875,-0.16015625
0.9325,-4.7646484375,3.6435546875,0.7607421875
0.933,-5.0048828125,3.203125,1.361328125
0.9335,-5.044921875,2.2421875,2.3623046875
0.934,-5.1650390625,1.5615234375,3.123046875
0.9345,-4.564453125,0.560546875,3.5234375
0.935,-4.5244140625,-0.2802734375,4.2041015625
0.9355,-3.5234375,-1.4013671875,4.2841796875
0.936,-3.283203125,-1.9619140625,4.6044921875
0.9365,-2.1220703125,-3.2431640625,4.6044921875
0.937,-1.521484375,-3.603515625,4.484375
0.9375,-0.6005859375,-4.2041015625,4.1240234375
0.938,0.240234375,-4.564453125,3.68359375
0.9385,0.9609375,-4.7646484375,3.123046875
0.939,1.8818359375,-4.9248046875,2.40234375
0.9395,2.8828125,-5.125,1.5615234375
0.94,3.1630859375,-4.564453125,0.8408203125
0.9405,3.8037109375,-4.564453125,0.16015625
0.941,3.84375,-3.8037109375,-0.640625
0.9415,4.1240234375,-3.5634765625,-1.1611328125
0.942,4.1640625,-2.6025390625,-2.1220703125
0.9425,4.2041015625,-2.1220703125,-2.642578125
0.943,3.84375,-1.12109375,-3.203125
0.9435,3.6435546875,-0.4404296875,-3.7236328125
0.944,2.8828125,0.560546875,-3.923828125
0.9445,2.6025390625,1.12109375,-4.2041015625
0.945,1.8017578125,2.2421875,-4.4443359375
0.9455,1.2412109375,2.5625,-4.1640625
0.946,0.4404296875,3.3232421875,-4.083984375
0.9465,-0.400390625,3.5634765625,-3.5234375
0.947,-1.12109375,3.9638671875,-3.203125
0.9475,-2.08203125,4.1240234375,-2.40234375
0.948,-2.8828125,4.32421875,-1.841796875
0.9485,-3.283203125,3.84375,-1.0009765625
0.949,-3.8837890625,3.8837890625,-0.48046875
0.9495,-4.00390625,3.1630859375,0.4404296875
0.95,-4.3642578125,2.9228515625,0.9609375
0.9505,-4.5244140625,2.0419921875,1.9619140625
0.951,-4.404296875,1.5615234375,2.40234375
0.9515,-4.1640625,0.560546875,3.0830078125
0.952,-3.84375,-0.2001953125,3.443359375
0.9525,-3.283203125,-1.0009765625,3.763671875
0.953,-2.8427734375,-1.76171875,4.00390625
0.9535,-2.162109375,-2.642578125,4.1240234375
0.954,-1.44140625,-2.9228515625,3.763671875
0.9545,-0.8408203125,-3.6435546875,3.84375
0.955,0.0400390625,-3.8037109375,3.1630859375
0.9555,0.640625,-4.244140625,2.9228515625
0.956,1.6416015625,-4.3642578125,2.08203125
0.9565,2.2021484375,-4.404296875,1.6015625
0.957,2.642578125,-4.1240234375,0.8408203125
0.9575,3.0029296875,-4.00390625,0.4404296875
0.958,3.2431640625,-3.5234375,-0.3203125
0.9585,3.4833984375,-3.1630859375,-0.880859375
0.959,3.763671875,-2.5625,-1.7216796875
0.9595,3.4833984375,-1.9619140625,-2.08203125
0.96,3.5234375,-1.28125,-2.8427734375
0.9605,2.962890625,-0.3603515625,-3.0830078125
0.961,2.8427734375,0.2802734375,-3.5634765625
0.9615,2.2021484375,1.12109375,-3.763671875
0.962,1.841796875,1.7216796875,-3.9638671875
0.9625,1.0810546875,2.2021484375,-3.603515625
0.963,0.6005859375,2.72265625,-3.7236328125
0.9635,-0.3203125,3.04296875,-3.1630859375
0.964,-0.9609375,3.4833984375,-2.9228515625
0.9645,-1.9619140625,3.68359375,-2.162109375
0.965,-2.322265625,3.6435546875,-1.76171875
0.9655,-2.962890625,3.5634765625,-1.041015625
0.966,-3.203125,3.2431640625,-0.5205078125
0.9665,-3.603515625,3.0029296875,0.2001953125
0.967,-3.8037109375,2.482421875,0.8408203125
0.9675,-4.1640625,2.001953125,1.5615234375
0.968,-3.8037109375,1.2412109375,2.001953125
0.9685,-3.9638671875,0.7607421875,2.72265625
0.969,-3.283203125,-0.240234375,3.0029296875
0.9695,-3.2431640625,-0.80078125,3.5234375
0.97,-2.5224609375,-1.76171875,3.6435546875
0.9705,-2.162109375,-2.2021484375,3.7236328125
0.971,-1.4013671875,-2.7626953125,3.5234375
0.9715,-0.8408203125,-3.203125,3.443359375
0.972,0.0,-3.5634765625,2.962890625
0.9725,0.6806640625,-3.8837890625,2.6025390625
0.973,1.521484375,-4.1640625,2.0419921875
0.9735,1.8818359375,-3.8837890625,1.44140625
0.974,2.482421875,-4.0439453125,0.9609375
0.9745,2.6826171875,-3.5634765625,0.3203125
0.975,3.123046875,-3.443359375,-0.2001953125
0.9755,3.2431640625,-2.8427734375,-1.0009765625
0.976,3.4833984375,-2.5224609375,-1.5615234375
0.9765,3.203125,-1.6015625,-2.1220703125
0.977,3.203125,-1.041015625,-2.642578125
0.9775,2.6826171875,-0.16015625,-3.0029296875
0.978,2.5625,0.4404296875,-3.443359375
0.9785,1.9619140625,1.28125,-3.7236328125
0.979,1.521484375,1.6416015625,-3.5634765625
0.9795,0.9208984375,2.322265625,-3.6435546875
0.98,0.2001953125,2.642578125,-3.203125
0.9805,-0.5205078125,3.123046875,-3.0029296875
0.981,-1.361328125,3.36328125,-2.4423828125
0.9815,-2.08203125,3.6435546875,-1.9619140625
0.982,-2.4423828125,3.3232421875,-1.2412109375
0.9825,-3.0029296875,3.443359375,-0.9208984375
0.983,-3.203125,2.8427734375,-0.080078125
0.9835,-3.6435546875,2.72265625,0.4404296875
0.984,-3.84375,2.0419921875,1.28125
0.9845,-3.84375,1.6015625,1.76171875
0.985,-3.7236328125,0.7607421875,2.4423828125
0.9855,-3.5234375,0.16015625,2.8427734375
0.986,-3.1630859375,-0.640625,3.203125
0.9865,-2.7626953125,-1.361328125,3.5234375
0.987,-2.2021484375,-2.2021484375,3.763671875
0.9875,-1.5615234375,-2.5625,3.4833984375
0.988,-1.041015625,-3.203125,3.5634765625
0.9885,-0.2001953125,-3.4033203125,3.0029296875
0.989,0.48046875,-3.8837890625,2.7626953125
0.9895,1.44140625,-4.1240234375,2.0419921875
0.99,2.001953125,-4.1640625,1.5615234375
0.9905,2.4423828125,-3.8837890625,0.880859375
0.991,2.8427734375,-3.84375,0.4404296875
0.9915,3.0830078125,-3.36328125,-0.400390625
0.992,3.3232421875,-3.0029296875,-1.0009765625
0.9925,3.6435546875,-2.322265625,-1.8017578125
0.993,3.3232421875,-1.6015625,-2.2421875
0.9935,3.3232421875,-0.9208984375,-2.8828125
0.994,2.7626953125,-0.080078125,-3.1630859375
0.9945,2.5224609375,0.6005859375,-3.5634765625
0.995,1.921875,1.44140625,-3.8037109375
0.9955,1.361328125,2.162109375,-3.8837890625
0.996,0.6005859375,2.5224609375,-3.5234375
0.9965,0.1201171875,3.0830078125,-3.5634765625
0.997,-0.8408203125,3.283203125,-2.8427734375
0.9975,-1.521484375,3.68359375,-2.5625
0.998,-2.5625,3.84375,-1.6416015625
0.9985,-2.962890625,3.5634765625,-1.0009765625
0.999,-3.36328125,3.443359375,-0.48046875
0.9995,-3.7236328125,3.04296875,0.2001953125
