wavelength,x,y,z
0.0,2.8427734375,-0.640625,-2.6826171875
0.0005,3.0830078125,-1.4814453125,-2.162109375
0.001,3.1630859375,-2.08203125,-1.6416015625
0.0015,3.0830078125,-2.5224609375,-1.201171875
0.002,2.8828125,-2.7626953125,-0.640625
0.0025,2.40234375,-2.9228515625,0.0400390625
0.003,1.841796875,-3.203125,0.880859375
0.0035,1.28125,-3.36328125,1.5615234375
0.004,0.80078125,-3.4833984375,2.162109375
0.0045,0.3603515625,-3.4033203125,2.5224609375
0.005,-0.3203125,-2.962890625,2.72265625
0.0055,-1.041015625,-2.5224609375,3.0029296875
0.006,-1.921875,-1.921875,3.2431640625
0.0065,-2.3623046875,-1.44140625,3.2431640625
0.007,-2.72265625,-1.0009765625,3.203125
0.0075,-2.9228515625,-0.6005859375,2.962890625
0.008,-2.962890625,0.1201171875,2.3623046875
0.0085,-3.203125,0.8408203125,1.841796875
0.009,-3.3232421875,1.5615234375,1.2412109375
0.0095,-3.36328125,2.08203125,0.720703125
0.01,-3.203125,2.482421875,0.2802734375
0.0105,-2.802734375,2.642578125,-0.3203125
0.011,-2.2822265625,2.8427734375,-1.041015625
0.0115,-1.6416015625,3.0830078125,-1.921875
0.012,-1.1611328125,3.1630859375,-2.4423828125
0.0125,-0.6806640625,3.1630859375,-2.9228515625
0.013,-0.240234375,3.0029296875,-3.203125
0.0135,0.48046875,2.4423828125,-3.3232421875
0.014,1.2412109375,1.9619140625,-3.603515625
0.0145,1.921875,1.4013671875,-3.7236328125
0.015,2.2822265625,1.0009765625,-3.7236328125
0.0155,2.5625,0.6005859375,-3.5634765625
0.016,2.6826171875,0.1201171875,-3.203125
0.0165,2.7626953125,-0.560546875,-2.72265625
0.017,2.9228515625,-1.28125,-2.2021484375
0.0175,3.04296875,-1.8818359375,-1.76171875
0.018,3.04296875,-2.322265625,-1.2412109375
0.0185,2.9228515625,-2.6025390625,-0.80078125
0.019,2.4423828125,-2.7626953125,-0.2001953125
0.0195,2.001953125,-3.04296875,0.5205078125
0.02,1.4013671875,-3.203125,1.28125
0.0205,0.9609375,-3.283203125,1.841796875
0.021,0.560546875,-3.36328125,2.2822265625
0.0215,0.080078125,-3.1630859375,2.5625
0.022,-0.640625,-2.642578125,2.7626953125
0.0225,-1.361328125,-2.2421875,3.0830078125
0.023,-2.001953125,-1.681640625,3.1630859375
0.0235,-2.5224609375,-1.28125,3.2431640625
0.024,-2.7626953125,-0.880859375,3.0830078125
0.0245,-2.8828125,-0.3203125,2.642578125
0.025,-3.0830078125,0.3603515625,2.2021484375
0.0255,-3.283203125,1.201171875,1.5615234375
0.026,-3.36328125,1.841796875,1.12109375
0.0265,-3.36328125,2.2822265625,0.6005859375
0.027,-3.0830078125,2.5625,0.1201171875
0.0275,-2.5625,2.72265625,-0.640625
0.028,-2.001953125,3.04296875,-1.4814453125
0.0285,-1.361328125,3.203125,-2.2822265625
0.029,-1.0009765625,3.283203125,-2.7626953125
0.0295,-0.4404296875,3.1630859375,-3.123046875
0.03,0.2001953125,2.72265625,-3.36328125
0.0305,1.0009765625,2.162109375,-3.5634765625
0.031,1.76171875,1.6015625,-3.8037109375
0.0315,2.2421875,1.12109375,-3.8037109375
0.032,2.5625,0.720703125,-3.763671875
0.0325,2.6826171875,0.240234375,-3.36328125
0.033,2.72265625,-0.48046875,-2.7626953125
0.0335,2.9228515625,-1.201171875,-2.322265625
0.034,3.0830078125,-1.921875,-1.681640625
0.0345,3.123046875,-2.322265625,-1.28125
0.035,2.9228515625,-2.6826171875,-0.80078125
0.0355,2.5625,-2.8427734375,-0.2802734375
0.036,1.9619140625,-3.0029296875,0.5205078125
0.0365,1.44140625,-3.203125,1.28125
0.037,0.9208984375,-3.283203125,1.921875
0.0375,0.5205078125,-3.4033203125,2.3623046875
0.038,0.0,-3.1630859375,2.5625
0.0385,-0.640625,-2.642578125,2.72265625
0.039,-1.361328125,-2.2021484375,3.04296875
0.0395,-2.08203125,-1.6416015625,3.1630859375
0.04,-2.4423828125,-1.28125,3.1630859375
0.0405,-2.7626953125,-0.880859375,3.04296875
0.041,-2.8828125,-0.4404296875,2.72265625
0.0415,-2.962890625,0.240234375,2.162109375
0.042,-3.203125,1.041015625,1.7216796875
0.0425,-3.283203125,1.7216796875,1.1611328125
0.043,-3.36328125,2.2021484375,0.6806640625
0.0435,-3.1630859375,2.5224609375,0.2001953125
0.044,-2.72265625,2.6826171875,-0.4404296875
0.0445,-2.2021484375,2.962890625,-1.2412109375
0.045,-1.6015625,3.1630859375,-2.0419921875
0.0455,-1.0810546875,3.2431640625,-2.6025390625
0.046,-0.640625,3.283203125,-3.0830078125
0.0465,0.0,2.9228515625,-3.283203125
0.047,0.7607421875,2.3623046875,-3.5234375
0.0475,1.521484375,1.921875,-3.84375
0.048,2.2021484375,1.28125,-3.8837890625
0.0485,2.5224609375,0.880859375,-3.8837890625
0.049,2.7626953125,0.3603515625,-3.603515625
0.0495,2.8427734375,-0.2001953125,-3.1630859375
0.05,2.962890625,-1.0009765625,-2.482421875
0.0505,3.1630859375,-1.76171875,-1.921875
0.051,3.203125,-2.2822265625,-1.4013671875
0.0515,3.1630859375,-2.72265625,-1.0009765625
0.052,2.72265625,-2.8828125,-0.3603515625
0.0525,2.162109375,-3.04296875,0.3603515625
0.053,1.5615234375,-3.283203125,1.2412109375
0.0535,0.9609375,-3.36328125,1.921875
0.054,0.560546875,-3.36328125,2.322265625
0.0545,0.1201171875,-3.2431640625,2.642578125
0.055,-0.6005859375,-2.802734375,2.8427734375
0.0555,-1.361328125,-2.162109375,3.0029296875
0.056,-2.001953125,-1.681640625,3.1630859375
0.0565,-2.482421875,-1.28125,3.123046875
0.057,-2.7626953125,-0.9609375,3.0830078125
0.0575,-2.8427734375,-0.400390625,2.6826171875
0.058,-2.9228515625,0.2001953125,2.2421875
0.0585,-3.0830078125,0.9208984375,1.76171875
0.059,-3.203125,1.5615234375,1.201171875
0.0595,-3.203125,2.0419921875,0.7607421875
0.06,-3.1630859375,2.4423828125,0.2802734375
0.0605,-2.802734375,2.5625,-0.2802734375
0.061,-2.2421875,2.7626953125,-1.0009765625
0.0615,-1.76171875,3.04296875,-1.7216796875
0.062,-1.201171875,3.123046875,-2.3623046875
0.0625,-0.80078125,3.1630859375,-2.8427734375
0.063,-0.3203125,3.0029296875,-3.123046875
0.0635,0.3203125,2.5625,-3.3232421875
0.064,1.12109375,2.08203125,-3.5634765625
0.0645,1.76171875,1.5615234375,-3.763671875
0.065,2.2421875,1.0810546875,-3.8037109375
0.0655,2.5625,0.7607421875,-3.7236328125
0.066,2.642578125,0.240234375,-3.283203125
0.0665,2.7626953125,-0.4404296875,-2.802734375
0.067,3.04296875,-1.1611328125,-2.322265625
0.0675,3.123046875,-1.8818359375,-1.76171875
0.068,3.123046875,-2.2822265625,-1.3212890625
0.0685,2.962890625,-2.6826171875,-0.80078125
0.069,2.5224609375,-2.8828125,-0.2001953125
0.0695,1.921875,-3.0830078125,0.640625
0.07,1.4013671875,-3.283203125,1.361328125
0.0705,0.9208984375,-3.4033203125,1.9619140625
0.071,0.5205078125,-3.4033203125,2.40234375
0.0715,-0.1201171875,-3.0830078125,2.6025390625
0.072,-0.8408203125,-2.5625,2.8427734375
0.0725,-1.6416015625,-2.08203125,3.123046875
0.073,-2.2021484375,-1.6015625,3.203125
0.0735,-2.5625,-1.1611328125,3.1630859375
0.074,-2.8427734375,-0.6806640625,3.0029296875
0.0745,-2.8828125,-0.16015625,2.5224609375
0.075,-3.04296875,0.6005859375,1.921875
0.0755,-3.203125,1.28125,1.44140625
0.076,-3.283203125,1.921875,0.9208984375
0.0765,-3.2431640625,2.2822265625,0.5205078125
0.077,-2.8828125,2.5224609375,0.0
0.0775,-2.4423828125,2.6826171875,-0.720703125
0.078,-1.8818359375,2.962890625,-1.6015625
0.0785,-1.3212890625,3.123046875,-2.2021484375
0.079,-0.880859375,3.123046875,-2.72265625
0.0795,-0.48046875,3.123046875,-3.0830078125
0.08,0.2001953125,2.642578125,-3.2431640625
0.0805,0.9609375,2.08203125,-3.4833984375
0.081,1.6015625,1.6015625,-3.7236328125
0.0815,2.162109375,1.201171875,-3.7236328125
0.082,2.4423828125,0.80078125,-3.68359375
0.0825,2.6025390625,0.2802734375,-3.36328125
0.083,2.72265625,-0.3203125,-2.9228515625
0.0835,2.9228515625,-1.041015625,-2.40234375
0.084,3.04296875,-1.681640625,-1.8818359375
0.0845,3.0830078125,-2.2421875,-1.361328125
0.085,3.04296875,-2.6025390625,-0.9609375
0.0855,2.6025390625,-2.7626953125,-0.3603515625
0.086,2.1220703125,-3.0029296875,0.3603515625
0.0865,1.5615234375,-3.2431640625,1.201171875
0.087,1.0810546875,-3.36328125,1.76171875
0.0875,0.640625,-3.36328125,2.2421875
0.088,0.16015625,-3.203125,2.5625
0.0885,-0.6005859375,-2.802734375,2.7626953125
0.089,-1.361328125,-2.2822265625,3.04296875
0.0895,-1.9619140625,-1.76171875,3.1630859375
0.09,-2.482421875,-1.28125,3.203125
0.0905,-2.7626953125,-0.9208984375,3.123046875
0.091,-2.8427734375,-0.3603515625,2.6826171875
0.0915,-3.0029296875,0.2802734375,2.2021484375
0.092,-3.203125,1.12109375,1.6416015625
0.0925,-3.283203125,1.76171875,1.12109375
0.093,-3.283203125,2.2021484375,0.640625
0.0935,-3.1630859375,2.5224609375,0.2001953125
0.094,-2.642578125,2.642578125,-0.5205078125
0.0945,-2.0419921875,2.8828125,-1.28125
0.095,-1.4814453125,3.123046875,-2.001953125
0.0955,-1.041015625,3.203125,-2.6025390625
0.096,-0.6806640625,3.1630859375,-2.9228515625
0.0965,0.0,2.7626953125,-3.203125
0.097,0.6806640625,2.2421875,-3.443359375
0.0975,1.5615234375,1.76171875,-3.7236328125
0.098,2.0419921875,1.28125,-3.763671875
0.0985,2.4423828125,0.880859375,-3.7236328125
0.099,2.642578125,0.48046875,-3.5634765625
0.0995,2.6826171875,-0.16015625,-2.962890625
0.1,2.8427734375,-0.80078125,-2.5224609375
0.1005,3.04296875,-1.5615234375,-1.9619140625
0.101,3.0830078125,-2.1220703125,-1.4814453125
0.1015,3.0029296875,-2.482421875,-1.041015625
0.102,2.6826171875,-2.72265625,-0.5205078125
0.1025,2.2421875,-2.8828125,0.1201171875
0.103,1.6416015625,-3.1630859375,0.9609375
0.1035,1.201171875,-3.2431640625,1.5615234375
0.104,0.7607421875,-3.4833984375,2.001953125
0.1045,0.3203125,-3.36328125,2.4423828125
0.105,-0.3203125,-2.8828125,2.5224609375
0.1055,-1.0009765625,-2.4423828125,2.8828125
0.106,-1.8017578125,-1.8818359375,3.123046875
0.1065,-2.2822265625,-1.44140625,3.1630859375
0.107,-2.6025390625,-1.0810546875,3.123046875
0.1075,-2.7626953125,-0.640625,2.8427734375
0.108,-2.8828125,0.0,2.3623046875
0.1085,-3.0830078125,0.7607421875,1.8818359375
0.109,-3.2431640625,1.4013671875,1.4013671875
0.1095,-3.3232421875,2.0419921875,0.880859375
0.11,-3.203125,2.3623046875,0.4404296875
0.1105,-2.802734375,2.5224609375,-0.16015625
0.111,-2.3623046875,2.802734375,-0.880859375
0.1115,-1.76171875,3.04296875,-1.76171875
0.112,-1.2412109375,3.1630859375,-2.322265625
0.1125,-0.80078125,3.1630859375,-2.802734375
0.113,-0.2802734375,3.0029296875,-3.203125
0.1135,0.3603515625,2.5224609375,-3.283203125
0.114,1.12109375,2.0419921875,-3.603515625
0.1145,1.841796875,1.521484375,-3.7236328125
0.115,2.2822265625,1.12109375,-3.8037109375
0.1155,2.5224609375,0.6806640625,-3.6435546875
0.116,2.6025390625,0.16015625,-3.203125
0.1165,2.802734375,-0.5205078125,-2.7626953125
0.117,3.0029296875,-1.28125,-2.162109375
0.1175,3.0830078125,-1.8818359375,-1.681640625
0.118,3.04296875,-2.3623046875,-1.2412109375
0.1185,2.9228515625,-2.642578125,-0.80078125
0.119,2.40234375,-2.7626953125,-0.1201171875
0.1195,1.921875,-3.0830078125,0.640625
0.12,1.28125,-3.283203125,1.4013671875
0.1205,0.880859375,-3.36328125,1.921875
0.121,0.400390625,-3.3232421875,2.40234375
0.1215,-0.080078125,-3.04296875,2.5224609375
0.122,-0.80078125,-2.5625,2.802734375
0.1225,-1.5615234375,-2.0419921875,3.04296875
0.123,-2.08203125,-1.6015625,3.123046875
0.1235,-2.5224609375,-1.1611328125,3.1630859375
0.124,-2.72265625,-0.80078125,2.962890625
0.1245,-2.802734375,-0.240234375,2.482421875
0.125,-3.0029296875,0.4404296875,2.0419921875
0.1255,-3.203125,1.2412109375,1.521484375
0.126,-3.2431640625,1.76171875,1.041015625
0.1265,-3.203125,2.2421875,0.6005859375
0.127,-3.0029296875,2.5224609375,0.080078125
0.1275,-2.482421875,2.6826171875,-0.640625
0.128,-1.9619140625,2.9228515625,-1.44140625
0.1285,-1.44140625,3.0830078125,-2.162109375
0.129,-1.041015625,3.1630859375,-2.72265625
0.1295,-0.5205078125,3.1630859375,-3.0830078125
0.13,0.1201171875,2.72265625,-3.2431640625
0.1305,0.9208984375,2.2822265625,-3.5634765625
0.131,1.7216796875,1.6416015625,-3.8037109375
0.1315,2.2021484375,1.2412109375,-3.84375
0.132,2.5625,0.7607421875,-3.763671875
0.1325,2.6826171875,0.3203125,-3.4833984375
0.133,2.802734375,-0.400390625,-2.8828125
0.1335,3.04296875,-1.1611328125,-2.3623046875
0.134,3.1630859375,-1.921875,-1.8017578125
0.1345,3.203125,-2.4423828125,-1.3212890625
0.135,3.04296875,-2.72265625,-0.80078125
0.1355,2.5625,-2.8828125,-0.240234375
0.136,1.9619140625,-3.1630859375,0.6005859375
0.1365,1.4013671875,-3.36328125,1.44140625
0.137,0.8408203125,-3.443359375,1.9619140625
0.1375,0.4404296875,-3.4833984375,2.482421875
0.138,-0.1201171875,-3.1630859375,2.72265625
0.1385,-0.8408203125,-2.5625,2.8427734375
0.139,-1.6015625,-2.08203125,3.1630859375
0.1395,-2.322265625,-1.4814453125,3.2431640625
0.14,-2.642578125,-1.12109375,3.203125
0.1405,-2.8828125,-0.640625,3.04296875
0.141,-2.9228515625,-0.2001953125,2.6025390625
0.1415,-3.04296875,0.6005859375,2.001953125
0.142,-3.203125,1.3212890625,1.44140625
0.1425,-3.283203125,1.921875,0.9609375
0.143,-3.283203125,2.3623046875,0.48046875
0.1435,-3.04296875,2.6025390625,0.0400390625
0.144,-2.5224609375,2.6826171875,-0.640625
0.1445,-2.001953125,2.962890625,-1.44140625
0.145,-1.361328125,3.123046875,-2.2822265625
0.1455,-0.9208984375,3.1630859375,-2.72265625
0.146,-0.5205078125,3.1630859375,-3.1630859375
0.1465,0.080078125,2.8427734375,-3.36328125
0.147,0.880859375,2.2421875,-3.5234375
0.1475,1.6015625,1.76171875,-3.8037109375
0.148,2.2021484375,1.2412109375,-3.84375
0.1485,2.6025390625,0.880859375,-3.84375
0.149,2.72265625,0.3603515625,-3.5634765625
0.1495,2.8427734375,-0.2001953125,-3.0830078125
0.15,3.0029296875,-1.0009765625,-2.5224609375
0.1505,3.1630859375,-1.76171875,-1.921875
0.151,3.203125,-2.2822265625,-1.44140625
0.1515,3.1630859375,-2.7626953125,-0.9208984375
0.152,2.802734375,-2.962890625,-0.400390625
0.1525,2.2021484375,-3.0830078125,0.400390625
0.153,1.6015625,-3.443359375,1.201171875
0.1535,1.0009765625,-3.4833984375,1.921875
0.154,0.6005859375,-3.5234375,2.40234375
0.1545,0.080078125,-3.3232421875,2.72265625
0.155,-0.640625,-2.8427734375,2.9228515625
0.1555,-1.4814453125,-2.2021484375,3.1630859375
0.156,-2.162109375,-1.681640625,3.283203125
0.1565,-2.6025390625,-1.201171875,3.2431640625
0.157,-2.9228515625,-0.8408203125,3.1630859375
0.1575,-2.962890625,-0.3203125,2.7626953125
0.158,-3.0029296875,0.400390625,2.162109375
0.1585,-3.2431640625,1.12109375,1.6416015625
0.159,-3.3232421875,1.8818359375,1.041015625
0.1595,-3.283203125,2.2822265625,0.6005859375
0.16,-3.1630859375,2.5625,0.1201171875
0.1605,-2.72265625,2.6826171875,-0.5205078125
0.161,-2.08203125,2.8427734375,-1.3212890625
0.1615,-1.521484375,3.1630859375,-2.0419921875
0.162,-1.0009765625,3.1630859375,-2.642578125
0.1625,-0.6005859375,3.203125,-3.0830078125
0.163,0.0,2.8828125,-3.203125
0.1635,0.640625,2.40234375,-3.4033203125
0.164,1.4013671875,1.8818359375,-3.68359375
0.1645,2.0419921875,1.3212890625,-3.8037109375
0.165,2.40234375,0.9609375,-3.7236328125
0.1655,2.6826171875,0.5205078125,-3.603515625
0.166,2.72265625,0.0400390625,-3.203125
0.1665,2.802734375,-0.6806640625,-2.6025390625
0.167,3.04296875,-1.4013671875,-2.162109375
0.1675,3.123046875,-2.08203125,-1.6015625
0.168,3.123046875,-2.5625,-1.1611328125
0.1685,2.8828125,-2.8427734375,-0.640625
0.169,2.4423828125,-3.0029296875,0.0
0.1695,1.841796875,-3.203125,0.80078125
0.17,1.28125,-3.36328125,1.521484375
0.1705,0.80078125,-3.36328125,2.08203125
0.171,0.400390625,-3.4833984375,2.5224609375
0.1715,-0.240234375,-3.04296875,2.6826171875
0.172,-0.9609375,-2.5224609375,2.9228515625
0.1725,-1.7216796875,-2.0419921875,3.203125
0.173,-2.322265625,-1.4814453125,3.283203125
0.1735,-2.6826171875,-1.12109375,3.2431640625
0.174,-2.8828125,-0.640625,3.0029296875
0.1745,-3.0029296875,0.0,2.5224609375
0.175,-3.1630859375,0.720703125,1.921875
0.1755,-3.36328125,1.4814453125,1.4013671875
0.176,-3.36328125,2.08203125,0.8408203125
0.1765,-3.36328125,2.482421875,0.400390625
0.177,-2.8828125,2.6025390625,-0.240234375
0.1775,-2.3623046875,2.8427734375,-0.9609375
0.178,-1.8017578125,3.1630859375,-1.8017578125
0.1785,-1.2412109375,3.203125,-2.482421875
0.179,-0.720703125,3.203125,-2.9228515625
0.1795,-0.3203125,3.1630859375,-3.2431640625
0.18,0.4404296875,2.5625,-3.4033203125
0.1805,1.2412109375,1.9619140625,-3.603515625
0.181,1.921875,1.4814453125,-3.8037109375
0.1815,2.40234375,0.9609375,-3.8037109375
0.182,2.642578125,0.640625,-3.7236328125
0.1825,2.72265625,0.1201171875,-3.2431640625
0.183,2.8427734375,-0.5205078125,-2.7626953125
0.1835,3.0029296875,-1.3212890625,-2.162109375
0.184,3.0830078125,-2.001953125,-1.681640625
0.1845,3.04296875,-2.4423828125,-1.201171875
0.185,2.962890625,-2.8427734375,-0.80078125
0.1855,2.482421875,-2.8828125,-0.16015625
0.186,1.921875,-3.0830078125,0.6005859375
0.1865,1.4013671875,-3.2431640625,1.361328125
0.187,0.8408203125,-3.36328125,1.9619140625
0.1875,0.48046875,-3.36328125,2.3623046875
0.188,0.0,-3.123046875,2.6025390625
0.1885,-0.6806640625,-2.642578125,2.8427734375
0.189,-1.521484375,-2.1220703125,3.04296875
0.1895,-2.08203125,-1.6416015625,3.203125
0.19,-2.5625,-1.201171875,3.203125
0.1905,-2.8427734375,-0.8408203125,3.123046875
0.191,-2.8828125,-0.2802734375,2.642578125
0.1915,-3.04296875,0.400390625,2.162109375
0.192,-3.283203125,1.12109375,1.6416015625
0.1925,-3.3232421875,1.76171875,1.0810546875
0.193,-3.3232421875,2.2021484375,0.6005859375
0.1935,-3.0830078125,2.5625,0.1201171875
0.194,-2.642578125,2.72265625,-0.560546875
0.1945,-2.0419921875,2.962890625,-1.361328125
0.195,-1.4814453125,3.1630859375,-2.08203125
0.1955,-1.0009765625,3.2431640625,-2.6826171875
0.196,-0.640625,3.203125,-3.0830078125
0.1965,0.0400390625,2.8427734375,-3.2431640625
0.197,0.7607421875,2.322265625,-3.5234375
0.1975,1.6015625,1.76171875,-3.8037109375
0.198,2.1220703125,1.28125,-3.84375
0.1985,2.5224609375,0.80078125,-3.763671875
0.199,2.72265625,0.400390625,-3.5634765625
0.1995,2.802734375,-0.2802734375,-3.0029296875
0.2,2.9228515625,-1.0009765625,-2.4423828125
0.2005,3.123046875,-1.76171875,-1.9619140625
0.201,3.1630859375,-2.322265625,-1.4013671875
0.2015,3.04296875,-2.6025390625,-1.0009765625
0.202,2.6826171875,-2.8427734375,-0.400390625
0.2025,2.2021484375,-3.0029296875,0.3203125
0.203,1.521484375,-3.203125,1.201171875
0.2035,1.0009765625,-3.283203125,1.76171875
0.204,0.6005859375,-3.36328125,2.2421875
0.2045,0.16015625,-3.2431640625,2.5625
0.205,-0.5205078125,-2.72265625,2.6826171875
0.2055,-1.2412109375,-2.2822265625,2.9228515625
0.206,-1.9619140625,-1.7216796875,3.123046875
0.2065,-2.40234375,-1.28125,3.1630859375
0.207,-2.642578125,-0.9208984375,3.04296875
0.2075,-2.802734375,-0.48046875,2.72265625
0.208,-2.8828125,0.080078125,2.2421875
0.2085,-3.0830078125,0.8408203125,1.7216796875
0.209,-3.203125,1.4013671875,1.2412109375
0.2095,-3.2431640625,2.0419921875,0.7607421875
0.21,-3.203125,2.40234375,0.3203125
0.2105,-2.72265625,2.5224609375,-0.2802734375
0.211,-2.2822265625,2.802734375,-0.9609375
0.2115,-1.76171875,3.04296875,-1.76171875
0.212,-1.2412109375,3.123046875,-2.322265625
0.2125,-0.80078125,3.1630859375,-2.802734375
0.213,-0.3203125,3.04296875,-3.1630859375
0.2135,0.400390625,2.5224609375,-3.3232421875
0.214,1.12109375,2.0419921875,-3.603515625
0.2145,1.8017578125,1.5615234375,-3.8037109375
0.215,2.322265625,1.0810546875,-3.84375
0.2155,2.6025390625,0.720703125,-3.7236328125
0.216,2.72265625,0.080078125,-3.2431640625
0.2165,2.8828125,-0.6005859375,-2.802734375
0.217,3.0830078125,-1.4814453125,-2.2021484375
0.2175,3.1630859375,-2.001953125,-1.681640625
0.218,3.1630859375,-2.482421875,-1.1611328125
0.2185,3.0029296875,-2.8427734375,-0.720703125
0.219,2.40234375,-2.9228515625,0.0400390625
0.2195,1.841796875,-3.203125,0.880859375
0.22,1.2412109375,-3.36328125,1.6416015625
0.2205,0.7607421875,-3.4833984375,2.162109375
0.221,0.2802734375,-3.36328125,2.5224609375
0.2215,-0.3203125,-2.962890625,2.72265625
0.222,-1.12109375,-2.4423828125,3.0029296875
0.2225,-1.921875,-1.841796875,3.203125
0.223,-2.40234375,-1.361328125,3.203125
0.2235,-2.7626953125,-0.9609375,3.1630859375
0.224,-2.9228515625,-0.6005859375,2.9228515625
0.2245,-2.9228515625,0.080078125,2.322265625
0.225,-3.1630859375,0.7607421875,1.8017578125
0.2255,-3.283203125,1.5615234375,1.2412109375
0.226,-3.283203125,2.08203125,0.7607421875
0.2265,-3.203125,2.482421875,0.2802734375
0.227,-2.8427734375,2.6025390625,-0.240234375
0.2275,-2.2822265625,2.802734375,-1.0009765625
0.228,-1.7216796875,3.04296875,-1.8017578125
0.2285,-1.1611328125,3.123046875,-2.40234375
0.229,-0.720703125,3.203125,-2.8828125
0.2295,-0.3203125,3.04296875,-3.1630859375
0.23,0.3603515625,2.5625,-3.3232421875
0.2305,1.12109375,2.08203125,-3.5634765625
0.231,1.921875,1.4814453125,-3.763671875
0.2315,2.2822265625,1.0810546875,-3.763671875
0.232,2.6025390625,0.6005859375,-3.7236328125
0.2325,2.72265625,0.16015625,-3.36328125
0.233,2.802734375,-0.5205078125,-2.8427734375
0.2335,3.04296875,-1.201171875,-2.2822265625
0.234,3.1630859375,-1.8818359375,-1.76171875
0.2345,3.1630859375,-2.4423828125,-1.28125
0.235,3.04296875,-2.72265625,-0.80078125
0.2355,2.5625,-2.8828125,-0.2001953125
0.236,2.0419921875,-3.1630859375,0.560546875
0.2365,1.4013671875,-3.36328125,1.4013671875
0.237,0.9208984375,-3.4033203125,1.921875
0.2375,0.48046875,-3.4833984375,2.4423828125
0.238,0.0,-3.203125,2.6826171875
0.2385,-0.80078125,-2.6025390625,2.8828125
0.239,-1.5615234375,-2.162109375,3.1630859375
0.2395,-2.2822265625,-1.5615234375,3.283203125
0.24,-2.642578125,-1.201171875,3.283203125
0.2405,-2.8828125,-0.720703125,3.04296875
0.241,-3.0029296875,-0.2802734375,2.6025390625
0.2415,-3.0830078125,0.560546875,2.0419921875
0.242,-3.283203125,1.3212890625,1.44140625
0.2425,-3.3232421875,1.921875,0.9609375
0.243,-3.3232421875,2.40234375,0.48046875
0.2435,-3.04296875,2.6025390625,0.0
0.244,-2.4423828125,2.72265625,-0.720703125
0.2445,-1.9619140625,3.04296875,-1.4814453125
0.245,-1.3212890625,3.1630859375,-2.2822265625
0.2455,-0.9208984375,3.203125,-2.72265625
0.246,-0.400390625,3.123046875,-3.123046875
0.2465,0.16015625,2.7626953125,-3.3232421875
0.247,0.9609375,2.162109375,-3.5234375
0.2475,1.6416015625,1.681640625,-3.7236328125
0.248,2.2021484375,1.12109375,-3.763671875
0.2485,2.5625,0.7607421875,-3.8037109375
0.249,2.6826171875,0.2802734375,-3.4833984375
0.2495,2.72265625,-0.2802734375,-2.9228515625
0.25,2.9228515625,-0.9609375,-2.482421875
0.2505,3.0830078125,-1.681640625,-1.8818359375
0.251,3.123046875,-2.2421875,-1.4013671875
0.2515,3.04296875,-2.642578125,-0.9208984375
0.252,2.72265625,-2.8427734375,-0.400390625
0.2525,2.162109375,-2.962890625,0.2802734375
0.253,1.6416015625,-3.203125,1.12109375
0.2535,1.041015625,-3.283203125,1.76171875
0.254,0.640625,-3.36328125,2.2421875
0.2545,0.16015625,-3.2431640625,2.5224609375
0.255,-0.4404296875,-2.8427734375,2.72265625
0.2555,-1.2412109375,-2.2822265625,3.0029296875
0.256,-1.8818359375,-1.841796875,3.123046875
0.2565,-2.3623046875,-1.4013671875,3.1630859375
0.257,-2.72265625,-1.0009765625,3.123046875
0.2575,-2.8427734375,-0.5205078125,2.802734375
0.258,-2.9228515625,0.16015625,2.2421875
0.2585,-3.1630859375,0.880859375,1.841796875
0.259,-3.283203125,1.5615234375,1.2412109375
0.2595,-3.283203125,2.0419921875,0.80078125
0.26,-3.1630859375,2.4423828125,0.2802734375
0.2605,-2.7626953125,2.6025390625,-0.3203125
0.261,-2.2421875,2.8427734375,-1.0810546875
0.2615,-1.681640625,3.0830078125,-1.841796875
0.262,-1.1611328125,3.1630859375,-2.4423828125
0.2625,-0.7607421875,3.2431640625,-2.9228515625
0.263,-0.2001953125,2.9228515625,-3.1630859375
0.2635,0.5205078125,2.4423828125,-3.36328125
0.264,1.28125,1.921875,-3.68359375
0.2645,1.921875,1.4013671875,-3.8037109375
0.265,2.2822265625,0.9609375,-3.8037109375
0.2655,2.6025390625,0.560546875,-3.603515625
0.266,2.72265625,0.0400390625,-3.203125
0.2665,2.8427734375,-0.640625,-2.6025390625
0.267,3.04296875,-1.4013671875,-2.1220703125
0.2675,3.123046875,-2.0419921875,-1.5615234375
0.268,3.123046875,-2.5224609375,-1.1611328125
0.2685,2.8427734375,-2.72265625,-0.640625
0.269,2.3623046875,-2.9228515625,0.0400390625
0.2695,1.76171875,-3.203125,0.880859375
0.27,1.201171875,-3.283203125,1.5615234375
0.2705,0.7607421875,-3.36328125,2.08203125
0.271,0.3203125,-3.36328125,2.5224609375
0.2715,-0.3203125,-2.9228515625,2.6826171875
0.272,-1.041015625,-2.4423828125,2.8427734375
0.2725,-1.8017578125,-1.9619140625,3.123046875
0.273,-2.322265625,-1.44140625,3.1630859375
0.2735,-2.642578125,-1.041015625,3.1630859375
0.274,-2.8427734375,-0.6005859375,2.8427734375
0.2745,-2.9228515625,0.0,2.40234375
0.275,-3.0830078125,0.7607421875,1.921875
0.2755,-3.203125,1.4013671875,1.3212890625
0.276,-3.283203125,1.9619140625,0.8408203125
0.2765,-3.2431640625,2.40234375,0.400390625
0.277,-2.8427734375,2.5625,-0.16015625
0.2775,-2.2822265625,2.7626953125,-0.880859375
0.278,-1.8017578125,3.04296875,-1.6416015625
0.2785,-1.28125,3.123046875,-2.322265625
0.279,-0.8408203125,3.1630859375,-2.802734375
0.2795,-0.3603515625,3.04296875,-3.1630859375
0.28,0.3203125,2.5625,-3.36328125
0.2805,1.12109375,2.001953125,-3.5634765625
0.281,1.76171875,1.521484375,-3.8037109375
0.2815,2.2421875,1.0810546875,-3.763671875
0.282,2.6025390625,0.720703125,-3.7236328125
0.2825,2.6826171875,0.2001953125,-3.283203125
0.283,2.802734375,-0.4404296875,-2.8427734375
0.2835,3.04296875,-1.201171875,-2.322265625
0.284,3.123046875,-1.8818359375,-1.76171875
0.2845,3.123046875,-2.322265625,-1.3212890625
0.285,3.0029296875,-2.72265625,-0.80078125
0.2855,2.5224609375,-2.8828125,-0.2001953125
0.286,1.921875,-3.0830078125,0.6005859375
0.2865,1.4013671875,-3.283203125,1.361328125
0.287,0.9208984375,-3.36328125,1.9619140625
0.2875,0.48046875,-3.4033203125,2.40234375
0.288,0.0,-3.123046875,2.6025390625
0.2885,-0.80078125,-2.642578125,2.8427734375
0.289,-1.5615234375,-2.1220703125,3.0830078125
0.2895,-2.1220703125,-1.6015625,3.1630859375
0.29,-2.5625,-1.1611328125,3.1630859375
0.2905,-2.802734375,-0.7607421875,3.04296875
0.291,-2.8828125,-0.2001953125,2.5625
0.2915,-2.962890625,0.48046875,2.001953125
0.292,-3.203125,1.201171875,1.5615234375
0.2925,-3.283203125,1.841796875,1.0009765625
0.293,-3.203125,2.2021484375,0.6005859375
0.2935,-2.962890625,2.482421875,0.0400390625
0.294,-2.5625,2.6826171875,-0.6005859375
0.2945,-1.9619140625,2.8828125,-1.361328125
0.295,-1.44140625,3.04296875,-2.001953125
0.2955,-1.0009765625,3.123046875,-2.6025390625
0.296,-0.640625,3.123046875,-3.0029296875
0.2965,0.0,2.6826171875,-3.1630859375
0.297,0.720703125,2.2021484375,-3.4033203125
0.2975,1.4814453125,1.76171875,-3.68359375
0.298,2.001953125,1.28125,-3.7236328125
0.2985,2.3623046875,0.9208984375,-3.68359375
0.299,2.5625,0.48046875,-3.4833984375
0.2995,2.6826171875,-0.1201171875,-3.04296875
0.3,2.8427734375,-0.8408203125,-2.5224609375
0.3005,3.04296875,-1.4814453125,-2.001953125
0.301,3.0830078125,-2.08203125,-1.4814453125
0.3015,3.04296875,-2.5224609375,-1.0810546875
0.302,2.6826171875,-2.6826171875,-0.5205078125
0.3025,2.2421875,-2.9228515625,0.16015625
0.303,1.681640625,-3.203125,1.0009765625
0.3035,1.1611328125,-3.2431640625,1.5615234375
0.304,0.720703125,-3.36328125,2.08203125
0.3045,0.3203125,-3.283203125,2.4423828125
0.305,-0.400390625,-2.8828125,2.6025390625
0.3055,-1.1611328125,-2.322265625,2.9228515625
0.306,-1.8017578125,-1.8818359375,3.123046875
0.3065,-2.322265625,-1.4013671875,3.1630859375
0.307,-2.642578125,-1.041015625,3.123046875
0.3075,-2.7626953125,-0.5205078125,2.72265625
0.308,-2.9228515625,0.1201171875,2.322265625
0.3085,-3.1630859375,0.880859375,1.76171875
0.309,-3.2431640625,1.521484375,1.28125
0.3095,-3.2431640625,2.0419921875,0.80078125
0.31,-3.203125,2.40234375,0.3203125
0.3105,-2.6826171875,2.5224609375,-0.3203125
0.311,-2.2021484375,2.802734375,-1.041015625
0.3115,-1.6416015625,3.04296875,-1.8017578125
0.312,-1.1611328125,3.0830078125,-2.4423828125
0.3125,-0.720703125,3.123046875,-2.8427734375
0.313,-0.2802734375,2.8427734375,-3.1630859375
0.3135,0.5205078125,2.4423828125,-3.36328125
0.314,1.28125,1.921875,-3.603515625
0.3145,1.921875,1.44140625,-3.7236328125
0.315,2.3623046875,0.9609375,-3.763671875
0.3155,2.6025390625,0.6005859375,-3.603515625
0.316,2.642578125,0.0,-3.123046875
0.3165,2.8427734375,-0.640625,-2.642578125
0.317,3.04296875,-1.44140625,-2.1220703125
0.3175,3.123046875,-2.001953125,-1.6015625
0.318,3.0830078125,-2.4423828125,-1.1611328125
0.3185,2.8427734375,-2.7626953125,-0.640625
0.319,2.3623046875,-2.8828125,0.0400390625
0.3195,1.76171875,-3.1630859375,0.8408203125
0.32,1.2412109375,-3.3232421875,1.5615234375
0.3205,0.7607421875,-3.443359375,2.08203125
0.321,0.3203125,-3.4033203125,2.4423828125
0.3215,-0.2802734375,-2.9228515625,2.642578125
0.322,-1.0009765625,-2.4423828125,2.9228515625
0.3225,-1.841796875,-1.8818359375,3.1630859375
0.323,-2.2822265625,-1.44140625,3.1630859375
0.3235,-2.6826171875,-1.0009765625,3.1630859375
0.324,-2.8828125,-0.6005859375,2.9228515625
0.3245,-2.9228515625,0.080078125,2.3623046875
0.325,-3.123046875,0.7607421875,1.8818359375
0.3255,-3.283203125,1.521484375,1.3212890625
0.326,-3.3232421875,2.08203125,0.80078125
0.3265,-3.203125,2.40234375,0.3603515625
0.327,-2.8427734375,2.6025390625,-0.240234375
0.3275,-2.322265625,2.8427734375,-0.9609375
0.328,-1.7216796875,3.04296875,-1.8017578125
0.3285,-1.2412109375,3.123046875,-2.40234375
0.329,-0.7607421875,3.1630859375,-2.9228515625
0.3295,-0.3203125,3.04296875,-3.203125
0.33,0.4404296875,2.5224609375,-3.36328125
0.3305,1.201171875,2.0419921875,-3.603515625
0.331,1.921875,1.44140625,-3.8037109375
0.3315,2.3623046875,1.041015625,-3.84375
0.332,2.642578125,0.6005859375,-3.68359375
0.3325,2.7626953125,0.1201171875,-3.283203125
0.333,2.8427734375,-0.6005859375,-2.72265625
0.3335,3.04296875,-1.361328125,-2.162109375
0.334,3.1630859375,-2.001953125,-1.6416015625
0.3345,3.1630859375,-2.5224609375,-1.1611328125
0.335,3.0029296875,-2.802734375,-0.720703125
0.3355,2.4423828125,-2.8828125,0.0
0.336,1.921875,-3.203125,0.7607421875
0.3365,1.28125,-3.36328125,1.5615234375
0.337,0.7607421875,-3.4833984375,2.0419921875
0.3375,0.3203125,-3.36328125,2.5224609375
0.338,-0.16015625,-3.123046875,2.7626953125
0.3385,-1.0009765625,-2.5224609375,2.9228515625
0.339,-1.76171875,-2.001953125,3.1630859375
0.3395,-2.322265625,-1.44140625,3.2431640625
0.34,-2.7626953125,-1.041015625,3.2431640625
0.3405,-2.9228515625,-0.640625,3.0029296875
0.341,-3.0029296875,0.0,2.5224609375
0.3415,-3.1630859375,0.640625,1.9619140625
0.342,-3.283203125,1.4814453125,1.361328125
0.3425,-3.36328125,2.001953125,0.9208984375
0.343,-3.283203125,2.482421875,0.3603515625
0.3435,-3.04296875,2.6826171875,-0.080078125
0.344,-2.40234375,2.72265625,-0.8408203125
0.3445,-1.921875,3.04296875,-1.6416015625
0.345,-1.28125,3.1630859375,-2.4423828125
0.3455,-0.8408203125,3.2431640625,-2.8828125
0.346,-0.3603515625,3.123046875,-3.203125
0.3465,0.2802734375,2.6826171875,-3.36328125
0.347,1.0810546875,2.1220703125,-3.5634765625
0.3475,1.8017578125,1.5615234375,-3.8037109375
0.348,2.2421875,1.12109375,-3.8037109375
0.3485,2.642578125,0.6806640625,-3.763671875
0.349,2.72265625,0.2802734375,-3.443359375
0.3495,2.802734375,-0.400390625,-2.8427734375
0.35,3.0029296875,-1.12109375,-2.40234375
0.3505,3.1630859375,-1.8818359375,-1.8017578125
0.351,3.1630859375,-2.3623046875,-1.3212890625
0.3515,3.04296875,-2.72265625,-0.8408203125
0.352,2.6826171875,-2.9228515625,-0.3203125
0.3525,2.08203125,-3.0830078125,0.48046875
0.353,1.521484375,-3.36328125,1.28125
0.3535,0.9609375,-3.36328125,1.921875
0.354,0.560546875,-3.4833984375,2.40234375
0.3545,0.0400390625,-3.203125,2.6826171875
0.355,-0.640625,-2.72265625,2.8427734375
0.3555,-1.44140625,-2.2421875,3.123046875
0.356,-2.162109375,-1.6416015625,3.2431640625
0.3565,-2.5625,-1.2412109375,3.2431640625
0.357,-2.8828125,-0.80078125,3.123046875
0.3575,-2.962890625,-0.3203125,2.7626953125
0.358,-3.04296875,0.400390625,2.162109375
0.3585,-3.2431640625,1.1611328125,1.6416015625
0.359,-3.36328125,1.841796875,1.0810546875
0.3595,-3.36328125,2.2822265625,0.6005859375
0.36,-3.1630859375,2.5224609375,0.1201171875
0.3605,-2.6826171875,2.6826171875,-0.5205078125
0.361,-2.08203125,2.9228515625,-1.361328125
0.3615,-1.4814453125,3.1630859375,-2.1220703125
0.362,-1.0009765625,3.1630859375,-2.642578125
0.3625,-0.6005859375,3.2431640625,-3.0830078125
0.363,0.0,2.8427734375,-3.283203125
0.3635,0.7607421875,2.2822265625,-3.4833984375
0.364,1.5615234375,1.841796875,-3.763671875
0.3645,2.162109375,1.28125,-3.84375
0.365,2.5224609375,0.880859375,-3.8037109375
0.3655,2.72265625,0.400390625,-3.5634765625
0.366,2.8427734375,-0.16015625,-3.1630859375
0.3665,2.9228515625,-0.9208984375,-2.5224609375
0.367,3.123046875,-1.6416015625,-1.9619140625
0.3675,3.1630859375,-2.2021484375,-1.44140625
0.368,3.123046875,-2.72265625,-1.0009765625
0.3685,2.7626953125,-2.8828125,-0.5205078125
0.369,2.2421875,-3.04296875,0.2001953125
0.3695,1.681640625,-3.2431640625,1.041015625
0.37,1.0810546875,-3.36328125,1.76171875
0.3705,0.640625,-3.36328125,2.2021484375
0.371,0.2001953125,-3.283203125,2.5625
0.3715,-0.400390625,-2.8828125,2.7626953125
0.372,-1.201171875,-2.2822265625,2.962890625
0.3725,-1.921875,-1.841796875,3.1630859375
0.373,-2.4423828125,-1.3212890625,3.203125
0.3735,-2.7626953125,-1.0009765625,3.1630859375
0.374,-2.8828125,-0.48046875,2.8427734375
0.3745,-2.962890625,0.1201171875,2.3623046875
0.375,-3.203125,0.8408203125,1.8818359375
0.3755,-3.283203125,1.5615234375,1.28125
0.376,-3.3232421875,2.0419921875,0.80078125
0.3765,-3.2431640625,2.482421875,0.2802734375
0.377,-2.8828125,2.5625,-0.2802734375
0.3775,-2.2822265625,2.802734375,-1.0009765625
0.378,-1.8017578125,3.123046875,-1.8017578125
0.3785,-1.1611328125,3.1630859375,-2.4423828125
0.379,-0.7607421875,3.203125,-2.8828125
0.3795,-0.2802734375,3.0029296875,-3.203125
0.38,0.4404296875,2.5625,-3.4033203125
0.3805,1.28125,1.9619140625,-3.68359375
0.381,1.921875,1.4814453125,-3.8037109375
0.3815,2.3623046875,1.0009765625,-3.8037109375
0.382,2.6826171875,0.640625,-3.7236328125
0.3825,2.72265625,0.1201171875,-3.283203125
0.383,2.8427734375,-0.6005859375,-2.72265625
0.3835,3.0830078125,-1.3212890625,-2.2421875
0.384,3.123046875,-2.08203125,-1.6416015625
0.3845,3.123046875,-2.482421875,-1.2412109375
0.385,2.9228515625,-2.7626953125,-0.640625
0.3855,2.482421875,-2.9228515625,0.0
0.386,1.8818359375,-3.1630859375,0.7607421875
0.3865,1.28125,-3.283203125,1.521484375
0.387,0.7607421875,-3.36328125,2.0419921875
0.3875,0.400390625,-3.4033203125,2.482421875
0.388,-0.2001953125,-3.0029296875,2.642578125
0.3885,-0.9208984375,-2.5224609375,2.8828125
0.389,-1.681640625,-1.9619140625,3.1630859375
0.3895,-2.2822265625,-1.521484375,3.203125
0.39,-2.6025390625,-1.12109375,3.1630859375
0.3905,-2.8828125,-0.6806640625,3.0029296875
0.391,-2.9228515625,-0.16015625,2.5224609375
0.3915,-3.04296875,0.6005859375,1.9619140625
0.392,-3.2431640625,1.2412109375,1.4814453125
0.3925,-3.283203125,1.8818359375,0.9208984375
0.393,-3.2431640625,2.322265625,0.5205078125
0.3935,-2.9228515625,2.5224609375,0.0
0.394,-2.482421875,2.72265625,-0.6806640625
0.3945,-1.921875,2.962890625,-1.521484375
0.395,-1.361328125,3.0830078125,-2.1220703125
0.3955,-0.9208984375,3.1630859375,-2.642578125
0.396,-0.5205078125,3.1630859375,-3.0830078125
0.3965,0.1201171875,2.6826171875,-3.2431640625
0.397,0.880859375,2.2021484375,-3.4833984375
0.3975,1.5615234375,1.7216796875,-3.7236328125
0.398,2.1220703125,1.201171875,-3.763671875
0.3985,2.482421875,0.8408203125,-3.7236328125
0.399,2.642578125,0.3603515625,-3.4033203125
0.3995,2.802734375,-0.2802734375,-3.0029296875
0.4,2.962890625,-1.041015625,-2.4423828125
0.4005,3.123046875,-1.681640625,-1.9619140625
0.401,3.123046875,-2.2421875,-1.4013671875
0.4015,3.123046875,-2.642578125,-1.0009765625
0.402,2.642578125,-2.802734375,-0.3603515625
0.4025,2.162109375,-3.04296875,0.3603515625
0.403,1.5615234375,-3.2431640625,1.201171875
0.4035,1.041015625,-3.36328125,1.76171875
0.404,0.6005859375,-3.36328125,2.2822265625
0.4045,0.1201171875,-3.203125,2.6025390625
0.405,-0.640625,-2.7626953125,2.802734375
0.4055,-1.4013671875,-2.2021484375,3.04296875
0.406,-2.0419921875,-1.681640625,3.203125
0.4065,-2.5625,-1.2412109375,3.203125
0.407,-2.8427734375,-0.880859375,3.1630859375
0.4075,-2.8828125,-0.3203125,2.6826171875
0.408,-3.04296875,0.3203125,2.2021484375
0.4085,-3.2431640625,1.12109375,1.6015625
0.409,-3.283203125,1.76171875,1.0810546875
0.4095,-3.2431640625,2.2421875,0.6005859375
0.41,-3.123046875,2.5625,0.1201171875
0.4105,-2.6025390625,2.6826171875,-0.5205078125
0.411,-2.0419921875,2.8828125,-1.3212890625
0.4115,-1.4814453125,3.123046875,-2.08203125
0.412,-1.0009765625,3.1630859375,-2.6025390625
0.4125,-0.6005859375,3.1630859375,-3.04296875
0.413,0.0,2.802734375,-3.203125
0.4135,0.720703125,2.322265625,-3.4833984375
0.414,1.5615234375,1.76171875,-3.7236328125
0.4145,2.0419921875,1.28125,-3.8037109375
0.415,2.5224609375,0.8408203125,-3.763671875
0.4155,2.72265625,0.48046875,-3.603515625
0.416,2.7626953125,-0.2001953125,-3.0830078125
0.4165,2.8828125,-0.9208984375,-2.5625
0.417,3.123046875,-1.6416015625,-2.001953125
0.4175,3.123046875,-2.2021484375,-1.44140625
0.418,3.0830078125,-2.6025390625,-1.0009765625
0.4185,2.802734375,-2.8427734375,-0.5205078125
0.419,2.2822265625,-3.04296875,0.240234375
0.4195,1.6416015625,-3.203125,1.0810546875
0.42,1.12109375,-3.36328125,1.7216796875
0.4205,0.640625,-3.4033203125,2.2822265625
0.421,0.240234375,-3.36328125,2.6025390625
0.4215,-0.4404296875,-2.8828125,2.802734375
0.422,-1.2412109375,-2.3623046875,3.04296875
0.4225,-2.001953125,-1.8017578125,3.2431640625
0.423,-2.482421875,-1.3212890625,3.283203125
0.4235,-2.8427734375,-0.9208984375,3.1630859375
0.424,-2.962890625,-0.5205078125,2.8828125
0.4245,-3.0830078125,0.2001953125,2.322265625
0.425,-3.203125,0.9609375,1.76171875
0.4255,-3.36328125,1.6416015625,1.2412109375
0.426,-3.36328125,2.2421875,0.6806640625
0.4265,-3.203125,2.5224609375,0.2802734375
0.427,-2.7626953125,2.6826171875,-0.3603515625
0.4275,-2.2822265625,2.9228515625,-1.12109375
0.428,-1.6015625,3.1630859375,-2.001953125
0.4285,-1.0810546875,3.1630859375,-2.5224609375
0.429,-0.640625,3.1630859375,-3.0029296875
0.4295,-0.16015625,3.0029296875,-3.283203125
0.43,0.6005859375,2.40234375,-3.4033203125
0.4305,1.3212890625,1.921875,-3.68359375
0.431,2.0419921875,1.3212890625,-3.8037109375
0.4315,2.482421875,0.80078125,-3.8837890625
0.432,2.6826171875,0.48046875,-3.6435546875
0.4325,2.7626953125,0.0,-3.203125
0.433,2.8427734375,-0.640625,-2.6826171875
0.4335,3.04296875,-1.44140625,-2.08203125
0.434,3.0830078125,-2.001953125,-1.6416015625
0.4345,3.0830078125,-2.5224609375,-1.12109375
0.435,2.9228515625,-2.7626953125,-0.6806640625
0.4355,2.40234375,-2.8828125,0.0
0.436,1.921875,-3.1630859375,0.720703125
0.4365,1.28125,-3.283203125,1.521484375
0.437,0.8408203125,-3.36328125,2.0419921875
0.4375,0.3603515625,-3.36328125,2.482421875
0.438,-0.16015625,-3.0830078125,2.6826171875
0.4385,-0.9208984375,-2.5625,2.8828125
0.439,-1.681640625,-2.001953125,3.1630859375
0.4395,-2.162109375,-1.4814453125,3.203125
0.44,-2.72265625,-1.1611328125,3.2431640625
0.4405,-2.8828125,-0.720703125,3.04296875
0.441,-2.962890625,-0.080078125,2.5224609375
0.4415,-3.1630859375,0.6005859375,2.0419921875
0.442,-3.283203125,1.4013671875,1.44140625
0.4425,-3.36328125,1.921875,0.9609375
0.443,-3.2431640625,2.40234375,0.48046875
0.4435,-3.04296875,2.6025390625,0.0
0.444,-2.4423828125,2.7626953125,-0.7607421875
0.4445,-1.921875,3.04296875,-1.5615234375
0.445,-1.3212890625,3.1630859375,-2.2822265625
0.4455,-0.9208984375,3.2431640625,-2.802734375
0.446,-0.400390625,3.123046875,-3.123046875
0.4465,0.240234375,2.6826171875,-3.283203125
0.447,1.0009765625,2.162109375,-3.5634765625
0.4475,1.8017578125,1.521484375,-3.84375
0.448,2.2021484375,1.12109375,-3.8037109375
0.4485,2.5625,0.6005859375,-3.84375
0.449,2.6826171875,0.3203125,-3.4033203125
0.4495,2.72265625,-0.3603515625,-2.8427734375
0.45,2.962890625,-1.0810546875,-2.40234375
0.4505,3.123046875,-1.8017578125,-1.8017578125
0.451,3.123046875,-2.2822265625,-1.3212890625
0.4515,3.0029296875,-2.642578125,-0.9208984375
0.452,2.6025390625,-2.8427734375,-0.3203125
0.4525,2.08203125,-3.04296875,0.4404296875
0.453,1.4814453125,-3.203125,1.2412109375
0.4535,0.9609375,-3.283203125,1.841796875
0.454,0.560546875,-3.4033203125,2.322265625
0.4545,0.080078125,-3.203125,2.5625
0.455,-0.640625,-2.72265625,2.7626953125
0.4555,-1.361328125,-2.2822265625,3.0830078125
0.456,-2.08203125,-1.7216796875,3.1630859375
0.4565,-2.40234375,-1.2412109375,3.203125
0.457,-2.7626953125,-0.8408203125,3.0830078125
0.4575,-2.9228515625,-0.3603515625,2.72265625
0.458,-3.04296875,0.3203125,2.2021484375
0.4585,-3.203125,1.0810546875,1.6416015625
0.459,-3.36328125,1.76171875,1.12109375
0.4595,-3.3232421875,2.2421875,0.640625
0.46,-3.123046875,2.5224609375,0.16015625
0.4605,-2.642578125,2.6826171875,-0.5205078125
0.461,-2.1220703125,3.0029296875,-1.28125
0.4615,-1.4814453125,3.123046875,-2.08203125
0.462,-1.041015625,3.1630859375,-2.5625
0.4625,-0.6005859375,3.1630859375,-3.0830078125
0.463,0.0,2.8427734375,-3.2431640625
0.4635,0.7607421875,2.2021484375,-3.4833984375
0.464,1.4814453125,1.76171875,-3.763671875
0.4645,2.0419921875,1.201171875,-3.8037109375
0.465,2.482421875,0.9208984375,-3.8037109375
0.4655,2.6826171875,0.4404296875,-3.5234375
0.466,2.7626953125,-0.16015625,-3.0830078125
0.4665,2.9228515625,-0.880859375,-2.5224609375
0.467,3.04296875,-1.6015625,-1.9619140625
0.4675,3.123046875,-2.1220703125,-1.4814453125
0.468,3.04296875,-2.6025390625,-1.0009765625
0.4685,2.72265625,-2.7626953125,-0.5205078125
0.469,2.2021484375,-2.9228515625,0.240234375
0.4695,1.681640625,-3.203125,1.0009765625
0.47,1.0810546875,-3.283203125,1.7216796875
0.4705,0.6806640625,-3.36328125,2.162109375
0.471,0.2001953125,-3.2431640625,2.5224609375
0.4715,-0.3603515625,-2.8828125,2.6826171875
0.472,-1.1611328125,-2.322265625,2.8828125
0.4725,-1.8818359375,-1.8818359375,3.0830078125
0.473,-2.322265625,-1.361328125,3.1630859375
0.4735,-2.72265625,-1.0009765625,3.1630859375
0.474,-2.8427734375,-0.5205078125,2.802734375
0.4745,-2.9228515625,0.1201171875,2.322265625
0.475,-3.1630859375,0.80078125,1.921875
0.4755,-3.2431640625,1.5615234375,1.28125
0.476,-3.283203125,2.001953125,0.80078125
0.4765,-3.1630859375,2.40234375,0.3203125
0.477,-2.8427734375,2.6025390625,-0.2001953125
0.4775,-2.2822265625,2.802734375,-1.0009765625
0.478,-1.76171875,3.04296875,-1.76171875
0.4785,-1.201171875,3.123046875,-2.40234375
0.479,-0.80078125,3.203125,-2.8828125
0.4795,-0.2802734375,2.8828125,-3.1630859375
0.48,0.400390625,2.482421875,-3.36328125
0.4805,1.201171875,1.9619140625,-3.68359375
0.481,1.841796875,1.521484375,-3.763671875
0.4815,2.2822265625,1.0810546875,-3.8037109375
0.482,2.6025390625,0.640625,-3.68359375
0.4825,2.6826171875,0.1201171875,-3.2431640625
0.483,2.802734375,-0.6005859375,-2.72265625
0.4835,3.04296875,-1.3212890625,-2.2421875
0.484,3.123046875,-1.9619140625,-1.6416015625
0.4845,3.123046875,-2.4423828125,-1.2412109375
0.485,2.8828125,-2.72265625,-0.6806640625
0.4855,2.4423828125,-2.8828125,-0.080078125
0.486,1.8818359375,-3.123046875,0.7607421875
0.4865,1.28125,-3.2431640625,1.44140625
0.487,0.80078125,-3.3232421875,2.001953125
0.4875,0.4404296875,-3.36328125,2.40234375
0.488,-0.2001953125,-2.962890625,2.5625
0.4885,-0.9208984375,-2.5224609375,2.802734375
0.489,-1.6416015625,-1.9619140625,3.0830078125
0.4895,-2.2021484375,-1.521484375,3.1630859375
0.49,-2.5224609375,-1.1611328125,3.123046875
0.4905,-2.7626953125,-0.640625,2.9228515625
0.491,-2.8828125,-0.16015625,2.5224609375
0.4915,-2.962890625,0.560546875,1.921875
0.492,-3.203125,1.2412109375,1.4814453125
0.4925,-3.203125,1.841796875,0.9609375
0.493,-3.203125,2.2421875,0.5205078125
0.4935,-2.8828125,2.482421875,0.0
0.494,-2.4423828125,2.642578125,-0.640625
0.4945,-1.9619140625,2.9228515625,-1.44140625
0.495,-1.4013671875,3.04296875,-2.08203125
0.4955,-1.0009765625,3.04296875,-2.642578125
0.496,-0.5205078125,3.04296875,-2.962890625
0.4965,0.080078125,2.6025390625,-3.203125
0.497,0.8408203125,2.2021484375,-3.4033203125
0.4975,1.521484375,1.76171875,-3.6435546875
0.498,2.0419921875,1.28125,-3.7236328125
0.4985,2.40234375,0.9208984375,-3.7236328125
0.499,2.5625,0.400390625,-3.36328125
0.4995,2.6826171875,-0.2001953125,-2.962890625
0.5,2.9228515625,-0.9609375,-2.482421875
0.5005,3.04296875,-1.6015625,-1.9619140625
0.501,3.0830078125,-2.1220703125,-1.4814453125
0.5015,3.04296875,-2.6025390625,-1.0009765625
0.502,2.6025390625,-2.72265625,-0.4404296875
0.5025,2.1220703125,-2.962890625,0.3203125
0.503,1.6015625,-3.203125,1.12109375
0.5035,1.0810546875,-3.36328125,1.76171875
0.504,0.6806640625,-3.4033203125,2.2021484375
0.5045,0.1201171875,-3.203125,2.482421875
0.505,-0.6005859375,-2.7626953125,2.802734375
0.5055,-1.4013671875,-2.2021484375,3.04296875
0.506,-2.001953125,-1.7216796875,3.1630859375
0.5065,-2.482421875,-1.2412109375,3.203125
0.507,-2.802734375,-0.880859375,3.123046875
0.5075,-2.8828125,-0.3203125,2.642578125
0.508,-3.04296875,0.3603515625,2.162109375
0.5085,-3.2431640625,1.201171875,1.6015625
0.509,-3.3232421875,1.841796875,1.041015625
0.5095,-3.283203125,2.2421875,0.6005859375
0.51,-3.0830078125,2.5625,0.1201171875
0.5105,-2.5625,2.72265625,-0.6005859375
0.511,-1.9619140625,2.962890625,-1.44140625
0.5115,-1.44140625,3.04296875,-2.162109375
0.512,-0.9609375,3.1630859375,-2.72265625
0.5125,-0.5205078125,3.123046875,-3.123046875
0.513,0.1201171875,2.72265625,-3.2431640625
0.5135,0.8408203125,2.2421875,-3.5234375
0.514,1.681640625,1.6416015625,-3.7236328125
0.5145,2.162109375,1.201171875,-3.763671875
0.515,2.5224609375,0.7607421875,-3.7236328125
0.5155,2.72265625,0.3603515625,-3.5234375
0.516,2.802734375,-0.2802734375,-2.962890625
0.5165,2.9228515625,-1.0009765625,-2.4423828125
0.517,3.123046875,-1.681640625,-1.921875
0.5175,3.123046875,-2.2822265625,-1.361328125
0.518,3.04296875,-2.6025390625,-1.0009765625
0.5185,2.6826171875,-2.802734375,-0.400390625
0.519,2.2421875,-3.04296875,0.2802734375
0.5195,1.5615234375,-3.283203125,1.12109375
0.52,1.041015625,-3.36328125,1.7216796875
0.5205,0.6005859375,-3.443359375,2.2421875
0.521,0.16015625,-3.3232421875,2.6025390625
0.5215,-0.5205078125,-2.802734375,2.7626953125
0.522,-1.28125,-2.2822265625,3.04296875
0.5225,-2.001953125,-1.76171875,3.203125
0.523,-2.5224609375,-1.3212890625,3.283203125
0.5235,-2.802734375,-0.9208984375,3.1630859375
0.524,-2.9228515625,-0.400390625,2.8427734375
0.5245,-3.0830078125,0.2802734375,2.322265625
0.525,-3.2431640625,1.0810546875,1.7216796875
0.5255,-3.36328125,1.7216796875,1.2412109375
0.526,-3.36328125,2.2822265625,0.640625
0.5265,-3.2431640625,2.6025390625,0.240234375
0.527,-2.72265625,2.72265625,-0.4404296875
0.5275,-2.2021484375,2.962890625,-1.2412109375
0.528,-1.5615234375,3.1630859375,-2.1220703125
0.5285,-1.041015625,3.203125,-2.6826171875
0.529,-0.560546875,3.203125,-3.0830078125
0.5295,0.0,3.0029296875,-3.36328125
0.53,0.7607421875,2.40234375,-3.5634765625
0.5305,1.5615234375,1.841796875,-3.8037109375
0.531,2.2021484375,1.28125,-3.8837890625
0.5315,2.642578125,0.80078125,-3.8837890625
0.532,2.8427734375,0.400390625,-3.6435546875
0.5325,2.8427734375,-0.2001953125,-3.123046875
0.533,3.0029296875,-0.9208984375,-2.6025390625
0.5335,3.1630859375,-1.76171875,-1.921875
0.534,3.1630859375,-2.2822265625,-1.44140625
0.5345,3.0830078125,-2.6826171875,-0.9609375
0.535,2.8427734375,-2.9228515625,-0.5205078125
0.5355,2.2421875,-3.04296875,0.240234375
0.536,1.6416015625,-3.283203125,1.041015625
0.5365,1.041015625,-3.4033203125,1.76171875
0.537,0.6005859375,-3.4033203125,2.2421875
0.5375,0.16015625,-3.283203125,2.5625
0.538,-0.400390625,-2.9228515625,2.72265625
0.5385,-1.1611328125,-2.40234375,2.962890625
0.539,-1.921875,-1.8017578125,3.1630859375
0.5395,-2.3623046875,-1.361328125,3.203125
0.54,-2.7626953125,-1.0009765625,3.1630859375
0.5405,-2.9228515625,-0.560546875,2.962890625
0.541,-2.962890625,0.080078125,2.40234375
0.5415,-3.1630859375,0.720703125,1.921875
0.542,-3.3232421875,1.521484375,1.3212890625
0.5425,-3.36328125,2.0419921875,0.8408203125
0.543,-3.2431640625,2.40234375,0.3603515625
0.5435,-2.9228515625,2.642578125,-0.16015625
0.544,-2.4423828125,2.802734375,-0.9208984375
0.5445,-1.8818359375,3.04296875,-1.7216796875
0.545,-1.28125,3.1630859375,-2.3623046875
0.5455,-0.80078125,3.283203125,-2.8828125
0.546,-0.3603515625,3.1630859375,-3.203125
0.5465,0.3203125,2.6826171875,-3.36328125
0.547,1.12109375,2.162109375,-3.68359375
0.5475,1.921875,1.5615234375,-3.8837890625
0.548,2.3623046875,1.12109375,-3.8837890625
0.5485,2.6826171875,0.640625,-3.763671875
0.549,2.802734375,0.240234375,-3.443359375
0.5495,2.8828125,-0.560546875,-2.8427734375
0.55,3.123046875,-1.28125,-2.2822265625
0.5505,3.203125,-2.001953125,-1.681640625
0.551,3.203125,-2.5625,-1.2412109375
0.5515,3.04296875,-2.8828125,-0.720703125
0.552,2.5224609375,-3.0029296875,-0.1201171875
0.5525,1.921875,-3.2431640625,0.6806640625
0.553,1.28125,-3.4033203125,1.5615234375
0.5535,0.7607421875,-3.4033203125,2.08203125
0.554,0.3603515625,-3.443359375,2.5625
0.5545,-0.2001953125,-3.123046875,2.802734375
0.555,-1.0009765625,-2.5224609375,2.8828125
0.5555,-1.7216796875,-2.001953125,3.1630859375
0.556,-2.3623046875,-1.44140625,3.283203125
0.5565,-2.72265625,-1.0810546875,3.2431640625
0.557,-2.9228515625,-0.640625,3.0029296875
0.5575,-2.962890625,-0.16015625,2.5625
0.558,-3.0830078125,0.6005859375,2.001953125
0.5585,-3.2431640625,1.361328125,1.4013671875
0.559,-3.283203125,1.921875,0.9208984375
0.5595,-3.2431640625,2.322265625,0.4404296875
0.56,-3.04296875,2.5224609375,0.0
0.5605,-2.5224609375,2.642578125,-0.720703125
0.561,-2.001953125,3.0029296875,-1.44140625
0.5615,-1.3212890625,3.123046875,-2.2021484375
0.562,-0.9609375,3.1630859375,-2.6826171875
0.5625,-0.5205078125,3.123046875,-3.0830078125
0.563,0.0400390625,2.802734375,-3.283203125
0.5635,0.8408203125,2.2421875,-3.4833984375
0.564,1.5615234375,1.76171875,-3.7236328125
0.5645,2.08203125,1.28125,-3.8037109375
0.565,2.5224609375,0.880859375,-3.84375
0.5655,2.6826171875,0.4404296875,-3.5634765625
0.566,2.802734375,-0.16015625,-3.0830078125
0.5665,3.0029296875,-0.880859375,-2.6025390625
0.567,3.123046875,-1.6416015625,-1.9619140625
0.5675,3.1630859375,-2.2421875,-1.521484375
0.568,3.123046875,-2.72265625,-1.0009765625
0.5685,2.802734375,-2.9228515625,-0.5205078125
0.569,2.2421875,-3.04296875,0.2802734375
0.5695,1.681640625,-3.3232421875,1.12109375
0.57,1.0810546875,-3.4033203125,1.841796875
0.5705,0.640625,-3.4833984375,2.322265625
0.571,0.1201171875,-3.283203125,2.642578125
0.5715,-0.560546875,-2.8828125,2.8427734375
0.572,-1.361328125,-2.2822265625,3.123046875
0.5725,-2.08203125,-1.7216796875,3.2431640625
0.573,-2.5224609375,-1.28125,3.2431640625
0.5735,-2.8828125,-0.880859375,3.1630859375
0.574,-2.9228515625,-0.3603515625,2.72265625
0.5745,-3.0029296875,0.3603515625,2.162109375
0.575,-3.203125,1.0810546875,1.7216796875
0.5755,-3.3232421875,1.7216796875,1.0009765625
0.576,-3.283203125,2.2021484375,0.640625
0.5765,-3.1630859375,2.482421875,0.1201171875
0.577,-2.6826171875,2.6826171875,-0.48046875
0.5775,-2.08203125,2.8828125,-1.28125
0.578,-1.521484375,3.0830078125,-2.001953125
0.5785,-1.0009765625,3.123046875,-2.5625
0.579,-0.640625,3.1630859375,-3.0029296875
0.5795,0.0,2.802734375,-3.203125
0.58,0.640625,2.3623046875,-3.36328125
0.5805,1.361328125,1.8818359375,-3.6435546875
0.581,2.001953125,1.3212890625,-3.7236328125
0.5815,2.3623046875,0.9609375,-3.7236328125
0.582,2.6025390625,0.560546875,-3.5634765625
0.5825,2.6826171875,0.0400390625,-3.1630859375
0.583,2.802734375,-0.640625,-2.6025390625
0.5835,3.0029296875,-1.361328125,-2.162109375
0.584,3.04296875,-2.001953125,-1.6416015625
0.5845,3.04296875,-2.482421875,-1.2412109375
0.585,2.8427734375,-2.6826171875,-0.6806640625
0.5855,2.40234375,-2.8828125,0.0
0.586,1.921875,-3.1630859375,0.6806640625
0.5865,1.3212890625,-3.2431640625,1.4013671875
0.587,0.880859375,-3.36328125,1.9619140625
0.5875,0.4404296875,-3.36328125,2.40234375
0.588,-0.16015625,-3.04296875,2.642578125
0.5885,-0.8408203125,-2.5224609375,2.8427734375
0.589,-1.6015625,-2.08203125,3.1630859375
0.5895,-2.2021484375,-1.5615234375,3.2431640625
0.59,-2.5625,-1.201171875,3.203125
0.5905,-2.802734375,-0.6806640625,2.962890625
0.591,-2.9228515625,-0.16015625,2.5625
0.5915,-3.1630859375,0.6005859375,2.0419921875
0.592,-3.283203125,1.3212890625,1.4814453125
0.5925,-3.36328125,1.921875,0.9609375
0.593,-3.36328125,2.40234375,0.48046875
0.5935,-2.8828125,2.5625,-0.1201171875
0.594,-2.40234375,2.802734375,-0.8408203125
0.5945,-1.841796875,3.123046875,-1.681640625
0.595,-1.28125,3.203125,-2.40234375
0.5955,-0.80078125,3.203125,-2.8427734375
0.596,-0.3203125,3.0830078125,-3.203125
0.5965,0.400390625,2.5625,-3.4033203125
0.597,1.2412109375,1.9619140625,-3.603515625
0.5975,1.8818359375,1.521484375,-3.8037109375
0.598,2.3623046875,1.0009765625,-3.8037109375
0.5985,2.642578125,0.640625,-3.7236328125
0.599,2.6826171875,0.1201171875,-3.203125
0.5995,2.802734375,-0.640625,-2.72265625
0.6,3.0029296875,-1.4013671875,-2.2021484375
0.6005,3.04296875,-2.001953125,-1.6416015625
0.601,3.04296875,-2.40234375,-1.201171875
0.6015,2.8828125,-2.7626953125,-0.720703125
0.602,2.482421875,-2.8828125,-0.1201171875
0.6025,1.841796875,-3.0830078125,0.6806640625
0.603,1.3212890625,-3.2431640625,1.4013671875
0.6035,0.80078125,-3.36328125,1.9619140625
0.604,0.4404296875,-3.3232421875,2.40234375
0.6045,-0.16015625,-3.0830078125,2.6025390625
0.605,-0.80078125,-2.6025390625,2.8427734375
0.6055,-1.6015625,-2.0419921875,3.0830078125
0.606,-2.1220703125,-1.6015625,3.1630859375
0.6065,-2.5625,-1.1611328125,3.1630859375
0.607,-2.8828125,-0.7607421875,3.0830078125
0.6075,-2.8828125,-0.2802734375,2.5625
0.608,-3.04296875,0.4404296875,2.0419921875
0.6085,-3.283203125,1.1611328125,1.5615234375
0.609,-3.36328125,1.8818359375,1.0009765625
0.6095,-3.283203125,2.2822265625,0.6005859375
0.61,-3.0830078125,2.5625,0.0
0.6105,-2.6025390625,2.802734375,-0.640625
0.611,-2.001953125,3.04296875,-1.4814453125
0.6115,-1.44140625,3.1630859375,-2.2021484375
0.612,-0.9609375,3.283203125,-2.7626953125
0.6125,-0.5205078125,3.2431640625,-3.203125
0.613,0.16015625,2.802734375,-3.36328125
0.6135,0.9609375,2.2421875,-3.603515625
0.614,1.76171875,1.681640625,-3.8837890625
0.6145,2.2822265625,1.201171875,-3.8837890625
0.615,2.642578125,0.7607421875,-3.8037109375
0.6155,2.8427734375,0.240234375,-3.5634765625
0.616,2.8828125,-0.4404296875,-2.962890625
0.6165,3.0029296875,-1.2412109375,-2.3623046875
0.617,3.1630859375,-1.921875,-1.8017578125
0.6175,3.1630859375,-2.4423828125,-1.28125
0.618,3.0830078125,-2.7626953125,-0.80078125
0.6185,2.5625,-2.8828125,-0.2001953125
0.619,2.0419921875,-3.123046875,0.560546875
0.6195,1.4013671875,-3.36328125,1.44140625
0.62,0.880859375,-3.36328125,1.9619140625
0.6205,0.4404296875,-3.36328125,2.40234375
0.621,0.0,-3.203125,2.6826171875
0.6215,-0.720703125,-2.6025390625,2.8427734375
0.622,-1.4814453125,-2.1220703125,3.04296875
0.6225,-2.1220703125,-1.6015625,3.1630859375
0.623,-2.5625,-1.1611328125,3.203125
0.6235,-2.802734375,-0.8408203125,3.04296875
0.624,-2.8828125,-0.3203125,2.642578125
0.6245,-3.0029296875,0.2802734375,2.162109375
0.625,-3.1630859375,1.0810546875,1.6015625
0.6255,-3.2431640625,1.6416015625,1.12109375
0.626,-3.2431640625,2.2021484375,0.640625
0.6265,-3.203125,2.5224609375,0.240234375
0.627,-2.642578125,2.642578125,-0.400390625
0.6275,-2.2021484375,2.8828125,-1.1611328125
0.628,-1.6015625,3.123046875,-1.9619140625
0.6285,-1.12109375,3.1630859375,-2.5224609375
0.629,-0.6806640625,3.1630859375,-2.9228515625
0.6295,-0.2001953125,2.962890625,-3.203125
0.63,0.560546875,2.482421875,-3.443359375
0.6305,1.3212890625,1.9619140625,-3.68359375
0.631,1.921875,1.4814453125,-3.84375
0.6315,2.4423828125,0.9609375,-3.84375
0.632,2.642578125,0.560546875,-3.7236328125
0.6325,2.72265625,0.0,-3.203125
0.633,2.9228515625,-0.640625,-2.72265625
0.6335,3.123046875,-1.44140625,-2.1220703125
0.634,3.1630859375,-2.0419921875,-1.6015625
0.6345,3.123046875,-2.482421875,-1.1611328125
0.635,2.8828125,-2.802734375,-0.640625
0.6355,2.3623046875,-2.9228515625,0.080078125
0.636,1.76171875,-3.203125,0.880859375
0.6365,1.2412109375,-3.36328125,1.5615234375
0.637,0.7607421875,-3.443359375,2.162109375
0.6375,0.3203125,-3.36328125,2.482421875
0.638,-0.3203125,-2.9228515625,2.6826171875
0.6385,-1.041015625,-2.4423828125,2.962890625
0.639,-1.8818359375,-1.8818359375,3.1630859375
0.6395,-2.2822265625,-1.4814453125,3.1630859375
0.64,-2.642578125,-1.041015625,3.123046875
0.6405,-2.8427734375,-0.640625,2.8427734375
0.641,-2.8828125,0.0400390625,2.322265625
0.6415,-3.0830078125,0.720703125,1.8818359375
0.642,-3.2431640625,1.44140625,1.3212890625
0.6425,-3.2431640625,1.9619140625,0.8408203125
0.643,-3.1630859375,2.322265625,0.400390625
0.6435,-2.8427734375,2.5224609375,-0.16015625
0.644,-2.3623046875,2.72265625,-0.8408203125
0.6445,-1.8017578125,3.0029296875,-1.6416015625
0.645,-1.28125,3.0830078125,-2.2421875
0.6455,-0.80078125,3.1630859375,-2.7626953125
0.646,-0.400390625,3.04296875,-3.0830078125
0.6465,0.2802734375,2.5625,-3.2431640625
0.647,1.0009765625,2.162109375,-3.5634765625
0.6475,1.76171875,1.5615234375,-3.763671875
0.648,2.2421875,1.12109375,-3.8037109375
0.6485,2.5224609375,0.6806640625,-3.7236328125
0.649,2.6826171875,0.2802734375,-3.36328125
0.6495,2.802734375,-0.400390625,-2.8828125
0.65,3.0029296875,-1.1611328125,-2.322265625
0.6505,3.123046875,-1.8017578125,-1.8017578125
0.651,3.1630859375,-2.322265625,-1.28125
0.6515,3.0029296875,-2.6826171875,-0.880859375
0.652,2.5224609375,-2.8427734375,-0.240234375
0.6525,2.0419921875,-3.123046875,0.560546875
0.653,1.4013671875,-3.283203125,1.361328125
0.6535,0.9609375,-3.36328125,1.921875
0.654,0.5205078125,-3.4033203125,2.40234375
0.6545,0.0,-3.1630859375,2.642578125
0.655,-0.80078125,-2.6025390625,2.8427734375
0.6555,-1.5615234375,-2.162109375,3.123046875
0.656,-2.2421875,-1.6015625,3.203125
0.6565,-2.6025390625,-1.2412109375,3.2431640625
0.657,-2.802734375,-0.720703125,3.0029296875
0.6575,-2.9228515625,-0.2001953125,2.5625
0.658,-3.0830078125,0.5205078125,2.0419921875
0.6585,-3.2431640625,1.3212890625,1.4814453125
0.659,-3.283203125,1.8818359375,1.0009765625
0.6595,-3.2431640625,2.322265625,0.48046875
0.66,-3.0029296875,2.5224609375,0.0400390625
0.6605,-2.4423828125,2.6826171875,-0.6806640625
0.661,-1.9619140625,3.0029296875,-1.4814453125
0.6615,-1.3212890625,3.123046875,-2.2021484375
0.662,-0.9208984375,3.1630859375,-2.72265625
0.6625,-0.48046875,3.04296875,-3.0830078125
0.663,0.1201171875,2.72265625,-3.2431640625
0.6635,0.9208984375,2.1220703125,-3.4833984375
0.664,1.6416015625,1.6416015625,-3.7236328125
0.6645,2.08203125,1.1611328125,-3.763671875
0.665,2.5224609375,0.80078125,-3.7236328125
0.6655,2.6025390625,0.3603515625,-3.4033203125
0.666,2.6826171875,-0.2802734375,-2.8828125
0.6665,2.9228515625,-0.9208984375,-2.482421875
0.667,3.04296875,-1.681640625,-1.8818359375
0.6675,3.0830078125,-2.1220703125,-1.44140625
0.668,3.0029296875,-2.5625,-1.0009765625
0.6685,2.6826171875,-2.72265625,-0.48046875
0.669,2.162109375,-2.9228515625,0.2802734375
0.6695,1.6015625,-3.203125,1.041015625
0.67,1.12109375,-3.283203125,1.6416015625
0.6705,0.6806640625,-3.36328125,2.2021484375
0.671,0.2001953125,-3.203125,2.482421875
0.6715,-0.48046875,-2.8828125,2.642578125
0.672,-1.1611328125,-2.40234375,2.962890625
0.6725,-1.8818359375,-1.8818359375,3.123046875
0.673,-2.322265625,-1.44140625,3.1630859375
0.6735,-2.6826171875,-1.0009765625,3.123046875
0.674,-2.802734375,-0.5205078125,2.802734375
0.6745,-2.8828125,0.1201171875,2.2421875
0.675,-3.1630859375,0.8408203125,1.841796875
0.6755,-3.283203125,1.5615234375,1.28125
0.676,-3.283203125,2.0419921875,0.80078125
0.6765,-3.123046875,2.40234375,0.2802734375
0.677,-2.72265625,2.5625,-0.3203125
0.6775,-2.2021484375,2.8427734375,-1.041015625
0.678,-1.6416015625,3.04296875,-1.8017578125
0.6785,-1.1611328125,3.123046875,-2.40234375
0.679,-0.720703125,3.203125,-2.8828125
0.6795,-0.2001953125,2.8427734375,-3.1630859375
0.68,0.560546875,2.3623046875,-3.36328125
0.6805,1.28125,1.921875,-3.68359375
0.681,1.921875,1.4013671875,-3.763671875
0.6815,2.2822265625,1.041015625,-3.7236328125
0.682,2.5625,0.560546875,-3.5634765625
0.6825,2.6826171875,0.0400390625,-3.1630859375
0.683,2.8427734375,-0.640625,-2.6025390625
0.6835,3.0029296875,-1.361328125,-2.08203125
0.684,3.04296875,-1.9619140625,-1.6015625
0.6845,3.04296875,-2.4423828125,-1.1611328125
0.685,2.7626953125,-2.642578125,-0.640625
0.6855,2.2822265625,-2.8427734375,0.0400390625
0.686,1.8017578125,-3.123046875,0.80078125
0.6865,1.2412109375,-3.2431640625,1.521484375
0.687,0.80078125,-3.283203125,1.9619140625
0.6875,0.3603515625,-3.283203125,2.40234375
0.688,-0.2001953125,-2.962890625,2.6025390625
0.6885,-1.0009765625,-2.4423828125,2.7626953125
0.689,-1.6416015625,-1.9619140625,3.04296875
0.6895,-2.2021484375,-1.44140625,3.123046875
0.69,-2.5625,-1.1611328125,3.123046875
0.6905,-2.72265625,-0.640625,2.802734375
0.691,-2.8427734375,-0.080078125,2.40234375
0.6915,-3.0830078125,0.6005859375,1.9619140625
0.692,-3.203125,1.28125,1.4013671875
0.6925,-3.2431640625,1.841796875,0.9609375
0.693,-3.203125,2.2822265625,0.48046875
0.6935,-2.8828125,2.5224609375,0.0
0.694,-2.40234375,2.6826171875,-0.80078125
0.6945,-1.921875,3.04296875,-1.5615234375
0.695,-1.3212890625,3.1630859375,-2.2421875
0.6955,-0.9208984375,3.1630859375,-2.7626953125
0.696,-0.400390625,3.0029296875,-3.0830078125
0.6965,0.240234375,2.6025390625,-3.36328125
0.697,1.12109375,2.08203125,-3.603515625
0.6975,1.8017578125,1.6015625,-3.8037109375
0.698,2.2421875,1.12109375,-3.84375
0.6985,2.642578125,0.720703125,-3.763671875
0.699,2.6826171875,0.2001953125,-3.283203125
0.6995,2.8427734375,-0.5205078125,-2.7626953125
0.7,3.0830078125,-1.3212890625,-2.2822265625
0.7005,3.1630859375,-2.001953125,-1.681640625
0.701,3.123046875,-2.4423828125,-1.2412109375
0.7015,2.9228515625,-2.7626953125,-0.720703125
0.702,2.482421875,-2.9228515625,0.0
0.7025,1.841796875,-3.1630859375,0.80078125
0.703,1.28125,-3.283203125,1.5615234375
0.7035,0.7607421875,-3.4033203125,2.08203125
0.704,0.3603515625,-3.443359375,2.5224609375
0.7045,-0.2802734375,-2.962890625,2.6826171875
0.705,-1.0009765625,-2.4423828125,2.9228515625
0.7055,-1.8017578125,-1.921875,3.1630859375
0.706,-2.322265625,-1.4013671875,3.203125
0.7065,-2.6826171875,-1.0009765625,3.1630859375
0.707,-2.8828125,-0.6005859375,2.962890625
0.7075,-2.962890625,0.0,2.482421875
0.708,-3.0830078125,0.6806640625,1.8818359375
0.7085,-3.203125,1.4013671875,1.4013671875
0.709,-3.283203125,2.001953125,0.8408203125
0.7095,-3.2431640625,2.3623046875,0.4404296875
0.71,-2.8828125,2.5625,-0.16015625
0.7105,-2.4423828125,2.7626953125,-0.80078125
0.711,-1.841796875,3.04296875,-1.6015625
0.7115,-1.28125,3.0830078125,-2.2822265625
0.712,-0.8408203125,3.1630859375,-2.802734375
0.7125,-0.400390625,3.1630859375,-3.203125
0.713,0.2802734375,2.6826171875,-3.36328125
0.7135,1.0009765625,2.162109375,-3.5634765625
0.714,1.76171875,1.6416015625,-3.8037109375
0.7145,2.322265625,1.12109375,-3.8837890625
0.715,2.6025390625,0.7607421875,-3.8037109375
0.7155,2.802734375,0.240234375,-3.4833984375
0.716,2.8828125,-0.400390625,-2.962890625
0.7165,3.0830078125,-1.201171875,-2.3623046875
0.717,3.203125,-1.8818359375,-1.8017578125
0.7175,3.203125,-2.4423828125,-1.28125
0.718,3.1630859375,-2.8427734375,-0.8408203125
0.7185,2.6025390625,-2.962890625,-0.2001953125
0.719,2.08203125,-3.203125,0.6005859375
0.7195,1.4013671875,-3.443359375,1.4814453125
0.72,0.9208984375,-3.5234375,2.0419921875
0.7205,0.4404296875,-3.443359375,2.5224609375
0.721,-0.080078125,-3.2431640625,2.802734375
0.7215,-0.880859375,-2.642578125,2.962890625
0.722,-1.681640625,-2.08203125,3.203125
0.7225,-2.322265625,-1.5615234375,3.3232421875
0.723,-2.7626953125,-1.0810546875,3.283203125
0.7235,-2.962890625,-0.6806640625,3.123046875
0.724,-2.962890625,-0.16015625,2.5625
0.7245,-3.0830078125,0.560546875,2.0419921875
0.725,-3.2431640625,1.4013671875,1.44140625
0.7255,-3.283203125,1.921875,0.9609375
0.726,-3.203125,2.322265625,0.48046875
0.7265,-3.0830078125,2.642578125,0.0400390625
0.727,-2.5224609375,2.72265625,-0.640625
0.7275,-1.9619140625,2.8828125,-1.44140625
0.728,-1.361328125,3.04296875,-2.2021484375
0.7285,-0.9208984375,3.1630859375,-2.72265625
0.729,-0.5205078125,3.123046875,-3.0830078125
0.7295,0.0400390625,2.802734375,-3.2431640625
0.73,0.7607421875,2.322265625,-3.4833984375
0.7305,1.5615234375,1.76171875,-3.7236328125
0.731,2.0419921875,1.28125,-3.8037109375
0.7315,2.5224609375,0.8408203125,-3.763671875
0.732,2.72265625,0.48046875,-3.603515625
0.7325,2.7626953125,-0.16015625,-3.0830078125
0.733,2.9228515625,-0.80078125,-2.6025390625
0.7335,3.123046875,-1.5615234375,-2.0419921875
0.734,3.1630859375,-2.162109375,-1.4814453125
0.7345,3.0830078125,-2.5625,-1.0810546875
0.735,2.8427734375,-2.8427734375,-0.5205078125
0.7355,2.3623046875,-3.04296875,0.1201171875
0.736,1.76171875,-3.283203125,0.9609375
0.7365,1.201171875,-3.36328125,1.6416015625
0.737,0.720703125,-3.4833984375,2.2421875
0.7375,0.2802734375,-3.4033203125,2.6025390625
0.738,-0.3603515625,-2.962890625,2.7626953125
0.7385,-1.1611328125,-2.482421875,3.04296875
0.739,-1.9619140625,-1.841796875,3.283203125
0.7395,-2.4423828125,-1.361328125,3.283203125
0.74,-2.802734375,-0.9609375,3.203125
0.7405,-2.962890625,-0.48046875,2.9228515625
0.741,-3.04296875,0.2001953125,2.3623046875
0.7415,-3.203125,0.9609375,1.8017578125
0.742,-3.36328125,1.681640625,1.2412109375
0.7425,-3.4033203125,2.2421875,0.720703125
0.743,-3.203125,2.5625,0.240234375
0.7435,-2.7626953125,2.6826171875,-0.400390625
0.744,-2.2421875,2.8828125,-1.1611328125
0.7445,-1.5615234375,3.1630859375,-2.0419921875
0.745,-1.041015625,3.203125,-2.5625
0.7455,-0.640625,3.2431640625,-3.0830078125
0.746,-0.16015625,3.04296875,-3.283203125
0.7465,0.6005859375,2.40234375,-3.443359375
0.747,1.4013671875,1.921875,-3.7236328125
0.7475,2.08203125,1.28125,-3.8037109375
0.748,2.482421875,0.9208984375,-3.8037109375
0.7485,2.6826171875,0.48046875,-3.5634765625
0.749,2.72265625,0.0,-3.1630859375
0.7495,2.8427734375,-0.6806640625,-2.6025390625
0.75,3.0029296875,-1.4814453125,-2.0419921875
0.7505,3.0830078125,-2.001953125,-1.5615234375
0.751,3.1630859375,-2.4423828125,-1.0810546875
0.7515,2.8828125,-2.8427734375,-0.640625
0.752,2.3623046875,-2.9228515625,0.0
0.7525,1.921875,-3.1630859375,0.7607421875
0.753,1.2412109375,-3.283203125,1.521484375
0.7535,0.80078125,-3.36328125,2.0419921875
0.754,0.3603515625,-3.36328125,2.482421875
0.7545,-0.16015625,-3.0830078125,2.6826171875
0.755,-0.880859375,-2.5625,2.8828125
0.7555,-1.6416015625,-2.08203125,3.1630859375
0.756,-2.2021484375,-1.6015625,3.203125
0.7565,-2.642578125,-1.1611328125,3.2431640625
0.757,-2.8828125,-0.720703125,3.04296875
0.7575,-2.9228515625,-0.16015625,2.5625
0.758,-3.1630859375,0.5205078125,2.1220703125
0.7585,-3.283203125,1.3212890625,1.521484375
0.759,-3.4833984375,1.76171875,1.0009765625
0.7595,-3.283203125,2.3623046875,0.48046875
0.76,-3.0830078125,2.5625,0.0
0.7605,-2.482421875,2.72265625,-0.7607421875
0.761,-1.9619140625,3.0830078125,-1.5615234375
0.7615,-1.3212890625,3.1630859375,-2.2822265625
0.762,-0.9208984375,3.3232421875,-2.802734375
0.7625,-0.400390625,3.1630859375,-3.1630859375
0.763,0.240234375,2.72265625,-3.36328125
0.7635,1.041015625,2.162109375,-3.6435546875
0.764,1.841796875,1.6015625,-3.84375
0.7645,2.2822265625,1.12109375,-3.84375
0.765,2.642578125,0.720703125,-3.8037109375
0.7655,2.7626953125,0.240234375,-3.4033203125
0.766,2.802734375,-0.4404296875,-2.8427734375
0.7665,3.04296875,-1.1611328125,-2.322265625
0.767,3.203125,-1.921875,-1.76171875
0.7675,3.1630859375,-2.4423828125,-1.28125
0.768,3.0029296875,-2.8427734375,-0.9208984375
0.7685,2.5625,-2.8427734375,-0.2802734375
0.769,1.9619140625,-3.0830078125,0.560546875
0.7695,1.4013671875,-3.2431640625,1.3212890625
0.77,0.880859375,-3.283203125,1.921875
0.7705,0.48046875,-3.36328125,2.3623046875
0.771,0.0,-3.123046875,2.5625
0.7715,-0.640625,-2.6025390625,2.72265625
0.772,-1.4013671875,-2.162109375,3.04296875
0.7725,-2.08203125,-1.6015625,3.1630859375
0.773,-2.4423828125,-1.2412109375,3.1630859375
0.7735,-2.72265625,-0.80078125,3.0029296875
0.774,-2.8427734375,-0.400390625,2.6826171875
0.7745,-2.9228515625,0.2802734375,2.162109375
0.775,-3.1630859375,0.9609375,1.7216796875
0.7755,-3.203125,1.5615234375,1.1611328125
0.776,-3.1630859375,2.1220703125,0.6005859375
0.7765,-3.0830078125,2.40234375,0.240234375
0.777,-2.642578125,2.6025390625,-0.400390625
0.7775,-2.2421875,2.8828125,-1.12109375
0.778,-1.6015625,3.04296875,-1.8818359375
0.7785,-1.1611328125,3.1630859375,-2.4423828125
0.779,-0.6806640625,3.203125,-2.9228515625
0.7795,-0.2001953125,2.9228515625,-3.203125
0.78,0.560546875,2.40234375,-3.4033203125
0.7805,1.3212890625,2.001953125,-3.7236328125
0.781,2.001953125,1.4013671875,-3.84375
0.7815,2.4423828125,1.0009765625,-3.8837890625
0.782,2.642578125,0.560546875,-3.603515625
0.7825,2.802734375,0.0,-3.203125
0.783,2.9228515625,-0.8408203125,-2.642578125
0.7835,3.1630859375,-1.6416015625,-2.0419921875
0.784,3.203125,-2.2021484375,-1.5615234375
0.7845,3.1630859375,-2.642578125,-1.041015625
0.785,2.802734375,-2.8828125,-0.5205078125
0.7855,2.2421875,-3.04296875,0.2802734375
0.786,1.6416015625,-3.3232421875,1.1611328125
0.7865,1.041015625,-3.4033203125,1.8818359375
0.787,0.6005859375,-3.443359375,2.322265625
0.7875,0.1201171875,-3.283203125,2.642578125
0.788,-0.6005859375,-2.8427734375,2.8427734375
0.7885,-1.44140625,-2.2021484375,3.04296875
0.789,-2.08203125,-1.681640625,3.203125
0.7895,-2.5625,-1.201171875,3.203125
0.79,-2.8427734375,-0.8408203125,3.1630859375
0.7905,-2.8828125,-0.3203125,2.6826171875
0.791,-2.962890625,0.2802734375,2.162109375
0.7915,-3.203125,1.0009765625,1.6416015625
0.792,-3.283203125,1.681640625,1.041015625
0.7925,-3.203125,2.162109375,0.640625
0.793,-3.123046875,2.5224609375,0.16015625
0.7935,-2.72265625,2.642578125,-0.400390625
0.794,-2.08203125,2.8427734375,-1.1611328125
0.7945,-1.6015625,3.0830078125,-1.921875
0.795,-1.041015625,3.123046875,-2.5224609375
0.7955,-0.640625,3.203125,-2.962890625
0.796,-0.16015625,2.8828125,-3.203125
0.7965,0.560546875,2.482421875,-3.4033203125
0.797,1.3212890625,1.921875,-3.68359375
0.7975,1.921875,1.44140625,-3.8037109375
0.798,2.40234375,1.0009765625,-3.8037109375
0.7985,2.72265625,0.6005859375,-3.7236328125
0.799,2.802734375,0.0400390625,-3.283203125
0.7995,2.8828125,-0.6806640625,-2.72265625
0.8,3.123046875,-1.44140625,-2.2421875
0.8005,3.203125,-2.08203125,-1.6015625
0.801,3.1630859375,-2.5625,-1.201171875
0.8015,2.962890625,-2.8828125,-0.640625
0.802,2.482421875,-3.04296875,0.0
0.8025,1.8818359375,-3.2431640625,0.880859375
0.803,1.28125,-3.4033203125,1.6015625
0.8035,0.7607421875,-3.4833984375,2.2021484375
0.804,0.3203125,-3.5234375,2.642578125
0.8045,-0.3603515625,-3.04296875,2.8427734375
0.805,-1.1611328125,-2.4423828125,3.04296875
0.8055,-1.9619140625,-1.921875,3.283203125
0.806,-2.5224609375,-1.4013671875,3.3232421875
0.8065,-2.802734375,-1.0009765625,3.2431640625
0.807,-3.0029296875,-0.5205078125,2.962890625
0.8075,-3.0830078125,0.1201171875,2.40234375
0.808,-3.1630859375,0.8408203125,1.76171875
0.8085,-3.3232421875,1.5615234375,1.28125
0.809,-3.36328125,2.162109375,0.720703125
0.8095,-3.2431640625,2.5224609375,0.3203125
0.81,-2.802734375,2.642578125,-0.3203125
0.8105,-2.2822265625,2.8427734375,-1.0009765625
0.811,-1.681640625,3.0830078125,-1.841796875
0.8115,-1.1611328125,3.123046875,-2.4423828125
0.812,-0.6806640625,3.123046875,-2.8828125
0.8125,-0.3203125,3.04296875,-3.203125
0.813,0.400390625,2.5224609375,-3.36328125
0.8135,1.12109375,1.9619140625,-3.5634765625
0.814,1.8017578125,1.521484375,-3.763671875
0.8145,2.2822265625,1.041015625,-3.763671875
0.815,2.6025390625,0.640625,-3.7236328125
0.8155,2.6826171875,0.1201171875,-3.3232421875
0.816,2.802734375,-0.48046875,-2.8828125
0.8165,2.962890625,-1.1611328125,-2.2822265625
0.817,3.0830078125,-1.8017578125,-1.8017578125
0.8175,3.123046875,-2.2822265625,-1.3212890625
0.818,3.04296875,-2.72265625,-0.8408203125
0.8185,2.5625,-2.8427734375,-0.2802734375
0.819,2.08203125,-3.0830078125,0.48046875
0.8195,1.521484375,-3.2431640625,1.2412109375
0.82,1.0009765625,-3.36328125,1.841796875
0.8205,0.6005859375,-3.4033203125,2.2822265625
0.821,0.1201171875,-3.203125,2.6025390625
0.8215,-0.640625,-2.7626953125,2.8427734375
0.822,-1.361328125,-2.2421875,3.04296875
0.8225,-2.001953125,-1.76171875,3.203125
0.823,-2.5625,-1.3212890625,3.203125
0.8235,-2.802734375,-1.0009765625,3.1630859375
0.824,-2.8828125,-0.3603515625,2.642578125
0.8245,-3.04296875,0.3203125,2.2021484375
0.825,-3.2431640625,1.12109375,1.6416015625
0.8255,-3.3232421875,1.76171875,1.12109375
0.826,-3.283203125,2.2021484375,0.6806640625
0.8265,-3.1630859375,2.5224609375,0.16015625
0.827,-2.6025390625,2.642578125,-0.5205078125
0.8275,-2.0419921875,2.9228515625,-1.3212890625
0.828,-1.521484375,3.123046875,-2.0419921875
0.8285,-1.041015625,3.203125,-2.6025390625
0.829,-0.640625,3.1630859375,-3.0029296875
0.8295,0.0,2.802734375,-3.203125
0.83,0.720703125,2.322265625,-3.4833984375
0.8305,1.5615234375,1.76171875,-3.7236328125
0.831,2.08203125,1.28125,-3.8037109375
0.8315,2.4423828125,0.80078125,-3.763671875
0.832,2.6826171875,0.400390625,-3.5634765625
0.8325,2.72265625,-0.2001953125,-3.0029296875
0.833,2.8828125,-0.9208984375,-2.482421875
0.8335,3.04296875,-1.6015625,-1.9619140625
0.834,3.123046875,-2.2021484375,-1.44140625
0.8345,3.04296875,-2.5625,-1.0009765625
0.835,2.6826171875,-2.7626953125,-0.48046875
0.8355,2.2021484375,-2.962890625,0.240234375
0.836,1.6015625,-3.203125,1.0810546875
0.8365,1.0810546875,-3.283203125,1.681640625
0.837,0.640625,-3.36328125,2.2021484375
0.8375,0.240234375,-3.283203125,2.5625
0.838,-0.4404296875,-2.802734375,2.6826171875
0.8385,-1.1611328125,-2.322265625,2.962890625
0.839,-1.921875,-1.8017578125,3.1630859375
0.8395,-2.3623046875,-1.4013671875,3.1630859375
0.84,-2.6826171875,-1.0009765625,3.0830078125
0.8405,-2.8427734375,-0.5205078125,2.802734375
0.841,-2.9228515625,0.1201171875,2.2822265625
0.8415,-3.123046875,0.8408203125,1.76171875
0.842,-3.2431640625,1.521484375,1.28125
0.8425,-3.283203125,2.0419921875,0.7607421875
0.843,-3.203125,2.40234375,0.3603515625
0.8435,-2.72265625,2.5625,-0.2802734375
0.844,-2.2822265625,2.8427734375,-1.0009765625
0.8445,-1.681640625,3.04296875,-1.8017578125
0.845,-1.201171875,3.1630859375,-2.3623046875
0.8455,-0.7607421875,3.1630859375,-2.8828125
0.846,-0.3203125,3.0029296875,-3.1630859375
0.8465,0.4404296875,2.482421875,-3.36328125
0.847,1.201171875,1.9619140625,-3.603515625
0.8475,1.8818359375,1.44140625,-3.8037109375
0.848,2.322265625,1.0009765625,-3.84375
0.8485,2.6025390625,0.640625,-3.68359375
0.849,2.6826171875,0.1201171875,-3.203125
0.8495,2.8427734375,-0.6005859375,-2.7626953125
0.85,3.04296875,-1.4013671875,-2.162109375
0.8505,3.1630859375,-1.9619140625,-1.6416015625
0.851,3.123046875,-2.4423828125,-1.1611328125
0.8515,2.9228515625,-2.7626953125,-0.6806640625
0.852,2.3623046875,-2.8828125,0.0
0.8525,1.841796875,-3.1630859375,0.80078125
0.853,1.2412109375,-3.283203125,1.5615234375
0.8535,0.80078125,-3.4033203125,2.08203125
0.854,0.3203125,-3.3232421875,2.482421875
0.8545,-0.240234375,-3.0029296875,2.6826171875
0.855,-1.0009765625,-2.5224609375,2.8828125
0.8555,-1.76171875,-1.9619140625,3.123046875
0.856,-2.2822265625,-1.521484375,3.123046875
0.8565,-2.642578125,-1.041015625,3.1630859375
0.857,-2.8427734375,-0.640625,2.9228515625
0.8575,-2.8828125,0.0,2.3623046875
0.858,-3.0830078125,0.640625,1.921875
0.8585,-3.203125,1.4013671875,1.361328125
0.859,-3.2431640625,1.921875,0.9208984375
0.8595,-3.203125,2.2822265625,0.4404296875
0.86,-2.9228515625,2.5224609375,0.0
0.8605,-2.3623046875,2.6826171875,-0.7607421875
0.861,-1.8818359375,2.962890625,-1.5615234375
0.8615,-1.3212890625,3.04296875,-2.162109375
0.862,-0.9208984375,3.1630859375,-2.72265625
0.8625,-0.48046875,3.04296875,-3.04296875
0.863,0.1201171875,2.6025390625,-3.203125
0.8635,0.880859375,2.162109375,-3.5234375
0.864,1.6015625,1.6015625,-3.7236328125
0.8645,2.0419921875,1.28125,-3.7236328125
0.865,2.482421875,0.80078125,-3.68359375
0.8655,2.5625,0.3603515625,-3.4033203125
0.866,2.6826171875,-0.2802734375,-2.8828125
0.8665,2.9228515625,-1.0009765625,-2.4423828125
0.867,3.04296875,-1.681640625,-1.921875
0.8675,3.123046875,-2.2421875,-1.4013671875
0.868,3.04296875,-2.5625,-1.0009765625
0.8685,2.6025390625,-2.802734375,-0.3603515625
0.869,2.162109375,-3.04296875,0.3603515625
0.8695,1.5615234375,-3.2431640625,1.201171875
0.87,1.041015625,-3.36328125,1.76171875
0.8705,0.6005859375,-3.443359375,2.2822265625
0.871,0.1201171875,-3.203125,2.5224609375
0.8715,-0.6005859375,-2.72265625,2.6826171875
0.872,-1.361328125,-2.2822265625,3.04296875
0.8725,-2.0419921875,-1.681640625,3.1630859375
0.873,-2.482421875,-1.28125,3.203125
0.8735,-2.72265625,-0.8408203125,3.04296875
0.874,-2.8427734375,-0.3203125,2.642578125
0.8745,-2.962890625,0.3603515625,2.1220703125
0.875,-3.203125,1.12109375,1.5615234375
0.8755,-3.2431640625,1.76171875,1.12109375
0.876,-3.2431640625,2.2421875,0.6005859375
0.8765,-3.0830078125,2.482421875,0.16015625
0.877,-2.5224609375,2.6025390625,-0.5205078125
0.8775,-2.0419921875,2.9228515625,-1.28125
0.878,-1.44140625,3.0830078125,-2.08203125
0.8785,-1.0009765625,3.1630859375,-2.5625
0.879,-0.6005859375,3.0830078125,-2.962890625
0.8795,0.0,2.7626953125,-3.203125
0.88,0.720703125,2.2021484375,-3.4033203125
0.8805,1.44140625,1.76171875,-3.68359375
0.881,2.0419921875,1.28125,-3.7236328125
0.8815,2.4423828125,0.9208984375,-3.763671875
0.882,2.6025390625,0.48046875,-3.4833984375
0.8825,2.6826171875,-0.16015625,-3.0029296875
0.883,2.9228515625,-0.8408203125,-2.5625
0.8835,3.04296875,-1.6416015625,-1.9619140625
0.884,3.1630859375,-2.162109375,-1.4814453125
0.8845,3.123046875,-2.6025390625,-1.0009765625
0.885,2.7626953125,-2.802734375,-0.5205078125
0.8855,2.2021484375,-2.962890625,0.2802734375
0.886,1.7216796875,-3.2431640625,1.0810546875
0.8865,1.0810546875,-3.36328125,1.76171875
0.887,0.640625,-3.5634765625,2.2421875
0.8875,0.16015625,-3.3232421875,2.6025390625
0.888,-0.5205078125,-2.9228515625,2.802734375
0.8885,-1.3212890625,-2.2822265625,3.04296875
0.889,-2.0419921875,-1.76171875,3.2431640625
0.8895,-2.5224609375,-1.28125,3.2431640625
0.89,-2.8828125,-0.9208984375,3.203125
0.8905,-2.9228515625,-0.3603515625,2.802734375
0.891,-2.962890625,0.3203125,2.2021484375
0.8915,-3.203125,1.0810546875,1.7216796875
0.892,-3.36328125,1.8017578125,1.12109375
0.8925,-3.36328125,2.2421875,0.640625
0.893,-3.1630859375,2.5625,0.1201171875
0.8935,-2.72265625,2.72265625,-0.48046875
0.894,-2.08203125,2.9228515625,-1.3212890625
0.8945,-1.521484375,3.123046875,-2.08203125
0.895,-1.0009765625,3.1630859375,-2.642578125
0.8955,-0.6005859375,3.203125,-3.123046875
0.896,0.0,2.802734375,-3.3232421875
0.8965,0.720703125,2.322265625,-3.4833984375
0.897,1.521484375,1.8017578125,-3.7236328125
0.8975,2.1220703125,1.28125,-3.84375
0.898,2.482421875,0.880859375,-3.763671875
0.8985,2.72265625,0.4404296875,-3.603515625
0.899,2.802734375,-0.1201171875,-3.1630859375
0.8995,2.8427734375,-0.8408203125,-2.5224609375
0.9,3.123046875,-1.5615234375,-2.001953125
0.9005,3.1630859375,-2.2021484375,-1.44140625
0.901,3.123046875,-2.6025390625,-1.041015625
0.9015,2.802734375,-2.8427734375,-0.5205078125
0.902,2.3623046875,-3.04296875,0.16015625
0.9025,1.7216796875,-3.2431640625,1.0009765625
0.903,1.12109375,-3.4033203125,1.681640625
0.9035,0.640625,-3.4833984375,2.2421875
0.904,0.240234375,-3.4833984375,2.6025390625
0.9045,-0.400390625,-2.962890625,2.802734375
0.905,-1.1611328125,-2.40234375,3.0029296875
0.9055,-1.921875,-1.921875,3.2431640625
0.906,-2.482421875,-1.361328125,3.3232421875
0.9065,-2.8427734375,-1.0009765625,3.2431640625
0.907,-3.0029296875,-0.5205078125,2.9228515625
0.9075,-3.0830078125,0.1201171875,2.4423828125
0.908,-3.203125,0.9208984375,1.841796875
0.9085,-3.36328125,1.6015625,1.28125
0.909,-3.36328125,2.2421875,0.720703125
0.9095,-3.36328125,2.6025390625,0.2802734375
0.91,-2.8427734375,2.72265625,-0.3203125
0.9105,-2.2822265625,2.9228515625,-1.0810546875
0.911,-1.681640625,3.1630859375,-1.9619140625
0.9115,-1.12109375,3.203125,-2.6025390625
0.912,-0.6806640625,3.1630859375,-3.0830078125
0.9125,-0.2001953125,3.0830078125,-3.3232421875
0.913,0.560546875,2.5625,-3.5234375
0.9135,1.361328125,1.921875,-3.68359375
0.914,2.001953125,1.4013671875,-3.84375
0.9145,2.482421875,0.9208984375,-3.84375
0.915,2.7626953125,0.6005859375,-3.7236328125
0.9155,2.802734375,0.0,-3.203125
0.916,2.8427734375,-0.640625,-2.72265625
0.9165,3.04296875,-1.44140625,-2.1220703125
0.917,3.1630859375,-2.08203125,-1.6015625
0.9175,3.123046875,-2.5224609375,-1.12109375
0.918,3.0029296875,-2.8828125,-0.640625
0.9185,2.482421875,-2.962890625,0.0
0.919,1.841796875,-3.203125,0.7607421875
0.9195,1.28125,-3.36328125,1.521484375
0.92,0.7607421875,-3.4833984375,2.08203125
0.9205,0.3603515625,-3.4033203125,2.5224609375
0.921,-0.16015625,-3.0830078125,2.6826171875
0.9215,-0.8408203125,-2.6025390625,2.8828125
0.922,-1.681640625,-2.001953125,3.1630859375
0.9225,-2.2421875,-1.5615234375,3.203125
0.923,-2.642578125,-1.0810546875,3.203125
0.9235,-2.9228515625,-0.6806640625,3.0830078125
0.924,-2.9228515625,-0.16015625,2.5625
0.9245,-3.0830078125,0.560546875,2.0419921875
0.925,-3.283203125,1.28125,1.5615234375
0.9255,-3.3232421875,1.921875,0.9609375
0.926,-3.283203125,2.322265625,0.5205078125
0.9265,-3.0830078125,2.6025390625,0.0
0.927,-2.5625,2.72265625,-0.640625
0.9275,-1.9619140625,3.0029296875,-1.4814453125
0.928,-1.44140625,3.0830078125,-2.2421875
0.9285,-0.9208984375,3.2431640625,-2.7626953125
0.929,-0.5205078125,3.2431640625,-3.1630859375
0.9295,0.1201171875,2.7626953125,-3.283203125
0.93,0.880859375,2.2822265625,-3.5634765625
0.9305,1.681640625,1.681640625,-3.8037109375
0.931,2.2021484375,1.2412109375,-3.84375
0.9315,2.5625,0.80078125,-3.8037109375
0.932,2.7626953125,0.3603515625,-3.5634765625
0.9325,2.8427734375,-0.3203125,-3.0029296875
0.933,3.0029296875,-1.041015625,-2.40234375
0.9335,3.1630859375,-1.76171875,-1.921875
0.934,3.1630859375,-2.3623046875,-1.3212890625
0.9345,3.123046875,-2.72265625,-0.9208984375
0.935,2.642578125,-2.8828125,-0.3203125
0.9355,2.162109375,-3.123046875,0.3603515625
0.936,1.4814453125,-3.36328125,1.28125
0.9365,0.9609375,-3.36328125,1.8818359375
0.937,0.5205078125,-3.36328125,2.3623046875
0.9375,0.1201171875,-3.283203125,2.6826171875
0.938,-0.640625,-2.72265625,2.802734375
0.9385,-1.361328125,-2.2021484375,3.04296875
0.939,-2.08203125,-1.6416015625,3.1630859375
0.9395,-2.5625,-1.2412109375,3.203125
0.94,-2.7626953125,-0.8408203125,3.0830078125
0.9405,-2.8828125,-0.3603515625,2.6826171875
0.941,-2.962890625,0.2802734375,2.2021484375
0.9415,-3.1630859375,1.041015625,1.6015625
0.942,-3.2431640625,1.6416015625,1.1611328125
0.9425,-3.2431640625,2.162109375,0.640625
0.943,-3.1630859375,2.482421875,0.240234375
0.9435,-2.642578125,2.5625,-0.400390625
0.944,-2.2021484375,2.8427734375,-1.1611328125
0.9445,-1.6015625,3.0830078125,-1.9619140625
0.945,-1.12109375,3.1630859375,-2.5224609375
0.9455,-0.640625,3.1630859375,-2.9228515625
0.946,-0.2001953125,2.962890625,-3.203125
0.9465,0.560546875,2.4423828125,-3.4033203125
0.947,1.3212890625,1.921875,-3.68359375
0.9475,1.921875,1.44140625,-3.8037109375
0.948,2.40234375,0.9609375,-3.84375
0.9485,2.6826171875,0.6005859375,-3.6435546875
0.949,2.72265625,0.0,-3.1630859375
0.9495,2.8828125,-0.640625,-2.72265625
0.95,3.123046875,-1.4814453125,-2.08203125
0.9505,3.1630859375,-2.08203125,-1.6015625
0.951,3.123046875,-2.5625,-1.12109375
0.9515,2.8828125,-2.8828125,-0.640625
0.952,2.3623046875,-3.04296875,0.0400390625
0.9525,1.841796875,-3.203125,0.9208984375
0.953,1.201171875,-3.36328125,1.6416015625
0.9535,0.7607421875,-3.4833984375,2.2021484375
0.954,0.2802734375,-3.36328125,2.5224609375
0.9545,-0.3203125,-2.962890625,2.72265625
0.955,-1.0810546875,-2.4423828125,2.962890625
0.9555,-1.8818359375,-1.841796875,3.203125
0.956,-2.322265625,-1.4013671875,3.203125
0.9565,-2.72265625,-1.0009765625,3.1630859375
0.957,-2.8828125,-0.560546875,2.9228515625
0.9575,-2.8828125,0.1201171875,2.322265625
0.958,-3.123046875,0.80078125,1.8818359375
0.9585,-3.2431640625,1.521484375,1.28125
0.959,-3.283203125,2.0419921875,0.7607421875
0.9595,-3.203125,2.3623046875,0.3203125
0.96,-2.8427734375,2.5224609375,-0.2802734375
0.9605,-2.2822265625,2.7626953125,-0.9208984375
0.961,-1.7216796875,3.0029296875,-1.7216796875
0.9615,-1.201171875,3.0830078125,-2.322265625
0.962,-0.80078125,3.1630859375,-2.8427734375
0.9625,-0.3203125,3.0029296875,-3.0830078125
0.963,0.3203125,2.5224609375,-3.2431640625
0.9635,1.0009765625,2.08203125,-3.5634765625
0.964,1.76171875,1.5615234375,-3.7236328125
0.9645,2.2021484375,1.1611328125,-3.7236328125
0.965,2.5224609375,0.6806640625,-3.6435546875
0.9655,2.642578125,0.2802734375,-3.36328125
0.966,2.72265625,-0.400390625,-2.802734375
0.9665,2.962890625,-1.12109375,-2.322265625
0.967,3.0830078125,-1.8017578125,-1.841796875
0.9675,3.1630859375,-2.3623046875,-1.3212890625
0.968,3.0029296875,-2.72265625,-0.9208984375
0.9685,2.5625,-2.8427734375,-0.2802734375
0.969,2.08203125,-3.123046875,0.48046875
0.9695,1.44140625,-3.283203125,1.3212890625
0.97,0.9609375,-3.36328125,1.921875
0.9705,0.560546875,-3.443359375,2.40234375
0.971,0.0,-3.203125,2.642578125
0.9715,-0.7607421875,-2.6025390625,2.8427734375
0.972,-1.521484375,-2.2021484375,3.1630859375
0.9725,-2.2021484375,-1.6015625,3.2431640625
0.973,-2.6025390625,-1.2412109375,3.283203125
0.9735,-2.8828125,-0.720703125,3.04296875
0.974,-2.9228515625,-0.2001953125,2.6025390625
0.9745,-3.0830078125,0.560546875,2.0419921875
0.975,-3.283203125,1.3212890625,1.44140625
0.9755,-3.36328125,1.8818359375,0.9609375
0.976,-3.3232421875,2.3623046875,0.48046875
0.9765,-3.04296875,2.6025390625,0.0
0.977,-2.4423828125,2.72265625,-0.7607421875
0.9775,-1.9619140625,3.04296875,-1.5615234375
0.978,-1.28125,3.1630859375,-2.322265625
0.9785,-0.8408203125,3.203125,-2.802734375
0.979,-0.3603515625,3.123046875,-3.1630859375
0.9795,0.240234375,2.6826171875,-3.36328125
0.98,1.0810546875,2.08203125,-3.5634765625
0.9805,1.76171875,1.5615234375,-3.8037109375
0.981,2.2421875,1.12109375,-3.763671875
0.9815,2.6025390625,0.7607421875,-3.763671875
0.982,2.72265625,0.2802734375,-3.36328125
0.9825,2.7626953125,-0.400390625,-2.8427734375
0.983,3.0029296875,-1.12109375,-2.3623046875
0.9835,3.123046875,-1.8818359375,-1.76171875
0.984,3.123046875,-2.3623046875,-1.3212890625
0.9845,3.0029296875,-2.72265625,-0.80078125
0.985,2.642578125,-2.8828125,-0.3203125
0.9855,2.0419921875,-3.04296875,0.48046875
0.986,1.521484375,-3.283203125,1.28125
0.9865,0.9609375,-3.36328125,1.921875
0.987,0.560546875,-3.4833984375,2.40234375
0.9875,0.0,-3.203125,2.6826171875
0.988,-0.640625,-2.7626953125,2.8427734375
0.9885,-1.44140625,-2.2021484375,3.123046875
0.989,-2.1220703125,-1.6416015625,3.2431640625
0.9895,-2.5625,-1.2412109375,3.2431640625
0.99,-2.8828125,-0.80078125,3.1630859375
0.9905,-2.9228515625,-0.3203125,2.72265625
0.991,-3.04296875,0.3203125,2.162109375
0.9915,-3.283203125,1.0810546875,1.681640625
0.992,-3.36328125,1.8017578125,1.041015625
0.9925,-3.36328125,2.2822265625,0.6005859375
0.993,-3.123046875,2.6025390625,0.1201171875
0.9935,-2.6826171875,2.7626953125,-0.5205078125
0.994,-2.08203125,3.0029296875,-1.361328125
0.9945,-1.4814453125,3.1630859375,-2.1220703125
0.995,-1.0009765625,3.203125,-2.642578125
0.9955,-0.6005859375,3.2431640625,-3.123046875
0.996,0.0400390625,2.8427734375,-3.283203125
0.9965,0.7607421875,2.2822265625,-3.4833984375
0.997,1.5615234375,1.8017578125,-3.763671875
0.9975,2.162109375,1.28125,-3.84375
0.998,2.5224609375,0.880859375,-3.8037109375
0.9985,2.72265625,0.400390625,-3.5634765625
0.999,2.802734375,-0.2001953125,-3.0830078125
0.9995,2.8828125,-0.9609375,-2.4423828125
