wavelength,x,y,z
0.0,2.0419921875,-4.64453125,2.0419921875
0.0005,2.6826171875,-4.5244140625,1.201171875
0.001,3.0830078125,-4.484375,0.7607421875
0.0015,3.283203125,-3.923828125,0.0
0.002,3.5234375,-3.68359375,-0.48046875
0.0025,3.763671875,-2.8828125,-1.44140625
0.003,3.84375,-2.40234375,-1.9619140625
0.0035,3.84375,-1.6015625,-2.802734375
0.004,3.3232421875,-0.80078125,-3.04296875
0.0045,3.123046875,0.0,-3.5634765625
0.005,2.40234375,0.880859375,-3.7236328125
0.0055,1.9619140625,1.7216796875,-4.1240234375
0.006,1.28125,2.2421875,-3.8837890625
0.0065,0.6806640625,2.8828125,-3.9638671875
0.007,-0.1201171875,3.123046875,-3.36328125
0.0075,-0.720703125,3.5634765625,-3.203125
0.008,-1.8818359375,3.763671875,-2.2822265625
0.0085,-2.4423828125,3.8837890625,-1.921875
0.009,-3.04296875,3.763671875,-1.201171875
0.0095,-3.283203125,3.5234375,-0.720703125
0.01,-3.603515625,3.2431640625,-0.080078125
0.0105,-3.7236328125,2.72265625,0.560546875
0.011,-4.0439453125,2.2421875,1.4013671875
0.0115,-3.923828125,1.5615234375,1.921875
0.012,-4.0439453125,0.9609375,2.5625
0.0125,-3.4833984375,0.1201171875,2.8427734375
0.013,-3.4033203125,-0.5205078125,3.3232421875
0.0135,-2.6025390625,-1.4814453125,3.4833984375
0.014,-2.322265625,-2.08203125,3.84375
0.0145,-1.6015625,-2.6826171875,3.6435546875
0.015,-1.1611328125,-3.1630859375,3.6435546875
0.0155,-0.400390625,-3.4833984375,3.2431640625
0.016,0.3203125,-3.8837890625,2.9228515625
0.0165,1.3212890625,-4.244140625,2.2421875
0.017,1.841796875,-4.32421875,1.76171875
0.0175,2.5224609375,-4.404296875,1.2412109375
0.018,2.6826171875,-3.923828125,0.6806640625
0.0185,3.123046875,-3.84375,0.16015625
0.019,3.2431640625,-3.1630859375,-0.640625
0.0195,3.68359375,-2.8828125,-1.361328125
0.02,3.4833984375,-2.0419921875,-2.001953125
0.0205,3.5634765625,-1.4814453125,-2.6025390625
0.021,2.9228515625,-0.5205078125,-2.9228515625
0.0215,2.8828125,0.1201171875,-3.4833984375
0.022,2.08203125,1.201171875,-3.7236328125
0.0225,1.76171875,1.681640625,-3.8837890625
0.023,1.0009765625,2.3623046875,-3.8037109375
0.0235,0.4404296875,2.802734375,-3.5634765625
0.024,-0.3203125,3.1630859375,-3.2431640625
0.0245,-1.2412109375,3.4033203125,-2.642578125
0.025,-2.1220703125,3.763671875,-2.08203125
0.0255,-2.5625,3.5634765625,-1.4814453125
0.026,-3.123046875,3.7236328125,-1.0009765625
0.0265,-3.2431640625,3.1630859375,-0.3603515625
0.027,-3.603515625,3.04296875,0.16015625
0.0275,-3.763671875,2.2421875,1.0810546875
0.028,-4.00390625,1.8818359375,1.6416015625
0.0285,-3.84375,1.0810546875,2.2421875
0.029,-3.7236328125,0.48046875,2.72265625
0.0295,-3.1630859375,-0.3603515625,3.04296875
0.03,-2.8828125,-1.0810546875,3.36328125
0.0305,-2.2822265625,-2.001953125,3.68359375
0.031,-1.8017578125,-2.4423828125,3.5634765625
0.0315,-1.2412109375,-3.0830078125,3.68359375
0.032,-0.6005859375,-3.3232421875,3.2431640625
0.0325,0.1201171875,-3.84375,3.04296875
0.033,1.12109375,-4.083984375,2.2822265625
0.0335,1.8818359375,-4.3642578125,1.841796875
0.034,2.322265625,-4.1240234375,1.1611328125
0.0345,2.7626953125,-4.1640625,0.80078125
0.035,2.962890625,-3.603515625,0.080078125
0.0355,3.2431640625,-3.4033203125,-0.4404296875
0.036,3.5234375,-2.6826171875,-1.4013671875
0.0365,3.5634765625,-2.2021484375,-1.921875
0.037,3.5234375,-1.361328125,-2.642578125
0.0375,3.123046875,-0.640625,-2.9228515625
0.038,2.802734375,0.1201171875,-3.36328125
0.0385,2.2021484375,1.0009765625,-3.6435546875
0.039,1.7216796875,1.8818359375,-4.00390625
0.0395,1.0009765625,2.2822265625,-3.7236328125
0.04,0.5205078125,2.9228515625,-3.84375
0.0405,-0.3203125,3.0830078125,-3.203125
0.041,-1.041015625,3.5234375,-2.9228515625
0.0415,-2.2021484375,3.763671875,-2.08203125
0.042,-2.7626953125,3.8837890625,-1.521484375
0.0425,-3.2431640625,3.68359375,-0.80078125
0.043,-3.5634765625,3.4833984375,-0.3603515625
0.0435,-3.7236328125,2.9228515625,0.3603515625
0.044,-3.923828125,2.40234375,1.041015625
0.0445,-4.244140625,1.841796875,1.9619140625
0.045,-3.923828125,1.041015625,2.40234375
0.0455,-3.9638671875,0.3603515625,3.0830078125
0.046,-3.2431640625,-0.5205078125,3.203125
0.0465,-3.04296875,-1.2412109375,3.603515625
0.047,-2.2421875,-2.2021484375,3.84375
0.0475,-1.681640625,-2.8828125,3.9638671875
0.048,-0.9609375,-3.3232421875,3.603515625
0.0485,-0.48046875,-3.84375,3.603515625
0.049,0.4404296875,-4.00390625,2.8828125
0.0495,1.201171875,-4.404296875,2.5224609375
0.05,2.3623046875,-4.564453125,1.6015625
0.0505,2.802734375,-4.3642578125,0.9609375
0.051,3.283203125,-4.2841796875,0.400390625
0.0515,3.443359375,-3.8037109375,-0.2001953125
0.052,3.6435546875,-3.36328125,-0.880859375
0.0525,3.763671875,-2.642578125,-1.681640625
0.053,4.0439453125,-1.9619140625,-2.5625
0.0535,3.5234375,-1.0810546875,-2.962890625
0.054,3.5634765625,-0.48046875,-3.603515625
0.0545,2.6826171875,0.5205078125,-3.603515625
0.055,2.40234375,1.2412109375,-4.0439453125
0.0555,1.521484375,2.322265625,-4.244140625
0.056,0.80078125,2.962890625,-4.1240234375
0.0565,0.0400390625,3.3232421875,-3.84375
0.057,-0.640625,3.8037109375,-3.5634765625
0.0575,-1.6015625,3.923828125,-2.7626953125
0.058,-2.4423828125,4.2041015625,-2.162109375
0.0585,-3.5634765625,4.4443359375,-1.28125
0.059,-3.8837890625,3.9638671875,-0.48046875
0.0595,-4.3642578125,3.84375,0.0400390625
0.06,-4.3642578125,3.0830078125,0.8408203125
0.0605,-4.5244140625,2.5224609375,1.5615234375
0.061,-4.564453125,1.6416015625,2.482421875
0.0615,-4.6845703125,0.9208984375,3.2431640625
0.062,-3.9638671875,-0.16015625,3.5634765625
0.0625,-3.8837890625,-0.80078125,4.1240234375
0.063,-2.802734375,-1.921875,4.083984375
0.0635,-2.3623046875,-2.6025390625,4.32421875
0.064,-1.4013671875,-3.68359375,4.4443359375
0.0645,-0.6005859375,-4.1640625,4.0439453125
0.065,0.080078125,-4.5244140625,3.763671875
0.0655,0.9609375,-4.8447265625,3.1630859375
0.066,1.9619140625,-4.9248046875,2.2822265625
0.0665,2.7626953125,-5.0048828125,1.6015625
0.067,3.8037109375,-5.1650390625,0.7607421875
0.0675,3.8837890625,-4.4443359375,-0.080078125
0.068,4.32421875,-4.3642578125,-0.560546875
0.0685,4.32421875,-3.3232421875,-1.5615234375
0.069,4.4443359375,-2.7626953125,-2.2021484375
0.0695,4.404296875,-1.76171875,-3.203125
0.07,4.32421875,-0.9609375,-3.8837890625
0.0705,3.5234375,0.1201171875,-4.1240234375
0.071,3.283203125,0.8408203125,-4.5244140625
0.0715,2.08203125,2.0419921875,-4.5244140625
0.072,1.6015625,2.72265625,-4.6845703125
0.0725,0.6005859375,3.763671875,-4.724609375
0.073,-0.3603515625,4.083984375,-4.1640625
0.0735,-1.0009765625,4.484375,-3.84375
0.074,-2.162109375,4.8046875,-2.962890625
0.0745,-3.203125,4.8046875,-2.001953125
0.075,-3.923828125,4.7646484375,-1.201171875
0.0755,-4.8447265625,4.724609375,-0.3203125
0.076,-4.8447265625,3.8837890625,0.560546875
0.0765,-5.1650390625,3.68359375,1.041015625
0.077,-5.1650390625,2.482421875,2.2421875
0.0775,-5.1650390625,1.841796875,2.8828125
0.078,-5.044921875,0.720703125,3.84375
0.0785,-4.7646484375,-0.16015625,4.404296875
0.079,-3.8837890625,-1.28125,4.5244140625
0.0795,-3.4833984375,-2.08203125,4.8447265625
0.08,-2.162109375,-3.36328125,4.8447265625
0.0805,-1.521484375,-3.9638671875,4.7646484375
0.081,-0.5205078125,-4.9248046875,4.6845703125
0.0815,0.48046875,-5.125,3.9638671875
0.082,1.0810546875,-5.4052734375,3.603515625
0.0825,2.3623046875,-5.5654296875,2.5625
0.083,3.3232421875,-5.60546875,1.6015625
0.0835,4.00390625,-5.28515625,0.6806640625
0.084,4.7646484375,-5.205078125,-0.16015625
0.0845,4.6845703125,-4.2841796875,-1.0009765625
0.085,4.9248046875,-4.00390625,-1.4814453125
0.0855,4.9248046875,-2.642578125,-2.8427734375
0.086,4.8046875,-2.001953125,-3.3232421875
0.0865,4.6044921875,-0.9208984375,-4.2041015625
0.087,4.1240234375,0.080078125,-4.6845703125
0.0875,3.3232421875,1.0810546875,-4.8046875
0.088,2.6826171875,1.921875,-5.0048828125
0.0885,1.4814453125,3.2431640625,-5.125
0.089,0.80078125,3.68359375,-4.8447265625
0.0895,-0.2802734375,4.6044921875,-4.7646484375
0.09,-1.201171875,4.8046875,-3.923828125
0.0905,-1.8818359375,5.044921875,-3.5234375
0.091,-3.2431640625,5.1650390625,-2.2822265625
0.0915,-4.2041015625,5.205078125,-1.4013671875
0.092,-4.7646484375,4.7646484375,-0.400390625
0.0925,-5.4052734375,4.6044921875,0.3603515625
0.093,-5.28515625,3.6435546875,1.28125
0.0935,-5.4453125,3.203125,1.8017578125
0.094,-5.525390625,1.8818359375,3.1630859375
0.0945,-5.2451171875,1.12109375,3.6435546875
0.095,-5.0048828125,0.0400390625,4.4443359375
0.0955,-4.3642578125,-1.0009765625,4.7646484375
0.096,-3.5634765625,-1.9619140625,4.8447265625
0.0965,-2.7626953125,-2.9228515625,4.96484375
0.097,-1.681640625,-4.1640625,5.0849609375
0.0975,-0.80078125,-4.5244140625,4.564453125
0.098,0.080078125,-5.28515625,4.5244140625
0.0985,0.9609375,-5.3251953125,3.68359375
0.099,1.6416015625,-5.60546875,3.2431640625
0.0995,3.0830078125,-5.685546875,1.921875
0.1,3.8837890625,-5.6455078125,1.12109375
0.1005,4.404296875,-5.125,0.1201171875
0.101,4.8447265625,-4.884765625,-0.6005859375
0.1015,4.7646484375,-3.923828125,-1.4013671875
0.102,4.8447265625,-3.443359375,-2.001953125
0.1025,4.96484375,-2.2421875,-3.283203125
0.103,4.6044921875,-1.44140625,-3.7236328125
0.1035,4.4443359375,-0.400390625,-4.5244140625
0.104,3.6435546875,0.6005859375,-4.6845703125
0.1045,3.0029296875,1.4013671875,-4.8447265625
0.105,2.0419921875,2.4423828125,-4.96484375
0.1055,1.201171875,3.5634765625,-5.0849609375
0.106,0.240234375,3.923828125,-4.5244140625
0.1065,-0.6005859375,4.6845703125,-4.4443359375
0.107,-1.4814453125,4.64453125,-3.4833984375
0.1075,-2.2421875,4.96484375,-3.0830078125
0.108,-3.68359375,5.0849609375,-1.76171875
0.1085,-4.32421875,4.9248046875,-1.0009765625
0.109,-4.8046875,4.484375,0.0
0.1095,-5.125,4.1240234375,0.6005859375
0.11,-5.125,3.2431640625,1.361328125
0.1105,-5.125,2.5625,2.08203125
0.111,-5.3251953125,1.5615234375,3.2431640625
0.1115,-4.8046875,0.640625,3.5634765625
0.112,-4.64453125,-0.2802734375,4.3642578125
0.1125,-3.7236328125,-1.3212890625,4.404296875
0.113,-3.283203125,-2.0419921875,4.6044921875
0.1135,-2.2021484375,-3.1630859375,4.724609375
0.114,-1.44140625,-3.9638671875,4.7646484375
0.1145,-0.5205078125,-4.3642578125,4.1640625
0.115,0.1201171875,-4.9248046875,4.1240234375
0.1155,1.0009765625,-4.884765625,3.203125
0.116,1.76171875,-5.1650390625,2.7626953125
0.1165,3.1630859375,-5.365234375,1.5615234375
0.117,3.5234375,-5.044921875,0.880859375
0.1175,4.1240234375,-4.7646484375,0.080078125
0.118,4.2041015625,-4.244140625,-0.6005859375
0.1185,4.32421875,-3.68359375,-1.2412109375
0.119,4.32421875,-2.8828125,-2.001953125
0.1195,4.564453125,-2.1220703125,-2.962890625
0.12,4.00390625,-1.201171875,-3.3232421875
0.1205,3.9638671875,-0.48046875,-4.0439453125
0.121,2.962890625,0.560546875,-4.0439453125
0.1215,2.802734375,1.28125,-4.4443359375
0.122,1.7216796875,2.40234375,-4.5244140625
0.1225,1.12109375,3.04296875,-4.5244140625
0.123,0.2001953125,3.5234375,-4.083984375
0.1235,-0.4404296875,4.00390625,-3.923828125
0.124,-1.3212890625,4.1240234375,-3.1630859375
0.1245,-2.162109375,4.404296875,-2.6025390625
0.125,-3.36328125,4.6044921875,-1.6416015625
0.1255,-3.7236328125,4.2041015625,-0.9208984375
0.126,-4.32421875,4.1240234375,-0.2802734375
0.1265,-4.3642578125,3.443359375,0.48046875
0.127,-4.564453125,3.04296875,1.0810546875
0.1275,-4.6044921875,2.1220703125,2.001953125
0.128,-4.7646484375,1.521484375,2.7626953125
0.1285,-4.1640625,0.48046875,3.1630859375
0.129,-4.1640625,-0.16015625,3.763671875
0.1295,-3.203125,-1.1611328125,3.84375
0.13,-2.962890625,-1.8017578125,4.1240234375
0.1305,-1.9619140625,-2.9228515625,4.32421875
0.131,-1.4013671875,-3.36328125,4.083984375
0.1315,-0.640625,-3.923828125,3.8837890625
0.132,0.0400390625,-4.1640625,3.4833984375
0.1325,0.80078125,-4.4443359375,2.9228515625
0.133,1.7216796875,-4.6044921875,2.2421875
0.1335,2.6826171875,-4.8447265625,1.521484375
0.134,2.9228515625,-4.3642578125,0.80078125
0.1345,3.5234375,-4.4443359375,0.3603515625
0.135,3.4833984375,-3.6435546875,-0.400390625
0.1355,3.763671875,-3.4033203125,-0.9208984375
0.136,3.84375,-2.5224609375,-1.921875
0.1365,3.923828125,-2.08203125,-2.4423828125
0.137,3.5634765625,-1.1611328125,-3.04296875
0.1375,3.4033203125,-0.5205078125,-3.36328125
0.138,2.6826171875,0.48046875,-3.603515625
0.1385,2.40234375,1.1611328125,-3.923828125
0.139,1.6416015625,2.162109375,-4.1640625
0.1395,1.0009765625,2.5224609375,-3.8837890625
0.14,0.400390625,3.1630859375,-3.923828125
0.1405,-0.400390625,3.3232421875,-3.3232421875
0.141,-1.1611328125,3.763671875,-2.962890625
0.1415,-2.2021484375,3.9638671875,-2.2021484375
0.142,-2.8828125,4.1240234375,-1.6416015625
0.1425,-3.2431640625,3.7236328125,-0.880859375
0.143,-3.68359375,3.763671875,-0.5205078125
0.1435,-3.8037109375,3.04296875,0.3203125
0.144,-4.083984375,2.72265625,0.9208984375
0.1445,-4.32421875,1.921875,1.921875
0.145,-4.1240234375,1.28125,2.2822265625
0.1455,-3.9638671875,0.5205078125,2.962890625
0.146,-3.5234375,-0.2802734375,3.1630859375
0.1465,-3.0830078125,-1.041015625,3.5234375
0.147,-2.5224609375,-1.8818359375,3.763671875
0.1475,-1.9619140625,-2.642578125,3.9638671875
0.148,-1.28125,-2.962890625,3.5634765625
0.1485,-0.80078125,-3.5634765625,3.763671875
0.149,0.0400390625,-3.7236328125,3.0029296875
0.1495,0.720703125,-4.1240234375,2.72265625
0.15,1.76171875,-4.2841796875,1.921875
0.1505,2.2021484375,-4.32421875,1.4814453125
0.151,2.6826171875,-4.1240234375,0.8408203125
0.1515,2.8828125,-3.923828125,0.48046875
0.152,3.203125,-3.5234375,-0.400390625
0.1525,3.36328125,-3.0830078125,-0.9208984375
0.153,3.68359375,-2.5224609375,-1.8017578125
0.1535,3.4033203125,-1.76171875,-2.1220703125
0.154,3.4833984375,-1.1611328125,-2.8427734375
0.1545,2.8427734375,-0.3203125,-3.0029296875
0.155,2.6826171875,0.400390625,-3.5234375
0.1555,2.0419921875,1.28125,-3.763671875
0.156,1.6015625,1.921875,-3.923828125
0.1565,0.880859375,2.40234375,-3.6435546875
0.157,0.3603515625,2.8828125,-3.68359375
0.1575,-0.6005859375,3.203125,-3.04296875
0.158,-1.3212890625,3.6435546875,-2.72265625
0.1585,-2.322265625,3.8837890625,-1.9619140625
0.159,-2.6826171875,3.68359375,-1.44140625
0.1595,-3.2431640625,3.7236328125,-0.880859375
0.16,-3.4833984375,3.2431640625,-0.2001953125
0.1605,-3.8037109375,2.8427734375,0.4404296875
0.161,-3.923828125,2.2021484375,1.2412109375
0.1615,-4.1640625,1.76171875,1.9619140625
0.162,-3.7236328125,0.8408203125,2.40234375
0.1625,-3.8037109375,0.2802734375,3.0029296875
0.163,-3.0029296875,-0.640625,3.1630859375
0.1635,-2.8427734375,-1.3212890625,3.5634765625
0.164,-2.08203125,-2.2822265625,3.763671875
0.1645,-1.5615234375,-2.72265625,3.6435546875
0.165,-1.0009765625,-3.203125,3.5234375
0.1655,-0.3203125,-3.5634765625,3.2431640625
0.166,0.48046875,-3.84375,2.6826171875
0.1665,1.3212890625,-4.1240234375,2.2021484375
0.167,2.162109375,-4.32421875,1.5615234375
0.1675,2.40234375,-3.9638671875,0.9609375
0.168,2.8828125,-4.1640625,0.560546875
0.1685,2.9228515625,-3.4833984375,-0.1201171875
0.169,3.203125,-3.3232421875,-0.720703125
0.1695,3.443359375,-2.4423828125,-1.5615234375
0.17,3.5234375,-1.9619140625,-2.08203125
0.1705,3.1630859375,-1.12109375,-2.6025390625
0.171,3.123046875,-0.6005859375,-3.0029296875
0.1715,2.4423828125,0.3603515625,-3.2431640625
0.172,2.2021484375,1.0810546875,-3.7236328125
0.1725,1.521484375,1.921875,-3.8837890625
0.173,0.9208984375,2.3623046875,-3.603515625
0.1735,0.400390625,2.9228515625,-3.7236328125
0.174,-0.48046875,3.1630859375,-3.0830078125
0.1745,-1.28125,3.5634765625,-2.6826171875
0.175,-2.2021484375,3.763671875,-1.9619140625
0.1755,-2.8828125,3.8837890625,-1.44140625
0.176,-3.123046875,3.5234375,-0.80078125
0.1765,-3.5634765625,3.4833984375,-0.400390625
0.177,-3.68359375,2.642578125,0.3603515625
0.1775,-4.00390625,2.4423828125,1.12109375
0.178,-4.1640625,1.6416015625,2.0419921875
0.1785,-4.00390625,0.9609375,2.5224609375
0.179,-3.7236328125,0.1201171875,3.04296875
0.1795,-3.283203125,-0.6005859375,3.3232421875
0.18,-2.72265625,-1.4814453125,3.603515625
0.1805,-2.2421875,-2.2822265625,3.84375
0.181,-1.5615234375,-3.04296875,3.923828125
0.1815,-0.8408203125,-3.36328125,3.5234375
0.182,-0.3203125,-3.8837890625,3.5634765625
0.1825,0.720703125,-4.00390625,2.6826171875
0.183,1.4814453125,-4.3642578125,2.2421875
0.1835,2.3623046875,-4.4443359375,1.44140625
0.184,2.8427734375,-4.404296875,0.9208984375
0.1845,3.123046875,-4.00390625,0.2802734375
0.185,3.4033203125,-3.763671875,-0.2001953125
0.1855,3.4833984375,-2.962890625,-1.0810546875
0.186,3.68359375,-2.5224609375,-1.681640625
0.1865,3.84375,-1.76171875,-2.6025390625
0.187,3.36328125,-0.9609375,-2.962890625
0.1875,3.203125,-0.2802734375,-3.443359375
0.188,2.5224609375,0.6005859375,-3.603515625
0.1885,2.0419921875,1.4814453125,-3.923828125
0.189,1.4013671875,2.2421875,-4.00390625
0.1895,0.6806640625,2.9228515625,-4.00390625
0.19,0.0,3.203125,-3.5634765625
0.1905,-0.640625,3.7236328125,-3.4833984375
0.191,-1.8818359375,3.84375,-2.4423828125
0.1915,-2.5625,4.1240234375,-1.9619140625
0.192,-3.4033203125,4.083984375,-1.1611328125
0.1925,-3.8037109375,3.8037109375,-0.5205078125
0.193,-4.0439453125,3.4833984375,0.080078125
0.1935,-4.2041015625,3.0029296875,0.80078125
0.194,-4.4443359375,2.2021484375,1.76171875
0.1945,-4.3642578125,1.521484375,2.40234375
0.195,-4.5244140625,0.7607421875,3.2431640625
0.1955,-3.8037109375,-0.2802734375,3.5234375
0.196,-3.6435546875,-0.9609375,3.9638671875
0.1965,-2.6025390625,-2.08203125,4.083984375
0.197,-2.08203125,-2.8828125,4.32421875
0.1975,-1.2412109375,-3.5634765625,4.1240234375
0.198,-0.5205078125,-4.1640625,4.00390625
0.1985,0.240234375,-4.32421875,3.443359375
0.199,1.0009765625,-4.724609375,3.0830078125
0.1995,2.2822265625,-4.8447265625,1.921875
0.2,2.9228515625,-4.884765625,1.28125
0.2005,3.68359375,-4.8447265625,0.48046875
0.201,3.84375,-4.32421875,-0.2001953125
0.2015,4.0439453125,-3.8837890625,-0.7607421875
0.202,4.1240234375,-3.0830078125,-1.6015625
0.2025,4.32421875,-2.2822265625,-2.5625
0.203,4.00390625,-1.4814453125,-3.0830078125
0.2035,4.083984375,-0.6806640625,-3.8837890625
0.204,3.1630859375,0.3603515625,-3.9638671875
0.2045,2.9228515625,0.9609375,-4.3642578125
0.205,1.76171875,2.2421875,-4.4443359375
0.2055,1.2412109375,2.9228515625,-4.5244140625
0.206,0.2802734375,3.6435546875,-4.244140625
0.2065,-0.48046875,4.1240234375,-4.0439453125
0.207,-1.2412109375,4.244140625,-3.36328125
0.2075,-2.1220703125,4.5244140625,-2.8427734375
0.208,-3.5234375,4.724609375,-1.681640625
0.2085,-4.00390625,4.484375,-0.9208984375
0.209,-4.6845703125,4.32421875,-0.16015625
0.2095,-4.8447265625,3.7236328125,0.640625
0.21,-4.96484375,3.2431640625,1.2412109375
0.2105,-5.0048828125,2.2421875,2.322265625
0.211,-5.125,1.44140625,3.203125
0.2115,-4.64453125,0.4404296875,3.68359375
0.212,-4.564453125,-0.4404296875,4.484375
0.2125,-3.5234375,-1.521484375,4.484375
0.213,-3.203125,-2.2021484375,4.724609375
0.2135,-1.8818359375,-3.5634765625,4.8046875
0.214,-1.1611328125,-4.2041015625,4.64453125
0.2145,-0.16015625,-4.8046875,4.2841796875
0.215,0.560546875,-5.205078125,3.9638671875
0.2155,1.4013671875,-5.2451171875,3.1630859375
0.216,2.40234375,-5.4853515625,2.40234375
0.2165,3.8037109375,-5.685546875,1.201171875
0.217,4.1240234375,-5.125,0.2802734375
0.2175,4.8046875,-4.96484375,-0.400390625
0.218,4.724609375,-4.083984375,-1.201171875
0.2185,4.7646484375,-3.5634765625,-1.8017578125
0.219,4.8046875,-2.40234375,-2.962890625
0.2195,4.8046875,-1.5615234375,-3.84375
0.22,4.1640625,-0.4404296875,-4.244140625
0.2205,4.00390625,0.3603515625,-4.8447265625
0.221,2.8427734375,1.4013671875,-4.6845703125
0.2215,2.4423828125,2.1220703125,-4.9248046875
0.222,1.201171875,3.5634765625,-5.0849609375
0.2225,0.3203125,4.083984375,-4.6845703125
0.223,-0.6005859375,4.6044921875,-4.3642578125
0.2235,-1.361328125,4.884765625,-3.8837890625
0.224,-2.2822265625,4.8447265625,-3.04296875
0.2245,-3.36328125,5.044921875,-2.1220703125
0.225,-4.64453125,5.205078125,-1.041015625
0.2255,-4.884765625,4.484375,0.0
0.226,-5.4453125,4.404296875,0.6005859375
0.2265,-5.3251953125,3.4033203125,1.4814453125
0.227,-5.4052734375,2.802734375,2.1220703125
0.2275,-5.4453125,1.5615234375,3.3232421875
0.228,-5.3251953125,0.720703125,4.1240234375
0.2285,-4.6044921875,-0.5205078125,4.5244140625
0.229,-4.3642578125,-1.28125,5.044921875
0.2295,-3.1630859375,-2.3623046875,4.884765625
0.23,-2.6025390625,-3.1630859375,5.044921875
0.2305,-1.3212890625,-4.5244140625,5.125
0.231,-0.3603515625,-4.884765625,4.564453125
0.2315,0.400390625,-5.4052734375,4.2841796875
0.232,1.28125,-5.60546875,3.5234375
0.2325,2.2421875,-5.6455078125,2.6826171875
0.233,3.3232421875,-5.765625,1.7216796875
0.2335,4.4443359375,-5.765625,0.6806640625
0.234,4.564453125,-4.8447265625,-0.3203125
0.2345,5.044921875,-4.8046875,-0.8408203125
0.235,4.8447265625,-3.6435546875,-1.8017578125
0.2355,4.884765625,-3.0830078125,-2.40234375
0.236,4.96484375,-1.8818359375,-3.603515625
0.2365,4.6845703125,-1.0009765625,-4.2041015625
0.237,4.00390625,0.16015625,-4.6044921875
0.2375,3.5634765625,0.9609375,-4.9248046875
0.238,2.5224609375,1.9619140625,-4.8447265625
0.2385,1.8818359375,2.7626953125,-5.0048828125
0.239,0.7607421875,4.00390625,-5.125
0.2395,-0.2802734375,4.32421875,-4.3642578125
0.24,-0.9208984375,4.8046875,-4.244140625
0.2405,-1.9619140625,4.884765625,-3.3232421875
0.241,-2.8427734375,4.96484375,-2.6025390625
0.2415,-3.8837890625,5.044921875,-1.5615234375
0.242,-4.8447265625,5.044921875,-0.640625
0.2425,-4.96484375,4.2041015625,0.3203125
0.243,-5.3251953125,4.083984375,0.8408203125
0.2435,-5.205078125,2.8828125,1.8818359375
0.244,-5.2451171875,2.2822265625,2.482421875
0.2445,-5.3251953125,1.201171875,3.68359375
0.245,-4.8447265625,0.240234375,4.1240234375
0.2455,-4.3642578125,-0.80078125,4.5244140625
0.246,-3.7236328125,-1.6416015625,4.7646484375
0.2465,-2.72265625,-2.72265625,4.8046875
0.247,-2.08203125,-3.4833984375,4.8447265625
0.2475,-1.041015625,-4.5244140625,4.8447265625
0.248,0.0,-4.8046875,4.083984375
0.2485,0.48046875,-5.28515625,4.083984375
0.249,1.681640625,-5.3251953125,2.8828125
0.2495,2.40234375,-5.4052734375,2.322265625
0.25,3.4833984375,-5.4052734375,1.28125
0.2505,4.1240234375,-5.205078125,0.48046875
0.251,4.2841796875,-4.5244140625,-0.3603515625
0.2515,4.484375,-4.244140625,-0.8408203125
0.252,4.484375,-3.203125,-1.841796875
0.2525,4.484375,-2.6025390625,-2.4423828125
0.253,4.6044921875,-1.6015625,-3.5234375
0.2535,3.9638671875,-0.640625,-3.84375
0.254,3.68359375,0.16015625,-4.32421875
0.2545,2.8828125,1.041015625,-4.3642578125
0.255,2.2421875,1.921875,-4.564453125
0.2555,1.4814453125,2.72265625,-4.564453125
0.256,0.640625,3.5234375,-4.6044921875
0.2565,-0.2802734375,3.8037109375,-3.923828125
0.257,-0.7607421875,4.244140625,-3.923828125
0.2575,-2.001953125,4.32421875,-2.72265625
0.258,-2.642578125,4.5244140625,-2.2822265625
0.2585,-3.7236328125,4.6044921875,-1.3212890625
0.259,-4.1240234375,4.2841796875,-0.6005859375
0.2595,-4.4443359375,3.8837890625,0.1201171875
0.26,-4.564453125,3.4033203125,0.6806640625
0.2605,-4.64453125,2.6025390625,1.6015625
0.261,-4.6845703125,1.921875,2.2421875
0.2615,-4.8447265625,1.12109375,3.203125
0.262,-4.1240234375,0.1201171875,3.5234375
0.2625,-4.0439453125,-0.6005859375,4.083984375
0.263,-3.0830078125,-1.6015625,4.083984375
0.2635,-2.642578125,-2.3623046875,4.404296875
0.264,-1.76171875,-3.283203125,4.32421875
0.2645,-1.0009765625,-3.923828125,4.2041015625
0.265,-0.2802734375,-4.2041015625,3.68359375
0.2655,0.3603515625,-4.564453125,3.5234375
0.266,1.521484375,-4.64453125,2.5224609375
0.2665,2.162109375,-4.8447265625,2.08203125
0.267,3.123046875,-4.884765625,1.1611328125
0.2675,3.3232421875,-4.404296875,0.48046875
0.268,3.68359375,-4.244140625,0.0
0.2685,3.7236328125,-3.5634765625,-0.720703125
0.269,3.923828125,-3.0029296875,-1.4814453125
0.2695,3.8837890625,-2.2421875,-2.2421875
0.27,4.00390625,-1.6015625,-2.962890625
0.2705,3.3232421875,-0.640625,-3.203125
0.271,3.3232421875,0.0,-3.7236328125
0.2715,2.3623046875,0.9609375,-3.763671875
0.272,2.1220703125,1.5615234375,-4.1640625
0.2725,1.28125,2.4423828125,-4.1240234375
0.273,0.6005859375,2.8828125,-3.923828125
0.2735,0.0,3.3232421875,-3.68359375
0.274,-0.80078125,3.6435546875,-3.203125
0.2745,-1.76171875,3.8837890625,-2.5224609375
0.275,-2.4423828125,4.00390625,-1.9619140625
0.2755,-3.203125,4.1240234375,-1.3212890625
0.276,-3.443359375,3.6435546875,-0.640625
0.2765,-3.8837890625,3.68359375,-0.2001953125
0.277,-3.8837890625,2.8427734375,0.6005859375
0.2775,-4.244140625,2.5224609375,1.28125
0.278,-4.244140625,1.6416015625,2.08203125
0.2785,-4.244140625,1.0810546875,2.6826171875
0.279,-3.7236328125,0.1201171875,3.123046875
0.2795,-3.5634765625,-0.5205078125,3.5234375
0.28,-2.7626953125,-1.6015625,3.68359375
0.2805,-2.4423828125,-2.2021484375,3.9638671875
0.281,-1.6416015625,-3.04296875,3.9638671875
0.2815,-1.0009765625,-3.36328125,3.68359375
0.282,-0.400390625,-3.84375,3.603515625
0.2825,0.48046875,-4.00390625,2.8828125
0.283,1.3212890625,-4.3642578125,2.4423828125
0.2835,2.0419921875,-4.3642578125,1.7216796875
0.284,2.642578125,-4.4443359375,1.201171875
0.2845,2.8427734375,-3.923828125,0.560546875
0.285,3.1630859375,-3.923828125,0.16015625
0.2855,3.2431640625,-3.123046875,-0.720703125
0.286,3.5634765625,-2.8427734375,-1.3212890625
0.2865,3.603515625,-2.0419921875,-2.1220703125
0.287,3.4033203125,-1.4013671875,-2.5224609375
0.2875,3.123046875,-0.640625,-2.962890625
0.288,2.7626953125,0.0,-3.2431640625
0.2885,2.2421875,0.880859375,-3.603515625
0.289,1.841796875,1.4814453125,-3.8037109375
0.2895,1.2412109375,2.2421875,-3.84375
0.29,0.560546875,2.5625,-3.5234375
0.2905,0.0400390625,3.0830078125,-3.5634765625
0.291,-0.9609375,3.283203125,-2.72265625
0.2915,-1.6416015625,3.7236328125,-2.4423828125
0.292,-2.4423828125,3.7236328125,-1.7216796875
0.2925,-2.8427734375,3.7236328125,-1.28125
0.293,-3.203125,3.443359375,-0.640625
0.2935,-3.5234375,3.203125,-0.16015625
0.294,-3.8037109375,2.6025390625,0.6806640625
0.2945,-3.9638671875,2.162109375,1.3212890625
0.295,-4.1640625,1.4814453125,2.162109375
0.2955,-3.7236328125,0.6806640625,2.5224609375
0.296,-3.68359375,0.0,3.123046875
0.2965,-2.962890625,-0.9208984375,3.3232421875
0.297,-2.6826171875,-1.7216796875,3.7236328125
0.2975,-1.9619140625,-2.3623046875,3.7236328125
0.298,-1.44140625,-2.962890625,3.8037109375
0.2985,-0.80078125,-3.283203125,3.4033203125
0.299,-0.16015625,-3.8037109375,3.2431640625
0.2995,0.9609375,-3.9638671875,2.40234375
0.3,1.5615234375,-4.244140625,2.0419921875
0.3005,2.2822265625,-4.2841796875,1.3212890625
0.301,2.5625,-4.00390625,0.880859375
0.3015,2.8828125,-3.84375,0.3203125
0.302,3.04296875,-3.36328125,-0.3203125
0.3025,3.36328125,-2.8828125,-1.12109375
0.303,3.4033203125,-2.2421875,-1.681640625
0.3035,3.5234375,-1.681640625,-2.40234375
0.304,3.0029296875,-0.80078125,-2.6826171875
0.3045,2.962890625,-0.3203125,-3.203125
0.305,2.2021484375,0.640625,-3.36328125
0.3055,1.9619140625,1.3212890625,-3.763671875
0.306,1.28125,2.0419921875,-3.68359375
0.3065,0.7607421875,2.5224609375,-3.603515625
0.307,0.1201171875,2.8427734375,-3.36328125
0.3075,-0.640625,3.203125,-2.962890625
0.308,-1.6416015625,3.5634765625,-2.2822265625
0.3085,-2.2822265625,3.68359375,-1.8017578125
0.309,-2.8828125,3.763671875,-1.28125
0.3095,-3.1630859375,3.36328125,-0.6806640625
0.31,-3.5634765625,3.3232421875,-0.2001953125
0.3105,-3.6435546875,2.5625,0.6005859375
0.311,-4.00390625,2.2421875,1.3212890625
0.3115,-3.923828125,1.44140625,2.001953125
0.312,-4.00390625,0.8408203125,2.6025390625
0.3125,-3.4033203125,-0.1201171875,2.9228515625
0.313,-3.283203125,-0.720703125,3.36328125
0.3135,-2.482421875,-1.76171875,3.6435546875
0.314,-2.1220703125,-2.322265625,3.84375
0.3145,-1.4013671875,-3.04296875,3.8037109375
0.315,-0.80078125,-3.36328125,3.5234375
0.3155,-0.16015625,-3.8037109375,3.283203125
0.316,0.8408203125,-4.0439453125,2.6025390625
0.3165,1.76171875,-4.404296875,2.001953125
0.317,2.322265625,-4.244140625,1.3212890625
0.3175,2.8828125,-4.3642578125,0.8408203125
0.318,3.04296875,-3.763671875,0.16015625
0.3185,3.3232421875,-3.603515625,-0.3203125
0.319,3.4833984375,-2.7626953125,-1.28125
0.3195,3.68359375,-2.322265625,-1.921875
0.32,3.5634765625,-1.521484375,-2.6025390625
0.3205,3.36328125,-0.880859375,-3.0830078125
0.321,2.802734375,0.0,-3.283203125
0.3215,2.482421875,0.720703125,-3.603515625
0.322,1.76171875,1.76171875,-3.923828125
0.3225,1.201171875,2.2421875,-3.84375
0.323,0.560546875,2.9228515625,-3.84375
0.3235,-0.16015625,3.1630859375,-3.36328125
0.324,-0.80078125,3.5634765625,-3.1630859375
0.3245,-1.9619140625,3.8037109375,-2.2421875
0.325,-2.7626953125,4.0439453125,-1.6416015625
0.3255,-3.2431640625,3.8037109375,-0.9609375
0.326,-3.763671875,3.763671875,-0.48046875
0.3265,-3.84375,3.1630859375,0.2802734375
0.327,-4.083984375,2.8427734375,0.80078125
0.3275,-4.32421875,1.921875,1.921875
0.328,-4.244140625,1.28125,2.4423828125
0.3285,-4.1640625,0.48046875,3.1630859375
0.329,-3.7236328125,-0.400390625,3.443359375
0.3295,-3.203125,-1.12109375,3.7236328125
0.33,-2.5625,-2.001953125,3.9638671875
0.3305,-1.841796875,-3.0029296875,4.2041015625
0.331,-1.0810546875,-3.443359375,3.84375
0.3315,-0.5205078125,-4.1240234375,3.923828125
0.332,0.3203125,-4.2041015625,3.203125
0.3325,1.041015625,-4.564453125,2.8828125
0.333,2.3623046875,-4.8447265625,1.841796875
0.3335,3.04296875,-4.8447265625,1.1611328125
0.334,3.5234375,-4.4443359375,0.3603515625
0.3345,3.84375,-4.244140625,-0.16015625
0.335,3.84375,-3.5234375,-0.9609375
0.3355,4.00390625,-2.962890625,-1.6015625
0.336,4.2841796875,-2.1220703125,-2.72265625
0.3365,3.8837890625,-1.28125,-3.1630859375
0.337,3.763671875,-0.5205078125,-3.84375
0.3375,3.04296875,0.48046875,-3.923828125
0.338,2.5625,1.201171875,-4.1640625
0.3385,1.7216796875,2.2421875,-4.3642578125
0.339,0.9609375,3.1630859375,-4.5244140625
0.3395,0.080078125,3.5234375,-3.923828125
0.34,-0.48046875,4.1240234375,-3.9638671875
0.3405,-1.4814453125,4.1240234375,-3.04296875
0.341,-2.2421875,4.404296875,-2.5625
0.3415,-3.5634765625,4.6044921875,-1.4814453125
0.342,-4.1240234375,4.3642578125,-0.6806640625
0.3425,-4.5244140625,4.00390625,0.080078125
0.343,-4.7646484375,3.6435546875,0.6806640625
0.3435,-4.7646484375,2.8427734375,1.44140625
0.344,-4.8046875,2.0419921875,2.2421875
0.3445,-5.0849609375,1.1611328125,3.36328125
0.345,-4.3642578125,0.1201171875,3.68359375
0.3455,-4.32421875,-0.640625,4.32421875
0.346,-3.283203125,-1.6416015625,4.3642578125
0.3465,-2.8427734375,-2.4423828125,4.6044921875
0.347,-1.8017578125,-3.5634765625,4.6845703125
0.3475,-0.9208984375,-4.3642578125,4.6044921875
0.348,0.0,-4.64453125,3.9638671875
0.3485,0.6005859375,-5.1650390625,3.8837890625
0.349,1.841796875,-5.1650390625,2.72265625
0.3495,2.5224609375,-5.3251953125,2.162109375
0.35,3.84375,-5.4853515625,1.0009765625
0.3505,4.2041015625,-4.96484375,0.16015625
0.351,4.5244140625,-4.6044921875,-0.560546875
0.3515,4.64453125,-3.9638671875,-1.28125
0.352,4.64453125,-3.0830078125,-2.2021484375
0.3525,4.6044921875,-2.2822265625,-2.962890625
0.353,4.8046875,-1.3212890625,-4.0439453125
0.3535,3.923828125,-0.16015625,-4.244140625
0.354,3.8037109375,0.560546875,-4.7646484375
0.3545,2.6025390625,1.76171875,-4.724609375
0.355,2.001953125,2.5224609375,-4.884765625
0.3555,0.9609375,3.6435546875,-4.884765625
0.356,0.0,4.32421875,-4.64453125
0.3565,-0.8408203125,4.484375,-4.00390625
0.357,-1.6015625,4.96484375,-3.68359375
0.3575,-2.8828125,4.96484375,-2.4423828125
0.358,-3.5634765625,4.96484375,-1.8017578125
0.3585,-4.7646484375,5.044921875,-0.6806640625
0.359,-4.96484375,4.32421875,0.2001953125
0.3595,-5.28515625,4.00390625,0.80078125
0.36,-5.3251953125,3.0830078125,1.76171875
0.3605,-5.3251953125,2.2021484375,2.6025390625
0.361,-5.205078125,1.28125,3.36328125
0.3615,-5.205078125,0.400390625,4.32421875
0.362,-4.2041015625,-0.80078125,4.484375
0.3625,-4.1240234375,-1.44140625,4.96484375
0.363,-2.72265625,-2.8427734375,4.9248046875
0.3635,-2.162109375,-3.5634765625,5.0048828125
0.364,-1.0009765625,-4.564453125,4.884765625
0.3645,-0.080078125,-5.125,4.484375
0.365,0.7607421875,-5.28515625,3.84375
0.3655,1.6015625,-5.6455078125,3.36328125
0.366,2.8828125,-5.6455078125,2.08203125
0.3665,3.5234375,-5.525390625,1.4013671875
0.367,4.564453125,-5.5654296875,0.3603515625
0.3675,4.64453125,-4.7646484375,-0.5205078125
0.368,4.9248046875,-4.4443359375,-1.0810546875
0.3685,4.9248046875,-3.36328125,-2.2021484375
0.369,4.9248046875,-2.6025390625,-2.962890625
0.3695,4.724609375,-1.521484375,-3.7236328125
0.37,4.64453125,-0.640625,-4.5244140625
0.3705,3.5634765625,0.6005859375,-4.6044921875
0.371,3.36328125,1.2412109375,-5.0048828125
0.3715,1.9619140625,2.6025390625,-4.96484375
0.372,1.44140625,3.203125,-5.0048828125
0.3725,0.3203125,4.1240234375,-4.8046875
0.373,-0.6005859375,4.6044921875,-4.3642578125
0.3735,-1.3212890625,4.8046875,-3.8037109375
0.374,-2.3623046875,5.0849609375,-3.0830078125
0.3745,-3.5634765625,5.0849609375,-1.921875
0.375,-4.1240234375,4.884765625,-1.1611328125
0.3755,-5.0048828125,4.8447265625,-0.2802734375
0.376,-5.0849609375,3.9638671875,0.6005859375
0.3765,-5.3251953125,3.68359375,1.12109375
0.377,-5.28515625,2.4423828125,2.322265625
0.3775,-5.28515625,1.841796875,3.04296875
0.378,-5.0048828125,0.720703125,3.8037109375
0.3785,-4.8447265625,-0.16015625,4.4443359375
0.379,-3.8837890625,-1.28125,4.5244140625
0.3795,-3.5634765625,-1.9619140625,4.8447265625
0.38,-2.2021484375,-3.36328125,4.9248046875
0.3805,-1.6416015625,-3.84375,4.8046875
0.381,-0.640625,-4.724609375,4.64453125
0.3815,0.2802734375,-5.0048828125,4.00390625
0.382,0.9609375,-5.28515625,3.603515625
0.3825,2.1220703125,-5.4453125,2.6826171875
0.383,3.1630859375,-5.525390625,1.76171875
0.3835,3.68359375,-5.205078125,0.880859375
0.384,4.484375,-5.205078125,0.1201171875
0.3845,4.4443359375,-4.2841796875,-0.80078125
0.385,4.64453125,-4.0439453125,-1.28125
0.3855,4.6044921875,-2.72265625,-2.4423828125
0.386,4.64453125,-2.2021484375,-3.0029296875
0.3865,4.404296875,-1.12109375,-3.8037109375
0.387,4.00390625,-0.2802734375,-4.244140625
0.3875,3.203125,0.7607421875,-4.3642578125
0.388,2.7626953125,1.4814453125,-4.64453125
0.3885,1.6416015625,2.72265625,-4.724609375
0.389,1.0810546875,3.1630859375,-4.564453125
0.3895,0.16015625,3.9638671875,-4.484375
0.39,-0.720703125,4.1240234375,-3.8037109375
0.3905,-1.3212890625,4.484375,-3.4833984375
0.391,-2.5625,4.6044921875,-2.40234375
0.3915,-3.36328125,4.724609375,-1.7216796875
0.392,-3.923828125,4.32421875,-0.9208984375
0.3925,-4.5244140625,4.2041015625,-0.2802734375
0.393,-4.5244140625,3.443359375,0.560546875
0.3935,-4.724609375,3.203125,1.0810546875
0.394,-4.8447265625,2.08203125,2.2421875
0.3945,-4.7646484375,1.5615234375,2.6826171875
0.395,-4.64453125,0.6005859375,3.5234375
0.3955,-4.083984375,-0.3203125,3.84375
0.396,-3.603515625,-1.1611328125,4.1240234375
0.3965,-2.8828125,-2.001953125,4.32421875
0.397,-2.162109375,-3.04296875,4.5244140625
0.3975,-1.4013671875,-3.4833984375,4.2041015625
0.398,-0.6806640625,-4.2041015625,4.2041015625
0.3985,0.16015625,-4.3642578125,3.5234375
0.399,0.7607421875,-4.7646484375,3.36328125
0.3995,2.0419921875,-4.884765625,2.2021484375
0.4,2.6826171875,-5.044921875,1.681640625
0.4005,3.3232421875,-4.7646484375,0.80078125
0.401,3.68359375,-4.564453125,0.2001953125
0.4015,3.84375,-3.8837890625,-0.5205078125
0.402,3.9638671875,-3.4833984375,-1.041015625
0.4025,4.1640625,-2.6025390625,-2.1220703125
0.403,4.00390625,-1.9619140625,-2.5625
0.4035,4.00390625,-1.12109375,-3.36328125
0.404,3.283203125,-0.2001953125,-3.5634765625
0.4045,3.04296875,0.5205078125,-3.923828125
0.405,2.162109375,1.521484375,-4.0439453125
0.4055,1.681640625,2.2822265625,-4.32421875
0.406,0.880859375,2.802734375,-4.00390625
0.4065,0.2802734375,3.4033203125,-4.00390625
0.407,-0.6005859375,3.5234375,-3.3232421875
0.4075,-1.2412109375,3.8837890625,-3.0830078125
0.408,-2.40234375,4.083984375,-2.08203125
0.4085,-2.8828125,4.0439453125,-1.6416015625
0.409,-3.5234375,3.9638671875,-0.9208984375
0.4095,-3.7236328125,3.603515625,-0.3203125
0.41,-4.00390625,3.2431640625,0.2802734375
0.4105,-4.0439453125,2.6025390625,1.0009765625
0.411,-4.404296875,2.0419921875,1.8818359375
0.4115,-4.1640625,1.28125,2.3623046875
0.412,-4.244140625,0.640625,3.04296875
0.4125,-3.4833984375,-0.3203125,3.2431640625
0.413,-3.4033203125,-0.9208984375,3.7236328125
0.4135,-2.482421875,-2.001953125,3.84375
0.414,-2.1220703125,-2.5625,4.083984375
0.4145,-1.3212890625,-3.1630859375,3.84375
0.415,-0.80078125,-3.603515625,3.763671875
0.4155,0.0,-3.8837890625,3.2431640625
0.416,0.7607421875,-4.244140625,2.8427734375
0.4165,1.8818359375,-4.564453125,2.0419921875
0.417,2.2822265625,-4.4443359375,1.521484375
0.4175,2.8828125,-4.484375,0.9609375
0.418,3.04296875,-3.8837890625,0.3203125
0.4185,3.4033203125,-3.7236328125,-0.240234375
0.419,3.4833984375,-2.962890625,-1.0810546875
0.4195,3.84375,-2.6025390625,-1.76171875
0.42,3.5634765625,-1.7216796875,-2.322265625
0.4205,3.5634765625,-1.201171875,-2.8828125
0.421,2.8427734375,-0.2001953125,-3.123046875
0.4215,2.72265625,0.400390625,-3.5634765625
0.422,1.921875,1.44140625,-3.8037109375
0.4225,1.5615234375,1.921875,-3.84375
0.423,0.880859375,2.5224609375,-3.8037109375
0.4235,0.2802734375,2.8427734375,-3.4833984375
0.424,-0.48046875,3.203125,-3.203125
0.4245,-1.361328125,3.443359375,-2.5625
0.425,-2.2021484375,3.763671875,-2.08203125
0.4255,-2.6025390625,3.603515625,-1.44140625
0.426,-3.0830078125,3.7236328125,-1.041015625
0.4265,-3.2431640625,3.1630859375,-0.3603515625
0.427,-3.5634765625,3.04296875,0.1201171875
0.4275,-3.8037109375,2.2822265625,1.041015625
0.428,-4.00390625,1.921875,1.5615234375
0.4285,-3.8837890625,1.12109375,2.2421875
0.429,-3.7236328125,0.560546875,2.6826171875
0.4295,-3.283203125,-0.3603515625,3.0830078125
0.43,-2.9228515625,-1.041015625,3.4033203125
0.4305,-2.4423828125,-1.9619140625,3.763671875
0.431,-1.8818359375,-2.40234375,3.6435546875
0.4315,-1.3212890625,-3.0830078125,3.8037109375
0.432,-0.640625,-3.36328125,3.283203125
0.4325,0.080078125,-3.8837890625,3.1630859375
0.433,1.12109375,-4.1640625,2.322265625
0.4335,1.76171875,-4.3642578125,1.9619140625
0.434,2.2822265625,-4.1640625,1.28125
0.4345,2.6826171875,-4.1640625,0.9208984375
0.435,2.8828125,-3.603515625,0.1201171875
0.4355,3.1630859375,-3.36328125,-0.400390625
0.436,3.5234375,-2.72265625,-1.361328125
0.4365,3.4833984375,-2.2021484375,-1.841796875
0.437,3.4833984375,-1.44140625,-2.5625
0.4375,3.0029296875,-0.6806640625,-2.7626953125
0.438,2.7626953125,0.0400390625,-3.2431640625
0.4385,2.162109375,0.9609375,-3.5234375
0.439,1.76171875,1.6416015625,-3.84375
0.4395,1.0810546875,2.1220703125,-3.5634765625
0.44,0.640625,2.642578125,-3.7236328125
0.4405,-0.2001953125,2.8427734375,-3.1630859375
0.441,-0.9208984375,3.3232421875,-2.8828125
0.4415,-1.9619140625,3.603515625,-2.08203125
0.442,-2.4423828125,3.68359375,-1.6015625
0.4425,-2.962890625,3.5634765625,-1.041015625
0.443,-3.203125,3.3232421875,-0.6005859375
0.4435,-3.4833984375,2.9228515625,0.080078125
0.444,-3.6435546875,2.4423828125,0.7607421875
0.4445,-4.00390625,1.9619140625,1.5615234375
0.445,-3.7236328125,1.2412109375,2.0419921875
0.4455,-3.8837890625,0.6806640625,2.6826171875
0.446,-3.203125,-0.2802734375,2.8828125
0.4465,-3.123046875,-0.8408203125,3.36328125
0.447,-2.3623046875,-1.8818359375,3.603515625
0.4475,-1.9619140625,-2.4423828125,3.763671875
0.448,-1.28125,-2.962890625,3.5634765625
0.4485,-0.80078125,-3.443359375,3.5234375
0.449,0.0400390625,-3.68359375,3.0029296875
0.4495,0.8408203125,-4.0439453125,2.6025390625
0.45,1.921875,-4.3642578125,1.841796875
0.4505,2.2822265625,-4.1640625,1.28125
0.451,2.8427734375,-4.2041015625,0.80078125
0.4515,2.962890625,-3.7236328125,0.16015625
0.452,3.283203125,-3.4033203125,-0.4404296875
0.4525,3.4833984375,-2.72265625,-1.28125
0.453,3.7236328125,-2.2822265625,-2.001953125
0.4535,3.36328125,-1.361328125,-2.5625
0.454,3.36328125,-0.80078125,-3.0830078125
0.4545,2.6025390625,0.1201171875,-3.203125
0.455,2.40234375,0.80078125,-3.6435546875
0.4555,1.6416015625,1.841796875,-3.8837890625
0.456,1.0810546875,2.2822265625,-3.84375
0.4565,0.48046875,2.8427734375,-3.7236328125
0.457,-0.2001953125,3.203125,-3.36328125
0.4575,-1.041015625,3.4833984375,-2.8427734375
0.458,-1.9619140625,3.8037109375,-2.2021484375
0.4585,-2.8828125,4.00390625,-1.5615234375
0.459,-3.203125,3.603515625,-0.80078125
0.4595,-3.7236328125,3.68359375,-0.400390625
0.46,-3.7236328125,2.9228515625,0.3203125
0.4605,-4.00390625,2.6025390625,0.9609375
0.461,-4.1640625,1.8017578125,1.921875
0.4615,-4.1640625,1.201171875,2.5224609375
0.462,-3.8037109375,0.2802734375,3.0029296875
0.4625,-3.603515625,-0.3603515625,3.4033203125
0.463,-2.8828125,-1.28125,3.5234375
0.4635,-2.482421875,-2.001953125,3.84375
0.464,-1.7216796875,-3.04296875,4.0439453125
0.4645,-1.0009765625,-3.4033203125,3.68359375
0.465,-0.48046875,-3.8837890625,3.763671875
0.4655,0.400390625,-4.1240234375,3.04296875
0.466,1.201171875,-4.404296875,2.5625
0.4665,2.2421875,-4.6044921875,1.76171875
0.467,3.0029296875,-4.6845703125,1.12109375
0.4675,3.2431640625,-4.1640625,0.3603515625
0.468,3.6435546875,-4.1640625,-0.080078125
0.4685,3.68359375,-3.283203125,-0.9609375
0.469,3.8837890625,-2.8828125,-1.6015625
0.4695,4.083984375,-1.9619140625,-2.642578125
0.47,3.84375,-1.2412109375,-3.1630859375
0.4705,3.4833984375,-0.3203125,-3.603515625
0.471,3.0029296875,0.4404296875,-3.84375
0.4715,2.2421875,1.4013671875,-4.0439453125
0.472,1.6416015625,2.162109375,-4.2841796875
0.4725,0.8408203125,3.123046875,-4.3642578125
0.473,0.0,3.443359375,-3.8037109375
0.4735,-0.5205078125,3.923828125,-3.8037109375
0.474,-1.7216796875,4.1240234375,-2.7626953125
0.4745,-2.482421875,4.32421875,-2.2421875
0.475,-3.4833984375,4.32421875,-1.28125
0.4755,-4.0439453125,4.2841796875,-0.640625
0.476,-4.244140625,3.68359375,0.1201171875
0.4765,-4.5244140625,3.443359375,0.640625
0.477,-4.6044921875,2.40234375,1.7216796875
0.4775,-4.6044921875,1.8818359375,2.2822265625
0.478,-4.7646484375,0.9609375,3.3232421875
0.4785,-4.1640625,0.0,3.68359375
0.479,-3.8837890625,-0.80078125,4.1240234375
0.4795,-3.0830078125,-1.8017578125,4.2841796875
0.48,-2.2822265625,-2.8427734375,4.4443359375
0.4805,-1.5615234375,-3.5634765625,4.404296875
0.481,-0.720703125,-4.3642578125,4.404296875
0.4815,0.1201171875,-4.5244140625,3.7236328125
0.482,0.6806640625,-4.96484375,3.5634765625
0.4825,2.0419921875,-5.0849609375,2.3623046875
0.483,2.7626953125,-5.125,1.76171875
0.4835,3.7236328125,-5.0849609375,0.7607421875
0.484,4.1240234375,-4.8046875,0.080078125
0.4845,4.2841796875,-4.2041015625,-0.640625
0.485,4.484375,-3.7236328125,-1.28125
0.4855,4.5244140625,-2.642578125,-2.4423828125
0.486,4.404296875,-1.9619140625,-2.9228515625
0.4865,4.484375,-1.041015625,-3.9638671875
0.487,3.68359375,0.0400390625,-4.2041015625
0.4875,3.443359375,0.6806640625,-4.6845703125
0.488,2.40234375,1.921875,-4.6845703125
0.4885,1.5615234375,2.8427734375,-4.8447265625
0.489,0.720703125,3.5634765625,-4.6044921875
0.4895,-0.2001953125,4.3642578125,-4.5244140625
0.49,-1.0810546875,4.4443359375,-3.7236328125
0.4905,-1.76171875,4.8046875,-3.4033203125
0.491,-3.2431640625,4.9248046875,-2.08203125
0.4915,-3.8837890625,4.8447265625,-1.3212890625
0.492,-4.6845703125,4.64453125,-0.400390625
0.4925,-5.044921875,4.2041015625,0.400390625
0.493,-5.125,3.5634765625,1.12109375
0.4935,-5.205078125,2.8427734375,1.921875
0.494,-5.28515625,1.76171875,3.04296875
0.4945,-4.9248046875,0.9609375,3.5234375
0.495,-4.96484375,0.0,4.404296875
0.4955,-4.00390625,-1.12109375,4.6044921875
0.496,-3.603515625,-1.8818359375,4.8046875
0.4965,-2.40234375,-3.203125,4.8447265625
0.497,-1.6015625,-3.9638671875,4.9248046875
0.4975,-0.640625,-4.564453125,4.484375
0.498,0.2001953125,-5.205078125,4.32421875
0.4985,1.0810546875,-5.205078125,3.5234375
0.499,1.841796875,-5.525390625,3.0830078125
0.4995,3.3232421875,-5.6455078125,1.681640625
0.5,3.84375,-5.4052734375,0.9208984375
0.5005,4.6044921875,-5.1650390625,0.0
0.501,4.7646484375,-4.564453125,-0.80078125
0.5015,4.8046875,-3.923828125,-1.44140625
0.502,4.8447265625,-3.0830078125,-2.322265625
0.5025,4.96484375,-2.08203125,-3.4033203125
0.503,4.484375,-1.1611328125,-3.84375
0.5035,4.4443359375,-0.3603515625,-4.7646484375
0.504,3.36328125,0.880859375,-4.724609375
0.5045,2.8828125,1.44140625,-4.9248046875
0.505,1.7216796875,2.9228515625,-5.0048828125
0.5055,1.0009765625,3.68359375,-5.0048828125
0.506,-0.1201171875,4.2841796875,-4.5244140625
0.5065,-0.8408203125,4.8046875,-4.32421875
0.507,-1.76171875,4.8046875,-3.36328125
0.5075,-2.6025390625,5.0849609375,-2.8427734375
0.508,-4.083984375,5.205078125,-1.521484375
0.5085,-4.5244140625,4.8046875,-0.6806640625
0.509,-5.1650390625,4.564453125,0.16015625
0.5095,-5.28515625,3.84375,0.9609375
0.51,-5.28515625,3.2431640625,1.6015625
0.5105,-5.28515625,2.2021484375,2.642578125
0.511,-5.4453125,1.28125,3.603515625
0.5115,-4.7646484375,0.2802734375,3.9638671875
0.512,-4.724609375,-0.640625,4.724609375
0.5125,-3.5234375,-1.8017578125,4.5244140625
0.513,-3.203125,-2.322265625,4.9248046875
0.5135,-1.921875,-3.763671875,4.96484375
0.514,-1.1611328125,-4.3642578125,4.8046875
0.5145,-0.16015625,-4.884765625,4.32421875
0.515,0.6005859375,-5.28515625,4.00390625
0.5155,1.44140625,-5.28515625,3.1630859375
0.516,2.40234375,-5.4853515625,2.4423828125
0.5165,3.7236328125,-5.6455078125,1.28125
0.517,4.0439453125,-5.0849609375,0.4404296875
0.5175,4.64453125,-5.0048828125,-0.3203125
0.518,4.6044921875,-4.083984375,-1.12109375
0.5185,4.724609375,-3.5634765625,-1.6416015625
0.519,4.724609375,-2.5224609375,-2.7626953125
0.5195,4.7646484375,-1.8017578125,-3.603515625
0.52,4.1240234375,-0.6806640625,-4.00390625
0.5205,3.9638671875,0.1201171875,-4.564453125
0.521,2.8828125,1.201171875,-4.5244140625
0.5215,2.5224609375,1.841796875,-4.8046875
0.522,1.361328125,3.203125,-4.9248046875
0.5225,0.6005859375,3.68359375,-4.6044921875
0.523,-0.3203125,4.244140625,-4.2841796875
0.5235,-1.041015625,4.484375,-3.8037109375
0.524,-1.8818359375,4.6044921875,-3.0830078125
0.5245,-2.8828125,4.7646484375,-2.2421875
0.525,-4.0439453125,4.9248046875,-1.28125
0.5255,-4.32421875,4.2841796875,-0.400390625
0.526,-4.8447265625,4.244140625,0.240234375
0.5265,-4.7646484375,3.283203125,1.0009765625
0.527,-4.884765625,2.8828125,1.5615234375
0.5275,-4.96484375,1.76171875,2.6826171875
0.528,-4.884765625,1.0009765625,3.283203125
0.5285,-4.404296875,0.0,3.8037109375
0.529,-4.1240234375,-0.6806640625,4.2041015625
0.5295,-3.203125,-1.6416015625,4.244140625
0.53,-2.72265625,-2.40234375,4.4443359375
0.5305,-1.7216796875,-3.5234375,4.6044921875
0.531,-0.9609375,-3.8837890625,4.1240234375
0.5315,-0.3203125,-4.484375,4.1240234375
0.532,0.560546875,-4.564453125,3.36328125
0.5325,1.2412109375,-4.8447265625,2.962890625
0.533,2.3623046875,-5.0048828125,1.9619140625
0.5335,3.203125,-5.0849609375,1.2412109375
0.534,3.5234375,-4.5244140625,0.4404296875
0.5345,3.9638671875,-4.5244140625,0.0
0.535,3.923828125,-3.603515625,-0.8408203125
0.5355,4.083984375,-3.3232421875,-1.4013671875
0.536,4.2841796875,-2.322265625,-2.5625
0.5365,4.083984375,-1.7216796875,-2.962890625
0.537,3.84375,-0.6806640625,-3.603515625
0.5375,3.3232421875,0.0400390625,-3.84375
0.538,2.72265625,0.9208984375,-4.0439453125
0.5385,2.08203125,1.76171875,-4.244140625
0.539,1.361328125,2.72265625,-4.484375
0.5395,0.560546875,3.04296875,-3.9638671875
0.54,0.0,3.7236328125,-4.0439453125
0.5405,-0.9208984375,3.763671875,-3.203125
0.541,-1.6416015625,4.1240234375,-2.8828125
0.5415,-2.802734375,4.2841796875,-1.8818359375
0.542,-3.4033203125,4.2041015625,-1.28125
0.5425,-3.8037109375,3.84375,-0.5205078125
0.543,-4.0439453125,3.68359375,0.0
0.5435,-4.1240234375,2.9228515625,0.720703125
0.544,-4.244140625,2.40234375,1.3212890625
0.5445,-4.5244140625,1.6416015625,2.322265625
0.545,-4.1240234375,0.9208984375,2.72265625
0.5455,-4.1240234375,0.16015625,3.36328125
0.546,-3.36328125,-0.720703125,3.4833984375
0.5465,-3.0830078125,-1.4013671875,3.84375
0.547,-2.2822265625,-2.322265625,3.9638671875
0.5475,-1.7216796875,-2.962890625,4.083984375
0.548,-0.9609375,-3.36328125,3.68359375
0.5485,-0.5205078125,-3.8837890625,3.7236328125
0.549,0.400390625,-4.00390625,2.962890625
0.5495,1.12109375,-4.3642578125,2.642578125
0.55,2.2021484375,-4.564453125,1.76171875
0.5505,2.5625,-4.404296875,1.28125
0.551,3.0830078125,-4.32421875,0.640625
0.5515,3.1630859375,-3.8837890625,0.0400390625
0.552,3.443359375,-3.5234375,-0.6005859375
0.5525,3.5634765625,-2.8828125,-1.3212890625
0.553,3.8837890625,-2.322265625,-2.1220703125
0.5535,3.4833984375,-1.4814453125,-2.5224609375
0.554,3.5634765625,-0.9208984375,-3.203125
0.5545,2.802734375,0.0400390625,-3.283203125
0.555,2.642578125,0.6806640625,-3.8037109375
0.5555,1.841796875,1.7216796875,-3.9638671875
0.556,1.3212890625,2.2421875,-3.9638671875
0.5565,0.6005859375,2.7626953125,-3.763671875
0.557,0.0400390625,3.1630859375,-3.5634765625
0.5575,-0.8408203125,3.4033203125,-2.9228515625
0.558,-1.6416015625,3.763671875,-2.482421875
0.5585,-2.6025390625,3.9638671875,-1.76171875
0.559,-2.8828125,3.6435546875,-1.1611328125
0.5595,-3.443359375,3.68359375,-0.7607421875
0.56,-3.4833984375,3.04296875,-0.080078125
0.5605,-3.84375,2.7626953125,0.5205078125
0.561,-3.923828125,2.0419921875,1.4013671875
0.5615,-4.1240234375,1.6015625,1.9619140625
0.562,-3.7236328125,0.7607421875,2.5224609375
0.5625,-3.7236328125,0.240234375,2.9228515625
0.563,-3.0029296875,-0.6806640625,3.1630859375
0.5635,-2.802734375,-1.361328125,3.5634765625
0.564,-2.08203125,-2.2822265625,3.763671875
0.5645,-1.6015625,-2.6025390625,3.5634765625
0.565,-1.12109375,-3.203125,3.6435546875
0.5655,-0.3603515625,-3.4833984375,3.1630859375
0.566,0.3603515625,-3.84375,2.8427734375
0.5665,1.28125,-4.1240234375,2.2021484375
0.567,1.9619140625,-4.3642578125,1.76171875
0.5675,2.322265625,-4.0439453125,1.0810546875
0.568,2.72265625,-4.1640625,0.80078125
0.5685,2.8828125,-3.5234375,0.0
0.569,3.283203125,-3.283203125,-0.560546875
0.5695,3.5234375,-2.5625,-1.521484375
0.57,3.5234375,-2.1220703125,-1.9619140625
0.5705,3.3232421875,-1.28125,-2.6025390625
0.571,3.0830078125,-0.640625,-2.9228515625
0.5715,2.6025390625,0.2802734375,-3.3232421875
0.572,2.2421875,1.041015625,-3.68359375
0.5725,1.6416015625,1.8818359375,-3.8837890625
0.573,1.0009765625,2.2421875,-3.603515625
0.5735,0.5205078125,2.8427734375,-3.7236328125
0.574,-0.400390625,3.04296875,-3.04296875
0.5745,-1.1611328125,3.5234375,-2.7626953125
0.575,-2.1220703125,3.68359375,-1.9619140625
0.5755,-2.6826171875,3.68359375,-1.521484375
0.576,-3.04296875,3.4033203125,-0.9208984375
0.5765,-3.283203125,3.3232421875,-0.5205078125
0.577,-3.4833984375,2.72265625,0.3203125
0.5775,-3.8037109375,2.3623046875,0.9208984375
0.578,-4.00390625,1.76171875,1.841796875
0.5785,-3.763671875,1.0009765625,2.2421875
0.579,-3.7236328125,0.3603515625,2.8427734375
0.5795,-3.123046875,-0.4404296875,3.04296875
0.58,-2.8427734375,-1.1611328125,3.443359375
0.5805,-2.2421875,-1.9619140625,3.603515625
0.581,-1.76171875,-2.6025390625,3.7236328125
0.5815,-1.12109375,-2.962890625,3.443359375
0.582,-0.640625,-3.4833984375,3.443359375
0.5825,0.3203125,-3.6435546875,2.6826171875
0.583,1.0009765625,-4.0439453125,2.40234375
0.5835,1.9619140625,-4.2841796875,1.6416015625
0.584,2.322265625,-4.1640625,1.1611328125
0.5845,2.72265625,-4.0439453125,0.640625
0.585,2.8828125,-3.603515625,0.16015625
0.5855,3.1630859375,-3.203125,-0.6005859375
0.586,3.4033203125,-2.642578125,-1.3212890625
0.5865,3.68359375,-2.1220703125,-2.08203125
0.587,3.2431640625,-1.28125,-2.5224609375
0.5875,3.3232421875,-0.720703125,-3.0830078125
0.588,2.5625,0.240234375,-3.203125
0.5885,2.3623046875,0.9609375,-3.7236328125
0.589,1.6015625,1.841796875,-3.84375
0.5895,1.0009765625,2.40234375,-3.84375
0.59,0.3603515625,2.8427734375,-3.5634765625
0.5905,-0.2802734375,3.2431640625,-3.36328125
0.591,-1.28125,3.5234375,-2.5625
0.5915,-2.08203125,3.763671875,-2.162109375
0.592,-2.8828125,3.923828125,-1.44140625
0.5925,-3.203125,3.5234375,-0.80078125
0.593,-3.603515625,3.5234375,-0.3603515625
0.5935,-3.7236328125,2.802734375,0.4404296875
0.594,-4.00390625,2.40234375,1.12109375
0.5945,-4.0439453125,1.6015625,1.921875
0.595,-4.1640625,1.0810546875,2.6025390625
0.5955,-3.603515625,0.1201171875,3.0029296875
0.596,-3.5634765625,-0.48046875,3.443359375
0.5965,-2.6025390625,-1.5615234375,3.5634765625
0.597,-2.2822265625,-2.2021484375,3.84375
0.5975,-1.521484375,-3.0029296875,3.8837890625
0.598,-0.880859375,-3.4033203125,3.6435546875
0.5985,-0.3203125,-3.8037109375,3.443359375
0.599,0.6005859375,-4.083984375,2.8427734375
0.5995,1.5615234375,-4.3642578125,2.162109375
0.6,2.2421875,-4.4443359375,1.521484375
0.6005,2.962890625,-4.564453125,0.9208984375
0.601,3.0830078125,-3.9638671875,0.2802734375
0.6015,3.443359375,-3.8837890625,-0.16015625
0.602,3.4833984375,-3.0029296875,-1.0810546875
0.6025,3.8037109375,-2.6025390625,-1.681640625
0.603,3.8037109375,-1.76171875,-2.5625
0.6035,3.7236328125,-1.0810546875,-3.1630859375
0.604,3.1630859375,-0.2001953125,-3.4033203125
0.6045,2.8828125,0.48046875,-3.8037109375
0.605,1.9619140625,1.6015625,-3.9638671875
0.6055,1.5615234375,2.2021484375,-4.1640625
0.606,0.6806640625,3.0830078125,-4.1640625
0.6065,0.0,3.4033203125,-3.7236328125
0.607,-0.6806640625,3.8037109375,-3.5234375
0.6075,-1.8017578125,4.00390625,-2.642578125
0.608,-2.7626953125,4.2041015625,-1.9619140625
0.6085,-3.443359375,4.1240234375,-1.1611328125
0.609,-4.0439453125,4.1240234375,-0.5205078125
0.6095,-4.1640625,3.4833984375,0.2802734375
0.61,-4.4443359375,3.2431640625,0.720703125
0.6105,-4.5244140625,2.162109375,1.921875
0.611,-4.564453125,1.6015625,2.5224609375
0.6115,-4.484375,0.640625,3.283203125
0.612,-4.1240234375,-0.2001953125,3.763671875
0.6125,-3.4833984375,-1.041015625,3.9638671875
0.613,-2.8828125,-1.9619140625,4.2041015625
0.6135,-1.9619140625,-3.0830078125,4.404296875
0.614,-1.28125,-3.5634765625,4.1640625
0.6145,-0.5205078125,-4.32421875,4.1240234375
0.615,0.2802734375,-4.4443359375,3.5234375
0.6155,0.9208984375,-4.8046875,3.1630859375
0.616,2.2021484375,-5.0048828125,2.0419921875
0.6165,3.123046875,-5.125,1.3212890625
0.617,3.6435546875,-4.724609375,0.48046875
0.6175,4.1240234375,-4.64453125,-0.16015625
0.618,4.083984375,-3.8037109375,-0.8408203125
0.6185,4.2841796875,-3.443359375,-1.4013671875
0.619,4.404296875,-2.322265625,-2.642578125
0.6195,4.2041015625,-1.6416015625,-3.1630859375
0.62,4.1240234375,-0.720703125,-3.923828125
0.6205,3.5234375,0.240234375,-4.1640625
0.621,2.9228515625,1.0009765625,-4.3642578125
0.6215,2.162109375,2.001953125,-4.564453125
0.622,1.28125,3.1630859375,-4.7646484375
0.6225,0.400390625,3.5634765625,-4.32421875
0.623,-0.3603515625,4.32421875,-4.32421875
0.6235,-1.2412109375,4.32421875,-3.5234375
0.624,-1.9619140625,4.6845703125,-3.1630859375
0.6245,-3.4033203125,4.8046875,-1.8818359375
0.625,-4.2041015625,4.8046875,-1.0009765625
0.6255,-4.6845703125,4.32421875,-0.080078125
0.626,-5.125,4.1240234375,0.560546875
0.6265,-5.0048828125,3.203125,1.3212890625
0.627,-5.125,2.6025390625,2.0419921875
0.6275,-5.3251953125,1.4814453125,3.3232421875
0.628,-4.8447265625,0.560546875,3.763671875
0.6285,-4.64453125,-0.400390625,4.484375
0.629,-3.84375,-1.361328125,4.64453125
0.6295,-3.203125,-2.2021484375,4.7646484375
0.63,-2.2021484375,-3.283203125,4.8447265625
0.6305,-1.2412109375,-4.3642578125,4.96484375
0.631,-0.2802734375,-4.6845703125,4.244140625
0.6315,0.400390625,-5.3251953125,4.2041015625
0.632,1.361328125,-5.28515625,3.1630859375
0.6325,2.08203125,-5.4853515625,2.6826171875
0.633,3.5634765625,-5.6455078125,1.4013671875
0.6335,4.1640625,-5.28515625,0.5205078125
0.634,4.6044921875,-4.8447265625,-0.3603515625
0.6345,4.8447265625,-4.4443359375,-1.0009765625
0.635,4.724609375,-3.5234375,-1.76171875
0.6355,4.724609375,-2.72265625,-2.5224609375
0.636,4.96484375,-1.7216796875,-3.763671875
0.6365,4.32421875,-0.6806640625,-4.0439453125
0.637,4.1240234375,0.2001953125,-4.7646484375
0.6375,3.1630859375,1.201171875,-4.724609375
0.638,2.6025390625,1.921875,-4.9248046875
0.6385,1.521484375,3.123046875,-5.0048828125
0.639,0.640625,4.0439453125,-5.0048828125
0.6395,-0.400390625,4.32421875,-4.2841796875
0.64,-1.041015625,4.9248046875,-4.244140625
0.6405,-2.162109375,4.8046875,-3.123046875
0.641,-2.8828125,5.044921875,-2.5224609375
0.6415,-4.3642578125,5.205078125,-1.2412109375
0.642,-4.8447265625,4.7646484375,-0.3203125
0.6425,-5.2451171875,4.32421875,0.48046875
0.643,-5.4052734375,3.8037109375,1.201171875
0.6435,-5.365234375,2.8427734375,2.0419921875
0.644,-5.3251953125,1.9619140625,2.8427734375
0.6445,-5.525390625,0.9609375,4.0439453125
0.645,-4.64453125,-0.2001953125,4.32421875
0.6455,-4.5244140625,-1.0009765625,4.9248046875
0.646,-3.36328125,-2.08203125,4.8447265625
0.6465,-2.7626953125,-2.8828125,4.96484375
0.647,-1.6416015625,-4.0439453125,4.96484375
0.6475,-0.6806640625,-4.8447265625,4.8046875
0.648,0.2802734375,-5.125,4.083984375
0.6485,0.9208984375,-5.525390625,3.8837890625
0.649,2.08203125,-5.4453125,2.72265625
0.6495,2.7626953125,-5.525390625,2.1220703125
0.65,4.1240234375,-5.6455078125,0.9208984375
0.6505,4.404296875,-5.0048828125,0.0400390625
0.651,4.7646484375,-4.6845703125,-0.640625
0.6515,4.7646484375,-3.923828125,-1.4013671875
0.652,4.7646484375,-3.1630859375,-2.2021484375
0.6525,4.724609375,-2.2421875,-3.04296875
0.653,4.8447265625,-1.3212890625,-4.00390625
0.6535,3.9638671875,-0.16015625,-4.244140625
0.654,3.84375,0.5205078125,-4.8046875
0.6545,2.6826171875,1.6416015625,-4.64453125
0.655,2.2021484375,2.3623046875,-4.884765625
0.6555,1.0810546875,3.443359375,-4.9248046875
0.656,0.16015625,4.0439453125,-4.6044921875
0.6565,-0.6806640625,4.3642578125,-4.1240234375
0.657,-1.4013671875,4.7646484375,-3.7236328125
0.6575,-2.5625,4.8046875,-2.6025390625
0.658,-3.283203125,4.8447265625,-1.9619140625
0.6585,-4.484375,4.96484375,-0.9208984375
0.659,-4.64453125,4.244140625,0.0
0.6595,-5.0849609375,4.1240234375,0.560546875
0.66,-5.0048828125,3.1630859375,1.44140625
0.6605,-5.125,2.5224609375,2.162109375
0.661,-5.044921875,1.4814453125,3.04296875
0.6615,-5.044921875,0.6806640625,3.84375
0.662,-4.2041015625,-0.5205078125,4.1240234375
0.6625,-4.0439453125,-1.12109375,4.564453125
0.663,-2.8427734375,-2.2822265625,4.484375
0.6635,-2.40234375,-2.962890625,4.64453125
0.664,-1.3212890625,-4.0439453125,4.6044921875
0.6645,-0.48046875,-4.4443359375,4.1240234375
0.665,0.240234375,-4.7646484375,3.84375
0.6655,1.0810546875,-4.96484375,3.203125
0.666,2.0419921875,-5.0849609375,2.40234375
0.6665,2.802734375,-5.0849609375,1.6416015625
0.667,3.68359375,-5.125,0.8408203125
0.6675,3.8037109375,-4.404296875,0.0
0.668,4.2041015625,-4.3642578125,-0.4404296875
0.6685,4.083984375,-3.3232421875,-1.3212890625
0.669,4.2841796875,-2.9228515625,-1.9619140625
0.6695,4.2841796875,-1.9619140625,-2.8828125
0.67,4.1240234375,-1.201171875,-3.443359375
0.6705,3.5234375,-0.2001953125,-3.8037109375
0.671,3.203125,0.4404296875,-4.1240234375
0.6715,2.2822265625,1.4013671875,-4.2041015625
0.672,1.921875,2.1220703125,-4.4443359375
0.6725,1.0009765625,3.04296875,-4.5244140625
0.673,0.16015625,3.443359375,-3.923828125
0.6735,-0.400390625,3.9638671875,-3.8837890625
0.674,-1.44140625,4.083984375,-3.04296875
0.6745,-2.2822265625,4.3642578125,-2.5224609375
0.675,-3.1630859375,4.32421875,-1.6015625
0.6755,-3.84375,4.404296875,-1.0009765625
0.676,-4.00390625,3.8037109375,-0.16015625
0.6765,-4.3642578125,3.68359375,0.2802734375
0.677,-4.404296875,2.6826171875,1.28125
0.6775,-4.564453125,2.2421875,1.841796875
0.678,-4.64453125,1.3212890625,2.802734375
0.6785,-4.244140625,0.5205078125,3.203125
0.679,-3.8837890625,-0.3603515625,3.68359375
0.6795,-3.3232421875,-1.1611328125,3.84375
0.68,-2.642578125,-2.1220703125,4.083984375
0.6805,-2.001953125,-2.802734375,4.083984375
0.681,-1.28125,-3.5634765625,4.1640625
0.6815,-0.5205078125,-3.8037109375,3.6435546875
0.682,0.0,-4.244140625,3.603515625
0.6825,1.0810546875,-4.3642578125,2.6025390625
0.683,1.76171875,-4.64453125,2.2421875
0.6835,2.5625,-4.564453125,1.361328125
0.684,3.0029296875,-4.484375,0.8408203125
0.6845,3.283203125,-4.0439453125,0.2001953125
0.685,3.4833984375,-3.8037109375,-0.2802734375
0.6855,3.603515625,-3.0830078125,-1.12109375
0.686,3.763671875,-2.6025390625,-1.7216796875
0.6865,3.8837890625,-1.8818359375,-2.6025390625
0.687,3.4033203125,-1.0009765625,-2.8828125
0.6875,3.3232421875,-0.4404296875,-3.4833984375
0.688,2.6025390625,0.4404296875,-3.5634765625
0.6885,2.322265625,1.201171875,-4.00390625
0.689,1.5615234375,1.9619140625,-3.9638671875
0.6895,1.0009765625,2.6025390625,-4.00390625
0.69,0.2802734375,2.962890625,-3.603515625
0.6905,-0.3203125,3.4833984375,-3.5634765625
0.691,-1.4013671875,3.6435546875,-2.6025390625
0.6915,-2.0419921875,3.9638671875,-2.2822265625
0.692,-2.9228515625,4.00390625,-1.521484375
0.6925,-3.203125,3.763671875,-0.9609375
0.693,-3.6435546875,3.603515625,-0.3603515625
0.6935,-3.763671875,3.0830078125,0.2802734375
0.694,-4.1240234375,2.5625,1.0810546875
0.6945,-4.1240234375,1.921875,1.76171875
0.695,-4.2841796875,1.28125,2.482421875
0.6955,-3.7236328125,0.2802734375,2.802734375
0.696,-3.68359375,-0.2802734375,3.3232421875
0.6965,-2.802734375,-1.28125,3.4033203125
0.697,-2.5625,-1.8818359375,3.84375
0.6975,-1.8017578125,-2.6025390625,3.763671875
0.698,-1.2412109375,-3.0830078125,3.68359375
0.6985,-0.640625,-3.443359375,3.4033203125
0.699,0.080078125,-3.8037109375,3.0830078125
0.6995,1.0009765625,-4.0439453125,2.40234375
0.7,1.6416015625,-4.2041015625,1.921875
0.7005,2.322265625,-4.2841796875,1.4013671875
0.701,2.5224609375,-3.8837890625,0.80078125
0.7015,2.9228515625,-3.923828125,0.4404296875
0.702,3.0029296875,-3.203125,-0.3203125
0.7025,3.4033203125,-3.04296875,-0.9609375
0.703,3.4033203125,-2.2822265625,-1.681640625
0.7035,3.5234375,-1.841796875,-2.2822265625
0.704,3.04296875,-1.0009765625,-2.6826171875
0.7045,3.04296875,-0.48046875,-3.1630859375
0.705,2.3623046875,0.6005859375,-3.36328125
0.7055,2.162109375,1.2412109375,-3.8037109375
0.706,1.4013671875,1.9619140625,-3.84375
0.7065,0.8408203125,2.40234375,-3.6435546875
0.707,0.240234375,2.9228515625,-3.5634765625
0.7075,-0.640625,3.2431640625,-2.9228515625
0.708,-1.4814453125,3.6435546875,-2.5625
0.7085,-2.2421875,3.68359375,-1.921875
0.709,-2.8427734375,3.84375,-1.44140625
0.7095,-3.0830078125,3.443359375,-0.7607421875
0.71,-3.5234375,3.4033203125,-0.3203125
0.7105,-3.68359375,2.6025390625,0.6005859375
0.711,-4.00390625,2.2822265625,1.2412109375
0.7115,-4.00390625,1.44140625,2.0419921875
0.712,-3.84375,0.80078125,2.482421875
0.7125,-3.4833984375,0.0,2.8828125
0.713,-3.123046875,-0.6806640625,3.2431640625
0.7135,-2.5625,-1.6015625,3.5634765625
0.714,-2.08203125,-2.2021484375,3.68359375
0.7145,-1.4814453125,-2.8828125,3.68359375
0.715,-0.8408203125,-3.1630859375,3.36328125
0.7155,-0.3203125,-3.6435546875,3.3232421875
0.716,0.7607421875,-3.84375,2.482421875
0.7165,1.44140625,-4.1640625,2.08203125
0.717,2.08203125,-4.1240234375,1.4013671875
0.7175,2.5224609375,-4.083984375,1.0009765625
0.718,2.72265625,-3.7236328125,0.4404296875
0.7185,2.962890625,-3.5234375,0.0
0.719,3.2431640625,-2.8828125,-0.9208984375
0.7195,3.4033203125,-2.5224609375,-1.4814453125
0.72,3.5234375,-1.8818359375,-2.2822265625
0.7205,3.123046875,-1.12109375,-2.6025390625
0.721,3.0029296875,-0.400390625,-3.0830078125
0.7215,2.40234375,0.48046875,-3.283203125
0.722,2.08203125,1.2412109375,-3.7236328125
0.7225,1.4013671875,1.841796875,-3.68359375
0.723,0.9609375,2.5224609375,-3.8037109375
0.7235,0.240234375,2.802734375,-3.36328125
0.724,-0.48046875,3.3232421875,-3.2431640625
0.7245,-1.5615234375,3.5234375,-2.40234375
0.725,-2.2021484375,3.8037109375,-2.001953125
0.7255,-2.8828125,3.8037109375,-1.3212890625
0.726,-3.2431640625,3.5634765625,-0.80078125
0.7265,-3.5634765625,3.283203125,-0.16015625
0.727,-3.7236328125,2.7626953125,0.5205078125
0.7275,-4.083984375,2.2021484375,1.4013671875
0.728,-4.00390625,1.521484375,1.9619140625
0.7285,-4.1240234375,0.8408203125,2.6826171875
0.729,-3.5234375,0.0,3.0029296875
0.7295,-3.36328125,-0.640625,3.4833984375
0.73,-2.482421875,-1.76171875,3.6435546875
0.7305,-2.08203125,-2.4423828125,3.8837890625
0.731,-1.3212890625,-3.04296875,3.68359375
0.7315,-0.80078125,-3.5634765625,3.68359375
0.732,-0.080078125,-3.7236328125,3.1630859375
0.7325,0.720703125,-4.1240234375,2.7626953125
0.733,1.841796875,-4.3642578125,1.921875
0.7335,2.3623046875,-4.32421875,1.3212890625
0.734,2.9228515625,-4.32421875,0.7607421875
0.7345,3.123046875,-3.84375,0.16015625
0.735,3.36328125,-3.5634765625,-0.3603515625
0.7355,3.4833984375,-2.8427734375,-1.2412109375
0.736,3.8037109375,-2.3623046875,-2.001953125
0.7365,3.5234375,-1.6015625,-2.5625
0.737,3.5234375,-0.9208984375,-3.123046875
0.7375,2.802734375,0.0,-3.2431640625
0.738,2.642578125,0.6005859375,-3.68359375
0.7385,1.76171875,1.76171875,-3.8837890625
0.739,1.28125,2.322265625,-4.00390625
0.7395,0.5205078125,2.962890625,-3.84375
0.74,-0.1201171875,3.3232421875,-3.603515625
0.7405,-0.8408203125,3.6435546875,-3.1630859375
0.741,-1.841796875,3.8837890625,-2.482421875
0.7415,-2.8828125,4.2041015625,-1.7216796875
0.742,-3.36328125,3.8837890625,-1.0009765625
0.7425,-3.9638671875,3.9638671875,-0.48046875
0.743,-4.00390625,3.283203125,0.2802734375
0.7435,-4.2841796875,2.962890625,0.80078125
0.744,-4.4443359375,1.9619140625,1.921875
0.7445,-4.564453125,1.361328125,2.642578125
0.745,-4.1640625,0.4404296875,3.203125
0.7455,-4.00390625,-0.3203125,3.763671875
0.746,-3.1630859375,-1.28125,3.84375
0.7465,-2.7626953125,-2.001953125,4.1240234375
0.747,-1.8017578125,-3.203125,4.32421875
0.7475,-1.041015625,-3.68359375,4.083984375
0.748,-0.400390625,-4.244140625,3.9638671875
0.7485,0.400390625,-4.484375,3.443359375
0.749,1.201171875,-4.6845703125,2.8427734375
0.7495,2.2822265625,-4.8447265625,1.921875
0.75,3.3232421875,-5.0048828125,1.12109375
0.7505,3.5634765625,-4.4443359375,0.2802734375
0.751,4.083984375,-4.4443359375,-0.2001953125
0.7515,3.9638671875,-3.5634765625,-1.0009765625
0.752,4.1240234375,-3.1630859375,-1.6015625
0.7525,4.2841796875,-2.1220703125,-2.7626953125
0.753,4.1240234375,-1.3212890625,-3.283203125
0.7535,3.7236328125,-0.3603515625,-3.84375
0.754,3.3232421875,0.3603515625,-4.1640625
0.7545,2.5224609375,1.28125,-4.2041015625
0.755,1.921875,2.1220703125,-4.4443359375
0.7555,1.041015625,3.2431640625,-4.64453125
0.756,0.16015625,3.603515625,-4.1240234375
0.7565,-0.48046875,4.1640625,-4.1240234375
0.757,-1.44140625,4.32421875,-3.2431640625
0.7575,-2.2822265625,4.5244140625,-2.642578125
0.758,-3.4833984375,4.724609375,-1.6416015625
0.7585,-4.3642578125,4.7646484375,-0.80078125
0.759,-4.5244140625,4.083984375,0.0400390625
0.7595,-5.0048828125,3.9638671875,0.6005859375
0.76,-4.9248046875,2.8828125,1.5615234375
0.7605,-5.0048828125,2.2822265625,2.162109375
0.761,-5.1650390625,1.28125,3.443359375
0.7615,-4.8046875,0.3203125,3.8837890625
0.762,-4.2841796875,-0.6806640625,4.404296875
0.7625,-3.7236328125,-1.5615234375,4.64453125
0.763,-2.7626953125,-2.6025390625,4.724609375
0.7635,-2.001953125,-3.4833984375,4.8046875
0.764,-1.0009765625,-4.564453125,4.8447265625
0.7645,0.0,-4.8046875,4.1240234375
0.765,0.6005859375,-5.28515625,4.0439453125
0.7655,1.841796875,-5.4052734375,2.8828125
0.766,2.5625,-5.4453125,2.2021484375
0.7665,3.7236328125,-5.4453125,1.12109375
0.767,4.4443359375,-5.28515625,0.2802734375
0.7675,4.5244140625,-4.564453125,-0.640625
0.768,4.8447265625,-4.32421875,-1.201171875
0.7685,4.7646484375,-3.0830078125,-2.2822265625
0.769,4.6845703125,-2.4423828125,-2.802734375
0.7695,4.8046875,-1.361328125,-3.9638671875
0.77,4.1240234375,-0.3603515625,-4.2841796875
0.7705,3.7236328125,0.560546875,-4.6845703125
0.771,2.9228515625,1.521484375,-4.8046875
0.7715,1.9619140625,2.5224609375,-4.8447265625
0.772,1.2412109375,3.283203125,-4.884765625
0.7725,0.240234375,4.32421875,-4.8447265625
0.773,-0.7607421875,4.484375,-4.00390625
0.7735,-1.3212890625,4.96484375,-3.923828125
0.774,-2.72265625,5.0048828125,-2.642578125
0.7745,-3.36328125,5.044921875,-2.001953125
0.775,-4.5244140625,5.0048828125,-0.9208984375
0.7755,-5.044921875,4.64453125,-0.080078125
0.776,-5.205078125,3.9638671875,0.7607421875
0.7765,-5.4453125,3.5234375,1.4013671875
0.777,-5.4453125,2.3623046875,2.6025390625
0.7775,-5.28515625,1.681640625,3.123046875
0.778,-5.4052734375,0.6005859375,4.2841796875
0.7785,-4.5244140625,-0.5205078125,4.5244140625
0.779,-4.1640625,-1.361328125,4.96484375
0.7795,-3.123046875,-2.5625,5.044921875
0.78,-2.2021484375,-3.5634765625,5.0849609375
0.7805,-1.28125,-4.32421875,4.884765625
0.781,-0.3203125,-5.1650390625,4.7646484375
0.7815,0.6806640625,-5.2451171875,3.8837890625
0.782,1.3212890625,-5.6455078125,3.68359375
0.7825,2.802734375,-5.685546875,2.2421875
0.783,3.4033203125,-5.6455078125,1.5615234375
0.7835,4.3642578125,-5.525390625,0.48046875
0.784,4.724609375,-5.0849609375,-0.3603515625
0.7845,4.8046875,-4.3642578125,-1.12109375
0.785,4.9248046875,-3.68359375,-1.8017578125
0.7855,4.9248046875,-2.5224609375,-2.9228515625
0.786,4.64453125,-1.8017578125,-3.4033203125
0.7865,4.724609375,-0.80078125,-4.404296875
0.787,3.763671875,0.3203125,-4.5244140625
0.7875,3.443359375,1.0009765625,-4.8447265625
0.788,2.2822265625,2.2421875,-4.884765625
0.7885,1.5615234375,3.0830078125,-5.0048828125
0.789,0.6005859375,3.8037109375,-4.7646484375
0.7895,-0.2802734375,4.5244140625,-4.5244140625
0.79,-1.1611328125,4.6044921875,-3.763671875
0.7905,-1.8818359375,4.96484375,-3.4833984375
0.791,-3.283203125,5.0048828125,-2.08203125
0.7915,-3.84375,4.9248046875,-1.4814453125
0.792,-4.7646484375,4.8046875,-0.5205078125
0.7925,-5.0048828125,4.244140625,0.3203125
0.793,-5.1650390625,3.763671875,1.0009765625
0.7935,-5.2451171875,2.8828125,1.8818359375
0.794,-5.3251953125,1.9619140625,2.8828125
0.7945,-5.044921875,1.12109375,3.443359375
0.795,-5.044921875,0.2001953125,4.32421875
0.7955,-4.0439453125,-1.0009765625,4.484375
0.796,-3.8037109375,-1.6416015625,4.8046875
0.7965,-2.482421875,-3.0029296875,4.8046875
0.797,-1.921875,-3.7236328125,4.8447265625
0.7975,-0.8408203125,-4.404296875,4.5244140625
0.798,0.0,-4.96484375,4.2841796875
0.7985,0.8408203125,-5.0048828125,3.5234375
0.799,1.6015625,-5.3251953125,3.04296875
0.7995,2.9228515625,-5.4453125,1.841796875
0.8,3.4033203125,-5.205078125,1.1611328125
0.8005,4.1640625,-5.0849609375,0.2802734375
0.801,4.244140625,-4.3642578125,-0.48046875
0.8015,4.4443359375,-4.00390625,-1.0009765625
0.802,4.404296875,-3.04296875,-1.9619140625
0.8025,4.5244140625,-2.3623046875,-2.72265625
0.803,4.2041015625,-1.44140625,-3.283203125
0.8035,4.1240234375,-0.640625,-4.00390625
0.804,3.203125,0.400390625,-4.00390625
0.8045,3.04296875,0.9609375,-4.404296875
0.805,1.841796875,2.2421875,-4.4443359375
0.8055,1.44140625,2.72265625,-4.5244140625
0.806,0.48046875,3.4833984375,-4.32421875
0.8065,-0.2802734375,3.8837890625,-3.9638671875
0.807,-1.0009765625,4.1240234375,-3.4833984375
0.8075,-1.921875,4.32421875,-2.802734375
0.808,-3.0029296875,4.5244140625,-1.9619140625
0.8085,-3.4833984375,4.32421875,-1.28125
0.809,-4.2041015625,4.32421875,-0.6005859375
0.8095,-4.2841796875,3.6435546875,0.240234375
0.81,-4.564453125,3.443359375,0.6806640625
0.8105,-4.64453125,2.40234375,1.76171875
0.811,-4.8447265625,1.921875,2.40234375
0.8115,-4.5244140625,0.9208984375,3.123046875
0.812,-4.3642578125,0.2001953125,3.68359375
0.8125,-3.5634765625,-0.880859375,3.84375
0.813,-3.283203125,-1.5615234375,4.2041015625
0.8135,-2.2822265625,-2.72265625,4.404296875
0.814,-1.76171875,-3.203125,4.2841796875
0.8145,-0.9208984375,-3.9638671875,4.1640625
0.815,-0.16015625,-4.2041015625,3.68359375
0.8155,0.560546875,-4.6044921875,3.3232421875
0.816,1.5615234375,-4.724609375,2.40234375
0.8165,2.5224609375,-4.9248046875,1.76171875
0.817,2.9228515625,-4.564453125,1.0009765625
0.8175,3.5234375,-4.564453125,0.48046875
0.818,3.5234375,-3.8037109375,-0.2802734375
0.8185,3.763671875,-3.6435546875,-0.720703125
0.819,3.84375,-2.642578125,-1.76171875
0.8195,3.9638671875,-2.2822265625,-2.2822265625
0.82,3.8037109375,-1.3212890625,-2.962890625
0.8205,3.4033203125,-0.640625,-3.2431640625
0.821,2.9228515625,0.2001953125,-3.5634765625
0.8215,2.4423828125,0.9609375,-3.8037109375
0.822,1.8818359375,1.8818359375,-4.1240234375
0.8225,1.2412109375,2.2822265625,-3.923828125
0.823,0.6005859375,3.04296875,-4.00390625
0.8235,-0.16015625,3.1630859375,-3.443359375
0.824,-0.80078125,3.68359375,-3.283203125
0.8245,-1.921875,3.84375,-2.322265625
0.825,-2.5625,4.083984375,-1.9619140625
0.8255,-3.123046875,3.8837890625,-1.201171875
0.826,-3.5234375,3.84375,-0.80078125
0.8265,-3.7236328125,3.3232421875,0.0
0.827,-3.9638671875,2.962890625,0.560546875
0.8275,-4.2841796875,2.2421875,1.5615234375
0.828,-4.2041015625,1.7216796875,2.0419921875
0.8285,-4.244140625,0.9208984375,2.802734375
0.829,-3.7236328125,0.080078125,3.0830078125
0.8295,-3.4833984375,-0.640625,3.5634765625
0.83,-2.72265625,-1.6015625,3.763671875
0.8305,-2.2822265625,-2.3623046875,4.0439453125
0.831,-1.5615234375,-2.962890625,3.68359375
0.8315,-1.041015625,-3.5234375,3.84375
0.832,-0.2001953125,-3.7236328125,3.203125
0.8325,0.48046875,-4.1240234375,3.0029296875
0.833,1.5615234375,-4.3642578125,2.1220703125
0.8335,2.08203125,-4.3642578125,1.681640625
0.834,2.642578125,-4.2841796875,1.0009765625
0.8345,2.8427734375,-4.00390625,0.6005859375
0.835,3.1630859375,-3.603515625,0.0
0.8355,3.203125,-3.123046875,-0.6806640625
0.836,3.603515625,-2.642578125,-1.521484375
0.8365,3.4033203125,-1.9619140625,-1.9619140625
0.837,3.5234375,-1.4013671875,-2.6025390625
0.8375,2.8427734375,-0.5205078125,-2.802734375
0.838,2.802734375,0.0,-3.283203125
0.8385,2.0419921875,1.0009765625,-3.5234375
0.839,1.921875,1.5615234375,-3.8037109375
0.8395,1.12109375,2.08203125,-3.6435546875
0.84,0.640625,2.5625,-3.6435546875
0.8405,-0.16015625,2.9228515625,-3.203125
0.841,-0.9208984375,3.3232421875,-2.8427734375
0.8415,-1.8818359375,3.68359375,-2.2421875
0.842,-2.2822265625,3.6435546875,-1.76171875
0.8425,-2.9228515625,3.8037109375,-1.28125
0.843,-3.1630859375,3.3232421875,-0.640625
0.8435,-3.603515625,3.2431640625,-0.080078125
0.844,-3.763671875,2.5224609375,0.80078125
0.8445,-4.1240234375,2.2021484375,1.4814453125
0.845,-3.923828125,1.3212890625,2.08203125
0.8455,-4.00390625,0.80078125,2.6826171875
0.846,-3.3232421875,-0.240234375,3.0029296875
0.8465,-3.203125,-0.8408203125,3.4833984375
0.847,-2.5224609375,-1.9619140625,3.8037109375
0.8475,-2.001953125,-2.4423828125,3.763671875
0.848,-1.3212890625,-3.0029296875,3.84375
0.8485,-0.6806640625,-3.36328125,3.443359375
0.849,0.0400390625,-3.763671875,3.0830078125
0.8495,0.9609375,-4.0439453125,2.4423828125
0.85,1.8818359375,-4.32421875,1.8818359375
0.8505,2.2421875,-4.0439453125,1.2412109375
0.851,2.72265625,-4.1640625,0.880859375
0.8515,2.8427734375,-3.5634765625,0.16015625
0.852,3.1630859375,-3.36328125,-0.3203125
0.8525,3.36328125,-2.642578125,-1.28125
0.853,3.4833984375,-2.2822265625,-1.76171875
0.8535,3.3232421875,-1.44140625,-2.40234375
0.854,3.0830078125,-0.8408203125,-2.72265625
0.8545,2.642578125,-0.080078125,-3.0830078125
0.855,2.2822265625,0.560546875,-3.4833984375
0.8555,1.8017578125,1.4814453125,-3.763671875
0.856,1.12109375,1.841796875,-3.5634765625
0.8565,0.7607421875,2.5625,-3.7236328125
0.857,0.0,2.802734375,-3.203125
0.8575,-0.6806640625,3.2431640625,-3.0029296875
0.858,-1.7216796875,3.5234375,-2.2421875
0.8585,-2.3623046875,3.763671875,-1.8017578125
0.859,-2.8828125,3.5634765625,-1.1611328125
0.8595,-3.203125,3.5634765625,-0.80078125
0.86,-3.4833984375,3.04296875,0.0
0.8605,-3.763671875,2.6826171875,0.6005859375
0.861,-4.1240234375,2.0419921875,1.5615234375
0.8615,-3.9638671875,1.4814453125,2.001953125
0.862,-3.9638671875,0.720703125,2.7626953125
0.8625,-3.4833984375,-0.1201171875,3.0029296875
0.863,-3.1630859375,-0.880859375,3.443359375
0.8635,-2.5224609375,-1.8017578125,3.7236328125
0.864,-1.9619140625,-2.6025390625,3.84375
0.8645,-1.28125,-2.962890625,3.5634765625
0.865,-0.80078125,-3.5634765625,3.7236328125
0.8655,0.1201171875,-3.763671875,3.0029296875
0.866,0.80078125,-4.1640625,2.6826171875
0.8665,1.9619140625,-4.404296875,1.841796875
0.867,2.482421875,-4.3642578125,1.2412109375
0.8675,2.9228515625,-4.1640625,0.6005859375
0.868,3.1630859375,-3.84375,0.1201171875
0.8685,3.3232421875,-3.3232421875,-0.6005859375
0.869,3.5234375,-2.7626953125,-1.28125
0.8695,3.8037109375,-2.162109375,-2.2021484375
0.87,3.36328125,-1.3212890625,-2.5625
0.8705,3.4033203125,-0.720703125,-3.1630859375
0.871,2.6025390625,0.080078125,-3.2431640625
0.8715,2.40234375,0.7607421875,-3.6435546875
0.872,1.6416015625,1.76171875,-3.8837890625
0.8725,1.0810546875,2.40234375,-3.8837890625
0.873,0.400390625,2.8427734375,-3.603515625
0.8735,-0.16015625,3.283203125,-3.5634765625
0.874,-1.12109375,3.4833984375,-2.802734375
0.8745,-1.8818359375,3.8037109375,-2.3623046875
0.875,-2.9228515625,4.083984375,-1.5615234375
0.8755,-3.283203125,3.763671875,-0.880859375
0.876,-3.8037109375,3.7236328125,-0.3603515625
0.8765,-3.8837890625,3.1630859375,0.2802734375
0.877,-4.1640625,2.6826171875,0.9609375
0.8775,-4.244140625,1.921875,1.841796875
0.878,-4.5244140625,1.3212890625,2.6826171875
0.8785,-3.8837890625,0.3203125,3.0830078125
0.879,-3.8837890625,-0.3203125,3.6435546875
0.8795,-2.962890625,-1.361328125,3.68359375
0.88,-2.642578125,-2.08203125,4.00390625
0.8805,-1.76171875,-3.1630859375,4.2041015625
0.881,-1.0009765625,-3.68359375,4.00390625
0.8815,-0.3203125,-4.0439453125,3.763671875
0.882,0.4404296875,-4.4443359375,3.3232421875
0.8825,1.44140625,-4.564453125,2.482421875
0.883,2.2822265625,-4.7646484375,1.8818359375
0.8835,3.283203125,-4.9248046875,1.0009765625
0.884,3.5234375,-4.32421875,0.240234375
0.8845,3.8837890625,-4.244140625,-0.240234375
0.885,3.8837890625,-3.36328125,-1.12109375
0.8855,4.083984375,-2.8427734375,-1.8017578125
0.886,4.1240234375,-1.9619140625,-2.6826171875
0.8865,4.1240234375,-1.2412109375,-3.4033203125
0.887,3.36328125,-0.2802734375,-3.6435546875
0.8875,3.203125,0.400390625,-4.1240234375
0.888,2.162109375,1.521484375,-4.1640625
0.8885,1.7216796875,2.2421875,-4.3642578125
0.889,0.80078125,3.2431640625,-4.404296875
0.8895,0.0,3.6435546875,-3.9638671875
0.89,-0.640625,4.00390625,-3.7236328125
0.8905,-1.6416015625,4.2841796875,-3.04296875
0.891,-2.642578125,4.4443359375,-2.1220703125
0.8915,-3.443359375,4.4443359375,-1.44140625
0.892,-4.2841796875,4.484375,-0.640625
0.8925,-4.404296875,3.8037109375,0.16015625
0.893,-4.7646484375,3.68359375,0.6005859375
0.8935,-4.7646484375,2.5625,1.76171875
0.894,-4.8447265625,2.001953125,2.40234375
0.8945,-4.8447265625,1.0009765625,3.3232421875
0.895,-4.64453125,0.16015625,3.923828125
0.8955,-3.8837890625,-0.9208984375,4.1240234375
0.896,-3.5234375,-1.681640625,4.484375
0.8965,-2.322265625,-2.9228515625,4.6044921875
0.897,-1.76171875,-3.5634765625,4.6044921875
0.8975,-0.7607421875,-4.5244140625,4.564453125
0.898,0.16015625,-4.8046875,3.9638671875
0.8985,0.80078125,-5.125,3.6435546875
0.899,2.0419921875,-5.3251953125,2.6826171875
0.8995,3.04296875,-5.4052734375,1.76171875
0.9,3.763671875,-5.1650390625,0.8408203125
0.9005,4.484375,-5.125,0.080078125
0.901,4.484375,-4.244140625,-0.80078125
0.9015,4.6845703125,-3.9638671875,-1.28125
0.902,4.6845703125,-2.6826171875,-2.5625
0.9025,4.6044921875,-2.08203125,-3.0830078125
0.903,4.484375,-1.041015625,-4.00390625
0.9035,4.0439453125,-0.1201171875,-4.4443359375
0.904,3.203125,0.8408203125,-4.564453125
0.9045,2.6826171875,1.7216796875,-4.8046875
0.905,1.4814453125,3.0029296875,-4.8447265625
0.9055,0.8408203125,3.4833984375,-4.6845703125
0.906,-0.16015625,4.32421875,-4.564453125
0.9065,-1.0009765625,4.484375,-3.84375
0.907,-1.681640625,4.8046875,-3.4833984375
0.9075,-3.0029296875,4.9248046875,-2.2822265625
0.908,-3.923828125,4.96484375,-1.44140625
0.9085,-4.5244140625,4.6044921875,-0.5205078125
0.909,-5.1650390625,4.484375,0.240234375
0.9095,-5.0849609375,3.603515625,1.0810546875
0.91,-5.28515625,3.203125,1.6015625
0.9105,-5.3251953125,1.921875,2.9228515625
0.911,-5.1650390625,1.2412109375,3.443359375
0.9115,-4.96484375,0.1201171875,4.244140625
0.912,-4.3642578125,-0.9208984375,4.6044921875
0.9125,-3.603515625,-1.8017578125,4.8046875
0.913,-2.8828125,-2.72265625,4.96484375
0.9135,-1.76171875,-4.00390625,5.0849609375
0.914,-0.9208984375,-4.404296875,4.64453125
0.9145,0.0,-5.2451171875,4.5244140625
0.915,0.9208984375,-5.3251953125,3.7236328125
0.9155,1.6015625,-5.60546875,3.3232421875
0.916,3.04296875,-5.6455078125,1.9619140625
0.9165,3.8837890625,-5.6455078125,1.12109375
0.917,4.4443359375,-5.1650390625,0.1201171875
0.9175,4.96484375,-4.96484375,-0.640625
0.918,4.8046875,-3.923828125,-1.44140625
0.9185,4.9248046875,-3.443359375,-2.0419921875
0.919,4.96484375,-2.2021484375,-3.36328125
0.9195,4.6044921875,-1.44140625,-3.763671875
0.92,4.404296875,-0.400390625,-4.564453125
0.9205,3.6435546875,0.6806640625,-4.724609375
0.921,2.9228515625,1.521484375,-4.8447265625
0.9215,2.0419921875,2.5224609375,-4.9248046875
0.922,1.12109375,3.68359375,-5.0849609375
0.9225,0.16015625,3.9638671875,-4.484375
0.923,-0.640625,4.724609375,-4.4443359375
0.9235,-1.5615234375,4.64453125,-3.4833984375
0.924,-2.2822265625,4.96484375,-3.0830078125
0.9245,-3.68359375,5.0849609375,-1.76171875
0.925,-4.3642578125,4.96484375,-1.0009765625
0.9255,-4.8447265625,4.484375,0.0
0.926,-5.2451171875,4.1240234375,0.640625
0.9265,-5.1650390625,3.2431640625,1.44140625
0.927,-5.205078125,2.6025390625,2.1220703125
0.9275,-5.4052734375,1.521484375,3.3232421875
0.928,-4.884765625,0.6005859375,3.7236328125
0.9285,-4.7646484375,-0.3203125,4.484375
0.929,-3.84375,-1.361328125,4.6044921875
0.9295,-3.36328125,-2.1220703125,4.8046875
0.93,-2.2822265625,-3.2431640625,4.8447265625
0.9305,-1.44140625,-4.2041015625,4.96484375
0.931,-0.400390625,-4.564453125,4.2841796875
0.9315,0.2802734375,-5.205078125,4.244140625
0.932,1.201171875,-5.125,3.2431640625
0.9325,1.921875,-5.4052734375,2.8427734375
0.933,3.36328125,-5.525390625,1.5615234375
0.9335,3.8837890625,-5.2451171875,0.720703125
0.934,4.404296875,-4.8447265625,-0.16015625
0.9345,4.564453125,-4.3642578125,-0.80078125
0.935,4.5244140625,-3.603515625,-1.521484375
0.9355,4.5244140625,-2.8427734375,-2.2822265625
0.936,4.7646484375,-1.9619140625,-3.36328125
0.9365,4.1240234375,-1.0009765625,-3.6435546875
0.937,4.00390625,-0.16015625,-4.3642578125
0.9375,3.0029296875,0.880859375,-4.2841796875
0.938,2.642578125,1.521484375,-4.5244140625
0.9385,1.5615234375,2.6826171875,-4.64453125
0.939,0.880859375,3.3232421875,-4.6044921875
0.9395,0.0,3.763671875,-4.0439453125
0.94,-0.640625,4.2041015625,-3.9638671875
0.9405,-1.521484375,4.244140625,-3.0830078125
0.941,-2.2822265625,4.484375,-2.5625
0.9415,-3.5634765625,4.6845703125,-1.521484375
0.942,-3.8837890625,4.2841796875,-0.80078125
0.9425,-4.4443359375,4.1240234375,-0.16015625
0.943,-4.5244140625,3.4833984375,0.560546875
0.9435,-4.6845703125,3.0029296875,1.201171875
0.944,-4.6845703125,2.08203125,2.0419921875
0.9445,-4.9248046875,1.4814453125,2.9228515625
0.945,-4.32421875,0.48046875,3.3232421875
0.9455,-4.3642578125,-0.2001953125,3.9638671875
0.946,-3.283203125,-1.28125,3.9638671875
0.9465,-3.0830078125,-1.9619140625,4.32421875
0.947,-2.001953125,-3.0830078125,4.484375
0.9475,-1.361328125,-3.5634765625,4.32421875
0.948,-0.5205078125,-4.1240234375,4.00390625
0.9485,0.1201171875,-4.484375,3.68359375
0.949,0.9609375,-4.64453125,3.0029296875
0.9495,1.8818359375,-4.8447265625,2.322265625
0.95,3.0029296875,-5.0849609375,1.44140625
0.9505,3.2431640625,-4.5244140625,0.6806640625
0.951,3.8037109375,-4.6044921875,0.16015625
0.9515,3.763671875,-3.8037109375,-0.640625
0.952,4.00390625,-3.443359375,-1.2412109375
0.9525,4.083984375,-2.4423828125,-2.162109375
0.953,4.1240234375,-1.8818359375,-2.7626953125
0.9535,3.5634765625,-0.880859375,-3.2431640625
0.954,3.4833984375,-0.2802734375,-3.68359375
0.9545,2.6025390625,0.6806640625,-3.763671875
0.955,2.2822265625,1.361328125,-4.083984375
0.9555,1.44140625,2.40234375,-4.244140625
0.956,0.7607421875,2.7626953125,-3.923828125
0.9565,0.16015625,3.3232421875,-3.8837890625
0.957,-0.6005859375,3.5234375,-3.3232421875
0.9575,-1.3212890625,3.84375,-2.8828125
0.958,-2.2822265625,4.00390625,-2.1220703125
0.9585,-3.0830078125,4.1640625,-1.4814453125
0.959,-3.36328125,3.68359375,-0.80078125
0.9595,-3.84375,3.763671875,-0.400390625
0.96,-3.84375,2.962890625,0.3603515625
0.9605,-4.1640625,2.72265625,0.9609375
0.961,-4.32421875,1.921875,1.9619140625
0.9615,-4.244140625,1.3212890625,2.40234375
0.962,-4.00390625,0.4404296875,3.04296875
0.9625,-3.6435546875,-0.2802734375,3.3232421875
0.963,-3.123046875,-1.12109375,3.6435546875
0.9635,-2.6025390625,-1.921875,3.8837890625
0.964,-1.9619140625,-2.7626953125,4.1240234375
0.9645,-1.28125,-3.1630859375,3.7236328125
0.965,-0.7607421875,-3.8037109375,3.84375
0.9655,0.1201171875,-3.8837890625,3.123046875
0.966,0.8408203125,-4.32421875,2.8427734375
0.9665,1.921875,-4.484375,1.921875
0.967,2.482421875,-4.5244140625,1.44140625
0.9675,2.8828125,-4.2041015625,0.6806640625
0.968,3.1630859375,-4.1640625,0.3203125
0.9685,3.283203125,-3.4033203125,-0.48046875
0.969,3.5234375,-3.0830078125,-1.041015625
0.9695,3.8037109375,-2.322265625,-1.9619140625
0.97,3.4833984375,-1.681640625,-2.322265625
0.9705,3.443359375,-1.0009765625,-2.962890625
0.971,2.802734375,-0.16015625,-3.123046875
0.9715,2.5224609375,0.560546875,-3.5634765625
0.972,1.9619140625,1.4013671875,-3.7236328125
0.9725,1.44140625,2.0419921875,-3.84375
0.973,0.7607421875,2.40234375,-3.5634765625
0.9735,0.3203125,2.9228515625,-3.6435546875
0.974,-0.640625,3.123046875,-2.9228515625
0.9745,-1.28125,3.5234375,-2.642578125
0.975,-2.2822265625,3.68359375,-1.921875
0.9755,-2.6025390625,3.603515625,-1.44140625
0.976,-3.123046875,3.5234375,-0.9609375
0.9765,-3.2431640625,3.2431640625,-0.4404296875
0.977,-3.603515625,2.8427734375,0.2802734375
0.9775,-3.8037109375,2.3623046875,1.0009765625
0.978,-4.1640625,1.921875,1.76171875
0.9785,-3.7236328125,1.0810546875,2.2021484375
0.979,-3.8837890625,0.5205078125,2.8427734375
0.9795,-3.1630859375,-0.48046875,3.04296875
0.98,-3.04296875,-1.12109375,3.5634765625
0.9805,-2.2822265625,-2.0419921875,3.7236328125
0.981,-1.8818359375,-2.5625,3.8037109375
0.9815,-1.1611328125,-3.0830078125,3.6435546875
0.982,-0.640625,-3.5234375,3.4833984375
0.9825,0.3203125,-3.84375,2.8427734375
0.983,1.12109375,-4.244140625,2.4423828125
0.9835,2.0419921875,-4.4443359375,1.76171875
0.984,2.3623046875,-4.1640625,1.12109375
0.9845,2.8427734375,-4.1640625,0.720703125
0.985,2.9228515625,-3.5634765625,0.0400390625
0.9855,3.3232421875,-3.283203125,-0.640625
0.986,3.443359375,-2.5625,-1.44140625
0.9865,3.603515625,-2.08203125,-2.0419921875
0.987,3.1630859375,-1.1611328125,-2.5224609375
0.9875,3.123046875,-0.6806640625,-2.962890625
0.988,2.4423828125,0.2802734375,-3.1630859375
0.9885,2.2421875,0.9609375,-3.603515625
0.989,1.5615234375,1.76171875,-3.763671875
0.9895,0.9609375,2.2421875,-3.5634765625
0.99,0.48046875,2.6826171875,-3.5634765625
0.9905,-0.3203125,3.0029296875,-3.0830078125
0.991,-1.041015625,3.3232421875,-2.6826171875
0.9915,-1.9619140625,3.5234375,-2.08203125
0.992,-2.6025390625,3.7236328125,-1.6015625
0.9925,-2.8828125,3.4033203125,-0.9609375
0.993,-3.3232421875,3.4833984375,-0.640625
0.9935,-3.4033203125,2.802734375,0.2001953125
0.994,-3.8037109375,2.5224609375,0.7607421875
0.9945,-4.00390625,1.841796875,1.681640625
0.995,-3.8837890625,1.28125,2.162109375
0.9955,-3.68359375,0.4404296875,2.72265625
0.996,-3.36328125,-0.2001953125,3.04296875
0.9965,-2.8828125,-1.12109375,3.36328125
0.997,-2.4423828125,-1.8818359375,3.68359375
0.9975,-1.841796875,-2.642578125,3.84375
0.998,-1.1611328125,-3.04296875,3.5634765625
0.9985,-0.6806640625,-3.603515625,3.6435546875
0.999,0.2802734375,-3.84375,2.8427734375
0.9995,1.041015625,-4.244140625,2.5224609375
