wavelength,x,y,z
0.0,4.1240234375,-5.125,-0.8408203125
0.0005,3.4833984375,-5.4853515625,0.1201171875
0.001,2.322265625,-5.765625,1.4013671875
0.0015,1.1611328125,-5.9658203125,2.72265625
0.002,0.240234375,-5.845703125,3.68359375
0.0025,-0.560546875,-5.9658203125,4.5244140625
0.003,-1.44140625,-5.845703125,5.3251953125
0.0035,-2.6025390625,-4.9248046875,5.7255859375
0.004,-3.8837890625,-3.763671875,6.0859375
0.0045,-4.7646484375,-2.482421875,5.9658203125
0.005,-5.28515625,-1.521484375,5.8056640625
0.0055,-5.6455078125,-0.720703125,5.685546875
0.006,-5.685546875,0.240234375,5.1650390625
0.0065,-5.60546875,1.44140625,4.1240234375
0.007,-5.4453125,2.72265625,2.962890625
0.0075,-5.044921875,3.603515625,1.8818359375
0.008,-4.6845703125,4.32421875,0.9609375
0.0085,-4.32421875,4.9248046875,0.1201171875
0.009,-3.36328125,5.0849609375,-1.0009765625
0.0095,-2.1220703125,5.4052734375,-2.5224609375
0.01,-0.80078125,5.365234375,-3.7236328125
0.0105,0.1201171875,5.365234375,-4.564453125
0.011,0.7607421875,5.4052734375,-5.365234375
0.0115,1.8017578125,4.9248046875,-5.9658203125
0.012,3.1630859375,3.68359375,-6.3662109375
0.0125,4.32421875,2.40234375,-6.56640625
0.013,5.044921875,1.12109375,-6.2861328125
0.0135,5.4052734375,0.240234375,-6.0859375
0.014,5.60546875,-0.720703125,-5.765625
0.0145,5.525390625,-1.8017578125,-4.8447265625
0.015,5.365234375,-3.1630859375,-3.603515625
0.0155,5.044921875,-4.3642578125,-2.322265625
0.016,4.564453125,-5.125,-1.28125
0.0165,4.1640625,-5.765625,-0.4404296875
0.017,3.4833984375,-6.166015625,0.6005859375
0.0175,2.162109375,-6.326171875,1.9619140625
0.018,0.880859375,-6.4462890625,3.443359375
0.0185,-0.4404296875,-6.2060546875,4.484375
0.019,-1.1611328125,-6.166015625,5.205078125
0.0195,-1.921875,-6.005859375,5.92578125
0.02,-3.1630859375,-5.044921875,6.3662109375
0.0205,-4.5244140625,-3.68359375,6.646484375
0.021,-5.525390625,-2.2421875,6.5263671875
0.0215,-5.92578125,-1.12109375,6.1259765625
0.022,-6.1259765625,-0.3203125,5.8857421875
0.0225,-6.2060546875,0.7607421875,5.365234375
0.023,-5.9658203125,2.0419921875,4.083984375
0.0235,-5.765625,3.3232421875,2.8427734375
0.024,-5.2451171875,4.32421875,1.5615234375
0.0245,-4.724609375,4.9248046875,0.560546875
0.025,-4.244140625,5.4052734375,-0.3603515625
0.0255,-3.36328125,5.60546875,-1.361328125
0.026,-1.8818359375,5.765625,-2.8828125
0.0265,-0.5205078125,5.765625,-4.244140625
0.027,0.560546875,5.5654296875,-5.0849609375
0.0275,1.2412109375,5.4853515625,-5.765625
0.028,2.0419921875,5.1650390625,-6.40625
0.0285,3.3232421875,3.923828125,-6.6865234375
0.029,4.6044921875,2.5625,-6.9267578125
0.0295,5.4052734375,1.12109375,-6.6064453125
0.03,5.7255859375,0.080078125,-6.24609375
0.0305,5.8857421875,-0.80078125,-5.92578125
0.031,5.8056640625,-1.8017578125,-5.205078125
0.0315,5.5654296875,-3.123046875,-3.923828125
0.032,5.28515625,-4.404296875,-2.6025390625
0.0325,4.7646484375,-5.2451171875,-1.4013671875
0.033,4.244140625,-5.8857421875,-0.48046875
0.0335,3.763671875,-6.3662109375,0.4404296875
0.034,2.6025390625,-6.4462890625,1.5615234375
0.0345,1.201171875,-6.56640625,3.1630859375
0.035,-0.2802734375,-6.40625,4.404296875
0.0355,-1.12109375,-6.24609375,5.0849609375
0.036,-1.76171875,-6.166015625,5.8056640625
0.0365,-2.802734375,-5.60546875,6.40625
0.037,-4.1640625,-4.1640625,6.6865234375
0.0375,-5.28515625,-2.8427734375,6.7666015625
0.038,-5.92578125,-1.521484375,6.3662109375
0.0385,-6.166015625,-0.6005859375,6.0458984375
0.039,-6.3662109375,0.3603515625,5.7255859375
0.0395,-6.1259765625,1.4013671875,4.7646484375
0.04,-5.92578125,2.802734375,3.443359375
0.0405,-5.4853515625,3.9638671875,2.08203125
0.041,-5.0048828125,4.64453125,0.9609375
0.0415,-4.564453125,5.2451171875,0.1201171875
0.042,-3.8837890625,5.685546875,-0.8408203125
0.0425,-2.5625,5.7255859375,-2.2021484375
0.043,-1.201171875,5.8857421875,-3.68359375
0.0435,0.2001953125,5.60546875,-4.7646484375
0.044,0.9609375,5.525390625,-5.4853515625
0.0445,1.6015625,5.4052734375,-6.1259765625
0.045,2.72265625,4.5244140625,-6.6064453125
0.0455,4.1240234375,3.123046875,-6.8466796875
0.046,5.125,1.76171875,-6.7666015625
0.0465,5.60546875,0.560546875,-6.40625
0.047,5.845703125,-0.400390625,-6.166015625
0.0475,5.92578125,-1.3212890625,-5.6455078125
0.048,5.7255859375,-2.5224609375,-4.5244140625
0.0485,5.4853515625,-3.8837890625,-3.203125
0.049,4.96484375,-5.0048828125,-1.8818359375
0.0495,4.4443359375,-5.6455078125,-0.8408203125
0.05,4.0439453125,-6.166015625,0.080078125
0.0505,3.1630859375,-6.40625,1.0810546875
0.051,1.7216796875,-6.56640625,2.5625
0.0515,0.3603515625,-6.56640625,3.9638671875
0.052,-0.80078125,-6.326171875,4.884765625
0.0525,-1.521484375,-6.2861328125,5.6455078125
0.053,-2.40234375,-5.9658203125,6.326171875
0.0535,-3.68359375,-4.7646484375,6.646484375
0.054,-5.0048828125,-3.36328125,6.88671875
0.0545,-5.8056640625,-1.921875,6.56640625
0.055,-6.166015625,-0.8408203125,6.2060546875
0.0555,-6.3662109375,0.080078125,5.92578125
0.056,-6.2861328125,1.0810546875,5.1650390625
0.0565,-6.0458984375,2.40234375,3.84375
0.057,-5.765625,3.7236328125,2.5224609375
0.0575,-5.205078125,4.5244140625,1.2412109375
0.058,-4.6845703125,5.2451171875,0.3203125
0.0585,-4.1640625,5.685546875,-0.6005859375
0.059,-3.04296875,5.765625,-1.7216796875
0.0595,-1.6015625,5.8857421875,-3.283203125
0.06,-0.16015625,5.7255859375,-4.5244140625
0.0605,0.80078125,5.525390625,-5.28515625
0.061,1.44140625,5.4453125,-6.005859375
0.0615,2.40234375,4.8447265625,-6.5263671875
0.062,3.8037109375,3.5234375,-6.806640625
0.0625,4.884765625,2.2021484375,-6.88671875
0.063,5.4853515625,0.80078125,-6.4462890625
0.0635,5.7255859375,-0.2001953125,-6.166015625
0.064,5.8857421875,-1.0009765625,-5.8056640625
0.0645,5.7255859375,-2.0419921875,-4.96484375
0.065,5.4453125,-3.36328125,-3.6435546875
0.0655,5.044921875,-4.5244140625,-2.322265625
0.066,4.5244140625,-5.205078125,-1.2412109375
0.0665,4.1240234375,-5.845703125,-0.3603515625
0.067,3.5234375,-6.2060546875,0.6005859375
0.0675,2.2822265625,-6.326171875,1.841796875
0.068,0.9609375,-6.4462890625,3.2431640625
0.0685,-0.400390625,-6.166015625,4.32421875
0.069,-1.12109375,-6.1259765625,5.044921875
0.0695,-1.8017578125,-6.0859375,5.765625
0.07,-2.8427734375,-5.3251953125,6.24609375
0.0705,-4.1640625,-4.00390625,6.5263671875
0.071,-5.1650390625,-2.6826171875,6.486328125
0.0715,-5.685546875,-1.521484375,6.1259765625
0.072,-6.005859375,-0.6806640625,5.92578125
0.0725,-6.1259765625,0.2001953125,5.5654296875
0.073,-5.92578125,1.3212890625,4.564453125
0.0735,-5.765625,2.5625,3.36328125
0.074,-5.28515625,3.68359375,2.1220703125
0.0745,-4.8447265625,4.404296875,1.12109375
0.075,-4.5244140625,5.0849609375,0.2802734375
0.0755,-3.8037109375,5.365234375,-0.6806640625
0.076,-2.5625,5.525390625,-2.0419921875
0.0765,-1.2412109375,5.6455078125,-3.4033203125
0.077,0.0,5.4052734375,-4.404296875
0.0775,0.6806640625,5.4453125,-5.205078125
0.078,1.4814453125,5.3251953125,-5.92578125
0.0785,2.5625,4.3642578125,-6.2861328125
0.079,3.84375,3.123046875,-6.56640625
0.0795,4.7646484375,1.7216796875,-6.40625
0.08,5.2451171875,0.6806640625,-6.1259765625
0.0805,5.5654296875,-0.2802734375,-6.0458984375
0.081,5.525390625,-1.12109375,-5.4453125
0.0815,5.365234375,-2.322265625,-4.3642578125
0.082,5.1650390625,-3.5634765625,-3.1630859375
0.0825,4.724609375,-4.4443359375,-1.9619140625
0.083,4.32421875,-5.1650390625,-1.041015625
0.0835,3.9638671875,-5.765625,-0.2802734375
0.084,3.04296875,-5.92578125,0.880859375
0.0845,1.841796875,-6.1259765625,2.2421875
0.085,0.48046875,-6.0859375,3.5234375
0.0855,-0.48046875,-6.0458984375,4.32421875
0.086,-1.1611328125,-6.0859375,5.0849609375
0.0865,-2.001953125,-5.6455078125,5.7255859375
0.087,-3.2431640625,-4.564453125,6.0859375
0.0875,-4.404296875,-3.36328125,6.24609375
0.088,-5.125,-2.08203125,5.9658203125
0.0885,-5.4853515625,-1.28125,5.765625
0.089,-5.765625,-0.5205078125,5.6455078125
0.0895,-5.7255859375,0.48046875,4.9248046875
0.09,-5.525390625,1.7216796875,3.8837890625
0.0905,-5.28515625,2.8427734375,2.6826171875
0.091,-4.8447265625,3.68359375,1.6416015625
0.0915,-4.564453125,4.404296875,0.880859375
0.092,-4.1240234375,4.8447265625,0.080078125
0.0925,-3.1630859375,5.044921875,-1.12109375
0.093,-2.001953125,5.2451171875,-2.40234375
0.0935,-0.80078125,5.125,-3.4833984375
0.094,0.080078125,5.1650390625,-4.32421875
0.0945,0.6806640625,5.28515625,-5.125
0.095,1.6015625,4.7646484375,-5.6455078125
0.0955,2.802734375,3.763671875,-5.92578125
0.096,3.84375,2.5625,-6.0859375
0.0965,4.484375,1.4013671875,-5.8857421875
0.097,4.884765625,0.640625,-5.8056640625
0.0975,5.125,-0.240234375,-5.685546875
0.098,5.0849609375,-1.12109375,-4.96484375
0.0985,5.0048828125,-2.2021484375,-4.00390625
0.099,4.724609375,-3.2431640625,-2.8828125
0.0995,4.404296875,-4.083984375,-1.921875
0.1,4.2041015625,-4.884765625,-1.1611328125
0.1005,3.68359375,-5.28515625,-0.3203125
0.101,2.72265625,-5.5654296875,0.9208984375
0.1015,1.6015625,-5.765625,2.162109375
0.102,0.6005859375,-5.7255859375,3.1630859375
0.1025,-0.2001953125,-5.92578125,4.0439453125
0.103,-1.0009765625,-5.9658203125,4.884765625
0.1035,-1.9619140625,-5.28515625,5.3251953125
0.104,-3.1630859375,-4.32421875,5.7255859375
0.1045,-4.083984375,-3.123046875,5.7255859375
0.105,-4.7646484375,-2.1220703125,5.6455078125
0.1055,-5.205078125,-1.4013671875,5.60546875
0.106,-5.4052734375,-0.640625,5.365234375
0.1065,-5.3251953125,0.5205078125,4.5244140625
0.107,-5.28515625,1.6416015625,3.6435546875
0.1075,-4.96484375,2.5625,2.6025390625
0.108,-4.724609375,3.4033203125,1.76171875
0.1085,-4.5244140625,4.1240234375,0.9609375
0.109,-3.8837890625,4.484375,0.0400390625
0.1095,-2.9228515625,4.8447265625,-1.2412109375
0.11,-1.76171875,4.9248046875,-2.4423828125
0.1105,-0.9208984375,5.0048828125,-3.3232421875
0.111,-0.2802734375,5.1650390625,-4.244140625
0.1115,0.720703125,5.0849609375,-5.0048828125
0.112,1.8017578125,4.2841796875,-5.4453125
0.1125,2.8828125,3.203125,-5.765625
0.113,3.7236328125,2.08203125,-5.685546875
0.1135,4.32421875,1.2412109375,-5.685546875
0.114,4.7646484375,0.560546875,-5.6455078125
0.1145,4.8046875,-0.3603515625,-5.2451171875
0.115,4.8046875,-1.3212890625,-4.484375
0.1155,4.6845703125,-2.482421875,-3.443359375
0.116,4.404296875,-3.36328125,-2.5224609375
0.1165,4.2841796875,-4.2041015625,-1.7216796875
0.117,4.00390625,-4.884765625,-0.9208984375
0.1175,3.203125,-5.205078125,0.16015625
0.118,2.2822265625,-5.5654296875,1.3212890625
0.1185,1.201171875,-5.525390625,2.4423828125
0.119,0.4404296875,-5.765625,3.36328125
0.1195,-0.3603515625,-5.92578125,4.2841796875
0.12,-1.28125,-5.5654296875,4.9248046875
0.1205,-2.482421875,-4.6845703125,5.365234375
0.121,-3.5634765625,-3.603515625,5.60546875
0.1215,-4.32421875,-2.6025390625,5.4853515625
0.122,-4.8447265625,-1.76171875,5.5654296875
0.1225,-5.205078125,-1.0009765625,5.4453125
0.123,-5.205078125,0.0,4.8046875
0.1235,-5.2451171875,1.0810546875,4.0439453125
0.124,-5.0048828125,2.162109375,2.962890625
0.1245,-4.7646484375,3.0029296875,2.0419921875
0.125,-4.64453125,3.8037109375,1.3212890625
0.1255,-4.1640625,4.32421875,0.5205078125
0.126,-3.2431640625,4.6044921875,-0.720703125
0.1265,-2.2822265625,4.9248046875,-1.9619140625
0.127,-1.28125,4.9248046875,-2.9228515625
0.1275,-0.5205078125,5.0849609375,-3.8837890625
0.128,0.3203125,5.205078125,-4.7646484375
0.1285,1.3212890625,4.484375,-5.205078125
0.129,2.5224609375,3.5634765625,-5.6455078125
0.1295,3.5234375,2.3623046875,-5.7255859375
0.13,4.1640625,1.44140625,-5.6455078125
0.1305,4.64453125,0.7607421875,-5.685546875
0.131,4.8447265625,0.0,-5.4453125
0.1315,4.8046875,-1.12109375,-4.64453125
0.132,4.8046875,-2.2822265625,-3.7236328125
0.1325,4.5244140625,-3.203125,-2.72265625
0.133,4.32421875,-4.0439453125,-1.8017578125
0.1335,4.1240234375,-4.8046875,-1.0810546875
0.134,3.4833984375,-5.1650390625,-0.2001953125
0.1345,2.482421875,-5.4853515625,1.12109375
0.135,1.361328125,-5.60546875,2.3623046875
0.1355,0.5205078125,-5.7255859375,3.2431640625
0.136,-0.2802734375,-5.92578125,4.1240234375
0.1365,-1.1611328125,-5.765625,4.96484375
0.137,-2.3623046875,-4.8447265625,5.365234375
0.1375,-3.5634765625,-3.84375,5.7255859375
0.138,-4.32421875,-2.642578125,5.60546875
0.1385,-4.884765625,-1.76171875,5.60546875
0.139,-5.28515625,-1.041015625,5.525390625
0.1395,-5.3251953125,-0.16015625,5.044921875
0.14,-5.28515625,1.041015625,4.1240234375
0.1405,-5.1650390625,2.2021484375,3.0830078125
0.141,-4.8447265625,3.04296875,2.1220703125
0.1415,-4.64453125,3.84375,1.28125
0.142,-4.244140625,4.484375,0.48046875
0.1425,-3.36328125,4.724609375,-0.6806640625
0.143,-2.3623046875,5.044921875,-1.9619140625
0.1435,-1.1611328125,5.044921875,-3.0830078125
0.144,-0.400390625,5.125,-3.9638671875
0.1445,0.3603515625,5.2451171875,-4.8046875
0.145,1.3212890625,4.724609375,-5.4453125
0.1455,2.5625,3.6435546875,-5.845703125
0.146,3.68359375,2.5625,-5.9658203125
0.1465,4.32421875,1.44140625,-5.8056640625
0.147,4.8447265625,0.640625,-5.765625
0.1475,5.0849609375,-0.240234375,-5.5654296875
0.148,5.0849609375,-1.2412109375,-4.8046875
0.1485,5.0048828125,-2.4423828125,-3.84375
0.149,4.724609375,-3.5634765625,-2.6025390625
0.1495,4.404296875,-4.32421875,-1.681640625
0.15,4.1640625,-5.044921875,-0.9609375
0.1505,3.5634765625,-5.4453125,0.0400390625
0.151,2.4423828125,-5.7255859375,1.28125
0.1515,1.3212890625,-5.92578125,2.6025390625
0.152,0.2802734375,-5.845703125,3.603515625
0.1525,-0.560546875,-6.0458984375,4.484375
0.153,-1.3212890625,-5.92578125,5.2451171875
0.1535,-2.5224609375,-5.0849609375,5.685546875
0.154,-3.8037109375,-3.84375,6.0458984375
0.1545,-4.6845703125,-2.5625,5.9658203125
0.155,-5.205078125,-1.6015625,5.765625
0.1555,-5.5654296875,-0.80078125,5.685546875
0.156,-5.6455078125,0.16015625,5.1650390625
0.1565,-5.525390625,1.3212890625,4.1240234375
0.157,-5.4453125,2.5625,3.0830078125
0.1575,-5.0048828125,3.5234375,1.921875
0.158,-4.6845703125,4.2041015625,1.0009765625
0.1585,-4.32421875,4.8046875,0.240234375
0.159,-3.443359375,5.044921875,-0.8408203125
0.1595,-2.2421875,5.28515625,-2.2421875
0.16,-1.0009765625,5.3251953125,-3.5234375
0.1605,0.0,5.2451171875,-4.3642578125
0.161,0.640625,5.3251953125,-5.1650390625
0.1615,1.5615234375,4.9248046875,-5.845703125
0.162,2.8427734375,3.84375,-6.166015625
0.1625,4.0439453125,2.6025390625,-6.40625
0.163,4.8046875,1.3212890625,-6.166015625
0.1635,5.205078125,0.4404296875,-5.9658203125
0.164,5.4853515625,-0.48046875,-5.765625
0.1645,5.4052734375,-1.44140625,-5.044921875
0.165,5.2451171875,-2.72265625,-3.8837890625
0.1655,5.0048828125,-3.9638671875,-2.642578125
0.166,4.5244140625,-4.7646484375,-1.5615234375
0.1665,4.2041015625,-5.4453125,-0.6806640625
0.167,3.68359375,-5.92578125,0.2802734375
0.1675,2.5224609375,-6.1259765625,1.521484375
0.168,1.2412109375,-6.2861328125,2.962890625
0.1685,0.0,-6.24609375,4.083984375
0.169,-0.8408203125,-6.166015625,4.8447265625
0.1695,-1.6416015625,-6.1259765625,5.60546875
0.17,-2.72265625,-5.28515625,6.1259765625
0.1705,-4.1640625,-3.923828125,6.4462890625
0.171,-5.1650390625,-2.6025390625,6.486328125
0.1715,-5.7255859375,-1.4013671875,6.1259765625
0.172,-6.0458984375,-0.560546875,5.8857421875
0.1725,-6.1259765625,0.4404296875,5.4853515625
0.173,-5.9658203125,1.681640625,4.3642578125
0.1735,-5.765625,3.0029296875,3.0830078125
0.174,-5.28515625,4.083984375,1.76171875
0.1745,-4.8046875,4.724609375,0.80078125
0.175,-4.404296875,5.28515625,0.0
0.1755,-3.5634765625,5.5654296875,-1.12109375
0.176,-2.1220703125,5.685546875,-2.6025390625
0.1765,-0.80078125,5.7255859375,-4.00390625
0.177,0.400390625,5.4453125,-4.884765625
0.1775,1.0810546875,5.4052734375,-5.6455078125
0.178,1.921875,5.1650390625,-6.326171875
0.1785,3.1630859375,4.083984375,-6.6064453125
0.179,4.4443359375,2.642578125,-6.806640625
0.1795,5.2451171875,1.2412109375,-6.56640625
0.18,5.685546875,0.2001953125,-6.24609375
0.1805,5.8857421875,-0.720703125,-5.9658203125
0.181,5.765625,-1.681640625,-5.2451171875
0.1815,5.5654296875,-3.0029296875,-4.00390625
0.182,5.28515625,-4.2841796875,-2.6826171875
0.1825,4.7646484375,-5.125,-1.44140625
0.183,4.244140625,-5.765625,-0.5205078125
0.1835,3.8037109375,-6.2861328125,0.4404296875
0.184,2.6826171875,-6.40625,1.521484375
0.1845,1.28125,-6.6064453125,3.0029296875
0.185,-0.240234375,-6.40625,4.32421875
0.1855,-1.12109375,-6.2861328125,5.0849609375
0.186,-1.8017578125,-6.166015625,5.8056640625
0.1865,-2.7626953125,-5.60546875,6.40625
0.187,-4.1240234375,-4.244140625,6.6865234375
0.1875,-5.205078125,-2.9228515625,6.7265625
0.188,-5.845703125,-1.5615234375,6.40625
0.1885,-6.166015625,-0.640625,6.0458984375
0.189,-6.326171875,0.3603515625,5.7255859375
0.1895,-6.1259765625,1.361328125,4.8046875
0.19,-5.8857421875,2.6826171875,3.5234375
0.1905,-5.525390625,3.84375,2.162109375
0.191,-4.96484375,4.6044921875,1.0810546875
0.1915,-4.5244140625,5.2451171875,0.2001953125
0.192,-3.8837890625,5.6455078125,-0.80078125
0.1925,-2.642578125,5.685546875,-2.08203125
0.193,-1.28125,5.8056640625,-3.5634765625
0.1935,0.080078125,5.5654296875,-4.64453125
0.194,0.880859375,5.4853515625,-5.4052734375
0.1945,1.5615234375,5.4052734375,-6.0859375
0.195,2.6025390625,4.6044921875,-6.5263671875
0.1955,3.9638671875,3.2431640625,-6.806640625
0.196,5.0048828125,1.921875,-6.7265625
0.1965,5.4853515625,0.640625,-6.40625
0.197,5.8056640625,-0.3203125,-6.1259765625
0.1975,5.92578125,-1.1611328125,-5.765625
0.198,5.7255859375,-2.322265625,-4.64453125
0.1985,5.4453125,-3.603515625,-3.36328125
0.199,5.0048828125,-4.724609375,-2.0419921875
0.1995,4.484375,-5.4453125,-1.0009765625
0.2,4.1240234375,-6.0859375,-0.16015625
0.2005,3.3232421875,-6.40625,0.880859375
0.201,1.921875,-6.5263671875,2.3623046875
0.2015,0.5205078125,-6.56640625,3.763671875
0.202,-0.640625,-6.2861328125,4.724609375
0.2025,-1.4013671875,-6.2861328125,5.4853515625
0.203,-2.2421875,-6.0859375,6.24609375
0.2035,-3.5234375,-4.884765625,6.56640625
0.204,-4.8447265625,-3.5634765625,6.8466796875
0.2045,-5.685546875,-2.08203125,6.56640625
0.205,-6.1259765625,-1.0009765625,6.24609375
0.2055,-6.3662109375,0.0,6.005859375
0.206,-6.3662109375,0.9609375,5.3251953125
0.2065,-6.1259765625,2.322265625,3.9638671875
0.207,-5.845703125,3.603515625,2.6826171875
0.2075,-5.2451171875,4.484375,1.4013671875
0.208,-4.7646484375,5.1650390625,0.4404296875
0.2085,-4.244140625,5.685546875,-0.6005859375
0.209,-3.1630859375,5.8056640625,-1.681640625
0.2095,-1.7216796875,5.92578125,-3.283203125
0.21,-0.2802734375,5.8056640625,-4.564453125
0.2105,0.7607421875,5.60546875,-5.3251953125
0.211,1.44140625,5.525390625,-6.0859375
0.2115,2.482421875,5.0048828125,-6.6865234375
0.212,3.84375,3.5634765625,-6.9267578125
0.2125,4.96484375,2.2421875,-7.0068359375
0.213,5.60546875,0.80078125,-6.56640625
0.2135,5.8857421875,-0.2802734375,-6.24609375
0.214,6.0458984375,-1.1611328125,-5.845703125
0.2145,5.845703125,-2.162109375,-4.96484375
0.215,5.5654296875,-3.5234375,-3.603515625
0.2155,5.1650390625,-4.724609375,-2.2421875
0.216,4.564453125,-5.4453125,-1.12109375
0.2165,4.1240234375,-6.0859375,-0.240234375
0.217,3.4833984375,-6.4462890625,0.7607421875
0.2175,2.2021484375,-6.5263671875,2.001953125
0.218,0.880859375,-6.56640625,3.4833984375
0.2185,-0.6005859375,-6.2861328125,4.5244140625
0.219,-1.3212890625,-6.1259765625,5.28515625
0.2195,-2.001953125,-6.0859375,6.005859375
0.22,-3.0830078125,-5.3251953125,6.4462890625
0.2205,-4.404296875,-3.923828125,6.6865234375
0.221,-5.365234375,-2.5625,6.646484375
0.2215,-5.845703125,-1.3212890625,6.2060546875
0.222,-6.1259765625,-0.5205078125,5.9658203125
0.2225,-6.24609375,0.4404296875,5.5654296875
0.223,-6.005859375,1.5615234375,4.5244140625
0.2235,-5.765625,2.7626953125,3.36328125
0.224,-5.28515625,3.84375,2.001953125
0.2245,-4.8046875,4.484375,0.9609375
0.225,-4.4443359375,5.1650390625,0.16015625
0.2255,-3.8037109375,5.4052734375,-0.80078125
0.226,-2.4423828125,5.5654296875,-2.1220703125
0.2265,-1.2412109375,5.685546875,-3.443359375
0.227,0.0400390625,5.4052734375,-4.4443359375
0.2275,0.7607421875,5.4453125,-5.2451171875
0.228,1.4814453125,5.365234375,-5.92578125
0.2285,2.5625,4.484375,-6.326171875
0.229,3.84375,3.203125,-6.56640625
0.2295,4.7646484375,1.841796875,-6.40625
0.23,5.2451171875,0.7607421875,-6.166015625
0.2305,5.60546875,0.0,-6.0458984375
0.231,5.6455078125,-1.0009765625,-5.5654296875
0.2315,5.4052734375,-2.1220703125,-4.484375
0.232,5.2451171875,-3.36328125,-3.36328125
0.2325,4.8046875,-4.3642578125,-2.1220703125
0.233,4.404296875,-5.125,-1.1611328125
0.2335,4.0439453125,-5.765625,-0.3603515625
0.234,3.2431640625,-5.9658203125,0.6806640625
0.2345,2.001953125,-6.1259765625,2.0419921875
0.235,0.6806640625,-6.1259765625,3.3232421875
0.2355,-0.3203125,-6.0458984375,4.1640625
0.236,-1.041015625,-6.1259765625,5.0849609375
0.2365,-1.9619140625,-5.8056640625,5.7255859375
0.237,-3.1630859375,-4.724609375,6.0859375
0.2375,-4.244140625,-3.5634765625,6.2861328125
0.238,-5.044921875,-2.2421875,6.0458984375
0.2385,-5.4853515625,-1.3212890625,5.8857421875
0.239,-5.8056640625,-0.5205078125,5.7255859375
0.2395,-5.765625,0.4404296875,5.0849609375
0.24,-5.60546875,1.6416015625,4.00390625
0.2405,-5.365234375,2.6826171875,2.8427734375
0.241,-4.96484375,3.5634765625,1.8017578125
0.2415,-4.6845703125,4.32421875,0.880859375
0.242,-4.244140625,4.9248046875,0.1201171875
0.2425,-3.203125,5.0849609375,-1.041015625
0.243,-2.1220703125,5.365234375,-2.3623046875
0.2435,-0.8408203125,5.1650390625,-3.5234375
0.244,0.0400390625,5.2451171875,-4.32421875
0.2445,0.7607421875,5.28515625,-5.1650390625
0.245,1.6416015625,4.8447265625,-5.765625
0.2455,2.8427734375,3.7236328125,-6.0458984375
0.246,3.84375,2.5625,-6.1259765625
0.2465,4.5244140625,1.44140625,-5.92578125
0.247,4.96484375,0.6005859375,-5.845703125
0.2475,5.2451171875,-0.2802734375,-5.7255859375
0.248,5.1650390625,-1.201171875,-4.96484375
0.2485,5.0849609375,-2.40234375,-4.00390625
0.249,4.724609375,-3.443359375,-2.8427734375
0.2495,4.3642578125,-4.244140625,-1.8818359375
0.25,4.2041015625,-5.0048828125,-1.041015625
0.2505,3.68359375,-5.4453125,-0.2001953125
0.251,2.6826171875,-5.685546875,1.041015625
0.2515,1.5615234375,-5.845703125,2.2421875
0.252,0.48046875,-5.765625,3.283203125
0.2525,-0.3203125,-5.92578125,4.1640625
0.253,-1.12109375,-5.9658203125,5.044921875
0.2535,-2.08203125,-5.28515625,5.4853515625
0.254,-3.283203125,-4.244140625,5.8056640625
0.2545,-4.2041015625,-3.04296875,5.8056640625
0.255,-4.8447265625,-2.001953125,5.685546875
0.2555,-5.28515625,-1.28125,5.685546875
0.256,-5.4453125,-0.5205078125,5.365234375
0.2565,-5.4052734375,0.6005859375,4.5244140625
0.257,-5.365234375,1.7216796875,3.5634765625
0.2575,-5.0048828125,2.6826171875,2.482421875
0.258,-4.6845703125,3.5234375,1.6416015625
0.2585,-4.5244140625,4.2841796875,0.8408203125
0.259,-3.8837890625,4.6044921875,0.0
0.2595,-2.8427734375,4.9248046875,-1.3212890625
0.26,-1.76171875,4.96484375,-2.482421875
0.2605,-0.8408203125,5.044921875,-3.4033203125
0.261,0.0,5.205078125,-4.32421875
0.2615,0.80078125,5.0849609375,-5.125
0.262,1.8818359375,4.32421875,-5.525390625
0.2625,2.962890625,3.3232421875,-5.8056640625
0.263,3.8037109375,2.08203125,-5.765625
0.2635,4.3642578125,1.28125,-5.685546875
0.264,4.8046875,0.5205078125,-5.7255859375
0.2645,4.9248046875,-0.400390625,-5.28515625
0.265,4.8447265625,-1.44140625,-4.5244140625
0.2655,4.724609375,-2.5224609375,-3.5634765625
0.266,4.4443359375,-3.36328125,-2.5224609375
0.2665,4.2841796875,-4.2041015625,-1.7216796875
0.267,4.0439453125,-4.884765625,-0.9609375
0.2675,3.2431640625,-5.205078125,0.1201171875
0.268,2.3623046875,-5.5654296875,1.28125
0.2685,1.2412109375,-5.5654296875,2.40234375
0.269,0.48046875,-5.685546875,3.283203125
0.2695,-0.3603515625,-5.92578125,4.244140625
0.27,-1.28125,-5.60546875,4.9248046875
0.2705,-2.4423828125,-4.7646484375,5.4052734375
0.271,-3.4833984375,-3.7236328125,5.60546875
0.2715,-4.2041015625,-2.642578125,5.4853515625
0.272,-4.7646484375,-1.8818359375,5.5654296875
0.2725,-5.205078125,-1.1611328125,5.525390625
0.273,-5.28515625,-0.2802734375,4.9248046875
0.2735,-5.28515625,0.880859375,4.1240234375
0.274,-5.044921875,1.9619140625,3.1630859375
0.2745,-4.7646484375,2.8427734375,2.2421875
0.275,-4.64453125,3.68359375,1.4013671875
0.2755,-4.244140625,4.244140625,0.6005859375
0.276,-3.4033203125,4.6044921875,-0.6005859375
0.2765,-2.4423828125,4.9248046875,-1.8017578125
0.277,-1.361328125,4.9248046875,-2.8427734375
0.2775,-0.640625,5.0849609375,-3.7236328125
0.278,0.2802734375,5.2451171875,-4.6845703125
0.2785,1.2412109375,4.64453125,-5.205078125
0.279,2.40234375,3.763671875,-5.6455078125
0.2795,3.4033203125,2.6025390625,-5.685546875
0.28,4.0439453125,1.6416015625,-5.6455078125
0.2805,4.6044921875,0.8408203125,-5.7255859375
0.281,4.8447265625,0.080078125,-5.4853515625
0.2815,4.8447265625,-1.041015625,-4.8046875
0.282,4.8447265625,-2.1220703125,-3.84375
0.2825,4.564453125,-3.0830078125,-2.8427734375
0.283,4.32421875,-3.923828125,-1.9619140625
0.2835,4.1640625,-4.7646484375,-1.1611328125
0.284,3.5634765625,-5.1650390625,-0.3203125
0.2845,2.6025390625,-5.4853515625,1.0009765625
0.285,1.521484375,-5.6455078125,2.2021484375
0.2855,0.640625,-5.7255859375,3.1630859375
0.286,-0.2001953125,-5.8857421875,4.083984375
0.2865,-1.0810546875,-5.765625,4.9248046875
0.287,-2.2421875,-4.9248046875,5.365234375
0.2875,-3.36328125,-3.923828125,5.7255859375
0.288,-4.2041015625,-2.7626953125,5.60546875
0.2885,-4.8046875,-1.8818359375,5.5654296875
0.289,-5.2451171875,-1.1611328125,5.525390625
0.2895,-5.3251953125,-0.3203125,5.044921875
0.29,-5.28515625,0.9208984375,4.2041015625
0.2905,-5.1650390625,2.0419921875,3.1630859375
0.291,-4.8447265625,2.9228515625,2.2421875
0.2915,-4.64453125,3.7236328125,1.361328125
0.292,-4.32421875,4.404296875,0.560546875
0.2925,-3.4833984375,4.64453125,-0.5205078125
0.293,-2.482421875,4.96484375,-1.8017578125
0.2935,-1.3212890625,4.96484375,-2.8828125
0.294,-0.6005859375,5.0849609375,-3.8037109375
0.2945,0.2802734375,5.2451171875,-4.6845703125
0.295,1.201171875,4.8046875,-5.28515625
0.2955,2.40234375,3.84375,-5.7255859375
0.296,3.4833984375,2.72265625,-5.92578125
0.2965,4.1640625,1.5615234375,-5.765625
0.297,4.6845703125,0.7607421875,-5.765625
0.2975,5.044921875,0.0,-5.6455078125
0.298,5.0048828125,-1.0009765625,-4.9248046875
0.2985,4.96484375,-2.1220703125,-4.00390625
0.299,4.6845703125,-3.203125,-2.8828125
0.2995,4.3642578125,-4.00390625,-1.9619140625
0.3,4.2041015625,-4.8046875,-1.1611328125
0.3005,3.68359375,-5.28515625,-0.3203125
0.301,2.6826171875,-5.5654296875,0.9609375
0.3015,1.6015625,-5.845703125,2.2421875
0.302,0.6005859375,-5.765625,3.2431640625
0.3025,-0.2802734375,-5.92578125,4.1240234375
0.303,-1.041015625,-5.92578125,5.0048828125
0.3035,-2.1220703125,-5.205078125,5.4453125
0.304,-3.4033203125,-4.1240234375,5.8857421875
0.3045,-4.3642578125,-2.8828125,5.845703125
0.305,-4.96484375,-1.8818359375,5.685546875
0.3055,-5.4052734375,-1.1611328125,5.6455078125
0.306,-5.5654296875,-0.2802734375,5.28515625
0.3065,-5.4453125,1.0009765625,4.404296875
0.307,-5.4052734375,2.162109375,3.3232421875
0.3075,-5.044921875,3.123046875,2.2421875
0.308,-4.724609375,3.8837890625,1.3212890625
0.3085,-4.4443359375,4.564453125,0.5205078125
0.309,-3.68359375,4.884765625,-0.5205078125
0.3095,-2.5224609375,5.125,-1.841796875
0.31,-1.28125,5.205078125,-3.123046875
0.3105,-0.400390625,5.1650390625,-4.00390625
0.311,0.400390625,5.28515625,-4.8447265625
0.3115,1.28125,5.0849609375,-5.60546875
0.312,2.5625,4.00390625,-6.005859375
0.3125,3.7236328125,2.8427734375,-6.2861328125
0.313,4.5244140625,1.5615234375,-6.1259765625
0.3135,4.96484375,0.6005859375,-5.9658203125
0.314,5.3251953125,-0.240234375,-5.765625
0.3145,5.365234375,-1.1611328125,-5.1650390625
0.315,5.205078125,-2.4423828125,-4.00390625
0.3155,5.0048828125,-3.68359375,-2.8828125
0.316,4.6044921875,-4.5244140625,-1.8017578125
0.3165,4.2841796875,-5.2451171875,-0.9208984375
0.317,3.8037109375,-5.8056640625,0.080078125
0.3175,2.6826171875,-6.005859375,1.28125
0.318,1.4814453125,-6.24609375,2.6826171875
0.3185,0.2001953125,-6.1259765625,3.84375
0.319,-0.6806640625,-6.0859375,4.64453125
0.3195,-1.44140625,-6.0859375,5.4453125
0.32,-2.5625,-5.4052734375,6.0859375
0.3205,-4.00390625,-4.1240234375,6.40625
0.321,-5.044921875,-2.802734375,6.4462890625
0.3215,-5.60546875,-1.6015625,6.0859375
0.322,-5.92578125,-0.640625,5.8857421875
0.3225,-6.1259765625,0.3203125,5.525390625
0.323,-5.92578125,1.521484375,4.484375
0.3235,-5.765625,2.802734375,3.2431640625
0.324,-5.3251953125,3.8837890625,1.921875
0.3245,-4.8447265625,4.564453125,0.9208984375
0.325,-4.404296875,5.1650390625,0.080078125
0.3255,-3.6435546875,5.525390625,-1.0009765625
0.326,-2.2421875,5.6455078125,-2.5224609375
0.3265,-1.0009765625,5.7255859375,-3.8837890625
0.327,0.2802734375,5.4853515625,-4.7646484375
0.3275,0.9609375,5.4453125,-5.4853515625
0.328,1.8017578125,5.205078125,-6.2060546875
0.3285,3.0029296875,4.1240234375,-6.56640625
0.329,4.32421875,2.72265625,-6.806640625
0.3295,5.1650390625,1.28125,-6.6064453125
0.33,5.5654296875,0.2802734375,-6.24609375
0.3305,5.8056640625,-0.640625,-5.9658203125
0.331,5.8056640625,-1.5615234375,-5.4052734375
0.3315,5.5654296875,-2.8828125,-4.083984375
0.332,5.3251953125,-4.1240234375,-2.8828125
0.3325,4.7646484375,-5.044921875,-1.5615234375
0.333,4.2841796875,-5.685546875,-0.640625
0.3335,3.84375,-6.2060546875,0.2802734375
0.334,2.8427734375,-6.40625,1.4013671875
0.3345,1.4013671875,-6.5263671875,2.9228515625
0.335,0.0,-6.40625,4.2041015625
0.3355,-0.9609375,-6.24609375,4.96484375
0.336,-1.6416015625,-6.2060546875,5.7255859375
0.3365,-2.6025390625,-5.765625,6.40625
0.337,-4.00390625,-4.4443359375,6.646484375
0.3375,-5.1650390625,-3.1630859375,6.7666015625
0.338,-5.845703125,-1.6416015625,6.40625
0.3385,-6.166015625,-0.6806640625,6.0859375
0.339,-6.3662109375,0.2802734375,5.765625
0.3395,-6.24609375,1.28125,4.9248046875
0.34,-5.92578125,2.642578125,3.5634765625
0.3405,-5.6455078125,3.84375,2.2421875
0.341,-5.044921875,4.6044921875,1.12109375
0.3415,-4.564453125,5.2451171875,0.240234375
0.342,-4.00390625,5.685546875,-0.720703125
0.3425,-2.7626953125,5.765625,-2.001953125
0.343,-1.361328125,5.8857421875,-3.5234375
0.3435,0.080078125,5.6455078125,-4.64453125
0.344,0.8408203125,5.4853515625,-5.3251953125
0.3445,1.5615234375,5.4052734375,-6.1259765625
0.345,2.6025390625,4.64453125,-6.6064453125
0.3455,3.9638671875,3.203125,-6.88671875
0.346,5.0048828125,1.921875,-6.8466796875
0.3465,5.525390625,0.640625,-6.40625
0.347,5.8056640625,-0.3203125,-6.1259765625
0.3475,5.9658203125,-1.1611328125,-5.765625
0.348,5.765625,-2.322265625,-4.724609375
0.3485,5.4853515625,-3.68359375,-3.4033203125
0.349,5.044921875,-4.724609375,-2.08203125
0.3495,4.484375,-5.4453125,-1.0009765625
0.35,4.1240234375,-6.0859375,-0.16015625
0.3505,3.36328125,-6.3662109375,0.880859375
0.351,1.9619140625,-6.4462890625,2.2822265625
0.3515,0.6005859375,-6.5263671875,3.7236328125
0.352,-0.640625,-6.2861328125,4.724609375
0.3525,-1.4013671875,-6.2861328125,5.4453125
0.353,-2.2021484375,-6.0859375,6.2060546875
0.3535,-3.443359375,-5.0849609375,6.56640625
0.354,-4.7646484375,-3.5634765625,6.806640625
0.3545,-5.6455078125,-2.2021484375,6.646484375
0.355,-6.0859375,-1.0810546875,6.24609375
0.3555,-6.2861328125,-0.2001953125,5.9658203125
0.356,-6.326171875,0.80078125,5.365234375
0.3565,-6.1259765625,2.162109375,4.1640625
0.357,-5.845703125,3.443359375,2.8427734375
0.3575,-5.28515625,4.404296875,1.5615234375
0.358,-4.7646484375,5.044921875,0.560546875
0.3585,-4.2841796875,5.5654296875,-0.400390625
0.359,-3.36328125,5.7255859375,-1.4814453125
0.3595,-1.8818359375,5.8857421875,-3.0029296875
0.36,-0.5205078125,5.8056640625,-4.3642578125
0.3605,0.6005859375,5.5654296875,-5.1650390625
0.361,1.28125,5.525390625,-5.92578125
0.3615,2.2421875,5.0849609375,-6.6064453125
0.362,3.5634765625,3.84375,-6.88671875
0.3625,4.8046875,2.4423828125,-7.0068359375
0.363,5.4853515625,1.0009765625,-6.6064453125
0.3635,5.8056640625,0.0400390625,-6.2861328125
0.364,6.005859375,-0.9208984375,-5.9658203125
0.3645,5.845703125,-1.9619140625,-5.125
0.365,5.60546875,-3.2431640625,-3.84375
0.3655,5.2451171875,-4.5244140625,-2.482421875
0.366,4.64453125,-5.28515625,-1.28125
0.3665,4.2041015625,-5.92578125,-0.400390625
0.367,3.6435546875,-6.3662109375,0.6005859375
0.3675,2.4423828125,-6.486328125,1.8017578125
0.368,1.0009765625,-6.56640625,3.3232421875
0.3685,-0.400390625,-6.40625,4.484375
0.369,-1.201171875,-6.2060546875,5.1650390625
0.3695,-1.8818359375,-6.2060546875,5.8857421875
0.37,-2.9228515625,-5.4052734375,6.40625
0.3705,-4.32421875,-4.0439453125,6.6865234375
0.371,-5.3251953125,-2.6826171875,6.6865234375
0.3715,-5.845703125,-1.44140625,6.24609375
0.372,-6.1259765625,-0.6005859375,6.005859375
0.3725,-6.2861328125,0.400390625,5.6455078125
0.373,-6.1259765625,1.44140625,4.64453125
0.3735,-5.8056640625,2.72265625,3.4033203125
0.374,-5.365234375,3.84375,2.08203125
0.3745,-4.8447265625,4.5244140625,1.0009765625
0.375,-4.484375,5.125,0.2001953125
0.3755,-3.8037109375,5.4853515625,-0.80078125
0.376,-2.5224609375,5.60546875,-2.1220703125
0.3765,-1.2412109375,5.685546875,-3.5234375
0.377,0.0400390625,5.4052734375,-4.484375
0.3775,0.7607421875,5.4052734375,-5.28515625
0.378,1.521484375,5.365234375,-5.9658203125
0.3785,2.5625,4.484375,-6.3662109375
0.379,3.84375,3.203125,-6.6064453125
0.3795,4.8046875,1.841796875,-6.486328125
0.38,5.28515625,0.720703125,-6.2060546875
0.3805,5.60546875,0.0,-6.0458984375
0.381,5.7255859375,-1.0009765625,-5.6455078125
0.3815,5.4853515625,-2.2021484375,-4.564453125
0.382,5.3251953125,-3.443359375,-3.36328125
0.3825,4.8447265625,-4.4443359375,-2.1220703125
0.383,4.4443359375,-5.1650390625,-1.1611328125
0.3835,4.083984375,-5.8056640625,-0.3203125
0.384,3.2431640625,-6.0859375,0.7607421875
0.3845,1.9619140625,-6.326171875,2.1220703125
0.385,0.6005859375,-6.2861328125,3.5234375
0.3855,-0.48046875,-6.166015625,4.32421875
0.386,-1.1611328125,-6.166015625,5.1650390625
0.3865,-2.001953125,-5.92578125,5.92578125
0.387,-3.2431640625,-4.7646484375,6.24609375
0.3875,-4.484375,-3.5634765625,6.4462890625
0.388,-5.2451171875,-2.162109375,6.166015625
0.3885,-5.7255859375,-1.2412109375,5.9658203125
0.389,-5.92578125,-0.400390625,5.7255859375
0.3895,-5.92578125,0.6005859375,5.0849609375
0.39,-5.765625,1.841796875,4.00390625
0.3905,-5.4453125,3.04296875,2.72265625
0.391,-5.0048828125,3.84375,1.7216796875
0.3915,-4.64453125,4.5244140625,0.80078125
0.392,-4.2041015625,5.0849609375,0.0
0.3925,-3.1630859375,5.1650390625,-1.2412109375
0.393,-2.001953125,5.4052734375,-2.5625
0.3935,-0.6806640625,5.2451171875,-3.7236328125
0.394,0.2001953125,5.2451171875,-4.5244140625
0.3945,0.880859375,5.28515625,-5.28515625
0.395,1.8017578125,4.8447265625,-5.845703125
0.3955,3.04296875,3.7236328125,-6.2060546875
0.396,4.083984375,2.5224609375,-6.2861328125
0.3965,4.6845703125,1.3212890625,-6.0458984375
0.397,5.0849609375,0.5205078125,-5.92578125
0.3975,5.365234375,-0.3603515625,-5.7255859375
0.398,5.2451171875,-1.28125,-4.96484375
0.3985,5.125,-2.4423828125,-4.00390625
0.399,4.8046875,-3.5634765625,-2.7626953125
0.3995,4.4443359375,-4.32421875,-1.8017578125
0.4,4.1640625,-5.0048828125,-1.041015625
0.4005,3.68359375,-5.525390625,-0.2001953125
0.401,2.642578125,-5.765625,1.0810546875
0.4015,1.5615234375,-6.005859375,2.2822265625
0.402,0.4404296875,-5.8056640625,3.3232421875
0.4025,-0.400390625,-5.92578125,4.2041015625
0.403,-1.12109375,-5.9658203125,5.044921875
0.4035,-2.1220703125,-5.365234375,5.5654296875
0.404,-3.3232421875,-4.32421875,5.8857421875
0.4045,-4.32421875,-3.0830078125,5.92578125
0.405,-4.884765625,-2.0419921875,5.7255859375
0.4055,-5.3251953125,-1.3212890625,5.7255859375
0.406,-5.5654296875,-0.5205078125,5.4453125
0.4065,-5.4853515625,0.6005859375,4.6044921875
0.407,-5.4052734375,1.76171875,3.7236328125
0.4075,-5.044921875,2.6826171875,2.6025390625
0.408,-4.7646484375,3.5234375,1.681640625
0.4085,-4.564453125,4.1640625,0.9208984375
0.409,-3.9638671875,4.6044921875,0.0400390625
0.4095,-2.962890625,4.884765625,-1.28125
0.41,-1.8017578125,5.044921875,-2.482421875
0.4105,-0.8408203125,5.044921875,-3.36328125
0.411,-0.16015625,5.2451171875,-4.2841796875
0.4115,0.7607421875,5.1650390625,-5.125
0.412,1.8818359375,4.3642578125,-5.525390625
0.4125,2.9228515625,3.4033203125,-5.92578125
0.413,3.8037109375,2.2021484375,-5.765625
0.4135,4.3642578125,1.28125,-5.7255859375
0.414,4.8046875,0.560546875,-5.7255859375
0.4145,4.96484375,-0.3203125,-5.4052734375
0.415,4.9248046875,-1.361328125,-4.5244140625
0.4155,4.8046875,-2.5224609375,-3.5634765625
0.416,4.484375,-3.36328125,-2.5625
0.4165,4.2841796875,-4.244140625,-1.7216796875
0.417,4.083984375,-4.96484375,-1.0009765625
0.4175,3.3232421875,-5.28515625,0.1201171875
0.418,2.40234375,-5.60546875,1.28125
0.4185,1.201171875,-5.6455078125,2.4423828125
0.419,0.4404296875,-5.7255859375,3.3232421875
0.4195,-0.3203125,-5.8857421875,4.2041015625
0.42,-1.2412109375,-5.6455078125,4.96484375
0.4205,-2.4423828125,-4.7646484375,5.4052734375
0.421,-3.5634765625,-3.7236328125,5.685546875
0.4215,-4.244140625,-2.6025390625,5.525390625
0.422,-4.8046875,-1.841796875,5.5654296875
0.4225,-5.205078125,-1.12109375,5.525390625
0.423,-5.2451171875,-0.2802734375,4.96484375
0.4235,-5.28515625,0.9208984375,4.1640625
0.424,-5.0849609375,1.9619140625,3.123046875
0.4245,-4.8046875,2.802734375,2.2421875
0.425,-4.6845703125,3.603515625,1.4013671875
0.4255,-4.32421875,4.2041015625,0.6005859375
0.426,-3.36328125,4.564453125,-0.6005859375
0.4265,-2.482421875,4.9248046875,-1.76171875
0.427,-1.4013671875,4.9248046875,-2.7626953125
0.4275,-0.640625,5.0849609375,-3.68359375
0.428,0.16015625,5.2451171875,-4.6044921875
0.4285,1.12109375,4.7646484375,-5.1650390625
0.429,2.3623046875,3.8037109375,-5.6455078125
0.4295,3.3232421875,2.6826171875,-5.7255859375
0.43,4.00390625,1.7216796875,-5.6455078125
0.4305,4.5244140625,0.9609375,-5.7255859375
0.431,4.8447265625,0.240234375,-5.5654296875
0.4315,4.884765625,-0.880859375,-4.884765625
0.432,4.884765625,-1.9619140625,-4.0439453125
0.4325,4.6044921875,-3.04296875,-2.962890625
0.433,4.32421875,-3.8837890625,-2.08203125
0.4335,4.2041015625,-4.64453125,-1.361328125
0.434,3.68359375,-5.0849609375,-0.48046875
0.4345,2.72265625,-5.4453125,0.8408203125
0.435,1.6416015625,-5.6455078125,2.0419921875
0.4355,0.7607421875,-5.685546875,3.0029296875
0.436,0.0400390625,-5.92578125,3.8837890625
0.4365,-0.9208984375,-5.845703125,4.8046875
0.437,-2.0419921875,-5.125,5.28515625
0.4375,-3.203125,-4.1240234375,5.685546875
0.438,-4.1240234375,-2.8828125,5.60546875
0.4385,-4.64453125,-2.001953125,5.5654296875
0.439,-5.1650390625,-1.28125,5.5654296875
0.4395,-5.28515625,-0.48046875,5.1650390625
0.44,-5.28515625,0.6806640625,4.3642578125
0.4405,-5.205078125,1.841796875,3.36328125
0.441,-4.884765625,2.6826171875,2.40234375
0.4415,-4.6845703125,3.5234375,1.521484375
0.442,-4.4443359375,4.244140625,0.7607421875
0.4425,-3.6435546875,4.6044921875,-0.3603515625
0.443,-2.6025390625,4.96484375,-1.6015625
0.4435,-1.4814453125,4.96484375,-2.7626953125
0.444,-0.6806640625,5.0849609375,-3.603515625
0.4445,0.080078125,5.2451171875,-4.5244140625
0.445,1.0009765625,4.9248046875,-5.205078125
0.4455,2.2421875,3.9638671875,-5.6455078125
0.446,3.36328125,2.8828125,-5.92578125
0.4465,4.0439453125,1.76171875,-5.765625
0.447,4.6044921875,0.9208984375,-5.765625
0.4475,4.96484375,0.240234375,-5.6455078125
0.448,5.0048828125,-0.8408203125,-5.0048828125
0.4485,4.96484375,-2.001953125,-4.1240234375
0.449,4.7646484375,-3.123046875,-3.0029296875
0.4495,4.404296875,-4.00390625,-2.08203125
0.45,4.2841796875,-4.7646484375,-1.2412109375
0.4505,3.8037109375,-5.2451171875,-0.400390625
0.451,2.8427734375,-5.525390625,0.880859375
0.4515,1.7216796875,-5.8056640625,2.2021484375
0.452,0.640625,-5.765625,3.203125
0.4525,-0.2001953125,-5.92578125,4.083984375
0.453,-1.0009765625,-5.9658203125,4.96484375
0.4535,-2.0419921875,-5.28515625,5.4453125
0.454,-3.36328125,-4.1640625,5.8857421875
0.4545,-4.3642578125,-2.9228515625,5.8857421875
0.455,-4.96484375,-1.921875,5.7255859375
0.4555,-5.365234375,-1.1611328125,5.685546875
0.456,-5.5654296875,-0.3203125,5.3251953125
0.4565,-5.525390625,0.9208984375,4.404296875
0.457,-5.4453125,2.1220703125,3.4033203125
0.4575,-5.125,3.123046875,2.2421875
0.458,-4.724609375,3.8837890625,1.361328125
0.4585,-4.4443359375,4.6044921875,0.560546875
0.459,-3.7236328125,4.8447265625,-0.5205078125
0.4595,-2.5625,5.125,-1.841796875
0.46,-1.3212890625,5.2451171875,-3.0830078125
0.4605,-0.4404296875,5.205078125,-3.9638671875
0.461,0.400390625,5.28515625,-4.8046875
0.4615,1.28125,5.0849609375,-5.5654296875
0.462,2.482421875,4.083984375,-5.9658203125
0.4625,3.68359375,2.9228515625,-6.24609375
0.463,4.484375,1.6416015625,-6.0458984375
0.4635,4.9248046875,0.720703125,-5.845703125
0.464,5.2451171875,0.0,-5.765625
0.4645,5.2451171875,-1.12109375,-5.1650390625
0.465,5.1650390625,-2.2822265625,-4.1240234375
0.4655,4.96484375,-3.5634765625,-3.04296875
0.466,4.6044921875,-4.3642578125,-1.9619140625
0.4665,4.32421875,-5.044921875,-1.12109375
0.467,3.84375,-5.6455078125,-0.240234375
0.4675,2.8427734375,-5.8857421875,0.9609375
0.468,1.6416015625,-6.0859375,2.40234375
0.4685,0.4404296875,-6.0458984375,3.5634765625
0.469,-0.48046875,-6.0458984375,4.404296875
0.4695,-1.201171875,-6.1259765625,5.2451171875
0.47,-2.2822265625,-5.525390625,5.8857421875
0.4705,-3.603515625,-4.2841796875,6.24609375
0.471,-4.724609375,-3.04296875,6.3662109375
0.4715,-5.4052734375,-1.8017578125,6.0859375
0.472,-5.765625,-1.0009765625,5.8857421875
0.4725,-6.0458984375,0.0,5.60546875
0.473,-5.92578125,1.12109375,4.6845703125
0.4735,-5.765625,2.40234375,3.5234375
0.474,-5.365234375,3.5634765625,2.2421875
0.4745,-4.884765625,4.32421875,1.201171875
0.475,-4.5244140625,5.0048828125,0.400390625
0.4755,-3.8837890625,5.365234375,-0.640625
0.476,-2.5625,5.525390625,-2.0419921875
0.4765,-1.28125,5.7255859375,-3.5234375
0.477,0.0,5.4453125,-4.484375
0.4775,0.7607421875,5.4052734375,-5.2451171875
0.478,1.5615234375,5.28515625,-6.0859375
0.4785,2.7626953125,4.32421875,-6.4462890625
0.479,4.1240234375,3.0029296875,-6.7666015625
0.4795,5.0048828125,1.5615234375,-6.6064453125
0.48,5.4453125,0.48046875,-6.2861328125
0.4805,5.7255859375,-0.48046875,-6.0458984375
0.481,5.765625,-1.4013671875,-5.4853515625
0.4815,5.525390625,-2.7626953125,-4.244140625
0.482,5.3251953125,-3.9638671875,-3.0029296875
0.4825,4.8046875,-4.9248046875,-1.681640625
0.483,4.32421875,-5.5654296875,-0.720703125
0.4835,3.84375,-6.1259765625,0.240234375
0.484,2.9228515625,-6.3662109375,1.2412109375
0.4845,1.521484375,-6.486328125,2.802734375
0.485,0.1201171875,-6.40625,4.1240234375
0.4855,-1.0009765625,-6.24609375,4.96484375
0.486,-1.5615234375,-6.1259765625,5.685546875
0.4865,-2.6025390625,-5.765625,6.40625
0.487,-3.8837890625,-4.4443359375,6.646484375
0.4875,-5.125,-3.0830078125,6.88671875
0.488,-5.8056640625,-1.681640625,6.4462890625
0.4885,-6.166015625,-0.720703125,6.0859375
0.489,-6.326171875,0.16015625,5.765625
0.4895,-6.2861328125,1.1611328125,4.96484375
0.49,-5.92578125,2.5625,3.68359375
0.4905,-5.6455078125,3.84375,2.2822265625
0.491,-5.044921875,4.6044921875,1.1611328125
0.4915,-4.5244140625,5.2451171875,0.2802734375
0.492,-4.00390625,5.685546875,-0.7607421875
0.4925,-2.7626953125,5.7255859375,-1.9619140625
0.493,-1.44140625,5.8857421875,-3.443359375
0.4935,0.080078125,5.6455078125,-4.64453125
0.494,0.8408203125,5.525390625,-5.3251953125
0.4945,1.4814453125,5.4453125,-6.0458984375
0.495,2.5224609375,4.7646484375,-6.6064453125
0.4955,3.923828125,3.36328125,-6.806640625
0.496,4.96484375,2.0419921875,-6.8466796875
0.4965,5.4853515625,0.6806640625,-6.40625
0.497,5.8056640625,-0.3203125,-6.166015625
0.4975,5.8857421875,-1.201171875,-5.8056640625
0.498,5.7255859375,-2.2421875,-4.8046875
0.4985,5.4853515625,-3.4833984375,-3.5234375
0.499,5.0048828125,-4.64453125,-2.1220703125
0.4995,4.5244140625,-5.3251953125,-1.12109375
0.5,4.1240234375,-5.9658203125,-0.240234375
0.5005,3.443359375,-6.3662109375,0.7607421875
0.501,2.0419921875,-6.4462890625,2.162109375
0.5015,0.7607421875,-6.56640625,3.5634765625
0.502,-0.6005859375,-6.326171875,4.564453125
0.5025,-1.28125,-6.24609375,5.3251953125
0.503,-2.001953125,-6.0859375,6.0458984375
0.5035,-3.203125,-5.1650390625,6.5263671875
0.504,-4.6044921875,-3.763671875,6.7666015625
0.5045,-5.525390625,-2.40234375,6.6064453125
0.505,-5.9658203125,-1.2412109375,6.24609375
0.5055,-6.2861328125,-0.400390625,6.005859375
0.506,-6.40625,0.640625,5.4853515625
0.5065,-6.166015625,1.9619140625,4.2841796875
0.507,-5.92578125,3.203125,3.0029296875
0.5075,-5.3251953125,4.244140625,1.7216796875
0.508,-4.8447265625,4.96484375,0.6806640625
0.5085,-4.404296875,5.4853515625,-0.2802734375
0.509,-3.4033203125,5.7255859375,-1.3212890625
0.5095,-1.9619140625,5.8857421875,-2.8427734375
0.51,-0.640625,5.8056640625,-4.244140625
0.5105,0.48046875,5.60546875,-5.0849609375
0.511,1.201171875,5.60546875,-5.8056640625
0.5115,2.1220703125,5.205078125,-6.56640625
0.512,3.443359375,3.9638671875,-6.8466796875
0.5125,4.64453125,2.5224609375,-7.046875
0.513,5.4453125,1.12109375,-6.6865234375
0.5135,5.8056640625,0.0,-6.40625
0.514,6.0458984375,-0.8408203125,-6.0458984375
0.5145,5.92578125,-1.921875,-5.28515625
0.515,5.685546875,-3.2431640625,-3.8837890625
0.5155,5.4052734375,-4.5244140625,-2.5625
0.516,4.8046875,-5.365234375,-1.3212890625
0.5165,4.2841796875,-6.0458984375,-0.3603515625
0.517,3.7236328125,-6.4462890625,0.640625
0.5175,2.5224609375,-6.6064453125,1.8818359375
0.518,1.0009765625,-6.7265625,3.4833984375
0.5185,-0.5205078125,-6.486328125,4.64453125
0.519,-1.28125,-6.2861328125,5.365234375
0.5195,-1.9619140625,-6.2060546875,6.0859375
0.52,-3.0830078125,-5.4853515625,6.6064453125
0.5205,-4.5244140625,-4.0439453125,6.88671875
0.521,-5.5654296875,-2.6826171875,6.88671875
0.5215,-6.0458984375,-1.3212890625,6.40625
0.522,-6.2861328125,-0.3603515625,6.0458984375
0.5225,-6.40625,0.6005859375,5.60546875
0.523,-6.2060546875,1.7216796875,4.6044921875
0.5235,-5.9658203125,3.04296875,3.2431640625
0.524,-5.4853515625,4.1240234375,1.8818359375
0.5245,-4.884765625,4.8046875,0.8408203125
0.525,-4.484375,5.4052734375,0.0
0.5255,-3.7236328125,5.685546875,-1.041015625
0.526,-2.322265625,5.7255859375,-2.40234375
0.5265,-1.041015625,5.845703125,-3.763671875
0.527,0.3203125,5.525390625,-4.7646484375
0.5275,1.041015625,5.4453125,-5.4853515625
0.528,1.7216796875,5.365234375,-6.1259765625
0.5285,2.72265625,4.404296875,-6.5263671875
0.529,4.00390625,3.04296875,-6.7666015625
0.5295,4.9248046875,1.7216796875,-6.6064453125
0.53,5.4052734375,0.640625,-6.24609375
0.5305,5.7255859375,-0.3203125,-6.0859375
0.531,5.7255859375,-1.12109375,-5.60546875
0.5315,5.525390625,-2.2822265625,-4.564453125
0.532,5.365234375,-3.4833984375,-3.4033203125
0.5325,4.8447265625,-4.484375,-2.08203125
0.533,4.404296875,-5.205078125,-1.12109375
0.5335,4.083984375,-5.8857421875,-0.3203125
0.534,3.3232421875,-6.0859375,0.720703125
0.5345,2.0419921875,-6.24609375,2.08203125
0.535,0.720703125,-6.2861328125,3.36328125
0.5355,-0.400390625,-6.1259765625,4.32421875
0.536,-1.12109375,-6.24609375,5.0849609375
0.5365,-1.9619140625,-6.0458984375,5.845703125
0.537,-3.1630859375,-5.044921875,6.24609375
0.5375,-4.3642578125,-3.8037109375,6.4462890625
0.538,-5.1650390625,-2.3623046875,6.24609375
0.5385,-5.6455078125,-1.4013671875,6.005859375
0.539,-5.9658203125,-0.6005859375,5.8857421875
0.5395,-5.92578125,0.48046875,5.28515625
0.54,-5.8056640625,1.6416015625,4.2041015625
0.5405,-5.5654296875,2.8427734375,3.04296875
0.541,-5.0849609375,3.7236328125,1.841796875
0.5415,-4.8046875,4.4443359375,0.9208984375
0.542,-4.3642578125,5.0849609375,0.1201171875
0.5425,-3.4033203125,5.2451171875,-1.0009765625
0.543,-2.1220703125,5.4853515625,-2.4423828125
0.5435,-0.80078125,5.3251953125,-3.68359375
0.544,0.080078125,5.28515625,-4.4443359375
0.5445,0.80078125,5.4052734375,-5.28515625
0.545,1.76171875,4.9248046875,-5.92578125
0.5455,2.9228515625,3.763671875,-6.2861328125
0.546,4.00390625,2.642578125,-6.3662109375
0.5465,4.724609375,1.44140625,-6.0458984375
0.547,5.125,0.6005859375,-5.92578125
0.5475,5.4453125,-0.3203125,-5.8056640625
0.548,5.365234375,-1.28125,-5.044921875
0.5485,5.1650390625,-2.482421875,-4.0439453125
0.549,4.8447265625,-3.5634765625,-2.8427734375
0.5495,4.4443359375,-4.404296875,-1.8017578125
0.55,4.244140625,-5.125,-1.0009765625
0.5505,3.763671875,-5.60546875,0.0
0.551,2.6826171875,-5.765625,1.12109375
0.5515,1.5615234375,-5.9658203125,2.4423828125
0.552,0.400390625,-5.8056640625,3.4833984375
0.5525,-0.5205078125,-5.9658203125,4.2841796875
0.553,-1.2412109375,-6.0458984375,5.0849609375
0.5535,-2.162109375,-5.4052734375,5.60546875
0.554,-3.36328125,-4.2841796875,5.9658203125
0.5545,-4.404296875,-3.04296875,6.005859375
0.555,-4.96484375,-1.9619140625,5.765625
0.5555,-5.4052734375,-1.1611328125,5.7255859375
0.556,-5.6455078125,-0.5205078125,5.4453125
0.5565,-5.60546875,0.6806640625,4.6044921875
0.557,-5.4052734375,1.8818359375,3.68359375
0.5575,-5.044921875,2.8427734375,2.5224609375
0.558,-4.8046875,3.603515625,1.5615234375
0.5585,-4.6044921875,4.32421875,0.7607421875
0.559,-3.923828125,4.7646484375,0.0
0.5595,-2.9228515625,5.044921875,-1.28125
0.56,-1.681640625,5.0849609375,-2.6025390625
0.5605,-0.6806640625,5.0849609375,-3.5234375
0.561,0.0400390625,5.125,-4.4443359375
0.5615,0.880859375,5.205078125,-5.205078125
0.562,1.8818359375,4.404296875,-5.6455078125
0.5625,3.123046875,3.4033203125,-5.9658203125
0.563,3.923828125,2.2021484375,-5.845703125
0.5635,4.564453125,1.2412109375,-5.765625
0.564,4.9248046875,0.560546875,-5.765625
0.5645,5.044921875,-0.3203125,-5.3251953125
0.565,4.96484375,-1.44140625,-4.6044921875
0.5655,4.8046875,-2.6025390625,-3.5634765625
0.566,4.564453125,-3.4033203125,-2.5625
0.5665,4.3642578125,-4.244140625,-1.76171875
0.567,4.1240234375,-5.0048828125,-1.0009765625
0.5675,3.3232421875,-5.3251953125,0.0400390625
0.568,2.40234375,-5.6455078125,1.3212890625
0.5685,1.201171875,-5.7255859375,2.4423828125
0.569,0.3603515625,-5.765625,3.36328125
0.5695,-0.400390625,-5.9658203125,4.244140625
0.57,-1.2412109375,-5.6455078125,5.044921875
0.5705,-2.482421875,-4.8447265625,5.4853515625
0.571,-3.603515625,-3.8037109375,5.7255859375
0.5715,-4.2841796875,-2.642578125,5.60546875
0.572,-4.8447265625,-1.8017578125,5.60546875
0.5725,-5.205078125,-1.0810546875,5.5654296875
0.573,-5.28515625,-0.2001953125,5.0849609375
0.5735,-5.2451171875,0.9208984375,4.2041015625
0.574,-5.0048828125,2.001953125,3.1630859375
0.5745,-4.8046875,2.802734375,2.2421875
0.575,-4.564453125,3.6435546875,1.44140625
0.5755,-4.32421875,4.2841796875,0.640625
0.576,-3.4033203125,4.6044921875,-0.48046875
0.5765,-2.5625,4.884765625,-1.681640625
0.577,-1.44140625,4.8447265625,-2.72265625
0.5775,-0.640625,4.96484375,-3.68359375
0.578,0.1201171875,5.1650390625,-4.6044921875
0.5785,1.12109375,4.8046875,-5.125
0.579,2.2822265625,3.9638671875,-5.5654296875
0.5795,3.3232421875,2.72265625,-5.765625
0.58,3.9638671875,1.681640625,-5.685546875
0.5805,4.5244140625,1.0009765625,-5.7255859375
0.581,4.884765625,0.240234375,-5.6455078125
0.5815,4.884765625,-0.8408203125,-4.9248046875
0.582,4.96484375,-1.841796875,-4.1240234375
0.5825,4.6044921875,-2.8828125,-3.04296875
0.583,4.32421875,-3.84375,-2.162109375
0.5835,4.2041015625,-4.6044921875,-1.44140625
0.584,3.6435546875,-5.0849609375,-0.5205078125
0.5845,2.72265625,-5.4853515625,0.7607421875
0.585,1.8017578125,-5.60546875,2.001953125
0.5855,0.720703125,-5.685546875,2.962890625
0.586,0.2001953125,-5.8857421875,3.84375
0.5865,-0.80078125,-5.845703125,4.8046875
0.587,-1.8818359375,-5.125,5.2451171875
0.5875,-3.1630859375,-4.1640625,5.685546875
0.588,-4.0439453125,-2.9228515625,5.60546875
0.5885,-4.6845703125,-2.001953125,5.60546875
0.589,-5.1650390625,-1.3212890625,5.5654296875
0.5895,-5.365234375,-0.5205078125,5.205078125
0.59,-5.205078125,0.720703125,4.404296875
0.5905,-5.1650390625,1.841796875,3.4033203125
0.591,-4.96484375,2.72265625,2.482421875
0.5915,-4.64453125,3.5634765625,1.6015625
0.592,-4.404296875,4.2841796875,0.80078125
0.5925,-3.6435546875,4.5244140625,-0.2802734375
0.593,-2.72265625,4.9248046875,-1.44140625
0.5935,-1.521484375,4.9248046875,-2.6826171875
0.594,-0.80078125,5.0048828125,-3.5634765625
0.5945,0.0400390625,5.2451171875,-4.4443359375
0.595,0.9609375,5.0048828125,-5.125
0.5955,2.2021484375,3.9638671875,-5.6455078125
0.596,3.283203125,2.8828125,-5.92578125
0.5965,3.8837890625,1.841796875,-5.7255859375
0.597,4.484375,0.9609375,-5.685546875
0.5975,4.96484375,0.3203125,-5.60546875
0.598,4.9248046875,-0.6806640625,-5.0048828125
0.5985,4.96484375,-1.8017578125,-4.1640625
0.599,4.724609375,-2.8828125,-3.04296875
0.5995,4.484375,-3.763671875,-2.162109375
0.6,4.244140625,-4.5244140625,-1.3212890625
0.6005,3.84375,-5.205078125,-0.6005859375
0.601,2.802734375,-5.525390625,0.6806640625
0.6015,1.8818359375,-5.8056640625,1.921875
0.602,0.720703125,-5.8056640625,2.962890625
0.6025,0.080078125,-5.8056640625,3.8837890625
0.603,-0.720703125,-5.92578125,4.8046875
0.6035,-1.8818359375,-5.4453125,5.3251953125
0.604,-3.2431640625,-4.3642578125,5.765625
0.6045,-4.1640625,-3.0830078125,5.8857421875
0.605,-4.7646484375,-2.08203125,5.7255859375
0.6055,-5.28515625,-1.28125,5.685546875
0.606,-5.4453125,-0.5205078125,5.4052734375
0.6065,-5.4453125,0.640625,4.5244140625
0.607,-5.4052734375,1.8818359375,3.68359375
0.6075,-5.125,2.8427734375,2.5224609375
0.608,-4.7646484375,3.603515625,1.521484375
0.6085,-4.4443359375,4.32421875,0.7607421875
0.609,-3.923828125,4.6845703125,-0.240234375
0.6095,-2.7626953125,4.9248046875,-1.6015625
0.61,-1.6416015625,5.205078125,-2.72265625
0.6105,-0.720703125,5.0849609375,-3.68359375
0.611,0.240234375,5.3251953125,-4.564453125
0.6115,0.9208984375,5.1650390625,-5.3251953125
0.612,2.162109375,4.2841796875,-5.765625
0.6125,3.3232421875,3.123046875,-6.1259765625
0.613,4.2841796875,1.841796875,-6.005859375
0.6135,4.6845703125,0.880859375,-5.845703125
0.614,5.205078125,0.16015625,-5.8056640625
0.6145,5.28515625,-0.80078125,-5.3251953125
0.615,5.0849609375,-2.0419921875,-4.2041015625
0.6155,5.0048828125,-3.203125,-3.1630859375
0.616,4.64453125,-4.1240234375,-2.1220703125
0.6165,4.244140625,-5.0048828125,-1.2412109375
0.617,3.8837890625,-5.525390625,-0.400390625
0.6175,3.0029296875,-5.845703125,0.6806640625
0.618,1.8017578125,-5.9658203125,2.2021484375
0.6185,0.640625,-5.92578125,3.36328125
0.619,-0.3603515625,-6.0458984375,4.1640625
0.6195,-1.0810546875,-6.005859375,5.125
0.62,-2.1220703125,-5.5654296875,5.8056640625
0.6205,-3.36328125,-4.3642578125,6.1259765625
0.621,-4.5244140625,-3.1630859375,6.326171875
0.6215,-5.365234375,-2.001953125,6.0458984375
0.622,-5.7255859375,-1.12109375,5.845703125
0.6225,-5.92578125,-0.16015625,5.685546875
0.623,-5.92578125,0.9208984375,4.8046875
0.6235,-5.7255859375,2.3623046875,3.6435546875
0.624,-5.4453125,3.443359375,2.3623046875
0.6245,-4.9248046875,4.1640625,1.28125
0.625,-4.64453125,4.8046875,0.48046875
0.6255,-3.923828125,5.2451171875,-0.640625
0.626,-2.642578125,5.4052734375,-2.001953125
0.6265,-1.3212890625,5.7255859375,-3.36328125
0.627,0.0,5.4853515625,-4.4443359375
0.6275,0.6005859375,5.4052734375,-5.125
0.628,1.361328125,5.28515625,-5.845703125
0.6285,2.72265625,4.484375,-6.40625
0.629,4.083984375,3.04296875,-6.6865234375
0.6295,4.8447265625,1.6416015625,-6.6064453125
0.63,5.365234375,0.560546875,-6.24609375
0.6305,5.6455078125,-0.3603515625,-5.9658203125
0.631,5.8056640625,-1.3212890625,-5.5654296875
0.6315,5.6455078125,-2.6025390625,-4.404296875
0.632,5.3251953125,-3.84375,-3.04296875
0.6325,4.8447265625,-4.8447265625,-1.681640625
0.633,4.3642578125,-5.5654296875,-0.880859375
0.6335,3.9638671875,-6.0458984375,0.1201171875
0.634,2.9228515625,-6.40625,1.12109375
0.6345,1.5615234375,-6.486328125,2.6025390625
0.635,0.240234375,-6.4462890625,4.083984375
0.6355,-0.9208984375,-6.2861328125,4.8447265625
0.636,-1.5615234375,-6.1259765625,5.6455078125
0.6365,-2.5224609375,-5.92578125,6.24609375
0.637,-3.8037109375,-4.564453125,6.6064453125
0.6375,-5.0849609375,-3.283203125,6.7265625
0.638,-5.765625,-1.8017578125,6.4462890625
0.6385,-6.1259765625,-0.8408203125,6.0458984375
0.639,-6.2861328125,0.240234375,5.845703125
0.6395,-6.166015625,1.28125,5.0849609375
0.64,-6.005859375,2.5224609375,3.6435546875
0.6405,-5.8056640625,3.763671875,2.40234375
0.641,-5.044921875,4.6044921875,1.201171875
0.6415,-4.564453125,5.2451171875,0.2802734375
0.642,-4.00390625,5.685546875,-0.7607421875
0.6425,-2.8427734375,5.765625,-1.9619140625
0.643,-1.4814453125,6.005859375,-3.4033203125
0.6435,0.1201171875,5.7255859375,-4.6845703125
0.644,0.80078125,5.4453125,-5.4453125
0.6445,1.44140625,5.4453125,-6.005859375
0.645,2.5224609375,4.8046875,-6.56640625
0.6455,3.9638671875,3.5234375,-6.88671875
0.646,5.0849609375,2.08203125,-6.9267578125
0.6465,5.5654296875,0.640625,-6.56640625
0.647,5.845703125,-0.3603515625,-6.2861328125
0.6475,6.005859375,-1.28125,-5.845703125
0.648,5.8056640625,-2.3623046875,-4.9248046875
0.6485,5.4853515625,-3.7236328125,-3.5634765625
0.649,5.125,-4.884765625,-2.2421875
0.6495,4.5244140625,-5.525390625,-1.041015625
0.65,4.1240234375,-6.1259765625,-0.2802734375
0.6505,3.443359375,-6.40625,0.8408203125
0.651,2.1220703125,-6.40625,2.2822265625
0.6515,0.6005859375,-6.6064453125,3.7236328125
0.652,-0.6806640625,-6.2861328125,4.7646484375
0.6525,-1.361328125,-6.24609375,5.4052734375
0.653,-2.1220703125,-6.1259765625,6.0859375
0.6535,-3.36328125,-5.125,6.6064453125
0.654,-4.8046875,-3.7236328125,6.8466796875
0.6545,-5.525390625,-2.2822265625,6.6865234375
0.655,-6.166015625,-1.12109375,6.24609375
0.6555,-6.40625,-0.3203125,6.005859375
0.656,-6.2861328125,0.6806640625,5.4052734375
0.6565,-6.0859375,2.0419921875,4.2841796875
0.657,-5.92578125,3.3232421875,3.123046875
0.6575,-5.4453125,4.1640625,1.6416015625
0.658,-4.7646484375,4.96484375,0.6005859375
0.6585,-4.3642578125,5.5654296875,-0.2001953125
0.659,-3.4833984375,5.685546875,-1.4013671875
0.6595,-2.0419921875,5.8857421875,-2.7626953125
0.66,-0.640625,5.765625,-4.2041015625
0.6605,0.5205078125,5.5654296875,-5.125
0.661,1.201171875,5.4853515625,-5.8056640625
0.6615,2.0419921875,5.2451171875,-6.56640625
0.662,3.3232421875,4.0439453125,-6.806640625
0.6625,4.6044921875,2.72265625,-6.966796875
0.663,5.4052734375,1.28125,-6.6865234375
0.6635,5.765625,0.2802734375,-6.2861328125
0.664,5.92578125,-0.80078125,-6.0859375
0.6645,5.845703125,-1.8017578125,-5.4052734375
0.665,5.7255859375,-3.04296875,-4.00390625
0.6655,5.4453125,-4.3642578125,-2.72265625
0.666,4.7646484375,-5.28515625,-1.5615234375
0.6665,4.244140625,-5.92578125,-0.560546875
0.667,3.923828125,-6.326171875,0.400390625
0.6675,2.642578125,-6.5263671875,1.5615234375
0.668,1.2412109375,-6.6064453125,3.203125
0.6685,-0.2001953125,-6.3662109375,4.4443359375
0.669,-1.12109375,-6.3662109375,5.0849609375
0.6695,-1.841796875,-6.24609375,5.92578125
0.67,-2.8828125,-5.6455078125,6.5263671875
0.6705,-4.32421875,-4.1240234375,6.88671875
0.671,-5.4052734375,-2.802734375,6.966796875
0.6715,-5.92578125,-1.5615234375,6.40625
0.672,-6.2861328125,-0.5205078125,6.0859375
0.6725,-6.4462890625,0.3603515625,5.6455078125
0.673,-6.2060546875,1.521484375,4.6845703125
0.6735,-6.005859375,2.802734375,3.36328125
0.674,-5.525390625,4.083984375,1.9619140625
0.6745,-4.96484375,4.7646484375,0.9609375
0.675,-4.5244140625,5.365234375,0.1201171875
0.6755,-3.84375,5.685546875,-0.9208984375
0.676,-2.482421875,5.7255859375,-2.2421875
0.6765,-1.12109375,5.8857421875,-3.763671875
0.677,0.240234375,5.525390625,-4.8447265625
0.6775,1.0009765625,5.4853515625,-5.4052734375
0.678,1.7216796875,5.4453125,-6.0458984375
0.6785,2.802734375,4.5244140625,-6.56640625
0.679,4.1640625,3.1630859375,-6.88671875
0.6795,5.125,1.841796875,-6.646484375
0.68,5.4853515625,0.6005859375,-6.2861328125
0.6805,5.7255859375,-0.3603515625,-6.0458984375
0.681,5.8857421875,-1.1611328125,-5.685546875
0.6815,5.60546875,-2.322265625,-4.5244140625
0.682,5.365234375,-3.5634765625,-3.3232421875
0.6825,4.8447265625,-4.64453125,-2.0419921875
0.683,4.404296875,-5.28515625,-1.0009765625
0.6835,4.0439453125,-5.845703125,-0.16015625
0.684,3.2431640625,-6.166015625,0.80078125
0.6845,1.921875,-6.326171875,2.2421875
0.685,0.6005859375,-6.3662109375,3.4833984375
0.6855,-0.5205078125,-6.1259765625,4.4443359375
0.686,-1.2412109375,-6.166015625,5.2451171875
0.6865,-2.0419921875,-5.9658203125,6.0458984375
0.687,-3.2431640625,-4.9248046875,6.3662109375
0.6875,-4.484375,-3.68359375,6.6865234375
0.688,-5.3251953125,-2.322265625,6.3662109375
0.6885,-5.8056640625,-1.28125,6.0859375
0.689,-6.0458984375,-0.5205078125,5.92578125
0.6895,-6.1259765625,0.5205078125,5.365234375
0.69,-5.8857421875,1.76171875,4.1240234375
0.6905,-5.6455078125,3.04296875,3.04296875
0.691,-5.0849609375,3.9638671875,1.841796875
0.6915,-4.564453125,4.8046875,0.880859375
0.692,-4.32421875,5.205078125,0.0
0.6925,-3.36328125,5.4052734375,-1.1611328125
0.693,-2.08203125,5.60546875,-2.5625
0.6935,-0.720703125,5.4853515625,-3.8837890625
0.694,0.240234375,5.365234375,-4.6845703125
0.6945,0.9208984375,5.4052734375,-5.4052734375
0.695,1.841796875,5.0048828125,-6.0859375
0.6955,3.1630859375,3.84375,-6.2861328125
0.696,4.2041015625,2.6025390625,-6.486328125
0.6965,4.884765625,1.28125,-6.24609375
0.697,5.2451171875,0.3603515625,-6.005859375
0.6975,5.4853515625,-0.560546875,-5.765625
0.698,5.4453125,-1.44140625,-5.044921875
0.6985,5.2451171875,-2.642578125,-3.923828125
0.699,4.9248046875,-3.8037109375,-2.642578125
0.6995,4.484375,-4.5244140625,-1.681640625
0.7,4.2041015625,-5.2451171875,-0.80078125
0.7005,3.68359375,-5.7255859375,0.0400390625
0.701,2.6025390625,-5.92578125,1.1611328125
0.7015,1.44140625,-6.1259765625,2.6025390625
0.702,0.16015625,-5.92578125,3.68359375
0.7025,-0.6005859375,-6.005859375,4.3642578125
0.703,-1.361328125,-6.0458984375,5.1650390625
0.7035,-2.2822265625,-5.365234375,5.8056640625
0.704,-3.443359375,-4.1240234375,6.0859375
0.7045,-4.5244140625,-3.0830078125,6.0458984375
0.705,-5.0849609375,-1.921875,5.8857421875
0.7055,-5.4853515625,-1.1611328125,5.7255859375
0.706,-5.7255859375,-0.3203125,5.4052734375
0.7065,-5.6455078125,0.80078125,4.64453125
0.707,-5.4853515625,1.921875,3.7236328125
0.7075,-5.125,2.962890625,2.482421875
0.708,-4.7646484375,3.68359375,1.5615234375
0.7085,-4.5244140625,4.404296875,0.7607421875
0.709,-3.923828125,4.8046875,0.0
0.7095,-2.8828125,5.044921875,-1.361328125
0.71,-1.76171875,5.205078125,-2.6025390625
0.7105,-0.6806640625,5.0849609375,-3.5634765625
0.711,0.1201171875,5.2451171875,-4.4443359375
0.7115,0.880859375,5.205078125,-5.205078125
0.712,1.921875,4.484375,-5.685546875
0.7125,3.0830078125,3.36328125,-6.0859375
0.713,3.9638671875,2.1220703125,-5.92578125
0.7135,4.484375,1.201171875,-5.8857421875
0.714,4.96484375,0.48046875,-5.765625
0.7145,5.0849609375,-0.4404296875,-5.4052734375
0.715,5.044921875,-1.4013671875,-4.6044921875
0.7155,4.884765625,-2.642578125,-3.68359375
0.716,4.6044921875,-3.4833984375,-2.5224609375
0.7165,4.404296875,-4.1640625,-1.6015625
0.717,4.1240234375,-5.0048828125,-1.0009765625
0.7175,3.4033203125,-5.365234375,0.1201171875
0.718,2.40234375,-5.6455078125,1.361328125
0.7185,1.2412109375,-5.6455078125,2.5224609375
0.719,0.3603515625,-5.765625,3.4033203125
0.7195,-0.4404296875,-5.92578125,4.32421875
0.72,-1.3212890625,-5.765625,5.0849609375
0.7205,-2.482421875,-4.884765625,5.4853515625
0.721,-3.5634765625,-3.8837890625,5.765625
0.7215,-4.3642578125,-2.72265625,5.60546875
0.722,-4.884765625,-1.8017578125,5.60546875
0.7225,-5.28515625,-1.0810546875,5.5654296875
0.723,-5.365234375,-0.240234375,5.044921875
0.7235,-5.28515625,0.9208984375,4.2041015625
0.724,-5.125,2.0419921875,3.203125
0.7245,-4.8447265625,2.8828125,2.2421875
0.725,-4.64453125,3.68359375,1.44140625
0.7255,-4.32421875,4.2841796875,0.640625
0.726,-3.4033203125,4.6044921875,-0.4404296875
0.7265,-2.5224609375,4.96484375,-1.7216796875
0.727,-1.4013671875,4.8046875,-2.8427734375
0.7275,-0.640625,5.044921875,-3.5634765625
0.728,0.1201171875,5.1650390625,-4.5244140625
0.7285,1.041015625,4.7646484375,-5.1650390625
0.729,2.322265625,3.8837890625,-5.6455078125
0.7295,3.2431640625,2.802734375,-5.765625
0.73,3.9638671875,1.841796875,-5.525390625
0.7305,4.484375,1.041015625,-5.685546875
0.731,4.8046875,0.3203125,-5.60546875
0.7315,4.8447265625,-0.6806640625,-5.0048828125
0.732,4.8447265625,-1.8017578125,-4.1640625
0.7325,4.6044921875,-2.8427734375,-3.1630859375
0.733,4.3642578125,-3.6435546875,-2.2421875
0.7335,4.244140625,-4.484375,-1.4814453125
0.734,3.8037109375,-4.96484375,-0.6806640625
0.7345,2.8828125,-5.3251953125,0.6005859375
0.735,1.921875,-5.6455078125,1.8017578125
0.7355,0.9208984375,-5.6455078125,2.802734375
0.736,0.240234375,-5.845703125,3.68359375
0.7365,-0.720703125,-5.92578125,4.6044921875
0.737,-1.76171875,-5.28515625,5.125
0.7375,-3.0029296875,-4.32421875,5.60546875
0.738,-3.923828125,-3.1630859375,5.60546875
0.7385,-4.5244140625,-2.2021484375,5.60546875
0.739,-5.0849609375,-1.4814453125,5.60546875
0.7395,-5.28515625,-0.80078125,5.2451171875
0.74,-5.28515625,0.4404296875,4.5244140625
0.7405,-5.28515625,1.5615234375,3.603515625
0.741,-4.96484375,2.5224609375,2.642578125
0.7415,-4.8447265625,3.3232421875,1.76171875
0.742,-4.5244140625,4.083984375,1.0009765625
0.7425,-3.84375,4.4443359375,0.0400390625
0.743,-2.8828125,4.8046875,-1.28125
0.7435,-1.7216796875,4.884765625,-2.482421875
0.744,-0.9208984375,5.0048828125,-3.36328125
0.7445,-0.2001953125,5.1650390625,-4.32421875
0.745,0.80078125,4.96484375,-5.0849609375
0.7455,1.9619140625,4.083984375,-5.525390625
0.746,3.123046875,3.123046875,-5.845703125
0.7465,3.8837890625,1.9619140625,-5.7255859375
0.747,4.484375,1.12109375,-5.7255859375
0.7475,4.884765625,0.3603515625,-5.685546875
0.748,4.9248046875,-0.6005859375,-5.1650390625
0.7485,4.884765625,-1.6416015625,-4.32421875
0.749,4.724609375,-2.8427734375,-3.203125
0.7495,4.4443359375,-3.68359375,-2.2822265625
0.75,4.2841796875,-4.484375,-1.44140625
0.7505,3.84375,-5.0849609375,-0.640625
0.751,3.04296875,-5.4052734375,0.560546875
0.7515,1.921875,-5.7255859375,1.8818359375
0.752,0.8408203125,-5.7255859375,2.8828125
0.7525,0.1201171875,-5.8857421875,3.763671875
0.753,-0.80078125,-6.005859375,4.7646484375
0.7535,-1.8017578125,-5.4853515625,5.2451171875
0.754,-3.1630859375,-4.4443359375,5.7255859375
0.7545,-4.1240234375,-3.203125,5.845703125
0.755,-4.7646484375,-2.2021484375,5.685546875
0.7555,-5.205078125,-1.3212890625,5.685546875
0.756,-5.4453125,-0.560546875,5.4052734375
0.7565,-5.4453125,0.6005859375,4.6044921875
0.757,-5.4052734375,1.76171875,3.68359375
0.7575,-5.0849609375,2.802734375,2.5224609375
0.758,-4.7646484375,3.603515625,1.5615234375
0.7585,-4.5244140625,4.32421875,0.80078125
0.759,-3.8837890625,4.724609375,-0.2001953125
0.7595,-2.7626953125,5.0048828125,-1.44140625
0.76,-1.6416015625,5.1650390625,-2.7626953125
0.7605,-0.6806640625,5.0849609375,-3.68359375
0.761,0.1201171875,5.1650390625,-4.5244140625
0.7615,0.9208984375,5.125,-5.4052734375
0.762,2.08203125,4.2841796875,-5.765625
0.7625,3.36328125,3.203125,-6.1259765625
0.763,4.2041015625,1.921875,-6.0458984375
0.7635,4.7646484375,0.9208984375,-5.92578125
0.764,5.0849609375,0.2001953125,-5.765625
0.7645,5.1650390625,-0.80078125,-5.4052734375
0.765,5.0849609375,-1.9619140625,-4.32421875
0.7655,4.96484375,-3.203125,-3.283203125
0.766,4.6044921875,-4.00390625,-2.162109375
0.7665,4.3642578125,-4.7646484375,-1.28125
0.767,3.9638671875,-5.4052734375,-0.48046875
0.7675,3.0830078125,-5.6455078125,0.6806640625
0.768,1.921875,-5.92578125,2.0419921875
0.7685,0.640625,-5.9658203125,3.2431640625
0.769,-0.240234375,-5.9658203125,4.083984375
0.7695,-0.9609375,-6.0859375,4.8447265625
0.77,-1.921875,-5.6455078125,5.60546875
0.7705,-3.203125,-4.5244140625,6.005859375
0.771,-4.3642578125,-3.283203125,6.2060546875
0.7715,-5.044921875,-2.08203125,5.9658203125
0.772,-5.4853515625,-1.1611328125,5.8056640625
0.7725,-5.765625,-0.400390625,5.60546875
0.773,-5.765625,0.720703125,4.8447265625
0.7735,-5.6455078125,1.9619140625,3.763671875
0.774,-5.4052734375,3.1630859375,2.5224609375
0.7745,-4.9248046875,3.923828125,1.521484375
0.775,-4.564453125,4.64453125,0.720703125
0.7755,-4.0439453125,5.0849609375,-0.3203125
0.776,-2.8427734375,5.365234375,-1.5615234375
0.7765,-1.6416015625,5.525390625,-3.04296875
0.777,-0.4404296875,5.365234375,-4.1240234375
0.7775,0.3603515625,5.28515625,-4.884765625
0.778,1.1611328125,5.2451171875,-5.7255859375
0.7785,2.2822265625,4.564453125,-6.166015625
0.779,3.7236328125,3.2431640625,-6.5263671875
0.7795,4.6845703125,1.921875,-6.5263671875
0.78,5.205078125,0.8408203125,-6.166015625
0.7805,5.4853515625,0.0,-6.0458984375
0.781,5.685546875,-1.041015625,-5.60546875
0.7815,5.525390625,-2.2822265625,-4.5244140625
0.782,5.365234375,-3.5634765625,-3.283203125
0.7825,4.9248046875,-4.6044921875,-2.001953125
0.783,4.404296875,-5.28515625,-1.0009765625
0.7835,4.0439453125,-5.845703125,-0.2001953125
0.784,3.1630859375,-6.166015625,0.9208984375
0.7845,1.76171875,-6.40625,2.4423828125
0.785,0.4404296875,-6.4462890625,3.84375
0.7855,-0.6806640625,-6.2861328125,4.6044921875
0.786,-1.361328125,-6.166015625,5.4052734375
0.7865,-2.322265625,-5.8056640625,6.2060546875
0.787,-3.603515625,-4.64453125,6.5263671875
0.7875,-4.8447265625,-3.2431640625,6.7666015625
0.788,-5.7255859375,-1.8818359375,6.4462890625
0.7885,-6.0458984375,-0.880859375,6.0458984375
0.789,-6.24609375,0.1201171875,5.8056640625
0.7895,-6.24609375,1.0810546875,5.0849609375
0.79,-5.9658203125,2.482421875,3.7236328125
0.7905,-5.7255859375,3.8037109375,2.5625
0.791,-5.125,4.484375,1.28125
0.7915,-4.64453125,5.125,0.3603515625
0.792,-4.0439453125,5.5654296875,-0.640625
0.7925,-2.962890625,5.685546875,-1.8017578125
0.793,-1.4814453125,5.845703125,-3.36328125
0.7935,0.0,5.60546875,-4.564453125
0.794,0.80078125,5.4453125,-5.28515625
0.7945,1.521484375,5.4052734375,-5.9658203125
0.795,2.5224609375,4.8447265625,-6.6064453125
0.7955,3.8837890625,3.443359375,-6.8466796875
0.796,4.9248046875,2.162109375,-6.9267578125
0.7965,5.4853515625,0.7607421875,-6.486328125
0.797,5.8056640625,-0.240234375,-6.166015625
0.7975,5.92578125,-1.0810546875,-5.8056640625
0.798,5.7255859375,-2.162109375,-4.9248046875
0.7985,5.4853515625,-3.4833984375,-3.5634765625
0.799,5.0849609375,-4.6044921875,-2.2021484375
0.7995,4.5244140625,-5.3251953125,-1.1611328125
0.8,4.1640625,-5.8857421875,-0.240234375
0.8005,3.4833984375,-6.40625,0.7607421875
0.801,2.162109375,-6.486328125,2.0419921875
0.8015,0.80078125,-6.6064453125,3.5234375
0.802,-0.6005859375,-6.2861328125,4.6044921875
0.8025,-1.28125,-6.2060546875,5.28515625
0.803,-2.001953125,-6.0458984375,6.0859375
0.8035,-3.1630859375,-5.2451171875,6.5263671875
0.804,-4.6044921875,-3.84375,6.6865234375
0.8045,-5.4853515625,-2.482421875,6.6865234375
0.805,-5.9658203125,-1.28125,6.24609375
0.8055,-6.2060546875,-0.4404296875,6.005859375
0.806,-6.326171875,0.6005859375,5.525390625
0.8065,-6.1259765625,1.841796875,4.404296875
0.807,-5.845703125,3.123046875,3.1630859375
0.8075,-5.365234375,4.1240234375,1.76171875
0.808,-4.8447265625,4.8046875,0.7607421875
0.8085,-4.404296875,5.4052734375,-0.16015625
0.809,-3.603515625,5.6455078125,-1.12109375
0.8095,-2.162109375,5.8056640625,-2.642578125
0.81,-0.80078125,5.845703125,-4.00390625
0.8105,0.3603515625,5.5654296875,-4.884765625
0.811,1.0810546875,5.5654296875,-5.6455078125
0.8115,1.9619140625,5.365234375,-6.3662109375
0.812,3.1630859375,4.1240234375,-6.7265625
0.8125,4.484375,2.72265625,-7.046875
0.813,5.3251953125,1.3212890625,-6.6865234375
0.8135,5.685546875,0.2802734375,-6.326171875
0.814,5.92578125,-0.640625,-6.0859375
0.8145,5.8857421875,-1.6416015625,-5.4453125
0.815,5.685546875,-3.0029296875,-4.1240234375
0.8155,5.4453125,-4.244140625,-2.8427734375
0.816,4.8447265625,-5.1650390625,-1.5615234375
0.8165,4.404296875,-5.8056640625,-0.6005859375
0.817,3.84375,-6.40625,0.400390625
0.8175,2.6826171875,-6.56640625,1.5615234375
0.818,1.28125,-6.6865234375,3.1630859375
0.8185,-0.2802734375,-6.486328125,4.484375
0.819,-1.12109375,-6.326171875,5.2451171875
0.8195,-1.8017578125,-6.2861328125,5.9658203125
0.82,-2.8828125,-5.6455078125,6.6064453125
0.8205,-4.3642578125,-4.244140625,6.88671875
0.821,-5.4453125,-2.8828125,6.966796875
0.8215,-6.0859375,-1.44140625,6.5263671875
0.822,-6.3662109375,-0.5205078125,6.166015625
0.8225,-6.5263671875,0.5205078125,5.765625
0.823,-6.326171875,1.681640625,4.8046875
0.8235,-6.0458984375,3.04296875,3.4033203125
0.824,-5.525390625,4.2841796875,2.0419921875
0.8245,-5.0048828125,4.9248046875,0.8408203125
0.825,-4.5244140625,5.4453125,-0.16015625
0.8255,-3.8037109375,5.8056640625,-1.12109375
0.826,-2.40234375,5.9658203125,-2.482421875
0.8265,-1.0009765625,6.0458984375,-4.00390625
0.827,0.48046875,5.685546875,-5.0849609375
0.8275,1.1611328125,5.525390625,-5.685546875
0.828,1.921875,5.4052734375,-6.3662109375
0.8285,2.962890625,4.484375,-6.7666015625
0.829,4.32421875,3.04296875,-6.966796875
0.8295,5.2451171875,1.6416015625,-6.8466796875
0.83,5.685546875,0.400390625,-6.40625
0.8305,5.8857421875,-0.5205078125,-6.0859375
0.831,6.005859375,-1.4013671875,-5.6455078125
0.8315,5.685546875,-2.6025390625,-4.484375
0.832,5.4052734375,-3.8837890625,-3.203125
0.8325,4.9248046875,-4.884765625,-1.921875
0.833,4.3642578125,-5.525390625,-0.8408203125
0.8335,3.9638671875,-6.1259765625,0.0
0.834,3.1630859375,-6.326171875,0.9609375
0.8345,1.8017578125,-6.40625,2.40234375
0.835,0.4404296875,-6.4462890625,3.763671875
0.8355,-0.6005859375,-6.1259765625,4.6044921875
0.836,-1.361328125,-6.1259765625,5.365234375
0.8365,-2.162109375,-6.0458984375,6.005859375
0.837,-3.283203125,-4.9248046875,6.3662109375
0.8375,-4.564453125,-3.6435546875,6.646484375
0.838,-5.365234375,-2.2822265625,6.40625
0.8385,-5.8056640625,-1.2412109375,6.0859375
0.839,-6.0859375,-0.4404296875,5.8857421875
0.8395,-6.1259765625,0.5205078125,5.4052734375
0.84,-5.92578125,1.76171875,4.2041015625
0.8405,-5.765625,2.9228515625,3.0029296875
0.841,-5.205078125,3.84375,1.841796875
0.8415,-4.7646484375,4.5244140625,0.8408203125
0.842,-4.3642578125,5.205078125,0.080078125
0.8425,-3.4833984375,5.4052734375,-1.0009765625
0.843,-2.2021484375,5.60546875,-2.482421875
0.8435,-0.8408203125,5.4853515625,-3.7236328125
0.844,0.2001953125,5.4052734375,-4.564453125
0.8445,0.8408203125,5.4453125,-5.4052734375
0.845,1.76171875,5.0849609375,-6.0859375
0.8455,3.04296875,3.9638671875,-6.40625
0.846,4.1240234375,2.6826171875,-6.56640625
0.8465,4.8447265625,1.44140625,-6.2861328125
0.847,5.2451171875,0.560546875,-6.0458984375
0.8475,5.5654296875,-0.400390625,-5.845703125
0.848,5.4853515625,-1.28125,-5.1650390625
0.8485,5.365234375,-2.6025390625,-4.0439453125
0.849,5.044921875,-3.84375,-2.8427734375
0.8495,4.5244140625,-4.6044921875,-1.76171875
0.85,4.2841796875,-5.2451171875,-0.9208984375
0.8505,3.8037109375,-5.765625,0.0400390625
0.851,2.6826171875,-5.92578125,1.201171875
0.8515,1.4814453125,-6.1259765625,2.5625
0.852,0.240234375,-6.0458984375,3.603515625
0.8525,-0.640625,-5.9658203125,4.484375
0.853,-1.2412109375,-5.9658203125,5.2451171875
0.8535,-2.2822265625,-5.4052734375,5.765625
0.854,-3.603515625,-4.2041015625,6.166015625
0.8545,-4.64453125,-2.962890625,6.2060546875
0.855,-5.1650390625,-1.841796875,5.8857421875
0.8555,-5.525390625,-1.041015625,5.765625
0.856,-5.8056640625,-0.2802734375,5.525390625
0.8565,-5.6455078125,0.880859375,4.6044921875
0.857,-5.525390625,2.001953125,3.603515625
0.8575,-5.1650390625,3.04296875,2.3623046875
0.858,-4.7646484375,3.84375,1.44140625
0.8585,-4.5244140625,4.484375,0.6806640625
0.859,-3.923828125,4.9248046875,-0.2802734375
0.8595,-2.72265625,5.125,-1.521484375
0.86,-1.6416015625,5.2451171875,-2.7626953125
0.8605,-0.6005859375,5.0849609375,-3.8037109375
0.861,0.2001953125,5.2451171875,-4.5244140625
0.8615,0.9609375,5.205078125,-5.3251953125
0.862,1.9619140625,4.4443359375,-5.7255859375
0.8625,3.1630859375,3.36328125,-6.0859375
0.863,4.083984375,2.08203125,-6.005859375
0.8635,4.6044921875,1.1611328125,-5.8056640625
0.864,5.0048828125,0.4404296875,-5.765625
0.8645,5.205078125,-0.4404296875,-5.4052734375
0.865,5.0849609375,-1.5615234375,-4.6044921875
0.8655,4.8447265625,-2.7626953125,-3.68359375
0.866,4.6044921875,-3.5634765625,-2.5625
0.8665,4.32421875,-4.404296875,-1.681640625
0.867,4.1240234375,-5.0849609375,-0.9208984375
0.8675,3.443359375,-5.4052734375,0.1201171875
0.868,2.40234375,-5.7255859375,1.28125
0.8685,1.201171875,-5.765625,2.5625
0.869,0.3603515625,-5.765625,3.4033203125
0.8695,-0.4404296875,-5.9658203125,4.32421875
0.87,-1.3212890625,-5.845703125,5.0849609375
0.8705,-2.482421875,-4.884765625,5.525390625
0.871,-3.5234375,-3.8037109375,5.845703125
0.8715,-4.404296875,-2.6826171875,5.685546875
0.872,-4.96484375,-1.8818359375,5.525390625
0.8725,-5.3251953125,-1.12109375,5.5654296875
0.873,-5.4052734375,-0.3203125,5.125
0.8735,-5.4052734375,0.8408203125,4.32421875
0.874,-5.205078125,2.0419921875,3.2431640625
0.8745,-4.8447265625,2.8828125,2.2822265625
0.875,-4.6845703125,3.68359375,1.44140625
0.8755,-4.3642578125,4.32421875,0.6806640625
0.876,-3.5234375,4.6044921875,-0.4404296875
0.8765,-2.5625,4.96484375,-1.681640625
0.877,-1.4814453125,4.8447265625,-2.802734375
0.8775,-0.640625,5.044921875,-3.6435546875
0.878,0.16015625,5.205078125,-4.5244140625
0.8785,1.041015625,4.8447265625,-5.1650390625
0.879,2.2421875,3.923828125,-5.60546875
0.8795,3.3232421875,2.8427734375,-5.765625
0.88,3.9638671875,1.841796875,-5.685546875
0.8805,4.484375,1.0009765625,-5.7255859375
0.881,4.8447265625,0.2802734375,-5.6455078125
0.8815,4.8046875,-0.7607421875,-5.044921875
0.882,4.884765625,-1.8017578125,-4.2041015625
0.8825,4.6845703125,-2.802734375,-3.123046875
0.883,4.3642578125,-3.68359375,-2.2421875
0.8835,4.2841796875,-4.5244140625,-1.5615234375
0.884,3.84375,-5.0048828125,-0.640625
0.8845,2.8828125,-5.3251953125,0.6005859375
0.885,1.921875,-5.6455078125,1.76171875
0.8855,0.9208984375,-5.6455078125,2.802734375
0.886,0.16015625,-5.845703125,3.7236328125
0.8865,-0.6806640625,-5.92578125,4.6044921875
0.887,-1.7216796875,-5.28515625,5.125
0.8875,-2.9228515625,-4.3642578125,5.60546875
0.888,-3.923828125,-3.203125,5.60546875
0.8885,-4.5244140625,-2.2421875,5.525390625
0.889,-5.0048828125,-1.5615234375,5.60546875
0.8895,-5.3251953125,-0.720703125,5.365234375
0.89,-5.28515625,0.4404296875,4.5244140625
0.8905,-5.3251953125,1.5615234375,3.68359375
0.891,-4.96484375,2.5625,2.6025390625
0.8915,-4.6845703125,3.3232421875,1.76171875
0.892,-4.5244140625,4.083984375,1.0009765625
0.8925,-3.8837890625,4.484375,0.1201171875
0.893,-2.8828125,4.8046875,-1.28125
0.8935,-1.76171875,4.9248046875,-2.4423828125
0.894,-0.9208984375,5.0048828125,-3.3232421875
0.8945,-0.240234375,5.205078125,-4.244140625
0.895,0.7607421875,5.044921875,-5.0849609375
0.8955,1.8818359375,4.1640625,-5.4453125
0.896,3.04296875,3.1630859375,-5.845703125
0.8965,3.8837890625,1.921875,-5.7255859375
0.897,4.404296875,1.12109375,-5.685546875
0.8975,4.8046875,0.3603515625,-5.685546875
0.898,4.9248046875,-0.5205078125,-5.1650390625
0.8985,4.884765625,-1.6015625,-4.32421875
0.899,4.7646484375,-2.7626953125,-3.283203125
0.8995,4.484375,-3.5634765625,-2.322265625
0.9,4.2841796875,-4.4443359375,-1.5615234375
0.9005,3.923828125,-5.0048828125,-0.7607421875
0.901,3.04296875,-5.365234375,0.400390625
0.9015,2.08203125,-5.6455078125,1.6416015625
0.902,0.880859375,-5.765625,2.72265625
0.9025,0.240234375,-5.765625,3.603515625
0.903,-0.560546875,-5.92578125,4.484375
0.9035,-1.5615234375,-5.4853515625,5.125
0.904,-2.8427734375,-4.484375,5.60546875
0.9045,-3.8837890625,-3.4033203125,5.765625
0.905,-4.5244140625,-2.322265625,5.60546875
0.9055,-5.0849609375,-1.5615234375,5.60546875
0.906,-5.4052734375,-0.7607421875,5.4453125
0.9065,-5.3251953125,0.2802734375,4.724609375
0.907,-5.365234375,1.44140625,3.84375
0.9075,-5.1650390625,2.5224609375,2.802734375
0.908,-4.7646484375,3.3232421875,1.841796875
0.9085,-4.564453125,4.083984375,1.0810546875
0.909,-4.0439453125,4.5244140625,0.240234375
0.9095,-3.0029296875,4.8046875,-1.12109375
0.91,-1.9619140625,5.0849609375,-2.40234375
0.9105,-0.9208984375,5.044921875,-3.36328125
0.911,-0.2001953125,5.1650390625,-4.244140625
0.9115,0.6806640625,5.1650390625,-5.0849609375
0.912,1.76171875,4.484375,-5.5654296875
0.9125,3.0029296875,3.3232421875,-5.92578125
0.913,3.9638671875,2.162109375,-5.92578125
0.9135,4.484375,1.2412109375,-5.7255859375
0.914,4.9248046875,0.4404296875,-5.765625
0.9145,5.044921875,-0.48046875,-5.365234375
0.915,5.044921875,-1.6015625,-4.484375
0.9155,4.96484375,-2.8828125,-3.4833984375
0.916,4.6044921875,-3.8037109375,-2.40234375
0.9165,4.32421875,-4.5244140625,-1.4814453125
0.917,4.0439453125,-5.1650390625,-0.720703125
0.9175,3.2431640625,-5.4853515625,0.3203125
0.918,2.2021484375,-5.8056640625,1.681640625
0.9185,0.9609375,-5.8857421875,3.0029296875
0.919,0.0,-5.92578125,3.84375
0.9195,-0.720703125,-6.005859375,4.6845703125
0.92,-1.681640625,-5.6455078125,5.4853515625
0.9205,-2.962890625,-4.64453125,5.845703125
0.921,-4.1640625,-3.4833984375,6.0859375
0.9215,-4.9248046875,-2.2822265625,5.8857421875
0.922,-5.3251953125,-1.361328125,5.7255859375
0.9225,-5.6455078125,-0.560546875,5.60546875
0.923,-5.6455078125,0.5205078125,4.9248046875
0.9235,-5.525390625,1.76171875,3.84375
0.924,-5.3251953125,3.0029296875,2.642578125
0.9245,-4.884765625,3.763671875,1.6015625
0.925,-4.6044921875,4.484375,0.8408203125
0.9255,-4.1240234375,4.96484375,0.0
0.926,-3.0830078125,5.0849609375,-1.361328125
0.9265,-1.8017578125,5.4052734375,-2.802734375
0.927,-0.6005859375,5.28515625,-3.923828125
0.9275,0.2802734375,5.3251953125,-4.6845703125
0.928,1.0009765625,5.3251953125,-5.4453125
0.9285,2.0419921875,4.564453125,-6.0458984375
0.929,3.443359375,3.3232421875,-6.40625
0.9295,4.484375,2.001953125,-6.486328125
0.93,5.044921875,0.9609375,-6.166015625
0.9305,5.365234375,0.080078125,-5.9658203125
0.931,5.60546875,-0.8408203125,-5.6455078125
0.9315,5.525390625,-1.9619140625,-4.6044921875
0.932,5.2451171875,-3.36328125,-3.4033203125
0.9325,4.884765625,-4.4443359375,-2.2021484375
0.933,4.4443359375,-5.125,-1.1611328125
0.9335,4.083984375,-5.7255859375,-0.3603515625
0.934,3.2431640625,-6.0859375,0.7607421875
0.9345,1.9619140625,-6.24609375,2.2021484375
0.935,0.6005859375,-6.326171875,3.603515625
0.9355,-0.5205078125,-6.166015625,4.484375
0.936,-1.201171875,-6.1259765625,5.2451171875
0.9365,-2.08203125,-5.92578125,6.005859375
0.937,-3.36328125,-4.8447265625,6.3662109375
0.9375,-4.724609375,-3.4833984375,6.6865234375
0.938,-5.5654296875,-2.0419921875,6.40625
0.9385,-5.92578125,-0.9609375,6.2060546875
0.939,-6.1259765625,-0.2001953125,5.8056640625
0.9395,-6.166015625,0.8408203125,5.125
0.94,-5.92578125,2.2421875,3.8837890625
0.9405,-5.6455078125,3.5234375,2.6025390625
0.941,-5.125,4.3642578125,1.4013671875
0.9415,-4.64453125,4.96484375,0.48046875
0.942,-4.1640625,5.4453125,-0.48046875
0.9425,-3.04296875,5.60546875,-1.6015625
0.943,-1.521484375,5.8857421875,-3.1630859375
0.9435,-0.2802734375,5.685546875,-4.4443359375
0.944,0.6806640625,5.4853515625,-5.28515625
0.9445,1.3212890625,5.4052734375,-5.8857421875
0.945,2.322265625,4.8447265625,-6.486328125
0.9455,3.68359375,3.4833984375,-6.7666015625
0.946,4.8447265625,2.162109375,-6.9267578125
0.9465,5.4853515625,0.8408203125,-6.486328125
0.947,5.765625,-0.240234375,-6.166015625
0.9475,5.92578125,-1.0810546875,-5.8056640625
0.948,5.765625,-2.08203125,-4.884765625
0.9485,5.525390625,-3.5234375,-3.5634765625
0.949,5.125,-4.724609375,-2.2021484375
0.9495,4.6044921875,-5.4052734375,-1.12109375
0.95,4.1240234375,-6.005859375,-0.2802734375
0.9505,3.5234375,-6.40625,0.7607421875
0.951,2.2421875,-6.4462890625,2.0419921875
0.9515,0.80078125,-6.6064453125,3.5634765625
0.952,-0.6005859375,-6.326171875,4.724609375
0.9525,-1.3212890625,-6.2861328125,5.365234375
0.953,-2.08203125,-6.1259765625,6.0859375
0.9535,-3.2431640625,-5.28515625,6.5263671875
0.954,-4.6044921875,-3.8037109375,6.806640625
0.9545,-5.5654296875,-2.40234375,6.7265625
0.955,-6.0859375,-1.1611328125,6.326171875
0.9555,-6.3662109375,-0.3603515625,5.9658203125
0.956,-6.40625,0.6806640625,5.5654296875
0.9565,-6.1259765625,1.921875,4.32421875
0.957,-5.92578125,3.2431640625,3.04296875
0.9575,-5.4052734375,4.32421875,1.681640625
0.958,-4.8447265625,4.96484375,0.640625
0.9585,-4.3642578125,5.4853515625,-0.2802734375
0.959,-3.5634765625,5.7255859375,-1.2412109375
0.9595,-2.0419921875,5.8056640625,-2.72265625
0.96,-0.720703125,5.8857421875,-4.1240234375
0.9605,0.48046875,5.5654296875,-5.044921875
0.961,1.1611328125,5.4453125,-5.765625
0.9615,1.921875,5.1650390625,-6.40625
0.962,3.1630859375,4.1240234375,-6.6865234375
0.9625,4.484375,2.802734375,-6.88671875
0.963,5.365234375,1.3212890625,-6.6865234375
0.9635,5.7255859375,0.2001953125,-6.3662109375
0.964,5.8857421875,-0.640625,-6.0458984375
0.9645,5.92578125,-1.6015625,-5.4453125
0.965,5.60546875,-2.9228515625,-4.083984375
0.9655,5.4052734375,-4.2041015625,-2.8828125
0.966,4.884765625,-5.125,-1.6015625
0.9665,4.3642578125,-5.765625,-0.640625
0.967,3.84375,-6.3662109375,0.2802734375
0.9675,2.8427734375,-6.40625,1.361328125
0.968,1.4013671875,-6.56640625,2.9228515625
0.9685,0.0,-6.486328125,4.2041015625
0.969,-1.0009765625,-6.2861328125,5.044921875
0.9695,-1.681640625,-6.2861328125,5.7255859375
0.97,-2.642578125,-5.765625,6.40625
0.9705,-4.00390625,-4.404296875,6.6865234375
0.971,-5.1650390625,-3.0830078125,6.8466796875
0.9715,-5.92578125,-1.6416015625,6.4462890625
0.972,-6.24609375,-0.6806640625,6.166015625
0.9725,-6.40625,0.2802734375,5.8056640625
0.973,-6.2861328125,1.28125,4.96484375
0.9735,-6.0458984375,2.6826171875,3.6435546875
0.974,-5.6455078125,3.923828125,2.2421875
0.9745,-5.0849609375,4.724609375,1.12109375
0.975,-4.564453125,5.28515625,0.16015625
0.9755,-4.00390625,5.7255859375,-0.80078125
0.976,-2.6826171875,5.8056640625,-2.08203125
0.9765,-1.3212890625,5.9658203125,-3.603515625
0.977,0.2001953125,5.60546875,-4.8046875
0.9775,0.9208984375,5.4853515625,-5.525390625
0.978,1.6416015625,5.4052734375,-6.166015625
0.9785,2.6826171875,4.6845703125,-6.6064453125
0.979,4.1240234375,3.1630859375,-6.9267578125
0.9795,5.125,1.841796875,-6.9267578125
0.98,5.60546875,0.6005859375,-6.40625
0.9805,5.8857421875,-0.400390625,-6.166015625
0.981,5.9658203125,-1.28125,-5.685546875
0.9815,5.7255859375,-2.4423828125,-4.564453125
0.982,5.4853515625,-3.7236328125,-3.283203125
0.9825,4.96484375,-4.8447265625,-1.921875
0.983,4.4443359375,-5.4853515625,-0.9208984375
0.9835,4.00390625,-6.0458984375,0.0
0.984,3.203125,-6.326171875,0.9609375
0.9845,1.841796875,-6.4462890625,2.3623046875
0.985,0.48046875,-6.486328125,3.763671875
0.9855,-0.7607421875,-6.24609375,4.64453125
0.986,-1.4013671875,-6.166015625,5.4052734375
0.9865,-2.2021484375,-5.9658203125,6.0859375
0.987,-3.36328125,-4.9248046875,6.40625
0.9875,-4.64453125,-3.5634765625,6.6064453125
0.988,-5.525390625,-2.1220703125,6.4462890625
0.9885,-5.8857421875,-1.0810546875,6.1259765625
0.989,-6.1259765625,-0.3203125,5.845703125
0.9895,-6.166015625,0.640625,5.28515625
0.99,-5.92578125,1.921875,4.1640625
0.9905,-5.685546875,3.1630859375,2.9228515625
0.991,-5.125,4.0439453125,1.6416015625
0.9915,-4.724609375,4.724609375,0.7607421875
0.992,-4.32421875,5.28515625,0.0
0.9925,-3.4033203125,5.4453125,-1.1611328125
0.993,-2.08203125,5.60546875,-2.6025390625
0.9935,-0.720703125,5.4853515625,-3.8837890625
0.994,0.3203125,5.4052734375,-4.6845703125
0.9945,0.9609375,5.4453125,-5.4853515625
0.995,1.8818359375,5.0849609375,-6.1259765625
0.9955,3.0830078125,3.9638671875,-6.4462890625
0.996,4.2841796875,2.6826171875,-6.646484375
0.9965,5.0048828125,1.3212890625,-6.3662109375
0.997,5.4052734375,0.3603515625,-6.1259765625
0.9975,5.685546875,-0.5205078125,-5.92578125
0.998,5.5654296875,-1.44140625,-5.205078125
0.9985,5.4052734375,-2.642578125,-4.0439453125
0.999,5.1650390625,-3.8037109375,-2.802734375
0.9995,4.64453125,-4.6845703125,-1.681640625
