wavelength,x,y,z
0.0,-14.128784179688,-7.1619873046875,20.625122070312
0.0005,-11.245971679688,-10.164916992188,20.745239257812
0.001,-6.0008544921875,-14.288940429688,19.664184570312
0.0015,-1.7567138671875,-16.971557617188,18.222778320312
0.002,2.3673095703125,-18.893432617188,16.380981445312
0.0025,5.5303955078125,-20.094604492188,14.699340820312
0.003,8.5333251953125,-20.014526367188,11.736450195312
0.0035,11.696411132812,-19.854370117188,8.6534423828125
0.004,15.380004882812,-18.933471679688,4.3292236328125
0.0045,17.902465820312,-16.931518554688,-0.2352294921875
0.005,19.303833007812,-15.209838867188,-3.2781982421875
0.0055,20.184692382812,-13.007690429688,-6.3211669921875
0.006,20.144653320312,-10.124877929688,-9.2440185546875
0.0065,19.664184570312,-5.7205810546875,-13.207885742188
0.007,18.783325195312,-2.1571044921875,-16.010620117188
0.0075,17.221801757812,1.8468017578125,-18.212768554688
0.008,15.420043945312,4.9298095703125,-19.614135742188
0.0085,12.657348632812,7.8126220703125,-19.814331054688
0.009,9.6944580078125,10.895629882812,-20.134643554688
0.0095,4.6094970703125,14.739379882812,-19.053588867188
0.01,0.0450439453125,17.301879882812,-17.091674804688
0.0105,-3.1981201171875,18.783325195312,-15.610229492188
0.011,-6.2410888671875,19.864379882812,-13.848510742188
0.0115,-9.2440185546875,19.664184570312,-10.885620117188
0.012,-12.927612304688,19.143676757812,-6.9217529296875
0.0125,-16.010620117188,18.102661132812,-2.9578857421875
0.013,-18.412963867188,16.140747070312,1.4063720703125
0.0135,-19.614135742188,14.379028320312,4.2891845703125
0.014,-20.054565429688,11.736450195312,7.3721923828125
0.0145,-20.134643554688,8.8135986328125,10.455200195312
0.015,-19.534057617188,4.2891845703125,14.379028320312
0.0155,-18.212768554688,0.4454345703125,16.901489257812
0.016,-16.651245117188,-2.9979248046875,18.783325195312
0.0165,-14.889526367188,-6.0008544921875,20.144653320312
0.017,-11.726440429688,-8.9637451171875,19.904418945312
0.0175,-7.9627685546875,-12.527221679688,19.744262695312
0.018,-3.2781982421875,-15.850463867188,18.623168945312
0.0185,1.4864501953125,-18.052612304688,16.461059570312
0.019,4.3292236328125,-19.253784179688,14.939575195312
0.0195,7.3721923828125,-19.894409179688,12.817504882812
0.02,10.375122070312,-19.734252929688,9.8546142578125
0.0205,14.138793945312,-18.853393554688,5.3702392578125
0.021,16.821411132812,-17.452026367188,1.4063720703125
0.0215,18.863403320312,-15.650268554688,-2.4373779296875
0.022,19.744262695312,-13.768432617188,-5.2000732421875
0.0225,19.824340820312,-10.765502929688,-8.2830810546875
0.023,19.704223632812,-7.2821044921875,-11.566284179688
0.0235,19.183715820312,-3.2781982421875,-15.129760742188
0.024,17.421997070312,0.7657470703125,-17.452026367188
0.0245,15.820434570312,3.8087158203125,-18.893432617188
0.025,13.858520507812,6.7315673828125,-19.934448242188
0.0255,10.575317382812,9.6944580078125,-19.774291992188
0.026,6.0108642578125,13.458129882812,-19.053588867188
0.0265,1.8468017578125,16.340942382812,-17.852416992188
0.027,-2.4373779296875,18.262817382812,-15.970581054688
0.0275,-5.0799560546875,19.223754882812,-14.369018554688
0.028,-8.2030029296875,19.463989257812,-11.726440429688
0.0285,-11.406127929688,19.263793945312,-8.4832763671875
0.029,-14.889526367188,18.302856445312,-4.1990966796875
0.0295,-17.371948242188,16.501098632812,0.0450439453125
0.03,-18.973510742188,14.819458007812,3.2081298828125
0.0305,-19.734252929688,12.777465820312,6.1309814453125
0.031,-19.694213867188,9.6143798828125,9.0938720703125
0.0315,-19.333862304688,5.6905517578125,12.777465820312
0.032,-18.573120117188,1.9669189453125,15.820434570312
0.0325,-16.891479492188,-1.9969482421875,18.022583007812
0.033,-15.249877929688,-4.7196044921875,19.143676757812
0.0335,-12.887573242188,-7.6824951171875,19.784301757812
0.034,-9.5643310546875,-10.885620117188,19.664184570312
0.0345,-4.6795654296875,-14.409057617188,18.583129882812
0.035,-0.4754638671875,-16.931518554688,16.941528320312
0.0355,3.2882080078125,-18.573120117188,15.380004882812
0.036,5.9307861328125,-19.453979492188,13.578247070312
0.0365,8.9737548828125,-19.373901367188,10.815551757812
0.037,12.497192382812,-18.973510742188,7.0919189453125
0.0375,15.660278320312,-17.852416992188,3.0079345703125
0.038,17.862426757812,-16.010620117188,-1.1561279296875
0.0385,19.103637695312,-14.369018554688,-3.8787841796875
0.039,19.584106445312,-11.966674804688,-6.8817138671875
0.0395,19.504028320312,-8.6033935546875,-10.124877929688
0.04,18.943481445312,-4.5994873046875,-13.648315429688
0.0405,17.902465820312,-0.9158935546875,-16.290893554688
0.041,16.340942382812,2.7677001953125,-18.372924804688
0.0415,14.379028320312,5.4903564453125,-19.253784179688
0.042,11.776489257812,8.4532470703125,-19.574096679688
0.0425,7.8526611328125,12.016723632812,-19.413940429688
0.043,3.2081298828125,15.259887695312,-18.252807617188
0.0435,-1.1160888671875,17.462036132812,-16.210815429688
0.044,-4.0389404296875,18.863403320312,-14.889526367188
0.0445,-7.0018310546875,19.463989257812,-12.807495117188
0.045,-10.124877929688,19.183715820312,-9.6844482421875
0.0455,-13.688354492188,18.583129882812,-5.7205810546875
0.046,-16.571166992188,17.221801757812,-1.5565185546875
0.0465,-18.653198242188,15.299926757812,2.4473876953125
0.047,-19.534057617188,13.458129882812,5.1300048828125
0.0475,-19.894409179688,10.655395507812,8.2930908203125
0.048,-19.734252929688,6.9718017578125,11.816528320312
0.0485,-19.053588867188,3.0479736328125,15.179809570312
0.049,-17.492065429688,-0.8358154296875,17.421997070312
0.0495,-16.010620117188,-4.1590576171875,19.303833007812
0.05,-13.808471679688,-6.9617919921875,19.984497070312
0.0505,-10.605346679688,-10.004760742188,19.984497070312
0.051,-6.3612060546875,-13.728393554688,19.383911132812
0.0515,-1.5965576171875,-16.691284179688,17.942504882812
0.052,2.6876220703125,-18.573120117188,15.860473632812
0.0525,5.4102783203125,-19.614135742188,14.379028320312
0.053,8.4932861328125,-20.014526367188,11.816528320312
0.0535,12.016723632812,-19.534057617188,8.0528564453125
0.054,15.219848632812,-18.653198242188,4.1290283203125
0.0545,17.782348632812,-16.931518554688,-0.1551513671875
0.055,19.664184570312,-15.009643554688,-3.7586669921875
0.0555,20.064575195312,-12.767456054688,-6.5213623046875
0.056,20.224731445312,-9.6844482421875,-9.7645263671875
0.0565,19.824340820312,-5.6004638671875,-13.448120117188
0.057,18.903442382812,-1.5965576171875,-16.531127929688
0.0575,16.981567382812,2.2471923828125,-18.573120117188
0.058,15.420043945312,5.2901611328125,-20.014526367188
0.0585,12.777465820312,8.2930908203125,-20.374877929688
0.059,8.7735595703125,11.736450195312,-20.054565429688
0.0595,4.6094970703125,15.019653320312,-19.213745117188
0.06,-0.2352294921875,17.662231445312,-17.371948242188
0.0605,-4.0389404296875,19.463989257812,-15.530151367188
0.061,-6.6014404296875,19.904418945312,-13.608276367188
0.0615,-9.6844482421875,20.184692382812,-10.925659179688
0.062,-13.648315429688,19.343872070312,-6.4813232421875
0.0625,-16.571166992188,18.102661132812,-2.4373779296875
0.063,-18.813354492188,16.260864257812,1.6466064453125
0.0635,-20.374877929688,14.459106445312,4.9298095703125
0.064,-20.535034179688,11.696411132812,7.8526611328125
0.0645,-20.494995117188,8.1329345703125,11.456176757812
0.065,-19.894409179688,4.1290283203125,14.819458007812
0.0655,-18.733276367188,0.0450439453125,17.782348632812
0.066,-16.811401367188,-3.7586669921875,19.584106445312
0.0665,-14.889526367188,-6.4012451171875,20.464965820312
0.067,-12.206909179688,-9.4842529296875,20.905395507812
0.0675,-7.3621826171875,-13.368041992188,20.144653320312
0.068,-2.9979248046875,-16.330932617188,18.903442382812
0.0685,1.4864501953125,-18.533081054688,16.941528320312
0.069,5.0499267578125,-20.134643554688,15.219848632812
0.0695,7.8126220703125,-20.214721679688,12.817504882812
0.07,10.935668945312,-20.254760742188,9.7745361328125
0.0705,14.739379882812,-19.494018554688,5.4102783203125
0.071,17.582153320312,-17.812377929688,1.0059814453125
0.0715,19.504028320312,-15.850463867188,-2.8377685546875
0.072,20.545043945312,-13.888549804688,-5.7606201171875
0.0725,20.705200195312,-10.965698242188,-8.9237060546875
0.073,20.344848632812,-6.7215576171875,-12.807495117188
0.0735,19.584106445312,-3.0780029296875,-15.810424804688
0.074,18.062622070312,1.0860595703125,-18.252807617188
0.0745,16.180786132812,4.6094970703125,-20.214721679688
0.075,13.698364257812,7.4923095703125,-20.454956054688
0.0755,10.895629882812,10.495239257812,-20.775268554688
0.076,5.7706298828125,14.579223632812,-19.894409179688
0.0765,1.2061767578125,17.341918945312,-18.252807617188
0.077,-2.7576904296875,19.103637695312,-16.370971679688
0.0775,-6.0008544921875,20.464965820312,-14.809448242188
0.078,-9.0037841796875,20.384887695312,-11.806518554688
0.0785,-12.527221679688,19.984497070312,-8.1629638671875
0.079,-15.890502929688,19.143676757812,-4.1590576171875
0.0795,-18.653198242188,17.221801757812,0.5655517578125
0.08,-20.374877929688,15.299926757812,4.1690673828125
0.0805,-20.855346679688,12.817504882812,7.0919189453125
0.081,-21.215698242188,9.9346923828125,10.295043945312
0.0815,-20.615112304688,5.1300048828125,14.539184570312
0.082,-19.534057617188,1.2862548828125,17.341918945312
0.0825,-17.732299804688,-2.5574951171875,19.383911132812
0.083,-16.050659179688,-5.9207763671875,21.185668945312
0.0835,-12.887573242188,-8.9637451171875,21.105590820312
0.084,-9.4442138671875,-12.327026367188,21.065551757812
0.0845,-4.5194091796875,-16.010620117188,20.024536132812
0.085,0.6456298828125,-18.733276367188,17.942504882812
0.0855,4.2891845703125,-20.254760742188,15.980590820312
0.086,7.3721923828125,-21.135620117188,14.018676757812
0.0865,10.535278320312,-21.015502929688,11.095825195312
0.087,14.579223632812,-20.134643554688,6.2911376953125
0.0875,17.502075195312,-18.933471679688,2.2872314453125
0.088,19.864379882812,-16.971557617188,-2.0369873046875
0.0885,21.265747070312,-14.929565429688,-5.4403076171875
0.089,21.305786132812,-11.966674804688,-8.5633544921875
0.0895,21.385864257812,-8.7235107421875,-11.926635742188
0.09,20.665161132812,-4.0389404296875,-15.890502929688
0.0905,19.143676757812,0.3653564453125,-18.573120117188
0.091,17.101684570312,3.9288330078125,-20.214721679688
0.0915,15.219848632812,7.1319580078125,-21.656127929688
0.092,11.816528320312,10.295043945312,-21.495971679688
0.0925,7.2520751953125,14.218872070312,-20.895385742188
0.093,2.8077392578125,17.301879882812,-19.734252929688
0.0935,-2.2371826171875,19.704223632812,-17.411987304688
0.094,-5.6405029296875,20.985473632812,-15.450073242188
0.0945,-8.7235107421875,21.225708007812,-12.967651367188
0.095,-11.846557617188,21.225708007812,-10.124877929688
0.0955,-16.090698242188,20.104614257812,-4.8397216796875
0.096,-18.933471679688,18.302856445312,-0.3553466796875
0.0965,-20.815307617188,16.260864257812,3.5284423828125
0.097,-22.056518554688,14.138793945312,6.8116455078125
0.0975,-21.856323242188,10.615356445312,10.214965820312
0.098,-21.656127929688,6.7716064453125,13.898559570312
0.0985,-20.815307617188,2.5274658203125,17.301879882812
0.099,-18.933471679688,-2.0770263671875,20.024536132812
0.0995,-16.691284179688,-5.4803466796875,21.385864257812
0.1,-14.369018554688,-8.6834716796875,22.146606445312
0.1005,-11.045776367188,-11.726440429688,22.106567382812
0.101,-5.4403076171875,-16.010620117188,20.865356445312
0.1015,-0.8358154296875,-18.733276367188,19.263793945312
0.102,3.6885986328125,-20.775268554688,17.101684570312
0.1025,7.0518798828125,-21.856323242188,15.059692382812
0.103,10.415161132812,-21.736206054688,11.696411132812
0.1035,13.698364257812,-21.415893554688,8.3731689453125
0.104,17.542114257812,-20.214721679688,3.4884033203125
0.1045,20.264770507812,-17.932495117188,-1.4764404296875
0.105,21.666137695312,-15.850463867188,-4.8397216796875
0.1055,22.426879882812,-13.448120117188,-8.2030029296875
0.106,22.186645507812,-9.8045654296875,-11.526245117188
0.1065,21.465942382812,-5.1199951171875,-15.610229492188
0.107,20.384887695312,-1.0360107421875,-18.453002929688
0.1075,18.422973632812,3.2882080078125,-20.895385742188
0.108,16.180786132812,6.6915283203125,-22.096557617188
0.1085,12.977661132812,9.9346923828125,-22.136596679688
0.109,9.4542236328125,13.297973632812,-22.176635742188
0.1095,3.8087158203125,17.301879882812,-20.695190429688
0.11,-1.2362060546875,19.864379882812,-18.493041992188
0.1105,-4.8397216796875,21.385864257812,-16.571166992188
0.111,-8.1229248046875,22.226684570312,-14.489135742188
0.1115,-11.566284179688,21.746215820312,-10.845581054688
0.112,-15.329956054688,20.985473632812,-6.5614013671875
0.1125,-18.613159179688,19.664184570312,-1.9969482421875
0.113,-21.135620117188,17.301879882812,2.8878173828125
0.1135,-22.256713867188,15.059692382812,6.0909423828125
0.114,-22.577026367188,12.016723632812,9.4942626953125
0.1145,-22.376831054688,8.4532470703125,12.937622070312
0.115,-21.495971679688,3.5284423828125,16.941528320312
0.1155,-19.814331054688,-0.7557373046875,19.544067382812
0.116,-17.852416992188,-4.5194091796875,21.505981445312
0.1165,-15.650268554688,-7.8426513671875,22.546997070312
0.117,-11.846557617188,-11.085815429688,22.186645507812
0.1175,-7.7625732421875,-14.689331054688,21.786254882812
0.118,-2.5174560546875,-18.212768554688,20.304809570312
0.1185,2.6876220703125,-20.494995117188,17.742309570312
0.119,5.9307861328125,-21.576049804688,15.820434570312
0.1195,9.2139892578125,-22.136596679688,13.297973632812
0.12,12.617309570312,-21.656127929688,9.6544189453125
0.1205,16.421020507812,-20.575073242188,4.9698486328125
0.121,19.263793945312,-18.933471679688,0.4854736328125
0.1215,21.425903320312,-16.651245117188,-3.8787841796875
0.122,22.146606445312,-14.328979492188,-6.8817138671875
0.1225,22.106567382812,-10.885620117188,-10.405151367188
0.123,21.786254882812,-7.0819091796875,-13.928588867188
0.1235,20.865356445312,-2.5574951171875,-17.532104492188
0.124,18.783325195312,1.9268798828125,-19.894409179688
0.1245,16.821411132812,5.3302001953125,-21.295776367188
0.125,14.379028320312,8.5733642578125,-22.176635742188
0.1255,10.535278320312,11.816528320312,-21.776245117188
0.126,5.8106689453125,15.580200195312,-20.895385742188
0.1265,1.0460205078125,18.583129882812,-19.413940429688
0.127,-3.7586669921875,20.745239257812,-16.971557617188
0.1275,-6.6815185546875,21.465942382812,-15.089721679688
0.128,-10.044799804688,21.706176757812,-12.206909179688
0.1285,-13.608276367188,21.185668945312,-8.3631591796875
0.129,-17.211791992188,19.984497070312,-3.6785888671875
0.1295,-19.894409179688,17.902465820312,0.9659423828125
0.13,-21.696166992188,15.900512695312,4.8096923828125
0.1305,-22.296752929688,13.297973632812,7.9327392578125
0.131,-22.136596679688,9.6143798828125,11.496215820312
0.1315,-21.536010742188,5.4503173828125,15.219848632812
0.132,-20.575073242188,1.1661376953125,18.543090820312
0.1325,-18.372924804688,-3.3182373046875,20.785278320312
0.133,-16.370971679688,-6.4012451171875,21.866333007812
0.1335,-13.608276367188,-9.6844482421875,22.466918945312
0.134,-9.4041748046875,-13.287963867188,21.986450195312
0.1345,-4.2391357421875,-16.811401367188,20.665161132812
0.135,0.6055908203125,-19.534057617188,18.703247070312
0.1355,4.8497314453125,-21.455932617188,16.661254882812
0.136,7.9327392578125,-21.896362304688,14.379028320312
0.1365,11.296020507812,-21.936401367188,11.095825195312
0.137,15.099731445312,-21.295776367188,6.8516845703125
0.1375,18.422973632812,-19.814331054688,2.0870361328125
0.138,20.825317382812,-17.452026367188,-2.4373779296875
0.1385,22.266723632812,-15.410034179688,-5.8807373046875
0.139,22.546997070312,-12.367065429688,-9.2440185546875
0.1395,22.266723632812,-8.3231201171875,-13.007690429688
0.14,21.425903320312,-4.0789794921875,-16.571166992188
0.1405,19.984497070312,0.2852783203125,-19.494018554688
0.141,17.822387695312,4.5294189453125,-21.576049804688
0.1415,15.380004882812,7.5323486328125,-22.176635742188
0.142,12.296997070312,10.855590820312,-22.496948242188
0.1425,7.5323486328125,14.979614257812,-21.856323242188
0.143,2.4874267578125,18.222778320312,-20.334838867188
0.1435,-2.2772216796875,20.344848632812,-18.052612304688
0.144,-6.0408935546875,21.826293945312,-16.170776367188
0.1445,-9.1639404296875,22.106567382812,-13.448120117188
0.145,-12.687377929688,21.786254882812,-9.8045654296875
0.1455,-16.531127929688,20.905395507812,-5.3201904296875
0.146,-19.614135742188,19.063598632812,-0.4754638671875
0.1465,-21.736206054688,16.741333007812,4.0089111328125
0.147,-22.657104492188,14.419067382812,7.1319580078125
0.1475,-22.937377929688,11.175903320312,10.695434570312
0.148,-22.336791992188,6.6114501953125,14.739379882812
0.1485,-21.295776367188,2.3673095703125,17.982543945312
0.149,-19.453979492188,-1.9569091796875,20.424926757812
0.1495,-17.452026367188,-5.8406982421875,22.426879882812
0.15,-14.609252929688,-8.9237060546875,22.627075195312
0.1505,-11.085815429688,-12.206909179688,22.587036132812
0.151,-6.1209716796875,-16.250854492188,21.706176757812
0.1515,-0.7957763671875,-19.253784179688,19.784301757812
0.152,3.6885986328125,-21.215698242188,17.261840820312
0.1525,7.0518798828125,-22.296752929688,15.500122070312
0.153,10.415161132812,-22.416870117188,12.457153320312
0.1535,14.138793945312,-21.616088867188,8.1329345703125
0.154,17.462036132812,-20.575073242188,3.8487548828125
0.1545,20.304809570312,-18.533081054688,-0.9559326171875
0.155,22.186645507812,-16.290893554688,-4.9998779296875
0.1555,22.426879882812,-13.568237304688,-8.0028076171875
0.156,22.587036132812,-10.204956054688,-11.486206054688
0.1565,21.866333007812,-5.4403076171875,-15.570190429688
0.157,20.625122070312,-1.1561279296875,-18.653198242188
0.1575,18.503051757812,2.9278564453125,-20.575073242188
0.158,16.661254882812,6.4512939453125,-22.296752929688
0.1585,13.418090820312,9.6544189453125,-22.376831054688
0.159,9.2540283203125,13.297973632812,-22.016479492188
0.1595,4.6495361328125,16.781372070312,-21.095581054688
0.16,-0.6356201171875,19.584106445312,-18.933471679688
0.1605,-4.7196044921875,21.345825195312,-16.731323242188
0.161,-7.6824951171875,21.906372070312,-14.609252929688
0.1615,-11.045776367188,22.066528320312,-11.686401367188
0.162,-15.209838867188,21.065551757812,-6.7215576171875
0.1625,-18.252807617188,19.704223632812,-2.3973388671875
0.163,-20.615112304688,17.542114257812,2.0469970703125
0.1635,-22.376831054688,15.420043945312,5.8106689453125
0.164,-22.416870117188,12.337036132812,9.0137939453125
0.1645,-22.416870117188,8.6934814453125,12.657348632812
0.165,-21.656127929688,4.2091064453125,16.461059570312
0.1655,-20.174682617188,-0.3153076171875,19.504028320312
0.166,-17.932495117188,-4.2391357421875,21.265747070312
0.1665,-15.930541992188,-7.4022216796875,22.426879882812
0.167,-12.687377929688,-10.645385742188,22.587036132812
0.1675,-7.6824951171875,-14.769409179688,21.786254882812
0.168,-3.1580810546875,-17.812377929688,20.344848632812
0.1685,1.9268798828125,-20.294799804688,18.222778320312
0.169,5.7706298828125,-21.896362304688,16.180786132812
0.1695,8.8135986328125,-21.936401367188,13.418090820312
0.17,12.136840820312,-22.056518554688,10.415161132812
0.1705,16.300903320312,-20.935424804688,5.4102783203125
0.171,19.343872070312,-19.013549804688,0.6456298828125
0.1715,21.185668945312,-16.931518554688,-3.2781982421875
0.172,22.466918945312,-14.809448242188,-6.7615966796875
0.1725,22.426879882812,-11.406127929688,-10.084838867188
0.173,22.066528320312,-7.0819091796875,-14.128784179688
0.1735,21.185668945312,-3.0780029296875,-17.331909179688
0.174,19.463989257812,1.4864501953125,-20.134643554688
0.1745,17.261840820312,5.4102783203125,-21.736206054688
0.175,14.659301757812,8.3731689453125,-22.256713867188
0.1755,11.536254882812,11.656372070312,-22.617065429688
0.176,5.8507080078125,15.980590820312,-21.415893554688
0.1765,1.1260986328125,18.783325195312,-19.654174804688
0.177,-3.1981201171875,20.665161132812,-17.532104492188
0.1775,-6.8016357421875,22.146606445312,-15.690307617188
0.178,-9.9647216796875,21.786254882812,-12.447143554688
0.1785,-13.528198242188,21.465942382812,-8.6834716796875
0.179,-17.331909179688,20.464965820312,-4.1590576171875
0.1795,-20.174682617188,18.222778320312,0.9259033203125
0.18,-21.736206054688,16.060668945312,4.6094970703125
0.1805,-22.456909179688,13.578247070312,7.8526611328125
0.181,-22.496948242188,10.375122070312,11.135864257812
0.1815,-21.816284179688,5.2901611328125,15.500122070312
0.182,-20.615112304688,1.3262939453125,18.382934570312
0.1825,-18.653198242188,-2.7576904296875,20.625122070312
0.183,-16.731323242188,-6.4012451171875,22.346801757812
0.1835,-13.448120117188,-9.4842529296875,22.106567382812
0.184,-10.084838867188,-12.887573242188,22.146606445312
0.1845,-4.6395263671875,-16.851440429688,20.985473632812
0.185,0.6055908203125,-19.534057617188,18.703247070312
0.1855,4.2491455078125,-20.975463867188,16.701293945312
0.186,7.5723876953125,-22.096557617188,14.699340820312
0.1865,10.815551757812,-21.696166992188,11.456176757812
0.187,14.739379882812,-20.895385742188,6.8516845703125
0.1875,17.822387695312,-19.694213867188,2.7276611328125
0.188,20.264770507812,-17.492065429688,-1.9168701171875
0.1885,21.626098632812,-15.410034179688,-5.2801513671875
0.189,21.746215820312,-12.407104492188,-8.4432373046875
0.1895,21.826293945312,-9.2440185546875,-11.686401367188
0.19,21.025512695312,-4.4393310546875,-15.890502929688
0.1905,19.504028320312,-0.1951904296875,-18.533081054688
0.191,17.582153320312,3.4884033203125,-20.174682617188
0.1915,15.740356445312,6.8516845703125,-21.776245117188
0.192,12.176879882812,9.8946533203125,-21.495971679688
0.1925,7.9727783203125,13.658325195312,-21.095581054688
0.193,3.4483642578125,16.941528320312,-20.014526367188
0.1935,-1.6766357421875,19.423950195312,-17.652221679688
0.194,-4.9998779296875,20.625122070312,-15.890502929688
0.1945,-8.0828857421875,21.185668945312,-13.448120117188
0.195,-11.245971679688,21.105590820312,-10.605346679688
0.1955,-15.369995117188,19.984497070312,-5.4803466796875
0.196,-18.212768554688,18.422973632812,-1.2362060546875
0.1965,-20.174682617188,16.461059570312,2.7276611328125
0.197,-21.455932617188,14.459106445312,6.0108642578125
0.1975,-21.335815429688,11.135864257812,9.2540283203125
0.198,-21.255737304688,7.5323486328125,12.737426757812
0.1985,-20.535034179688,3.2081298828125,16.380981445312
0.199,-18.853393554688,-1.1561279296875,19.063598632812
0.1995,-16.851440429688,-4.5194091796875,20.505004882812
0.2,-14.809448242188,-7.6824951171875,21.586059570312
0.2005,-11.526245117188,-10.765502929688,21.505981445312
0.201,-6.2811279296875,-14.889526367188,20.545043945312
0.2015,-1.9168701171875,-17.732299804688,19.183715820312
0.202,2.6475830078125,-19.894409179688,17.061645507812
0.2025,5.8907470703125,-21.015502929688,15.259887695312
0.203,9.0938720703125,-21.015502929688,12.216918945312
0.2035,12.417114257812,-20.855346679688,9.0538330078125
0.204,16.260864257812,-19.814331054688,4.2491455078125
0.2045,18.943481445312,-17.732299804688,-0.4354248046875
0.205,20.464965820312,-15.850463867188,-3.7586669921875
0.2055,21.465942382812,-13.608276367188,-6.9217529296875
0.206,21.265747070312,-10.244995117188,-10.124877929688
0.2065,20.745239257812,-5.9207763671875,-14.088745117188
0.207,19.904418945312,-2.0369873046875,-17.131713867188
0.2075,18.142700195312,2.2471923828125,-19.534057617188
0.208,16.100708007812,5.4102783203125,-20.815307617188
0.2085,13.418090820312,8.5733642578125,-21.215698242188
0.209,10.014770507812,11.896606445312,-21.295776367188
0.2095,4.6094970703125,15.900512695312,-20.054565429688
0.21,0.0450439453125,18.422973632812,-18.172729492188
0.2105,-3.7987060546875,20.064575195312,-16.411010742188
0.211,-6.9217529296875,21.105590820312,-14.489135742188
0.2115,-10.124877929688,20.785278320312,-11.205932617188
0.212,-13.808471679688,20.224731445312,-7.2420654296875
0.2125,-17.091674804688,19.063598632812,-2.8778076171875
0.213,-19.574096679688,16.901489257812,1.7667236328125
0.2135,-20.775268554688,14.979614257812,4.8096923828125
0.214,-21.295776367188,12.337036132812,8.0128173828125
0.2145,-21.255737304688,8.9737548828125,11.215942382812
0.215,-20.535034179688,4.3292236328125,15.299926757812
0.2155,-19.213745117188,0.4053955078125,17.942504882812
0.216,-17.452026367188,-3.4783935546875,20.024536132812
0.2165,-15.450073242188,-6.5213623046875,21.185668945312
0.217,-12.206909179688,-9.6844482421875,21.105590820312
0.2175,-8.4432373046875,-13.127807617188,20.985473632812
0.218,-3.3582763671875,-16.731323242188,19.584106445312
0.2185,1.6466064453125,-18.973510742188,17.221801757812
0.219,4.7696533203125,-20.254760742188,15.540161132812
0.2195,7.9327392578125,-20.975463867188,13.418090820312
0.22,11.015747070312,-20.615112304688,10.054809570312
0.2205,14.859497070312,-19.734252929688,5.6104736328125
0.221,17.702270507812,-18.292846679688,1.4464111328125
0.2215,19.904418945312,-16.210815429688,-2.7576904296875
0.222,20.705200195312,-14.208862304688,-5.6004638671875
0.2225,20.905395507812,-11.165893554688,-8.9637451171875
0.223,20.705200195312,-7.5623779296875,-12.327026367188
0.2235,19.984497070312,-3.2781982421875,-15.930541992188
0.224,18.222778320312,0.8458251953125,-18.252807617188
0.2245,16.541137695312,4.1290283203125,-19.934448242188
0.225,14.379028320312,7.1719970703125,-20.935424804688
0.2255,10.855590820312,10.375122070312,-20.535034179688
0.226,6.4512939453125,14.098754882812,-20.014526367188
0.2265,1.9268798828125,17.141723632812,-18.733276367188
0.227,-2.6776123046875,19.143676757812,-16.531127929688
0.2275,-5.4002685546875,20.064575195312,-14.809448242188
0.228,-8.6033935546875,20.424926757812,-12.286987304688
0.2285,-11.926635742188,20.024536132812,-8.7635498046875
0.229,-15.490112304688,19.023559570312,-4.3592529296875
0.2295,-18.052612304688,17.261840820312,-0.1551513671875
0.23,-19.894409179688,15.380004882812,3.5284423828125
0.2305,-20.615112304688,13.217895507812,6.4112548828125
0.231,-20.575073242188,9.9346923828125,9.6143798828125
0.2315,-20.174682617188,6.0509033203125,13.257934570312
0.232,-19.413940429688,1.9669189453125,16.501098632812
0.2325,-17.492065429688,-2.0770263671875,18.703247070312
0.233,-15.810424804688,-4.9598388671875,19.864379882812
0.2335,-13.448120117188,-7.9227294921875,20.665161132812
0.234,-9.7645263671875,-11.245971679688,20.304809570312
0.2345,-5.0799560546875,-14.729370117188,19.263793945312
0.235,-0.6356201171875,-17.331909179688,17.622192382812
0.2355,3.4083251953125,-19.253784179688,15.860473632812
0.236,6.0909423828125,-19.894409179688,13.978637695312
0.2365,9.2139892578125,-19.974487304688,11.175903320312
0.237,12.777465820312,-19.534057617188,7.3721923828125
0.2375,15.980590820312,-18.372924804688,3.2081298828125
0.238,18.222778320312,-16.491088867188,-0.9959716796875
0.2385,19.624145507812,-14.769409179688,-3.9989013671875
0.239,20.144653320312,-12.367065429688,-7.0018310546875
0.2395,20.024536132812,-8.9237060546875,-10.285034179688
0.24,19.463989257812,-4.9998779296875,-13.808471679688
0.2405,18.463012695312,-1.1561279296875,-16.611206054688
0.241,16.701293945312,2.6876220703125,-18.653198242188
0.2415,14.779418945312,5.4102783203125,-19.574096679688
0.242,12.176879882812,8.3731689453125,-20.014526367188
0.2425,8.1729736328125,12.056762695312,-19.734252929688
0.243,3.6485595703125,15.259887695312,-18.573120117188
0.2435,-0.7957763671875,17.421997070312,-16.651245117188
0.244,-3.9989013671875,19.063598632812,-15.129760742188
0.2445,-6.7615966796875,19.544067382812,-13.127807617188
0.245,-9.8846435546875,19.423950195312,-10.124877929688
0.2455,-13.608276367188,18.863403320312,-6.1209716796875
0.246,-16.531127929688,17.582153320312,-1.8768310546875
0.2465,-18.573120117188,15.660278320312,2.1270751953125
0.247,-19.574096679688,13.898559570312,4.8096923828125
0.2475,-20.094604492188,11.215942382812,7.9727783203125
0.248,-19.894409179688,7.3721923828125,11.576293945312
0.2485,-19.293823242188,3.5284423828125,14.859497070312
0.249,-17.892456054688,-0.3153076171875,17.261840820312
0.2495,-16.370971679688,-3.7987060546875,19.343872070312
0.25,-14.248901367188,-6.5213623046875,19.904418945312
0.2505,-11.245971679688,-9.5643310546875,20.064575195312
0.251,-6.8817138671875,-13.328002929688,19.544067382812
0.2515,-2.1571044921875,-16.370971679688,18.102661132812
0.252,1.9669189453125,-18.252807617188,16.140747070312
0.2525,4.9298095703125,-19.494018554688,14.699340820312
0.253,7.9727783203125,-19.894409179688,12.216918945312
0.2535,11.456176757812,-19.373901367188,8.5733642578125
0.254,14.579223632812,-18.773315429688,4.7296142578125
0.2545,17.301879882812,-17.091674804688,0.6055908203125
0.255,19.223754882812,-15.329956054688,-3.1981201171875
0.2555,19.704223632812,-13.087768554688,-5.8006591796875
0.256,19.984497070312,-10.285034179688,-8.9637451171875
0.2565,19.584106445312,-6.1209716796875,-12.767456054688
0.257,18.903442382812,-2.2371826171875,-15.770385742188
0.2575,17.061645507812,1.4864501953125,-17.772338867188
0.258,15.500122070312,4.4893798828125,-19.413940429688
0.2585,12.937622070312,7.3721923828125,-19.814331054688
0.259,9.5343017578125,10.615356445312,-19.614135742188
0.2595,5.3302001953125,14.058715820312,-18.933471679688
0.26,0.6856689453125,16.781372070312,-17.291870117188
0.2605,-3.1180419921875,18.543090820312,-15.450073242188
0.261,-5.7205810546875,19.263793945312,-13.808471679688
0.2615,-8.7235107421875,19.504028320312,-11.406127929688
0.262,-12.447143554688,18.903442382812,-7.2020263671875
0.2625,-15.410034179688,17.942504882812,-3.3582763671875
0.263,-17.772338867188,16.180786132812,0.6055908203125
0.2635,-19.373901367188,14.539184570312,3.9688720703125
0.264,-19.614135742188,12.016723632812,6.6915283203125
0.2645,-19.814331054688,8.8536376953125,9.9747314453125
0.265,-19.253784179688,5.0098876953125,13.538208007812
0.2655,-18.252807617188,1.0059814453125,16.421020507812
0.266,-16.411010742188,-2.5574951171875,18.222778320312
0.2665,-14.849487304688,-5.2401123046875,19.383911132812
0.267,-12.367065429688,-8.2830810546875,19.864379882812
0.2675,-8.0028076171875,-11.886596679688,19.343872070312
0.268,-3.9989013671875,-14.889526367188,18.382934570312
0.2685,0.4454345703125,-17.251831054688,16.581176757812
0.269,3.8887939453125,-18.933471679688,15.059692382812
0.2695,6.5313720703125,-19.253784179688,12.897583007812
0.27,9.4542236328125,-19.413940429688,10.375122070312
0.2705,13.378051757812,-18.853393554688,6.0909423828125
0.271,16.100708007812,-17.492065429688,1.9669189453125
0.2715,18.102661132812,-15.690307617188,-1.5965576171875
0.272,19.463989257812,-14.128784179688,-4.5194091796875
0.2725,19.664184570312,-11.406127929688,-7.5223388671875
0.273,19.584106445312,-7.4022216796875,-11.245971679688
0.2735,19.023559570312,-3.9989013671875,-14.328979492188
0.274,17.782348632812,0.0050048828125,-16.971557617188
0.2745,16.060668945312,3.4083251953125,-18.853393554688
0.275,13.938598632812,6.0909423828125,-19.373901367188
0.2755,11.456176757812,9.0938720703125,-19.854370117188
0.276,6.5313720703125,13.097778320312,-19.173706054688
0.2765,2.2471923828125,15.860473632812,-17.852416992188
0.277,-1.6365966796875,17.822387695312,-16.130737304688
0.2775,-4.8397216796875,19.343872070312,-14.769409179688
0.278,-7.7225341796875,19.343872070312,-12.206909179688
0.2785,-11.045776367188,19.223754882812,-8.8436279296875
0.279,-14.609252929688,18.623168945312,-4.9197998046875
0.2795,-17.331909179688,16.941528320312,-0.5155029296875
0.28,-19.093627929688,15.139770507812,3.0479736328125
0.2805,-19.894409179688,13.097778320312,5.8507080078125
0.281,-20.214721679688,10.415161132812,8.9737548828125
0.2815,-19.734252929688,5.8907470703125,13.057739257812
0.282,-19.013549804688,2.2471923828125,15.860473632812
0.2825,-17.532104492188,-1.5565185546875,18.062622070312
0.283,-15.850463867188,-4.7996826171875,19.864379882812
0.2835,-13.127807617188,-7.6824951171875,19.984497070312
0.284,-10.084838867188,-10.805541992188,20.184692382812
0.2845,-5.2000732421875,-14.649291992188,19.263793945312
0.285,-0.3953857421875,-17.331909179688,17.421997070312
0.2855,3.1680908203125,-18.933471679688,15.700317382812
0.286,6.0909423828125,-20.214721679688,14.058715820312
0.2865,9.2540283203125,-20.014526367188,11.215942382812
0.287,12.977661132812,-19.413940429688,6.9317626953125
0.2875,15.980590820312,-18.493041992188,3.2081298828125
0.288,18.503051757812,-16.611206054688,-1.0760498046875
0.2885,19.984497070312,-14.769409179688,-4.3592529296875
0.289,20.144653320312,-12.046752929688,-7.2420654296875
0.2895,20.424926757812,-9.0438232421875,-10.485229492188
0.29,19.784301757812,-4.5194091796875,-14.449096679688
0.2905,18.463012695312,-0.5955810546875,-17.131713867188
0.291,16.701293945312,2.9278564453125,-18.813354492188
0.2915,15.099731445312,6.0509033203125,-20.454956054688
0.292,11.856567382812,9.0137939453125,-20.254760742188
0.2925,7.8126220703125,12.617309570312,-19.934448242188
0.293,3.5684814453125,15.820434570312,-19.093627929688
0.2935,-1.3963623046875,18.302856445312,-16.891479492188
0.294,-4.5594482421875,19.744262695312,-15.129760742188
0.2945,-7.4422607421875,20.144653320312,-13.127807617188
0.295,-10.525268554688,20.264770507812,-10.325073242188
0.2955,-14.569213867188,19.263793945312,-5.4403076171875
0.296,-17.331909179688,17.782348632812,-1.3563232421875
0.2965,-19.333862304688,15.980590820312,2.4874267578125
0.297,-20.655151367188,14.098754882812,5.5704345703125
0.2975,-20.655151367188,10.975708007812,8.6534423828125
0.298,-20.494995117188,7.3721923828125,12.176879882812
0.2985,-19.974487304688,3.2481689453125,15.660278320312
0.299,-18.292846679688,-0.9959716796875,18.302856445312
0.2995,-16.330932617188,-4.1990966796875,19.784301757812
0.3,-14.449096679688,-7.1219482421875,20.825317382812
0.3005,-11.326049804688,-10.164916992188,20.785278320312
0.301,-6.1610107421875,-14.248901367188,19.784301757812
0.3015,-1.9569091796875,-17.051635742188,18.543090820312
0.302,2.6075439453125,-18.973510742188,16.541137695312
0.3025,5.5704345703125,-20.414916992188,14.859497070312
0.303,8.5733642578125,-20.254760742188,12.016723632812
0.3035,11.776489257812,-20.214721679688,8.9737548828125
0.304,15.580200195312,-19.213745117188,4.3692626953125
0.3045,18.222778320312,-17.331909179688,-0.1951904296875
0.305,19.784301757812,-15.450073242188,-3.3582763671875
0.3055,20.825317382812,-13.408081054688,-6.4813232421875
0.306,20.545043945312,-10.204956054688,-9.5242919921875
0.3065,20.024536132812,-5.9207763671875,-13.448120117188
0.307,19.383911132812,-2.2371826171875,-16.411010742188
0.3075,17.662231445312,1.9268798828125,-18.773315429688
0.308,15.740356445312,5.0899658203125,-20.134643554688
0.3085,13.137817382812,8.0528564453125,-20.494995117188
0.309,10.094848632812,11.255981445312,-20.775268554688
0.3095,4.6495361328125,15.339965820312,-19.494018554688
0.31,0.3253173828125,17.782348632812,-17.852416992188
0.3105,-3.3983154296875,19.544067382812,-16.010620117188
0.311,-6.4412841796875,20.585083007812,-14.288940429688
0.3115,-9.8045654296875,20.304809570312,-11.045776367188
0.312,-13.328002929688,19.864379882812,-7.2420654296875
0.3125,-16.651245117188,18.783325195312,-3.0379638671875
0.313,-19.333862304688,16.661254882812,1.6065673828125
0.3135,-20.254760742188,14.779418945312,4.6495361328125
0.314,-21.015502929688,12.216918945312,7.9327392578125
0.3145,-21.135620117188,8.9737548828125,11.175903320312
0.315,-20.374877929688,4.2891845703125,15.219848632812
0.3155,-19.093627929688,0.3253173828125,17.862426757812
0.316,-17.331909179688,-3.5184326171875,19.984497070312
0.3165,-15.450073242188,-6.5614013671875,21.225708007812
0.317,-12.166870117188,-9.8045654296875,21.065551757812
0.3175,-8.1229248046875,-13.207885742188,20.945434570312
0.318,-2.9979248046875,-16.731323242188,19.664184570312
0.3185,1.8067626953125,-19.253784179688,17.341918945312
0.319,4.9698486328125,-20.655151367188,15.660278320312
0.3195,8.2130126953125,-21.415893554688,13.458129882812
0.32,11.576293945312,-21.015502929688,9.9346923828125
0.3205,15.420043945312,-20.134643554688,5.4102783203125
0.321,18.302856445312,-18.733276367188,1.1260986328125
0.3215,20.625122070312,-16.651245117188,-3.3582763671875
0.322,21.546020507812,-14.409057617188,-6.2410888671875
0.3225,21.786254882812,-11.005737304688,-9.6444091796875
0.323,21.385864257812,-7.4022216796875,-13.207885742188
0.3235,20.625122070312,-2.8778076171875,-16.931518554688
0.324,18.703247070312,1.4464111328125,-19.293823242188
0.3245,16.861450195312,4.8897705078125,-21.015502929688
0.325,14.419067382812,8.0528564453125,-21.896362304688
0.3255,10.695434570312,11.496215820312,-21.495971679688
0.326,6.1309814453125,15.099731445312,-20.975463867188
0.3265,1.4464111328125,18.422973632812,-19.373901367188
0.327,-3.6385498046875,20.464965820312,-16.931518554688
0.3275,-6.5213623046875,21.265747070312,-15.089721679688
0.328,-9.8045654296875,21.586059570312,-12.327026367188
0.3285,-13.328002929688,21.065551757812,-8.4832763671875
0.329,-16.811401367188,19.864379882812,-3.8387451171875
0.3295,-19.574096679688,18.022583007812,0.9259033203125
0.33,-21.656127929688,15.820434570312,4.7296142578125
0.3305,-22.376831054688,13.297973632812,7.7325439453125
0.331,-22.096557617188,9.7344970703125,11.336059570312
0.3315,-21.536010742188,5.6104736328125,15.019653320312
0.332,-20.535034179688,1.2862548828125,18.342895507812
0.3325,-18.453002929688,-3.1580810546875,20.545043945312
0.333,-16.290893554688,-6.1209716796875,21.786254882812
0.3335,-13.768432617188,-9.4842529296875,22.426879882812
0.334,-9.7244873046875,-13.087768554688,21.906372070312
0.3345,-4.6795654296875,-16.691284179688,20.665161132812
0.335,0.4053955078125,-19.293823242188,18.783325195312
0.3355,4.7696533203125,-21.215698242188,16.581176757812
0.336,7.6925048828125,-21.776245117188,14.379028320312
0.3365,11.015747070312,-21.776245117188,11.215942382812
0.337,14.579223632812,-21.135620117188,7.0518798828125
0.3375,18.062622070312,-19.574096679688,2.4073486328125
0.338,20.424926757812,-17.492065429688,-2.1971435546875
0.3385,21.826293945312,-15.530151367188,-5.7205810546875
0.339,22.266723632812,-12.567260742188,-8.8836669921875
0.3395,22.026489257812,-8.6033935546875,-12.527221679688
0.34,21.185668945312,-4.3192138671875,-16.090698242188
0.3405,19.864379882812,0.0050048828125,-19.053588867188
0.341,17.622192382812,4.0089111328125,-21.215698242188
0.3415,15.460083007812,7.1719970703125,-21.896362304688
0.342,12.537231445312,10.655395507812,-22.096557617188
0.3425,7.6524658203125,14.298950195312,-21.656127929688
0.343,2.8477783203125,17.622192382812,-20.214721679688
0.3435,-1.9569091796875,19.904418945312,-17.972534179688
0.344,-5.7205810546875,21.505981445312,-16.050659179688
0.3445,-8.8436279296875,21.746215820312,-13.528198242188
0.345,-12.086791992188,21.505981445312,-9.9647216796875
0.3455,-15.690307617188,20.705200195312,-5.6805419921875
0.346,-19.133666992188,18.943481445312,-0.7957763671875
0.3465,-21.215698242188,16.581176757812,3.4884033203125
0.347,-22.136596679688,14.459106445312,6.6114501953125
0.3475,-22.456909179688,11.376098632812,10.054809570312
0.348,-22.016479492188,7.0118408203125,13.978637695312
0.3485,-21.135620117188,2.7677001953125,17.301879882812
0.349,-19.534057617188,-1.4364013671875,19.864379882812
0.3495,-17.291870117188,-5.3201904296875,21.786254882812
0.35,-14.769409179688,-8.2030029296875,22.266723632812
0.3505,-11.286010742188,-11.566284179688,22.186645507812
0.351,-6.4412841796875,-15.530151367188,21.425903320312
0.3515,-1.3162841796875,-18.653198242188,19.624145507812
0.352,3.1680908203125,-20.535034179688,17.301879882812
0.3525,6.4512939453125,-21.976440429688,15.460083007812
0.353,9.7344970703125,-22.016479492188,12.497192382812
0.3535,13.338012695312,-21.495971679688,8.4932861328125
0.354,16.821411132812,-20.494995117188,4.2491455078125
0.3545,19.864379882812,-18.212768554688,-0.5155029296875
0.355,21.586059570312,-16.170776367188,-4.5594482421875
0.3555,22.066528320312,-13.608276367188,-7.5223388671875
0.356,22.226684570312,-10.445190429688,-10.925659179688
0.3565,21.706176757812,-5.6004638671875,-15.009643554688
0.357,20.545043945312,-1.3162841796875,-17.972534179688
0.3575,18.503051757812,2.5274658203125,-20.214721679688
0.358,16.661254882812,6.2911376953125,-21.736206054688
0.3585,13.498168945312,9.0938720703125,-22.096557617188
0.359,9.6143798828125,12.657348632812,-21.776245117188
0.3595,4.9698486328125,16.340942382812,-20.815307617188
0.36,-0.1951904296875,19.183715820312,-18.933471679688
0.3605,-4.3192138671875,20.985473632812,-16.531127929688
0.361,-7.4022216796875,21.586059570312,-14.729370117188
0.3615,-10.685424804688,21.786254882812,-11.726440429688
0.362,-14.809448242188,20.745239257812,-7.0418701171875
0.3625,-17.892456054688,19.664184570312,-2.7176513671875
0.363,-20.334838867188,17.542114257812,1.8067626953125
0.3635,-22.056518554688,15.460083007812,5.6104736328125
0.364,-22.096557617188,12.417114257812,8.6134033203125
0.3645,-22.256713867188,9.0938720703125,12.337036132812
0.365,-21.455932617188,4.4493408203125,16.060668945312
0.3655,-20.134643554688,0.0050048828125,19.183715820312
0.366,-17.972534179688,-3.8787841796875,21.065551757812
0.3665,-15.890502929688,-7.2020263671875,22.266723632812
0.367,-12.767456054688,-10.405151367188,22.426879882812
0.3675,-8.0028076171875,-14.369018554688,21.706176757812
0.368,-3.3582763671875,-17.371948242188,20.464965820312
0.3685,1.7667236328125,-20.254760742188,18.182739257812
0.369,5.6104736328125,-21.776245117188,16.140747070312
0.3695,8.6134033203125,-21.776245117188,13.498168945312
0.37,11.896606445312,-22.096557617188,10.575317382812
0.3705,15.980590820312,-20.895385742188,5.4903564453125
0.371,19.063598632812,-19.133666992188,0.9259033203125
0.3715,21.105590820312,-16.971557617188,-3.1580810546875
0.372,22.667114257812,-14.809448242188,-6.6014404296875
0.3725,22.266723632812,-11.766479492188,-10.004760742188
0.373,22.066528320312,-7.5623779296875,-13.968627929688
0.3735,21.265747070312,-3.1981201171875,-17.171752929688
0.374,19.463989257812,1.1661376953125,-20.174682617188
0.3745,17.421997070312,5.1700439453125,-21.696166992188
0.375,14.779418945312,8.1729736328125,-22.176635742188
0.3755,11.696411132812,11.496215820312,-22.456909179688
0.376,5.8106689453125,15.700317382812,-21.215698242188
0.3765,1.5264892578125,18.623168945312,-19.654174804688
0.377,-3.0780029296875,20.545043945312,-17.652221679688
0.3775,-6.6815185546875,22.066528320312,-15.410034179688
0.378,-9.9246826171875,21.786254882812,-12.327026367188
0.3785,-13.127807617188,21.465942382812,-9.1239013671875
0.379,-17.131713867188,20.464965820312,-4.2791748046875
0.3795,-20.014526367188,18.342895507812,0.8057861328125
0.38,-21.536010742188,16.340942382812,4.6094970703125
0.3805,-22.577026367188,13.818481445312,7.6925048828125
0.381,-22.496948242188,10.415161132812,10.895629882812
0.3815,-21.896362304688,5.6104736328125,15.299926757812
0.382,-20.575073242188,1.7667236328125,18.222778320312
0.3825,-19.053588867188,-2.7176513671875,20.745239257812
0.383,-16.851440429688,-6.2811279296875,22.266723632812
0.3835,-13.608276367188,-9.3641357421875,22.266723632812
0.384,-10.365112304688,-12.487182617188,22.426879882812
0.3845,-4.7996826171875,-16.971557617188,21.065551757812
0.385,0.3653564453125,-19.734252929688,18.943481445312
0.3855,4.2091064453125,-21.215698242188,16.941528320312
0.386,7.4923095703125,-22.496948242188,14.939575195312
0.3865,11.055786132812,-21.856323242188,11.456176757812
0.387,14.779418945312,-21.175659179688,7.0919189453125
0.3875,18.102661132812,-20.174682617188,2.8477783203125
0.388,20.705200195312,-18.012573242188,-2.2371826171875
0.3885,22.066528320312,-15.690307617188,-5.4403076171875
0.389,22.426879882812,-12.767456054688,-8.7235107421875
0.3895,22.426879882812,-9.5643310546875,-12.246948242188
0.39,21.465942382812,-4.3192138671875,-16.290893554688
0.3905,20.024536132812,-0.1951904296875,-19.053588867188
0.391,18.102661132812,3.7286376953125,-20.975463867188
0.3915,16.300903320312,7.2520751953125,-22.496948242188
0.392,12.296997070312,10.375122070312,-21.856323242188
0.3925,8.2930908203125,14.018676757812,-21.856323242188
0.393,3.3682861328125,17.662231445312,-20.695190429688
0.3935,-2.0369873046875,20.184692382812,-18.372924804688
0.394,-5.3602294921875,21.385864257812,-16.330932617188
0.3945,-8.6033935546875,22.106567382812,-13.848510742188
0.395,-11.846557617188,21.786254882812,-10.605346679688
0.3955,-16.010620117188,20.785278320312,-5.4403076171875
0.396,-19.093627929688,19.183715820312,-0.9959716796875
0.3965,-21.295776367188,17.021606445312,3.2081298828125
0.397,-22.456909179688,14.859497070312,6.6915283203125
0.3975,-22.416870117188,11.336059570312,10.014770507812
0.398,-22.376831054688,7.6925048828125,13.538208007812
0.3985,-21.335815429688,3.0479736328125,17.421997070312
0.399,-19.534057617188,-1.5164794921875,20.104614257812
0.3995,-17.331909179688,-4.8797607421875,21.505981445312
0.4,-15.249877929688,-8.2830810546875,22.667114257812
0.4005,-11.486206054688,-11.526245117188,22.226684570312
0.401,-6.4012451171875,-15.530151367188,21.265747070312
0.4015,-1.7967529296875,-18.493041992188,19.984497070312
0.402,3.4483642578125,-20.615112304688,17.421997070312
0.4025,6.5313720703125,-21.656127929688,15.420043945312
0.403,9.9346923828125,-21.856323242188,12.417114257812
0.4035,13.257934570312,-21.415893554688,9.2139892578125
0.404,17.061645507812,-20.374877929688,3.9688720703125
0.4045,19.784301757812,-18.292846679688,-0.5555419921875
0.405,21.465942382812,-16.290893554688,-4.2391357421875
0.4055,22.346801757812,-13.888549804688,-7.4022216796875
0.406,22.146606445312,-10.244995117188,-10.885620117188
0.4065,21.505981445312,-6.0408935546875,-14.689331054688
0.407,20.785278320312,-1.8768310546875,-17.892456054688
0.4075,18.543090820312,2.4874267578125,-20.494995117188
0.408,16.380981445312,5.8106689453125,-21.455932617188
0.4085,13.738403320312,9.0538330078125,-22.056518554688
0.409,10.094848632812,12.337036132812,-22.096557617188
0.4095,4.6094970703125,16.581176757812,-20.414916992188
0.41,-0.1151123046875,18.943481445312,-18.853393554688
0.4105,-4.1190185546875,20.865356445312,-16.811401367188
0.411,-7.0819091796875,21.786254882812,-14.729370117188
0.4115,-10.765502929688,21.425903320312,-11.245971679688
0.412,-14.208862304688,20.945434570312,-7.4422607421875
0.4125,-17.772338867188,19.664184570312,-2.9578857421875
0.413,-20.294799804688,17.341918945312,2.0469970703125
0.4135,-21.576049804688,15.339965820312,5.2100830078125
0.414,-22.136596679688,12.777465820312,8.4932861328125
0.4145,-21.976440429688,9.0938720703125,11.856567382812
0.415,-21.135620117188,4.4893798828125,15.860473632812
0.4155,-19.894409179688,0.4854736328125,18.743286132812
0.416,-18.012573242188,-3.7987060546875,20.865356445312
0.4165,-15.850463867188,-6.8416748046875,21.786254882812
0.417,-12.607299804688,-10.124877929688,21.786254882812
0.4175,-8.6834716796875,-13.368041992188,21.746215820312
0.418,-3.3182373046875,-17.251831054688,20.144653320312
0.4185,1.6065673828125,-19.534057617188,17.822387695312
0.419,4.9298095703125,-21.015502929688,16.140747070312
0.4195,8.1729736328125,-21.656127929688,13.938598632812
0.42,11.496215820312,-21.215698242188,10.255004882812
0.4205,15.259887695312,-20.454956054688,5.9708251953125
0.421,18.302856445312,-19.013549804688,1.4464111328125
0.4215,20.625122070312,-16.811401367188,-3.0780029296875
0.422,21.385864257812,-14.769409179688,-5.8006591796875
0.4225,21.786254882812,-11.606323242188,-9.1639404296875
0.423,21.465942382812,-7.6824951171875,-12.487182617188
0.4235,20.585083007812,-3.4783935546875,-16.691284179688
0.424,18.903442382812,0.7657470703125,-18.773315429688
0.4245,17.101684570312,4.3292236328125,-20.655151367188
0.425,14.739379882812,7.4122314453125,-21.495971679688
0.4255,11.215942382812,10.575317382812,-21.576049804688
0.426,6.7716064453125,14.379028320312,-20.775268554688
0.4265,1.9268798828125,17.622192382812,-19.293823242188
0.427,-2.7176513671875,19.744262695312,-16.691284179688
0.4275,-5.6405029296875,20.745239257812,-15.289916992188
0.428,-8.9237060546875,21.145629882812,-12.727416992188
0.4285,-12.327026367188,20.665161132812,-9.1239013671875
0.429,-15.970581054688,19.664184570312,-4.7996826171875
0.4295,-18.653198242188,18.022583007812,0.0050048828125
0.43,-20.695190429688,15.860473632812,3.8487548828125
0.4305,-21.295776367188,13.618286132812,6.7716064453125
0.431,-21.495971679688,10.295043945312,10.255004882812
0.4315,-21.055541992188,6.2510986328125,13.938598632812
0.432,-20.174682617188,1.9669189453125,17.261840820312
0.4325,-18.172729492188,-2.2371826171875,19.504028320312
0.433,-16.411010742188,-5.4403076171875,20.865356445312
0.4335,-13.968627929688,-8.3631591796875,21.706176757812
0.434,-10.004760742188,-11.846557617188,21.145629882812
0.4345,-5.4002685546875,-15.530151367188,20.224731445312
0.435,-0.5555419921875,-18.292846679688,18.463012695312
0.4355,3.8487548828125,-20.254760742188,16.380981445312
0.436,6.6114501953125,-20.895385742188,14.459106445312
0.4365,9.8946533203125,-21.015502929688,11.536254882812
0.437,13.618286132812,-20.454956054688,7.3721923828125
0.4375,16.821411132812,-19.453979492188,3.1680908203125
0.438,19.223754882812,-17.251831054688,-1.2362060546875
0.4385,21.065551757812,-15.410034179688,-4.7596435546875
0.439,21.305786132812,-12.727416992188,-7.8426513671875
0.4395,21.145629882812,-9.0838623046875,-11.245971679688
0.44,20.545043945312,-5.0399169921875,-14.769409179688
0.4405,19.423950195312,-0.8358154296875,-17.812377929688
0.441,17.341918945312,3.1680908203125,-19.974487304688
0.4415,15.380004882812,6.1309814453125,-20.535034179688
0.442,12.697387695312,9.2540283203125,-21.215698242188
0.4425,8.1329345703125,13.097778320312,-20.615112304688
0.443,3.6485595703125,16.300903320312,-19.413940429688
0.4435,-0.9959716796875,18.583129882812,-17.572143554688
0.444,-4.7196044921875,20.384887695312,-15.810424804688
0.4445,-7.5223388671875,20.665161132812,-13.528198242188
0.445,-10.765502929688,20.585083007812,-10.645385742188
0.4455,-14.328979492188,20.024536132812,-6.1209716796875
0.446,-17.732299804688,18.422973632812,-1.6766357421875
0.4465,-19.614135742188,16.461059570312,2.5274658203125
0.447,-20.895385742188,14.419067382812,5.4503173828125
0.4475,-21.215698242188,11.536254882812,8.6934814453125
0.448,-20.895385742188,7.5323486328125,12.457153320312
0.4485,-20.174682617188,3.5684814453125,15.700317382812
0.449,-18.733276367188,-0.5155029296875,18.302856445312
0.4495,-16.651245117188,-4.1590576171875,20.264770507812
0.45,-14.609252929688,-7.1619873046875,20.825317382812
0.4505,-11.806518554688,-10.244995117188,21.105590820312
0.451,-6.9217529296875,-14.088745117188,20.424926757812
0.4515,-2.1170654296875,-17.171752929688,18.863403320312
0.452,2.2071533203125,-19.053588867188,16.741333007812
0.4525,5.4102783203125,-20.494995117188,15.179809570312
0.453,8.4532470703125,-20.655151367188,12.497192382812
0.4535,12.016723632812,-20.054565429688,8.9737548828125
0.454,15.380004882812,-19.574096679688,4.9298095703125
0.4545,18.062622070312,-17.972534179688,0.4454345703125
0.455,19.984497070312,-15.730346679688,-3.4383544921875
0.4555,20.625122070312,-13.568237304688,-6.2010498046875
0.456,20.905395507812,-10.645385742188,-9.4041748046875
0.4565,20.424926757812,-6.2410888671875,-13.368041992188
0.457,19.504028320312,-2.4373779296875,-16.571166992188
0.4575,17.622192382812,1.4063720703125,-18.453002929688
0.458,16.340942382812,4.8897705078125,-20.414916992188
0.4585,13.418090820312,7.6925048828125,-20.815307617188
0.459,10.054809570312,11.015747070312,-20.494995117188
0.4595,5.5704345703125,14.659301757812,-19.734252929688
0.46,0.6856689453125,17.502075195312,-17.972534179688
0.4605,-3.1981201171875,19.183715820312,-16.050659179688
0.461,-5.9207763671875,20.144653320312,-14.529174804688
0.4615,-9.1239013671875,20.384887695312,-11.566284179688
0.462,-12.807495117188,19.504028320312,-7.5223388671875
0.4625,-15.850463867188,18.743286132812,-3.3983154296875
0.463,-18.292846679688,16.781372070312,0.5655517578125
0.4635,-20.134643554688,14.979614257812,4.1690673828125
0.464,-20.334838867188,12.417114257812,6.9718017578125
0.4645,-20.494995117188,9.2940673828125,10.214965820312
0.465,-19.934448242188,5.0899658203125,14.098754882812
0.4655,-18.773315429688,1.1661376953125,16.941528320312
0.466,-17.051635742188,-2.5174560546875,18.823364257812
0.4665,-15.530151367188,-5.4803466796875,20.184692382812
0.467,-12.767456054688,-8.4031982421875,20.424926757812
0.4675,-8.4832763671875,-12.046752929688,19.904418945312
0.468,-4.3992919921875,-15.129760742188,19.023559570312
0.4685,0.3253173828125,-17.692260742188,17.141723632812
0.469,3.8887939453125,-19.293823242188,15.500122070312
0.4695,6.5714111328125,-19.814331054688,13.378051757812
0.47,9.4942626953125,-20.134643554688,10.855590820312
0.4705,13.458129882812,-19.093627929688,6.2510986328125
0.471,16.220825195312,-17.812377929688,2.2872314453125
0.4715,18.222778320312,-16.010620117188,-1.3963623046875
0.472,19.704223632812,-14.409057617188,-4.5194091796875
0.4725,19.744262695312,-11.566284179688,-7.3621826171875
0.473,19.504028320312,-8.1229248046875,-10.925659179688
0.4735,19.183715820312,-4.3592529296875,-14.168823242188
0.474,17.902465820312,-0.2352294921875,-16.651245117188
0.4745,16.140747070312,3.1680908203125,-18.573120117188
0.475,14.218872070312,5.8507080078125,-19.373901367188
0.4755,11.696411132812,8.7735595703125,-19.854370117188
0.476,6.8516845703125,12.777465820312,-19.093627929688
0.4765,2.8477783203125,15.500122070312,-17.972534179688
0.477,-1.2762451171875,17.462036132812,-16.411010742188
0.4775,-4.3592529296875,19.143676757812,-14.809448242188
0.478,-7.2821044921875,19.183715820312,-12.527221679688
0.4785,-10.285034179688,19.223754882812,-9.4842529296875
0.479,-14.048706054688,18.543090820312,-5.2801513671875
0.4795,-16.811401367188,16.901489257812,-0.9959716796875
0.48,-18.573120117188,15.179809570312,2.4874267578125
0.4805,-19.614135742188,13.338012695312,5.3702392578125
0.481,-19.694213867188,10.535278320312,8.2530517578125
0.4815,-19.534057617188,6.3712158203125,12.337036132812
0.482,-18.933471679688,2.8477783203125,15.179809570312
0.4825,-17.452026367188,-0.9959716796875,17.582153320312
0.483,-15.850463867188,-4.3592529296875,19.343872070312
0.4835,-13.328002929688,-7.0418701171875,19.584106445312
0.484,-10.605346679688,-10.004760742188,19.944458007812
0.4845,-5.6004638671875,-14.048706054688,19.063598632812
0.485,-1.2362060546875,-16.811401367188,17.421997070312
0.4855,2.7677001953125,-18.212768554688,15.660278320312
0.486,5.6104736328125,-19.654174804688,14.178833007812
0.4865,8.5733642578125,-19.534057617188,11.376098632812
0.487,12.096801757812,-19.093627929688,7.5323486328125
0.4875,15.219848632812,-18.332885742188,3.8487548828125
0.488,17.702270507812,-16.531127929688,-0.4754638671875
0.4885,19.223754882812,-14.769409179688,-3.6785888671875
0.489,19.704223632812,-12.286987304688,-6.4412841796875
0.4895,19.904418945312,-9.6844482421875,-9.6043701171875
0.49,19.343872070312,-5.0399169921875,-13.448120117188
0.4905,18.262817382812,-1.3963623046875,-16.210815429688
0.491,16.621215820312,2.1270751953125,-17.972534179688
0.4915,15.099731445312,5.2501220703125,-19.654174804688
0.492,12.136840820312,8.0528564453125,-19.534057617188
0.4925,8.6134033203125,11.376098632812,-19.413940429688
0.493,4.4493408203125,14.779418945312,-18.773315429688
0.4935,-0.4754638671875,17.141723632812,-16.811401367188
0.494,-3.5985107421875,18.583129882812,-15.049682617188
0.4945,-6.4012451171875,19.343872070312,-13.247924804688
0.495,-9.2440185546875,19.383911132812,-10.725463867188
0.4955,-13.127807617188,18.543090820312,-6.1209716796875
0.496,-15.890502929688,17.381958007812,-2.3572998046875
0.4965,-17.972534179688,15.660278320312,1.4063720703125
0.497,-19.614135742188,14.018676757812,4.4893798828125
0.4975,-19.574096679688,11.175903320312,7.3321533203125
0.498,-19.614135742188,8.1729736328125,10.535278320312
0.4985,-19.093627929688,4.0089111328125,14.178833007812
0.499,-17.732299804688,0.1251220703125,16.781372070312
0.4995,-16.050659179688,-3.0780029296875,18.302856445312
0.5,-14.489135742188,-5.9207763671875,19.664184570312
0.5005,-11.566284179688,-8.7235107421875,19.624145507812
0.501,-6.9617919921875,-12.767456054688,18.983520507812
0.5015,-2.9979248046875,-15.369995117188,18.102661132812
0.502,1.4063720703125,-17.692260742188,16.100708007812
0.5025,4.4093017578125,-18.973510742188,14.619262695312
0.503,7.2120361328125,-19.213745117188,12.216918945312
0.5035,10.174926757812,-19.333862304688,9.6143798828125
0.504,14.058715820312,-18.533081054688,5.0499267578125
0.5045,16.621215820312,-16.891479492188,0.9659423828125
0.505,18.503051757812,-15.169799804688,-2.3172607421875
0.5055,19.504028320312,-13.448120117188,-5.1199951171875
0.506,19.423950195312,-10.485229492188,-8.1629638671875
0.5065,19.223754882812,-6.6815185546875,-11.846557617188
0.507,18.703247070312,-3.0780029296875,-14.969604492188
0.5075,17.181762695312,0.9659423828125,-17.411987304688
0.508,15.500122070312,3.9688720703125,-18.773315429688
0.5085,13.297973632812,6.8917236328125,-19.534057617188
0.509,10.415161132812,9.7344970703125,-19.894409179688
0.5095,5.3302001953125,13.858520507812,-18.773315429688
0.51,1.1260986328125,16.461059570312,-17.331909179688
0.5105,-2.5574951171875,18.262817382812,-15.730346679688
0.511,-5.5203857421875,19.504028320312,-14.168823242188
0.5115,-8.6033935546875,19.343872070312,-11.245971679688
0.512,-11.886596679688,19.103637695312,-7.8826904296875
0.5125,-15.369995117188,18.222778320312,-3.5584716796875
0.513,-17.852416992188,16.380981445312,0.8458251953125
0.5135,-19.253784179688,14.619262695312,3.6885986328125
0.514,-20.094604492188,12.337036132812,6.7716064453125
0.5145,-20.054565429688,9.2940673828125,9.8546142578125
0.515,-19.534057617188,4.8497314453125,13.818481445312
0.5155,-18.573120117188,1.1260986328125,16.581176757812
0.516,-16.971557617188,-2.6375732421875,18.703247070312
0.5165,-15.169799804688,-5.6405029296875,19.984497070312
0.517,-12.166870117188,-8.6434326171875,20.184692382812
0.5175,-8.8436279296875,-11.886596679688,20.104614257812
0.518,-3.7987060546875,-15.570190429688,18.903442382812
0.5185,0.9659423828125,-17.932495117188,16.781372070312
0.519,4.1290283203125,-19.293823242188,15.219848632812
0.5195,7.1319580078125,-20.174682617188,13.297973632812
0.52,10.255004882812,-19.894409179688,10.094848632812
0.5205,13.898559570312,-19.173706054688,6.0509033203125
0.521,16.781372070312,-17.892456054688,2.0469970703125
0.5215,19.063598632812,-15.890502929688,-2.3973388671875
0.522,20.024536132812,-14.048706054688,-5.1600341796875
0.5225,20.344848632812,-11.165893554688,-8.3631591796875
0.523,20.224731445312,-7.8426513671875,-11.566284179688
0.5235,19.504028320312,-3.5184326171875,-15.289916992188
0.524,17.942504882812,0.5655517578125,-17.692260742188
0.5245,16.260864257812,3.8887939453125,-19.293823242188
0.525,14.218872070312,6.8917236328125,-20.374877929688
0.5255,10.855590820312,9.9747314453125,-20.174682617188
0.526,6.6915283203125,13.498168945312,-19.734252929688
0.5265,2.0870361328125,16.661254882812,-18.493041992188
0.527,-2.5574951171875,18.783325195312,-16.210815429688
0.5275,-5.3201904296875,19.744262695312,-14.609252929688
0.528,-8.4031982421875,20.184692382812,-12.246948242188
0.5285,-11.566284179688,19.864379882812,-9.2440185546875
0.529,-15.249877929688,18.823364257812,-4.6395263671875
0.5295,-17.892456054688,17.261840820312,-0.2752685546875
0.53,-19.854370117188,15.299926757812,3.6085205078125
0.5305,-20.575073242188,13.177856445312,6.4112548828125
0.531,-20.615112304688,9.9346923828125,9.7344970703125
0.5315,-20.294799804688,6.2110595703125,13.177856445312
0.532,-19.494018554688,2.0870361328125,16.501098632812
0.5325,-17.572143554688,-1.8768310546875,18.863403320312
0.533,-15.770385742188,-5.0799560546875,19.984497070312
0.5335,-13.608276367188,-8.0428466796875,20.825317382812
0.534,-9.9246826171875,-11.245971679688,20.464965820312
0.5345,-5.2000732421875,-14.849487304688,19.463989257812
0.535,-0.6356201171875,-17.612182617188,17.942504882812
0.5355,3.6085205078125,-19.534057617188,15.860473632812
0.536,6.3311767578125,-20.214721679688,14.098754882812
0.5365,9.4542236328125,-20.294799804688,11.215942382812
0.537,12.897583007812,-19.934448242188,7.6124267578125
0.5375,16.260864257812,-18.733276367188,3.2081298828125
0.538,18.623168945312,-16.731323242188,-1.1160888671875
0.5385,20.184692382812,-14.969604492188,-4.3592529296875
0.539,20.745239257812,-12.527221679688,-7.3621826171875
0.5395,20.585083007812,-9.0438232421875,-10.725463867188
0.54,19.984497070312,-4.9998779296875,-14.128784179688
0.5405,18.943481445312,-1.2362060546875,-17.452026367188
0.541,17.021606445312,3.0880126953125,-19.293823242188
0.5415,15.099731445312,5.8907470703125,-20.254760742188
0.542,12.417114257812,8.9737548828125,-20.815307617188
0.5425,8.3731689453125,12.537231445312,-20.414916992188
0.543,3.6485595703125,15.940551757812,-19.213745117188
0.5435,-0.9559326171875,18.302856445312,-17.251831054688
0.544,-4.5994873046875,19.984497070312,-15.530151367188
0.5445,-7.4822998046875,20.344848632812,-13.768432617188
0.545,-10.685424804688,20.344848632812,-10.365112304688
0.5455,-14.369018554688,19.784301757812,-6.1610107421875
0.546,-17.492065429688,18.302856445312,-1.7166748046875
0.5465,-19.734252929688,16.180786132812,2.5675048828125
0.547,-20.895385742188,14.258911132812,5.6104736328125
0.5475,-21.335815429688,11.456176757812,8.9337158203125
0.548,-21.095581054688,7.5323486328125,12.497192382812
0.5485,-20.334838867188,3.4483642578125,16.140747070312
0.549,-18.853393554688,-0.7557373046875,18.703247070312
0.5495,-16.931518554688,-4.6395263671875,20.745239257812
0.55,-14.609252929688,-7.4822998046875,21.265747070312
0.5505,-11.486206054688,-10.725463867188,21.465942382812
0.551,-6.7615966796875,-14.649291992188,20.825317382812
0.5515,-1.7967529296875,-17.812377929688,19.223754882812
0.552,2.7677001953125,-19.854370117188,16.941528320312
0.5525,6.2110595703125,-21.215698242188,15.299926757812
0.553,9.2540283203125,-21.495971679688,12.497192382812
0.5535,12.737426757812,-20.975463867188,8.8536376953125
0.554,16.340942382812,-20.054565429688,4.5294189453125
0.5545,19.303833007812,-18.212768554688,-0.2752685546875
0.555,21.225708007812,-16.010620117188,-4.3592529296875
0.5555,21.786254882812,-13.648315429688,-7.2821044921875
0.556,21.986450195312,-10.565307617188,-10.605346679688
0.5565,21.465942382812,-5.8807373046875,-14.689331054688
0.557,20.424926757812,-1.7567138671875,-17.812377929688
0.5575,18.422973632812,2.4073486328125,-20.014526367188
0.558,16.501098632812,6.0909423828125,-21.816284179688
0.5585,13.498168945312,9.1339111328125,-21.936401367188
0.559,9.8946533203125,12.497192382812,-21.776245117188
0.5595,4.9698486328125,16.340942382812,-20.815307617188
0.56,-0.2752685546875,19.263793945312,-18.573120117188
0.5605,-4.4393310546875,20.865356445312,-16.531127929688
0.561,-7.4822998046875,21.706176757812,-14.689331054688
0.5615,-10.805541992188,21.786254882812,-11.526245117188
0.562,-14.649291992188,20.905395507812,-7.0819091796875
0.5625,-17.772338867188,19.704223632812,-2.8778076171875
0.563,-20.374877929688,17.582153320312,1.8468017578125
0.5635,-22.096557617188,15.380004882812,5.6905517578125
0.564,-22.256713867188,12.457153320312,8.6934814453125
0.5645,-22.336791992188,9.1739501953125,12.176879882812
0.565,-21.536010742188,4.4493408203125,16.140747070312
0.5655,-20.134643554688,0.1251220703125,19.143676757812
0.566,-17.892456054688,-3.8787841796875,20.825317382812
0.5665,-16.010620117188,-7.1219482421875,22.266723632812
0.567,-12.687377929688,-10.285034179688,22.226684570312
0.5675,-8.3231201171875,-13.968627929688,21.626098632812
0.568,-3.7186279296875,-17.251831054688,20.344848632812
0.5685,1.5665283203125,-19.854370117188,18.182739257812
0.569,5.4102783203125,-21.455932617188,16.020629882812
0.5695,8.3331298828125,-21.656127929688,13.658325195312
0.57,11.576293945312,-21.776245117188,10.775512695312
0.5705,15.700317382812,-20.655151367188,5.7305908203125
0.571,18.543090820312,-19.093627929688,1.3262939453125
0.5715,20.625122070312,-16.971557617188,-2.7977294921875
0.572,22.146606445312,-14.969604492188,-6.2811279296875
0.5725,21.946411132812,-11.606323242188,-9.4442138671875
0.573,21.826293945312,-7.8426513671875,-13.127807617188
0.5735,21.025512695312,-3.5584716796875,-16.611206054688
0.574,19.383911132812,0.9259033203125,-19.453979492188
0.5745,17.101684570312,4.7296142578125,-21.015502929688
0.575,14.859497070312,7.6925048828125,-21.856323242188
0.5755,11.816528320312,10.855590820312,-22.056518554688
0.576,6.4512939453125,15.059692382812,-20.975463867188
0.5765,2.0870361328125,17.902465820312,-19.694213867188
0.577,-2.5975341796875,20.024536132812,-17.452026367188
0.5775,-6.1610107421875,21.505981445312,-15.570190429688
0.578,-9.2440185546875,21.385864257812,-12.647338867188
0.5785,-12.487182617188,21.305786132812,-9.6043701171875
0.579,-16.531127929688,20.264770507812,-4.6395263671875
0.5795,-19.373901367188,18.222778320312,0.2452392578125
0.58,-21.055541992188,16.140747070312,3.9288330078125
0.5805,-22.176635742188,13.938598632812,7.2120361328125
0.581,-22.136596679688,10.655395507812,10.455200195312
0.5815,-21.656127929688,6.0509033203125,14.659301757812
0.582,-20.695190429688,2.1270751953125,17.622192382812
0.5825,-18.893432617188,-2.2772216796875,20.184692382812
0.583,-16.811401367188,-5.8807373046875,21.786254882812
0.5835,-13.928588867188,-8.8436279296875,21.946411132812
0.584,-10.885620117188,-12.126831054688,22.186645507812
0.5845,-5.1199951171875,-16.370971679688,20.905395507812
0.585,-0.2752685546875,-19.093627929688,18.903442382812
0.5855,3.8487548828125,-20.695190429688,16.901489257812
0.586,7.2520751953125,-22.016479492188,15.019653320312
0.5865,10.535278320312,-21.656127929688,11.576293945312
0.587,14.098754882812,-21.135620117188,7.6925048828125
0.5875,17.582153320312,-20.054565429688,3.3282470703125
0.588,20.304809570312,-17.772338867188,-1.5965576171875
0.5885,21.626098632812,-15.650268554688,-5.0799560546875
0.589,22.146606445312,-12.967651367188,-8.2830810546875
0.5895,22.146606445312,-9.7645263671875,-11.526245117188
0.59,21.385864257812,-4.6795654296875,-15.850463867188
0.5905,19.984497070312,-0.6756591796875,-18.533081054688
0.591,18.062622070312,3.3282470703125,-20.575073242188
0.5915,16.060668945312,6.8917236328125,-22.096557617188
0.592,12.497192382812,9.9747314453125,-21.816284179688
0.5925,8.9337158203125,13.418090820312,-21.776245117188
0.593,3.6885986328125,17.221801757812,-20.575073242188
0.5935,-1.6365966796875,19.864379882812,-18.132690429688
0.594,-5.0799560546875,21.105590820312,-16.210815429688
0.5945,-8.3231201171875,21.946411132812,-14.088745117188
0.595,-11.526245117188,21.706176757812,-10.765502929688
0.5955,-15.650268554688,20.625122070312,-5.8406982421875
0.596,-18.653198242188,19.223754882812,-1.5965576171875
0.5965,-20.975463867188,17.021606445312,3.0079345703125
0.597,-22.176635742188,14.859497070312,6.3311767578125
0.5975,-22.216674804688,11.496215820312,9.6944580078125
0.598,-22.176635742188,8.1729736328125,13.057739257812
0.5985,-21.335815429688,3.3282470703125,17.101684570312
0.599,-19.494018554688,-1.2362060546875,19.744262695312
0.5995,-17.211791992188,-4.5594482421875,21.265747070312
0.6,-15.410034179688,-8.0428466796875,22.627075195312
0.6005,-11.606323242188,-11.326049804688,22.146606445312
0.601,-6.9217529296875,-15.249877929688,21.425903320312
0.6015,-2.1571044921875,-18.372924804688,20.104614257812
0.602,3.0479736328125,-20.695190429688,17.622192382812
0.6025,6.2911376953125,-21.736206054688,15.620239257812
0.603,9.6143798828125,-22.056518554688,12.817504882812
0.6035,12.857543945312,-21.776245117188,9.5343017578125
0.604,16.941528320312,-20.494995117188,4.3292236328125
0.6045,19.704223632812,-18.573120117188,-0.3153076171875
0.605,21.465942382812,-16.491088867188,-4.1190185546875
0.6055,22.426879882812,-14.128784179688,-7.3621826171875
0.606,22.066528320312,-10.525268554688,-10.725463867188
0.6065,21.746215820312,-6.4412841796875,-14.449096679688
0.607,20.825317382812,-2.1971435546875,-17.812377929688
0.6075,18.783325195312,2.4073486328125,-20.374877929688
0.608,16.621215820312,5.6905517578125,-21.495971679688
0.6085,14.138793945312,8.9337158203125,-22.336791992188
0.609,10.375122070312,12.216918945312,-22.096557617188
0.6095,4.9698486328125,16.340942382812,-20.815307617188
0.61,0.3653564453125,19.063598632812,-19.173706054688
0.6105,-4.0389404296875,20.945434570312,-17.011596679688
0.611,-7.2420654296875,21.786254882812,-15.009643554688
0.6115,-10.605346679688,21.626098632812,-11.566284179688
0.612,-14.048706054688,21.225708007812,-8.0028076171875
0.6125,-17.692260742188,19.904418945312,-3.1981201171875
0.613,-20.294799804688,17.622192382812,1.7266845703125
0.6135,-21.656127929688,15.580200195312,5.0899658203125
0.614,-22.456909179688,12.977661132812,8.3731689453125
0.6145,-22.136596679688,9.4141845703125,11.776489257812
0.615,-21.455932617188,4.7696533203125,15.700317382812
0.6155,-20.494995117188,0.6456298828125,18.703247070312
0.616,-18.292846679688,-3.6785888671875,20.985473632812
0.6165,-16.050659179688,-6.8016357421875,21.986450195312
0.617,-12.967651367188,-10.124877929688,22.226684570312
0.6175,-9.2039794921875,-13.488159179688,22.066528320312
0.618,-3.5985107421875,-17.371948242188,20.464965820312
0.6185,1.3663330078125,-19.854370117188,18.262817382812
0.619,5.0899658203125,-21.335815429688,16.340942382812
0.6195,8.2930908203125,-22.136596679688,14.138793945312
0.62,11.736450195312,-21.696166992188,10.495239257812
0.6205,15.420043945312,-20.975463867188,6.2510986328125
0.621,18.703247070312,-19.574096679688,1.6466064453125
0.6215,21.105590820312,-17.131713867188,-3.0780029296875
0.622,22.026489257812,-15.009643554688,-6.1209716796875
0.6225,22.426879882812,-11.926635742188,-9.6043701171875
0.623,22.066528320312,-8.0828857421875,-13.127807617188
0.6235,21.265747070312,-3.4783935546875,-16.971557617188
0.624,19.504028320312,0.8057861328125,-19.494018554688
0.6245,17.582153320312,4.7296142578125,-21.536010742188
0.625,15.099731445312,7.8526611328125,-22.296752929688
0.6255,11.536254882812,11.255981445312,-22.136596679688
0.626,7.1319580078125,15.059692382812,-21.656127929688
0.6265,1.9268798828125,18.463012695312,-20.134643554688
0.627,-3.0379638671875,20.585083007812,-17.612182617188
0.6275,-6.1610107421875,21.706176757812,-15.770385742188
0.628,-9.4842529296875,22.146606445312,-13.207885742188
0.6285,-13.047729492188,21.586059570312,-9.2840576171875
0.629,-16.771362304688,20.464965820312,-4.6795654296875
0.6295,-19.694213867188,18.703247070312,0.0450439453125
0.63,-21.816284179688,16.421020507812,4.4093017578125
0.6305,-22.456909179688,14.018676757812,7.3721923828125
0.631,-22.577026367188,10.535278320312,10.935668945312
0.6315,-22.096557617188,6.3311767578125,14.779418945312
0.632,-21.055541992188,1.8868408203125,18.222778320312
0.6325,-18.933471679688,-2.5174560546875,20.464965820312
0.633,-17.051635742188,-5.9608154296875,22.066528320312
0.6335,-14.409057617188,-9.0838623046875,22.667114257812
0.634,-10.285034179688,-12.567260742188,22.066528320312
0.6345,-5.5203857421875,-16.170776367188,21.145629882812
0.635,-0.4754638671875,-19.253784179688,19.423950195312
0.6355,4.1690673828125,-21.135620117188,16.941528320312
0.636,7.0518798828125,-21.736206054688,14.859497070312
0.6365,10.495239257812,-21.936401367188,11.896606445312
0.637,14.098754882812,-21.175659179688,7.7325439453125
0.6375,17.502075195312,-19.894409179688,3.2081298828125
0.638,19.944458007812,-17.812377929688,-1.3162841796875
0.6385,21.706176757812,-15.690307617188,-5.0799560546875
0.639,22.026489257812,-12.967651367188,-8.0828857421875
0.6395,21.906372070312,-9.4041748046875,-11.686401367188
0.64,21.265747070312,-5.1600341796875,-15.249877929688
0.6405,20.104614257812,-0.9158935546875,-18.453002929688
0.641,17.862426757812,3.2481689453125,-20.414916992188
0.6415,15.900512695312,6.3712158203125,-21.495971679688
0.642,13.057739257812,9.6143798828125,-21.976440429688
0.6425,8.6534423828125,13.257934570312,-21.415893554688
0.643,3.9688720703125,16.501098632812,-20.254760742188
0.6435,-0.8358154296875,19.143676757812,-18.172729492188
0.644,-4.8397216796875,20.865356445312,-16.170776367188
0.6445,-7.6424560546875,21.185668945312,-13.928588867188
0.645,-10.925659179688,21.185668945312,-10.885620117188
0.6455,-14.769409179688,20.424926757812,-6.4412841796875
0.646,-17.932495117188,18.903442382812,-1.9569091796875
0.6465,-20.134643554688,16.781372070312,2.4073486328125
0.647,-21.495971679688,14.779418945312,5.6905517578125
0.6475,-21.776245117188,11.856567382812,8.8936767578125
0.648,-21.536010742188,7.8927001953125,12.657348632812
0.6485,-20.735229492188,3.8087158203125,15.980590820312
0.649,-19.373901367188,-0.5155029296875,18.863403320312
0.6495,-17.331909179688,-4.4393310546875,20.865356445312
0.65,-15.089721679688,-7.2420654296875,21.465942382812
0.6505,-12.206909179688,-10.405151367188,21.826293945312
0.651,-7.2821044921875,-14.409057617188,21.105590820312
0.6515,-2.4774169921875,-17.532104492188,19.584106445312
0.652,2.0469970703125,-19.574096679688,17.421997070312
0.6525,5.6104736328125,-21.135620117188,15.660278320312
0.653,8.6534423828125,-21.295776367188,13.017700195312
0.6535,12.056762695312,-21.015502929688,9.5343017578125
0.654,15.700317382812,-20.214721679688,5.2501220703125
0.6545,18.863403320312,-18.372924804688,0.5255126953125
0.655,20.625122070312,-16.250854492188,-3.5184326171875
0.6555,21.465942382812,-14.088745117188,-6.4412841796875
0.656,21.706176757812,-11.085815429688,-9.7244873046875
0.6565,21.145629882812,-6.5614013671875,-13.848510742188
0.657,20.304809570312,-2.6375732421875,-16.931518554688
0.6575,18.543090820312,1.4864501953125,-19.213745117188
0.658,16.701293945312,5.2100830078125,-21.135620117188
0.6585,13.898559570312,8.1329345703125,-21.295776367188
0.659,10.695434570312,11.336059570312,-21.415893554688
0.6595,5.7706298828125,15.299926757812,-20.575073242188
0.66,0.8057861328125,18.222778320312,-18.773315429688
0.6605,-3.2781982421875,19.904418945312,-16.651245117188
0.661,-6.4012451171875,21.065551757812,-14.929565429688
0.6615,-9.6043701171875,21.105590820312,-12.006713867188
0.662,-13.287963867188,20.464965820312,-7.8826904296875
0.6625,-16.531127929688,19.504028320312,-3.8787841796875
0.663,-19.213745117188,17.462036132812,0.8057861328125
0.6635,-21.015502929688,15.460083007812,4.6094970703125
0.664,-21.335815429688,12.817504882812,7.4923095703125
0.6645,-21.616088867188,9.7745361328125,10.815551757812
0.665,-20.975463867188,5.0899658203125,14.859497070312
0.6655,-19.814331054688,1.0460205078125,17.862426757812
0.666,-17.892456054688,-2.7977294921875,19.704223632812
0.6665,-16.170776367188,-6.0809326171875,21.385864257812
0.667,-13.047729492188,-9.1239013671875,21.385864257812
0.6675,-9.1239013671875,-12.647338867188,21.065551757812
0.668,-4.5194091796875,-16.050659179688,20.104614257812
0.6685,0.6055908203125,-18.773315429688,17.982543945312
0.669,4.3692626953125,-20.374877929688,15.980590820312
0.6695,7.2120361328125,-20.895385742188,13.938598632812
0.67,10.375122070312,-21.135620117188,11.215942382812
0.6705,14.459106445312,-20.134643554688,6.3712158203125
0.671,17.341918945312,-18.813354492188,2.2872314453125
0.6715,19.504028320312,-16.851440429688,-1.8367919921875
0.672,21.105590820312,-14.969604492188,-5.2801513671875
0.6725,21.065551757812,-11.926635742188,-8.2830810546875
0.673,21.065551757812,-8.5233154296875,-11.806518554688
0.6735,20.464965820312,-4.2391357421875,-15.410034179688
0.674,19.103637695312,0.0050048828125,-18.332885742188
0.6745,16.941528320312,3.6885986328125,-19.854370117188
0.675,15.059692382812,6.6514892578125,-20.895385742188
0.6755,12.176879882812,9.6944580078125,-21.175659179688
0.676,7.0919189453125,13.778442382812,-20.374877929688
0.6765,3.0079345703125,16.621215820312,-19.253784179688
0.677,-1.5965576171875,18.903442382812,-17.211791992188
0.6775,-5.1199951171875,20.424926757812,-15.450073242188
0.678,-7.9627685546875,20.424926757812,-12.847534179688
0.6785,-11.125854492188,20.545043945312,-9.8446044921875
0.679,-15.129760742188,19.584106445312,-5.2801513671875
0.6795,-17.972534179688,17.862426757812,-0.7957763671875
0.68,-19.734252929688,15.980590820312,2.8477783203125
0.6805,-21.015502929688,14.018676757812,6.0108642578125
0.681,-21.015502929688,10.855590820312,9.0538330078125
0.6815,-20.655151367188,6.6915283203125,13.057739257812
0.682,-19.934448242188,2.9678955078125,16.140747070312
0.6825,-18.372924804688,-1.2362060546875,18.703247070312
0.683,-16.451049804688,-4.6795654296875,20.304809570312
0.6835,-14.008666992188,-7.5223388671875,20.665161132812
0.684,-11.245971679688,-10.525268554688,21.025512695312
0.6845,-5.8006591796875,-14.689331054688,19.944458007812
0.685,-1.2762451171875,-17.331909179688,18.262817382812
0.6855,2.6475830078125,-19.133666992188,16.421020507812
0.686,5.8907470703125,-20.535034179688,14.739379882812
0.6865,8.8135986328125,-20.374877929688,11.776489257812
0.687,12.337036132812,-20.014526367188,8.2530517578125
0.6875,15.820434570312,-19.173706054688,4.0889892578125
0.688,18.463012695312,-17.171752929688,-0.5155029296875
0.6885,19.904418945312,-15.329956054688,-3.7987060546875
0.689,20.585083007812,-13.007690429688,-6.8016357421875
0.6895,20.705200195312,-10.084838867188,-9.7645263671875
0.69,20.104614257812,-5.3201904296875,-13.968627929688
0.6905,19.063598632812,-1.6766357421875,-16.651245117188
0.691,17.381958007812,2.0870361328125,-18.733276367188
0.6915,15.660278320312,5.4102783203125,-20.334838867188
0.692,12.537231445312,8.2930908203125,-20.214721679688
0.6925,9.3741455078125,11.536254882812,-20.334838867188
0.693,4.4893798828125,15.259887695312,-19.373901367188
0.6935,-0.3953857421875,17.782348632812,-17.291870117188
0.694,-3.6385498046875,19.183715820312,-15.570190429688
0.6945,-6.7215576171875,20.184692382812,-13.808471679688
0.695,-9.6043701171875,19.984497070312,-10.965698242188
0.6955,-13.448120117188,19.223754882812,-6.4813232421875
0.696,-16.411010742188,18.182739257812,-2.5975341796875
0.6965,-18.653198242188,16.260864257812,1.5665283203125
0.697,-20.054565429688,14.419067382812,4.6094970703125
0.6975,-20.214721679688,11.656372070312,7.6524658203125
0.698,-20.374877929688,8.6534423828125,10.695434570312
0.6985,-19.814331054688,4.1690673828125,14.739379882812
0.699,-18.372924804688,0.2452392578125,17.301879882812
0.6995,-16.691284179688,-3.1180419921875,18.903442382812
0.7,-15.089721679688,-6.1209716796875,20.384887695312
0.7005,-11.886596679688,-8.9637451171875,20.184692382812
0.701,-7.6424560546875,-12.687377929688,19.664184570312
0.7015,-3.3582763671875,-15.850463867188,18.743286132812
0.702,1.3262939453125,-18.132690429688,16.621215820312
0.7025,4.4093017578125,-19.333862304688,15.019653320312
0.703,7.2921142578125,-19.814331054688,12.777465820312
0.7035,10.214965820312,-19.854370117188,10.054809570312
0.704,14.218872070312,-18.933471679688,5.3302001953125
0.7045,16.861450195312,-17.411987304688,1.2862548828125
0.705,18.663208007812,-15.690307617188,-2.1971435546875
0.7055,19.824340820312,-13.848510742188,-5.1199951171875
0.706,19.784301757812,-10.565307617188,-7.9627685546875
0.7065,19.584106445312,-7.2420654296875,-11.606323242188
0.707,19.063598632812,-3.3983154296875,-14.929565429688
0.7075,17.542114257812,0.6456298828125,-17.371948242188
0.708,15.700317382812,3.6885986328125,-18.733276367188
0.7085,13.778442382812,6.6114501953125,-19.734252929688
0.709,10.855590820312,9.5343017578125,-19.814331054688
0.7095,5.7706298828125,13.458129882812,-18.853393554688
0.71,1.8468017578125,16.140747070312,-17.692260742188
0.7105,-2.1571044921875,18.102661132812,-15.970581054688
0.711,-5.0799560546875,19.263793945312,-14.409057617188
0.7115,-8.2030029296875,19.143676757812,-11.606323242188
0.712,-11.245971679688,19.183715820312,-8.6434326171875
0.7125,-14.849487304688,18.302856445312,-4.2791748046875
0.713,-17.411987304688,16.501098632812,0.1251220703125
0.7135,-18.893432617188,14.819458007812,3.1680908203125
0.714,-19.894409179688,12.777465820312,6.1309814453125
0.7145,-19.774291992188,9.7745361328125,9.0538330078125
0.715,-19.373901367188,5.5704345703125,12.937622070312
0.7155,-18.573120117188,1.9268798828125,15.860473632812
0.716,-17.051635742188,-1.9569091796875,18.142700195312
0.7165,-15.369995117188,-4.8397216796875,19.383911132812
0.717,-12.727416992188,-7.8026123046875,19.784301757812
0.7175,-9.6444091796875,-10.965698242188,19.984497070312
0.718,-4.5194091796875,-14.729370117188,18.743286132812
0.7185,0.0450439453125,-17.171752929688,16.901489257812
0.719,3.3282470703125,-18.733276367188,15.380004882812
0.7195,6.2110595703125,-19.854370117188,13.578247070312
0.72,9.2940673828125,-19.534057617188,10.615356445312
0.7205,12.857543945312,-19.053588867188,6.6915283203125
0.721,15.980590820312,-17.972534179688,2.7276611328125
0.7215,18.262817382812,-16.010620117188,-1.5565185546875
0.722,19.263793945312,-14.248901367188,-4.2391357421875
0.7225,19.824340820312,-11.686401367188,-7.3221435546875
0.723,19.744262695312,-8.5233154296875,-10.405151367188
0.7235,19.143676757812,-4.2391357421875,-14.128784179688
0.724,17.862426757812,-0.5155029296875,-16.651245117188
0.7245,16.340942382812,2.9678955078125,-18.573120117188
0.725,14.459106445312,5.8106689453125,-19.694213867188
0.7255,11.416137695312,8.7735595703125,-19.574096679688
0.726,7.6124267578125,12.296997070312,-19.373901367188
0.7265,3.0479736328125,15.620239257812,-18.292846679688
0.727,-1.5164794921875,17.782348632812,-16.210815429688
0.7275,-4.3592529296875,18.783325195312,-14.729370117188
0.728,-7.2020263671875,19.504028320312,-12.727416992188
0.7285,-10.244995117188,19.263793945312,-9.6043701171875
0.729,-13.808471679688,18.463012695312,-5.4002685546875
0.7295,-16.691284179688,17.101684570312,-1.3162841796875
0.73,-18.653198242188,15.299926757812,2.5274658203125
0.7305,-19.534057617188,13.418090820312,5.1700439453125
0.731,-19.734252929688,10.495239257812,8.2930908203125
0.7315,-19.574096679688,7.0518798828125,11.656372070312
0.732,-18.933471679688,3.0880126953125,15.059692382812
0.7325,-17.331909179688,-0.9559326171875,17.341918945312
0.733,-15.770385742188,-3.8787841796875,18.863403320312
0.7335,-13.848510742188,-6.7615966796875,19.864379882812
0.734,-10.565307617188,-9.7645263671875,19.584106445312
0.7345,-6.1209716796875,-13.368041992188,18.943481445312
0.735,-1.7567138671875,-16.330932617188,17.662231445312
0.7355,2.4874267578125,-18.372924804688,15.660278320312
0.736,5.1700439453125,-19.213745117188,14.098754882812
0.7365,8.2530517578125,-19.534057617188,11.616333007812
0.737,11.496215820312,-19.133666992188,8.4532470703125
0.7375,14.899536132812,-18.292846679688,4.0889892578125
0.738,17.421997070312,-16.651245117188,0.0050048828125
0.7385,19.063598632812,-14.929565429688,-3.3983154296875
0.739,19.704223632812,-12.727416992188,-6.1610107421875
0.7395,19.744262695312,-9.5643310546875,-9.3641357421875
0.74,19.343872070312,-5.7205810546875,-12.887573242188
0.7405,18.623168945312,-1.8768310546875,-16.010620117188
0.741,16.821411132812,2.0469970703125,-18.212768554688
0.7415,15.179809570312,4.8497314453125,-19.293823242188
0.742,12.777465820312,7.8526611328125,-20.014526367188
0.7425,9.0137939453125,11.255981445312,-19.814331054688
0.743,4.4893798828125,14.739379882812,-18.813354492188
0.7435,0.0050048828125,17.261840820312,-17.091674804688
0.744,-3.7186279296875,19.103637695312,-15.450073242188
0.7445,-6.4012451171875,19.664184570312,-13.528198242188
0.745,-9.5643310546875,19.704223632812,-10.725463867188
0.7455,-13.207885742188,19.223754882812,-6.7615966796875
0.746,-16.411010742188,17.982543945312,-2.4774169921875
0.7465,-18.653198242188,16.020629882812,1.7266845703125
0.747,-20.014526367188,14.298950195312,4.7296142578125
0.7475,-20.454956054688,11.656372070312,7.8126220703125
0.748,-20.334838867188,8.0128173828125,11.376098632812
0.7485,-19.694213867188,4.0489501953125,14.739379882812
0.749,-18.493041992188,0.0850830078125,17.542114257812
0.7495,-16.651245117188,-3.8387451171875,19.544067382812
0.75,-14.649291992188,-6.4813232421875,20.344848632812
0.7505,-11.886596679688,-9.5242919921875,20.665161132812
0.751,-7.4422607421875,-13.328002929688,20.184692382812
0.7515,-2.7176513671875,-16.531127929688,18.823364257812
0.752,1.7667236328125,-18.613159179688,16.661254882812
0.7525,5.0899658203125,-20.174682617188,15.099731445312
0.753,8.0128173828125,-20.414916992188,12.697387695312
0.7535,11.255981445312,-20.134643554688,9.3741455078125
0.754,14.859497070312,-19.413940429688,5.2501220703125
0.7545,17.822387695312,-17.772338867188,0.8057861328125
0.755,19.784301757812,-15.690307617188,-3.2381591796875
0.7555,20.545043945312,-13.648315429688,-6.0408935546875
0.756,20.825317382812,-10.725463867188,-9.2840576171875
0.7565,20.424926757812,-6.5614013671875,-13.047729492188
0.757,19.544067382812,-2.6375732421875,-16.130737304688
0.7575,18.062622070312,1.4063720703125,-18.453002929688
0.758,16.140747070312,4.8897705078125,-20.294799804688
0.7585,13.578247070312,7.6925048828125,-20.575073242188
0.759,10.375122070312,10.815551757812,-20.615112304688
0.7595,5.7706298828125,14.579223632812,-19.894409179688
0.76,0.9259033203125,17.542114257812,-18.212768554688
0.7605,-3.1981201171875,19.223754882812,-16.090698242188
0.761,-6.1209716796875,20.344848632812,-14.449096679688
0.7615,-9.2440185546875,20.464965820312,-11.726440429688
0.762,-12.767456054688,19.824340820312,-7.8026123046875
0.7625,-15.970581054688,18.903442382812,-3.8387451171875
0.763,-18.573120117188,17.021606445312,0.6456298828125
0.7635,-20.414916992188,15.059692382812,4.4093017578125
0.764,-20.775268554688,12.577270507812,7.1719970703125
0.7645,-21.055541992188,9.6143798828125,10.415161132812
0.765,-20.374877929688,5.1300048828125,14.338989257812
0.7655,-19.373901367188,1.1661376953125,17.341918945312
0.766,-17.411987304688,-2.6375732421875,19.183715820312
0.7665,-15.810424804688,-5.8006591796875,20.785278320312
0.767,-12.967651367188,-8.7635498046875,20.945434570312
0.7675,-9.0037841796875,-12.246948242188,20.585083007812
0.768,-4.5594482421875,-15.610229492188,19.664184570312
0.7685,0.4454345703125,-18.412963867188,17.702270507812
0.769,4.2091064453125,-19.974487304688,15.700317382812
0.7695,7.0118408203125,-20.494995117188,13.778442382812
0.77,10.094848632812,-20.735229492188,11.095825195312
0.7705,14.098754882812,-19.854370117188,6.4112548828125
0.771,17.021606445312,-18.573120117188,2.3272705078125
0.7715,19.223754882812,-16.651245117188,-1.6766357421875
0.772,20.825317382812,-14.809448242188,-5.1600341796875
0.7725,20.865356445312,-11.766479492188,-7.9227294921875
0.773,20.905395507812,-8.4031982421875,-11.686401367188
0.7735,20.304809570312,-4.2391357421875,-15.249877929688
0.774,18.943481445312,0.0450439453125,-18.172729492188
0.7745,16.941528320312,3.7286376953125,-19.894409179688
0.775,15.019653320312,6.6915283203125,-20.975463867188
0.7755,12.136840820312,9.7344970703125,-21.215698242188
0.776,7.1319580078125,13.818481445312,-20.494995117188
0.7765,2.9278564453125,16.781372070312,-19.373901367188
0.777,-1.7567138671875,19.303833007812,-17.131713867188
0.7775,-5.4403076171875,20.745239257812,-15.530151367188
0.778,-8.3231201171875,20.785278320312,-12.887573242188
0.7785,-11.526245117188,20.865356445312,-10.044799804688
0.779,-15.570190429688,19.904418945312,-5.2000732421875
0.7795,-18.573120117188,18.102661132812,-0.5155029296875
0.78,-20.414916992188,16.140747070312,3.3282470703125
0.7805,-21.736206054688,14.098754882812,6.6114501953125
0.781,-21.696166992188,10.855590820312,9.8546142578125
0.7815,-21.415893554688,6.5714111328125,13.898559570312
0.782,-20.535034179688,2.6075439453125,17.061645507812
0.7825,-18.933471679688,-1.8367919921875,19.824340820312
0.783,-16.811401367188,-5.4803466796875,21.425903320312
0.7835,-14.208862304688,-8.4832763671875,21.826293945312
0.784,-11.286010742188,-11.686401367188,22.146606445312
0.7845,-5.4803466796875,-16.010620117188,20.945434570312
0.785,-0.7957763671875,-18.773315429688,19.143676757812
0.7855,3.5684814453125,-20.655151367188,17.021606445312
0.786,7.0919189453125,-21.976440429688,15.139770507812
0.7865,10.375122070312,-21.656127929688,11.696411132812
0.787,13.858520507812,-21.295776367188,8.0928955078125
0.7875,17.542114257812,-20.214721679688,3.5284423828125
0.788,20.344848632812,-17.932495117188,-1.5565185546875
0.7885,21.746215820312,-15.770385742188,-5.0799560546875
0.789,22.426879882812,-13.167846679688,-8.3231201171875
0.7895,22.346801757812,-9.8846435546875,-11.566284179688
0.79,21.586059570312,-4.8397216796875,-15.890502929688
0.7905,20.344848632812,-0.8358154296875,-18.653198242188
0.791,18.382934570312,3.3682861328125,-20.895385742188
0.7915,16.260864257812,6.8917236328125,-22.376831054688
0.792,12.777465820312,9.9346923828125,-22.416870117188
0.7925,9.3341064453125,13.418090820312,-22.176635742188
0.793,3.8087158203125,17.421997070312,-20.855346679688
0.7935,-1.5164794921875,20.024536132812,-18.453002929688
0.794,-5.1199951171875,21.345825195312,-16.451049804688
0.7945,-8.3231201171875,22.346801757812,-14.369018554688
0.795,-11.686401367188,21.866333007812,-10.885620117188
0.7955,-15.650268554688,20.865356445312,-6.1610107421875
0.796,-18.733276367188,19.544067382812,-1.8367919921875
0.7965,-21.175659179688,17.261840820312,2.9278564453125
0.797,-22.376831054688,15.059692382812,6.2911376953125
0.7975,-22.496948242188,11.816528320312,9.6544189453125
0.798,-22.416870117188,8.4532470703125,12.937622070312
0.7985,-21.495971679688,3.4884033203125,17.061645507812
0.799,-19.734252929688,-0.9959716796875,19.744262695312
0.7995,-17.652221679688,-4.6395263671875,21.425903320312
0.8,-15.690307617188,-7.8826904296875,22.747192382812
0.8005,-11.846557617188,-11.125854492188,22.226684570312
0.801,-7.4822998046875,-14.769409179688,21.626098632812
0.8015,-2.5975341796875,-18.132690429688,20.344848632812
0.802,2.6876220703125,-20.535034179688,17.742309570312
0.8025,6.0108642578125,-21.616088867188,15.740356445312
0.803,9.2139892578125,-22.056518554688,13.177856445312
0.8035,12.457153320312,-21.776245117188,9.9346923828125
0.804,16.541137695312,-20.494995117188,4.7696533203125
0.8045,19.343872070312,-18.733276367188,0.2852783203125
0.805,21.265747070312,-16.651245117188,-3.7186279296875
0.8055,22.266723632812,-14.409057617188,-6.9217529296875
0.806,21.986450195312,-10.805541992188,-10.285034179688
0.8065,21.746215820312,-7.0819091796875,-13.848510742188
0.807,20.865356445312,-2.6776123046875,-17.411987304688
0.8075,18.903442382812,1.8868408203125,-19.894409179688
0.808,16.741333007812,5.2100830078125,-21.175659179688
0.8085,14.459106445312,8.2930908203125,-22.296752929688
0.809,10.855590820312,11.656372070312,-21.816284179688
0.8095,5.6104736328125,15.660278320312,-20.815307617188
0.81,1.0860595703125,18.503051757812,-19.293823242188
0.8105,-3.5584716796875,20.545043945312,-17.051635742188
0.811,-6.7215576171875,21.505981445312,-15.089721679688
0.8115,-10.044799804688,21.465942382812,-11.926635742188
0.812,-13.368041992188,21.185668945312,-8.6033935546875
0.8125,-17.251831054688,19.944458007812,-3.6785888671875
0.813,-19.894409179688,17.782348632812,1.2061767578125
0.8135,-21.495971679688,15.740356445312,4.6495361328125
0.814,-22.336791992188,13.378051757812,7.9327392578125
0.8145,-22.096557617188,9.7344970703125,11.376098632812
0.815,-21.495971679688,5.2901611328125,15.299926757812
0.8155,-20.494995117188,1.2061767578125,18.382934570312
0.816,-18.493041992188,-3.2381591796875,20.825317382812
0.8165,-16.491088867188,-6.5614013671875,21.906372070312
0.817,-13.448120117188,-9.6844482421875,22.346801757812
0.8175,-9.6844482421875,-13.127807617188,22.146606445312
0.818,-4.1190185546875,-17.131713867188,20.665161132812
0.8185,0.8458251953125,-19.614135742188,18.623168945312
0.819,4.8096923828125,-21.415893554688,16.661254882812
0.8195,8.0128173828125,-22.176635742188,14.459106445312
0.82,11.496215820312,-21.776245117188,10.855590820312
0.8205,15.219848632812,-20.975463867188,6.8917236328125
0.821,18.543090820312,-19.734252929688,2.0870361328125
0.8215,21.025512695312,-17.371948242188,-2.7576904296875
0.822,22.106567382812,-15.289916992188,-5.9207763671875
0.8225,22.627075195312,-12.327026367188,-9.3240966796875
0.823,22.266723632812,-8.4031982421875,-12.967651367188
0.8235,21.425903320312,-3.7987060546875,-16.811401367188
0.824,19.864379882812,0.4454345703125,-19.494018554688
0.8245,17.822387695312,4.6094970703125,-21.616088867188
0.825,15.460083007812,7.7325439453125,-22.456909179688
0.8255,11.936645507812,11.095825195312,-22.416870117188
0.826,7.6925048828125,14.859497070312,-21.976440429688
0.8265,2.3673095703125,18.382934570312,-20.414916992188
0.827,-2.6776123046875,20.585083007812,-17.932495117188
0.8275,-5.9207763671875,21.986450195312,-15.970581054688
0.828,-9.3240966796875,22.346801757812,-13.488159179688
0.8285,-12.647338867188,21.786254882812,-9.6444091796875
0.829,-16.611206054688,20.785278320312,-5.1199951171875
0.8295,-19.614135742188,19.063598632812,-0.4354248046875
0.83,-21.856323242188,16.661254882812,4.1290283203125
0.8305,-22.577026367188,14.338989257812,7.1719970703125
0.831,-22.777221679688,10.935668945312,10.815551757812
0.8315,-22.296752929688,6.7716064453125,14.539184570312
0.832,-21.295776367188,2.2471923828125,18.062622070312
0.8325,-19.213745117188,-2.1571044921875,20.424926757812
0.833,-17.291870117188,-5.7606201171875,22.146606445312
0.8335,-14.729370117188,-8.9237060546875,22.787231445312
0.834,-10.765502929688,-12.327026367188,22.346801757812
0.8345,-6.0809326171875,-16.010620117188,21.465942382812
0.835,-0.9158935546875,-19.213745117188,19.704223632812
0.8355,3.9688720703125,-21.135620117188,17.181762695312
0.836,6.9718017578125,-21.976440429688,15.219848632812
0.8365,10.335083007812,-22.296752929688,12.377075195312
0.837,14.018676757812,-21.576049804688,8.2130126953125
0.8375,17.542114257812,-20.334838867188,3.6885986328125
0.838,20.144653320312,-18.292846679688,-0.9959716796875
0.8385,22.026489257812,-16.130737304688,-4.9998779296875
0.839,22.426879882812,-13.488159179688,-8.0028076171875
0.8395,22.426879882812,-9.9647216796875,-11.566284179688
0.84,21.786254882812,-5.5604248046875,-15.450073242188
0.8405,20.665161132812,-1.2762451171875,-18.653198242188
0.841,18.422973632812,3.1680908203125,-20.695190429688
0.8415,16.421020507812,6.3311767578125,-21.976440429688
0.842,13.618286132812,9.6143798828125,-22.496948242188
0.8425,9.1739501953125,13.297973632812,-21.896362304688
0.843,4.4893798828125,16.741333007812,-20.815307617188
0.8435,-0.5955810546875,19.504028320312,-18.853393554688
0.844,-4.8397216796875,21.385864257812,-16.651245117188
0.8445,-7.7225341796875,21.786254882812,-14.449096679688
0.845,-11.125854492188,21.906372070312,-11.406127929688
0.8455,-15.089721679688,21.105590820312,-6.8416748046875
0.846,-18.372924804688,19.664184570312,-2.2371826171875
0.8465,-20.695190429688,17.421997070312,2.2471923828125
0.847,-22.336791992188,15.299926757812,5.7706298828125
0.8475,-22.577026367188,12.417114257812,9.0938720703125
0.848,-22.296752929688,8.5333251953125,13.017700195312
0.8485,-21.656127929688,4.1290283203125,16.501098632812
0.849,-20.214721679688,-0.3153076171875,19.584106445312
0.8495,-17.972534179688,-4.5194091796875,21.586059570312
0.85,-15.770385742188,-7.4822998046875,22.386840820312
0.8505,-12.767456054688,-10.805541992188,22.787231445312
0.851,-7.7225341796875,-14.929565429688,21.986450195312
0.8515,-2.7977294921875,-18.092651367188,20.464965820312
0.852,2.0469970703125,-20.414916992188,18.222778320312
0.8525,5.9708251953125,-22.136596679688,16.300903320312
0.853,9.0938720703125,-22.216674804688,13.498168945312
0.8535,12.497192382812,-22.056518554688,10.174926757812
0.854,16.501098632812,-21.135620117188,5.4503173828125
0.8545,19.584106445312,-19.253784179688,0.6055908203125
0.855,21.586059570312,-16.971557617188,-3.7186279296875
0.8555,22.667114257812,-14.769409179688,-6.9217529296875
0.856,22.787231445312,-11.486206054688,-10.405151367188
0.8565,22.266723632812,-6.9217529296875,-14.609252929688
0.857,21.305786132812,-2.7576904296875,-17.732299804688
0.8575,19.504028320312,1.7266845703125,-20.334838867188
0.858,17.341918945312,5.7305908203125,-22.216674804688
0.8585,14.459106445312,8.6934814453125,-22.456909179688
0.859,11.296020507812,12.016723632812,-22.657104492188
0.8595,5.8907470703125,16.260864257812,-21.656127929688
0.86,0.8057861328125,19.223754882812,-19.814331054688
0.8605,-3.5584716796875,21.025512695312,-17.492065429688
0.861,-7.0819091796875,22.386840820312,-15.650268554688
0.8615,-10.325073242188,22.226684570312,-12.487182617188
0.862,-14.048706054688,21.626098632812,-8.3631591796875
0.8625,-17.572143554688,20.625122070312,-4.0389404296875
0.863,-20.454956054688,18.422973632812,1.0059814453125
0.8635,-22.216674804688,16.140747070312,5.0499267578125
0.864,-22.697143554688,13.498168945312,8.1329345703125
0.8645,-22.937377929688,10.214965820312,11.536254882812
0.865,-22.136596679688,5.2100830078125,15.940551757812
0.8655,-20.855346679688,1.0860595703125,18.863403320312
0.866,-18.773315429688,-3.0780029296875,20.825317382812
0.8665,-16.891479492188,-6.6815185546875,22.667114257812
0.867,-13.608276367188,-9.7244873046875,22.466918945312
0.8675,-9.7645263671875,-13.207885742188,22.266723632812
0.868,-4.7596435546875,-16.971557617188,21.185668945312
0.8685,0.6456298828125,-19.814331054688,18.903442382812
0.869,4.6094970703125,-21.295776367188,16.701293945312
0.8695,7.6925048828125,-22.096557617188,14.659301757812
0.87,10.975708007812,-22.096557617188,11.616333007812
0.8705,15.059692382812,-21.015502929688,6.6915283203125
0.871,17.982543945312,-19.734252929688,2.6075439453125
0.8715,20.424926757812,-17.652221679688,-1.8768310546875
0.872,21.986450195312,-15.570190429688,-5.4803466796875
0.8725,21.906372070312,-12.527221679688,-8.6033935546875
0.873,22.066528320312,-9.1239013671875,-12.046752929688
0.8735,21.265747070312,-4.4393310546875,-16.010620117188
0.874,19.784301757812,-0.1151123046875,-18.853393554688
0.8745,17.622192382812,3.6885986328125,-20.454956054688
0.875,15.740356445312,6.8917236328125,-21.856323242188
0.8755,12.497192382812,10.014770507812,-21.856323242188
0.876,7.7725830078125,13.938598632812,-21.175659179688
0.8765,3.5284423828125,16.981567382812,-20.134643554688
0.877,-1.5565185546875,19.544067382812,-17.932495117188
0.8775,-5.1600341796875,20.985473632812,-16.010620117188
0.878,-8.0828857421875,21.185668945312,-13.528198242188
0.8785,-11.245971679688,21.345825195312,-10.765502929688
0.879,-15.490112304688,20.304809570312,-5.6405029296875
0.8795,-18.292846679688,18.543090820312,-1.2362060546875
0.88,-20.254760742188,16.621215820312,2.7276611328125
0.8805,-21.776245117188,14.579223632812,6.0509033203125
0.881,-21.616088867188,11.336059570312,9.2540283203125
0.8815,-21.495971679688,7.3721923828125,13.097778320312
0.882,-20.775268554688,3.3282470703125,16.501098632812
0.8825,-19.253784179688,-1.1561279296875,19.263793945312
0.883,-17.011596679688,-4.6795654296875,20.825317382812
0.8835,-14.769409179688,-7.6824951171875,21.586059570312
0.884,-11.806518554688,-10.845581054688,21.906372070312
0.8845,-6.2410888671875,-15.129760742188,20.785278320312
0.885,-1.7567138671875,-17.932495117188,19.263793945312
0.8855,2.6075439453125,-20.054565429688,17.301879882812
0.886,6.1309814453125,-21.455932617188,15.460083007812
0.8865,9.2940673828125,-21.215698242188,12.296997070312
0.887,12.657348632812,-21.135620117188,9.0538330078125
0.8875,16.541137695312,-20.174682617188,4.4093017578125
0.888,19.343872070312,-18.092651367188,-0.4754638671875
0.8885,20.825317382812,-16.130737304688,-3.9188232421875
0.889,21.786254882812,-13.768432617188,-7.1219482421875
0.8895,21.706176757812,-10.525268554688,-10.325073242188
0.89,21.145629882812,-5.7205810546875,-14.609252929688
0.8905,20.184692382812,-1.9569091796875,-17.692260742188
0.891,18.422973632812,2.3673095703125,-19.894409179688
0.8915,16.340942382812,5.7305908203125,-21.295776367188
0.892,13.378051757812,8.8135986328125,-21.495971679688
0.8925,10.094848632812,12.216918945312,-21.696166992188
0.893,4.6094970703125,16.300903320312,-20.494995117188
0.8935,-0.3553466796875,18.903442382812,-18.412963867188
0.894,-3.9188232421875,20.424926757812,-16.611206054688
0.8945,-7.2020263671875,21.586059570312,-14.689331054688
0.895,-10.405151367188,21.145629882812,-11.366088867188
0.8955,-14.248901367188,20.464965820312,-7.0418701171875
0.896,-17.492065429688,19.343872070312,-2.8377685546875
0.8965,-20.014526367188,17.141723632812,1.8468017578125
0.897,-21.295776367188,15.179809570312,5.0899658203125
0.8975,-21.656127929688,12.296997070312,8.2930908203125
0.898,-21.696166992188,9.1339111328125,11.536254882812
0.8985,-20.935424804688,4.2491455078125,15.740356445312
0.899,-19.453979492188,0.1651611328125,18.422973632812
0.8995,-17.812377929688,-3.5985107421875,20.344848632812
0.9,-15.850463867188,-6.7615966796875,21.746215820312
0.9005,-12.286987304688,-9.8846435546875,21.385864257812
0.901,-8.3231201171875,-13.448120117188,21.145629882812
0.9015,-3.4783935546875,-16.971557617188,19.944458007812
0.902,1.7667236328125,-19.213745117188,17.582153320312
0.9025,4.8497314453125,-20.535034179688,15.740356445312
0.903,7.9727783203125,-21.215698242188,13.498168945312
0.9035,11.135864257812,-21.055541992188,10.415161132812
0.904,15.139770507812,-19.974487304688,5.4903564453125
0.9045,17.942504882812,-18.573120117188,1.3663330078125
0.905,19.984497070312,-16.491088867188,-2.6375732421875
0.9055,21.025512695312,-14.449096679688,-5.7205810546875
0.906,20.985473632812,-11.205932617188,-8.9237060546875
0.9065,20.905395507812,-7.7225341796875,-12.367065429688
0.907,20.184692382812,-3.3983154296875,-16.010620117188
0.9075,18.422973632812,0.9259033203125,-18.533081054688
0.908,16.581176757812,4.1290283203125,-19.934448242188
0.9085,14.579223632812,7.2120361328125,-21.135620117188
0.909,11.215942382812,10.295043945312,-20.855346679688
0.9095,6.3311767578125,14.218872070312,-20.094604492188
0.91,2.0469970703125,17.141723632812,-18.773315429688
0.9105,-2.5174560546875,19.263793945312,-16.731323242188
0.911,-5.4803466796875,20.304809570312,-14.929565429688
0.9115,-8.6033935546875,20.464965820312,-12.246948242188
0.912,-11.806518554688,20.304809570312,-9.1639404296875
0.9125,-15.650268554688,19.223754882812,-4.4793701171875
0.913,-18.292846679688,17.341918945312,0.0450439453125
0.9135,-19.934448242188,15.540161132812,3.4483642578125
0.914,-20.855346679688,13.418090820312,6.4512939453125
0.9145,-20.735229492188,10.174926757812,9.6143798828125
0.915,-20.374877929688,6.0108642578125,13.418090820312
0.9155,-19.574096679688,2.0870361328125,16.621215820312
0.916,-17.812377929688,-2.0770263671875,18.983520507812
0.9165,-15.970581054688,-5.0799560546875,20.184692382812
0.917,-13.528198242188,-8.0828857421875,20.825317382812
0.9175,-10.204956054688,-11.286010742188,20.785278320312
0.918,-4.8797607421875,-15.209838867188,19.544067382812
0.9185,-0.4354248046875,-17.772338867188,17.862426757812
0.919,3.5684814453125,-19.413940429688,16.060668945312
0.9195,6.4112548828125,-20.454956054688,14.218872070312
0.92,9.5743408203125,-20.294799804688,11.135864257812
0.9205,13.017700195312,-19.934448242188,7.4122314453125
0.921,16.380981445312,-18.733276367188,3.1280517578125
0.9215,18.743286132812,-16.651245117188,-1.3162841796875
0.922,19.984497070312,-14.889526367188,-4.2391357421875
0.9225,20.585083007812,-12.367065429688,-7.3621826171875
0.923,20.464965820312,-9.0438232421875,-10.565307617188
0.9235,19.824340820312,-4.6795654296875,-14.328979492188
0.924,18.663208007812,-0.8758544921875,-17.051635742188
0.9245,16.941528320312,2.9278564453125,-19.173706054688
0.925,15.019653320312,5.8507080078125,-20.174682617188
0.9255,12.016723632812,8.8936767578125,-20.254760742188
0.926,8.2930908203125,12.417114257812,-20.174682617188
0.9265,3.4884033203125,15.860473632812,-18.933471679688
0.927,-1.1561279296875,18.102661132812,-16.731323242188
0.9275,-4.1990966796875,19.383911132812,-15.289916992188
0.928,-7.2020263671875,20.104614257812,-13.287963867188
0.9285,-10.285034179688,19.744262695312,-10.124877929688
0.929,-13.968627929688,19.063598632812,-5.9608154296875
0.9295,-16.811401367188,17.742309570312,-1.7967529296875
0.93,-19.053588867188,15.740356445312,2.3673095703125
0.9305,-19.934448242188,13.938598632812,5.0499267578125
0.931,-20.254760742188,11.015747070312,8.2530517578125
0.9315,-20.094604492188,7.5323486328125,11.616333007812
0.932,-19.453979492188,3.4483642578125,15.179809570312
0.9325,-17.892456054688,-0.5555419921875,17.542114257812
0.933,-16.370971679688,-3.7987060546875,19.343872070312
0.9335,-14.369018554688,-6.6815185546875,20.224731445312
0.934,-11.085815429688,-9.6444091796875,20.024536132812
0.9345,-6.8817138671875,-13.328002929688,19.544067382812
0.935,-2.2772216796875,-16.370971679688,18.262817382812
0.9355,2.1671142578125,-18.453002929688,16.140747070312
0.936,4.8497314453125,-19.453979492188,14.699340820312
0.9365,7.8526611328125,-19.934448242188,12.296997070312
0.937,11.215942382812,-19.534057617188,8.8135986328125
0.9375,14.579223632812,-18.613159179688,4.7696533203125
0.938,17.221801757812,-17.051635742188,0.6456298828125
0.9385,19.063598632812,-15.329956054688,-2.9578857421875
0.939,19.704223632812,-13.207885742188,-5.6805419921875
0.9395,19.824340820312,-10.204956054688,-8.8035888671875
0.94,19.504028320312,-6.3211669921875,-12.367065429688
0.9405,18.823364257812,-2.4373779296875,-15.650268554688
0.941,17.101684570312,1.4464111328125,-17.772338867188
0.9415,15.540161132812,4.3292236328125,-19.173706054688
0.942,13.338012695312,7.2921142578125,-19.894409179688
0.9425,9.6544189453125,10.535278320312,-19.614135742188
0.943,5.3302001953125,14.018676757812,-18.893432617188
0.9435,0.9259033203125,16.701293945312,-17.371948242188
0.944,-3.0379638671875,18.543090820312,-15.570190429688
0.9445,-5.6405029296875,19.223754882812,-13.928588867188
0.945,-8.6033935546875,19.463989257812,-11.326049804688
0.9455,-12.206909179688,19.143676757812,-7.2420654296875
0.946,-15.410034179688,17.942504882812,-3.3582763671875
0.9465,-17.732299804688,16.140747070312,0.6856689453125
0.947,-19.293823242188,14.539184570312,3.8487548828125
0.9475,-19.814331054688,12.136840820312,6.7315673828125
0.948,-19.814331054688,8.8135986328125,10.094848632812
0.9485,-19.293823242188,4.9298095703125,13.538208007812
0.949,-18.332885742188,1.0460205078125,16.461059570312
0.9495,-16.611206054688,-2.7576904296875,18.543090820312
0.95,-14.889526367188,-5.4002685546875,19.463989257812
0.9505,-12.367065429688,-8.3231201171875,19.984497070312
0.951,-8.3231201171875,-11.966674804688,19.584106445312
0.9515,-3.7987060546875,-15.169799804688,18.463012695312
0.952,0.6055908203125,-17.452026367188,16.621215820312
0.9525,4.0089111328125,-19.173706054688,15.099731445312
0.953,6.7315673828125,-19.534057617188,12.977661132812
0.9535,9.7745361328125,-19.494018554688,10.174926757812
0.954,13.418090820312,-18.933471679688,6.1309814453125
0.9545,16.380981445312,-17.452026367188,1.9268798828125
0.955,18.382934570312,-15.650268554688,-1.9569091796875
0.9555,19.463989257812,-13.928588867188,-4.7196044921875
0.956,19.864379882812,-11.205932617188,-7.8426513671875
0.9565,19.584106445312,-7.4022216796875,-11.406127929688
0.957,18.903442382812,-3.7186279296875,-14.529174804688
0.9575,17.622192382812,0.1651611328125,-17.011596679688
0.958,16.020629882812,3.6885986328125,-18.973510742188
0.9585,13.818481445312,6.3712158203125,-19.534057617188
0.959,11.135864257812,9.2540283203125,-19.814331054688
0.9595,6.6514892578125,13.097778320312,-19.253784179688
0.96,2.1671142578125,16.020629882812,-17.892456054688
0.9605,-1.9569091796875,17.902465820312,-16.010620117188
0.961,-4.8797607421875,19.263793945312,-14.609252929688
0.9615,-7.7625732421875,19.504028320312,-12.166870117188
0.962,-11.085815429688,19.183715820312,-8.7235107421875
0.9625,-14.288940429688,18.503051757812,-4.9998779296875
0.963,-17.171752929688,16.821411132812,-0.5955810546875
0.9635,-19.093627929688,15.059692382812,3.1680908203125
0.964,-19.694213867188,12.937622070312,5.8106689453125
0.9645,-19.974487304688,10.174926757812,8.8936767578125
0.965,-19.654174804688,5.8106689453125,12.777465820312
0.9655,-18.853393554688,2.2071533203125,15.780395507812
0.966,-17.171752929688,-1.5164794921875,17.862426757812
0.9665,-15.730346679688,-4.6795654296875,19.624145507812
0.967,-13.167846679688,-7.5223388671875,19.904418945312
0.9675,-9.8045654296875,-10.725463867188,19.864379882812
0.968,-5.4403076171875,-14.248901367188,19.143676757812
0.9685,-0.7156982421875,-17.091674804688,17.381958007812
0.969,3.1280517578125,-18.733276367188,15.580200195312
0.9695,5.7706298828125,-19.614135742188,13.938598632812
0.97,8.8536376953125,-19.894409179688,11.376098632812
0.9705,12.737426757812,-19.133666992188,7.1319580078125
0.971,15.580200195312,-18.252807617188,3.4083251953125
0.9715,17.942504882812,-16.491088867188,-0.6756591796875
0.972,19.704223632812,-14.769409179688,-4.0789794921875
0.9725,19.864379882812,-12.206909179688,-6.8817138671875
0.973,20.064575195312,-9.0438232421875,-10.204956054688
0.9735,19.544067382812,-4.9197998046875,-13.888549804688
0.974,18.463012695312,-0.9559326171875,-16.811401367188
0.9745,16.621215820312,2.6876220703125,-18.573120117188
0.975,15.059692382812,5.5704345703125,-19.894409179688
0.9755,12.216918945312,8.5333251953125,-20.214721679688
0.976,7.8927001953125,12.296997070312,-19.734252929688
0.9765,3.8487548828125,15.299926757812,-18.893432617188
0.977,-0.7957763671875,17.862426757812,-16.931518554688
0.9775,-4.3192138671875,19.463989257812,-15.249877929688
0.978,-7.0418701171875,19.784301757812,-13.087768554688
0.9785,-10.044799804688,19.984497070312,-10.525268554688
0.979,-14.128784179688,19.183715820312,-5.8006591796875
0.9795,-16.971557617188,17.742309570312,-1.6365966796875
0.98,-18.973510742188,15.940551757812,2.1671142578125
0.9805,-20.454956054688,14.098754882812,5.3702392578125
0.981,-20.454956054688,11.135864257812,8.3731689453125
0.9815,-20.374877929688,7.3321533203125,12.176879882812
0.982,-19.814331054688,3.5284423828125,15.500122070312
0.9825,-18.332885742188,-0.7156982421875,18.142700195312
0.983,-16.451049804688,-4.1990966796875,19.864379882812
0.9835,-14.369018554688,-7.0418701171875,20.545043945312
0.984,-11.566284179688,-10.044799804688,20.865356445312
0.9845,-6.3612060546875,-14.248901367188,19.864379882812
0.985,-1.9569091796875,-16.971557617188,18.543090820312
0.9855,2.2872314453125,-18.973510742188,16.621215820312
0.986,5.6505126953125,-20.494995117188,14.979614257812
0.9865,8.6134033203125,-20.334838867188,12.096801757812
0.987,11.896606445312,-20.214721679688,8.8936767578125
0.9875,15.620239257812,-19.373901367188,4.4893798828125
0.988,18.382934570312,-17.411987304688,-0.1551513671875
0.9885,19.984497070312,-15.530151367188,-3.5584716796875
0.989,20.865356445312,-13.368041992188,-6.6014404296875
0.9895,20.865356445312,-10.285034179688,-9.6844482421875
0.99,20.464965820312,-5.7606201171875,-13.928588867188
0.9905,19.463989257812,-2.0369873046875,-16.651245117188
0.991,17.782348632812,1.9669189453125,-18.933471679688
0.9915,15.860473632812,5.3702392578125,-20.494995117188
0.992,12.977661132812,8.2530517578125,-20.535034179688
0.9925,10.054809570312,11.336059570312,-20.815307617188
0.993,4.8096923828125,15.380004882812,-19.734252929688
0.9935,0.0450439453125,17.942504882812,-17.772338867188
0.994,-3.5584716796875,19.504028320312,-16.010620117188
0.9945,-6.7215576171875,20.665161132812,-14.248901367188
0.995,-9.7645263671875,20.384887695312,-11.165893554688
0.9955,-13.448120117188,19.784301757812,-7.0819091796875
0.996,-16.611206054688,18.783325195312,-3.1180419921875
0.9965,-19.093627929688,16.701293945312,1.4464111328125
0.997,-20.494995117188,14.819458007812,4.7296142578125
0.9975,-20.855346679688,12.136840820312,7.7725830078125
0.998,-20.935424804688,9.1339111328125,10.855590820312
0.9985,-20.334838867188,4.4093017578125,15.019653320312
0.999,-18.973510742188,0.4454345703125,17.662231445312
0.9995,-17.171752929688,-3.2381591796875,19.544067382812
