wavelength,x,y,z
0.0,1.0009765625,-3.3232421875,1.841796875
0.0005,0.6005859375,-3.443359375,2.2421875
0.001,0.080078125,-3.1630859375,2.482421875
0.0015,-0.6806640625,-2.6025390625,2.6025390625
0.002,-1.44140625,-2.0419921875,2.8828125
0.0025,-2.0419921875,-1.4814453125,3.04296875
0.003,-2.5224609375,-1.1611328125,3.0830078125
0.0035,-2.7626953125,-0.640625,2.8828125
0.004,-2.9228515625,-0.080078125,2.5224609375
0.0045,-3.0830078125,0.640625,1.921875
0.005,-3.283203125,1.4013671875,1.4013671875
0.0055,-3.36328125,1.921875,0.9609375
0.006,-3.36328125,2.4423828125,0.5205078125
0.0065,-3.04296875,2.6025390625,0.0
0.007,-2.482421875,2.7626953125,-0.720703125
0.0075,-1.9619140625,3.04296875,-1.5615234375
0.008,-1.3212890625,3.123046875,-2.2421875
0.0085,-0.9208984375,3.1630859375,-2.72265625
0.009,-0.48046875,3.04296875,-3.0830078125
0.0095,0.1201171875,2.642578125,-3.2431640625
0.01,0.9208984375,2.0419921875,-3.36328125
0.0105,1.6416015625,1.521484375,-3.5634765625
0.011,2.162109375,1.0009765625,-3.5634765625
0.0115,2.5625,0.640625,-3.6435546875
0.012,2.6826171875,0.16015625,-3.2431640625
0.0125,2.802734375,-0.5205078125,-2.7626953125
0.013,3.04296875,-1.28125,-2.2822265625
0.0135,3.123046875,-1.9619140625,-1.681640625
0.014,3.1630859375,-2.3623046875,-1.28125
0.0145,3.0830078125,-2.802734375,-0.80078125
0.015,2.6826171875,-2.9228515625,-0.3203125
0.0155,2.0419921875,-3.0830078125,0.48046875
0.016,1.521484375,-3.2431640625,1.2412109375
0.0165,0.9609375,-3.36328125,1.841796875
0.017,0.6005859375,-3.4033203125,2.2822265625
0.0175,0.080078125,-3.1630859375,2.482421875
0.018,-0.560546875,-2.642578125,2.6826171875
0.0185,-1.3212890625,-2.08203125,2.8828125
0.019,-1.9619140625,-1.5615234375,3.0029296875
0.0195,-2.4423828125,-1.12109375,3.0029296875
0.02,-2.802734375,-0.720703125,3.0029296875
0.0205,-2.9228515625,-0.240234375,2.6025390625
0.021,-3.0029296875,0.48046875,2.0419921875
0.0215,-3.2431640625,1.201171875,1.5615234375
0.022,-3.36328125,1.841796875,1.041015625
0.0225,-3.36328125,2.2822265625,0.640625
0.023,-3.1630859375,2.5625,0.16015625
0.0235,-2.7626953125,2.7626953125,-0.4404296875
0.024,-2.1220703125,2.962890625,-1.28125
0.0245,-1.5615234375,3.04296875,-2.001953125
0.025,-1.0810546875,3.123046875,-2.5625
0.0255,-0.6806640625,3.1630859375,-3.04296875
0.026,-0.16015625,2.8427734375,-3.1630859375
0.0265,0.6005859375,2.2822265625,-3.283203125
0.027,1.361328125,1.76171875,-3.5634765625
0.0275,2.001953125,1.201171875,-3.603515625
0.028,2.40234375,0.80078125,-3.603515625
0.0285,2.6826171875,0.3603515625,-3.4833984375
0.029,2.8427734375,-0.240234375,-3.04296875
0.0295,2.9228515625,-1.0009765625,-2.4423828125
0.03,3.1630859375,-1.681640625,-1.9619140625
0.0305,3.1630859375,-2.2822265625,-1.44140625
0.031,3.203125,-2.6826171875,-1.041015625
0.0315,2.8427734375,-2.8828125,-0.5205078125
0.032,2.322265625,-3.0830078125,0.240234375
0.0325,1.681640625,-3.3232421875,1.0810546875
0.033,1.12109375,-3.36328125,1.681640625
0.0335,0.640625,-3.443359375,2.162109375
0.034,0.2802734375,-3.3232421875,2.5224609375
0.0345,-0.3603515625,-2.8828125,2.6826171875
0.035,-1.1611328125,-2.2822265625,2.8427734375
0.0355,-1.8818359375,-1.681640625,3.04296875
0.036,-2.40234375,-1.2412109375,3.0830078125
0.0365,-2.7626953125,-0.8408203125,3.04296875
0.037,-2.9228515625,-0.3603515625,2.72265625
0.0375,-3.04296875,0.2802734375,2.2421875
0.038,-3.203125,1.12109375,1.6416015625
0.0385,-3.3232421875,1.7216796875,1.1611328125
0.039,-3.36328125,2.2021484375,0.6806640625
0.0395,-3.3232421875,2.6025390625,0.2802734375
0.04,-2.8828125,2.72265625,-0.3203125
0.0405,-2.2822265625,2.8427734375,-1.0810546875
0.041,-1.681640625,3.0830078125,-1.8818359375
0.0415,-1.1611328125,3.123046875,-2.5224609375
0.042,-0.720703125,3.1630859375,-2.8828125
0.0425,-0.2802734375,3.0029296875,-3.1630859375
0.043,0.400390625,2.5224609375,-3.283203125
0.0435,1.2412109375,1.8818359375,-3.4833984375
0.044,1.8818359375,1.3212890625,-3.603515625
0.0445,2.3623046875,0.880859375,-3.603515625
0.045,2.72265625,0.5205078125,-3.603515625
0.0455,2.802734375,-0.080078125,-3.1630859375
0.046,2.9228515625,-0.7607421875,-2.642578125
0.0465,3.1630859375,-1.6015625,-2.08203125
0.047,3.203125,-2.162109375,-1.5615234375
0.0475,3.203125,-2.6025390625,-1.1611328125
0.048,3.0830078125,-2.9228515625,-0.640625
0.0485,2.5625,-3.123046875,0.0
0.049,1.8818359375,-3.283203125,0.880859375
0.0495,1.28125,-3.4033203125,1.5615234375
0.05,0.7607421875,-3.443359375,2.162109375
0.0505,0.3603515625,-3.443359375,2.5625
0.051,-0.240234375,-3.04296875,2.72265625
0.0515,-1.0009765625,-2.482421875,2.8828125
0.052,-1.841796875,-1.8017578125,3.0830078125
0.0525,-2.3623046875,-1.3212890625,3.123046875
0.053,-2.802734375,-0.8408203125,3.123046875
0.0535,-3.0830078125,-0.48046875,2.962890625
0.054,-3.0830078125,0.240234375,2.40234375
0.0545,-3.2431640625,0.9609375,1.841796875
0.055,-3.4033203125,1.7216796875,1.2412109375
0.0555,-3.4833984375,2.2822265625,0.720703125
0.056,-3.36328125,2.642578125,0.3203125
0.0565,-3.0830078125,2.802734375,-0.2802734375
0.057,-2.4423828125,2.962890625,-1.0009765625
0.0575,-1.76171875,3.123046875,-1.921875
0.058,-1.1611328125,3.203125,-2.4423828125
0.0585,-0.6806640625,3.2431640625,-2.962890625
0.059,-0.3203125,3.1630859375,-3.283203125
0.0595,0.3203125,2.6025390625,-3.36328125
0.06,1.12109375,2.001953125,-3.5634765625
0.0605,1.921875,1.3212890625,-3.68359375
0.061,2.40234375,0.880859375,-3.68359375
0.0615,2.72265625,0.4404296875,-3.603515625
0.062,2.8828125,0.0,-3.3232421875
0.0625,2.962890625,-0.6806640625,-2.72265625
0.063,3.123046875,-1.4814453125,-2.1220703125
0.0635,3.203125,-2.1220703125,-1.6015625
0.064,3.2431640625,-2.642578125,-1.1611328125
0.0645,3.1630859375,-3.0029296875,-0.7607421875
0.065,2.6826171875,-3.0830078125,-0.16015625
0.0655,2.08203125,-3.283203125,0.6005859375
0.066,1.361328125,-3.36328125,1.521484375
0.0665,0.8408203125,-3.4033203125,2.001953125
0.067,0.4404296875,-3.443359375,2.482421875
0.0675,0.0,-3.2431640625,2.72265625
0.068,-0.6806640625,-2.642578125,2.802734375
0.0685,-1.4814453125,-2.08203125,3.0029296875
0.069,-2.2021484375,-1.44140625,3.123046875
0.0695,-2.6826171875,-1.041015625,3.1630859375
0.07,-2.962890625,-0.640625,3.04296875
0.0705,-3.0830078125,-0.080078125,2.642578125
0.071,-3.203125,0.6005859375,2.08203125
0.0715,-3.36328125,1.44140625,1.44140625
0.072,-3.4033203125,2.001953125,0.9609375
0.0725,-3.443359375,2.482421875,0.48046875
0.073,-3.283203125,2.7626953125,0.0400390625
0.0735,-2.72265625,2.8427734375,-0.640625
0.074,-2.1220703125,3.123046875,-1.44140625
0.0745,-1.361328125,3.203125,-2.2822265625
0.075,-0.9208984375,3.283203125,-2.7626953125
0.0755,-0.5205078125,3.203125,-3.1630859375
0.076,0.0,2.9228515625,-3.36328125
0.0765,0.80078125,2.2421875,-3.4833984375
0.077,1.6416015625,1.6015625,-3.68359375
0.0775,2.2421875,1.0810546875,-3.7236328125
0.078,2.6826171875,0.640625,-3.7236328125
0.0785,2.8828125,0.240234375,-3.5234375
0.079,2.9228515625,-0.400390625,-2.962890625
0.0795,3.123046875,-1.1611328125,-2.40234375
0.08,3.2431640625,-2.001953125,-1.76171875
0.0805,3.2431640625,-2.5224609375,-1.3212890625
0.081,3.203125,-2.9228515625,-0.8408203125
0.0815,2.9228515625,-3.1630859375,-0.400390625
0.082,2.2421875,-3.203125,0.4404296875
0.0825,1.5615234375,-3.36328125,1.28125
0.083,0.9609375,-3.4033203125,1.921875
0.0835,0.560546875,-3.5234375,2.4423828125
0.084,0.1201171875,-3.283203125,2.6826171875
0.0845,-0.5205078125,-2.8828125,2.802734375
0.085,-1.3212890625,-2.2421875,3.0029296875
0.0855,-2.08203125,-1.5615234375,3.123046875
0.086,-2.5625,-1.12109375,3.123046875
0.0865,-2.962890625,-0.6806640625,3.0830078125
0.087,-3.0830078125,-0.2802734375,2.802734375
0.0875,-3.123046875,0.48046875,2.2021484375
0.088,-3.3232421875,1.201171875,1.6416015625
0.0885,-3.4033203125,1.921875,1.0009765625
0.089,-3.443359375,2.40234375,0.6005859375
0.0895,-3.3232421875,2.6826171875,0.1201171875
0.09,-2.9228515625,2.9228515625,-0.400390625
0.0905,-2.2822265625,3.04296875,-1.2412109375
0.091,-1.6015625,3.203125,-2.08203125
0.0915,-1.041015625,3.2431640625,-2.642578125
0.092,-0.640625,3.3232421875,-3.1630859375
0.0925,-0.16015625,3.04296875,-3.36328125
0.093,0.560546875,2.482421875,-3.443359375
0.0935,1.4013671875,1.8818359375,-3.68359375
0.094,2.162109375,1.201171875,-3.763671875
0.0945,2.5625,0.7607421875,-3.763671875
0.095,2.9228515625,0.2802734375,-3.6435546875
0.0955,3.04296875,-0.240234375,-3.2431640625
0.096,3.123046875,-1.0009765625,-2.5625
0.0965,3.283203125,-1.841796875,-1.9619140625
0.097,3.3232421875,-2.482421875,-1.44140625
0.0975,3.3232421875,-2.962890625,-1.0009765625
0.098,3.04296875,-3.123046875,-0.48046875
0.0985,2.482421875,-3.203125,0.240234375
0.099,1.8017578125,-3.4033203125,1.12109375
0.0995,1.0810546875,-3.5234375,1.921875
0.1,0.6005859375,-3.4833984375,2.3623046875
0.1005,0.16015625,-3.4833984375,2.7626953125
0.101,-0.4404296875,-3.04296875,2.8828125
0.1015,-1.2412109375,-2.2822265625,2.9228515625
0.102,-1.9619140625,-1.76171875,3.1630859375
0.1025,-2.6025390625,-1.12109375,3.1630859375
0.103,-2.962890625,-0.720703125,3.1630859375
0.1035,-3.1630859375,-0.240234375,2.8828125
0.104,-3.203125,0.3603515625,2.40234375
0.1045,-3.283203125,1.12109375,1.681640625
0.105,-3.4833984375,1.8017578125,1.12109375
0.1055,-3.443359375,2.322265625,0.6005859375
0.106,-3.4833984375,2.802734375,0.240234375
0.1065,-3.04296875,2.8828125,-0.3203125
0.107,-2.40234375,3.0029296875,-1.0810546875
0.1075,-1.8017578125,3.203125,-1.921875
0.108,-1.0810546875,3.2431640625,-2.6025390625
0.1085,-0.6806640625,3.2431640625,-3.04296875
0.109,-0.2001953125,3.123046875,-3.3232421875
0.1095,0.3603515625,2.6826171875,-3.4833984375
0.11,1.2412109375,1.9619140625,-3.5634765625
0.1105,1.921875,1.361328125,-3.7236328125
0.111,2.482421875,0.80078125,-3.68359375
0.1115,2.8427734375,0.48046875,-3.7236328125
0.112,2.9228515625,0.0,-3.3232421875
0.1125,3.04296875,-0.720703125,-2.8427734375
0.113,3.1630859375,-1.5615234375,-2.2021484375
0.1135,3.2431640625,-2.2421875,-1.6015625
0.114,3.203125,-2.642578125,-1.12109375
0.1145,3.1630859375,-3.0830078125,-0.6806640625
0.115,2.7626953125,-3.203125,-0.1201171875
0.1155,2.0419921875,-3.2431640625,0.720703125
0.116,1.4013671875,-3.443359375,1.521484375
0.1165,0.7607421875,-3.4833984375,2.162109375
0.117,0.4404296875,-3.5234375,2.5625
0.1175,-0.1201171875,-3.203125,2.7626953125
0.118,-0.80078125,-2.6826171875,2.8828125
0.1185,-1.6416015625,-1.9619140625,3.0830078125
0.119,-2.2822265625,-1.44140625,3.1630859375
0.1195,-2.72265625,-0.9208984375,3.123046875
0.12,-3.0830078125,-0.6005859375,3.0830078125
0.1205,-3.1630859375,-0.080078125,2.5625
0.121,-3.203125,0.640625,1.921875
0.1215,-3.4033203125,1.4013671875,1.4013671875
0.122,-3.4033203125,2.08203125,0.880859375
0.1225,-3.4033203125,2.5224609375,0.48046875
0.123,-3.203125,2.802734375,0.0
0.1235,-2.72265625,2.9228515625,-0.640625
0.124,-1.9619140625,3.0830078125,-1.521484375
0.1245,-1.4013671875,3.1630859375,-2.2021484375
0.125,-0.880859375,3.203125,-2.72265625
0.1255,-0.5205078125,3.2431640625,-3.203125
0.126,0.0400390625,2.8427734375,-3.283203125
0.1265,0.7607421875,2.2421875,-3.443359375
0.127,1.5615234375,1.681640625,-3.6435546875
0.1275,2.162109375,1.12109375,-3.6435546875
0.128,2.5625,0.6806640625,-3.68359375
0.1285,2.8427734375,0.240234375,-3.5634765625
0.129,2.9228515625,-0.3603515625,-3.0830078125
0.1295,3.04296875,-1.1611328125,-2.4423828125
0.13,3.203125,-1.8017578125,-1.921875
0.1305,3.2431640625,-2.40234375,-1.361328125
0.131,3.2431640625,-2.802734375,-1.0009765625
0.1315,2.8828125,-2.962890625,-0.400390625
0.132,2.40234375,-3.203125,0.240234375
0.1325,1.681640625,-3.36328125,1.12109375
0.133,1.0810546875,-3.36328125,1.76171875
0.1335,0.6005859375,-3.4033203125,2.2421875
0.134,0.2802734375,-3.4033203125,2.6025390625
0.1345,-0.400390625,-2.9228515625,2.72265625
0.135,-1.1611328125,-2.2822265625,2.8828125
0.1355,-1.8818359375,-1.7216796875,3.04296875
0.136,-2.4423828125,-1.201171875,3.123046875
0.1365,-2.7626953125,-0.8408203125,3.04296875
0.137,-2.962890625,-0.3603515625,2.72265625
0.1375,-3.0830078125,0.2802734375,2.2822265625
0.138,-3.2431640625,1.0810546875,1.681640625
0.1385,-3.36328125,1.7216796875,1.201171875
0.139,-3.36328125,2.2421875,0.6806640625
0.1395,-3.36328125,2.6025390625,0.2802734375
0.14,-2.8828125,2.7626953125,-0.3203125
0.1405,-2.3623046875,2.9228515625,-1.041015625
0.141,-1.7216796875,3.123046875,-1.841796875
0.1415,-1.1611328125,3.1630859375,-2.4423828125
0.142,-0.720703125,3.1630859375,-2.8828125
0.1425,-0.3203125,3.0029296875,-3.1630859375
0.143,0.3603515625,2.5224609375,-3.2431640625
0.1435,1.12109375,1.921875,-3.4833984375
0.144,1.76171875,1.361328125,-3.5634765625
0.1445,2.2421875,0.880859375,-3.603515625
0.145,2.6025390625,0.5205078125,-3.5634765625
0.1455,2.6826171875,0.0,-3.203125
0.146,2.8427734375,-0.6005859375,-2.72265625
0.1465,3.04296875,-1.4013671875,-2.162109375
0.147,3.123046875,-1.9619140625,-1.6416015625
0.1475,3.123046875,-2.4423828125,-1.2412109375
0.148,3.04296875,-2.7626953125,-0.80078125
0.1485,2.5625,-2.9228515625,-0.2001953125
0.149,2.001953125,-3.0830078125,0.6005859375
0.1495,1.44140625,-3.2431640625,1.28125
0.15,0.9609375,-3.3232421875,1.921875
0.1505,0.560546875,-3.36328125,2.2822265625
0.151,0.0400390625,-3.0830078125,2.5224609375
0.1515,-0.640625,-2.6025390625,2.6826171875
0.152,-1.44140625,-2.001953125,2.9228515625
0.1525,-2.001953125,-1.6015625,3.0029296875
0.153,-2.5224609375,-1.1611328125,3.04296875
0.1535,-2.802734375,-0.80078125,2.9228515625
0.154,-2.8828125,-0.16015625,2.5224609375
0.1545,-3.0830078125,0.560546875,2.0419921875
0.155,-3.283203125,1.28125,1.521484375
0.1555,-3.36328125,1.8818359375,1.041015625
0.156,-3.36328125,2.2822265625,0.6005859375
0.1565,-3.0830078125,2.5625,0.1201171875
0.157,-2.642578125,2.72265625,-0.6005859375
0.1575,-2.0419921875,2.962890625,-1.361328125
0.158,-1.4814453125,3.0830078125,-2.001953125
0.1585,-1.041015625,3.1630859375,-2.5625
0.159,-0.640625,3.123046875,-2.8828125
0.1595,0.0,2.72265625,-3.0830078125
0.16,0.640625,2.2421875,-3.283203125
0.1605,1.4013671875,1.6015625,-3.5234375
0.161,1.921875,1.12109375,-3.5634765625
0.1615,2.322265625,0.7607421875,-3.5634765625
0.162,2.5625,0.3603515625,-3.36328125
0.1625,2.6826171875,-0.2802734375,-2.9228515625
0.163,2.8828125,-0.9609375,-2.40234375
0.1635,3.04296875,-1.6015625,-1.9619140625
0.164,3.123046875,-2.2021484375,-1.44140625
0.1645,3.0830078125,-2.5625,-1.041015625
0.165,2.72265625,-2.72265625,-0.5205078125
0.1655,2.2822265625,-2.962890625,0.16015625
0.166,1.681640625,-3.203125,0.9609375
0.1665,1.201171875,-3.203125,1.521484375
0.167,0.7607421875,-3.3232421875,2.0419921875
0.1675,0.3603515625,-3.203125,2.3623046875
0.168,-0.2802734375,-2.7626953125,2.5224609375
0.1685,-1.0009765625,-2.3623046875,2.72265625
0.169,-1.6416015625,-1.841796875,2.8828125
0.1695,-2.2021484375,-1.4013671875,2.9228515625
0.17,-2.5625,-1.0009765625,2.962890625
0.1705,-2.72265625,-0.48046875,2.6826171875
0.171,-2.9228515625,0.1201171875,2.2421875
0.1715,-3.0830078125,0.880859375,1.76171875
0.172,-3.2431640625,1.44140625,1.28125
0.1725,-3.283203125,2.001953125,0.8408203125
0.173,-3.203125,2.40234375,0.400390625
0.1735,-2.8427734375,2.5625,-0.2001953125
0.174,-2.3623046875,2.802734375,-0.9208984375
0.1745,-1.8017578125,3.0029296875,-1.6416015625
0.175,-1.3212890625,3.123046875,-2.2421875
0.1755,-0.9208984375,3.1630859375,-2.6826171875
0.176,-0.400390625,2.962890625,-2.962890625
0.1765,0.2802734375,2.482421875,-3.1630859375
0.177,1.041015625,1.921875,-3.4033203125
0.1775,1.6416015625,1.44140625,-3.5634765625
0.178,2.2021484375,1.0009765625,-3.603515625
0.1785,2.482421875,0.6005859375,-3.5234375
0.179,2.6025390625,0.0400390625,-3.0830078125
0.1795,2.8427734375,-0.640625,-2.6826171875
0.18,3.04296875,-1.4013671875,-2.08203125
0.1805,3.123046875,-1.9619140625,-1.6416015625
0.181,3.123046875,-2.4423828125,-1.2412109375
0.1815,2.9228515625,-2.72265625,-0.7607421875
0.182,2.4423828125,-2.8828125,-0.080078125
0.1825,1.8818359375,-3.123046875,0.7607421875
0.183,1.28125,-3.2431640625,1.4013671875
0.1835,0.880859375,-3.36328125,1.9619140625
0.184,0.48046875,-3.2431640625,2.2822265625
0.1845,-0.1201171875,-2.962890625,2.482421875
0.185,-0.80078125,-2.482421875,2.6826171875
0.1855,-1.6015625,-1.8818359375,2.8828125
0.186,-2.1220703125,-1.4013671875,2.962890625
0.1865,-2.5625,-1.0009765625,3.0029296875
0.187,-2.7626953125,-0.6005859375,2.802734375
0.1875,-2.8828125,0.080078125,2.2822265625
0.188,-3.123046875,0.7607421875,1.841796875
0.1885,-3.283203125,1.521484375,1.3212890625
0.189,-3.3232421875,2.001953125,0.880859375
0.1895,-3.283203125,2.40234375,0.4404296875
0.19,-2.962890625,2.6025390625,-0.080078125
0.1905,-2.4423828125,2.802734375,-0.80078125
0.191,-1.8017578125,3.0029296875,-1.6015625
0.1915,-1.3212890625,3.0830078125,-2.2021484375
0.192,-0.880859375,3.1630859375,-2.72265625
0.1925,-0.48046875,3.0029296875,-3.04296875
0.193,0.2001953125,2.5224609375,-3.1630859375
0.1935,0.9208984375,2.0419921875,-3.4033203125
0.194,1.681640625,1.44140625,-3.5634765625
0.1945,2.162109375,1.041015625,-3.603515625
0.195,2.5224609375,0.6005859375,-3.5634765625
0.1955,2.6826171875,0.16015625,-3.2431640625
0.196,2.8427734375,-0.6005859375,-2.72265625
0.1965,3.04296875,-1.3212890625,-2.2421875
0.197,3.1630859375,-1.9619140625,-1.681640625
0.1975,3.203125,-2.482421875,-1.28125
0.198,3.04296875,-2.7626953125,-0.8408203125
0.1985,2.6025390625,-2.9228515625,-0.2001953125
0.199,2.0419921875,-3.203125,0.6005859375
0.1995,1.4013671875,-3.283203125,1.4013671875
0.2,0.9208984375,-3.36328125,1.921875
0.2005,0.48046875,-3.443359375,2.3623046875
0.201,0.0,-3.203125,2.5625
0.2015,-0.720703125,-2.5224609375,2.72265625
0.202,-1.4814453125,-2.001953125,2.962890625
0.2025,-2.162109375,-1.44140625,3.04296875
0.203,-2.5625,-1.041015625,3.0830078125
0.2035,-2.8427734375,-0.6005859375,2.8828125
0.204,-2.962890625,0.0,2.5224609375
0.2045,-3.123046875,0.6806640625,1.921875
0.205,-3.2431640625,1.4013671875,1.4013671875
0.2055,-3.283203125,1.921875,0.9609375
0.206,-3.36328125,2.40234375,0.48046875
0.2065,-3.0830078125,2.642578125,0.0
0.207,-2.5224609375,2.72265625,-0.6806640625
0.2075,-1.9619140625,3.0029296875,-1.44140625
0.208,-1.3212890625,3.0830078125,-2.162109375
0.2085,-0.9609375,3.123046875,-2.642578125
0.209,-0.5205078125,3.0029296875,-3.0029296875
0.2095,0.0,2.72265625,-3.203125
0.21,0.7607421875,2.162109375,-3.3232421875
0.2105,1.4814453125,1.6015625,-3.4833984375
0.211,2.0419921875,1.12109375,-3.5634765625
0.2115,2.482421875,0.720703125,-3.603515625
0.212,2.642578125,0.2802734375,-3.36328125
0.2125,2.72265625,-0.3203125,-2.8828125
0.213,2.9228515625,-1.0009765625,-2.4423828125
0.2135,3.123046875,-1.76171875,-1.8818359375
0.214,3.1630859375,-2.2421875,-1.44140625
0.2145,3.123046875,-2.6826171875,-1.0009765625
0.215,2.8427734375,-2.8828125,-0.5205078125
0.2155,2.2421875,-3.04296875,0.2802734375
0.216,1.681640625,-3.203125,1.041015625
0.2165,1.12109375,-3.36328125,1.6416015625
0.217,0.6806640625,-3.4833984375,2.162109375
0.2175,0.2802734375,-3.203125,2.482421875
0.218,-0.3603515625,-2.802734375,2.6025390625
0.2185,-1.1611328125,-2.2822265625,2.8427734375
0.219,-1.8818359375,-1.681640625,3.0029296875
0.2195,-2.322265625,-1.28125,3.04296875
0.22,-2.7626953125,-0.80078125,3.04296875
0.2205,-2.9228515625,-0.3203125,2.6826171875
0.221,-3.04296875,0.400390625,2.162109375
0.2215,-3.283203125,1.12109375,1.681640625
0.222,-3.36328125,1.841796875,1.12109375
0.2225,-3.4033203125,2.2822265625,0.6806640625
0.223,-3.203125,2.6025390625,0.2001953125
0.2235,-2.8427734375,2.7626953125,-0.400390625
0.224,-2.162109375,3.0029296875,-1.28125
0.2245,-1.6015625,3.0830078125,-2.001953125
0.225,-1.041015625,3.123046875,-2.5625
0.2255,-0.640625,3.2431640625,-3.0029296875
0.226,-0.1201171875,2.8427734375,-3.203125
0.2265,0.6005859375,2.2822265625,-3.283203125
0.227,1.4013671875,1.76171875,-3.5634765625
0.2275,2.0419921875,1.1611328125,-3.603515625
0.228,2.4423828125,0.7607421875,-3.603515625
0.2285,2.72265625,0.3203125,-3.4833984375
0.229,2.8427734375,-0.240234375,-3.0830078125
0.2295,2.9228515625,-1.0009765625,-2.40234375
0.23,3.123046875,-1.681640625,-1.921875
0.2305,3.1630859375,-2.2822265625,-1.4013671875
0.231,3.1630859375,-2.72265625,-1.0009765625
0.2315,2.8427734375,-2.8828125,-0.5205078125
0.232,2.3623046875,-3.04296875,0.1201171875
0.2325,1.7216796875,-3.283203125,1.0009765625
0.233,1.12109375,-3.36328125,1.6416015625
0.2335,0.6806640625,-3.36328125,2.1220703125
0.234,0.2802734375,-3.3232421875,2.5224609375
0.2345,-0.3203125,-2.9228515625,2.6826171875
0.235,-1.041015625,-2.2822265625,2.802734375
0.2355,-1.76171875,-1.8017578125,3.0029296875
0.236,-2.322265625,-1.28125,3.04296875
0.2365,-2.72265625,-0.9208984375,3.0830078125
0.237,-2.8828125,-0.400390625,2.802734375
0.2375,-3.0830078125,0.2001953125,2.3623046875
0.238,-3.203125,0.9609375,1.76171875
0.2385,-3.36328125,1.6416015625,1.2412109375
0.239,-3.36328125,2.2021484375,0.7607421875
0.2395,-3.36328125,2.6025390625,0.3203125
0.24,-3.0830078125,2.6826171875,-0.240234375
0.2405,-2.3623046875,2.8828125,-1.041015625
0.241,-1.8017578125,3.123046875,-1.841796875
0.2415,-1.1611328125,3.203125,-2.5224609375
0.242,-0.80078125,3.2431640625,-2.8828125
0.2425,-0.2802734375,3.04296875,-3.203125
0.243,0.3603515625,2.5625,-3.36328125
0.2435,1.28125,1.921875,-3.5634765625
0.244,1.921875,1.3212890625,-3.68359375
0.2445,2.4423828125,0.80078125,-3.68359375
0.245,2.802734375,0.48046875,-3.68359375
0.2455,2.8828125,-0.16015625,-3.203125
0.246,3.0029296875,-0.8408203125,-2.6025390625
0.2465,3.203125,-1.6416015625,-2.001953125
0.247,3.2431640625,-2.2822265625,-1.4814453125
0.2475,3.203125,-2.6826171875,-1.041015625
0.248,3.1630859375,-2.962890625,-0.640625
0.2485,2.5224609375,-3.1630859375,0.080078125
0.249,1.76171875,-3.283203125,0.9609375
0.2495,1.201171875,-3.36328125,1.6416015625
0.25,0.6806640625,-3.4033203125,2.2421875
0.2505,0.2802734375,-3.4033203125,2.5625
0.251,-0.2802734375,-2.962890625,2.6826171875
0.2515,-1.0009765625,-2.4423828125,2.8427734375
0.252,-1.8017578125,-1.8017578125,3.04296875
0.2525,-2.3623046875,-1.28125,3.04296875
0.253,-2.72265625,-0.80078125,3.04296875
0.2535,-3.0029296875,-0.4404296875,2.9228515625
0.254,-3.0830078125,0.16015625,2.40234375
0.2545,-3.1630859375,0.880859375,1.841796875
0.255,-3.36328125,1.5615234375,1.3212890625
0.2555,-3.36328125,2.162109375,0.7607421875
0.256,-3.4033203125,2.5224609375,0.4404296875
0.2565,-3.04296875,2.72265625,-0.16015625
0.257,-2.642578125,2.9228515625,-0.6806640625
0.2575,-1.8818359375,3.123046875,-1.6416015625
0.258,-1.28125,3.1630859375,-2.2822265625
0.2585,-0.8408203125,3.203125,-2.8427734375
0.259,-0.48046875,3.203125,-3.203125
0.2595,0.16015625,2.72265625,-3.3232421875
0.26,0.9208984375,2.162109375,-3.5234375
0.2605,1.7216796875,1.5615234375,-3.68359375
0.261,2.2421875,1.0009765625,-3.7236328125
0.2615,2.642578125,0.640625,-3.68359375
0.262,2.8427734375,0.16015625,-3.443359375
0.2625,2.962890625,-0.5205078125,-2.9228515625
0.263,3.123046875,-1.3212890625,-2.2822265625
0.2635,3.2431640625,-1.9619140625,-1.76171875
0.264,3.3232421875,-2.6025390625,-1.28125
0.2645,3.2431640625,-2.962890625,-0.8408203125
0.265,2.802734375,-3.203125,-0.3203125
0.2655,2.2021484375,-3.283203125,0.560546875
0.266,1.4814453125,-3.4833984375,1.521484375
0.2665,0.9208984375,-3.4833984375,2.0419921875
0.267,0.48046875,-3.4833984375,2.5224609375
0.2675,0.0,-3.3232421875,2.7626953125
0.268,-0.7607421875,-2.6826171875,2.8828125
0.2685,-1.6015625,-2.08203125,3.0830078125
0.269,-2.2822265625,-1.44140625,3.1630859375
0.2695,-2.802734375,-1.0009765625,3.203125
0.27,-3.0830078125,-0.5205078125,3.04296875
0.2705,-3.1630859375,0.0,2.6025390625
0.271,-3.2431640625,0.7607421875,2.0419921875
0.2715,-3.4033203125,1.5615234375,1.361328125
0.272,-3.4833984375,2.1220703125,0.880859375
0.2725,-3.4033203125,2.5625,0.3603515625
0.273,-3.203125,2.8828125,0.0
0.2735,-2.642578125,2.9228515625,-0.720703125
0.274,-2.001953125,3.123046875,-1.5615234375
0.2745,-1.3212890625,3.203125,-2.3623046875
0.275,-0.8408203125,3.203125,-2.8427734375
0.2755,-0.4404296875,3.1630859375,-3.203125
0.276,0.080078125,2.8427734375,-3.36328125
0.2765,0.8408203125,2.2421875,-3.4833984375
0.277,1.6015625,1.5615234375,-3.6435546875
0.2775,2.2021484375,1.0810546875,-3.68359375
0.278,2.6826171875,0.6005859375,-3.68359375
0.2785,2.8828125,0.240234375,-3.5234375
0.279,2.9228515625,-0.400390625,-3.0029296875
0.2795,3.123046875,-1.12109375,-2.482421875
0.28,3.283203125,-1.9619140625,-1.8818359375
0.2805,3.283203125,-2.482421875,-1.361328125
0.281,3.203125,-2.9228515625,-0.9609375
0.2815,3.0029296875,-3.123046875,-0.4404296875
0.282,2.40234375,-3.203125,0.3203125
0.2825,1.7216796875,-3.4033203125,1.201171875
0.283,1.0810546875,-3.4833984375,1.921875
0.2835,0.6005859375,-3.5634765625,2.40234375
0.284,0.16015625,-3.4033203125,2.72265625
0.2845,-0.4404296875,-2.962890625,2.8427734375
0.285,-1.2412109375,-2.3623046875,3.04296875
0.2855,-2.1220703125,-1.6416015625,3.203125
0.286,-2.6025390625,-1.1611328125,3.203125
0.2865,-3.04296875,-0.6806640625,3.1630859375
0.287,-3.203125,-0.240234375,2.8828125
0.2875,-3.203125,0.5205078125,2.2421875
0.288,-3.443359375,1.2412109375,1.6416015625
0.2885,-3.5634765625,2.001953125,1.0009765625
0.289,-3.5634765625,2.5224609375,0.560546875
0.2895,-3.36328125,2.8427734375,0.080078125
0.29,-2.962890625,3.0029296875,-0.5205078125
0.2905,-2.2421875,3.123046875,-1.361328125
0.291,-1.521484375,3.3232421875,-2.2421875
0.2915,-0.9208984375,3.2431640625,-2.7626953125
0.292,-0.5205078125,3.3232421875,-3.203125
0.2925,0.0,3.04296875,-3.4033203125
0.293,0.640625,2.40234375,-3.4833984375
0.2935,1.4814453125,1.76171875,-3.7236328125
0.294,2.2822265625,1.12109375,-3.763671875
0.2945,2.6025390625,0.640625,-3.7236328125
0.295,2.9228515625,0.2001953125,-3.5634765625
0.2955,3.04296875,-0.2802734375,-3.203125
0.296,3.04296875,-1.0810546875,-2.5224609375
0.2965,3.203125,-1.841796875,-1.9619140625
0.297,3.2431640625,-2.482421875,-1.4013671875
0.2975,3.2431640625,-2.8828125,-0.9609375
0.298,3.04296875,-3.0830078125,-0.5205078125
0.2985,2.5224609375,-3.1630859375,0.16015625
0.299,1.8818359375,-3.36328125,0.9609375
0.2995,1.1611328125,-3.4033203125,1.76171875
0.3,0.640625,-3.4033203125,2.2421875
0.3005,0.2802734375,-3.4033203125,2.6826171875
0.301,-0.2802734375,-3.123046875,2.8427734375
0.3015,-1.0009765625,-2.4423828125,2.8828125
0.302,-1.76171875,-1.921875,3.123046875
0.3025,-2.4423828125,-1.28125,3.1630859375
0.303,-2.8427734375,-0.880859375,3.1630859375
0.3035,-3.0830078125,-0.400390625,2.962890625
0.304,-3.203125,0.080078125,2.5224609375
0.3045,-3.3232421875,0.880859375,1.921875
0.305,-3.4833984375,1.6015625,1.28125
0.3055,-3.4833984375,2.2421875,0.80078125
0.306,-3.5234375,2.6826171875,0.3203125
0.3065,-3.203125,2.8828125,-0.2001953125
0.307,-2.5224609375,3.0029296875,-0.9208984375
0.3075,-1.9619140625,3.2431640625,-1.7216796875
0.308,-1.2412109375,3.3232421875,-2.5224609375
0.3085,-0.80078125,3.3232421875,-2.9228515625
0.309,-0.3603515625,3.203125,-3.283203125
0.3095,0.240234375,2.802734375,-3.443359375
0.31,1.12109375,2.0419921875,-3.5634765625
0.3105,1.841796875,1.44140625,-3.7236328125
0.311,2.40234375,0.880859375,-3.7236328125
0.3115,2.802734375,0.560546875,-3.7236328125
0.312,2.9228515625,0.0,-3.36328125
0.3125,3.0029296875,-0.6806640625,-2.802734375
0.313,3.1630859375,-1.4814453125,-2.2822265625
0.3135,3.2431640625,-2.1220703125,-1.6015625
0.314,3.2431640625,-2.5625,-1.1611328125
0.3145,3.1630859375,-2.962890625,-0.720703125
0.315,2.7626953125,-3.0830078125,-0.2001953125
0.3155,2.0419921875,-3.203125,0.6005859375
0.316,1.44140625,-3.36328125,1.4013671875
0.3165,0.8408203125,-3.36328125,2.0419921875
0.317,0.48046875,-3.4033203125,2.4423828125
0.3175,0.0,-3.203125,2.6826171875
0.318,-0.640625,-2.72265625,2.802734375
0.3185,-1.44140625,-2.08203125,2.962890625
0.319,-2.1220703125,-1.521484375,3.04296875
0.3195,-2.5625,-1.041015625,3.04296875
0.32,-2.9228515625,-0.6806640625,3.04296875
0.3205,-3.04296875,-0.240234375,2.642578125
0.321,-3.0830078125,0.48046875,2.0419921875
0.3215,-3.283203125,1.2412109375,1.6015625
0.322,-3.36328125,1.921875,1.0009765625
0.3225,-3.4033203125,2.322265625,0.6005859375
0.323,-3.203125,2.642578125,0.1201171875
0.3235,-2.8427734375,2.8427734375,-0.4404296875
0.324,-2.2021484375,3.0029296875,-1.2412109375
0.3245,-1.6015625,3.123046875,-1.9619140625
0.325,-1.0810546875,3.1630859375,-2.5625
0.3255,-0.720703125,3.2431640625,-3.0029296875
0.326,-0.16015625,2.9228515625,-3.203125
0.3265,0.5205078125,2.40234375,-3.3232421875
0.327,1.28125,1.8818359375,-3.5634765625
0.3275,1.921875,1.28125,-3.6435546875
0.328,2.40234375,0.8408203125,-3.7236328125
0.3285,2.72265625,0.3603515625,-3.5634765625
0.329,2.8427734375,-0.2001953125,-3.203125
0.3295,2.962890625,-0.880859375,-2.5625
0.33,3.1630859375,-1.6015625,-2.08203125
0.3305,3.203125,-2.2021484375,-1.521484375
0.331,3.2431640625,-2.642578125,-1.12109375
0.3315,2.962890625,-2.8828125,-0.6005859375
0.332,2.482421875,-3.04296875,0.080078125
0.3325,1.841796875,-3.2431640625,0.9208984375
0.333,1.2412109375,-3.36328125,1.6015625
0.3335,0.7607421875,-3.36328125,2.08203125
0.334,0.3603515625,-3.36328125,2.5224609375
0.3345,-0.240234375,-2.962890625,2.642578125
0.335,-1.0009765625,-2.3623046875,2.802734375
0.3355,-1.681640625,-1.841796875,3.0029296875
0.336,-2.2822265625,-1.361328125,3.0029296875
0.3365,-2.642578125,-1.0009765625,3.04296875
0.337,-2.8828125,-0.5205078125,2.6826171875
0.3375,-2.962890625,0.1201171875,2.3623046875
0.338,-3.1630859375,0.880859375,1.76171875
0.3385,-3.2431640625,1.521484375,1.28125
0.339,-3.283203125,2.0419921875,0.8408203125
0.3395,-3.3232421875,2.482421875,0.400390625
0.34,-2.9228515625,2.6025390625,-0.16015625
0.3405,-2.40234375,2.7626953125,-0.80078125
0.341,-1.8818359375,3.04296875,-1.6015625
0.3415,-1.3212890625,3.0830078125,-2.2421875
0.342,-0.9208984375,3.1630859375,-2.642578125
0.3425,-0.48046875,3.0029296875,-2.962890625
0.343,0.1201171875,2.6025390625,-3.1630859375
0.3435,0.880859375,2.0419921875,-3.36328125
0.344,1.521484375,1.5615234375,-3.5234375
0.3445,2.08203125,1.041015625,-3.5634765625
0.345,2.4423828125,0.640625,-3.603515625
0.3455,2.6025390625,0.240234375,-3.2431640625
0.346,2.7626953125,-0.400390625,-2.8427734375
0.3465,3.0029296875,-1.1611328125,-2.322265625
0.347,3.0830078125,-1.76171875,-1.8017578125
0.3475,3.123046875,-2.2421875,-1.4013671875
0.348,3.04296875,-2.642578125,-0.9609375
0.3485,2.6826171875,-2.8427734375,-0.3603515625
0.349,2.1220703125,-3.04296875,0.3603515625
0.3495,1.6015625,-3.203125,1.0810546875
0.35,1.0810546875,-3.3232421875,1.7216796875
0.3505,0.6806640625,-3.36328125,2.162109375
0.351,0.240234375,-3.123046875,2.40234375
0.3515,-0.4404296875,-2.72265625,2.6025390625
0.352,-1.2412109375,-2.2021484375,2.8427734375
0.3525,-1.8017578125,-1.7216796875,2.9228515625
0.353,-2.322265625,-1.28125,2.962890625
0.3535,-2.6826171875,-0.8408203125,2.962890625
0.354,-2.8427734375,-0.3203125,2.5625
0.3545,-2.962890625,0.4404296875,2.08203125
0.355,-3.203125,1.12109375,1.6015625
0.3555,-3.283203125,1.7216796875,1.12109375
0.356,-3.283203125,2.162109375,0.720703125
0.3565,-3.123046875,2.482421875,0.2001953125
0.357,-2.72265625,2.6826171875,-0.400390625
0.3575,-2.08203125,2.8828125,-1.2412109375
0.358,-1.5615234375,3.0029296875,-1.8818359375
0.3585,-1.12109375,3.123046875,-2.4423828125
0.359,-0.720703125,3.123046875,-2.8427734375
0.3595,-0.16015625,2.72265625,-3.0029296875
0.36,0.560546875,2.2421875,-3.283203125
0.3605,1.28125,1.7216796875,-3.443359375
0.361,1.841796875,1.201171875,-3.5634765625
0.3615,2.2421875,0.880859375,-3.5634765625
0.362,2.5224609375,0.4404296875,-3.36328125
0.3625,2.6826171875,-0.16015625,-2.962890625
0.363,2.8427734375,-0.8408203125,-2.4423828125
0.3635,3.04296875,-1.521484375,-2.001953125
0.364,3.123046875,-2.08203125,-1.5615234375
0.3645,3.123046875,-2.5224609375,-1.1611328125
0.365,2.7626953125,-2.72265625,-0.6005859375
0.3655,2.3623046875,-2.9228515625,0.0400390625
0.366,1.76171875,-3.1630859375,0.880859375
0.3665,1.2412109375,-3.203125,1.44140625
0.367,0.80078125,-3.3232421875,1.921875
0.3675,0.400390625,-3.2431640625,2.322265625
0.368,-0.2001953125,-2.8828125,2.482421875
0.3685,-0.9609375,-2.40234375,2.72265625
0.369,-1.6416015625,-1.921875,2.8427734375
0.3695,-2.2021484375,-1.4013671875,3.0029296875
0.37,-2.5224609375,-1.0009765625,3.0029296875
0.3705,-2.7626953125,-0.5205078125,2.6826171875
0.371,-2.9228515625,0.1201171875,2.2822265625
0.3715,-3.1630859375,0.9208984375,1.76171875
0.372,-3.2431640625,1.4814453125,1.28125
0.3725,-3.3232421875,2.0419921875,0.8408203125
0.373,-3.283203125,2.4423828125,0.400390625
0.3735,-2.8828125,2.6025390625,-0.2001953125
0.374,-2.3623046875,2.8427734375,-0.9609375
0.3745,-1.8017578125,3.04296875,-1.7216796875
0.375,-1.28125,3.1630859375,-2.2822265625
0.3755,-0.8408203125,3.1630859375,-2.72265625
0.376,-0.3603515625,2.9228515625,-3.04296875
0.3765,0.3203125,2.482421875,-3.203125
0.377,1.12109375,1.841796875,-3.4833984375
0.3775,1.76171875,1.4013671875,-3.5634765625
0.378,2.2421875,0.9609375,-3.603515625
0.3785,2.5625,0.560546875,-3.5634765625
0.379,2.6826171875,0.0,-3.0830078125
0.3795,2.8427734375,-0.720703125,-2.6025390625
0.38,3.0830078125,-1.4814453125,-2.0419921875
0.3805,3.1630859375,-2.0419921875,-1.6015625
0.381,3.123046875,-2.5224609375,-1.1611328125
0.3815,2.9228515625,-2.7626953125,-0.6806640625
0.382,2.4423828125,-2.9228515625,0.0
0.3825,1.841796875,-3.1630859375,0.7607421875
0.383,1.28125,-3.2431640625,1.44140625
0.3835,0.80078125,-3.36328125,2.001953125
0.384,0.4404296875,-3.36328125,2.322265625
0.3845,-0.16015625,-3.0029296875,2.482421875
0.385,-0.8408203125,-2.5224609375,2.6826171875
0.3855,-1.6416015625,-1.841796875,2.9228515625
0.386,-2.1220703125,-1.4013671875,3.0029296875
0.3865,-2.6025390625,-1.0009765625,3.0029296875
0.387,-2.8427734375,-0.560546875,2.8427734375
0.3875,-2.9228515625,0.1201171875,2.322265625
0.388,-3.123046875,0.7607421875,1.841796875
0.3885,-3.283203125,1.521484375,1.361328125
0.389,-3.36328125,2.0419921875,0.880859375
0.3895,-3.283203125,2.40234375,0.48046875
0.39,-2.962890625,2.642578125,-0.080078125
0.3905,-2.5224609375,2.8427734375,-0.80078125
0.391,-1.8818359375,3.04296875,-1.6416015625
0.3915,-1.3212890625,3.123046875,-2.2822265625
0.392,-0.9208984375,3.1630859375,-2.7626953125
0.3925,-0.48046875,3.0830078125,-3.0830078125
0.393,0.16015625,2.5224609375,-3.203125
0.3935,0.9609375,2.08203125,-3.443359375
0.394,1.76171875,1.44140625,-3.5634765625
0.3945,2.2421875,1.0009765625,-3.6435546875
0.395,2.5625,0.6005859375,-3.5634765625
0.3955,2.72265625,0.1201171875,-3.283203125
0.396,2.8427734375,-0.6005859375,-2.72265625
0.3965,3.04296875,-1.361328125,-2.2021484375
0.397,3.1630859375,-1.9619140625,-1.6416015625
0.3975,3.203125,-2.5224609375,-1.2412109375
0.398,3.0830078125,-2.802734375,-0.80078125
0.3985,2.5625,-2.9228515625,-0.2001953125
0.399,2.0419921875,-3.1630859375,0.6005859375
0.3995,1.361328125,-3.283203125,1.4013671875
0.4,0.9208984375,-3.36328125,1.921875
0.4005,0.48046875,-3.4033203125,2.322265625
0.401,0.0,-3.203125,2.5625
0.4015,-0.6806640625,-2.5625,2.6826171875
0.402,-1.44140625,-2.0419921875,2.8828125
0.4025,-2.08203125,-1.4814453125,3.0029296875
0.403,-2.5625,-1.0810546875,3.0830078125
0.4035,-2.802734375,-0.640625,2.8828125
0.404,-2.9228515625,-0.16015625,2.5224609375
0.4045,-3.0830078125,0.560546875,2.0419921875
0.405,-3.2431640625,1.3212890625,1.44140625
0.4055,-3.3232421875,1.8818359375,1.0009765625
0.406,-3.3232421875,2.3623046875,0.560546875
0.4065,-3.1630859375,2.6025390625,0.1201171875
0.407,-2.6025390625,2.72265625,-0.560546875
0.4075,-2.08203125,2.962890625,-1.3212890625
0.408,-1.4814453125,3.04296875,-2.08203125
0.4085,-1.041015625,3.123046875,-2.6025390625
0.409,-0.640625,3.0830078125,-2.962890625
0.4095,-0.080078125,2.8427734375,-3.1630859375
0.41,0.640625,2.2822265625,-3.3232421875
0.4105,1.4013671875,1.7216796875,-3.5634765625
0.411,1.9619140625,1.201171875,-3.5634765625
0.4115,2.482421875,0.7607421875,-3.68359375
0.412,2.6826171875,0.3603515625,-3.443359375
0.4125,2.7626953125,-0.2802734375,-2.9228515625
0.413,3.04296875,-1.0009765625,-2.482421875
0.4135,3.1630859375,-1.8017578125,-1.8818359375
0.414,3.203125,-2.2822265625,-1.44140625
0.4145,3.1630859375,-2.72265625,-1.0009765625
0.415,2.8828125,-2.9228515625,-0.5205078125
0.4155,2.2421875,-3.0830078125,0.3203125
0.416,1.6416015625,-3.36328125,1.12109375
0.4165,1.0810546875,-3.4033203125,1.76171875
0.417,0.640625,-3.5234375,2.2421875
0.4175,0.2001953125,-3.2431640625,2.5224609375
0.418,-0.4404296875,-2.802734375,2.6826171875
0.4185,-1.2412109375,-2.2421875,2.9228515625
0.419,-2.001953125,-1.6015625,3.04296875
0.4195,-2.4423828125,-1.1611328125,3.04296875
0.42,-2.8427734375,-0.720703125,3.0029296875
0.4205,-2.962890625,-0.2802734375,2.6826171875
0.421,-3.04296875,0.48046875,2.08203125
0.4215,-3.2431640625,1.201171875,1.6015625
0.422,-3.36328125,1.8818359375,1.041015625
0.4225,-3.36328125,2.322265625,0.640625
0.423,-3.203125,2.5625,0.16015625
0.4235,-2.802734375,2.7626953125,-0.400390625
0.424,-2.2021484375,2.9228515625,-1.28125
0.4245,-1.5615234375,3.0830078125,-2.0419921875
0.425,-1.041015625,3.0830078125,-2.5625
0.4255,-0.640625,3.203125,-2.962890625
0.426,-0.16015625,2.9228515625,-3.203125
0.4265,0.5205078125,2.3623046875,-3.283203125
0.427,1.28125,1.841796875,-3.5634765625
0.4275,2.001953125,1.201171875,-3.603515625
0.428,2.40234375,0.80078125,-3.6435546875
0.4285,2.72265625,0.3603515625,-3.5234375
0.429,2.8427734375,-0.16015625,-3.1630859375
0.4295,2.962890625,-0.9208984375,-2.5224609375
0.43,3.1630859375,-1.6416015625,-2.001953125
0.4305,3.203125,-2.2822265625,-1.4814453125
0.431,3.283203125,-2.72265625,-1.041015625
0.4315,2.962890625,-2.9228515625,-0.6005859375
0.432,2.4423828125,-3.123046875,0.1201171875
0.4325,1.841796875,-3.36328125,0.9609375
0.433,1.12109375,-3.4833984375,1.7216796875
0.4335,0.720703125,-3.4033203125,2.2421875
0.434,0.2802734375,-3.4033203125,2.6025390625
0.4345,-0.3203125,-3.04296875,2.7626953125
0.435,-1.1611328125,-2.322265625,2.8828125
0.4355,-1.8818359375,-1.8017578125,3.123046875
0.436,-2.482421875,-1.2412109375,3.123046875
0.4365,-2.8828125,-0.80078125,3.1630859375
0.437,-3.04296875,-0.3203125,2.802734375
0.4375,-3.123046875,0.3203125,2.2822265625
0.438,-3.283203125,1.12109375,1.7216796875
0.4385,-3.4033203125,1.841796875,1.12109375
0.439,-3.4033203125,2.2822265625,0.6806640625
0.4395,-3.36328125,2.72265625,0.240234375
0.44,-2.962890625,2.802734375,-0.3603515625
0.4405,-2.2822265625,2.8828125,-1.1611328125
0.441,-1.7216796875,3.1630859375,-1.9619140625
0.4415,-1.0810546875,3.203125,-2.6025390625
0.442,-0.6806640625,3.203125,-2.962890625
0.4425,-0.2001953125,3.0029296875,-3.2431640625
0.443,0.4404296875,2.5224609375,-3.36328125
0.4435,1.28125,1.841796875,-3.5634765625
0.444,1.921875,1.28125,-3.68359375
0.4445,2.4423828125,0.7607421875,-3.603515625
0.445,2.802734375,0.4404296875,-3.603515625
0.4455,2.8427734375,-0.16015625,-3.203125
0.446,2.9228515625,-0.80078125,-2.6025390625
0.4465,3.1630859375,-1.5615234375,-2.08203125
0.447,3.203125,-2.2021484375,-1.521484375
0.4475,3.203125,-2.6025390625,-1.12109375
0.448,3.0830078125,-3.0029296875,-0.640625
0.4485,2.642578125,-3.1630859375,-0.080078125
0.449,1.921875,-3.283203125,0.7607421875
0.4495,1.3212890625,-3.36328125,1.521484375
0.45,0.7607421875,-3.4033203125,2.08203125
0.4505,0.400390625,-3.443359375,2.5224609375
0.451,-0.16015625,-3.0830078125,2.6826171875
0.4515,-0.80078125,-2.5625,2.8427734375
0.452,-1.6416015625,-1.9619140625,3.04296875
0.4525,-2.2822265625,-1.4013671875,3.123046875
0.453,-2.72265625,-0.9609375,3.0830078125
0.4535,-3.04296875,-0.560546875,3.04296875
0.454,-3.0830078125,0.0400390625,2.5625
0.4545,-3.203125,0.7607421875,1.921875
0.455,-3.443359375,1.521484375,1.4013671875
0.4555,-3.4833984375,2.2021484375,0.880859375
0.456,-3.4833984375,2.5625,0.4404296875
0.4565,-3.1630859375,2.802734375,-0.16015625
0.457,-2.642578125,2.9228515625,-0.80078125
0.4575,-1.921875,3.203125,-1.7216796875
0.458,-1.3212890625,3.2431640625,-2.40234375
0.4585,-0.80078125,3.283203125,-2.9228515625
0.459,-0.400390625,3.283203125,-3.283203125
0.4595,0.240234375,2.7626953125,-3.4033203125
0.46,1.041015625,2.08203125,-3.5634765625
0.4605,1.8818359375,1.44140625,-3.763671875
0.461,2.40234375,0.9208984375,-3.763671875
0.4615,2.7626953125,0.48046875,-3.68359375
0.462,2.962890625,0.0,-3.4033203125
0.4625,3.04296875,-0.6806640625,-2.8427734375
0.463,3.1630859375,-1.4814453125,-2.162109375
0.4635,3.2431640625,-2.162109375,-1.6416015625
0.464,3.283203125,-2.72265625,-1.1611328125
0.4645,3.203125,-3.0830078125,-0.7607421875
0.465,2.6826171875,-3.1630859375,-0.16015625
0.4655,2.08203125,-3.2431640625,0.640625
0.466,1.361328125,-3.4033203125,1.5615234375
0.4665,0.80078125,-3.4033203125,2.0419921875
0.467,0.3603515625,-3.4033203125,2.482421875
0.4675,0.0,-3.2431640625,2.7626953125
0.468,-0.720703125,-2.6826171875,2.8427734375
0.4685,-1.521484375,-2.0419921875,3.0029296875
0.469,-2.2021484375,-1.44140625,3.123046875
0.4695,-2.72265625,-1.0009765625,3.1630859375
0.47,-3.0029296875,-0.6005859375,3.04296875
0.4705,-3.123046875,0.0,2.6826171875
0.471,-3.203125,0.6005859375,2.1220703125
0.4715,-3.4033203125,1.44140625,1.4814453125
0.472,-3.443359375,2.001953125,0.9609375
0.4725,-3.4833984375,2.5224609375,0.48046875
0.473,-3.36328125,2.802734375,0.0400390625
0.4735,-2.802734375,2.9228515625,-0.6005859375
0.474,-2.162109375,3.123046875,-1.361328125
0.4745,-1.4814453125,3.2431640625,-2.2021484375
0.475,-1.0009765625,3.3232421875,-2.7626953125
0.4755,-0.5205078125,3.283203125,-3.203125
0.476,0.0,3.0029296875,-3.4033203125
0.4765,0.720703125,2.40234375,-3.5634765625
0.477,1.6015625,1.7216796875,-3.7236328125
0.4775,2.2421875,1.12109375,-3.8037109375
0.478,2.72265625,0.640625,-3.8037109375
0.4785,3.0029296875,0.240234375,-3.6435546875
0.479,3.04296875,-0.400390625,-3.0830078125
0.4795,3.1630859375,-1.1611328125,-2.482421875
0.48,3.3232421875,-2.08203125,-1.841796875
0.4805,3.3232421875,-2.6025390625,-1.3212890625
0.481,3.2431640625,-3.04296875,-0.9208984375
0.4815,3.04296875,-3.203125,-0.400390625
0.482,2.3623046875,-3.283203125,0.400390625
0.4825,1.6015625,-3.443359375,1.28125
0.483,0.9609375,-3.4833984375,2.0419921875
0.4835,0.48046875,-3.5634765625,2.5224609375
0.484,0.080078125,-3.36328125,2.802734375
0.4845,-0.5205078125,-2.9228515625,2.8828125
0.485,-1.361328125,-2.2822265625,3.04296875
0.4855,-2.2021484375,-1.5615234375,3.203125
0.486,-2.642578125,-1.041015625,3.1630859375
0.4865,-3.04296875,-0.6005859375,3.123046875
0.487,-3.203125,-0.2001953125,2.8427734375
0.4875,-3.203125,0.5205078125,2.2021484375
0.488,-3.36328125,1.2412109375,1.6015625
0.4885,-3.4833984375,1.9619140625,1.0009765625
0.489,-3.4833984375,2.4423828125,0.5205078125
0.4895,-3.3232421875,2.802734375,0.1201171875
0.49,-2.962890625,2.9228515625,-0.400390625
0.4905,-2.2822265625,3.04296875,-1.1611328125
0.491,-1.6015625,3.203125,-2.0419921875
0.4915,-1.041015625,3.203125,-2.6025390625
0.492,-0.640625,3.283203125,-3.0830078125
0.4925,-0.2001953125,3.123046875,-3.3232421875
0.493,0.4404296875,2.5224609375,-3.36328125
0.4935,1.2412109375,1.9619140625,-3.603515625
0.494,2.0419921875,1.28125,-3.7236328125
0.4945,2.482421875,0.8408203125,-3.7236328125
0.495,2.8427734375,0.400390625,-3.6435546875
0.4955,2.962890625,0.0,-3.36328125
0.496,3.04296875,-0.80078125,-2.72265625
0.4965,3.203125,-1.6015625,-2.2021484375
0.497,3.2431640625,-2.2822265625,-1.6416015625
0.4975,3.3232421875,-2.72265625,-1.12109375
0.498,3.1630859375,-3.04296875,-0.6806640625
0.4985,2.6826171875,-3.1630859375,0.0
0.499,2.08203125,-3.36328125,0.7607421875
0.4995,1.3212890625,-3.443359375,1.6015625
0.5,0.80078125,-3.4833984375,2.162109375
0.5005,0.3603515625,-3.4833984375,2.5625
0.501,-0.080078125,-3.203125,2.802734375
0.5015,-0.8408203125,-2.5625,2.8427734375
0.502,-1.6416015625,-2.001953125,3.0830078125
0.5025,-2.322265625,-1.361328125,3.1630859375
0.503,-2.7626953125,-0.9609375,3.203125
0.5035,-3.04296875,-0.5205078125,3.0029296875
0.504,-3.123046875,0.0,2.5224609375
0.5045,-3.283203125,0.7607421875,1.921875
0.505,-3.443359375,1.5615234375,1.3212890625
0.5055,-3.4833984375,2.1220703125,0.880859375
0.506,-3.4833984375,2.6025390625,0.400390625
0.5065,-3.203125,2.8427734375,0.0
0.507,-2.5625,2.8828125,-0.80078125
0.5075,-2.001953125,3.1630859375,-1.6015625
0.508,-1.28125,3.203125,-2.3623046875
0.5085,-0.8408203125,3.2431640625,-2.8427734375
0.509,-0.400390625,3.1630859375,-3.1630859375
0.5095,0.1201171875,2.802734375,-3.3232421875
0.51,0.9208984375,2.1220703125,-3.443359375
0.5105,1.6416015625,1.5615234375,-3.603515625
0.511,2.2021484375,1.0009765625,-3.603515625
0.5115,2.642578125,0.640625,-3.68359375
0.512,2.7626953125,0.16015625,-3.4033203125
0.5125,2.8427734375,-0.48046875,-2.8828125
0.513,3.04296875,-1.201171875,-2.4423828125
0.5135,3.1630859375,-1.8818359375,-1.8017578125
0.514,3.1630859375,-2.322265625,-1.361328125
0.5145,3.1630859375,-2.802734375,-0.9208984375
0.515,2.8427734375,-2.962890625,-0.400390625
0.5155,2.2421875,-3.0830078125,0.2802734375
0.516,1.681640625,-3.283203125,1.12109375
0.5165,1.0810546875,-3.3232421875,1.76171875
0.517,0.640625,-3.443359375,2.2421875
0.5175,0.240234375,-3.2431640625,2.5224609375
0.518,-0.3603515625,-2.8828125,2.6826171875
0.5185,-1.1611328125,-2.2822265625,2.8828125
0.519,-1.8818359375,-1.7216796875,3.04296875
0.5195,-2.3623046875,-1.28125,3.0830078125
0.52,-2.7626953125,-0.880859375,3.04296875
0.5205,-2.9228515625,-0.4404296875,2.7626953125
0.521,-3.0029296875,0.240234375,2.2021484375
0.5215,-3.2431640625,1.0009765625,1.76171875
0.522,-3.36328125,1.7216796875,1.201171875
0.5225,-3.4033203125,2.2021484375,0.7607421875
0.523,-3.283203125,2.5625,0.2802734375
0.5235,-2.9228515625,2.72265625,-0.3203125
0.524,-2.2822265625,2.9228515625,-1.041015625
0.5245,-1.7216796875,3.0830078125,-1.841796875
0.525,-1.201171875,3.1630859375,-2.4423828125
0.5255,-0.80078125,3.2431640625,-2.8828125
0.526,-0.2802734375,2.962890625,-3.123046875
0.5265,0.400390625,2.4423828125,-3.2431640625
0.527,1.1611328125,1.921875,-3.5234375
0.5275,1.8818359375,1.3212890625,-3.603515625
0.528,2.2822265625,0.9208984375,-3.6435546875
0.5285,2.642578125,0.4404296875,-3.5634765625
0.529,2.7626953125,-0.1201171875,-3.203125
0.5295,2.8427734375,-0.80078125,-2.5625
0.53,3.0830078125,-1.4814453125,-2.08203125
0.5305,3.1630859375,-2.08203125,-1.6015625
0.531,3.203125,-2.5625,-1.1611328125
0.5315,2.9228515625,-2.802734375,-0.6806640625
0.532,2.482421875,-2.962890625,0.0
0.5325,1.921875,-3.203125,0.7607421875
0.533,1.28125,-3.2431640625,1.44140625
0.5335,0.880859375,-3.283203125,1.921875
0.534,0.4404296875,-3.3232421875,2.3623046875
0.5345,-0.080078125,-3.0029296875,2.5224609375
0.535,-0.80078125,-2.4423828125,2.6826171875
0.5355,-1.4814453125,-1.9619140625,2.8828125
0.536,-2.08203125,-1.44140625,2.9228515625
0.5365,-2.482421875,-1.12109375,3.0029296875
0.537,-2.72265625,-0.640625,2.7626953125
0.5375,-2.8828125,-0.080078125,2.4423828125
0.538,-3.0830078125,0.6005859375,1.921875
0.5385,-3.203125,1.28125,1.44140625
0.539,-3.283203125,1.8017578125,1.0009765625
0.5395,-3.3232421875,2.2822265625,0.560546875
0.54,-3.04296875,2.5224609375,0.080078125
0.5405,-2.5625,2.6826171875,-0.640625
0.541,-2.08203125,2.962890625,-1.3212890625
0.5415,-1.4814453125,3.04296875,-2.001953125
0.542,-1.0810546875,3.1630859375,-2.5224609375
0.5425,-0.640625,3.04296875,-2.8828125
0.543,0.0,2.7626953125,-3.123046875
0.5435,0.6806640625,2.162109375,-3.283203125
0.544,1.361328125,1.6416015625,-3.4833984375
0.5445,1.921875,1.201171875,-3.5634765625
0.545,2.40234375,0.7607421875,-3.68359375
0.5455,2.5625,0.3203125,-3.3232421875
0.546,2.6826171875,-0.3203125,-2.8828125
0.5465,2.962890625,-1.0009765625,-2.4423828125
0.547,3.0830078125,-1.681640625,-1.8818359375
0.5475,3.1630859375,-2.2021484375,-1.4814453125
0.548,3.123046875,-2.6025390625,-1.0009765625
0.5485,2.72265625,-2.8427734375,-0.48046875
0.549,2.162109375,-2.962890625,0.3603515625
0.5495,1.6015625,-3.203125,1.0810546875
0.55,1.12109375,-3.283203125,1.681640625
0.5505,0.720703125,-3.36328125,2.1220703125
0.551,0.2001953125,-3.123046875,2.40234375
0.5515,-0.4404296875,-2.6826171875,2.5625
0.552,-1.201171875,-2.2021484375,2.802734375
0.5525,-1.8017578125,-1.681640625,2.8828125
0.553,-2.2822265625,-1.28125,2.9228515625
0.5535,-2.642578125,-0.8408203125,2.9228515625
0.554,-2.7626953125,-0.3203125,2.5625
0.5545,-2.8828125,0.3603515625,2.0419921875
0.555,-3.1630859375,1.041015625,1.6416015625
0.5555,-3.2431640625,1.6416015625,1.12109375
0.556,-3.283203125,2.1220703125,0.7607421875
0.5565,-3.0830078125,2.40234375,0.2802734375
0.557,-2.72265625,2.6025390625,-0.3603515625
0.5575,-2.162109375,2.8427734375,-1.12109375
0.558,-1.6015625,2.962890625,-1.8017578125
0.5585,-1.1611328125,3.04296875,-2.322265625
0.559,-0.80078125,3.123046875,-2.7626953125
0.5595,-0.2802734375,2.802734375,-2.962890625
0.56,0.4404296875,2.2822265625,-3.203125
0.5605,1.1611328125,1.8017578125,-3.443359375
0.561,1.76171875,1.28125,-3.5634765625
0.5615,2.2021484375,0.9609375,-3.5634765625
0.562,2.5224609375,0.48046875,-3.4033203125
0.5625,2.6826171875,0.0,-3.0830078125
0.563,2.8427734375,-0.80078125,-2.5625
0.5635,3.04296875,-1.4814453125,-2.08203125
0.564,3.1630859375,-2.08203125,-1.6015625
0.5645,3.203125,-2.5625,-1.1611328125
0.565,2.8427734375,-2.7626953125,-0.640625
0.5655,2.40234375,-2.962890625,0.080078125
0.566,1.8017578125,-3.203125,0.9609375
0.5665,1.2412109375,-3.283203125,1.5615234375
0.567,0.80078125,-3.4033203125,2.0419921875
0.5675,0.3603515625,-3.3232421875,2.4423828125
0.568,-0.3203125,-2.9228515625,2.6025390625
0.5685,-1.041015625,-2.322265625,2.802734375
0.569,-1.8017578125,-1.841796875,2.962890625
0.5695,-2.322265625,-1.28125,3.04296875
0.57,-2.6826171875,-0.880859375,3.04296875
0.5705,-2.8427734375,-0.3603515625,2.6826171875
0.571,-2.962890625,0.2802734375,2.2021484375
0.5715,-3.203125,1.0810546875,1.6416015625
0.572,-3.283203125,1.6416015625,1.1611328125
0.5725,-3.3232421875,2.2021484375,0.6806640625
0.573,-3.2431640625,2.5625,0.2802734375
0.5735,-2.7626953125,2.6826171875,-0.3603515625
0.574,-2.2021484375,2.8427734375,-1.12109375
0.5745,-1.6416015625,3.04296875,-1.8818359375
0.575,-1.1611328125,3.1630859375,-2.4423828125
0.5755,-0.720703125,3.1630859375,-2.8828125
0.576,-0.2802734375,2.8427734375,-3.0830078125
0.5765,0.4404296875,2.40234375,-3.2431640625
0.577,1.201171875,1.76171875,-3.4833984375
0.5775,1.841796875,1.3212890625,-3.5634765625
0.578,2.2822265625,0.880859375,-3.5634765625
0.5785,2.6025390625,0.5205078125,-3.5634765625
0.579,2.72265625,-0.080078125,-3.0830078125
0.5795,2.8427734375,-0.720703125,-2.6025390625
0.58,3.04296875,-1.521484375,-2.08203125
0.5805,3.123046875,-2.08203125,-1.5615234375
0.581,3.1630859375,-2.5224609375,-1.1611328125
0.5815,3.0029296875,-2.8427734375,-0.6806640625
0.582,2.5224609375,-2.962890625,0.0
0.5825,1.8818359375,-3.1630859375,0.7607421875
0.583,1.3212890625,-3.2431640625,1.44140625
0.5835,0.8408203125,-3.36328125,2.001953125
0.584,0.48046875,-3.4033203125,2.3623046875
0.5845,-0.080078125,-3.04296875,2.5224609375
0.585,-0.80078125,-2.5224609375,2.72265625
0.5855,-1.6015625,-1.921875,2.962890625
0.586,-2.1220703125,-1.44140625,3.0029296875
0.5865,-2.6025390625,-1.0009765625,3.04296875
0.587,-2.8427734375,-0.6005859375,2.8828125
0.5875,-2.9228515625,0.0400390625,2.40234375
0.588,-3.123046875,0.7607421875,1.921875
0.5885,-3.283203125,1.44140625,1.361328125
0.589,-3.36328125,2.0419921875,0.9208984375
0.5895,-3.36328125,2.40234375,0.48046875
0.59,-3.04296875,2.642578125,0.0
0.5905,-2.5224609375,2.8427734375,-0.720703125
0.591,-1.8818359375,3.04296875,-1.6015625
0.5915,-1.3212890625,3.123046875,-2.2021484375
0.592,-0.9208984375,3.1630859375,-2.72265625
0.5925,-0.5205078125,3.123046875,-3.0830078125
0.593,0.16015625,2.6025390625,-3.203125
0.5935,0.9208984375,2.08203125,-3.4033203125
0.594,1.681640625,1.4814453125,-3.5634765625
0.5945,2.162109375,1.041015625,-3.603515625
0.595,2.5224609375,0.640625,-3.5634765625
0.5955,2.6826171875,0.16015625,-3.283203125
0.596,2.8427734375,-0.5205078125,-2.7626953125
0.5965,3.04296875,-1.28125,-2.2021484375
0.597,3.123046875,-1.921875,-1.7216796875
0.5975,3.1630859375,-2.4423828125,-1.28125
0.598,3.123046875,-2.7626953125,-0.8408203125
0.5985,2.642578125,-2.9228515625,-0.2802734375
0.599,2.08203125,-3.123046875,0.48046875
0.5995,1.44140625,-3.283203125,1.3212890625
0.6,0.9609375,-3.36328125,1.841796875
0.6005,0.560546875,-3.4033203125,2.2822265625
0.601,0.1201171875,-3.203125,2.5625
0.6015,-0.640625,-2.6025390625,2.6826171875
0.602,-1.4013671875,-2.08203125,2.8828125
0.6025,-2.0419921875,-1.521484375,3.04296875
0.603,-2.5625,-1.12109375,3.0830078125
0.6035,-2.8427734375,-0.720703125,2.962890625
0.604,-2.9228515625,-0.16015625,2.5625
0.6045,-3.0830078125,0.5205078125,2.08203125
0.605,-3.283203125,1.3212890625,1.521484375
0.6055,-3.36328125,1.8818359375,1.041015625
0.606,-3.36328125,2.3623046875,0.560546875
0.6065,-3.203125,2.642578125,0.1201171875
0.607,-2.642578125,2.7626953125,-0.6005859375
0.6075,-2.08203125,3.0029296875,-1.361328125
0.608,-1.4814453125,3.123046875,-2.1220703125
0.6085,-1.041015625,3.1630859375,-2.642578125
0.609,-0.640625,3.1630859375,-3.0029296875
0.6095,-0.080078125,2.8427734375,-3.203125
0.61,0.6806640625,2.2822265625,-3.36328125
0.6105,1.521484375,1.6416015625,-3.603515625
0.611,2.0419921875,1.1611328125,-3.6435546875
0.6115,2.5625,0.720703125,-3.68359375
0.612,2.802734375,0.2802734375,-3.4833984375
0.6125,2.8427734375,-0.3603515625,-2.9228515625
0.613,3.04296875,-1.12109375,-2.4423828125
0.6135,3.203125,-1.921875,-1.8017578125
0.614,3.2431640625,-2.40234375,-1.361328125
0.6145,3.1630859375,-2.802734375,-0.9208984375
0.615,2.8828125,-3.04296875,-0.400390625
0.6155,2.2421875,-3.1630859375,0.3603515625
0.616,1.5615234375,-3.36328125,1.2412109375
0.6165,0.9609375,-3.4033203125,1.8818359375
0.617,0.6005859375,-3.4833984375,2.3623046875
0.6175,0.1201171875,-3.2431640625,2.642578125
0.618,-0.5205078125,-2.802734375,2.72265625
0.6185,-1.3212890625,-2.2021484375,2.962890625
0.619,-2.08203125,-1.5615234375,3.123046875
0.6195,-2.5625,-1.12109375,3.123046875
0.62,-2.9228515625,-0.6806640625,3.04296875
0.6205,-3.0830078125,-0.240234375,2.7626953125
0.621,-3.0830078125,0.48046875,2.08203125
0.6215,-3.283203125,1.2412109375,1.5615234375
0.622,-3.4033203125,1.9619140625,1.0009765625
0.6225,-3.443359375,2.40234375,0.6005859375
0.623,-3.2431640625,2.72265625,0.1201171875
0.6235,-2.8828125,2.8427734375,-0.48046875
0.624,-2.2021484375,3.0029296875,-1.3212890625
0.6245,-1.521484375,3.1630859375,-2.1220703125
0.625,-1.0009765625,3.1630859375,-2.6025390625
0.6255,-0.6005859375,3.2431640625,-3.123046875
0.626,-0.1201171875,2.962890625,-3.283203125
0.6265,0.6005859375,2.3623046875,-3.36328125
0.627,1.4013671875,1.8017578125,-3.603515625
0.6275,2.162109375,1.1611328125,-3.7236328125
0.628,2.5625,0.7607421875,-3.7236328125
0.6285,2.8427734375,0.2802734375,-3.5634765625
0.629,2.962890625,-0.2001953125,-3.1630859375
0.6295,3.04296875,-1.0009765625,-2.5224609375
0.63,3.203125,-1.8017578125,-1.9619140625
0.6305,3.2431640625,-2.322265625,-1.4013671875
0.631,3.283203125,-2.8427734375,-1.0009765625
0.6315,3.0029296875,-3.04296875,-0.5205078125
0.632,2.4423828125,-3.203125,0.2001953125
0.6325,1.841796875,-3.4033203125,1.0009765625
0.633,1.0810546875,-3.443359375,1.841796875
0.6335,0.640625,-3.443359375,2.2822265625
0.634,0.240234375,-3.4033203125,2.6826171875
0.6345,-0.3203125,-3.04296875,2.802734375
0.635,-1.1611328125,-2.2822265625,2.8828125
0.6355,-1.921875,-1.8017578125,3.123046875
0.636,-2.5224609375,-1.1611328125,3.123046875
0.6365,-2.8828125,-0.80078125,3.1630859375
0.637,-3.0830078125,-0.3203125,2.8427734375
0.6375,-3.1630859375,0.2802734375,2.3623046875
0.638,-3.283203125,1.0810546875,1.76171875
0.6385,-3.4033203125,1.8017578125,1.1611328125
0.639,-3.4033203125,2.2822265625,0.6806640625
0.6395,-3.4833984375,2.5625,0.16015625
0.64,-3.04296875,2.8427734375,-0.3203125
0.6405,-2.322265625,2.8828125,-1.041015625
0.641,-1.8017578125,3.1630859375,-1.8017578125
0.6415,-1.12109375,3.203125,-2.5224609375
0.642,-0.720703125,3.2431640625,-2.962890625
0.6425,-0.2802734375,3.0830078125,-3.203125
0.643,0.3203125,2.6826171875,-3.36328125
0.6435,1.1611328125,1.9619140625,-3.5634765625
0.644,1.8818359375,1.361328125,-3.68359375
0.6445,2.40234375,0.880859375,-3.68359375
0.645,2.802734375,0.48046875,-3.7236328125
0.6455,2.8828125,0.0,-3.283203125
0.646,2.962890625,-0.720703125,-2.72265625
0.6465,3.203125,-1.4814453125,-2.2021484375
0.647,3.283203125,-2.2021484375,-1.6015625
0.6475,3.203125,-2.802734375,-1.201171875
0.648,3.1630859375,-3.0830078125,-0.6806640625
0.6485,2.72265625,-3.203125,-0.16015625
0.649,1.9619140625,-3.2431640625,0.7607421875
0.6495,1.361328125,-3.443359375,1.5615234375
0.65,0.7607421875,-3.4833984375,2.162109375
0.6505,0.400390625,-3.5634765625,2.6025390625
0.651,-0.16015625,-3.1630859375,2.7626953125
0.6515,-0.880859375,-2.6025390625,2.8828125
0.652,-1.7216796875,-1.9619140625,3.123046875
0.6525,-2.40234375,-1.361328125,3.1630859375
0.653,-2.8427734375,-0.880859375,3.123046875
0.6535,-3.0830078125,-0.48046875,3.04296875
0.654,-3.203125,0.1201171875,2.5625
0.6545,-3.203125,0.880859375,1.921875
0.655,-3.443359375,1.6015625,1.361328125
0.6555,-3.5634765625,2.1220703125,0.7607421875
0.656,-3.443359375,2.6025390625,0.3603515625
0.6565,-3.1630859375,2.8427734375,-0.2001953125
0.657,-2.6025390625,3.0029296875,-0.80078125
0.6575,-1.8818359375,3.1630859375,-1.76171875
0.658,-1.28125,3.203125,-2.40234375
0.6585,-0.7607421875,3.2431640625,-2.9228515625
0.659,-0.400390625,3.2431640625,-3.283203125
0.6595,0.240234375,2.7626953125,-3.4033203125
0.66,1.0009765625,2.1220703125,-3.5234375
0.6605,1.841796875,1.521484375,-3.7236328125
0.661,2.40234375,0.9609375,-3.7236328125
0.6615,2.7626953125,0.5205078125,-3.68359375
0.662,2.962890625,0.080078125,-3.4833984375
0.6625,3.04296875,-0.6005859375,-2.9228515625
0.663,3.1630859375,-1.361328125,-2.2421875
0.6635,3.203125,-2.08203125,-1.6416015625
0.664,3.283203125,-2.72265625,-1.201171875
0.6645,3.3232421875,-3.0029296875,-0.720703125
0.665,2.7626953125,-3.1630859375,-0.2001953125
0.6655,2.2021484375,-3.283203125,0.560546875
0.666,1.4814453125,-3.4833984375,1.44140625
0.6665,0.880859375,-3.4833984375,2.0419921875
0.667,0.4404296875,-3.4833984375,2.5224609375
0.6675,0.0400390625,-3.36328125,2.8427734375
0.668,-0.640625,-2.802734375,2.9228515625
0.6685,-1.4814453125,-2.08203125,3.04296875
0.669,-2.2421875,-1.521484375,3.1630859375
0.6695,-2.72265625,-1.0009765625,3.203125
0.67,-3.0830078125,-0.6005859375,3.123046875
0.6705,-3.1630859375,0.0,2.72265625
0.671,-3.2431640625,0.6005859375,2.162109375
0.6715,-3.4033203125,1.44140625,1.521484375
0.672,-3.4833984375,2.001953125,0.9609375
0.6725,-3.4833984375,2.6025390625,0.560546875
0.673,-3.36328125,2.8828125,0.0400390625
0.6735,-2.8427734375,2.962890625,-0.640625
0.674,-2.1220703125,3.123046875,-1.44140625
0.6745,-1.4814453125,3.283203125,-2.2421875
0.675,-0.9609375,3.283203125,-2.802734375
0.6755,-0.5205078125,3.2431640625,-3.203125
0.676,0.0,2.962890625,-3.4033203125
0.6765,0.720703125,2.40234375,-3.5234375
0.677,1.5615234375,1.681640625,-3.6435546875
0.6775,2.2021484375,1.12109375,-3.7236328125
0.678,2.6826171875,0.640625,-3.7236328125
0.6785,2.9228515625,0.2802734375,-3.603515625
0.679,3.0029296875,-0.3603515625,-3.0830078125
0.6795,3.123046875,-1.041015625,-2.5224609375
0.68,3.2431640625,-1.9619140625,-1.921875
0.6805,3.4033203125,-2.40234375,-1.4013671875
0.681,3.203125,-2.8828125,-0.9208984375
0.6815,3.04296875,-3.1630859375,-0.48046875
0.682,2.4423828125,-3.203125,0.240234375
0.6825,1.76171875,-3.36328125,1.0810546875
0.683,1.12109375,-3.443359375,1.841796875
0.6835,0.6005859375,-3.4833984375,2.3623046875
0.684,0.2001953125,-3.4033203125,2.6826171875
0.6845,-0.3603515625,-3.0029296875,2.802734375
0.685,-1.12109375,-2.40234375,2.962890625
0.6855,-1.9619140625,-1.7216796875,3.123046875
0.686,-2.4423828125,-1.2412109375,3.123046875
0.6865,-2.8828125,-0.80078125,3.123046875
0.687,-3.0830078125,-0.3603515625,2.9228515625
0.6875,-3.0830078125,0.2802734375,2.322265625
0.688,-3.2431640625,0.9609375,1.76171875
0.6885,-3.36328125,1.76171875,1.12109375
0.689,-3.4833984375,2.2421875,0.720703125
0.6895,-3.36328125,2.6025390625,0.3203125
0.69,-3.04296875,2.8427734375,-0.240234375
0.6905,-2.482421875,3.0029296875,-0.9609375
0.691,-1.8017578125,3.1630859375,-1.8017578125
0.6915,-1.2412109375,3.1630859375,-2.40234375
0.692,-0.80078125,3.2431640625,-2.9228515625
0.6925,-0.3603515625,3.1630859375,-3.203125
0.693,0.2802734375,2.642578125,-3.3232421875
0.6935,1.041015625,2.08203125,-3.5634765625
0.694,1.8818359375,1.4013671875,-3.7236328125
0.6945,2.3623046875,0.9609375,-3.7236328125
0.695,2.72265625,0.5205078125,-3.68359375
0.6955,2.9228515625,0.0,-3.4033203125
0.696,2.962890625,-0.6806640625,-2.8427734375
0.6965,3.123046875,-1.5615234375,-2.2822265625
0.697,3.2431640625,-2.08203125,-1.6416015625
0.6975,3.283203125,-2.642578125,-1.201171875
0.698,3.1630859375,-2.9228515625,-0.80078125
0.6985,2.6826171875,-3.0830078125,-0.16015625
0.699,2.1220703125,-3.2431640625,0.6005859375
0.6995,1.4013671875,-3.36328125,1.521484375
0.7,0.880859375,-3.4033203125,2.001953125
0.7005,0.4404296875,-3.4033203125,2.482421875
0.701,0.0,-3.203125,2.6826171875
0.7015,-0.720703125,-2.6025390625,2.7626953125
0.702,-1.4814453125,-2.0419921875,3.0029296875
0.7025,-2.162109375,-1.44140625,3.0830078125
0.703,-2.642578125,-1.0009765625,3.123046875
0.7035,-2.8828125,-0.640625,2.9228515625
0.704,-3.04296875,-0.16015625,2.5625
0.7045,-3.1630859375,0.560546875,2.0419921875
0.705,-3.283203125,1.361328125,1.44140625
0.7055,-3.36328125,1.921875,1.0009765625
0.706,-3.4033203125,2.40234375,0.5205078125
0.7065,-3.203125,2.6826171875,0.1201171875
0.707,-2.642578125,2.802734375,-0.560546875
0.7075,-2.1220703125,3.0029296875,-1.3212890625
0.708,-1.44140625,3.123046875,-2.08203125
0.7085,-1.0009765625,3.1630859375,-2.5625
0.709,-0.6005859375,3.1630859375,-2.962890625
0.7095,-0.16015625,2.8828125,-3.203125
0.71,0.6005859375,2.2822265625,-3.3232421875
0.7105,1.361328125,1.76171875,-3.5234375
0.711,1.921875,1.2412109375,-3.5634765625
0.7115,2.40234375,0.7607421875,-3.68359375
0.712,2.6826171875,0.3203125,-3.5234375
0.7125,2.7626953125,-0.2802734375,-3.04296875
0.713,2.962890625,-0.9208984375,-2.5625
0.7135,3.1630859375,-1.681640625,-1.9619140625
0.714,3.1630859375,-2.2021484375,-1.521484375
0.7145,3.1630859375,-2.642578125,-1.041015625
0.715,2.9228515625,-2.8828125,-0.6005859375
0.7155,2.3623046875,-3.04296875,0.1201171875
0.716,1.8017578125,-3.203125,0.9609375
0.7165,1.201171875,-3.283203125,1.6015625
0.717,0.7607421875,-3.443359375,2.162109375
0.7175,0.3203125,-3.283203125,2.482421875
0.718,-0.2802734375,-2.8828125,2.6025390625
0.7185,-1.0009765625,-2.3623046875,2.8427734375
0.719,-1.8017578125,-1.76171875,2.962890625
0.7195,-2.2822265625,-1.361328125,3.0029296875
0.72,-2.72265625,-0.9609375,3.04296875
0.7205,-2.8828125,-0.5205078125,2.7626953125
0.721,-2.9228515625,0.240234375,2.2421875
0.7215,-3.203125,0.9208984375,1.76171875
0.722,-3.283203125,1.6015625,1.201171875
0.7225,-3.3232421875,2.08203125,0.80078125
0.723,-3.203125,2.40234375,0.3603515625
0.7235,-2.8828125,2.642578125,-0.2001953125
0.724,-2.322265625,2.802734375,-0.9609375
0.7245,-1.76171875,2.962890625,-1.6416015625
0.725,-1.28125,3.04296875,-2.2421875
0.7255,-0.8408203125,3.1630859375,-2.72265625
0.726,-0.400390625,2.9228515625,-2.962890625
0.7265,0.240234375,2.482421875,-3.0830078125
0.727,0.9208984375,2.0419921875,-3.36328125
0.7275,1.6416015625,1.4013671875,-3.5234375
0.728,2.0419921875,1.0009765625,-3.5634765625
0.7285,2.4423828125,0.6005859375,-3.5634765625
0.729,2.6025390625,0.16015625,-3.203125
0.7295,2.7626953125,-0.5205078125,-2.72265625
0.73,2.962890625,-1.2412109375,-2.2822265625
0.7305,3.0830078125,-1.8017578125,-1.8017578125
0.731,3.1630859375,-2.322265625,-1.3212890625
0.7315,3.0029296875,-2.642578125,-0.9208984375
0.732,2.5625,-2.802734375,-0.2802734375
0.7325,2.1220703125,-3.0830078125,0.4404296875
0.733,1.4814453125,-3.203125,1.201171875
0.7335,1.041015625,-3.283203125,1.7216796875
0.734,0.6005859375,-3.36328125,2.2021484375
0.7345,0.1201171875,-3.123046875,2.4423828125
0.735,-0.6005859375,-2.6025390625,2.6025390625
0.7355,-1.28125,-2.162109375,2.8427734375
0.736,-1.9619140625,-1.6015625,2.9228515625
0.7365,-2.40234375,-1.28125,3.0029296875
0.737,-2.642578125,-0.720703125,2.8427734375
0.7375,-2.8427734375,-0.2001953125,2.5224609375
0.738,-3.04296875,0.48046875,2.0419921875
0.7385,-3.203125,1.2412109375,1.521484375
0.739,-3.283203125,1.76171875,1.0810546875
0.7395,-3.3232421875,2.2822265625,0.6005859375
0.74,-3.0830078125,2.482421875,0.1201171875
0.7405,-2.5625,2.642578125,-0.560546875
0.741,-2.08203125,2.9228515625,-1.28125
0.7415,-1.4814453125,3.04296875,-2.001953125
0.742,-1.0810546875,3.123046875,-2.482421875
0.7425,-0.640625,3.04296875,-2.8828125
0.743,-0.080078125,2.72265625,-3.0830078125
0.7435,0.6806640625,2.08203125,-3.2431640625
0.744,1.4013671875,1.6015625,-3.4833984375
0.7445,1.921875,1.12109375,-3.5634765625
0.745,2.40234375,0.80078125,-3.5634765625
0.7455,2.5224609375,0.3203125,-3.283203125
0.746,2.642578125,-0.3203125,-2.8427734375
0.7465,2.9228515625,-1.0009765625,-2.40234375
0.747,3.04296875,-1.681640625,-1.8818359375
0.7475,3.0830078125,-2.1220703125,-1.44140625
0.748,3.04296875,-2.6025390625,-1.0009765625
0.7485,2.72265625,-2.7626953125,-0.5205078125
0.749,2.162109375,-2.9228515625,0.2802734375
0.7495,1.6416015625,-3.1630859375,1.0009765625
0.75,1.12109375,-3.203125,1.6015625
0.7505,0.7607421875,-3.36328125,2.08203125
0.751,0.240234375,-3.1630859375,2.3623046875
0.7515,-0.3603515625,-2.72265625,2.5224609375
0.752,-1.12109375,-2.2421875,2.802734375
0.7525,-1.8017578125,-1.76171875,2.8828125
0.753,-2.2822265625,-1.28125,3.0029296875
0.7535,-2.642578125,-0.880859375,2.962890625
0.754,-2.8427734375,-0.400390625,2.642578125
0.7545,-2.9228515625,0.2802734375,2.162109375
0.755,-3.203125,1.0009765625,1.7216796875
0.7555,-3.283203125,1.6416015625,1.201171875
0.756,-3.36328125,2.162109375,0.7607421875
0.7565,-3.1630859375,2.482421875,0.2802734375
0.757,-2.7626953125,2.6826171875,-0.3203125
0.7575,-2.2021484375,2.8828125,-1.1611328125
0.758,-1.6416015625,3.04296875,-1.841796875
0.7585,-1.1611328125,3.123046875,-2.40234375
0.759,-0.7607421875,3.203125,-2.8828125
0.7595,-0.2001953125,2.802734375,-3.0830078125
0.76,0.48046875,2.2421875,-3.2431640625
0.7605,1.28125,1.7216796875,-3.5234375
0.761,1.921875,1.2412109375,-3.5634765625
0.7615,2.3623046875,0.880859375,-3.603515625
0.762,2.6025390625,0.400390625,-3.443359375
0.7625,2.7626953125,-0.16015625,-3.04296875
0.763,2.9228515625,-0.9609375,-2.4423828125
0.7635,3.123046875,-1.6015625,-1.9619140625
0.764,3.1630859375,-2.2021484375,-1.4814453125
0.7645,3.203125,-2.642578125,-1.0810546875
0.765,2.8427734375,-2.8828125,-0.5205078125
0.7655,2.2822265625,-3.0029296875,0.2001953125
0.766,1.7216796875,-3.2431640625,1.041015625
0.7665,1.12109375,-3.283203125,1.6416015625
0.767,0.6806640625,-3.36328125,2.162109375
0.7675,0.2802734375,-3.36328125,2.5224609375
0.768,-0.3603515625,-2.8828125,2.642578125
0.7685,-1.1611328125,-2.2822265625,2.7626953125
0.769,-1.841796875,-1.681640625,2.962890625
0.7695,-2.40234375,-1.201171875,3.04296875
0.77,-2.72265625,-0.8408203125,3.04296875
0.7705,-2.8828125,-0.3203125,2.6826171875
0.771,-2.962890625,0.2802734375,2.2021484375
0.7715,-3.203125,1.0810546875,1.6416015625
0.772,-3.283203125,1.681640625,1.1611328125
0.7725,-3.283203125,2.162109375,0.720703125
0.773,-3.2431640625,2.5224609375,0.2802734375
0.7735,-2.8427734375,2.642578125,-0.3203125
0.774,-2.2421875,2.8427734375,-1.0009765625
0.7745,-1.7216796875,3.04296875,-1.76171875
0.775,-1.1611328125,3.123046875,-2.3623046875
0.7755,-0.80078125,3.123046875,-2.7626953125
0.776,-0.3203125,2.8828125,-3.04296875
0.7765,0.2802734375,2.4423828125,-3.2431640625
0.777,1.12109375,1.921875,-3.4033203125
0.7775,1.681640625,1.4013671875,-3.5634765625
0.778,2.2421875,0.9609375,-3.5634765625
0.7785,2.5625,0.6005859375,-3.603515625
0.779,2.6826171875,0.0400390625,-3.203125
0.7795,2.8427734375,-0.640625,-2.6826171875
0.78,3.0830078125,-1.361328125,-2.2021484375
0.7805,3.1630859375,-1.9619140625,-1.681640625
0.781,3.1630859375,-2.4423828125,-1.28125
0.7815,3.04296875,-2.8427734375,-0.7607421875
0.782,2.6025390625,-2.962890625,-0.16015625
0.7825,1.921875,-3.1630859375,0.6806640625
0.783,1.4013671875,-3.283203125,1.4013671875
0.7835,0.880859375,-3.443359375,1.9619140625
0.784,0.48046875,-3.4833984375,2.40234375
0.7845,-0.1201171875,-3.0830078125,2.5224609375
0.785,-0.80078125,-2.5625,2.802734375
0.7855,-1.6416015625,-1.921875,3.0029296875
0.786,-2.162109375,-1.4013671875,3.04296875
0.7865,-2.6025390625,-1.0009765625,3.04296875
0.787,-2.8828125,-0.6005859375,2.9228515625
0.7875,-2.962890625,0.080078125,2.40234375
0.788,-3.1630859375,0.80078125,1.841796875
0.7885,-3.3232421875,1.521484375,1.361328125
0.789,-3.4033203125,2.08203125,0.8408203125
0.7895,-3.36328125,2.482421875,0.4404296875
0.79,-3.0029296875,2.6826171875,-0.1201171875
0.7905,-2.5224609375,2.8427734375,-0.80078125
0.791,-1.841796875,3.04296875,-1.681640625
0.7915,-1.28125,3.0830078125,-2.2822265625
0.792,-0.8408203125,3.123046875,-2.7626953125
0.7925,-0.48046875,3.04296875,-3.1630859375
0.793,0.2001953125,2.6025390625,-3.203125
0.7935,0.9609375,2.0419921875,-3.4033203125
0.794,1.681640625,1.44140625,-3.5634765625
0.7945,2.2421875,0.9609375,-3.603515625
0.795,2.5625,0.6005859375,-3.5634765625
0.7955,2.7626953125,0.1201171875,-3.283203125
0.796,2.8828125,-0.5205078125,-2.802734375
0.7965,3.04296875,-1.28125,-2.2421875
0.797,3.1630859375,-1.921875,-1.7216796875
0.7975,3.1630859375,-2.4423828125,-1.28125
0.798,3.1630859375,-2.802734375,-0.880859375
0.7985,2.6826171875,-2.962890625,-0.2802734375
0.799,2.162109375,-3.1630859375,0.48046875
0.7995,1.44140625,-3.36328125,1.3212890625
0.8,0.9609375,-3.4033203125,1.921875
0.8005,0.5205078125,-3.4833984375,2.2822265625
0.801,0.1201171875,-3.2431640625,2.6025390625
0.8015,-0.640625,-2.6826171875,2.7626953125
0.802,-1.44140625,-2.08203125,2.962890625
0.8025,-2.08203125,-1.5615234375,3.04296875
0.803,-2.6025390625,-1.0810546875,3.1630859375
0.8035,-2.8828125,-0.6806640625,3.04296875
0.804,-3.04296875,-0.16015625,2.6025390625
0.8045,-3.203125,0.6005859375,2.08203125
0.805,-3.36328125,1.4013671875,1.4814453125
0.8055,-3.4033203125,1.9619140625,1.0009765625
0.806,-3.4033203125,2.482421875,0.5205078125
0.8065,-3.283203125,2.802734375,0.080078125
0.807,-2.642578125,2.8427734375,-0.640625
0.8075,-2.0419921875,3.04296875,-1.4814453125
0.808,-1.4013671875,3.1630859375,-2.2421875
0.8085,-0.9609375,3.203125,-2.802734375
0.809,-0.5205078125,3.1630859375,-3.123046875
0.8095,0.0400390625,2.8427734375,-3.283203125
0.81,0.80078125,2.2421875,-3.4833984375
0.8105,1.6416015625,1.5615234375,-3.68359375
0.811,2.2021484375,1.041015625,-3.68359375
0.8115,2.642578125,0.6005859375,-3.68359375
0.812,2.8427734375,0.240234375,-3.4833984375
0.8125,2.8828125,-0.48046875,-2.8828125
0.813,3.0830078125,-1.201171875,-2.3623046875
0.8135,3.2431640625,-2.001953125,-1.7216796875
0.814,3.2431640625,-2.482421875,-1.28125
0.8145,3.1630859375,-2.8828125,-0.8408203125
0.815,2.8828125,-3.0830078125,-0.3603515625
0.8155,2.2421875,-3.203125,0.400390625
0.816,1.5615234375,-3.36328125,1.2412109375
0.8165,0.9609375,-3.4033203125,1.8818359375
0.817,0.560546875,-3.4833984375,2.40234375
0.8175,0.1201171875,-3.283203125,2.642578125
0.818,-0.5205078125,-2.8427734375,2.7626953125
0.8185,-1.28125,-2.2421875,2.962890625
0.819,-2.08203125,-1.5615234375,3.0830078125
0.8195,-2.5224609375,-1.1611328125,3.0830078125
0.82,-2.8828125,-0.6806640625,3.04296875
0.8205,-3.0830078125,-0.2802734375,2.802734375
0.821,-3.0830078125,0.4404296875,2.2021484375
0.8215,-3.283203125,1.1611328125,1.6416015625
0.822,-3.4033203125,1.8818359375,1.0810546875
0.8225,-3.443359375,2.3623046875,0.640625
0.823,-3.3232421875,2.6826171875,0.2001953125
0.8235,-2.9228515625,2.802734375,-0.400390625
0.824,-2.2822265625,3.0029296875,-1.1611328125
0.8245,-1.6416015625,3.1630859375,-2.001953125
0.825,-1.1611328125,3.203125,-2.5625
0.8255,-0.6806640625,3.283203125,-3.04296875
0.826,-0.2001953125,3.04296875,-3.283203125
0.8265,0.48046875,2.482421875,-3.36328125
0.827,1.28125,1.921875,-3.603515625
0.8275,2.0419921875,1.2412109375,-3.7236328125
0.828,2.482421875,0.8408203125,-3.7236328125
0.8285,2.8427734375,0.3603515625,-3.603515625
0.829,2.9228515625,-0.16015625,-3.2431640625
0.8295,3.04296875,-0.9208984375,-2.5625
0.83,3.203125,-1.681640625,-2.001953125
0.8305,3.2431640625,-2.2822265625,-1.4814453125
0.831,3.3232421875,-2.802734375,-1.041015625
0.8315,3.04296875,-3.0830078125,-0.6005859375
0.832,2.482421875,-3.203125,0.1201171875
0.8325,1.8818359375,-3.4033203125,0.9609375
0.833,1.1611328125,-3.443359375,1.76171875
0.8335,0.6806640625,-3.4833984375,2.2421875
0.834,0.2802734375,-3.443359375,2.642578125
0.8345,-0.3203125,-3.0830078125,2.8427734375
0.835,-1.12109375,-2.322265625,2.8828125
0.8355,-1.8818359375,-1.8017578125,3.123046875
0.836,-2.482421875,-1.201171875,3.123046875
0.8365,-2.8828125,-0.80078125,3.1630859375
0.837,-3.0830078125,-0.3203125,2.8427734375
0.8375,-3.1630859375,0.2802734375,2.40234375
0.838,-3.283203125,1.041015625,1.76171875
0.8385,-3.4033203125,1.76171875,1.201171875
0.839,-3.4033203125,2.2421875,0.720703125
0.8395,-3.4033203125,2.6826171875,0.240234375
0.84,-3.0830078125,2.802734375,-0.2802734375
0.8405,-2.40234375,2.8828125,-1.041015625
0.841,-1.8017578125,3.1630859375,-1.8017578125
0.8415,-1.1611328125,3.1630859375,-2.482421875
0.842,-0.720703125,3.2431640625,-2.9228515625
0.8425,-0.3203125,3.123046875,-3.2431640625
0.843,0.2802734375,2.6826171875,-3.36328125
0.8435,1.12109375,2.001953125,-3.5634765625
0.844,1.841796875,1.4013671875,-3.68359375
0.8445,2.3623046875,0.9208984375,-3.6435546875
0.845,2.7626953125,0.560546875,-3.7236328125
0.8455,2.8828125,0.0,-3.36328125
0.846,2.962890625,-0.640625,-2.7626953125
0.8465,3.1630859375,-1.4013671875,-2.2421875
0.847,3.283203125,-2.1220703125,-1.6416015625
0.8475,3.2431640625,-2.642578125,-1.1611328125
0.848,3.203125,-3.0830078125,-0.720703125
0.8485,2.7626953125,-3.203125,-0.2001953125
0.849,2.0419921875,-3.283203125,0.6806640625
0.8495,1.44140625,-3.4833984375,1.521484375
0.85,0.80078125,-3.4833984375,2.08203125
0.8505,0.4404296875,-3.5634765625,2.5625
0.851,-0.1201171875,-3.203125,2.7626953125
0.8515,-0.80078125,-2.642578125,2.8828125
0.852,-1.681640625,-2.001953125,3.123046875
0.8525,-2.322265625,-1.4013671875,3.1630859375
0.853,-2.7626953125,-0.9208984375,3.1630859375
0.8535,-3.123046875,-0.5205078125,3.0830078125
0.854,-3.203125,0.1201171875,2.6025390625
0.8545,-3.2431640625,0.880859375,1.921875
0.855,-3.443359375,1.6015625,1.361328125
0.8555,-3.5234375,2.2021484375,0.7607421875
0.856,-3.4833984375,2.6025390625,0.3603515625
0.8565,-3.203125,2.8427734375,-0.2001953125
0.857,-2.642578125,3.0029296875,-0.80078125
0.8575,-1.8818359375,3.1630859375,-1.681640625
0.858,-1.28125,3.2431640625,-2.40234375
0.8585,-0.7607421875,3.203125,-2.8828125
0.859,-0.400390625,3.2431640625,-3.283203125
0.8595,0.240234375,2.802734375,-3.4033203125
0.86,0.9609375,2.08203125,-3.5234375
0.8605,1.76171875,1.521484375,-3.68359375
0.861,2.3623046875,0.9609375,-3.7236328125
0.8615,2.6826171875,0.560546875,-3.6435546875
0.862,2.962890625,0.080078125,-3.443359375
0.8625,3.04296875,-0.5205078125,-2.962890625
0.863,3.123046875,-1.3212890625,-2.2822265625
0.8635,3.2431640625,-2.001953125,-1.76171875
0.864,3.2431640625,-2.6025390625,-1.2412109375
0.8645,3.2431640625,-3.04296875,-0.880859375
0.865,2.8427734375,-3.123046875,-0.3203125
0.8655,2.2822265625,-3.2431640625,0.4404296875
0.866,1.5615234375,-3.443359375,1.28125
0.8665,0.9609375,-3.4833984375,1.9619140625
0.867,0.5205078125,-3.443359375,2.40234375
0.8675,0.1201171875,-3.36328125,2.72265625
0.868,-0.5205078125,-2.8828125,2.8427734375
0.8685,-1.3212890625,-2.2021484375,2.962890625
0.869,-2.08203125,-1.6015625,3.123046875
0.8695,-2.642578125,-1.0810546875,3.1630859375
0.87,-2.962890625,-0.6806640625,3.1630859375
0.8705,-3.0830078125,-0.16015625,2.7626953125
0.871,-3.203125,0.48046875,2.2421875
0.8715,-3.36328125,1.28125,1.5615234375
0.872,-3.443359375,1.921875,1.0810546875
0.8725,-3.4833984375,2.3623046875,0.560546875
0.873,-3.4033203125,2.802734375,0.16015625
0.8735,-2.9228515625,2.8828125,-0.48046875
0.874,-2.2421875,3.04296875,-1.28125
0.8745,-1.6015625,3.203125,-2.08203125
0.875,-1.041015625,3.2431640625,-2.642578125
0.8755,-0.640625,3.2431640625,-3.0830078125
0.876,-0.16015625,3.0029296875,-3.283203125
0.8765,0.560546875,2.482421875,-3.443359375
0.877,1.4013671875,1.76171875,-3.603515625
0.8775,2.0419921875,1.2412109375,-3.68359375
0.878,2.5224609375,0.720703125,-3.68359375
0.8785,2.8427734375,0.3603515625,-3.603515625
0.879,2.8828125,-0.240234375,-3.123046875
0.8795,3.04296875,-0.9609375,-2.6025390625
0.88,3.203125,-1.8017578125,-2.001953125
0.8805,3.2431640625,-2.322265625,-1.4814453125
0.881,3.203125,-2.72265625,-1.041015625
0.8815,3.0830078125,-3.04296875,-0.6005859375
0.882,2.5224609375,-3.1630859375,0.080078125
0.8825,1.841796875,-3.2431640625,0.9208984375
0.883,1.2412109375,-3.36328125,1.6015625
0.8835,0.720703125,-3.443359375,2.2021484375
0.884,0.3603515625,-3.4033203125,2.5224609375
0.8845,-0.240234375,-3.04296875,2.72265625
0.885,-0.9208984375,-2.5224609375,2.8427734375
0.8855,-1.8017578125,-1.8017578125,3.04296875
0.886,-2.2822265625,-1.3212890625,3.04296875
0.8865,-2.72265625,-0.880859375,3.0830078125
0.887,-3.0029296875,-0.5205078125,2.9228515625
0.8875,-3.0830078125,0.1201171875,2.40234375
0.888,-3.203125,0.80078125,1.841796875
0.8885,-3.36328125,1.521484375,1.28125
0.889,-3.4033203125,2.1220703125,0.80078125
0.8895,-3.36328125,2.5224609375,0.400390625
0.89,-3.0830078125,2.7626953125,-0.1201171875
0.8905,-2.5625,2.8828125,-0.80078125
0.891,-1.8818359375,3.0830078125,-1.6416015625
0.8915,-1.3212890625,3.1630859375,-2.2822265625
0.892,-0.8408203125,3.203125,-2.802734375
0.8925,-0.48046875,3.1630859375,-3.0830078125
0.893,0.1201171875,2.6826171875,-3.203125
0.8935,0.880859375,2.162109375,-3.4033203125
0.894,1.681640625,1.521484375,-3.603515625
0.8945,2.162109375,1.041015625,-3.603515625
0.895,2.5625,0.640625,-3.603515625
0.8955,2.802734375,0.16015625,-3.4033203125
0.896,2.8427734375,-0.5205078125,-2.8828125
0.8965,3.04296875,-1.28125,-2.322265625
0.897,3.1630859375,-1.8818359375,-1.8017578125
0.8975,3.203125,-2.4423828125,-1.3212890625
0.898,3.1630859375,-2.7626953125,-0.9208984375
0.8985,2.7626953125,-2.9228515625,-0.3203125
0.899,2.2421875,-3.1630859375,0.3603515625
0.8995,1.5615234375,-3.283203125,1.2412109375
0.9,1.041015625,-3.36328125,1.76171875
0.9005,0.6005859375,-3.36328125,2.2421875
0.901,0.2001953125,-3.2431640625,2.5625
0.9015,-0.5205078125,-2.72265625,2.6826171875
0.902,-1.28125,-2.162109375,2.8427734375
0.9025,-1.9619140625,-1.6015625,3.0029296875
0.903,-2.4423828125,-1.1611328125,3.04296875
0.9035,-2.72265625,-0.80078125,2.962890625
0.904,-2.8828125,-0.3203125,2.6025390625
0.9045,-3.0830078125,0.3203125,2.162109375
0.905,-3.2431640625,1.201171875,1.5615234375
0.9055,-3.283203125,1.7216796875,1.12109375
0.906,-3.36328125,2.2421875,0.640625
0.9065,-3.2431640625,2.5625,0.2802734375
0.907,-2.72265625,2.6826171875,-0.400390625
0.9075,-2.2421875,2.8828125,-1.1611328125
0.908,-1.6015625,3.04296875,-1.8818359375
0.9085,-1.1611328125,3.1630859375,-2.40234375
0.909,-0.720703125,3.1630859375,-2.8427734375
0.9095,-0.2802734375,2.8828125,-3.0830078125
0.91,0.4404296875,2.40234375,-3.203125
0.9105,1.2412109375,1.841796875,-3.4833984375
0.911,1.8017578125,1.3212890625,-3.5634765625
0.9115,2.2822265625,0.880859375,-3.603515625
0.912,2.5625,0.48046875,-3.5234375
0.9125,2.6826171875,-0.1201171875,-3.0830078125
0.913,2.8427734375,-0.720703125,-2.6025390625
0.9135,3.0830078125,-1.4814453125,-2.0419921875
0.914,3.123046875,-2.001953125,-1.6015625
0.9145,3.123046875,-2.482421875,-1.1611328125
0.915,2.9228515625,-2.7626953125,-0.6806640625
0.9155,2.40234375,-2.9228515625,0.0
0.916,1.8818359375,-3.1630859375,0.7607421875
0.9165,1.3212890625,-3.203125,1.4013671875
0.917,0.880859375,-3.36328125,1.921875
0.9175,0.48046875,-3.283203125,2.2822265625
0.918,-0.080078125,-2.9228515625,2.482421875
0.9185,-0.80078125,-2.482421875,2.72265625
0.919,-1.5615234375,-1.8818359375,2.8828125
0.9195,-2.08203125,-1.4814453125,2.9228515625
0.92,-2.5224609375,-1.041015625,2.962890625
0.9205,-2.7626953125,-0.640625,2.802734375
0.921,-2.8828125,0.0400390625,2.2822265625
0.9215,-3.0830078125,0.720703125,1.8818359375
0.922,-3.2431640625,1.4013671875,1.361328125
0.9225,-3.283203125,1.921875,0.9208984375
0.923,-3.2431640625,2.322265625,0.5205078125
0.9235,-2.962890625,2.5224609375,0.0
0.924,-2.4423828125,2.72265625,-0.720703125
0.9245,-1.8818359375,2.9228515625,-1.4814453125
0.925,-1.4013671875,3.0029296875,-2.08203125
0.9255,-1.0009765625,3.123046875,-2.6025390625
0.926,-0.560546875,3.0029296875,-2.8828125
0.9265,0.080078125,2.5625,-3.04296875
0.927,0.7607421875,2.1220703125,-3.283203125
0.9275,1.521484375,1.521484375,-3.4833984375
0.928,1.921875,1.12109375,-3.5634765625
0.9285,2.3623046875,0.6806640625,-3.5634765625
0.929,2.5625,0.2802734375,-3.2431640625
0.9295,2.72265625,-0.400390625,-2.7626953125
0.93,2.9228515625,-1.12109375,-2.2822265625
0.9305,3.0830078125,-1.7216796875,-1.8818359375
0.931,3.1630859375,-2.2822265625,-1.361328125
0.9315,3.04296875,-2.6025390625,-1.0009765625
0.932,2.6025390625,-2.802734375,-0.3603515625
0.9325,2.162109375,-3.04296875,0.3603515625
0.933,1.521484375,-3.203125,1.201171875
0.9335,1.12109375,-3.283203125,1.6416015625
0.934,0.6806640625,-3.36328125,2.162109375
0.9345,0.2001953125,-3.1630859375,2.4423828125
0.935,-0.5205078125,-2.6025390625,2.5625
0.9355,-1.2412109375,-2.162109375,2.8427734375
0.936,-1.8818359375,-1.6416015625,2.9228515625
0.9365,-2.40234375,-1.28125,3.0029296875
0.937,-2.642578125,-0.80078125,2.8828125
0.9375,-2.802734375,-0.240234375,2.5224609375
0.938,-3.04296875,0.48046875,2.0419921875
0.9385,-3.203125,1.2412109375,1.521484375
0.939,-3.283203125,1.76171875,1.12109375
0.9395,-3.36328125,2.2421875,0.640625
0.94,-3.0830078125,2.5224609375,0.16015625
0.9405,-2.6025390625,2.642578125,-0.5205078125
0.941,-2.08203125,2.9228515625,-1.28125
0.9415,-1.4814453125,3.04296875,-2.001953125
0.942,-1.0810546875,3.1630859375,-2.5224609375
0.9425,-0.640625,3.0830078125,-2.8828125
0.943,-0.16015625,2.802734375,-3.0830078125
0.9435,0.640625,2.162109375,-3.283203125
0.944,1.4013671875,1.6015625,-3.4833984375
0.9445,1.921875,1.12109375,-3.5634765625
0.945,2.40234375,0.7607421875,-3.603515625
0.9455,2.5625,0.3603515625,-3.36328125
0.946,2.6826171875,-0.3203125,-2.8828125
0.9465,2.9228515625,-1.0009765625,-2.4423828125
0.947,3.0830078125,-1.7216796875,-1.8818359375
0.9475,3.1630859375,-2.2021484375,-1.44140625
0.948,3.0830078125,-2.6025390625,-1.0009765625
0.9485,2.802734375,-2.8427734375,-0.5205078125
0.949,2.2021484375,-2.962890625,0.2802734375
0.9495,1.6416015625,-3.203125,1.041015625
0.95,1.12109375,-3.2431640625,1.6416015625
0.9505,0.720703125,-3.4033203125,2.162109375
0.951,0.240234375,-3.203125,2.40234375
0.9515,-0.3603515625,-2.7626953125,2.5625
0.952,-1.1611328125,-2.2822265625,2.802734375
0.9525,-1.8818359375,-1.681640625,2.9228515625
0.953,-2.322265625,-1.2412109375,3.0029296875
0.9535,-2.72265625,-0.80078125,3.0029296875
0.954,-2.8828125,-0.3603515625,2.6826171875
0.9545,-3.0029296875,0.400390625,2.08203125
0.955,-3.203125,1.12109375,1.6416015625
0.9555,-3.36328125,1.76171875,1.12109375
0.956,-3.4033203125,2.2421875,0.720703125
0.9565,-3.203125,2.5625,0.240234375
0.957,-2.802734375,2.72265625,-0.400390625
0.9575,-2.2021484375,2.9228515625,-1.201171875
0.958,-1.6015625,3.0830078125,-1.921875
0.9585,-1.12109375,3.123046875,-2.4423828125
0.959,-0.720703125,3.203125,-2.9228515625
0.9595,-0.16015625,2.8427734375,-3.123046875
0.96,0.560546875,2.2421875,-3.2431640625
0.9605,1.28125,1.76171875,-3.5634765625
0.961,1.9619140625,1.201171875,-3.603515625
0.9615,2.3623046875,0.8408203125,-3.603515625
0.962,2.642578125,0.3603515625,-3.4033203125
0.9625,2.802734375,-0.16015625,-3.0830078125
0.963,2.9228515625,-0.9609375,-2.4423828125
0.9635,3.0830078125,-1.6416015625,-1.9619140625
0.964,3.1630859375,-2.2021484375,-1.44140625
0.9645,3.203125,-2.642578125,-1.041015625
0.965,2.8427734375,-2.8427734375,-0.560546875
0.9655,2.3623046875,-2.962890625,0.1201171875
0.966,1.76171875,-3.203125,0.9208984375
0.9665,1.201171875,-3.283203125,1.6015625
0.967,0.7607421875,-3.36328125,2.0419921875
0.9675,0.3203125,-3.36328125,2.40234375
0.968,-0.240234375,-2.962890625,2.6025390625
0.9685,-1.0009765625,-2.3623046875,2.72265625
0.969,-1.7216796875,-1.8017578125,2.9228515625
0.9695,-2.2822265625,-1.28125,3.0029296875
0.97,-2.642578125,-0.9609375,3.04296875
0.9705,-2.8427734375,-0.48046875,2.7626953125
0.971,-2.962890625,0.16015625,2.2822265625
0.9715,-3.203125,0.9208984375,1.76171875
0.972,-3.283203125,1.5615234375,1.2412109375
0.9725,-3.36328125,2.0419921875,0.80078125
0.973,-3.3232421875,2.5224609375,0.3603515625
0.9735,-2.962890625,2.6826171875,-0.16015625
0.974,-2.3623046875,2.8427734375,-0.9208984375
0.9745,-1.841796875,3.0830078125,-1.681640625
0.975,-1.2412109375,3.1630859375,-2.322265625
0.9755,-0.880859375,3.1630859375,-2.802734375
0.976,-0.3603515625,2.962890625,-3.0830078125
0.9765,0.240234375,2.5224609375,-3.283203125
0.977,1.0810546875,1.921875,-3.4833984375
0.9775,1.76171875,1.4013671875,-3.5634765625
0.978,2.2421875,0.9609375,-3.603515625
0.9785,2.642578125,0.6005859375,-3.6435546875
0.979,2.7626953125,0.0400390625,-3.203125
0.9795,2.8828125,-0.6806640625,-2.6826171875
0.98,3.123046875,-1.44140625,-2.162109375
0.9805,3.203125,-2.08203125,-1.6416015625
0.981,3.203125,-2.5224609375,-1.2412109375
0.9815,3.04296875,-2.8828125,-0.720703125
0.982,2.6025390625,-3.04296875,-0.080078125
0.9825,1.921875,-3.203125,0.7607421875
0.983,1.3212890625,-3.283203125,1.4814453125
0.9835,0.80078125,-3.4033203125,2.0419921875
0.984,0.48046875,-3.443359375,2.40234375
0.9845,-0.16015625,-3.0830078125,2.5625
0.985,-0.80078125,-2.482421875,2.802734375
0.9855,-1.6416015625,-1.8818359375,2.962890625
0.986,-2.2021484375,-1.361328125,3.04296875
0.9865,-2.6025390625,-0.9609375,3.0029296875
0.987,-2.9228515625,-0.5205078125,2.8828125
0.9875,-3.0029296875,0.080078125,2.40234375
0.988,-3.123046875,0.80078125,1.841796875
0.9885,-3.283203125,1.4814453125,1.361328125
0.989,-3.36328125,2.0419921875,0.880859375
0.9895,-3.36328125,2.4423828125,0.48046875
0.99,-3.0830078125,2.6826171875,0.0
0.9905,-2.5625,2.8427734375,-0.6806640625
0.991,-1.921875,3.04296875,-1.6015625
0.9915,-1.361328125,3.04296875,-2.2421875
0.992,-0.9208984375,3.123046875,-2.72265625
0.9925,-0.5205078125,3.123046875,-3.123046875
0.993,0.1201171875,2.72265625,-3.203125
0.9935,0.880859375,2.1220703125,-3.36328125
0.994,1.6015625,1.5615234375,-3.603515625
0.9945,2.2021484375,1.041015625,-3.6435546875
0.995,2.5625,0.6806640625,-3.603515625
0.9955,2.802734375,0.16015625,-3.36328125
0.996,2.9228515625,-0.48046875,-2.8828125
0.9965,3.123046875,-1.28125,-2.2822265625
0.997,3.203125,-1.9619140625,-1.8017578125
0.9975,3.2431640625,-2.5224609375,-1.28125
0.998,3.2431640625,-2.9228515625,-0.9208984375
0.9985,2.7626953125,-3.04296875,-0.2802734375
0.999,2.2021484375,-3.203125,0.560546875
0.9995,1.521484375,-3.4833984375,1.4013671875
