wavelength,x,y,z
0.0,0.050048828125,3.413330078125,-3.793701171875
0.0005,-0.510498046875,3.853759765625,-3.713623046875
0.001,-1.631591796875,3.933837890625,-2.672607421875
0.0015,-2.352294921875,4.174072265625,-2.272216796875
0.002,-3.473388671875,4.454345703125,-1.271240234375
0.0025,-3.833740234375,4.093994140625,-0.630615234375
0.003,-4.194091796875,3.853759765625,0.010009765625
0.0035,-4.354248046875,3.333251953125,0.650634765625
0.004,-4.514404296875,2.652587890625,1.411376953125
0.0045,-4.594482421875,1.971923828125,2.172119140625
0.005,-4.834716796875,1.371337890625,3.052978515625
0.0055,-4.154052734375,0.370361328125,3.253173828125
0.006,-4.154052734375,-0.270263671875,3.853759765625
0.0065,-3.153076171875,-1.271240234375,3.853759765625
0.007,-2.832763671875,-1.951904296875,4.174072265625
0.0075,-1.911865234375,-2.912841796875,4.214111328125
0.008,-1.271240234375,-3.473388671875,4.134033203125
0.0085,-0.510498046875,-3.873779296875,3.693603515625
0.009,0.170166015625,-4.314208984375,3.413330078125
0.0095,1.291259765625,-4.434326171875,2.492431640625
0.01,2.011962890625,-4.634521484375,2.011962890625
0.0105,3.052978515625,-4.834716796875,1.251220703125
0.011,3.253173828125,-4.354248046875,0.570556640625
0.0115,3.693603515625,-4.314208984375,0.010009765625
0.012,3.773681640625,-3.553466796875,-0.750732421875
0.0125,4.013916015625,-3.072998046875,-1.471435546875
0.013,4.093994140625,-2.312255859375,-2.272216796875
0.0135,4.174072265625,-1.791748046875,-2.912841796875
0.014,3.493408203125,-0.790771484375,-3.193115234375
0.0145,3.453369140625,-0.270263671875,-3.673583984375
0.015,2.532470703125,0.770751953125,-3.713623046875
0.0155,2.252197265625,1.451416015625,-4.033935546875
0.016,1.411376953125,2.372314453125,-4.154052734375
0.0165,0.770751953125,2.692626953125,-3.833740234375
0.017,0.050048828125,3.213134765625,-3.633544921875
0.0175,-0.790771484375,3.493408203125,-3.153076171875
0.018,-1.671630859375,3.773681640625,-2.432373046875
0.0185,-2.512451171875,3.973876953125,-1.871826171875
0.019,-3.233154296875,4.134033203125,-1.271240234375
0.0195,-3.473388671875,3.653564453125,-0.550537109375
0.02,-3.953857421875,3.693603515625,-0.150146484375
0.0205,-3.993896484375,2.812744140625,0.770751953125
0.021,-4.354248046875,2.532470703125,1.371337890625
0.0215,-4.434326171875,1.771728515625,2.252197265625
0.022,-4.354248046875,1.211181640625,2.732666015625
0.0225,-3.873779296875,0.250244140625,3.133056640625
0.023,-3.633544921875,-0.430419921875,3.533447265625
0.0235,-2.872802734375,-1.391357421875,3.693603515625
0.024,-2.472412109375,-2.072021484375,3.973876953125
0.0245,-1.791748046875,-2.952880859375,4.093994140625
0.025,-1.031005859375,-3.273193359375,3.693603515625
0.0255,-0.470458984375,-3.873779296875,3.573486328125
0.026,0.610595703125,-3.993896484375,2.812744140625
0.0265,1.411376953125,-4.354248046875,2.292236328125
0.027,2.252197265625,-4.514404296875,1.571533203125
0.0275,2.852783203125,-4.514404296875,1.131103515625
0.028,3.093017578125,-4.033935546875,0.370361328125
0.0285,3.493408203125,-3.993896484375,0.010009765625
0.029,3.573486328125,-3.153076171875,-1.031005859375
0.0295,3.853759765625,-2.792724609375,-1.591552734375
0.03,3.973876953125,-2.072021484375,-2.432373046875
0.0305,3.653564453125,-1.311279296875,-2.752685546875
0.031,3.333251953125,-0.590576171875,-3.233154296875
0.0315,2.852783203125,0.170166015625,-3.473388671875
0.032,2.252197265625,1.091064453125,-3.713623046875
0.0325,1.771728515625,1.691650390625,-3.873779296875
0.033,1.131103515625,2.412353515625,-3.953857421875
0.0335,0.370361328125,2.652587890625,-3.513427734375
0.034,-0.190185546875,3.253173828125,-3.433349609375
0.0345,-1.271240234375,3.413330078125,-2.512451171875
0.035,-2.031982421875,3.813720703125,-2.192138671875
0.0355,-2.832763671875,3.853759765625,-1.431396484375
0.036,-3.273193359375,3.813720703125,-0.950927734375
0.0365,-3.553466796875,3.493408203125,-0.310302734375
0.037,-3.873779296875,3.173095703125,0.290283203125
0.0375,-4.114013671875,2.532470703125,1.211181640625
0.038,-4.274169921875,2.052001953125,1.771728515625
0.0385,-4.474365234375,1.451416015625,2.572509765625
0.039,-3.873779296875,0.570556640625,2.852783203125
0.0395,-3.833740234375,-0.150146484375,3.453369140625
0.04,-2.992919921875,-1.111083984375,3.533447265625
0.0405,-2.632568359375,-1.951904296875,3.893798828125
0.041,-1.911865234375,-2.592529296875,3.893798828125
0.0415,-1.311279296875,-3.233154296875,3.853759765625
0.042,-0.510498046875,-3.513427734375,3.413330078125
0.0425,0.210205078125,-3.993896484375,3.213134765625
0.043,1.371337890625,-4.194091796875,2.212158203125
0.0435,2.052001953125,-4.514404296875,1.851806640625
0.044,2.852783203125,-4.514404296875,1.131103515625
0.0445,3.133056640625,-4.194091796875,0.530517578125
0.045,3.453369140625,-3.913818359375,-0.070068359375
0.0455,3.573486328125,-3.313232421875,-0.830810546875
0.046,3.893798828125,-2.712646484375,-1.671630859375
0.0465,3.853759765625,-2.112060546875,-2.272216796875
0.047,3.973876953125,-1.471435546875,-2.912841796875
0.0475,3.173095703125,-0.590576171875,-3.113037109375
0.048,3.133056640625,0.010009765625,-3.553466796875
0.0485,2.132080078125,1.051025390625,-3.673583984375
0.049,1.851806640625,1.651611328125,-3.993896484375
0.0495,1.091064453125,2.372314453125,-3.833740234375
0.05,0.450439453125,2.852783203125,-3.673583984375
0.0505,-0.310302734375,3.173095703125,-3.193115234375
0.051,-1.111083984375,3.533447265625,-2.832763671875
0.0515,-2.192138671875,3.773681640625,-1.951904296875
0.052,-2.752685546875,3.853759765625,-1.511474609375
0.0525,-3.393310546875,3.933837890625,-0.910888671875
0.053,-3.593505859375,3.493408203125,-0.270263671875
0.0535,-3.993896484375,3.333251953125,0.250244140625
0.054,-4.154052734375,2.532470703125,1.171142578125
0.0545,-4.474365234375,2.132080078125,1.891845703125
0.055,-4.354248046875,1.411376953125,2.492431640625
0.0555,-4.354248046875,0.770751953125,3.093017578125
0.056,-3.593505859375,-0.270263671875,3.333251953125
0.0565,-3.473388671875,-0.910888671875,3.813720703125
0.057,-2.472412109375,-2.112060546875,3.893798828125
0.0575,-2.072021484375,-2.712646484375,4.093994140625
0.058,-1.271240234375,-3.353271484375,4.013916015625
0.0585,-0.550537109375,-3.753662109375,3.693603515625
0.059,0.250244140625,-4.114013671875,3.253173828125
0.0595,1.291259765625,-4.434326171875,2.532470703125
0.06,2.372314453125,-4.714599609375,1.771728515625
0.0605,2.892822265625,-4.554443359375,1.091064453125
0.061,3.533447265625,-4.594482421875,0.490478515625
0.0615,3.613525390625,-3.913818359375,-0.270263671875
0.062,3.933837890625,-3.713623046875,-0.790771484375
0.0625,4.053955078125,-2.672607421875,-1.911865234375
0.063,4.214111328125,-2.192138671875,-2.552490234375
0.0635,3.973876953125,-1.311279296875,-3.153076171875
0.064,3.693603515625,-0.630615234375,-3.553466796875
0.0645,2.932861328125,0.290283203125,-3.713623046875
0.065,2.572509765625,1.010986328125,-3.993896484375
0.0655,1.611572265625,2.172119140625,-4.194091796875
0.066,1.091064453125,2.612548828125,-4.033935546875
0.0665,0.290283203125,3.293212890625,-3.913818359375
0.067,-0.510498046875,3.493408203125,-3.353271484375
0.0675,-1.151123046875,3.853759765625,-3.032958984375
0.068,-2.312255859375,3.973876953125,-2.072021484375
0.0685,-3.233154296875,4.254150390625,-1.351318359375
0.069,-3.673583984375,3.893798828125,-0.630615234375
0.0695,-4.154052734375,3.893798828125,-0.150146484375
0.07,-4.194091796875,3.173095703125,0.610595703125
0.0705,-4.434326171875,2.852783203125,1.171142578125
0.071,-4.634521484375,1.931884765625,2.292236328125
0.0715,-4.634521484375,1.371337890625,2.772705078125
0.072,-4.434326171875,0.530517578125,3.413330078125
0.0725,-3.913818359375,-0.350341796875,3.693603515625
0.073,-3.353271484375,-1.231201171875,3.893798828125
0.0735,-2.712646484375,-2.072021484375,4.134033203125
0.074,-1.951904296875,-3.072998046875,4.414306640625
0.0745,-1.231201171875,-3.473388671875,4.093994140625
0.075,-0.550537109375,-4.194091796875,4.093994140625
0.0755,0.370361328125,-4.314208984375,3.333251953125
0.076,1.171142578125,-4.714599609375,2.932861328125
0.0765,2.492431640625,-4.914794921875,1.851806640625
0.077,3.293212890625,-5.074951171875,1.171142578125
0.0775,3.693603515625,-4.634521484375,0.330322265625
0.078,4.174072265625,-4.514404296875,-0.270263671875
0.0785,4.214111328125,-3.673583984375,-1.071044921875
0.079,4.374267578125,-3.153076171875,-1.791748046875
0.0795,4.654541015625,-2.192138671875,-2.952880859375
0.08,4.334228515625,-1.431396484375,-3.393310546875
0.0805,4.053955078125,-0.550537109375,-3.993896484375
0.081,3.333251953125,0.370361328125,-4.154052734375
0.0815,2.732666015625,1.171142578125,-4.354248046875
0.082,1.891845703125,2.212158203125,-4.434326171875
0.0825,1.091064453125,3.213134765625,-4.594482421875
0.083,0.170166015625,3.493408203125,-3.993896484375
0.0835,-0.470458984375,4.093994140625,-3.993896484375
0.084,-1.471435546875,4.134033203125,-3.032958984375
0.0845,-2.232177734375,4.374267578125,-2.512451171875
0.085,-3.553466796875,4.534423828125,-1.351318359375
0.0855,-4.154052734375,4.414306640625,-0.630615234375
0.086,-4.514404296875,3.973876953125,0.130126953125
0.0865,-4.754638671875,3.693603515625,0.650634765625
0.087,-4.794677734375,2.852783203125,1.531494140625
0.0875,-4.874755859375,2.212158203125,2.212158203125
0.088,-5.155029296875,1.371337890625,3.333251953125
0.0885,-4.554443359375,0.410400390625,3.573486328125
0.089,-4.434326171875,-0.350341796875,4.174072265625
0.0895,-3.513427734375,-1.351318359375,4.214111328125
0.09,-2.992919921875,-2.072021484375,4.494384765625
0.0905,-2.031982421875,-3.153076171875,4.534423828125
0.091,-1.271240234375,-3.953857421875,4.614501953125
0.0915,-0.350341796875,-4.234130859375,3.973876953125
0.092,0.250244140625,-4.794677734375,3.893798828125
0.0925,1.411376953125,-4.834716796875,2.852783203125
0.093,2.172119140625,-5.114990234375,2.292236328125
0.0935,3.533447265625,-5.315185546875,1.211181640625
0.094,3.973876953125,-4.994873046875,0.490478515625
0.0945,4.374267578125,-4.634521484375,-0.310302734375
0.095,4.534423828125,-4.114013671875,-0.990966796875
0.0955,4.614501953125,-3.273193359375,-1.871826171875
0.096,4.654541015625,-2.512451171875,-2.672607421875
0.0965,4.934814453125,-1.751708984375,-3.753662109375
0.097,4.093994140625,-0.670654296875,-3.993896484375
0.0975,3.973876953125,0.090087890625,-4.514404296875
0.098,2.892822265625,1.211181640625,-4.474365234375
0.0985,2.332275390625,1.931884765625,-4.674560546875
0.099,1.331298828125,3.093017578125,-4.674560546875
0.0995,0.490478515625,3.813720703125,-4.554443359375
0.1,-0.470458984375,4.013916015625,-3.873779296875
0.1005,-1.151123046875,4.494384765625,-3.673583984375
0.101,-2.392333984375,4.494384765625,-2.472412109375
0.1015,-3.113037109375,4.614501953125,-1.911865234375
0.102,-4.314208984375,4.814697265625,-0.910888671875
0.1025,-4.514404296875,4.214111328125,-0.070068359375
0.103,-4.874755859375,3.973876953125,0.530517578125
0.1035,-5.034912109375,3.213134765625,1.371337890625
0.104,-5.074951171875,2.452392578125,2.212158203125
0.1045,-5.074951171875,1.571533203125,2.972900390625
0.105,-5.195068359375,0.850830078125,3.853759765625
0.1055,-4.314208984375,-0.310302734375,3.973876953125
0.106,-4.194091796875,-0.910888671875,4.494384765625
0.1065,-2.952880859375,-2.112060546875,4.494384765625
0.107,-2.472412109375,-2.792724609375,4.654541015625
0.1075,-1.431396484375,-3.873779296875,4.654541015625
0.108,-0.630615234375,-4.354248046875,4.334228515625
0.1085,0.210205078125,-4.674560546875,3.853759765625
0.109,1.051025390625,-5.034912109375,3.333251953125
0.1095,2.252197265625,-5.114990234375,2.252197265625
0.11,3.012939453125,-5.195068359375,1.571533203125
0.1105,4.053955078125,-5.355224609375,0.730712890625
0.111,4.174072265625,-4.634521484375,-0.110107421875
0.1115,4.574462890625,-4.514404296875,-0.630615234375
0.112,4.614501953125,-3.473388671875,-1.711669921875
0.1125,4.774658203125,-2.872802734375,-2.472412109375
0.113,4.734619140625,-1.951904296875,-3.353271484375
0.1135,4.734619140625,-1.191162109375,-4.073974609375
0.114,3.773681640625,0.010009765625,-4.154052734375
0.1145,3.573486328125,0.650634765625,-4.634521484375
0.115,2.292236328125,1.931884765625,-4.594482421875
0.1155,1.851806640625,2.572509765625,-4.754638671875
0.116,0.770751953125,3.573486328125,-4.674560546875
0.1165,-0.110107421875,3.973876953125,-4.194091796875
0.117,-0.910888671875,4.334228515625,-3.753662109375
0.1175,-1.951904296875,4.614501953125,-3.032958984375
0.118,-3.072998046875,4.654541015625,-1.951904296875
0.1185,-3.753662109375,4.654541015625,-1.271240234375
0.119,-4.594482421875,4.654541015625,-0.470458984375
0.1195,-4.674560546875,3.893798828125,0.370361328125
0.12,-4.994873046875,3.693603515625,0.890869140625
0.1205,-5.034912109375,2.532470703125,1.971923828125
0.121,-5.114990234375,1.971923828125,2.612548828125
0.1215,-4.994873046875,1.010986328125,3.453369140625
0.122,-4.834716796875,0.290283203125,3.973876953125
0.1225,-3.953857421875,-0.750732421875,4.174072265625
0.123,-3.593505859375,-1.471435546875,4.494384765625
0.1235,-2.432373046875,-2.712646484375,4.494384765625
0.124,-1.951904296875,-3.233154296875,4.534423828125
0.1245,-1.031005859375,-4.154052734375,4.494384765625
0.125,-0.150146484375,-4.394287109375,3.853759765625
0.1255,0.530517578125,-4.794677734375,3.573486328125
0.126,1.731689453125,-4.994873046875,2.572509765625
0.1265,2.652587890625,-5.114990234375,1.851806640625
0.127,3.333251953125,-4.994873046875,1.051025390625
0.1275,4.013916015625,-4.994873046875,0.410400390625
0.128,4.093994140625,-4.194091796875,-0.430419921875
0.1285,4.454345703125,-4.114013671875,-0.950927734375
0.129,4.494384765625,-2.912841796875,-2.152099609375
0.1295,4.574462890625,-2.512451171875,-2.672607421875
0.13,4.494384765625,-1.511474609375,-3.513427734375
0.1305,4.093994140625,-0.670654296875,-3.833740234375
0.131,3.453369140625,0.290283203125,-4.154052734375
0.1315,2.932861328125,1.051025390625,-4.354248046875
0.132,1.931884765625,2.212158203125,-4.514404296875
0.1325,1.411376953125,2.692626953125,-4.474365234375
0.133,0.530517578125,3.533447265625,-4.394287109375
0.1335,-0.390380859375,3.773681640625,-3.673583984375
0.134,-1.031005859375,4.174072265625,-3.473388671875
0.1345,-2.312255859375,4.334228515625,-2.312255859375
0.135,-3.153076171875,4.494384765625,-1.791748046875
0.1355,-3.793701171875,4.334228515625,-0.950927734375
0.136,-4.314208984375,4.214111328125,-0.310302734375
0.1365,-4.394287109375,3.493408203125,0.450439453125
0.137,-4.674560546875,3.173095703125,0.970947265625
0.1375,-4.794677734375,2.172119140625,2.132080078125
0.138,-4.754638671875,1.731689453125,2.612548828125
0.1385,-4.794677734375,0.890869140625,3.373291015625
0.139,-4.114013671875,0.010009765625,3.653564453125
0.1395,-3.753662109375,-0.870849609375,4.013916015625
0.14,-2.912841796875,-1.791748046875,4.134033203125
0.1405,-2.272216796875,-2.712646484375,4.334228515625
0.141,-1.551513671875,-3.193115234375,4.134033203125
0.1415,-0.870849609375,-3.873779296875,4.134033203125
0.142,0.010009765625,-4.114013671875,3.413330078125
0.1425,0.690673828125,-4.514404296875,3.253173828125
0.143,1.971923828125,-4.634521484375,2.092041015625
0.1435,2.612548828125,-4.834716796875,1.611572265625
0.144,3.293212890625,-4.674560546875,0.850830078125
0.1445,3.613525390625,-4.514404296875,0.250244140625
0.145,3.853759765625,-3.993896484375,-0.510498046875
0.1455,3.973876953125,-3.473388671875,-1.151123046875
0.146,4.254150390625,-2.672607421875,-2.112060546875
0.1465,4.134033203125,-2.072021484375,-2.552490234375
0.147,4.174072265625,-1.311279296875,-3.353271484375
0.1475,3.373291015625,-0.390380859375,-3.433349609375
0.148,3.213134765625,0.290283203125,-3.913818359375
0.1485,2.252197265625,1.331298828125,-3.953857421875
0.149,1.851806640625,2.052001953125,-4.274169921875
0.1495,1.010986328125,2.612548828125,-3.993896484375
0.15,0.370361328125,3.173095703125,-3.913818359375
0.1505,-0.510498046875,3.413330078125,-3.273193359375
0.151,-1.231201171875,3.853759765625,-2.952880859375
0.1515,-2.392333984375,4.013916015625,-1.951904296875
0.152,-2.912841796875,4.093994140625,-1.551513671875
0.1525,-3.553466796875,3.973876953125,-0.910888671875
0.153,-3.793701171875,3.573486328125,-0.310302734375
0.1535,-4.114013671875,3.333251953125,0.370361328125
0.154,-4.234130859375,2.612548828125,1.171142578125
0.1545,-4.554443359375,2.172119140625,1.971923828125
0.155,-4.354248046875,1.411376953125,2.452392578125
0.1555,-4.394287109375,0.810791015625,3.093017578125
0.156,-3.593505859375,-0.190185546875,3.293212890625
0.1565,-3.553466796875,-0.790771484375,3.773681640625
0.157,-2.512451171875,-1.951904296875,3.853759765625
0.1575,-2.192138671875,-2.472412109375,4.093994140625
0.158,-1.391357421875,-3.113037109375,3.853759765625
0.1585,-0.790771484375,-3.553466796875,3.693603515625
0.159,0.050048828125,-3.873779296875,3.173095703125
0.1595,0.930908203125,-4.194091796875,2.652587890625
0.16,1.971923828125,-4.514404296875,1.931884765625
0.1605,2.492431640625,-4.514404296875,1.371337890625
0.161,3.133056640625,-4.554443359375,0.810791015625
0.1615,3.253173828125,-3.913818359375,0.170166015625
0.162,3.653564453125,-3.793701171875,-0.390380859375
0.1625,3.773681640625,-2.912841796875,-1.351318359375
0.163,4.093994140625,-2.592529296875,-2.072021484375
0.1635,3.853759765625,-1.751708984375,-2.592529296875
0.164,3.733642578125,-1.151123046875,-3.072998046875
0.1645,3.012939453125,-0.150146484375,-3.313232421875
0.165,2.812744140625,0.490478515625,-3.713623046875
0.1655,1.931884765625,1.571533203125,-3.913818359375
0.166,1.571533203125,2.052001953125,-3.953857421875
0.1665,0.810791015625,2.692626953125,-3.833740234375
0.167,0.090087890625,2.972900390625,-3.393310546875
0.1675,-0.670654296875,3.413330078125,-3.072998046875
0.168,-1.671630859375,3.653564453125,-2.312255859375
0.1685,-2.552490234375,3.893798828125,-1.791748046875
0.169,-2.952880859375,3.693603515625,-1.151123046875
0.1695,-3.473388671875,3.813720703125,-0.670654296875
0.17,-3.633544921875,3.173095703125,0.010009765625
0.1705,-3.953857421875,3.012939453125,0.570556640625
0.171,-4.194091796875,2.212158203125,1.571533203125
0.1715,-4.354248046875,1.851806640625,2.052001953125
0.172,-4.194091796875,1.010986328125,2.692626953125
0.1725,-3.873779296875,0.330322265625,3.052978515625
0.173,-3.353271484375,-0.550537109375,3.413330078125
0.1735,-2.912841796875,-1.311279296875,3.653564453125
0.174,-2.312255859375,-2.272216796875,3.973876953125
0.1745,-1.751708984375,-2.632568359375,3.813720703125
0.175,-1.151123046875,-3.353271484375,3.853759765625
0.1755,-0.310302734375,-3.593505859375,3.213134765625
0.176,0.450439453125,-4.073974609375,3.012939453125
0.1765,1.611572265625,-4.354248046875,2.092041015625
0.177,2.332275390625,-4.634521484375,1.571533203125
0.1775,2.852783203125,-4.314208984375,0.930908203125
0.178,3.213134765625,-4.274169921875,0.490478515625
0.1785,3.413330078125,-3.633544921875,-0.310302734375
0.179,3.693603515625,-3.273193359375,-0.990966796875
0.1795,4.013916015625,-2.552490234375,-1.991943359375
0.18,3.853759765625,-1.991943359375,-2.432373046875
0.1805,3.813720703125,-1.191162109375,-3.072998046875
0.181,3.173095703125,-0.350341796875,-3.273193359375
0.1815,2.852783203125,0.410400390625,-3.633544921875
0.182,2.092041015625,1.291259765625,-3.833740234375
0.1825,1.611572265625,2.172119140625,-4.114013671875
0.183,0.850830078125,2.532470703125,-3.713623046875
0.1835,0.290283203125,3.133056640625,-3.753662109375
0.184,-0.630615234375,3.293212890625,-3.032958984375
0.1845,-1.351318359375,3.653564453125,-2.672607421875
0.185,-2.552490234375,3.853759765625,-1.791748046875
0.1855,-3.072998046875,3.893798828125,-1.231201171875
0.186,-3.553466796875,3.693603515625,-0.590576171875
0.1865,-3.793701171875,3.413330078125,0.010009765625
0.187,-3.993896484375,2.892822265625,0.610595703125
0.1875,-4.114013671875,2.332275390625,1.331298828125
0.188,-4.514404296875,1.771728515625,2.252197265625
0.1885,-4.114013671875,1.010986328125,2.572509765625
0.189,-4.114013671875,0.410400390625,3.213134765625
0.1895,-3.353271484375,-0.550537109375,3.333251953125
0.19,-3.113037109375,-1.151123046875,3.733642578125
0.1905,-2.272216796875,-2.192138671875,3.893798828125
0.191,-1.791748046875,-2.832763671875,4.013916015625
0.1915,-1.031005859375,-3.233154296875,3.693603515625
0.192,-0.510498046875,-3.793701171875,3.653564453125
0.1925,0.490478515625,-4.033935546875,2.892822265625
0.193,1.291259765625,-4.434326171875,2.452392578125
0.1935,2.492431640625,-4.674560546875,1.611572265625
0.194,2.892822265625,-4.514404296875,0.970947265625
0.1945,3.453369140625,-4.434326171875,0.410400390625
0.195,3.613525390625,-3.873779296875,-0.310302734375
0.1955,3.853759765625,-3.433349609375,-0.990966796875
0.196,4.013916015625,-2.672607421875,-1.871826171875
0.1965,4.334228515625,-2.112060546875,-2.712646484375
0.197,3.733642578125,-1.151123046875,-3.072998046875
0.1975,3.693603515625,-0.510498046875,-3.633544921875
0.198,2.812744140625,0.490478515625,-3.713623046875
0.1985,2.452392578125,1.211181640625,-4.033935546875
0.199,1.571533203125,2.292236328125,-4.234130859375
0.1995,0.890869140625,2.852783203125,-4.114013671875
0.2,0.050048828125,3.253173828125,-3.673583984375
0.2005,-0.630615234375,3.653564453125,-3.473388671875
0.201,-1.591552734375,3.813720703125,-2.592529296875
0.2015,-2.472412109375,4.093994140625,-1.951904296875
0.202,-3.553466796875,4.334228515625,-1.191162109375
0.2025,-3.793701171875,3.813720703125,-0.470458984375
0.203,-4.194091796875,3.773681640625,0.050048828125
0.2035,-4.274169921875,3.012939453125,0.890869140625
0.204,-4.474365234375,2.532470703125,1.531494140625
0.2045,-4.594482421875,1.691650390625,2.452392578125
0.205,-4.634521484375,1.091064453125,3.093017578125
0.2055,-3.993896484375,0.130126953125,3.373291015625
0.206,-3.833740234375,-0.510498046875,3.813720703125
0.2065,-2.912841796875,-1.551513671875,3.853759765625
0.207,-2.512451171875,-2.232177734375,4.093994140625
0.2075,-1.631591796875,-3.233154296875,4.214111328125
0.208,-0.990966796875,-3.673583984375,3.853759765625
0.2085,-0.310302734375,-4.154052734375,3.693603515625
0.209,0.610595703125,-4.394287109375,3.133056640625
0.2095,1.571533203125,-4.514404296875,2.412353515625
0.21,2.492431640625,-4.754638671875,1.651611328125
0.2105,3.333251953125,-4.914794921875,0.970947265625
0.211,3.573486328125,-4.354248046875,0.170166015625
0.2115,4.013916015625,-4.314208984375,-0.270263671875
0.212,4.093994140625,-3.393310546875,-1.271240234375
0.2125,4.334228515625,-2.912841796875,-1.911865234375
0.213,4.494384765625,-2.072021484375,-2.912841796875
0.2135,4.294189453125,-1.311279296875,-3.473388671875
0.214,3.693603515625,-0.310302734375,-3.793701171875
0.2145,3.373291015625,0.370361328125,-4.154052734375
0.215,2.372314453125,1.531494140625,-4.234130859375
0.2155,1.891845703125,2.212158203125,-4.434326171875
0.216,0.930908203125,3.173095703125,-4.554443359375
0.2165,0.050048828125,3.533447265625,-3.993896484375
0.217,-0.670654296875,4.053955078125,-3.673583984375
0.2175,-1.791748046875,4.294189453125,-2.832763671875
0.218,-2.752685546875,4.454345703125,-2.031982421875
0.2185,-3.593505859375,4.494384765625,-1.231201171875
0.219,-4.354248046875,4.454345703125,-0.510498046875
0.2195,-4.434326171875,3.733642578125,0.290283203125
0.22,-4.794677734375,3.573486328125,0.810791015625
0.2205,-4.834716796875,2.412353515625,1.931884765625
0.221,-4.834716796875,1.931884765625,2.532470703125
0.2215,-4.954833984375,1.010986328125,3.453369140625
0.222,-4.514404296875,0.170166015625,3.853759765625
0.2225,-3.913818359375,-0.710693359375,4.093994140625
0.223,-3.273193359375,-1.631591796875,4.334228515625
0.2235,-2.312255859375,-2.672607421875,4.414306640625
0.224,-1.751708984375,-3.353271484375,4.334228515625
0.2245,-0.950927734375,-4.154052734375,4.374267578125
0.225,0.010009765625,-4.314208984375,3.693603515625
0.2255,0.610595703125,-4.754638671875,3.533447265625
0.226,1.931884765625,-4.874755859375,2.332275390625
0.2265,2.692626953125,-5.034912109375,1.731689453125
0.227,3.533447265625,-4.994873046875,0.890869140625
0.2275,4.053955078125,-4.834716796875,0.250244140625
0.228,4.134033203125,-4.154052734375,-0.510498046875
0.2285,4.494384765625,-3.873779296875,-1.111083984375
0.229,4.574462890625,-2.752685546875,-2.272216796875
0.2295,4.534423828125,-2.272216796875,-2.792724609375
0.23,4.614501953125,-1.351318359375,-3.753662109375
0.2305,3.973876953125,-0.390380859375,-3.993896484375
0.231,3.533447265625,0.450439453125,-4.354248046875
0.2315,2.692626953125,1.451416015625,-4.514404296875
0.232,1.851806640625,2.412353515625,-4.674560546875
0.2325,1.131103515625,3.052978515625,-4.554443359375
0.233,0.250244140625,3.853759765625,-4.514404296875
0.2335,-0.710693359375,4.093994140625,-3.673583984375
0.234,-1.431396484375,4.494384765625,-3.473388671875
0.2345,-2.832763671875,4.614501953125,-2.112060546875
0.235,-3.553466796875,4.734619140625,-1.511474609375
0.2355,-4.354248046875,4.534423828125,-0.630615234375
0.236,-4.794677734375,4.254150390625,0.130126953125
0.2365,-4.834716796875,3.533447265625,0.890869140625
0.237,-5.074951171875,3.012939453125,1.611572265625
0.2375,-5.155029296875,1.931884765625,2.772705078125
0.238,-4.954833984375,1.291259765625,3.213134765625
0.2385,-4.994873046875,0.450439453125,4.013916015625
0.239,-4.114013671875,-0.630615234375,4.134033203125
0.2395,-3.713623046875,-1.351318359375,4.494384765625
0.24,-2.592529296875,-2.552490234375,4.534423828125
0.2405,-1.911865234375,-3.473388671875,4.654541015625
0.241,-1.031005859375,-3.993896484375,4.334228515625
0.2415,-0.310302734375,-4.594482421875,4.214111328125
0.242,0.610595703125,-4.674560546875,3.373291015625
0.2425,1.371337890625,-5.034912109375,3.052978515625
0.243,2.812744140625,-5.155029296875,1.771728515625
0.2435,3.373291015625,-5.114990234375,1.131103515625
0.244,4.093994140625,-4.954833984375,0.290283203125
0.2445,4.334228515625,-4.514404296875,-0.390380859375
0.245,4.494384765625,-3.913818359375,-1.111083984375
0.2455,4.534423828125,-3.193115234375,-1.951904296875
0.246,4.774658203125,-2.312255859375,-2.952880859375
0.2465,4.494384765625,-1.591552734375,-3.353271484375
0.247,4.494384765625,-0.750732421875,-4.154052734375
0.2475,3.453369140625,0.330322265625,-4.194091796875
0.248,3.173095703125,0.970947265625,-4.594482421875
0.2485,1.971923828125,2.252197265625,-4.554443359375
0.249,1.411376953125,2.932861328125,-4.834716796875
0.2495,0.450439453125,3.573486328125,-4.354248046875
0.25,-0.350341796875,4.214111328125,-4.154052734375
0.2505,-1.311279296875,4.294189453125,-3.313232421875
0.251,-2.112060546875,4.614501953125,-2.872802734375
0.2515,-3.553466796875,4.814697265625,-1.631591796875
0.252,-4.033935546875,4.614501953125,-0.990966796875
0.2525,-4.714599609375,4.454345703125,-0.150146484375
0.253,-4.874755859375,3.853759765625,0.610595703125
0.2535,-5.034912109375,3.333251953125,1.291259765625
0.254,-5.114990234375,2.372314453125,2.252197265625
0.2545,-5.315185546875,1.571533203125,3.213134765625
0.255,-4.794677734375,0.690673828125,3.613525390625
0.2555,-4.754638671875,-0.110107421875,4.294189453125
0.256,-3.633544921875,-1.271240234375,4.294189453125
0.2565,-3.353271484375,-1.951904296875,4.574462890625
0.257,-2.072021484375,-3.193115234375,4.614501953125
0.2575,-1.471435546875,-3.753662109375,4.614501953125
0.258,-0.510498046875,-4.274169921875,4.134033203125
0.2585,0.210205078125,-4.714599609375,3.853759765625
0.259,1.131103515625,-4.834716796875,3.052978515625
0.2595,2.011962890625,-5.034912109375,2.412353515625
0.26,3.293212890625,-5.275146484375,1.331298828125
0.2605,3.653564453125,-4.834716796875,0.610595703125
0.261,4.254150390625,-4.794677734375,0.010009765625
0.2615,4.294189453125,-3.993896484375,-0.790771484375
0.262,4.494384765625,-3.633544921875,-1.391357421875
0.2625,4.494384765625,-2.592529296875,-2.432373046875
0.263,4.694580078125,-1.951904296875,-3.193115234375
0.2635,4.134033203125,-1.031005859375,-3.593505859375
0.264,3.973876953125,-0.350341796875,-4.154052734375
0.2645,3.012939453125,0.730712890625,-4.154052734375
0.265,2.692626953125,1.331298828125,-4.474365234375
0.2655,1.571533203125,2.612548828125,-4.554443359375
0.266,0.970947265625,3.052978515625,-4.394287109375
0.2665,0.130126953125,3.693603515625,-4.114013671875
0.267,-0.670654296875,3.973876953125,-3.633544921875
0.2675,-1.511474609375,4.214111328125,-3.032958984375
0.268,-2.552490234375,4.414306640625,-2.232177734375
0.2685,-3.673583984375,4.654541015625,-1.391357421875
0.269,-3.993896484375,4.174072265625,-0.630615234375
0.2695,-4.554443359375,4.174072265625,0.010009765625
0.27,-4.554443359375,3.333251953125,0.810791015625
0.2705,-4.794677734375,2.972900390625,1.411376953125
0.271,-4.914794921875,1.971923828125,2.532470703125
0.2715,-4.914794921875,1.371337890625,3.093017578125
0.272,-4.514404296875,0.330322265625,3.573486328125
0.2725,-4.194091796875,-0.390380859375,3.973876953125
0.273,-3.273193359375,-1.391357421875,4.053955078125
0.2735,-2.792724609375,-2.072021484375,4.334228515625
0.274,-1.911865234375,-3.193115234375,4.494384765625
0.2745,-1.231201171875,-3.553466796875,4.093994140625
0.275,-0.510498046875,-4.194091796875,4.013916015625
0.2755,0.370361328125,-4.314208984375,3.293212890625
0.276,1.211181640625,-4.594482421875,2.812744140625
0.2765,2.292236328125,-4.794677734375,1.891845703125
0.277,3.173095703125,-4.954833984375,1.211181640625
0.2775,3.453369140625,-4.474365234375,0.450439453125
0.278,3.893798828125,-4.434326171875,0.010009765625
0.2785,3.893798828125,-3.593505859375,-0.910888671875
0.279,4.134033203125,-3.193115234375,-1.471435546875
0.2795,4.334228515625,-2.312255859375,-2.552490234375
0.28,4.134033203125,-1.791748046875,-2.952880859375
0.2805,3.853759765625,-0.870849609375,-3.553466796875
0.281,3.333251953125,-0.150146484375,-3.793701171875
0.2815,2.772705078125,0.810791015625,-3.993896484375
0.282,2.132080078125,1.611572265625,-4.154052734375
0.2825,1.451416015625,2.572509765625,-4.394287109375
0.283,0.690673828125,2.852783203125,-3.873779296875
0.2835,0.090087890625,3.533447265625,-3.913818359375
0.284,-0.910888671875,3.613525390625,-3.072998046875
0.2845,-1.591552734375,3.973876953125,-2.712646484375
0.285,-2.752685546875,4.134033203125,-1.751708984375
0.2855,-3.353271484375,4.134033203125,-1.151123046875
0.286,-3.793701171875,3.813720703125,-0.470458984375
0.2865,-4.114013671875,3.653564453125,0.010009765625
0.287,-4.194091796875,2.972900390625,0.810791015625
0.2875,-4.394287109375,2.492431640625,1.451416015625
0.288,-4.674560546875,1.771728515625,2.452392578125
0.2885,-4.314208984375,1.010986328125,2.732666015625
0.289,-4.194091796875,0.290283203125,3.373291015625
0.2895,-3.513427734375,-0.630615234375,3.533447265625
0.29,-3.153076171875,-1.311279296875,3.853759765625
0.2905,-2.352294921875,-2.232177734375,3.973876953125
0.291,-1.831787109375,-2.912841796875,4.134033203125
0.2915,-1.031005859375,-3.273193359375,3.693603515625
0.292,-0.510498046875,-3.833740234375,3.693603515625
0.2925,0.490478515625,-3.993896484375,2.892822265625
0.293,1.251220703125,-4.354248046875,2.532470703125
0.2935,2.372314453125,-4.594482421875,1.651611328125
0.294,2.772705078125,-4.474365234375,1.091064453125
0.2945,3.253173828125,-4.314208984375,0.490478515625
0.295,3.453369140625,-3.873779296875,-0.110107421875
0.2955,3.693603515625,-3.393310546875,-0.790771484375
0.296,3.853759765625,-2.832763671875,-1.591552734375
0.2965,4.134033203125,-2.312255859375,-2.432373046875
0.297,3.653564453125,-1.431396484375,-2.752685546875
0.2975,3.693603515625,-0.830810546875,-3.313232421875
0.298,2.852783203125,0.170166015625,-3.393310546875
0.2985,2.572509765625,0.810791015625,-3.833740234375
0.299,1.811767578125,1.851806640625,-3.993896484375
0.2995,1.291259765625,2.372314453125,-3.993896484375
0.3,0.490478515625,2.812744140625,-3.673583984375
0.3005,-0.110107421875,3.253173828125,-3.513427734375
0.301,-1.071044921875,3.493408203125,-2.712646484375
0.3015,-1.951904296875,3.813720703125,-2.272216796875
0.302,-2.872802734375,4.053955078125,-1.551513671875
0.3025,-3.193115234375,3.733642578125,-0.910888671875
0.303,-3.713623046875,3.733642578125,-0.470458984375
0.3035,-3.793701171875,3.093017578125,0.290283203125
0.304,-4.114013671875,2.692626953125,0.930908203125
0.3045,-4.234130859375,1.971923828125,1.771728515625
0.305,-4.434326171875,1.531494140625,2.412353515625
0.3055,-3.873779296875,0.650634765625,2.772705078125
0.306,-3.873779296875,0.050048828125,3.253173828125
0.3065,-3.072998046875,-0.910888671875,3.373291015625
0.307,-2.752685546875,-1.591552734375,3.773681640625
0.3075,-2.031982421875,-2.512451171875,3.893798828125
0.308,-1.471435546875,-2.872802734375,3.693603515625
0.3085,-0.830810546875,-3.393310546875,3.613525390625
0.309,0.010009765625,-3.713623046875,3.133056640625
0.3095,0.810791015625,-3.993896484375,2.572509765625
0.31,1.771728515625,-4.314208984375,1.931884765625
0.3105,2.532470703125,-4.514404296875,1.411376953125
0.311,2.812744140625,-4.114013671875,0.770751953125
0.3115,3.253173828125,-4.154052734375,0.370361328125
0.312,3.373291015625,-3.513427734375,-0.510498046875
0.3125,3.733642578125,-3.193115234375,-1.151123046875
0.313,3.933837890625,-2.472412109375,-2.072021484375
0.3135,3.893798828125,-1.871826171875,-2.552490234375
0.314,3.493408203125,-0.950927734375,-2.992919921875
0.3145,3.253173828125,-0.310302734375,-3.353271484375
0.315,2.532470703125,0.650634765625,-3.553466796875
0.3155,2.172119140625,1.371337890625,-3.873779296875
0.316,1.411376953125,2.252197265625,-4.073974609375
0.3165,0.690673828125,2.612548828125,-3.673583984375
0.317,0.130126953125,3.173095703125,-3.673583984375
0.3175,-0.910888671875,3.413330078125,-2.872802734375
0.318,-1.711669921875,3.773681640625,-2.392333984375
0.3185,-2.632568359375,3.933837890625,-1.631591796875
0.319,-3.273193359375,3.973876953125,-1.111083984375
0.3195,-3.553466796875,3.533447265625,-0.430419921875
0.32,-3.913818359375,3.413330078125,0.050048828125
0.3205,-3.993896484375,2.572509765625,0.970947265625
0.321,-4.234130859375,2.212158203125,1.571533203125
0.3215,-4.474365234375,1.531494140625,2.492431640625
0.322,-4.114013671875,0.770751953125,2.812744140625
0.3225,-3.833740234375,0.010009765625,3.293212890625
0.323,-3.233154296875,-0.790771484375,3.493408203125
0.3235,-2.632568359375,-1.631591796875,3.693603515625
0.324,-2.112060546875,-2.352294921875,3.853759765625
0.3245,-1.511474609375,-3.072998046875,3.933837890625
0.325,-0.790771484375,-3.273193359375,3.453369140625
0.3255,-0.230224609375,-3.833740234375,3.453369140625
0.326,0.890869140625,-3.953857421875,2.492431640625
0.3265,1.611572265625,-4.354248046875,2.092041015625
0.327,2.532470703125,-4.474365234375,1.331298828125
0.3275,2.932861328125,-4.354248046875,0.850830078125
0.328,3.213134765625,-4.073974609375,0.250244140625
0.3285,3.533447265625,-3.793701171875,-0.310302734375
0.329,3.733642578125,-3.113037109375,-1.271240234375
0.3295,3.893798828125,-2.552490234375,-1.871826171875
0.33,4.134033203125,-1.951904296875,-2.712646484375
0.3305,3.533447265625,-1.031005859375,-3.032958984375
0.331,3.493408203125,-0.350341796875,-3.553466796875
0.3315,2.692626953125,0.610595703125,-3.673583984375
0.332,2.252197265625,1.411376953125,-4.033935546875
0.3325,1.491455078125,2.212158203125,-4.073974609375
0.333,0.850830078125,2.892822265625,-4.073974609375
0.3335,0.010009765625,3.173095703125,-3.553466796875
0.334,-0.670654296875,3.733642578125,-3.353271484375
0.3345,-1.951904296875,3.853759765625,-2.272216796875
0.335,-2.632568359375,4.134033203125,-1.831787109375
0.3355,-3.553466796875,4.134033203125,-1.031005859375
0.336,-3.833740234375,3.813720703125,-0.390380859375
0.3365,-4.154052734375,3.453369140625,0.170166015625
0.337,-4.354248046875,2.852783203125,0.970947265625
0.3375,-4.514404296875,2.172119140625,1.931884765625
0.338,-4.514404296875,1.531494140625,2.532470703125
0.3385,-4.594482421875,0.890869140625,3.253173828125
0.339,-3.793701171875,-0.150146484375,3.413330078125
0.3395,-3.633544921875,-0.790771484375,3.853759765625
0.34,-2.552490234375,-1.951904296875,3.893798828125
0.3405,-2.112060546875,-2.592529296875,4.134033203125
0.341,-1.311279296875,-3.313232421875,3.973876953125
0.3415,-0.630615234375,-3.793701171875,3.813720703125
0.342,0.090087890625,-3.993896484375,3.253173828125
0.3425,0.930908203125,-4.354248046875,2.852783203125
0.343,2.092041015625,-4.514404296875,1.851806640625
0.3435,2.692626953125,-4.554443359375,1.291259765625
0.344,3.413330078125,-4.674560546875,0.610595703125
0.3445,3.533447265625,-4.114013671875,0.010009765625
0.345,3.853759765625,-3.913818359375,-0.590576171875
0.3455,3.973876953125,-2.992919921875,-1.431396484375
0.346,4.174072265625,-2.512451171875,-2.232177734375
0.3465,4.093994140625,-1.711669921875,-2.832763671875
0.347,4.093994140625,-1.111083984375,-3.473388671875
0.3475,3.213134765625,-0.070068359375,-3.593505859375
0.348,3.133056640625,0.530517578125,-4.033935546875
0.3485,1.971923828125,1.771728515625,-4.154052734375
0.349,1.611572265625,2.372314453125,-4.354248046875
0.3495,0.690673828125,3.173095703125,-4.194091796875
0.35,0.010009765625,3.573486328125,-3.873779296875
0.3505,-0.830810546875,3.853759765625,-3.353271484375
0.351,-1.871826171875,4.214111328125,-2.712646484375
0.3515,-3.072998046875,4.494384765625,-1.751708984375
0.352,-3.633544921875,4.294189453125,-1.111083984375
0.3525,-4.354248046875,4.294189453125,-0.390380859375
0.353,-4.434326171875,3.533447265625,0.370361328125
0.3535,-4.754638671875,3.333251953125,0.970947265625
0.354,-4.834716796875,2.252197265625,2.172119140625
0.3545,-4.994873046875,1.651611328125,2.852783203125
0.355,-4.634521484375,0.730712890625,3.453369140625
0.3555,-4.474365234375,0.010009765625,3.973876953125
0.356,-3.553466796875,-1.111083984375,4.053955078125
0.3565,-3.153076171875,-1.791748046875,4.334228515625
0.357,-1.991943359375,-3.113037109375,4.494384765625
0.3575,-1.351318359375,-3.553466796875,4.334228515625
0.358,-0.590576171875,-4.194091796875,4.134033203125
0.3585,0.250244140625,-4.474365234375,3.573486328125
0.359,1.010986328125,-4.674560546875,3.052978515625
0.3595,2.172119140625,-4.874755859375,2.092041015625
0.36,3.213134765625,-5.114990234375,1.251220703125
0.3605,3.613525390625,-4.714599609375,0.490478515625
0.361,4.174072265625,-4.714599609375,-0.150146484375
0.3615,4.134033203125,-3.833740234375,-0.910888671875
0.362,4.334228515625,-3.473388671875,-1.431396484375
0.3625,4.494384765625,-2.392333984375,-2.592529296875
0.363,4.494384765625,-1.791748046875,-3.193115234375
0.3635,4.134033203125,-0.870849609375,-3.753662109375
0.364,3.733642578125,-0.110107421875,-4.073974609375
0.3645,2.932861328125,0.850830078125,-4.154052734375
0.365,2.412353515625,1.571533203125,-4.394287109375
0.3655,1.451416015625,2.812744140625,-4.634521484375
0.366,0.770751953125,3.213134765625,-4.314208984375
0.3665,0.010009765625,3.893798828125,-4.194091796875
0.367,-0.950927734375,4.093994140625,-3.513427734375
0.3675,-1.671630859375,4.374267578125,-3.072998046875
0.368,-2.952880859375,4.494384765625,-1.951904296875
0.3685,-3.913818359375,4.694580078125,-1.231201171875
0.369,-4.314208984375,4.174072265625,-0.350341796875
0.3695,-4.874755859375,4.214111328125,0.290283203125
0.37,-4.834716796875,3.293212890625,1.131103515625
0.3705,-4.994873046875,2.852783203125,1.771728515625
0.371,-5.235107421875,1.771728515625,3.012939453125
0.3715,-4.994873046875,1.010986328125,3.533447265625
0.372,-4.634521484375,0.050048828125,4.093994140625
0.3725,-4.073974609375,-0.830810546875,4.374267578125
0.373,-3.273193359375,-1.791748046875,4.494384765625
0.3735,-2.512451171875,-2.712646484375,4.574462890625
0.374,-1.591552734375,-3.833740234375,4.774658203125
0.3745,-0.670654296875,-4.154052734375,4.134033203125
0.375,0.010009765625,-4.754638671875,4.134033203125
0.3755,0.970947265625,-4.794677734375,3.173095703125
0.376,1.731689453125,-5.074951171875,2.612548828125
0.3765,3.052978515625,-5.235107421875,1.531494140625
0.377,3.813720703125,-5.195068359375,0.730712890625
0.3775,4.134033203125,-4.634521484375,-0.070068359375
0.378,4.494384765625,-4.394287109375,-0.630615234375
0.3785,4.454345703125,-3.513427734375,-1.471435546875
0.379,4.534423828125,-2.912841796875,-2.152099609375
0.3795,4.814697265625,-1.951904296875,-3.353271484375
0.38,4.334228515625,-1.151123046875,-3.673583984375
0.3805,4.053955078125,-0.270263671875,-4.234130859375
0.381,3.253173828125,0.650634765625,-4.314208984375
0.3815,2.692626953125,1.451416015625,-4.474365234375
0.382,1.771728515625,2.412353515625,-4.554443359375
0.3825,0.970947265625,3.413330078125,-4.714599609375
0.383,0.050048828125,3.693603515625,-3.993896484375
0.3835,-0.590576171875,4.254150390625,-4.033935546875
0.384,-1.631591796875,4.254150390625,-3.032958984375
0.3845,-2.432373046875,4.494384765625,-2.512451171875
0.385,-3.713623046875,4.734619140625,-1.431396484375
0.3855,-4.314208984375,4.574462890625,-0.630615234375
0.386,-4.674560546875,4.134033203125,0.130126953125
0.3865,-4.954833984375,3.773681640625,0.770751953125
0.387,-4.994873046875,2.892822265625,1.651611328125
0.3875,-5.074951171875,2.252197265625,2.412353515625
0.388,-5.395263671875,1.331298828125,3.533447265625
0.3885,-4.674560546875,0.370361328125,3.853759765625
0.389,-4.514404296875,-0.470458984375,4.414306640625
0.3895,-3.553466796875,-1.511474609375,4.494384765625
0.39,-2.912841796875,-2.312255859375,4.654541015625
0.3905,-1.951904296875,-3.353271484375,4.654541015625
0.391,-1.151123046875,-4.194091796875,4.654541015625
0.3915,-0.190185546875,-4.434326171875,3.973876953125
0.392,0.450439453125,-4.954833984375,3.853759765625
0.3925,1.651611328125,-4.994873046875,2.612548828125
0.393,2.412353515625,-5.155029296875,2.092041015625
0.3935,3.653564453125,-5.275146484375,1.091064453125
0.394,3.973876953125,-4.834716796875,0.330322265625
0.3945,4.334228515625,-4.514404296875,-0.390380859375
0.395,4.454345703125,-3.913818359375,-1.111083984375
0.3955,4.494384765625,-3.113037109375,-1.951904296875
0.396,4.534423828125,-2.352294921875,-2.672607421875
0.3965,4.734619140625,-1.591552734375,-3.673583984375
0.397,3.893798828125,-0.550537109375,-3.833740234375
0.3975,3.813720703125,0.130126953125,-4.354248046875
0.398,2.732666015625,1.171142578125,-4.274169921875
0.3985,2.252197265625,1.891845703125,-4.514404296875
0.399,1.291259765625,2.892822265625,-4.554443359375
0.3995,0.530517578125,3.533447265625,-4.394287109375
0.4,-0.310302734375,3.813720703125,-3.833740234375
0.4005,-0.990966796875,4.134033203125,-3.593505859375
0.401,-2.152099609375,4.294189453125,-2.552490234375
0.4015,-2.912841796875,4.494384765625,-1.951904296875
0.402,-3.993896484375,4.654541015625,-1.031005859375
0.4025,-4.234130859375,4.134033203125,-0.270263671875
0.403,-4.634521484375,3.973876953125,0.290283203125
0.4035,-4.754638671875,3.173095703125,1.131103515625
0.404,-4.874755859375,2.532470703125,1.931884765625
0.4045,-4.914794921875,1.731689453125,2.732666015625
0.405,-5.034912109375,1.051025390625,3.493408203125
0.4055,-4.194091796875,0.010009765625,3.733642578125
0.406,-4.114013671875,-0.670654296875,4.254150390625
0.4065,-2.952880859375,-1.871826171875,4.214111328125
0.407,-2.552490234375,-2.512451171875,4.454345703125
0.4075,-1.591552734375,-3.553466796875,4.494384765625
0.408,-0.790771484375,-3.993896484375,4.134033203125
0.4085,0.010009765625,-4.354248046875,3.773681640625
0.409,0.810791015625,-4.674560546875,3.173095703125
0.4095,1.891845703125,-4.754638671875,2.292236328125
0.41,2.612548828125,-4.874755859375,1.651611328125
0.4105,3.533447265625,-4.994873046875,0.930908203125
0.411,3.693603515625,-4.354248046875,0.130126953125
0.4115,4.093994140625,-4.314208984375,-0.350341796875
0.412,4.134033203125,-3.313232421875,-1.311279296875
0.4125,4.294189453125,-2.872802734375,-1.951904296875
0.413,4.334228515625,-1.991943359375,-2.832763671875
0.4135,4.214111328125,-1.351318359375,-3.353271484375
0.414,3.533447265625,-0.350341796875,-3.593505859375
0.4145,3.333251953125,0.250244140625,-3.993896484375
0.415,2.292236328125,1.331298828125,-4.033935546875
0.4155,1.931884765625,1.971923828125,-4.234130859375
0.416,1.051025390625,2.852783203125,-4.354248046875
0.4165,0.290283203125,3.173095703125,-3.833740234375
0.417,-0.350341796875,3.653564453125,-3.713623046875
0.4175,-1.351318359375,3.853759765625,-2.872802734375
0.418,-2.272216796875,4.134033203125,-2.232177734375
0.4185,-3.072998046875,4.174072265625,-1.471435546875
0.419,-3.793701171875,4.254150390625,-0.910888671875
0.4195,-3.913818359375,3.653564453125,-0.150146484375
0.42,-4.314208984375,3.613525390625,0.330322265625
0.4205,-4.354248046875,2.612548828125,1.331298828125
0.421,-4.554443359375,2.252197265625,1.931884765625
0.4215,-4.674560546875,1.411376953125,2.772705078125
0.422,-4.354248046875,0.690673828125,3.173095703125
0.4225,-3.873779296875,-0.190185546875,3.573486328125
0.423,-3.433349609375,-0.950927734375,3.813720703125
0.4235,-2.632568359375,-1.951904296875,3.973876953125
0.424,-2.112060546875,-2.592529296875,4.053955078125
0.4245,-1.431396484375,-3.353271484375,4.134033203125
0.425,-0.630615234375,-3.633544921875,3.533447265625
0.4255,-0.070068359375,-4.114013671875,3.533447265625
0.426,1.091064453125,-4.194091796875,2.532470703125
0.4265,1.851806640625,-4.554443359375,2.092041015625
0.427,2.612548828125,-4.554443359375,1.331298828125
0.4275,3.093017578125,-4.514404296875,0.810791015625
0.428,3.333251953125,-4.033935546875,0.170166015625
0.4285,3.653564453125,-3.833740234375,-0.350341796875
0.429,3.813720703125,-3.032958984375,-1.311279296875
0.4295,3.973876953125,-2.592529296875,-1.871826171875
0.43,4.134033203125,-1.951904296875,-2.712646484375
0.4305,3.573486328125,-1.111083984375,-2.952880859375
0.431,3.413330078125,-0.390380859375,-3.473388671875
0.4315,2.692626953125,0.490478515625,-3.553466796875
0.432,2.252197265625,1.251220703125,-3.953857421875
0.4325,1.571533203125,1.931884765625,-3.993896484375
0.433,0.970947265625,2.572509765625,-3.993896484375
0.4335,0.210205078125,2.932861328125,-3.473388671875
0.434,-0.430419921875,3.453369140625,-3.353271484375
0.4345,-1.591552734375,3.613525390625,-2.392333984375
0.435,-2.272216796875,3.973876953125,-2.031982421875
0.4355,-3.072998046875,4.013916015625,-1.311279296875
0.436,-3.393310546875,3.773681640625,-0.710693359375
0.4365,-3.793701171875,3.493408203125,-0.150146484375
0.437,-3.953857421875,3.052978515625,0.530517578125
0.4375,-4.274169921875,2.412353515625,1.411376953125
0.438,-4.314208984375,1.851806640625,2.011962890625
0.4385,-4.474365234375,1.291259765625,2.732666015625
0.439,-3.793701171875,0.290283203125,2.972900390625
0.4395,-3.713623046875,-0.310302734375,3.493408203125
0.44,-2.752685546875,-1.391357421875,3.533447265625
0.4405,-2.512451171875,-2.031982421875,3.853759765625
0.441,-1.751708984375,-2.752685546875,3.813720703125
0.4415,-1.151123046875,-3.193115234375,3.773681640625
0.442,-0.430419921875,-3.513427734375,3.293212890625
0.4425,0.330322265625,-3.913818359375,2.972900390625
0.443,1.411376953125,-4.154052734375,2.132080078125
0.4435,2.011962890625,-4.354248046875,1.731689453125
0.444,2.692626953125,-4.434326171875,1.131103515625
0.4445,2.892822265625,-3.993896484375,0.530517578125
0.445,3.333251953125,-3.873779296875,0.010009765625
0.4455,3.453369140625,-3.193115234375,-0.790771484375
0.446,3.813720703125,-2.832763671875,-1.471435546875
0.4465,3.773681640625,-2.152099609375,-2.152099609375
0.447,3.853759765625,-1.591552734375,-2.712646484375
0.4475,3.173095703125,-0.670654296875,-2.952880859375
0.448,3.133056640625,-0.150146484375,-3.473388671875
0.4485,2.252197265625,0.970947265625,-3.593505859375
0.449,2.011962890625,1.571533203125,-3.953857421875
0.4495,1.211181640625,2.292236328125,-3.873779296875
0.45,0.610595703125,2.732666015625,-3.673583984375
0.4505,-0.190185546875,3.173095703125,-3.353271484375
0.451,-1.071044921875,3.493408203125,-2.752685546875
0.4515,-2.112060546875,3.853759765625,-2.072021484375
0.452,-2.712646484375,3.853759765625,-1.551513671875
0.4525,-3.353271484375,3.973876953125,-0.990966796875
0.453,-3.553466796875,3.453369140625,-0.310302734375
0.4535,-3.953857421875,3.333251953125,0.250244140625
0.454,-4.114013671875,2.452392578125,1.251220703125
0.4545,-4.434326171875,2.052001953125,1.891845703125
0.455,-4.314208984375,1.291259765625,2.532470703125
0.4555,-4.114013671875,0.610595703125,3.052978515625
0.456,-3.513427734375,-0.350341796875,3.293212890625
0.4565,-3.193115234375,-1.031005859375,3.653564453125
0.457,-2.312255859375,-2.072021484375,3.853759765625
0.4575,-1.951904296875,-2.592529296875,3.893798828125
0.458,-1.231201171875,-3.273193359375,3.853759765625
0.4585,-0.510498046875,-3.553466796875,3.373291015625
0.459,0.210205078125,-3.913818359375,3.133056640625
0.4595,1.291259765625,-4.154052734375,2.252197265625
0.46,2.172119140625,-4.474365234375,1.691650390625
0.4605,2.692626953125,-4.274169921875,1.010986328125
0.461,3.173095703125,-4.274169921875,0.570556640625
0.4615,3.213134765625,-3.673583984375,-0.150146484375
0.462,3.533447265625,-3.473388671875,-0.630615234375
0.4625,3.733642578125,-2.632568359375,-1.631591796875
0.463,3.853759765625,-2.272216796875,-2.112060546875
0.4635,3.853759765625,-1.471435546875,-2.832763671875
0.464,3.333251953125,-0.830810546875,-3.072998046875
0.4645,2.972900390625,0.010009765625,-3.433349609375
0.465,2.452392578125,0.810791015625,-3.633544921875
0.4655,1.891845703125,1.771728515625,-3.993896484375
0.466,1.291259765625,2.252197265625,-3.873779296875
0.4665,0.650634765625,2.932861328125,-3.913818359375
0.467,-0.190185546875,3.173095703125,-3.313232421875
0.4675,-0.910888671875,3.653564453125,-3.113037109375
0.468,-2.112060546875,3.853759765625,-2.112060546875
0.4685,-2.872802734375,4.134033203125,-1.631591796875
0.469,-3.473388671875,3.933837890625,-0.910888671875
0.4695,-3.873779296875,3.813720703125,-0.350341796875
0.47,-4.033935546875,3.253173828125,0.410400390625
0.4705,-4.274169921875,2.812744140625,1.091064453125
0.471,-4.594482421875,2.011962890625,2.132080078125
0.4715,-4.434326171875,1.411376953125,2.572509765625
0.472,-4.434326171875,0.570556640625,3.333251953125
0.4725,-3.713623046875,-0.350341796875,3.493408203125
0.473,-3.353271484375,-1.071044921875,3.853759765625
0.4735,-2.512451171875,-2.072021484375,3.973876953125
0.474,-1.871826171875,-2.952880859375,4.214111328125
0.4745,-1.111083984375,-3.353271484375,3.853759765625
0.475,-0.510498046875,-3.953857421875,3.853759765625
0.4755,0.410400390625,-4.073974609375,3.052978515625
0.476,1.131103515625,-4.434326171875,2.652587890625
0.4765,2.452392578125,-4.674560546875,1.611572265625
0.477,3.012939453125,-4.634521484375,1.010986328125
0.4775,3.493408203125,-4.394287109375,0.330322265625
0.478,3.693603515625,-4.033935546875,-0.270263671875
0.4785,3.853759765625,-3.473388671875,-0.910888671875
0.479,3.973876953125,-2.792724609375,-1.671630859375
0.4795,4.294189453125,-2.152099609375,-2.632568359375
0.48,3.853759765625,-1.351318359375,-3.032958984375
0.4805,3.813720703125,-0.710693359375,-3.593505859375
0.481,2.972900390625,0.290283203125,-3.593505859375
0.4815,2.692626953125,0.890869140625,-3.953857421875
0.482,1.731689453125,1.971923828125,-4.073974609375
0.4825,1.211181640625,2.652587890625,-4.194091796875
0.483,0.370361328125,3.093017578125,-3.793701171875
0.4835,-0.230224609375,3.573486328125,-3.713623046875
0.484,-1.151123046875,3.773681640625,-2.912841796875
0.4845,-1.951904296875,4.053955078125,-2.432373046875
0.485,-3.233154296875,4.414306640625,-1.511474609375
0.4855,-3.673583984375,4.134033203125,-0.830810546875
0.486,-4.234130859375,4.013916015625,-0.190185546875
0.4865,-4.354248046875,3.493408203125,0.530517578125
0.487,-4.594482421875,2.972900390625,1.211181640625
0.4875,-4.754638671875,2.011962890625,2.011962890625
0.488,-4.994873046875,1.451416015625,3.052978515625
0.4885,-4.434326171875,0.490478515625,3.373291015625
0.489,-4.354248046875,-0.190185546875,4.013916015625
0.4895,-3.353271484375,-1.271240234375,4.093994140625
0.49,-2.952880859375,-1.991943359375,4.334228515625
0.4905,-1.951904296875,-3.193115234375,4.494384765625
0.491,-1.191162109375,-3.793701171875,4.334228515625
0.4915,-0.350341796875,-4.194091796875,3.893798828125
0.492,0.370361328125,-4.594482421875,3.573486328125
0.4925,1.411376953125,-4.714599609375,2.652587890625
0.493,2.292236328125,-4.914794921875,1.971923828125
0.4935,3.533447265625,-5.155029296875,1.010986328125
0.494,3.773681640625,-4.594482421875,0.250244140625
0.4945,4.214111328125,-4.514404296875,-0.310302734375
0.495,4.214111328125,-3.673583984375,-1.151123046875
0.4955,4.454345703125,-3.153076171875,-1.951904296875
0.496,4.494384765625,-2.232177734375,-2.832763671875
0.4965,4.534423828125,-1.511474609375,-3.553466796875
0.497,3.813720703125,-0.470458984375,-3.833740234375
0.4975,3.613525390625,0.210205078125,-4.234130859375
0.498,2.572509765625,1.251220703125,-4.194091796875
0.4985,2.092041015625,1.931884765625,-4.394287109375
0.499,1.131103515625,3.052978515625,-4.554443359375
0.4995,0.290283203125,3.533447265625,-4.154052734375
0.5,-0.390380859375,3.893798828125,-3.873779296875
0.5005,-1.271240234375,4.174072265625,-3.273193359375
0.501,-2.232177734375,4.334228515625,-2.432373046875
0.5015,-3.193115234375,4.494384765625,-1.671630859375
0.502,-4.154052734375,4.654541015625,-0.870849609375
0.5025,-4.354248046875,3.973876953125,0.010009765625
0.503,-4.834716796875,3.973876953125,0.450439453125
0.5035,-4.794677734375,2.932861328125,1.371337890625
0.504,-4.994873046875,2.412353515625,2.052001953125
0.5045,-5.155029296875,1.331298828125,3.052978515625
0.505,-4.994873046875,0.770751953125,3.733642578125
0.5055,-4.274169921875,-0.310302734375,4.013916015625
0.506,-3.993896484375,-1.031005859375,4.494384765625
0.5065,-2.872802734375,-2.192138671875,4.494384765625
0.507,-2.352294921875,-2.872802734375,4.614501953125
0.5075,-1.351318359375,-3.993896484375,4.734619140625
0.508,-0.470458984375,-4.354248046875,4.134033203125
0.5085,0.250244140625,-4.794677734375,3.853759765625
0.509,1.371337890625,-4.994873046875,3.012939453125
0.5095,2.372314453125,-5.114990234375,2.172119140625
0.51,3.253173828125,-5.155029296875,1.291259765625
0.5105,4.093994140625,-5.235107421875,0.570556640625
0.511,4.174072265625,-4.434326171875,-0.310302734375
0.5115,4.574462890625,-4.314208984375,-0.870849609375
0.512,4.534423828125,-3.193115234375,-1.951904296875
0.5125,4.574462890625,-2.712646484375,-2.592529296875
0.513,4.694580078125,-1.631591796875,-3.553466796875
0.5135,4.334228515625,-0.790771484375,-3.993896484375
0.514,3.653564453125,0.170166015625,-4.234130859375
0.5145,3.173095703125,0.970947265625,-4.514404296875
0.515,2.052001953125,2.092041015625,-4.514404296875
0.5155,1.531494140625,2.692626953125,-4.554443359375
0.516,0.610595703125,3.693603515625,-4.594482421875
0.5165,-0.350341796875,3.893798828125,-3.873779296875
0.517,-0.990966796875,4.334228515625,-3.713623046875
0.5175,-2.272216796875,4.494384765625,-2.592529296875
0.518,-3.072998046875,4.614501953125,-1.911865234375
0.5185,-3.953857421875,4.614501953125,-0.990966796875
0.519,-4.594482421875,4.494384765625,-0.310302734375
0.5195,-4.634521484375,3.773681640625,0.490478515625
0.52,-4.994873046875,3.533447265625,1.010986328125
0.5205,-5.074951171875,2.332275390625,2.212158203125
0.521,-5.074951171875,1.891845703125,2.732666015625
0.5215,-5.155029296875,0.930908203125,3.693603515625
0.522,-4.554443359375,0.010009765625,4.013916015625
0.5225,-4.073974609375,-0.910888671875,4.414306640625
0.523,-3.313232421875,-1.871826171875,4.534423828125
0.5235,-2.352294921875,-2.912841796875,4.654541015625
0.524,-1.631591796875,-3.553466796875,4.574462890625
0.5245,-0.790771484375,-4.434326171875,4.534423828125
0.525,0.170166015625,-4.554443359375,3.813720703125
0.5255,0.810791015625,-5.034912109375,3.573486328125
0.526,2.212158203125,-5.155029296875,2.252197265625
0.5265,3.012939453125,-5.275146484375,1.651611328125
0.527,3.853759765625,-5.155029296875,0.770751953125
0.5275,4.334228515625,-4.954833984375,0.050048828125
0.528,4.374267578125,-4.234130859375,-0.790771484375
0.5285,4.614501953125,-3.833740234375,-1.431396484375
0.529,4.734619140625,-2.672607421875,-2.592529296875
0.5295,4.614501953125,-2.072021484375,-3.072998046875
0.53,4.614501953125,-1.151123046875,-3.913818359375
0.5305,3.853759765625,-0.150146484375,-4.114013671875
0.531,3.453369140625,0.610595703125,-4.474365234375
0.5315,2.492431640625,1.651611328125,-4.514404296875
0.532,1.691650390625,2.612548828125,-4.634521484375
0.5325,0.930908203125,3.173095703125,-4.434326171875
0.533,0.130126953125,3.893798828125,-4.354248046875
0.5335,-0.830810546875,4.013916015625,-3.553466796875
0.534,-1.471435546875,4.454345703125,-3.273193359375
0.5345,-2.872802734375,4.494384765625,-1.991943359375
0.535,-3.553466796875,4.574462890625,-1.431396484375
0.5355,-4.274169921875,4.414306640625,-0.590576171875
0.536,-4.594482421875,4.013916015625,0.130126953125
0.5365,-4.754638671875,3.493408203125,0.770751953125
0.537,-4.874755859375,2.852783203125,1.571533203125
0.5375,-5.074951171875,1.971923828125,2.612548828125
0.538,-4.834716796875,1.291259765625,3.052978515625
0.5385,-4.914794921875,0.570556640625,3.853759765625
0.539,-3.953857421875,-0.510498046875,3.933837890625
0.5395,-3.753662109375,-1.231201171875,4.374267578125
0.54,-2.592529296875,-2.432373046875,4.374267578125
0.5405,-2.072021484375,-3.153076171875,4.534423828125
0.541,-1.191162109375,-3.753662109375,4.294189453125
0.5415,-0.470458984375,-4.314208984375,4.134033203125
0.542,0.450439453125,-4.474365234375,3.373291015625
0.5425,1.211181640625,-4.834716796875,3.012939453125
0.543,2.532470703125,-4.994873046875,1.851806640625
0.5435,3.052978515625,-4.994873046875,1.291259765625
0.544,3.813720703125,-4.954833984375,0.490478515625
0.5445,3.973876953125,-4.394287109375,-0.230224609375
0.545,4.174072265625,-3.953857421875,-0.790771484375
0.5455,4.254150390625,-3.113037109375,-1.711669921875
0.546,4.534423828125,-2.472412109375,-2.592529296875
0.5465,4.214111328125,-1.671630859375,-3.072998046875
0.547,4.214111328125,-0.990966796875,-3.713623046875
0.5475,3.253173828125,0.130126953125,-3.793701171875
0.548,3.133056640625,0.690673828125,-4.234130859375
0.5485,1.931884765625,1.931884765625,-4.234130859375
0.549,1.571533203125,2.532470703125,-4.434326171875
0.5495,0.610595703125,3.173095703125,-4.114013671875
0.55,-0.070068359375,3.613525390625,-3.873779296875
0.5505,-0.910888671875,3.853759765625,-3.233154296875
0.551,-1.791748046875,4.093994140625,-2.672607421875
0.5515,-2.952880859375,4.334228515625,-1.791748046875
0.552,-3.393310546875,4.134033203125,-1.151123046875
0.5525,-4.073974609375,4.134033203125,-0.550537109375
0.553,-4.154052734375,3.533447265625,0.250244140625
0.5535,-4.514404296875,3.293212890625,0.770751953125
0.554,-4.554443359375,2.292236328125,1.771728515625
0.5545,-4.794677734375,1.891845703125,2.452392578125
0.555,-4.514404296875,1.010986328125,3.012939453125
0.5555,-4.354248046875,0.330322265625,3.533447265625
0.556,-3.553466796875,-0.710693359375,3.693603515625
0.5565,-3.273193359375,-1.351318359375,4.013916015625
0.557,-2.272216796875,-2.512451171875,4.134033203125
0.5575,-1.831787109375,-2.952880859375,4.134033203125
0.558,-1.031005859375,-3.633544921875,4.013916015625
0.5585,-0.310302734375,-3.913818359375,3.533447265625
0.559,0.490478515625,-4.274169921875,3.173095703125
0.5595,1.531494140625,-4.514404296875,2.292236328125
0.56,2.492431640625,-4.794677734375,1.651611328125
0.5605,2.892822265625,-4.514404296875,0.970947265625
0.561,3.453369140625,-4.514404296875,0.490478515625
0.5615,3.533447265625,-3.833740234375,-0.310302734375
0.562,3.853759765625,-3.593505859375,-0.790771484375
0.5625,3.973876953125,-2.672607421875,-1.831787109375
0.563,4.134033203125,-2.312255859375,-2.312255859375
0.5635,3.893798828125,-1.431396484375,-2.952880859375
0.564,3.573486328125,-0.790771484375,-3.233154296875
0.5645,3.012939453125,0.130126953125,-3.553466796875
0.565,2.572509765625,0.850830078125,-3.793701171875
0.5655,1.891845703125,1.891845703125,-4.114013671875
0.566,1.331298828125,2.252197265625,-3.913818359375
0.5665,0.650634765625,2.972900390625,-3.953857421875
0.567,-0.190185546875,3.173095703125,-3.353271484375
0.5675,-0.910888671875,3.573486328125,-3.113037109375
0.568,-2.031982421875,3.813720703125,-2.192138671875
0.5685,-2.752685546875,4.053955078125,-1.751708984375
0.569,-3.233154296875,3.853759765625,-0.990966796875
0.5695,-3.713623046875,3.813720703125,-0.590576171875
0.57,-3.873779296875,3.173095703125,0.250244140625
0.5705,-4.114013671875,2.852783203125,0.810791015625
0.571,-4.434326171875,2.172119140625,1.851806640625
0.5715,-4.354248046875,1.611572265625,2.252197265625
0.572,-4.314208984375,0.850830078125,2.932861328125
0.5725,-3.713623046875,0.050048828125,3.173095703125
0.573,-3.393310546875,-0.710693359375,3.613525390625
0.5735,-2.712646484375,-1.631591796875,3.773681640625
0.574,-2.232177734375,-2.432373046875,4.093994140625
0.5745,-1.511474609375,-2.872802734375,3.773681640625
0.575,-0.990966796875,-3.513427734375,3.853759765625
0.5755,0.010009765625,-3.753662109375,3.133056640625
0.576,0.650634765625,-4.154052734375,2.852783203125
0.5765,1.851806640625,-4.434326171875,1.931884765625
0.577,2.412353515625,-4.474365234375,1.451416015625
0.5775,2.892822265625,-4.274169921875,0.810791015625
0.578,3.173095703125,-4.033935546875,0.330322265625
0.5785,3.413330078125,-3.553466796875,-0.390380859375
0.579,3.573486328125,-3.072998046875,-1.071044921875
0.5795,3.973876953125,-2.512451171875,-1.951904296875
0.58,3.693603515625,-1.871826171875,-2.312255859375
0.5805,3.693603515625,-1.231201171875,-2.952880859375
0.581,2.972900390625,-0.310302734375,-3.072998046875
0.5815,2.852783203125,0.290283203125,-3.553466796875
0.582,2.011962890625,1.291259765625,-3.713623046875
0.5825,1.691650390625,1.931884765625,-3.953857421875
0.583,0.930908203125,2.372314453125,-3.673583984375
0.5835,0.370361328125,2.892822265625,-3.633544921875
0.584,-0.510498046875,3.133056640625,-3.072998046875
0.5845,-1.311279296875,3.533447265625,-2.672607421875
0.585,-2.432373046875,3.893798828125,-1.871826171875
0.5855,-2.872802734375,3.813720703125,-1.311279296875
0.586,-3.473388671875,3.853759765625,-0.790771484375
0.5865,-3.593505859375,3.333251953125,-0.150146484375
0.587,-3.993896484375,3.052978515625,0.490478515625
0.5875,-4.154052734375,2.372314453125,1.331298828125
0.588,-4.514404296875,1.931884765625,2.092041015625
0.5885,-4.114013671875,1.091064453125,2.532470703125
0.589,-4.154052734375,0.490478515625,3.173095703125
0.5895,-3.273193359375,-0.550537109375,3.333251953125
0.59,-3.072998046875,-1.191162109375,3.733642578125
0.5905,-2.272216796875,-2.272216796875,3.893798828125
0.591,-1.791748046875,-2.752685546875,3.893798828125
0.5915,-1.031005859375,-3.353271484375,3.693603515625
0.592,-0.350341796875,-3.713623046875,3.453369140625
0.5925,0.490478515625,-3.993896484375,2.812744140625
0.593,1.411376953125,-4.274169921875,2.252197265625
0.5935,2.492431640625,-4.594482421875,1.571533203125
0.594,2.772705078125,-4.194091796875,0.890869140625
0.5945,3.333251953125,-4.274169921875,0.450439453125
0.595,3.373291015625,-3.593505859375,-0.310302734375
0.5955,3.653564453125,-3.273193359375,-0.950927734375
0.596,3.853759765625,-2.512451171875,-1.871826171875
0.5965,3.973876953125,-1.991943359375,-2.472412109375
0.597,3.533447265625,-1.151123046875,-2.872802734375
0.5975,3.373291015625,-0.590576171875,-3.273193359375
0.598,2.612548828125,0.370361328125,-3.393310546875
0.5985,2.292236328125,1.010986328125,-3.713623046875
0.599,1.571533203125,2.052001953125,-3.993896484375
0.5995,0.970947265625,2.372314453125,-3.753662109375
0.6,0.370361328125,2.892822265625,-3.713623046875
0.6005,-0.430419921875,3.173095703125,-3.153076171875
0.601,-1.231201171875,3.533447265625,-2.672607421875
0.6015,-2.232177734375,3.813720703125,-1.951904296875
0.602,-3.032958984375,4.013916015625,-1.391357421875
0.6025,-3.353271484375,3.653564453125,-0.670654296875
0.603,-3.833740234375,3.693603515625,-0.310302734375
0.6035,-3.913818359375,3.012939453125,0.530517578125
0.604,-4.234130859375,2.652587890625,1.131103515625
0.6045,-4.514404296875,1.931884765625,2.172119140625
0.605,-4.394287109375,1.291259765625,2.612548828125
0.6055,-4.114013671875,0.410400390625,3.173095703125
0.606,-3.713623046875,-0.350341796875,3.533447265625
0.6065,-3.072998046875,-1.271240234375,3.773681640625
0.607,-2.512451171875,-2.072021484375,3.973876953125
0.6075,-1.791748046875,-3.032958984375,4.214111328125
0.608,-0.990966796875,-3.353271484375,3.693603515625
0.6085,-0.510498046875,-3.953857421875,3.773681640625
0.609,0.570556640625,-4.114013671875,2.932861328125
0.6095,1.371337890625,-4.434326171875,2.412353515625
0.61,2.492431640625,-4.634521484375,1.571533203125
0.6105,3.093017578125,-4.634521484375,0.970947265625
0.611,3.373291015625,-4.194091796875,0.250244140625
0.6115,3.733642578125,-3.993896484375,-0.270263671875
0.612,3.813720703125,-3.193115234375,-1.151123046875
0.6125,3.973876953125,-2.712646484375,-1.791748046875
0.613,4.254150390625,-1.951904296875,-2.792724609375
0.6135,3.813720703125,-1.151123046875,-3.153076171875
0.614,3.533447265625,-0.390380859375,-3.553466796875
0.6145,2.852783203125,0.450439453125,-3.713623046875
0.615,2.292236328125,1.291259765625,-3.913818359375
0.6155,1.611572265625,2.052001953125,-4.073974609375
0.616,0.930908203125,2.852783203125,-4.154052734375
0.6165,0.130126953125,3.052978515625,-3.593505859375
0.617,-0.430419921875,3.653564453125,-3.553466796875
0.6175,-1.551513671875,3.733642578125,-2.552490234375
0.618,-2.272216796875,4.013916015625,-2.072021484375
0.6185,-3.353271484375,4.174072265625,-1.231201171875
0.619,-3.713623046875,3.973876953125,-0.630615234375
0.6195,-4.033935546875,3.653564453125,0.010009765625
0.62,-4.314208984375,3.253173828125,0.610595703125
0.6205,-4.434326171875,2.532470703125,1.491455078125
0.621,-4.514404296875,1.931884765625,2.132080078125
0.6215,-4.834716796875,1.291259765625,3.052978515625
0.622,-4.114013671875,0.290283203125,3.333251953125
0.6225,-4.033935546875,-0.390380859375,3.893798828125
0.623,-3.072998046875,-1.431396484375,3.933837890625
0.6235,-2.632568359375,-2.272216796875,4.214111328125
0.624,-1.791748046875,-3.153076171875,4.214111328125
0.6245,-1.071044921875,-3.833740234375,4.174072265625
0.625,-0.270263671875,-4.033935546875,3.693603515625
0.6255,0.490478515625,-4.514404296875,3.453369140625
0.626,1.771728515625,-4.634521484375,2.292236328125
0.6265,2.492431640625,-4.874755859375,1.811767578125
0.627,3.493408203125,-4.994873046875,0.970947265625
0.6275,3.773681640625,-4.554443359375,0.210205078125
0.628,4.053955078125,-4.194091796875,-0.390380859375
0.6285,4.214111328125,-3.553466796875,-1.271240234375
0.629,4.414306640625,-2.752685546875,-2.192138671875
0.6295,4.334228515625,-2.031982421875,-2.832763671875
0.63,4.494384765625,-1.311279296875,-3.633544921875
0.6305,3.533447265625,-0.270263671875,-3.793701171875
0.631,3.413330078125,0.410400390625,-4.194091796875
0.6315,2.252197265625,1.571533203125,-4.234130859375
0.632,1.771728515625,2.252197265625,-4.474365234375
0.6325,0.890869140625,3.093017578125,-4.354248046875
0.633,0.090087890625,3.693603515625,-4.073974609375
0.6335,-0.710693359375,3.893798828125,-3.473388671875
0.634,-1.591552734375,4.254150390625,-3.032958984375
0.6345,-2.832763671875,4.374267578125,-1.911865234375
0.635,-3.393310546875,4.334228515625,-1.311279296875
0.6355,-4.274169921875,4.414306640625,-0.510498046875
0.636,-4.394287109375,3.813720703125,0.250244140625
0.6365,-4.674560546875,3.533447265625,0.730712890625
0.637,-4.794677734375,2.612548828125,1.771728515625
0.6375,-4.914794921875,1.931884765625,2.532470703125
0.638,-4.754638671875,1.131103515625,3.173095703125
0.6385,-4.754638671875,0.410400390625,3.853759765625
0.639,-3.833740234375,-0.670654296875,3.933837890625
0.6395,-3.633544921875,-1.311279296875,4.334228515625
0.64,-2.392333984375,-2.632568359375,4.334228515625
0.6405,-1.951904296875,-3.193115234375,4.494384765625
0.641,-1.031005859375,-3.993896484375,4.374267578125
0.6415,-0.230224609375,-4.354248046875,3.973876953125
0.642,0.610595703125,-4.634521484375,3.453369140625
0.6425,1.571533203125,-4.954833984375,2.732666015625
0.643,2.772705078125,-5.114990234375,1.731689453125
0.6435,3.333251953125,-4.994873046875,1.051025390625
0.644,4.134033203125,-4.994873046875,0.330322265625
0.6445,4.174072265625,-4.194091796875,-0.510498046875
0.645,4.494384765625,-3.993896484375,-1.031005859375
0.6455,4.534423828125,-2.872802734375,-2.192138671875
0.646,4.654541015625,-2.272216796875,-2.872802734375
0.6465,4.414306640625,-1.351318359375,-3.553466796875
0.647,4.214111328125,-0.590576171875,-4.114013671875
0.6475,3.253173828125,0.490478515625,-4.194091796875
0.648,2.972900390625,1.131103515625,-4.554443359375
0.6485,1.731689453125,2.492431640625,-4.634521484375
0.649,1.211181640625,3.012939453125,-4.514404296875
0.6495,0.250244140625,3.773681640625,-4.354248046875
0.65,-0.630615234375,4.053955078125,-3.793701171875
0.6505,-1.351318359375,4.334228515625,-3.273193359375
0.651,-2.512451171875,4.494384765625,-2.352294921875
0.6515,-3.593505859375,4.694580078125,-1.431396484375
0.652,-4.073974609375,4.334228515625,-0.670654296875
0.6525,-4.714599609375,4.334228515625,0.010009765625
0.653,-4.714599609375,3.493408203125,0.810791015625
0.6535,-4.994873046875,3.173095703125,1.331298828125
0.654,-5.074951171875,2.052001953125,2.572509765625
0.6545,-5.074951171875,1.411376953125,3.173095703125
0.655,-4.754638671875,0.490478515625,3.813720703125
0.6555,-4.354248046875,-0.390380859375,4.134033203125
0.656,-3.553466796875,-1.351318359375,4.294189453125
0.6565,-3.032958984375,-2.152099609375,4.494384765625
0.657,-1.951904296875,-3.353271484375,4.614501953125
0.6575,-1.271240234375,-3.713623046875,4.374267578125
0.658,-0.430419921875,-4.474365234375,4.214111328125
0.6585,0.450439453125,-4.634521484375,3.533447265625
0.659,1.211181640625,-4.954833984375,3.133056640625
0.6595,2.452392578125,-5.074951171875,2.011962890625
0.66,3.413330078125,-5.275146484375,1.291259765625
0.6605,3.853759765625,-4.834716796875,0.450439453125
0.661,4.414306640625,-4.754638671875,-0.230224609375
0.6615,4.334228515625,-3.873779296875,-1.031005859375
0.662,4.534423828125,-3.513427734375,-1.591552734375
0.6625,4.734619140625,-2.352294921875,-2.872802734375
0.663,4.614501953125,-1.751708984375,-3.353271484375
0.6635,4.334228515625,-0.790771484375,-4.033935546875
0.664,3.693603515625,0.050048828125,-4.234130859375
0.6645,3.012939453125,0.970947265625,-4.434326171875
0.665,2.292236328125,1.931884765625,-4.554443359375
0.6655,1.411376953125,3.052978515625,-4.794677734375
0.666,0.610595703125,3.373291015625,-4.274169921875
0.6665,-0.190185546875,4.093994140625,-4.234130859375
0.667,-1.151123046875,4.134033203125,-3.353271484375
0.6675,-1.871826171875,4.494384765625,-2.952880859375
0.668,-3.193115234375,4.614501953125,-1.791748046875
0.6685,-3.993896484375,4.654541015625,-1.031005859375
0.669,-4.434326171875,4.214111328125,-0.150146484375
0.6695,-4.834716796875,4.013916015625,0.410400390625
0.67,-4.834716796875,3.173095703125,1.211181640625
0.6705,-4.954833984375,2.612548828125,1.891845703125
0.671,-5.195068359375,1.651611328125,3.052978515625
0.6715,-4.794677734375,0.850830078125,3.413330078125
0.672,-4.594482421875,0.010009765625,4.013916015625
0.6725,-3.833740234375,-0.990966796875,4.134033203125
0.673,-3.273193359375,-1.711669921875,4.414306640625
0.6735,-2.352294921875,-2.712646484375,4.454345703125
0.674,-1.631591796875,-3.633544921875,4.614501953125
0.6745,-0.750732421875,-3.913818359375,4.013916015625
0.675,-0.110107421875,-4.554443359375,4.013916015625
0.6755,0.890869140625,-4.554443359375,3.093017578125
0.676,1.571533203125,-4.874755859375,2.652587890625
0.6765,2.932861328125,-5.074951171875,1.571533203125
0.677,3.493408203125,-4.954833984375,0.890869140625
0.6775,3.933837890625,-4.594482421875,0.090087890625
0.678,4.134033203125,-4.234130859375,-0.510498046875
0.6785,4.214111328125,-3.553466796875,-1.271240234375
0.679,4.334228515625,-2.872802734375,-1.991943359375
0.6795,4.694580078125,-2.192138671875,-3.072998046875
0.68,4.134033203125,-1.311279296875,-3.353271484375
0.6805,4.053955078125,-0.590576171875,-3.993896484375
0.681,3.133056640625,0.490478515625,-3.993896484375
0.6815,2.772705078125,1.171142578125,-4.314208984375
0.682,1.811767578125,2.252197265625,-4.354248046875
0.6825,1.211181640625,2.972900390625,-4.474365234375
0.683,0.290283203125,3.333251953125,-3.913818359375
0.6835,-0.350341796875,3.853759765625,-3.833740234375
0.684,-1.351318359375,3.973876953125,-2.952880859375
0.6845,-2.112060546875,4.214111328125,-2.472412109375
0.685,-3.353271484375,4.494384765625,-1.471435546875
0.6855,-3.793701171875,4.174072265625,-0.790771484375
0.686,-4.314208984375,4.053955078125,-0.150146484375
0.6865,-4.434326171875,3.493408203125,0.570556640625
0.687,-4.634521484375,2.932861328125,1.251220703125
0.6875,-4.674560546875,2.092041015625,2.052001953125
0.688,-4.954833984375,1.491455078125,2.932861328125
0.6885,-4.314208984375,0.490478515625,3.253173828125
0.689,-4.274169921875,-0.110107421875,3.853759765625
0.6895,-3.273193359375,-1.151123046875,3.853759765625
0.69,-2.952880859375,-1.791748046875,4.174072265625
0.6905,-1.991943359375,-2.872802734375,4.254150390625
0.691,-1.431396484375,-3.353271484375,4.134033203125
0.6915,-0.590576171875,-3.833740234375,3.813720703125
0.692,0.050048828125,-4.194091796875,3.533447265625
0.6925,0.970947265625,-4.354248046875,2.732666015625
0.693,1.891845703125,-4.634521484375,2.172119140625
0.6935,2.932861328125,-4.874755859375,1.371337890625
0.694,3.173095703125,-4.434326171875,0.650634765625
0.6945,3.693603515625,-4.434326171875,0.170166015625
0.695,3.733642578125,-3.673583984375,-0.630615234375
0.6955,3.973876953125,-3.353271484375,-1.271240234375
0.696,4.093994140625,-2.512451171875,-2.192138671875
0.6965,4.254150390625,-1.991943359375,-2.832763671875
0.697,3.693603515625,-0.990966796875,-3.153076171875
0.6975,3.533447265625,-0.430419921875,-3.593505859375
0.698,2.692626953125,0.570556640625,-3.673583984375
0.6985,2.412353515625,1.211181640625,-3.993896484375
0.699,1.571533203125,2.252197265625,-4.154052734375
0.6995,0.970947265625,2.572509765625,-3.913818359375
0.7,0.290283203125,3.173095703125,-3.793701171875
0.7005,-0.510498046875,3.453369140625,-3.233154296875
0.701,-1.351318359375,3.733642578125,-2.712646484375
0.7015,-2.312255859375,3.973876953125,-1.991943359375
0.702,-3.153076171875,4.174072265625,-1.431396484375
0.7025,-3.433349609375,3.733642578125,-0.670654296875
0.703,-3.913818359375,3.813720703125,-0.310302734375
0.7035,-3.993896484375,2.972900390625,0.530517578125
0.704,-4.314208984375,2.652587890625,1.131103515625
0.7045,-4.514404296875,1.891845703125,2.092041015625
0.705,-4.434326171875,1.331298828125,2.572509765625
0.7055,-4.033935546875,0.450439453125,3.133056640625
0.706,-3.713623046875,-0.270263671875,3.453369140625
0.7065,-3.072998046875,-1.151123046875,3.653564453125
0.707,-2.592529296875,-1.871826171875,3.893798828125
0.7075,-1.951904296875,-2.752685546875,4.093994140625
0.708,-1.231201171875,-3.072998046875,3.653564453125
0.7085,-0.670654296875,-3.673583984375,3.693603515625
0.709,0.290283203125,-3.833740234375,2.932861328125
0.7095,1.010986328125,-4.194091796875,2.572509765625
0.71,2.052001953125,-4.434326171875,1.771728515625
0.7105,2.652587890625,-4.514404296875,1.291259765625
0.711,2.972900390625,-4.154052734375,0.570556640625
0.7115,3.333251953125,-4.073974609375,0.130126953125
0.712,3.493408203125,-3.393310546875,-0.710693359375
0.7125,3.773681640625,-3.032958984375,-1.351318359375
0.713,4.013916015625,-2.312255859375,-2.272216796875
0.7135,3.693603515625,-1.591552734375,-2.592529296875
0.714,3.533447265625,-0.870849609375,-3.153076171875
0.7145,2.932861328125,-0.070068359375,-3.313232421875
0.715,2.532470703125,0.690673828125,-3.673583984375
0.7155,1.931884765625,1.531494140625,-3.833740234375
0.716,1.411376953125,2.212158203125,-3.993896484375
0.7165,0.610595703125,2.532470703125,-3.553466796875
0.717,0.130126953125,3.133056640625,-3.553466796875
0.7175,-0.910888671875,3.253173828125,-2.712646484375
0.718,-1.631591796875,3.693603515625,-2.392333984375
0.7185,-2.632568359375,3.853759765625,-1.631591796875
0.719,-3.072998046875,3.773681640625,-1.151123046875
0.7195,-3.473388671875,3.533447265625,-0.550537109375
0.72,-3.713623046875,3.253173828125,0.010009765625
0.7205,-3.913818359375,2.692626953125,0.770751953125
0.721,-4.154052734375,2.252197265625,1.491455078125
0.7215,-4.474365234375,1.731689453125,2.292236328125
0.722,-3.913818359375,0.850830078125,2.612548828125
0.7225,-3.993896484375,0.250244140625,3.253173828125
0.723,-3.193115234375,-0.710693359375,3.333251953125
0.7235,-2.872802734375,-1.431396484375,3.773681640625
0.724,-2.152099609375,-2.312255859375,3.853759765625
0.7245,-1.591552734375,-2.872802734375,3.853759765625
0.725,-0.910888671875,-3.273193359375,3.533447265625
0.7255,-0.230224609375,-3.793701171875,3.373291015625
0.726,0.850830078125,-3.953857421875,2.532470703125
0.7265,1.611572265625,-4.354248046875,2.132080078125
0.727,2.532470703125,-4.514404296875,1.411376953125
0.7275,2.852783203125,-4.234130859375,0.770751953125
0.728,3.253173828125,-4.154052734375,0.290283203125
0.7285,3.413330078125,-3.553466796875,-0.510498046875
0.729,3.733642578125,-3.072998046875,-1.191162109375
0.7295,3.853759765625,-2.392333984375,-1.951904296875
0.73,4.013916015625,-1.871826171875,-2.632568359375
0.7305,3.373291015625,-0.910888671875,-2.912841796875
0.731,3.333251953125,-0.350341796875,-3.473388671875
0.7315,2.412353515625,0.650634765625,-3.513427734375
0.732,2.172119140625,1.331298828125,-3.873779296875
0.7325,1.411376953125,2.212158203125,-3.913818359375
0.733,0.770751953125,2.612548828125,-3.713623046875
0.7335,0.050048828125,3.052978515625,-3.473388671875
0.734,-0.790771484375,3.413330078125,-2.992919921875
0.7345,-1.751708984375,3.613525390625,-2.272216796875
0.735,-2.472412109375,3.853759765625,-1.751708984375
0.7355,-3.193115234375,3.933837890625,-1.151123046875
0.736,-3.473388671875,3.493408203125,-0.510498046875
0.7365,-3.833740234375,3.493408203125,0.010009765625
0.737,-3.913818359375,2.652587890625,0.850830078125
0.7375,-4.234130859375,2.292236328125,1.491455078125
0.738,-4.314208984375,1.571533203125,2.252197265625
0.7385,-4.274169921875,1.010986328125,2.772705078125
0.739,-3.713623046875,0.090087890625,3.133056640625
0.7395,-3.553466796875,-0.550537109375,3.533447265625
0.74,-2.672607421875,-1.591552734375,3.693603515625
0.7405,-2.312255859375,-2.232177734375,3.933837890625
0.741,-1.591552734375,-3.032958984375,3.973876953125
0.7415,-0.830810546875,-3.353271484375,3.613525390625
0.742,-0.270263671875,-3.873779296875,3.493408203125
0.7425,0.810791015625,-4.114013671875,2.692626953125
0.743,1.731689453125,-4.434326171875,2.132080078125
0.7435,2.492431640625,-4.554443359375,1.411376953125
0.744,3.133056640625,-4.634521484375,0.890869140625
0.7445,3.293212890625,-3.993896484375,0.170166015625
0.745,3.693603515625,-3.873779296875,-0.310302734375
0.7455,3.813720703125,-2.952880859375,-1.351318359375
0.746,4.013916015625,-2.592529296875,-1.951904296875
0.7465,4.093994140625,-1.791748046875,-2.792724609375
0.747,3.773681640625,-1.031005859375,-3.193115234375
0.7475,3.253173828125,-0.190185546875,-3.553466796875
0.748,2.772705078125,0.610595703125,-3.793701171875
0.7485,1.971923828125,1.651611328125,-3.993896484375
0.749,1.491455078125,2.252197265625,-4.073974609375
0.7495,0.690673828125,3.012939453125,-4.073974609375
0.75,-0.110107421875,3.213134765625,-3.513427734375
0.7505,-0.710693359375,3.693603515625,-3.353271484375
0.751,-1.951904296875,3.853759765625,-2.272216796875
0.7515,-2.752685546875,4.093994140625,-1.751708984375
0.752,-3.433349609375,3.973876953125,-0.990966796875
0.7525,-3.913818359375,3.933837890625,-0.390380859375
0.753,-4.033935546875,3.333251953125,0.290283203125
0.7535,-4.354248046875,3.052978515625,0.850830078125
0.754,-4.474365234375,2.092041015625,1.931884765625
0.7545,-4.474365234375,1.571533203125,2.412353515625
0.755,-4.514404296875,0.850830078125,3.173095703125
0.7555,-3.873779296875,0.010009765625,3.373291015625
0.756,-3.553466796875,-0.790771484375,3.813720703125
0.7565,-2.752685546875,-1.751708984375,3.893798828125
0.757,-2.152099609375,-2.632568359375,4.134033203125
0.7575,-1.471435546875,-3.153076171875,3.973876953125
0.758,-0.790771484375,-3.833740234375,3.973876953125
0.7585,0.010009765625,-3.993896484375,3.333251953125
0.759,0.730712890625,-4.434326171875,3.133056640625
0.7595,2.011962890625,-4.634521484375,1.931884765625
0.76,2.732666015625,-4.794677734375,1.451416015625
0.7605,3.373291015625,-4.634521484375,0.650634765625
0.761,3.773681640625,-4.354248046875,0.090087890625
0.7615,3.853759765625,-3.873779296875,-0.630615234375
0.762,4.093994140625,-3.313232421875,-1.311279296875
0.7625,4.374267578125,-2.512451171875,-2.392333984375
0.763,4.174072265625,-1.831787109375,-2.872802734375
0.7635,4.214111328125,-1.071044921875,-3.633544921875
0.764,3.373291015625,0.010009765625,-3.753662109375
0.7645,3.133056640625,0.650634765625,-4.154052734375
0.765,2.092041015625,1.771728515625,-4.234130859375
0.7655,1.531494140625,2.612548828125,-4.514404296875
0.766,0.650634765625,3.133056640625,-4.154052734375
0.7665,-0.070068359375,3.773681640625,-4.033935546875
0.767,-0.990966796875,3.853759765625,-3.233154296875
0.7675,-1.751708984375,4.214111328125,-2.872802734375
0.768,-3.153076171875,4.414306640625,-1.671630859375
0.7685,-3.713623046875,4.334228515625,-0.990966796875
0.769,-4.314208984375,4.134033203125,-0.270263671875
0.7695,-4.554443359375,3.733642578125,0.450439453125
0.77,-4.674560546875,3.173095703125,1.091064453125
0.7705,-4.754638671875,2.372314453125,1.971923828125
0.771,-5.034912109375,1.571533203125,2.972900390625
0.7715,-4.554443359375,0.730712890625,3.333251953125
0.772,-4.514404296875,0.010009765625,4.013916015625
0.7725,-3.553466796875,-1.031005859375,4.013916015625
0.773,-3.193115234375,-1.671630859375,4.334228515625
0.7735,-2.072021484375,-2.912841796875,4.414306640625
0.774,-1.471435546875,-3.593505859375,4.454345703125
0.7745,-0.590576171875,-3.993896484375,3.973876953125
0.775,0.050048828125,-4.634521484375,3.693603515625
0.7755,0.970947265625,-4.634521484375,3.012939453125
0.776,1.851806640625,-4.874755859375,2.412353515625
0.7765,3.173095703125,-5.114990234375,1.371337890625
0.777,3.533447265625,-4.794677734375,0.650634765625
0.7775,4.134033203125,-4.674560546875,0.010009765625
0.778,4.174072265625,-3.993896484375,-0.710693359375
0.7785,4.414306640625,-3.553466796875,-1.351318359375
0.779,4.494384765625,-2.592529296875,-2.352294921875
0.7795,4.694580078125,-1.951904296875,-3.193115234375
0.78,4.134033203125,-0.990966796875,-3.593505859375
0.7805,4.013916015625,-0.310302734375,-4.154052734375
0.781,3.012939453125,0.770751953125,-4.154052734375
0.7815,2.692626953125,1.411376953125,-4.514404296875
0.782,1.571533203125,2.692626953125,-4.594482421875
0.7825,0.890869140625,3.293212890625,-4.514404296875
0.783,0.050048828125,3.773681640625,-4.194091796875
0.7835,-0.790771484375,4.174072265625,-3.753662109375
0.784,-1.711669921875,4.334228515625,-2.952880859375
0.7845,-2.672607421875,4.534423828125,-2.192138671875
0.785,-3.953857421875,4.814697265625,-1.231201171875
0.7855,-4.274169921875,4.294189453125,-0.390380859375
0.786,-4.834716796875,4.174072265625,0.250244140625
0.7865,-4.834716796875,3.333251953125,1.051025390625
0.787,-4.994873046875,2.852783203125,1.731689453125
0.7875,-5.074951171875,1.811767578125,2.812744140625
0.788,-5.155029296875,1.131103515625,3.573486328125
0.7885,-4.474365234375,0.050048828125,3.893798828125
0.789,-4.274169921875,-0.670654296875,4.454345703125
0.7895,-3.193115234375,-1.751708984375,4.374267578125
0.79,-2.712646484375,-2.472412109375,4.534423828125
0.7905,-1.631591796875,-3.713623046875,4.694580078125
0.791,-0.790771484375,-4.073974609375,4.334228515625
0.7915,-0.070068359375,-4.634521484375,3.973876953125
0.792,0.850830078125,-4.874755859375,3.293212890625
0.7925,1.731689453125,-4.954833984375,2.612548828125
0.793,2.732666015625,-5.114990234375,1.771728515625
0.7935,3.813720703125,-5.275146484375,0.930908203125
0.794,3.973876953125,-4.594482421875,0.050048828125
0.7945,4.454345703125,-4.554443359375,-0.470458984375
0.795,4.414306640625,-3.553466796875,-1.311279296875
0.7955,4.534423828125,-3.072998046875,-1.951904296875
0.796,4.694580078125,-2.072021484375,-3.072998046875
0.7965,4.534423828125,-1.351318359375,-3.673583984375
0.797,3.893798828125,-0.350341796875,-4.033935546875
0.7975,3.573486328125,0.410400390625,-4.394287109375
0.798,2.612548828125,1.411376953125,-4.434326171875
0.7985,2.092041015625,2.172119140625,-4.554443359375
0.799,1.131103515625,3.333251953125,-4.754638671875
0.7995,0.210205078125,3.613525390625,-4.194091796875
0.8,-0.350341796875,4.174072265625,-4.154052734375
0.8005,-1.471435546875,4.414306640625,-3.193115234375
0.801,-2.392333984375,4.534423828125,-2.512451171875
0.8015,-3.473388671875,4.654541015625,-1.591552734375
0.802,-4.354248046875,4.774658203125,-0.790771484375
0.8025,-4.514404296875,4.053955078125,0.090087890625
0.803,-4.994873046875,3.973876953125,0.610595703125
0.8035,-4.954833984375,2.892822265625,1.611572265625
0.804,-5.074951171875,2.372314453125,2.252197265625
0.8045,-5.235107421875,1.371337890625,3.373291015625
0.805,-4.834716796875,0.570556640625,3.813720703125
0.8055,-4.314208984375,-0.470458984375,4.214111328125
0.806,-3.753662109375,-1.271240234375,4.494384765625
0.8065,-2.832763671875,-2.272216796875,4.494384765625
0.807,-2.152099609375,-3.072998046875,4.534423828125
0.8075,-1.231201171875,-4.073974609375,4.614501953125
0.808,-0.270263671875,-4.314208984375,3.853759765625
0.8085,0.290283203125,-4.754638671875,3.853759765625
0.809,1.491455078125,-4.834716796875,2.732666015625
0.8095,2.252197265625,-5.034912109375,2.172119140625
0.81,3.293212890625,-5.114990234375,1.211181640625
0.8105,3.853759765625,-4.954833984375,0.530517578125
0.811,4.053955078125,-4.354248046875,-0.310302734375
0.8115,4.334228515625,-4.114013671875,-0.790771484375
0.812,4.334228515625,-3.113037109375,-1.791748046875
0.8125,4.454345703125,-2.592529296875,-2.352294921875
0.813,4.614501953125,-1.751708984375,-3.393310546875
0.8135,4.013916015625,-0.830810546875,-3.673583984375
0.814,3.733642578125,0.010009765625,-4.114013671875
0.8145,2.932861328125,0.850830078125,-4.194091796875
0.815,2.252197265625,1.651611328125,-4.354248046875
0.8155,1.571533203125,2.532470703125,-4.434326171875
0.816,0.770751953125,3.293212890625,-4.514404296875
0.8165,-0.150146484375,3.573486328125,-3.793701171875
0.817,-0.710693359375,4.134033203125,-3.713623046875
0.8175,-1.951904296875,4.134033203125,-2.592529296875
0.818,-2.632568359375,4.454345703125,-2.112060546875
0.8185,-3.673583984375,4.494384765625,-1.231201171875
0.819,-4.114013671875,4.254150390625,-0.510498046875
0.8195,-4.394287109375,3.853759765625,0.170166015625
0.82,-4.634521484375,3.413330078125,0.810791015625
0.8205,-4.754638671875,2.532470703125,1.771728515625
0.821,-4.834716796875,1.931884765625,2.412353515625
0.8215,-4.994873046875,1.211181640625,3.333251953125
0.822,-4.194091796875,0.210205078125,3.533447265625
0.8225,-4.114013671875,-0.550537109375,4.093994140625
0.823,-3.072998046875,-1.671630859375,4.093994140625
0.8235,-2.592529296875,-2.432373046875,4.334228515625
0.824,-1.751708984375,-3.233154296875,4.294189453125
0.8245,-1.031005859375,-3.833740234375,4.174072265625
0.825,-0.190185546875,-4.033935546875,3.613525390625
0.8255,0.490478515625,-4.514404296875,3.373291015625
0.826,1.731689453125,-4.554443359375,2.252197265625
0.8265,2.332275390625,-4.794677734375,1.811767578125
0.827,3.253173828125,-4.834716796875,1.010986328125
0.8275,3.493408203125,-4.394287109375,0.330322265625
0.828,3.853759765625,-4.154052734375,-0.230224609375
0.8285,3.893798828125,-3.513427734375,-0.990966796875
0.829,4.134033203125,-2.872802734375,-1.791748046875
0.8295,4.134033203125,-2.192138671875,-2.432373046875
0.83,4.254150390625,-1.591552734375,-3.193115234375
0.8305,3.453369140625,-0.590576171875,-3.353271484375
0.831,3.453369140625,0.010009765625,-3.873779296875
0.8315,2.412353515625,1.051025390625,-3.873779296875
0.832,2.092041015625,1.691650390625,-4.234130859375
0.8325,1.251220703125,2.572509765625,-4.154052734375
0.833,0.570556640625,3.052978515625,-3.953857421875
0.8335,-0.190185546875,3.373291015625,-3.553466796875
0.834,-0.990966796875,3.773681640625,-3.153076171875
0.8345,-2.072021484375,3.933837890625,-2.272216796875
0.835,-2.712646484375,4.093994140625,-1.751708984375
0.8355,-3.513427734375,4.174072265625,-1.111083984375
0.836,-3.713623046875,3.693603515625,-0.390380859375
0.8365,-4.154052734375,3.613525390625,0.130126953125
0.837,-4.194091796875,2.732666015625,1.010986328125
0.8375,-4.514404296875,2.372314453125,1.731689453125
0.838,-4.514404296875,1.571533203125,2.412353515625
0.8385,-4.474365234375,1.010986328125,3.012939453125
0.839,-3.833740234375,0.010009765625,3.293212890625
0.8395,-3.673583984375,-0.630615234375,3.693603515625
0.84,-2.712646484375,-1.751708984375,3.773681640625
0.8405,-2.392333984375,-2.272216796875,4.053955078125
0.841,-1.591552734375,-3.072998046875,4.053955078125
0.8415,-0.910888671875,-3.433349609375,3.693603515625
0.842,-0.230224609375,-3.873779296875,3.453369140625
0.8425,0.770751953125,-4.114013671875,2.732666015625
0.843,1.691650390625,-4.434326171875,2.132080078125
0.8435,2.372314453125,-4.474365234375,1.531494140625
0.844,2.932861328125,-4.514404296875,0.970947265625
0.8445,3.133056640625,-3.953857421875,0.290283203125
0.845,3.533447265625,-3.913818359375,-0.150146484375
0.8455,3.613525390625,-3.032958984375,-1.151123046875
0.846,3.893798828125,-2.712646484375,-1.711669921875
0.8465,3.933837890625,-1.951904296875,-2.432373046875
0.847,3.693603515625,-1.351318359375,-2.832763671875
0.8475,3.213134765625,-0.510498046875,-3.233154296875
0.848,2.892822265625,0.130126953125,-3.553466796875
0.8485,2.212158203125,1.211181640625,-3.793701171875
0.849,1.771728515625,1.771728515625,-3.913818359375
0.8495,1.091064453125,2.532470703125,-3.953857421875
0.85,0.330322265625,2.812744140625,-3.513427734375
0.8505,-0.310302734375,3.373291015625,-3.393310546875
0.851,-1.431396484375,3.533447265625,-2.472412109375
0.8515,-2.192138671875,3.893798828125,-2.072021484375
0.852,-2.872802734375,3.853759765625,-1.351318359375
0.8525,-3.353271484375,3.853759765625,-0.910888671875
0.853,-3.553466796875,3.373291015625,-0.230224609375
0.8535,-3.873779296875,3.173095703125,0.330322265625
0.854,-4.154052734375,2.412353515625,1.291259765625
0.8545,-4.274169921875,1.971923828125,1.851806640625
0.855,-4.394287109375,1.251220703125,2.572509765625
0.8555,-3.833740234375,0.490478515625,2.852783203125
0.856,-3.593505859375,-0.310302734375,3.333251953125
0.8565,-2.952880859375,-1.111083984375,3.493408203125
0.857,-2.512451171875,-1.951904296875,3.853759765625
0.8575,-1.871826171875,-2.512451171875,3.813720703125
0.858,-1.311279296875,-3.153076171875,3.853759765625
0.8585,-0.510498046875,-3.393310546875,3.293212890625
0.859,0.130126953125,-3.913818359375,3.173095703125
0.8595,1.291259765625,-4.114013671875,2.212158203125
0.86,1.971923828125,-4.434326171875,1.851806640625
0.8605,2.652587890625,-4.354248046875,1.171142578125
0.861,2.932861328125,-4.154052734375,0.650634765625
0.8615,3.253173828125,-3.833740234375,0.010009765625
0.862,3.493408203125,-3.353271484375,-0.630615234375
0.8625,3.813720703125,-2.792724609375,-1.551513671875
0.863,3.813720703125,-2.272216796875,-2.072021484375
0.8635,3.893798828125,-1.631591796875,-2.792724609375
0.864,3.213134765625,-0.790771484375,-3.032958984375
0.8645,3.173095703125,-0.070068359375,-3.553466796875
0.865,2.252197265625,0.970947265625,-3.593505859375
0.8655,1.971923828125,1.651611328125,-3.993896484375
0.866,1.171142578125,2.252197265625,-3.833740234375
0.8665,0.610595703125,2.852783203125,-3.793701171875
0.867,-0.270263671875,3.133056640625,-3.193115234375
0.8675,-0.990966796875,3.533447265625,-2.912841796875
0.868,-2.192138671875,3.813720703125,-1.991943359375
0.8685,-2.752685546875,3.893798828125,-1.551513671875
0.869,-3.393310546875,3.893798828125,-0.910888671875
0.8695,-3.633544921875,3.493408203125,-0.310302734375
0.87,-3.953857421875,3.213134765625,0.330322265625
0.8705,-4.114013671875,2.532470703125,1.171142578125
0.871,-4.434326171875,1.971923828125,1.931884765625
0.8715,-4.194091796875,1.291259765625,2.452392578125
0.872,-4.194091796875,0.610595703125,3.052978515625
0.8725,-3.473388671875,-0.310302734375,3.213134765625
0.873,-3.273193359375,-0.910888671875,3.653564453125
0.8735,-2.312255859375,-1.991943359375,3.773681640625
0.874,-1.951904296875,-2.552490234375,3.933837890625
0.8745,-1.231201171875,-3.153076171875,3.733642578125
0.875,-0.630615234375,-3.553466796875,3.533447265625
0.8755,0.170166015625,-3.833740234375,3.052978515625
0.876,1.091064453125,-4.114013671875,2.452392578125
0.8765,2.132080078125,-4.434326171875,1.771728515625
0.877,2.572509765625,-4.314208984375,1.171142578125
0.8775,3.173095703125,-4.354248046875,0.610595703125
0.878,3.253173828125,-3.793701171875,0.010009765625
0.8785,3.653564453125,-3.593505859375,-0.590576171875
0.879,3.813720703125,-2.792724609375,-1.591552734375
0.8795,4.053955078125,-2.392333984375,-2.232177734375
0.88,3.853759765625,-1.591552734375,-2.792724609375
0.8805,3.693603515625,-0.910888671875,-3.233154296875
0.881,2.932861328125,0.050048828125,-3.473388671875
0.8815,2.692626953125,0.730712890625,-3.833740234375
0.882,1.811767578125,1.891845703125,-4.033935546875
0.8825,1.331298828125,2.332275390625,-4.033935546875
0.883,0.570556640625,3.012939453125,-3.913818359375
0.8835,-0.230224609375,3.333251953125,-3.473388671875
0.884,-0.990966796875,3.693603515625,-3.072998046875
0.8845,-2.072021484375,3.933837890625,-2.232177734375
0.885,-3.072998046875,4.214111328125,-1.551513671875
0.8855,-3.473388671875,3.853759765625,-0.790771484375
0.886,-4.033935546875,3.893798828125,-0.310302734375
0.8865,-4.114013671875,3.173095703125,0.490478515625
0.887,-4.394287109375,2.852783203125,1.091064453125
0.8875,-4.594482421875,1.931884765625,2.212158203125
0.888,-4.594482421875,1.291259765625,2.732666015625
0.8885,-4.274169921875,0.450439453125,3.333251953125
0.889,-3.873779296875,-0.310302734375,3.693603515625
0.8895,-3.193115234375,-1.231201171875,3.853759765625
0.89,-2.592529296875,-1.991943359375,4.013916015625
0.8905,-1.831787109375,-3.072998046875,4.214111328125
0.891,-1.111083984375,-3.393310546875,3.853759765625
0.8915,-0.510498046875,-3.993896484375,3.853759765625
0.892,0.370361328125,-4.114013671875,3.133056640625
0.8925,1.131103515625,-4.434326171875,2.692626953125
0.893,2.292236328125,-4.634521484375,1.731689453125
0.8935,3.052978515625,-4.754638671875,1.091064453125
0.894,3.373291015625,-4.314208984375,0.330322265625
0.8945,3.773681640625,-4.234130859375,-0.150146484375
0.895,3.813720703125,-3.553466796875,-0.910888671875
0.8955,4.013916015625,-3.072998046875,-1.551513671875
0.896,4.334228515625,-2.272216796875,-2.632568359375
0.8965,4.053955078125,-1.551513671875,-3.032958984375
0.897,3.853759765625,-0.670654296875,-3.593505859375
0.8975,3.253173828125,0.130126953125,-3.793701171875
0.898,2.732666015625,0.930908203125,-4.033935546875
0.8985,1.971923828125,1.851806640625,-4.194091796875
0.899,1.291259765625,2.812744140625,-4.474365234375
0.8995,0.450439453125,3.133056640625,-3.913818359375
0.9,-0.150146484375,3.813720703125,-3.953857421875
0.9005,-1.191162109375,3.893798828125,-3.072998046875
0.901,-1.951904296875,4.214111328125,-2.592529296875
0.9015,-3.233154296875,4.494384765625,-1.591552734375
0.902,-3.913818359375,4.414306640625,-0.910888671875
0.9025,-4.314208984375,3.973876953125,-0.110107421875
0.903,-4.634521484375,3.693603515625,0.490478515625
0.9035,-4.754638671875,2.852783203125,1.371337890625
0.904,-4.834716796875,2.252197265625,2.052001953125
0.9045,-5.155029296875,1.411376953125,3.253173828125
0.905,-4.554443359375,0.490478515625,3.573486328125
0.9055,-4.354248046875,-0.350341796875,4.134033203125
0.906,-3.473388671875,-1.311279296875,4.174072265625
0.9065,-2.832763671875,-2.152099609375,4.414306640625
0.907,-1.951904296875,-3.153076171875,4.494384765625
0.9075,-1.151123046875,-3.993896484375,4.494384765625
0.908,-0.270263671875,-4.194091796875,3.813720703125
0.9085,0.330322265625,-4.674560546875,3.693603515625
0.909,1.571533203125,-4.754638671875,2.572509765625
0.9095,2.292236328125,-4.914794921875,2.052001953125
0.91,3.493408203125,-5.114990234375,1.010986328125
0.9105,3.853759765625,-4.754638671875,0.330322265625
0.911,4.134033203125,-4.394287109375,-0.350341796875
0.9115,4.334228515625,-3.913818359375,-1.031005859375
0.912,4.334228515625,-3.072998046875,-1.911865234375
0.9125,4.334228515625,-2.312255859375,-2.552490234375
0.913,4.614501953125,-1.591552734375,-3.553466796875
0.9135,3.853759765625,-0.590576171875,-3.713623046875
0.914,3.733642578125,0.090087890625,-4.194091796875
0.9145,2.692626953125,1.131103515625,-4.194091796875
0.915,2.252197265625,1.891845703125,-4.474365234375
0.9155,1.291259765625,2.852783203125,-4.514404296875
0.916,0.530517578125,3.573486328125,-4.434326171875
0.9165,-0.310302734375,3.853759765625,-3.833740234375
0.917,-1.031005859375,4.294189453125,-3.593505859375
0.9175,-2.272216796875,4.334228515625,-2.472412109375
0.918,-2.952880859375,4.534423828125,-1.951904296875
0.9185,-4.154052734375,4.734619140625,-0.990966796875
0.919,-4.394287109375,4.174072265625,-0.190185546875
0.9195,-4.794677734375,3.893798828125,0.410400390625
0.92,-4.954833984375,3.173095703125,1.291259765625
0.9205,-5.074951171875,2.452392578125,2.212158203125
0.921,-5.074951171875,1.611572265625,2.932861328125
0.9215,-5.195068359375,0.890869140625,3.853759765625
0.922,-4.234130859375,-0.310302734375,4.013916015625
0.9225,-4.154052734375,-0.990966796875,4.534423828125
0.923,-2.872802734375,-2.232177734375,4.494384765625
0.9235,-2.352294921875,-2.912841796875,4.654541015625
0.924,-1.351318359375,-3.873779296875,4.574462890625
0.9245,-0.510498046875,-4.434326171875,4.294189453125
0.925,0.330322265625,-4.634521484375,3.693603515625
0.9255,1.211181640625,-5.074951171875,3.213134765625
0.926,2.452392578125,-5.074951171875,2.052001953125
0.9265,3.133056640625,-5.114990234375,1.411376953125
0.927,4.053955078125,-5.235107421875,0.570556640625
0.9275,4.134033203125,-4.514404296875,-0.270263671875
0.928,4.494384765625,-4.274169921875,-0.790771484375
0.9285,4.534423828125,-3.233154296875,-1.831787109375
0.929,4.614501953125,-2.552490234375,-2.552490234375
0.9295,4.494384765625,-1.751708984375,-3.273193359375
0.93,4.494384765625,-0.990966796875,-3.953857421875
0.9305,3.533447265625,0.090087890625,-4.033935546875
0.931,3.373291015625,0.690673828125,-4.514404296875
0.9315,2.092041015625,1.971923828125,-4.474365234375
0.932,1.691650390625,2.572509765625,-4.594482421875
0.9325,0.690673828125,3.493408203125,-4.514404296875
0.933,-0.150146484375,3.893798828125,-4.073974609375
0.9335,-0.910888671875,4.174072265625,-3.633544921875
0.934,-1.911865234375,4.494384765625,-2.912841796875
0.9345,-3.072998046875,4.614501953125,-1.951904296875
0.935,-3.713623046875,4.534423828125,-1.271240234375
0.9355,-4.554443359375,4.614501953125,-0.510498046875
0.936,-4.634521484375,3.853759765625,0.330322265625
0.9365,-4.994873046875,3.693603515625,0.930908203125
0.937,-5.074951171875,2.532470703125,2.092041015625
0.9375,-5.195068359375,1.971923828125,2.732666015625
0.938,-5.074951171875,1.010986328125,3.533447265625
0.9385,-4.874755859375,0.290283203125,4.093994140625
0.939,-3.953857421875,-0.870849609375,4.294189453125
0.9395,-3.633544921875,-1.591552734375,4.614501953125
0.94,-2.352294921875,-2.912841796875,4.654541015625
0.9405,-1.831787109375,-3.473388671875,4.614501953125
0.941,-0.910888671875,-4.314208984375,4.494384765625
0.9415,0.050048828125,-4.594482421875,3.893798828125
0.942,0.810791015625,-4.914794921875,3.493408203125
0.9425,1.971923828125,-5.114990234375,2.492431640625
0.943,3.052978515625,-5.275146484375,1.571533203125
0.9435,3.573486328125,-5.074951171875,0.810791015625
0.944,4.214111328125,-4.994873046875,0.130126953125
0.9445,4.214111328125,-4.114013671875,-0.710693359375
0.945,4.494384765625,-3.833740234375,-1.231201171875
0.9455,4.534423828125,-2.672607421875,-2.432373046875
0.946,4.574462890625,-2.152099609375,-2.912841796875
0.9465,4.414306640625,-1.231201171875,-3.633544921875
0.947,3.973876953125,-0.390380859375,-3.993896484375
0.9475,3.213134765625,0.570556640625,-4.154052734375
0.948,2.732666015625,1.291259765625,-4.394287109375
0.9485,1.731689453125,2.452392578125,-4.514404296875
0.949,1.171142578125,2.892822265625,-4.394287109375
0.9495,0.330322265625,3.693603515625,-4.314208984375
0.95,-0.590576171875,3.853759765625,-3.593505859375
0.9505,-1.271240234375,4.254150390625,-3.353271484375
0.951,-2.512451171875,4.334228515625,-2.232177734375
0.9515,-3.353271484375,4.534423828125,-1.631591796875
0.952,-3.873779296875,4.294189453125,-0.790771484375
0.9525,-4.474365234375,4.214111328125,-0.150146484375
0.953,-4.514404296875,3.493408203125,0.610595703125
0.9535,-4.834716796875,3.173095703125,1.211181640625
0.954,-4.954833984375,2.132080078125,2.412353515625
0.9545,-4.874755859375,1.571533203125,2.852783203125
0.955,-4.834716796875,0.690673828125,3.613525390625
0.9555,-4.194091796875,-0.230224609375,3.893798828125
0.956,-3.713623046875,-1.151123046875,4.214111328125
0.9565,-2.912841796875,-2.031982421875,4.334228515625
0.957,-2.112060546875,-3.072998046875,4.574462890625
0.9575,-1.431396484375,-3.473388671875,4.254150390625
0.958,-0.630615234375,-4.194091796875,4.214111328125
0.9585,0.290283203125,-4.354248046875,3.453369140625
0.959,0.970947265625,-4.794677734375,3.173095703125
0.9595,2.292236328125,-4.914794921875,1.931884765625
0.96,3.012939453125,-5.074951171875,1.331298828125
0.9605,3.533447265625,-4.714599609375,0.610595703125
0.961,3.933837890625,-4.514404296875,0.010009765625
0.9615,3.973876953125,-3.833740234375,-0.790771484375
0.962,4.134033203125,-3.313232421875,-1.431396484375
0.9625,4.414306640625,-2.432373046875,-2.512451171875
0.963,4.134033203125,-1.791748046875,-2.872802734375
0.9635,4.134033203125,-1.031005859375,-3.553466796875
0.964,3.333251953125,-0.150146484375,-3.673583984375
0.9645,3.052978515625,0.610595703125,-4.033935546875
0.965,2.092041015625,1.611572265625,-4.114013671875
0.9655,1.611572265625,2.412353515625,-4.354248046875
0.966,0.810791015625,2.852783203125,-3.993896484375
0.9665,0.170166015625,3.453369140625,-3.953857421875
0.967,-0.750732421875,3.573486328125,-3.193115234375
0.9675,-1.431396484375,3.973876953125,-2.872802734375
0.968,-2.712646484375,4.134033203125,-1.911865234375
0.9685,-3.193115234375,4.214111328125,-1.351318359375
0.969,-3.833740234375,4.093994140625,-0.630615234375
0.9695,-4.073974609375,3.693603515625,0.010009765625
0.97,-4.354248046875,3.253173828125,0.650634765625
0.9705,-4.434326171875,2.572509765625,1.411376953125
0.971,-4.794677734375,1.971923828125,2.372314453125
0.9715,-4.434326171875,1.251220703125,2.732666015625
0.972,-4.474365234375,0.530517578125,3.453369140625
0.9725,-3.553466796875,-0.510498046875,3.533447265625
0.973,-3.393310546875,-1.151123046875,3.973876953125
0.9735,-2.392333984375,-2.272216796875,4.013916015625
0.974,-1.991943359375,-2.872802734375,4.214111328125
0.9745,-1.151123046875,-3.353271484375,3.853759765625
0.975,-0.510498046875,-3.873779296875,3.693603515625
0.9755,0.370361328125,-4.114013671875,3.052978515625
0.976,1.211181640625,-4.434326171875,2.532470703125
0.9765,2.332275390625,-4.674560546875,1.771728515625
0.977,2.732666015625,-4.514404296875,1.211181640625
0.9775,3.333251953125,-4.514404296875,0.610595703125
0.978,3.413330078125,-3.873779296875,-0.070068359375
0.9785,3.773681640625,-3.633544921875,-0.670654296875
0.979,3.853759765625,-2.832763671875,-1.551513671875
0.9795,4.134033203125,-2.392333984375,-2.272216796875
0.98,3.773681640625,-1.591552734375,-2.712646484375
0.9805,3.693603515625,-0.990966796875,-3.193115234375
0.981,2.892822265625,0.010009765625,-3.353271484375
0.9815,2.732666015625,0.610595703125,-3.793701171875
0.982,1.891845703125,1.691650390625,-3.913818359375
0.9825,1.491455078125,2.132080078125,-3.993896484375
0.983,0.690673828125,2.732666015625,-3.833740234375
0.9835,0.010009765625,3.052978515625,-3.473388671875
0.984,-0.790771484375,3.453369140625,-3.072998046875
0.9845,-1.751708984375,3.693603515625,-2.392333984375
0.985,-2.712646484375,4.093994140625,-1.791748046875
0.9855,-3.072998046875,3.813720703125,-1.151123046875
0.986,-3.673583984375,3.893798828125,-0.630615234375
0.9865,-3.793701171875,3.213134765625,0.130126953125
0.987,-4.114013671875,3.052978515625,0.690673828125
0.9875,-4.354248046875,2.212158203125,1.691650390625
0.988,-4.474365234375,1.771728515625,2.252197265625
0.9885,-4.154052734375,0.890869140625,2.812744140625
0.989,-3.953857421875,0.250244140625,3.213134765625
0.9895,-3.273193359375,-0.710693359375,3.493408203125
0.99,-2.872802734375,-1.431396484375,3.773681640625
0.9905,-2.192138671875,-2.432373046875,4.013916015625
0.991,-1.631591796875,-2.832763671875,3.773681640625
0.9915,-0.990966796875,-3.473388671875,3.813720703125
0.992,-0.150146484375,-3.713623046875,3.173095703125
0.9925,0.570556640625,-4.033935546875,2.812744140625
0.993,1.651611328125,-4.274169921875,2.011962890625
0.9935,2.412353515625,-4.514404296875,1.531494140625
0.994,2.772705078125,-4.154052734375,0.850830078125
0.9945,3.173095703125,-4.154052734375,0.450439453125
0.995,3.293212890625,-3.553466796875,-0.350341796875
0.9955,3.573486328125,-3.193115234375,-0.950927734375
0.996,3.893798828125,-2.512451171875,-1.951904296875
0.9965,3.813720703125,-1.991943359375,-2.312255859375
0.997,3.693603515625,-1.231201171875,-2.912841796875
0.9975,3.173095703125,-0.510498046875,-3.153076171875
0.998,2.852783203125,0.290283203125,-3.553466796875
0.9985,2.212158203125,1.131103515625,-3.713623046875
0.999,1.691650390625,1.931884765625,-4.033935546875
0.9995,0.970947265625,2.292236328125,-3.713623046875
