wavelength,x,y,z
0.0,-1.5565185546875,3.7686767578125,-2.2772216796875
0.0005,-1.9969482421875,3.7286376953125,-1.8768310546875
0.001,-2.3172607421875,3.4083251953125,-1.2762451171875
0.0015,-2.8778076171875,3.3682861328125,-0.7156982421875
0.002,-3.0780029296875,2.6876220703125,0.2452392578125
0.0025,-3.4783935546875,2.4073486328125,0.8858642578125
0.003,-3.5584716796875,1.7266845703125,1.6866455078125
0.0035,-3.3582763671875,1.2061767578125,1.9669189453125
0.004,-3.2781982421875,0.5655517578125,2.5675048828125
0.0045,-3.0379638671875,-0.1551513671875,3.0079345703125
0.005,-2.5574951171875,-0.9559326171875,3.3282470703125
0.0055,-2.0770263671875,-1.6365966796875,3.5684814453125
0.006,-1.5164794921875,-2.1971435546875,3.5684814453125
0.0065,-0.7156982421875,-2.5975341796875,3.2081298828125
0.007,-0.1151123046875,-3.1981201171875,3.2481689453125
0.0075,0.8057861328125,-3.5184326171875,2.6075439453125
0.008,1.4063720703125,-3.8387451171875,2.4073486328125
0.0085,2.0469970703125,-3.9188232421875,1.9268798828125
0.009,2.3673095703125,-3.7987060546875,1.4464111328125
0.0095,2.6876220703125,-3.5584716796875,0.8057861328125
0.01,3.1680908203125,-3.2381591796875,0.1651611328125
0.0105,3.3682861328125,-2.5975341796875,-0.6756591796875
0.011,3.6485595703125,-2.2772216796875,-1.3162841796875
0.0115,3.7286376953125,-1.6365966796875,-1.9569091796875
0.012,3.4483642578125,-1.0360107421875,-2.2772216796875
0.0125,3.4483642578125,-0.4354248046875,-2.8778076171875
0.013,2.9678955078125,0.3253173828125,-3.1981201171875
0.0135,2.6475830078125,1.0460205078125,-3.5985107421875
0.014,2.0469970703125,1.7266845703125,-3.7586669921875
0.0145,1.4464111328125,2.2071533203125,-3.6785888671875
0.015,0.6856689453125,2.6075439453125,-3.3582763671875
0.0155,0.0450439453125,3.2081298828125,-3.2781982421875
0.016,-0.7957763671875,3.4483642578125,-2.6776123046875
0.0165,-1.3563232421875,3.7286376953125,-2.4774169921875
0.017,-1.9569091796875,3.7686767578125,-1.9969482421875
0.0175,-2.2371826171875,3.4884033203125,-1.4764404296875
0.018,-2.7176513671875,3.4483642578125,-0.9158935546875
0.0185,-3.0780029296875,2.9278564453125,-0.0350341796875
0.019,-3.3582763671875,2.4874267578125,0.6456298828125
0.0195,-3.5584716796875,1.9669189453125,1.3262939453125
0.02,-3.5584716796875,1.4864501953125,1.8868408203125
0.0205,-3.1981201171875,0.7657470703125,2.2471923828125
0.021,-3.2781982421875,0.2452392578125,2.8878173828125
0.0215,-2.6776123046875,-0.6356201171875,3.1680908203125
0.022,-2.3973388671875,-1.2762451171875,3.5284423828125
0.0225,-1.7567138671875,-1.9569091796875,3.5284423828125
0.023,-1.0760498046875,-2.3572998046875,3.3282470703125
0.0235,-0.3553466796875,-2.8778076171875,3.1680908203125
0.024,0.3253173828125,-3.3582763671875,2.9678955078125
0.0245,1.1260986328125,-3.6785888671875,2.4473876953125
0.025,1.6065673828125,-3.8787841796875,2.2071533203125
0.0255,2.0870361328125,-3.9188232421875,1.7266845703125
0.026,2.3673095703125,-3.5184326171875,1.2061767578125
0.0265,2.9278564453125,-3.5184326171875,0.6055908203125
0.027,3.1680908203125,-2.8377685546875,-0.2752685546875
0.0275,3.5284423828125,-2.5574951171875,-0.8758544921875
0.028,3.5684814453125,-1.9168701171875,-1.5565185546875
0.0285,3.5684814453125,-1.4764404296875,-1.9569091796875
0.029,3.3282470703125,-0.7957763671875,-2.4774169921875
0.0295,3.2882080078125,-0.1551513671875,-2.9979248046875
0.03,2.7276611328125,0.6456298828125,-3.3582763671875
0.0305,2.4473876953125,1.2862548828125,-3.6785888671875
0.031,1.8468017578125,1.9268798828125,-3.6785888671875
0.0315,1.1260986328125,2.3272705078125,-3.4383544921875
0.032,0.4454345703125,2.9278564453125,-3.3983154296875
0.0325,-0.3553466796875,3.2481689453125,-2.9578857421875
0.033,-1.0360107421875,3.6085205078125,-2.6375732421875
0.0335,-1.5965576171875,3.7286376953125,-2.2772216796875
0.034,-2.0369873046875,3.7686767578125,-1.8367919921875
0.0345,-2.3973388671875,3.4483642578125,-1.1961669921875
0.035,-2.9578857421875,3.3682861328125,-0.5555419921875
0.0355,-3.1981201171875,2.5675048828125,0.4454345703125
0.036,-3.5584716796875,2.3272705078125,1.0460205078125
0.0365,-3.5985107421875,1.6866455078125,1.7667236328125
0.037,-3.4383544921875,1.1260986328125,2.1671142578125
0.0375,-3.2781982421875,0.3653564453125,2.7276611328125
0.038,-2.9578857421875,-0.3553466796875,3.1680908203125
0.0385,-2.4774169921875,-1.1961669921875,3.5284423828125
0.039,-1.9569091796875,-1.7967529296875,3.6485595703125
0.0395,-1.3162841796875,-2.4373779296875,3.6485595703125
0.04,-0.5155029296875,-2.8377685546875,3.2481689453125
0.0405,0.1651611328125,-3.5184326171875,3.2081298828125
0.041,1.2061767578125,-3.7586669921875,2.4874267578125
0.0415,1.7667236328125,-4.0389404296875,2.2071533203125
0.042,2.2471923828125,-3.9188232421875,1.6866455078125
0.0425,2.6075439453125,-3.7987060546875,1.2061767578125
0.043,2.9678955078125,-3.3983154296875,0.4854736328125
0.0435,3.4483642578125,-3.1180419921875,-0.1951904296875
0.044,3.6085205078125,-2.3172607421875,-1.1561279296875
0.0445,3.8487548828125,-1.9569091796875,-1.6766357421875
0.045,3.7686767578125,-1.3162841796875,-2.3172607421875
0.0455,3.4483642578125,-0.6356201171875,-2.6776123046875
0.046,3.3282470703125,0.0050048828125,-3.2381591796875
0.0465,2.7677001953125,0.8858642578125,-3.5584716796875
0.047,2.3272705078125,1.6065673828125,-3.9188232421875
0.0475,1.6866455078125,2.2071533203125,-3.8387451171875
0.048,0.9659423828125,2.7276611328125,-3.7586669921875
0.0485,0.1651611328125,3.0880126953125,-3.2781982421875
0.049,-0.5155029296875,3.6485595703125,-3.1981201171875
0.0495,-1.5164794921875,3.8087158203125,-2.4373779296875
0.05,-1.9969482421875,4.0089111328125,-2.1170654296875
0.0505,-2.5174560546875,3.8887939453125,-1.5164794921875
0.051,-2.8778076171875,3.6485595703125,-0.9559326171875
0.0515,-3.2781982421875,3.3282470703125,-0.2352294921875
0.052,-3.5985107421875,2.7677001953125,0.6456298828125
0.0525,-3.8787841796875,2.0469970703125,1.5665283203125
0.053,-3.8387451171875,1.5665283203125,2.0870361328125
0.0535,-3.7586669921875,0.8858642578125,2.6876220703125
0.054,-3.3182373046875,0.0850830078125,3.0479736328125
0.0545,-3.1981201171875,-0.5955810546875,3.6085205078125
0.055,-2.3973388671875,-1.6365966796875,3.8487548828125
0.0555,-1.9168701171875,-2.3172607421875,4.0489501953125
0.056,-1.0760498046875,-2.8377685546875,3.8087158203125
0.0565,-0.3153076171875,-3.3582763671875,3.6085205078125
0.057,0.5255126953125,-3.7586669921875,3.1280517578125
0.0575,1.3262939453125,-4.1990966796875,2.7276611328125
0.058,2.3272705078125,-4.3192138671875,1.9669189453125
0.0585,2.7276611328125,-4.2391357421875,1.5665283203125
0.059,3.2081298828125,-4.0789794921875,0.9259033203125
0.0595,3.4483642578125,-3.5985107421875,0.2452392578125
0.06,3.8487548828125,-3.2381591796875,-0.5155029296875
0.0605,4.0089111328125,-2.4373779296875,-1.4764404296875
0.061,4.2091064453125,-1.7967529296875,-2.2772216796875
0.0615,3.9688720703125,-1.1561279296875,-2.7176513671875
0.062,3.8487548828125,-0.5155029296875,-3.2381591796875
0.0625,3.3282470703125,0.3253173828125,-3.5584716796875
0.063,3.0479736328125,1.0059814453125,-3.9989013671875
0.0635,2.2071533203125,2.0870361328125,-4.1990966796875
0.064,1.6466064453125,2.5675048828125,-4.1990966796875
0.0645,0.7657470703125,3.0880126953125,-3.8787841796875
0.065,0.0450439453125,3.4884033203125,-3.5985107421875
0.0655,-0.7557373046875,3.8487548828125,-3.1981201171875
0.066,-1.5965576171875,4.1290283203125,-2.5975341796875
0.0665,-2.4373779296875,4.3292236328125,-1.9569091796875
0.067,-2.7176513671875,4.0089111328125,-1.4364013671875
0.0675,-3.2381591796875,3.9288330078125,-0.8358154296875
0.068,-3.4783935546875,3.3682861328125,-0.1151123046875
0.0685,-3.8787841796875,3.0479736328125,0.6055908203125
0.069,-3.9989013671875,2.0870361328125,1.6866455078125
0.0695,-4.1590576171875,1.5665283203125,2.3673095703125
0.07,-3.7987060546875,0.8057861328125,2.7677001953125
0.0705,-3.6385498046875,0.2052001953125,3.2481689453125
0.071,-3.1180419921875,-0.6356201171875,3.5684814453125
0.0715,-2.7176513671875,-1.3563232421875,3.9688720703125
0.072,-1.9569091796875,-2.3572998046875,4.1290283203125
0.0725,-1.3162841796875,-2.8377685546875,3.9688720703125
0.073,-0.4754638671875,-3.3983154296875,3.7686767578125
0.0735,0.2852783203125,-3.7987060546875,3.3282470703125
0.074,1.1260986328125,-4.1590576171875,2.9678955078125
0.0745,2.0469970703125,-4.3192138671875,2.2471923828125
0.075,2.7677001953125,-4.4793701171875,1.7667236328125
0.0755,3.0079345703125,-4.0389404296875,1.1260986328125
0.076,3.4884033203125,-3.9989013671875,0.5655517578125
0.0765,3.6885986328125,-3.3582763671875,-0.2352294921875
0.077,4.0889892578125,-2.9578857421875,-0.9959716796875
0.0775,4.1290283203125,-1.9969482421875,-1.9969482421875
0.078,4.2091064453125,-1.5565185546875,-2.5574951171875
0.0785,3.8487548828125,-0.7156982421875,-3.0379638671875
0.079,3.6885986328125,-0.0750732421875,-3.4783935546875
0.0795,3.1680908203125,0.7257080078125,-3.7987060546875
0.08,2.6876220703125,1.5264892578125,-4.1190185546875
0.0805,2.0069580078125,2.3673095703125,-4.3592529296875
0.081,1.2862548828125,2.7276611328125,-3.9989013671875
0.0815,0.4854736328125,3.3282470703125,-3.8787841796875
0.082,-0.3553466796875,3.6485595703125,-3.3582763671875
0.0825,-1.0760498046875,4.0089111328125,-3.0379638671875
0.083,-1.9969482421875,4.1690673828125,-2.2772216796875
0.0835,-2.5975341796875,4.2891845703125,-1.7967529296875
0.084,-2.8778076171875,3.8487548828125,-1.1561279296875
0.0845,-3.3182373046875,3.8087158203125,-0.6356201171875
0.085,-3.5584716796875,3.1280517578125,0.2852783203125
0.0855,-3.9188232421875,2.6475830078125,1.0460205078125
0.086,-4.0789794921875,1.8067626953125,2.0469970703125
0.0865,-3.9188232421875,1.2862548828125,2.4874267578125
0.087,-3.7186279296875,0.4854736328125,3.0079345703125
0.0875,-3.3582763671875,-0.1951904296875,3.3682861328125
0.088,-2.9578857421875,-0.9959716796875,3.7686767578125
0.0885,-2.3172607421875,-1.8768310546875,3.9688720703125
0.089,-1.7166748046875,-2.6375732421875,4.1290283203125
0.0895,-0.8758544921875,-2.9578857421875,3.6885986328125
0.09,-0.1551513671875,-3.5584716796875,3.6885986328125
0.0905,0.7257080078125,-3.8387451171875,3.0479736328125
0.091,1.4464111328125,-4.1990966796875,2.7276611328125
0.0915,2.4073486328125,-4.3592529296875,1.9669189453125
0.092,2.8077392578125,-4.2391357421875,1.5264892578125
0.0925,3.1680908203125,-3.8787841796875,0.8458251953125
0.093,3.5284423828125,-3.6785888671875,0.2452392578125
0.0935,3.7686767578125,-3.0379638671875,-0.6356201171875
0.094,4.0089111328125,-2.5174560546875,-1.3963623046875
0.0945,4.1690673828125,-1.7967529296875,-2.2772216796875
0.095,3.8887939453125,-1.1561279296875,-2.5975341796875
0.0955,3.8087158203125,-0.5155029296875,-3.1981201171875
0.096,3.3282470703125,0.2852783203125,-3.5184326171875
0.0965,3.0079345703125,1.0059814453125,-3.9188232421875
0.097,2.2471923828125,1.8468017578125,-4.1190185546875
0.0975,1.7667236328125,2.4874267578125,-4.1590576171875
0.098,0.8057861328125,2.8477783203125,-3.7186279296875
0.0985,0.1651611328125,3.4483642578125,-3.5985107421875
0.099,-0.6756591796875,3.6885986328125,-3.0780029296875
0.0995,-1.3563232421875,3.9688720703125,-2.7176513671875
0.1,-2.1971435546875,4.1290283203125,-2.0770263671875
0.1005,-2.4774169921875,3.9288330078125,-1.5965576171875
0.101,-2.9178466796875,3.7686767578125,-0.9959716796875
0.1015,-3.2781982421875,3.3682861328125,-0.2752685546875
0.102,-3.5985107421875,2.8477783203125,0.5655517578125
0.1025,-3.7987060546875,2.2471923828125,1.3663330078125
0.103,-3.9588623046875,1.6466064453125,2.0870361328125
0.1035,-3.5584716796875,0.9659423828125,2.4073486328125
0.104,-3.5985107421875,0.3653564453125,3.0479736328125
0.1045,-3.1180419921875,-0.5155029296875,3.3282470703125
0.105,-2.7176513671875,-1.2362060546875,3.7686767578125
0.1055,-2.0770263671875,-2.1971435546875,3.8887939453125
0.106,-1.4364013671875,-2.5574951171875,3.8487548828125
0.1065,-0.5955810546875,-3.0780029296875,3.5684814453125
0.107,0.1251220703125,-3.5985107421875,3.3682861328125
0.1075,1.0059814453125,-3.8787841796875,2.8477783203125
0.108,1.7667236328125,-4.1590576171875,2.4073486328125
0.1085,2.4874267578125,-4.3592529296875,1.8468017578125
0.109,2.7276611328125,-3.9588623046875,1.2862548828125
0.1095,3.2481689453125,-3.8787841796875,0.6856689453125
0.11,3.5284423828125,-3.2781982421875,-0.1551513671875
0.1105,3.8887939453125,-2.8778076171875,-0.9158935546875
0.111,4.0089111328125,-2.0770263671875,-1.7967529296875
0.1115,4.0889892578125,-1.5965576171875,-2.3973388671875
0.112,3.6885986328125,-0.7957763671875,-2.7977294921875
0.1125,3.6885986328125,-0.1551513671875,-3.3582763671875
0.113,3.0479736328125,0.6856689453125,-3.6785888671875
0.1135,2.6876220703125,1.4464111328125,-3.9989013671875
0.114,1.9268798828125,2.2872314453125,-4.1590576171875
0.1145,1.2061767578125,2.6876220703125,-3.8387451171875
0.115,0.4454345703125,3.2081298828125,-3.6785888671875
0.1155,-0.3553466796875,3.6085205078125,-3.2781982421875
0.116,-1.1561279296875,3.8487548828125,-2.7576904296875
0.1165,-1.8768310546875,4.0489501953125,-2.2772216796875
0.117,-2.4774169921875,4.1290283203125,-1.7967529296875
0.1175,-2.6776123046875,3.6885986328125,-1.1160888671875
0.118,-3.2381591796875,3.6485595703125,-0.5955810546875
0.1185,-3.3983154296875,2.8878173828125,0.3253173828125
0.119,-3.7186279296875,2.5274658203125,1.0059814453125
0.1195,-3.8387451171875,1.7266845703125,1.9268798828125
0.12,-3.7186279296875,1.2462158203125,2.2872314453125
0.1205,-3.3983154296875,0.4454345703125,2.6876220703125
0.121,-3.2781982421875,-0.1551513671875,3.1680908203125
0.1215,-2.6375732421875,-0.9959716796875,3.3282470703125
0.122,-2.2772216796875,-1.5965576171875,3.7686767578125
0.1225,-1.6365966796875,-2.3172607421875,3.8487548828125
0.123,-0.8758544921875,-2.6375732421875,3.4483642578125
0.1235,-0.2352294921875,-3.2381591796875,3.4483642578125
0.124,0.6055908203125,-3.5584716796875,2.8477783203125
0.1245,1.2862548828125,-3.8787841796875,2.6075439453125
0.125,1.9268798828125,-4.0389404296875,2.0469970703125
0.1255,2.3673095703125,-3.9989013671875,1.6466064453125
0.126,2.6075439453125,-3.5985107421875,1.0460205078125
0.1265,3.0880126953125,-3.5584716796875,0.5255126953125
0.127,3.3282470703125,-2.8778076171875,-0.3553466796875
0.1275,3.6885986328125,-2.5574951171875,-0.9959716796875
0.128,3.8087158203125,-1.9569091796875,-1.7567138671875
0.1285,3.5684814453125,-1.4764404296875,-1.9569091796875
0.129,3.5684814453125,-0.7957763671875,-2.6375732421875
0.1295,3.1280517578125,-0.1951904296875,-3.0780029296875
0.13,2.9278564453125,0.6456298828125,-3.5184326171875
0.1305,2.4473876953125,1.3262939453125,-3.7586669921875
0.131,1.9268798828125,1.9268798828125,-3.7987060546875
0.1315,1.1661376953125,2.2872314453125,-3.5184326171875
0.132,0.5655517578125,2.9678955078125,-3.5584716796875
0.1325,-0.2352294921875,3.2481689453125,-3.0379638671875
0.133,-0.8358154296875,3.6885986328125,-2.8778076171875
0.1335,-1.5565185546875,3.8487548828125,-2.3572998046875
0.134,-1.8768310546875,3.7686767578125,-1.9569091796875
0.1345,-2.3572998046875,3.6085205078125,-1.3563232421875
0.135,-2.8377685546875,3.3282470703125,-0.6756591796875
0.1355,-3.1981201171875,2.8477783203125,0.1251220703125
0.136,-3.5184326171875,2.4073486328125,0.8858642578125
0.1365,-3.5985107421875,1.9268798828125,1.4464111328125
0.137,-3.3983154296875,1.2862548828125,1.9268798828125
0.1375,-3.3983154296875,0.7657470703125,2.6075439453125
0.138,-2.9979248046875,-0.1551513671875,3.0079345703125
0.1385,-2.7176513671875,-0.8358154296875,3.4483642578125
0.139,-2.1170654296875,-1.5965576171875,3.6085205078125
0.1395,-1.5965576171875,-2.0770263671875,3.5284423828125
0.14,-0.7957763671875,-2.5975341796875,3.3282470703125
0.1405,-0.0750732421875,-3.1981201171875,3.2481689453125
0.141,0.7257080078125,-3.5184326171875,2.6876220703125
0.1415,1.3262939453125,-3.8387451171875,2.4874267578125
0.142,1.9268798828125,-3.9588623046875,1.9669189453125
0.1425,2.2471923828125,-3.6785888671875,1.4464111328125
0.143,2.8077392578125,-3.6785888671875,0.9259033203125
0.1435,3.0880126953125,-3.0780029296875,0.0850830078125
0.144,3.4483642578125,-2.7176513671875,-0.6356201171875
0.1445,3.5684814453125,-2.1571044921875,-1.2762451171875
0.145,3.6885986328125,-1.7967529296875,-1.8768310546875
0.1455,3.2481689453125,-1.1561279296875,-2.2772216796875
0.146,3.4884033203125,-0.4754638671875,-2.8778076171875
0.1465,2.8878173828125,0.3653564453125,-3.1981201171875
0.147,2.6475830078125,1.0059814453125,-3.5985107421875
0.1475,2.0469970703125,1.7667236328125,-3.7186279296875
0.148,1.3663330078125,2.1671142578125,-3.5184326171875
0.1485,0.6856689453125,2.6876220703125,-3.3983154296875
0.149,-0.0350341796875,3.1680908203125,-3.1180419921875
0.1495,-0.7957763671875,3.4884033203125,-2.7176513671875
0.15,-1.3162841796875,3.6885986328125,-2.4373779296875
0.1505,-1.8768310546875,3.8087158203125,-1.9969482421875
0.151,-2.1170654296875,3.4884033203125,-1.4364013671875
0.1515,-2.7576904296875,3.5284423828125,-0.9158935546875
0.152,-2.9578857421875,2.8077392578125,0.0050048828125
0.1525,-3.3182373046875,2.5675048828125,0.5655517578125
0.153,-3.5184326171875,1.9268798828125,1.4063720703125
0.1535,-3.4383544921875,1.5665283203125,1.8468017578125
0.154,-3.2381591796875,0.7657470703125,2.2872314453125
0.1545,-3.1981201171875,0.1251220703125,2.8477783203125
0.155,-2.7176513671875,-0.6356201171875,3.2081298828125
0.1555,-2.3572998046875,-1.3162841796875,3.4884033203125
0.156,-1.7967529296875,-1.9569091796875,3.5684814453125
0.1565,-1.0360107421875,-2.3572998046875,3.2481689453125
0.157,-0.3553466796875,-3.0379638671875,3.3282470703125
0.1575,0.4854736328125,-3.3582763671875,2.8077392578125
0.158,1.1260986328125,-3.7186279296875,2.5675048828125
0.1585,1.7266845703125,-3.8387451171875,2.1270751953125
0.159,2.0469970703125,-3.8387451171875,1.7667236328125
0.1595,2.4073486328125,-3.5584716796875,1.1260986328125
0.16,3.0079345703125,-3.4783935546875,0.5255126953125
0.1605,3.2081298828125,-2.8778076171875,-0.4354248046875
0.161,3.5684814453125,-2.5574951171875,-0.9959716796875
0.1615,3.6485595703125,-1.9168701171875,-1.6766357421875
0.162,3.4884033203125,-1.3563232421875,-2.0369873046875
0.1625,3.4483642578125,-0.6756591796875,-2.6375732421875
0.163,3.1280517578125,0.0450439453125,-3.0780029296875
0.1635,2.7276611328125,0.8057861328125,-3.4783935546875
0.164,2.2471923828125,1.4464111328125,-3.6785888671875
0.1645,1.6466064453125,2.0469970703125,-3.6785888671875
0.165,0.8858642578125,2.4473876953125,-3.3582763671875
0.1655,0.2852783203125,3.0880126953125,-3.3983154296875
0.166,-0.6356201171875,3.3282470703125,-2.7576904296875
0.1665,-1.1561279296875,3.6885986328125,-2.5975341796875
0.167,-1.7567138671875,3.7686767578125,-2.0770263671875
0.1675,-2.0369873046875,3.6085205078125,-1.6365966796875
0.168,-2.5574951171875,3.4483642578125,-0.9959716796875
0.1685,-3.0780029296875,3.0479736328125,-0.1551513671875
0.169,-3.2381591796875,2.4874267578125,0.5255126953125
0.1695,-3.5184326171875,2.0870361328125,1.1661376953125
0.17,-3.5584716796875,1.5665283203125,1.7667236328125
0.1705,-3.2381591796875,0.9259033203125,2.1671142578125
0.171,-3.2781982421875,0.2852783203125,2.8077392578125
0.1715,-2.7176513671875,-0.5555419921875,3.1280517578125
0.172,-2.4373779296875,-1.2362060546875,3.4884033203125
0.1725,-1.7967529296875,-1.8768310546875,3.5284423828125
0.173,-1.1961669921875,-2.3572998046875,3.4483642578125
0.1735,-0.3953857421875,-2.7977294921875,3.1680908203125
0.174,0.2452392578125,-3.3582763671875,3.0479736328125
0.1745,1.1260986328125,-3.5985107421875,2.4073486328125
0.175,1.6065673828125,-3.8787841796875,2.2071533203125
0.1755,2.1270751953125,-3.8387451171875,1.7667236328125
0.176,2.4073486328125,-3.5584716796875,1.2061767578125
0.1765,3.0479736328125,-3.5584716796875,0.4854736328125
0.177,3.1680908203125,-2.9178466796875,-0.2352294921875
0.1775,3.4483642578125,-2.5174560546875,-0.9158935546875
0.178,3.5684814453125,-1.9569091796875,-1.5164794921875
0.1785,3.5684814453125,-1.4764404296875,-1.9969482421875
0.179,3.2882080078125,-0.7957763671875,-2.4373779296875
0.1795,3.2882080078125,-0.1951904296875,-2.9979248046875
0.18,2.7276611328125,0.6456298828125,-3.2781982421875
0.1805,2.4874267578125,1.2462158203125,-3.6385498046875
0.181,1.8067626953125,1.8468017578125,-3.6385498046875
0.1815,1.1661376953125,2.2471923828125,-3.4383544921875
0.182,0.4854736328125,2.8077392578125,-3.2781982421875
0.1825,-0.2752685546875,3.2081298828125,-2.9979248046875
0.183,-0.9559326171875,3.5284423828125,-2.5975341796875
0.1835,-1.4364013671875,3.6885986328125,-2.3172607421875
0.184,-1.9168701171875,3.6885986328125,-1.9168701171875
0.1845,-2.3172607421875,3.2481689453125,-1.3162841796875
0.185,-2.7977294921875,3.3682861328125,-0.7156982421875
0.1855,-3.0379638671875,2.6075439453125,0.1651611328125
0.186,-3.4383544921875,2.4473876953125,0.7657470703125
0.1865,-3.4383544921875,1.8067626953125,1.4464111328125
0.187,-3.3983154296875,1.3663330078125,1.8468017578125
0.1875,-3.1981201171875,0.6055908203125,2.4073486328125
0.188,-3.0780029296875,0.0050048828125,2.9278564453125
0.1885,-2.5975341796875,-0.8358154296875,3.2481689453125
0.189,-2.1971435546875,-1.4364013671875,3.5284423828125
0.1895,-1.5965576171875,-2.0369873046875,3.4884033203125
0.19,-0.7957763671875,-2.5174560546875,3.2481689453125
0.1905,-0.1551513671875,-3.1580810546875,3.2481689453125
0.191,0.6856689453125,-3.3983154296875,2.6876220703125
0.1915,1.2862548828125,-3.7987060546875,2.4473876953125
0.192,1.7667236328125,-3.7987060546875,2.0069580078125
0.1925,2.2471923828125,-3.7186279296875,1.6065673828125
0.193,2.5274658203125,-3.4383544921875,0.9259033203125
0.1935,3.0479736328125,-3.2781982421875,0.2852783203125
0.194,3.2481689453125,-2.5574951171875,-0.5955810546875
0.1945,3.5684814453125,-2.3172607421875,-1.1561279296875
0.195,3.5284423828125,-1.7166748046875,-1.7567138671875
0.1955,3.4483642578125,-1.1961669921875,-2.1170654296875
0.196,3.3282470703125,-0.4754638671875,-2.7576904296875
0.1965,2.9278564453125,0.2852783203125,-3.1580810546875
0.197,2.5675048828125,0.9659423828125,-3.5184326171875
0.1975,2.0469970703125,1.5665283203125,-3.5584716796875
0.198,1.4464111328125,2.0870361328125,-3.5584716796875
0.1985,0.6856689453125,2.5274658203125,-3.1981201171875
0.199,0.1251220703125,3.0880126953125,-3.1981201171875
0.1995,-0.7156982421875,3.3282470703125,-2.5975341796875
0.2,-1.2362060546875,3.6485595703125,-2.4774169921875
0.2005,-1.6365966796875,3.4884033203125,-2.0770263671875
0.201,-1.9969482421875,3.4884033203125,-1.5965576171875
0.2015,-2.5174560546875,3.2882080078125,-0.9559326171875
0.202,-2.9178466796875,2.8878173828125,-0.1551513671875
0.2025,-3.1981201171875,2.4073486328125,0.6055908203125
0.203,-3.3983154296875,2.0469970703125,1.2061767578125
0.2035,-3.3983154296875,1.5264892578125,1.7266845703125
0.204,-3.1981201171875,0.8858642578125,2.1270751953125
0.2045,-3.1981201171875,0.2452392578125,2.7677001953125
0.205,-2.6375732421875,-0.5955810546875,3.0880126953125
0.2055,-2.3572998046875,-1.2362060546875,3.4483642578125
0.206,-1.7567138671875,-1.7967529296875,3.4083251953125
0.2065,-1.1561279296875,-2.3172607421875,3.3682861328125
0.207,-0.3553466796875,-2.8377685546875,3.1280517578125
0.2075,0.2852783203125,-3.3582763671875,2.9678955078125
0.208,1.1661376953125,-3.5985107421875,2.4473876953125
0.2085,1.5665283203125,-3.8387451171875,2.2071533203125
0.209,2.0469970703125,-3.8387451171875,1.7266845703125
0.2095,2.4073486328125,-3.5584716796875,1.2061767578125
0.21,2.9678955078125,-3.3983154296875,0.4854736328125
0.2105,3.2081298828125,-2.7576904296875,-0.3553466796875
0.211,3.5684814453125,-2.4373779296875,-1.0360107421875
0.2115,3.5684814453125,-1.8768310546875,-1.5965576171875
0.212,3.6085205078125,-1.3563232421875,-2.1170654296875
0.2125,3.3282470703125,-0.6356201171875,-2.5975341796875
0.213,3.2081298828125,0.0050048828125,-3.1580810546875
0.2135,2.6075439453125,0.9259033203125,-3.4783935546875
0.214,2.2872314453125,1.4864501953125,-3.7186279296875
0.2145,1.5665283203125,2.0469970703125,-3.5985107421875
0.215,0.8858642578125,2.5675048828125,-3.3983154296875
0.2155,0.1251220703125,3.0479736328125,-3.1981201171875
0.216,-0.6356201171875,3.4483642578125,-2.8377685546875
0.2165,-1.3563232421875,3.7286376953125,-2.4373779296875
0.217,-1.7567138671875,3.6885986328125,-2.0770263671875
0.2175,-2.2772216796875,3.6885986328125,-1.5965576171875
0.218,-2.5574951171875,3.3282470703125,-0.9158935546875
0.2185,-3.1180419921875,3.1680908203125,-0.1951904296875
0.219,-3.3182373046875,2.3673095703125,0.7257080078125
0.2195,-3.5985107421875,2.0469970703125,1.3262939453125
0.22,-3.4383544921875,1.4063720703125,1.8868408203125
0.2205,-3.3983154296875,0.8858642578125,2.2872314453125
0.221,-3.0780029296875,0.0850830078125,2.8077392578125
0.2215,-2.8377685546875,-0.5955810546875,3.2481689453125
0.222,-2.2772216796875,-1.4364013671875,3.5284423828125
0.2225,-1.7567138671875,-1.9569091796875,3.5284423828125
0.223,-1.0360107421875,-2.5174560546875,3.4884033203125
0.2235,-0.2752685546875,-2.9178466796875,3.1680908203125
0.224,0.3653564453125,-3.4783935546875,2.9678955078125
0.2245,1.2862548828125,-3.7186279296875,2.4073486328125
0.225,1.8868408203125,-3.9989013671875,2.0469970703125
0.2255,2.1671142578125,-3.7987060546875,1.5665283203125
0.226,2.6075439453125,-3.7186279296875,1.1661376953125
0.2265,2.8878173828125,-3.2381591796875,0.4053955078125
0.227,3.3282470703125,-3.0379638671875,-0.2352294921875
0.2275,3.4884033203125,-2.2772216796875,-1.1160888671875
0.228,3.6885986328125,-1.9569091796875,-1.5965576171875
0.2285,3.5284423828125,-1.3162841796875,-2.1170654296875
0.229,3.4083251953125,-0.7557373046875,-2.5574951171875
0.2295,3.1680908203125,0.0050048828125,-3.0780029296875
0.23,2.7677001953125,0.7257080078125,-3.4383544921875
0.2305,2.3673095703125,1.4464111328125,-3.7186279296875
0.231,1.7266845703125,1.9268798828125,-3.5985107421875
0.2315,1.1260986328125,2.4874267578125,-3.5584716796875
0.232,0.3253173828125,2.8878173828125,-3.1981201171875
0.2325,-0.3153076171875,3.3682861328125,-3.0780029296875
0.233,-1.1561279296875,3.5684814453125,-2.4774169921875
0.2335,-1.6365966796875,3.8087158203125,-2.2772216796875
0.234,-1.9969482421875,3.6085205078125,-1.7166748046875
0.2345,-2.4373779296875,3.5284423828125,-1.2762451171875
0.235,-2.8377685546875,3.1680908203125,-0.5155029296875
0.2355,-3.1981201171875,2.7677001953125,0.2852783203125
0.236,-3.4783935546875,2.2071533203125,1.0860595703125
0.2365,-3.5184326171875,1.7667236328125,1.5264892578125
0.237,-3.4383544921875,1.2061767578125,2.0469970703125
0.2375,-3.1981201171875,0.5255126953125,2.4874267578125
0.238,-3.0379638671875,-0.1551513671875,3.0479736328125
0.2385,-2.4774169921875,-0.9959716796875,3.3282470703125
0.239,-2.1170654296875,-1.5965576171875,3.5684814453125
0.2395,-1.3963623046875,-2.0770263671875,3.3682861328125
0.24,-0.7957763671875,-2.6375732421875,3.3682861328125
0.2405,0.0050048828125,-3.0780029296875,3.0079345703125
0.241,0.6856689453125,-3.5985107421875,2.8077392578125
0.2415,1.5264892578125,-3.8387451171875,2.2471923828125
0.242,1.8868408203125,-3.8387451171875,1.9669189453125
0.2425,2.2872314453125,-3.7186279296875,1.4464111328125
0.243,2.6075439453125,-3.4783935546875,0.8858642578125
0.2435,3.1280517578125,-3.1981201171875,0.1651611328125
0.244,3.3682861328125,-2.5975341796875,-0.6356201171875
0.2445,3.6485595703125,-2.1971435546875,-1.3162841796875
0.245,3.5284423828125,-1.6766357421875,-1.7967529296875
0.2455,3.5684814453125,-1.1561279296875,-2.3172607421875
0.246,3.2481689453125,-0.3153076171875,-2.8377685546875
0.2465,3.0880126953125,0.2852783203125,-3.3182373046875
0.247,2.5274658203125,1.1661376953125,-3.5985107421875
0.2475,2.0870361328125,1.7266845703125,-3.7586669921875
0.248,1.3262939453125,2.2471923828125,-3.5584716796875
0.2485,0.6456298828125,2.7677001953125,-3.4383544921875
0.249,-0.0750732421875,3.2081298828125,-3.1580810546875
0.2495,-0.8358154296875,3.5284423828125,-2.7576904296875
0.25,-1.5965576171875,3.8487548828125,-2.3172607421875
0.2505,-1.9168701171875,3.6885986328125,-1.9168701171875
0.251,-2.4373779296875,3.7286376953125,-1.3963623046875
0.2515,-2.7977294921875,3.2882080078125,-0.6756591796875
0.252,-3.2381591796875,3.0479736328125,0.0450439453125
0.2525,-3.4783935546875,2.2872314453125,1.0059814453125
0.253,-3.7186279296875,1.9268798828125,1.6065673828125
0.2535,-3.4783935546875,1.2061767578125,2.0469970703125
0.254,-3.4783935546875,0.6456298828125,2.6075439453125
0.2545,-3.0379638671875,-0.1551513671875,3.0479736328125
0.255,-2.7176513671875,-0.9158935546875,3.4884033203125
0.2555,-2.1170654296875,-1.7967529296875,3.7686767578125
0.256,-1.4764404296875,-2.2371826171875,3.6085205078125
0.2565,-0.7156982421875,-2.8377685546875,3.4884033203125
0.257,0.0050048828125,-3.3182373046875,3.1680908203125
0.2575,0.7657470703125,-3.7186279296875,2.8477783203125
0.258,1.6065673828125,-3.9188232421875,2.2872314453125
0.2585,2.2471923828125,-4.1190185546875,1.8868408203125
0.259,2.4874267578125,-3.7586669921875,1.3262939453125
0.2595,2.9678955078125,-3.7987060546875,0.8057861328125
0.26,3.2081298828125,-3.1580810546875,0.0050048828125
0.2605,3.6485595703125,-2.8377685546875,-0.7156982421875
0.261,3.8087158203125,-1.9969482421875,-1.6365966796875
0.2615,3.8487548828125,-1.5965576171875,-2.1170654296875
0.262,3.5684814453125,-0.8758544921875,-2.5975341796875
0.2625,3.4884033203125,-0.2752685546875,-3.0780029296875
0.263,3.0479736328125,0.5255126953125,-3.4783935546875
0.2635,2.5675048828125,1.2862548828125,-3.7987060546875
0.264,2.0069580078125,2.0469970703125,-4.0789794921875
0.2645,1.2462158203125,2.4874267578125,-3.7186279296875
0.265,0.6055908203125,3.0479736328125,-3.7186279296875
0.2655,-0.2752685546875,3.4083251953125,-3.1981201171875
0.266,-0.9959716796875,3.8087158203125,-2.8778076171875
0.2665,-1.8768310546875,4.0089111328125,-2.2772216796875
0.267,-2.3973388671875,4.0889892578125,-1.7967529296875
0.2675,-2.6776123046875,3.6885986328125,-1.1561279296875
0.268,-3.1981201171875,3.6485595703125,-0.6356201171875
0.2685,-3.4383544921875,2.9678955078125,0.2852783203125
0.269,-3.8387451171875,2.5274658203125,1.0860595703125
0.2695,-3.9989013671875,1.7266845703125,2.0469970703125
0.27,-3.7987060546875,1.1260986328125,2.4073486328125
0.2705,-3.5584716796875,0.4454345703125,2.9278564453125
0.271,-3.2781982421875,-0.3153076171875,3.3682861328125
0.2715,-2.7977294921875,-1.1160888671875,3.7686767578125
0.272,-2.1170654296875,-1.9569091796875,3.9688720703125
0.2725,-1.5164794921875,-2.7176513671875,4.0889892578125
0.273,-0.6356201171875,-3.0780029296875,3.5684814453125
0.2735,0.0450439453125,-3.7186279296875,3.5284423828125
0.274,1.0460205078125,-3.9588623046875,2.8477783203125
0.2745,1.7667236328125,-4.2391357421875,2.4874267578125
0.275,2.6475830078125,-4.3992919921875,1.7667236328125
0.2755,3.0479736328125,-4.1990966796875,1.2061767578125
0.276,3.3282470703125,-3.8387451171875,0.5655517578125
0.2765,3.7686767578125,-3.5584716796875,-0.0750732421875
0.277,3.9288330078125,-2.7176513671875,-1.0360107421875
0.2775,4.1290283203125,-2.1971435546875,-1.7967529296875
0.278,4.2491455078125,-1.4364013671875,-2.6776123046875
0.2785,3.8087158203125,-0.7156982421875,-2.9578857421875
0.279,3.7286376953125,-0.0750732421875,-3.5584716796875
0.2795,3.1680908203125,0.7657470703125,-3.8387451171875
0.28,2.6475830078125,1.5264892578125,-4.1190185546875
0.2805,1.9268798828125,2.4073486328125,-4.3192138671875
0.281,1.2462158203125,2.9278564453125,-4.1990966796875
0.2815,0.3253173828125,3.2481689453125,-3.6385498046875
0.282,-0.3153076171875,3.8487548828125,-3.5584716796875
0.2825,-1.3162841796875,4.0089111328125,-2.7576904296875
0.283,-1.9569091796875,4.2491455078125,-2.3973388671875
0.2835,-2.7576904296875,4.3292236328125,-1.6766357421875
0.284,-3.0780029296875,3.9688720703125,-1.0360107421875
0.2845,-3.4383544921875,3.7286376953125,-0.4754638671875
0.285,-3.7987060546875,3.2081298828125,0.3253173828125
0.2855,-3.9588623046875,2.4874267578125,1.2462158203125
0.286,-4.1190185546875,1.8868408203125,2.0069580078125
0.2865,-4.1590576171875,1.2061767578125,2.7276611328125
0.287,-3.5584716796875,0.3653564453125,3.0079345703125
0.2875,-3.5985107421875,-0.1951904296875,3.6085205078125
0.288,-2.8778076171875,-1.1561279296875,3.8487548828125
0.2885,-2.3973388671875,-1.8768310546875,4.1290283203125
0.289,-1.5965576171875,-2.7176513671875,4.1690673828125
0.2895,-0.9158935546875,-3.1981201171875,3.8887939453125
0.29,0.0050048828125,-3.5584716796875,3.4884033203125
0.2905,0.7657470703125,-4.0789794921875,3.2481689453125
0.291,1.7667236328125,-4.2391357421875,2.4874267578125
0.2915,2.2872314453125,-4.3992919921875,2.0870361328125
0.292,3.0479736328125,-4.4393310546875,1.4464111328125
0.2925,3.2081298828125,-3.9188232421875,0.7657470703125
0.293,3.6885986328125,-3.7987060546875,0.1651611328125
0.2935,3.8887939453125,-3.0379638671875,-0.7557373046875
0.294,4.1290283203125,-2.4774169921875,-1.5164794921875
0.2945,4.1690673828125,-1.7967529296875,-2.2772216796875
0.295,4.1290283203125,-1.1561279296875,-2.8778076171875
0.2955,3.6485595703125,-0.3153076171875,-3.1981201171875
0.296,3.6085205078125,0.2452392578125,-3.7586669921875
0.2965,2.8077392578125,1.2462158203125,-3.9588623046875
0.297,2.4073486328125,1.8868408203125,-4.2391357421875
0.2975,1.6065673828125,2.6475830078125,-4.2791748046875
0.298,0.8057861328125,3.0479736328125,-3.8787841796875
0.2985,0.0450439453125,3.5284423828125,-3.5985107421875
0.299,-0.7957763671875,3.9288330078125,-3.1580810546875
0.2995,-1.6365966796875,4.1290283203125,-2.5174560546875
0.3,-2.1971435546875,4.2091064453125,-2.1170654296875
0.3005,-2.7977294921875,4.1690673828125,-1.5565185546875
0.301,-3.0379638671875,3.6885986328125,-0.8358154296875
0.3015,-3.5584716796875,3.6485595703125,-0.2752685546875
0.302,-3.7186279296875,2.6876220703125,0.8057861328125
0.3025,-3.9989013671875,2.2872314453125,1.4464111328125
0.303,-3.9989013671875,1.5264892578125,2.2471923828125
0.3035,-3.8387451171875,0.9259033203125,2.6876220703125
0.304,-3.4783935546875,0.1251220703125,3.1280517578125
0.3045,-3.2781982421875,-0.5155029296875,3.6485595703125
0.305,-2.5574951171875,-1.5565185546875,3.8487548828125
0.3055,-2.0770263671875,-2.1571044921875,4.0489501953125
0.306,-1.3162841796875,-2.8778076171875,4.0489501953125
0.3065,-0.4754638671875,-3.1981201171875,3.5684814453125
0.307,0.2452392578125,-3.7987060546875,3.4884033203125
0.3075,1.2862548828125,-4.0389404296875,2.7677001953125
0.308,1.9268798828125,-4.3192138671875,2.3272705078125
0.3085,2.5274658203125,-4.3192138671875,1.7667236328125
0.309,3.0079345703125,-4.1590576171875,1.2462158203125
0.3095,3.2481689453125,-3.6785888671875,0.4854736328125
0.31,3.7686767578125,-3.5584716796875,-0.1151123046875
0.3105,3.8487548828125,-2.5574951171875,-1.1961669921875
0.311,4.1290283203125,-2.2371826171875,-1.7567138671875
0.3115,4.0889892578125,-1.4364013671875,-2.5174560546875
0.312,3.8087158203125,-0.7957763671875,-2.8778076171875
0.3125,3.5684814453125,-0.0350341796875,-3.3582763671875
0.313,3.1680908203125,0.6856689453125,-3.7987060546875
0.3135,2.5274658203125,1.5264892578125,-4.0389404296875
0.314,2.0069580078125,2.1671142578125,-4.1190185546875
0.3145,1.2862548828125,2.8077392578125,-4.0389404296875
0.315,0.4053955078125,3.1280517578125,-3.5584716796875
0.3155,-0.2352294921875,3.7286376953125,-3.5184326171875
0.316,-1.2762451171875,3.8487548828125,-2.6776123046875
0.3165,-1.8367919921875,4.1290283203125,-2.3973388671875
0.317,-2.3973388671875,4.0889892578125,-1.7967529296875
0.3175,-2.7576904296875,3.8487548828125,-1.2362060546875
0.318,-3.1180419921875,3.4884033203125,-0.5555419921875
0.3185,-3.5584716796875,3.1680908203125,0.1651611328125
0.319,-3.7586669921875,2.3673095703125,1.1661376953125
0.3195,-3.9188232421875,1.9669189453125,1.7667236328125
0.32,-3.8787841796875,1.2862548828125,2.4073486328125
0.3205,-3.5184326171875,0.5655517578125,2.7677001953125
0.321,-3.4383544921875,-0.1151123046875,3.3682861328125
0.3215,-2.7977294921875,-1.0760498046875,3.6885986328125
0.322,-2.3572998046875,-1.7967529296875,3.9688720703125
0.3225,-1.6365966796875,-2.4373779296875,3.9288330078125
0.323,-0.9559326171875,-2.9578857421875,3.8487548828125
0.3235,-0.0350341796875,-3.3582763671875,3.3682861328125
0.324,0.6456298828125,-3.9588623046875,3.2481689453125
0.3245,1.7266845703125,-4.1590576171875,2.4073486328125
0.325,2.1671142578125,-4.3192138671875,2.1270751953125
0.3255,2.7677001953125,-4.1990966796875,1.4864501953125
0.326,3.0479736328125,-3.8387451171875,0.8858642578125
0.3265,3.4884033203125,-3.5584716796875,0.1251220703125
0.327,3.8087158203125,-2.9578857421875,-0.7156982421875
0.3275,3.9688720703125,-2.3172607421875,-1.5965576171875
0.328,4.0489501953125,-1.7967529296875,-2.1170654296875
0.3285,3.9688720703125,-1.1561279296875,-2.7176513671875
0.329,3.5284423828125,-0.3553466796875,-3.0780029296875
0.3295,3.4483642578125,0.2852783203125,-3.6785888671875
0.33,2.6475830078125,1.3262939453125,-3.8787841796875
0.3305,2.2471923828125,1.9268798828125,-4.1590576171875
0.331,1.4464111328125,2.5274658203125,-3.9588623046875
0.3315,0.7257080078125,3.0079345703125,-3.7186279296875
0.332,-0.0350341796875,3.3682861328125,-3.3182373046875
0.3325,-0.7957763671875,3.8087158203125,-3.0379638671875
0.333,-1.6766357421875,3.9688720703125,-2.3172607421875
0.3335,-2.0770263671875,3.9688720703125,-2.0369873046875
0.334,-2.5975341796875,3.9288330078125,-1.4364013671875
0.3345,-2.8377685546875,3.5284423828125,-0.7957763671875
0.335,-3.3582763671875,3.3282470703125,-0.1551513671875
0.3355,-3.5584716796875,2.5274658203125,0.7657470703125
0.336,-3.7987060546875,2.1270751953125,1.4063720703125
0.3365,-3.6785888671875,1.5264892578125,1.9669189453125
0.337,-3.5985107421875,0.9259033203125,2.4073486328125
0.3375,-3.1981201171875,0.1651611328125,2.8477783203125
0.338,-3.0780029296875,-0.4354248046875,3.3282470703125
0.3385,-2.3973388671875,-1.3563232421875,3.5684814453125
0.339,-2.0369873046875,-1.8768310546875,3.7686767578125
0.3395,-1.3162841796875,-2.4373779296875,3.6485595703125
0.34,-0.5955810546875,-2.8778076171875,3.3682861328125
0.3405,0.1251220703125,-3.3983154296875,3.2081298828125
0.341,0.9659423828125,-3.7186279296875,2.7276611328125
0.3415,1.6065673828125,-3.9989013671875,2.3272705078125
0.342,2.0069580078125,-3.9588623046875,1.9268798828125
0.3425,2.4874267578125,-3.9188232421875,1.4864501953125
0.343,2.7677001953125,-3.5184326171875,0.7657470703125
0.3435,3.3282470703125,-3.3983154296875,0.1251220703125
0.344,3.4884033203125,-2.5975341796875,-0.7957763671875
0.3445,3.8087158203125,-2.3973388671875,-1.3162841796875
0.345,3.7286376953125,-1.7166748046875,-1.9569091796875
0.3455,3.6485595703125,-1.2362060546875,-2.3572998046875
0.346,3.4083251953125,-0.3553466796875,-2.9178466796875
0.3465,3.1680908203125,0.2852783203125,-3.3983154296875
0.347,2.6475830078125,1.1260986328125,-3.7186279296875
0.3475,2.2071533203125,1.6466064453125,-3.8387451171875
0.348,1.5264892578125,2.2471923828125,-3.7586669921875
0.3485,0.7257080078125,2.6876220703125,-3.4383544921875
0.349,0.0450439453125,3.3282470703125,-3.3582763671875
0.3495,-0.8358154296875,3.5684814453125,-2.7576904296875
0.35,-1.3963623046875,3.8487548828125,-2.5574951171875
0.3505,-1.7967529296875,3.8087158203125,-2.0770263671875
0.351,-2.2772216796875,3.7686767578125,-1.5965576171875
0.3515,-2.6776123046875,3.3682861328125,-0.8358154296875
0.352,-3.1981201171875,3.1280517578125,-0.0750732421875
0.3525,-3.4383544921875,2.4073486328125,0.8057861328125
0.353,-3.6385498046875,2.0870361328125,1.3262939453125
0.3535,-3.5584716796875,1.4063720703125,1.9268798828125
0.354,-3.3582763671875,0.8057861328125,2.3673095703125
0.3545,-3.1981201171875,0.0450439453125,2.9678955078125
0.355,-2.7176513671875,-0.7156982421875,3.3282470703125
0.3555,-2.3572998046875,-1.4364013671875,3.6485595703125
0.356,-1.6766357421875,-1.9569091796875,3.5284423828125
0.3565,-1.0360107421875,-2.5174560546875,3.4884033203125
0.357,-0.1951904296875,-2.9578857421875,3.1280517578125
0.3575,0.4454345703125,-3.5584716796875,3.0479736328125
0.358,1.3262939453125,-3.7186279296875,2.3673095703125
0.3585,1.7667236328125,-3.9188232421875,2.2071533203125
0.359,2.1671142578125,-3.7987060546875,1.6065673828125
0.3595,2.5274658203125,-3.5985107421875,1.1260986328125
0.36,2.9678955078125,-3.2781982421875,0.3653564453125
0.3605,3.2882080078125,-2.8377685546875,-0.3553466796875
0.361,3.5284423828125,-2.3572998046875,-1.1160888671875
0.3615,3.5684814453125,-1.9569091796875,-1.5565185546875
0.362,3.5684814453125,-1.3563232421875,-2.1170654296875
0.3625,3.3282470703125,-0.6356201171875,-2.5574951171875
0.363,3.2481689453125,0.0050048828125,-3.1580810546875
0.3635,2.6475830078125,0.8458251953125,-3.3983154296875
0.364,2.4073486328125,1.4063720703125,-3.7186279296875
0.3645,1.6866455078125,1.9268798828125,-3.5584716796875
0.365,1.1260986328125,2.4073486328125,-3.5184326171875
0.3655,0.2852783203125,2.8878173828125,-3.1981201171875
0.366,-0.3553466796875,3.3282470703125,-3.0379638671875
0.3665,-1.1160888671875,3.6085205078125,-2.5574951171875
0.367,-1.4764404296875,3.6885986328125,-2.3172607421875
0.3675,-1.9569091796875,3.6885986328125,-1.7967529296875
0.368,-2.3172607421875,3.4083251953125,-1.2362060546875
0.3685,-2.8778076171875,3.2481689453125,-0.5155029296875
0.369,-3.1580810546875,2.5675048828125,0.3253173828125
0.3695,-3.5184326171875,2.2471923828125,0.9659423828125
0.37,-3.3983154296875,1.7667236328125,1.4464111328125
0.3705,-3.4383544921875,1.2862548828125,2.0069580078125
0.371,-3.1981201171875,0.4854736328125,2.5274658203125
0.3715,-3.0780029296875,-0.1951904296875,3.0880126953125
0.372,-2.5174560546875,-1.0360107421875,3.3682861328125
0.3725,-2.0770263671875,-1.5965576171875,3.5284423828125
0.373,-1.3563232421875,-2.1170654296875,3.4483642578125
0.3735,-0.6756591796875,-2.6375732421875,3.2882080078125
0.374,0.0450439453125,-3.1981201171875,3.0880126953125
0.3745,0.8057861328125,-3.5584716796875,2.6876220703125
0.375,1.4864501953125,-3.8787841796875,2.3673095703125
0.3755,1.8468017578125,-3.7987060546875,1.9669189453125
0.376,2.2872314453125,-3.7987060546875,1.5264892578125
0.3765,2.6876220703125,-3.3582763671875,0.7657470703125
0.377,3.2081298828125,-3.1981201171875,0.0450439453125
0.3775,3.4083251953125,-2.5174560546875,-0.7957763671875
0.378,3.6885986328125,-2.1971435546875,-1.3563232421875
0.3785,3.4884033203125,-1.5164794921875,-1.8768310546875
0.379,3.5284423828125,-1.0360107421875,-2.3973388671875
0.3795,3.2081298828125,-0.1951904296875,-2.9178466796875
0.38,2.9278564453125,0.4854736328125,-3.3582763671875
0.3805,2.4473876953125,1.2862548828125,-3.6785888671875
0.381,1.9268798828125,1.7667236328125,-3.6385498046875
0.3815,1.2462158203125,2.3673095703125,-3.5584716796875
0.382,0.4454345703125,2.8077392578125,-3.2381591796875
0.3825,-0.1951904296875,3.2882080078125,-3.1180419921875
0.383,-1.0360107421875,3.5284423828125,-2.5574951171875
0.3835,-1.5565185546875,3.8087158203125,-2.2772216796875
0.384,-1.9168701171875,3.5684814453125,-1.7967529296875
0.3845,-2.3572998046875,3.6085205078125,-1.3563232421875
0.385,-2.7176513671875,3.1280517578125,-0.5555419921875
0.3855,-3.1981201171875,2.8477783203125,0.1651611328125
0.386,-3.3983154296875,2.2071533203125,1.0460205078125
0.3865,-3.5584716796875,1.8468017578125,1.4464111328125
0.387,-3.3983154296875,1.1661376953125,2.0069580078125
0.3875,-3.2381591796875,0.6055908203125,2.4874267578125
0.388,-2.9979248046875,-0.1551513671875,3.0079345703125
0.3885,-2.5574951171875,-0.9559326171875,3.3282470703125
0.389,-2.1170654296875,-1.5965576171875,3.6085205078125
0.3895,-1.4364013671875,-2.0369873046875,3.3682861328125
0.39,-0.8358154296875,-2.6375732421875,3.4083251953125
0.3905,0.0050048828125,-3.0780029296875,3.0079345703125
0.391,0.6055908203125,-3.5584716796875,2.8477783203125
0.3915,1.4464111328125,-3.7586669921875,2.2471923828125
0.392,1.8468017578125,-3.8787841796875,2.0069580078125
0.3925,2.2471923828125,-3.6385498046875,1.4464111328125
0.393,2.5675048828125,-3.5584716796875,0.9659423828125
0.3935,3.0479736328125,-3.1981201171875,0.1651611328125
0.394,3.3282470703125,-2.6776123046875,-0.5155029296875
0.3945,3.5684814453125,-2.1971435546875,-1.2762451171875
0.395,3.5284423828125,-1.7967529296875,-1.6365966796875
0.3955,3.5284423828125,-1.2362060546875,-2.2371826171875
0.396,3.2481689453125,-0.4754638671875,-2.6776123046875
0.3965,3.0880126953125,0.1651611328125,-3.1981201171875
0.397,2.5675048828125,1.0059814453125,-3.4783935546875
0.3975,2.2071533203125,1.5264892578125,-3.6785888671875
0.398,1.4464111328125,1.9669189453125,-3.3983154296875
0.3985,0.8858642578125,2.5274658203125,-3.3983154296875
0.399,0.0850830078125,2.9678955078125,-3.0780029296875
0.3995,-0.5155029296875,3.3682861328125,-2.8778076171875
0.4,-1.2762451171875,3.6485595703125,-2.4373779296875
0.4005,-1.5565185546875,3.6085205078125,-2.1170654296875
0.401,-2.0369873046875,3.5684814453125,-1.6365966796875
0.4015,-2.4373779296875,3.2882080078125,-1.0360107421875
0.402,-2.9178466796875,3.0079345703125,-0.2752685546875
0.4025,-3.1981201171875,2.4874267578125,0.5655517578125
0.403,-3.5184326171875,2.1671142578125,1.1661376953125
0.4035,-3.3182373046875,1.5665283203125,1.5665283203125
0.404,-3.3983154296875,1.0860595703125,2.1270751953125
0.4045,-3.0780029296875,0.2452392578125,2.6475830078125
0.405,-2.8778076171875,-0.3953857421875,3.1280517578125
0.4055,-2.3172607421875,-1.2362060546875,3.4483642578125
0.406,-1.9168701171875,-1.6766357421875,3.4884033203125
0.4065,-1.1561279296875,-2.2772216796875,3.3282470703125
0.407,-0.5155029296875,-2.7977294921875,3.2081298828125
0.4075,0.2452392578125,-3.2381591796875,2.9278564453125
0.408,0.9659423828125,-3.5985107421875,2.5675048828125
0.4085,1.5665283203125,-3.8387451171875,2.2071533203125
0.409,1.8468017578125,-3.7186279296875,1.7667236328125
0.4095,2.3673095703125,-3.7186279296875,1.3262939453125
0.41,2.7276611328125,-3.2381591796875,0.5655517578125
0.4105,3.1680908203125,-2.9578857421875,-0.0750732421875
0.411,3.3682861328125,-2.3572998046875,-0.9559326171875
0.4115,3.5684814453125,-2.0770263671875,-1.3963623046875
0.412,3.4083251953125,-1.3963623046875,-1.8768310546875
0.4125,3.4483642578125,-0.9559326171875,-2.4373779296875
0.413,3.0880126953125,-0.0750732421875,-2.8778076171875
0.4135,2.8077392578125,0.6055908203125,-3.2781982421875
0.414,2.3673095703125,1.2862548828125,-3.5985107421875
0.4145,1.7667236328125,1.6866455078125,-3.4783935546875
0.415,1.1260986328125,2.3272705078125,-3.4783935546875
0.4155,0.3653564453125,2.7677001953125,-3.1981201171875
0.416,-0.2752685546875,3.2081298828125,-2.9979248046875
0.4165,-0.9959716796875,3.4884033203125,-2.5574951171875
0.417,-1.4364013671875,3.6485595703125,-2.2772216796875
0.4175,-1.7967529296875,3.4884033203125,-1.7967529296875
0.418,-2.2772216796875,3.5284423828125,-1.3563232421875
0.4185,-2.7176513671875,3.0479736328125,-0.5155029296875
0.419,-3.1180419921875,2.7677001953125,0.1651611328125
0.4195,-3.3582763671875,2.2071533203125,1.0059814453125
0.42,-3.3983154296875,1.8468017578125,1.3663330078125
0.4205,-3.3582763671875,1.2061767578125,1.9669189453125
0.421,-3.1981201171875,0.5655517578125,2.4874267578125
0.4215,-2.9578857421875,-0.1951904296875,2.9678955078125
0.422,-2.5574951171875,-0.9959716796875,3.3282470703125
0.4225,-2.0770263671875,-1.5965576171875,3.5684814453125
0.423,-1.3963623046875,-2.0369873046875,3.3282470703125
0.4235,-0.7557373046875,-2.7176513671875,3.3682861328125
0.424,0.0450439453125,-3.1180419921875,2.9678955078125
0.4245,0.7257080078125,-3.5584716796875,2.7677001953125
0.425,1.5665283203125,-3.8387451171875,2.2872314453125
0.4255,1.9268798828125,-3.8787841796875,1.9268798828125
0.426,2.2872314453125,-3.7186279296875,1.3663330078125
0.4265,2.7276611328125,-3.5184326171875,0.8057861328125
0.427,3.1280517578125,-3.0379638671875,0.0050048828125
0.4275,3.4483642578125,-2.5975341796875,-0.7156982421875
0.428,3.6885986328125,-2.0770263671875,-1.5164794921875
0.4285,3.5284423828125,-1.5565185546875,-1.8768310546875
0.429,3.5684814453125,-0.9559326171875,-2.5174560546875
0.4295,3.1680908203125,-0.1951904296875,-2.9178466796875
0.43,2.9278564453125,0.5255126953125,-3.3582763671875
0.4305,2.4073486328125,1.2862548828125,-3.6785888671875
0.431,1.9268798828125,1.8468017578125,-3.7186279296875
0.4315,1.1260986328125,2.2872314453125,-3.3983154296875
0.432,0.4854736328125,2.8878173828125,-3.3582763671875
0.4325,-0.3153076171875,3.2481689453125,-2.9178466796875
0.433,-0.9959716796875,3.5684814453125,-2.6375732421875
0.4335,-1.6766357421875,3.7686767578125,-2.1971435546875
0.434,-1.9969482421875,3.5684814453125,-1.7567138671875
0.4345,-2.4373779296875,3.5684814453125,-1.2362060546875
0.435,-2.8377685546875,3.1680908203125,-0.5155029296875
0.4355,-3.1981201171875,2.7276611328125,0.2852783203125
0.436,-3.4383544921875,2.2071533203125,1.0460205078125
0.4365,-3.5985107421875,1.7266845703125,1.6866455078125
0.437,-3.2781982421875,1.0860595703125,2.0069580078125
0.4375,-3.3582763671875,0.5655517578125,2.6075439453125
0.438,-2.8778076171875,-0.2752685546875,3.0079345703125
0.4385,-2.5975341796875,-0.9559326171875,3.3682861328125
0.439,-1.9969482421875,-1.7567138671875,3.6085205078125
0.4395,-1.4364013671875,-2.1571044921875,3.4884033203125
0.44,-0.6756591796875,-2.6776123046875,3.2882080078125
0.4405,0.0050048828125,-3.1981201171875,3.1280517578125
0.441,0.8057861328125,-3.5584716796875,2.6475830078125
0.4415,1.4464111328125,-3.8387451171875,2.3272705078125
0.442,2.0469970703125,-3.9989013671875,1.8868408203125
0.4425,2.2872314453125,-3.5985107421875,1.3663330078125
0.443,2.8077392578125,-3.6785888671875,0.9259033203125
0.4435,3.0880126953125,-3.0780029296875,0.0450439453125
0.444,3.4483642578125,-2.7176513671875,-0.6356201171875
0.4445,3.6485595703125,-2.0770263671875,-1.4364013671875
0.445,3.6885986328125,-1.6766357421875,-1.8768310546875
0.4455,3.4083251953125,-0.9959716796875,-2.3172607421875
0.446,3.4083251953125,-0.4754638671875,-2.8778076171875
0.4465,2.9278564453125,0.3653564453125,-3.1981201171875
0.447,2.6075439453125,1.0460205078125,-3.5985107421875
0.4475,2.0469970703125,1.7667236328125,-3.7987060546875
0.448,1.3663330078125,2.1671142578125,-3.5184326171875
0.4485,0.7257080078125,2.7276611328125,-3.4783935546875
0.449,-0.0350341796875,3.1280517578125,-3.1180419921875
0.4495,-0.7557373046875,3.4884033203125,-2.7576904296875
0.45,-1.4364013671875,3.6885986328125,-2.3973388671875
0.4505,-1.9168701171875,3.8087158203125,-1.9969482421875
0.451,-2.1971435546875,3.5284423828125,-1.4364013671875
0.4515,-2.7176513671875,3.5284423828125,-0.9158935546875
0.452,-2.9979248046875,2.8477783203125,0.0050048828125
0.4525,-3.3582763671875,2.5274658203125,0.6456298828125
0.453,-3.5584716796875,1.8868408203125,1.4464111328125
0.4535,-3.4383544921875,1.4063720703125,1.7667236328125
0.454,-3.2781982421875,0.8057861328125,2.3272705078125
0.4545,-3.1580810546875,0.1251220703125,2.8077392578125
0.455,-2.7176513671875,-0.6356201171875,3.2081298828125
0.4555,-2.2772216796875,-1.3563232421875,3.4884033203125
0.456,-1.7567138671875,-1.9569091796875,3.6085205078125
0.4565,-0.9959716796875,-2.3572998046875,3.2481689453125
0.457,-0.3953857421875,-3.0379638671875,3.2882080078125
0.4575,0.4854736328125,-3.3582763671875,2.7677001953125
0.458,1.0860595703125,-3.7987060546875,2.5274658203125
0.4585,1.7667236328125,-3.8787841796875,2.0870361328125
0.459,2.0870361328125,-3.8387451171875,1.7266845703125
0.4595,2.4874267578125,-3.5584716796875,1.1260986328125
0.46,2.9278564453125,-3.3582763671875,0.5255126953125
0.4605,3.2081298828125,-2.7977294921875,-0.3153076171875
0.461,3.5284423828125,-2.4373779296875,-0.9559326171875
0.4615,3.6885986328125,-1.8768310546875,-1.6766357421875
0.462,3.4884033203125,-1.3162841796875,-1.9969482421875
0.4625,3.5284423828125,-0.7156982421875,-2.6375732421875
0.463,3.1280517578125,0.0050048828125,-3.0780029296875
0.4635,2.8077392578125,0.7657470703125,-3.4783935546875
0.464,2.2872314453125,1.4864501953125,-3.7186279296875
0.4645,1.7266845703125,1.9669189453125,-3.7186279296875
0.465,0.9659423828125,2.4073486328125,-3.3983154296875
0.4655,0.3253173828125,3.0479736328125,-3.4383544921875
0.466,-0.5155029296875,3.3282470703125,-2.8778076171875
0.4665,-1.1160888671875,3.6885986328125,-2.6375732421875
0.467,-1.7967529296875,3.8487548828125,-2.1170654296875
0.4675,-2.0770263671875,3.6485595703125,-1.6365966796875
0.468,-2.5975341796875,3.5284423828125,-1.0760498046875
0.4685,-2.9979248046875,3.1280517578125,-0.2752685546875
0.469,-3.3182373046875,2.6075439453125,0.5655517578125
0.4695,-3.5985107421875,2.1270751953125,1.2862548828125
0.47,-3.6385498046875,1.6065673828125,1.8868408203125
0.4705,-3.3182373046875,0.9259033203125,2.2471923828125
0.471,-3.3582763671875,0.2852783203125,2.8878173828125
0.4715,-2.7977294921875,-0.5955810546875,3.2081298828125
0.472,-2.4373779296875,-1.2762451171875,3.5684814453125
0.4725,-1.7967529296875,-2.0369873046875,3.6885986328125
0.473,-1.1160888671875,-2.5174560546875,3.4884033203125
0.4735,-0.3553466796875,-2.9979248046875,3.2481689453125
0.474,0.3653564453125,-3.5584716796875,3.0479736328125
0.4745,1.2862548828125,-3.7586669921875,2.4473876953125
0.475,1.8067626953125,-3.9989013671875,2.1671142578125
0.4755,2.4073486328125,-3.9989013671875,1.6466064453125
0.476,2.6475830078125,-3.6385498046875,1.0460205078125
0.4765,3.1680908203125,-3.5985107421875,0.4854736328125
0.477,3.4483642578125,-2.8778076171875,-0.4754638671875
0.4775,3.7286376953125,-2.4373779296875,-1.1561279296875
0.478,3.8487548828125,-1.7967529296875,-1.9168701171875
0.4785,3.7686767578125,-1.2762451171875,-2.3973388671875
0.479,3.4483642578125,-0.5155029296875,-2.7576904296875
0.4795,3.3682861328125,0.0850830078125,-3.3582763671875
0.48,2.6876220703125,1.0460205078125,-3.6385498046875
0.4805,2.2872314453125,1.6466064453125,-3.9188232421875
0.481,1.5665283203125,2.3673095703125,-3.9588623046875
0.4815,0.8057861328125,2.7677001953125,-3.5985107421875
0.482,0.0850830078125,3.2481689453125,-3.4783935546875
0.4825,-0.7957763671875,3.6885986328125,-2.9578857421875
0.483,-1.5965576171875,3.9688720703125,-2.4373779296875
0.4835,-2.0770263671875,4.0089111328125,-1.9969482421875
0.484,-2.6375732421875,3.9688720703125,-1.4764404296875
0.4845,-2.8778076171875,3.5284423828125,-0.7557373046875
0.485,-3.4783935546875,3.4483642578125,-0.1551513671875
0.4855,-3.6785888671875,2.4874267578125,0.9659423828125
0.486,-3.9188232421875,2.0870361328125,1.5665283203125
0.4865,-3.8787841796875,1.3663330078125,2.3272705078125
0.487,-3.6785888671875,0.6856689453125,2.7677001953125
0.4875,-3.3582763671875,0.0050048828125,3.2081298828125
0.488,-3.0379638671875,-0.7957763671875,3.6885986328125
0.4885,-2.3172607421875,-1.7967529296875,3.9288330078125
0.489,-1.7967529296875,-2.3973388671875,3.9688720703125
0.4895,-0.9959716796875,-3.0780029296875,3.8887939453125
0.49,-0.1551513671875,-3.3983154296875,3.4083251953125
0.4905,0.6055908203125,-3.9188232421875,3.2481689453125
0.491,1.6866455078125,-4.1590576171875,2.4874267578125
0.4915,2.3673095703125,-4.3592529296875,1.9669189453125
0.492,2.8477783203125,-4.1990966796875,1.4063720703125
0.4925,3.2481689453125,-4.0389404296875,0.8858642578125
0.493,3.4884033203125,-3.5184326171875,0.1251220703125
0.4935,3.9688720703125,-3.2381591796875,-0.5955810546875
0.494,4.0489501953125,-2.2371826171875,-1.6766357421875
0.4945,4.1290283203125,-1.7967529296875,-2.2371826171875
0.495,4.0489501953125,-1.0360107421875,-2.8778076171875
0.4955,3.6885986328125,-0.3153076171875,-3.1981201171875
0.496,3.3682861328125,0.3653564453125,-3.6785888671875
0.4965,2.8477783203125,1.2462158203125,-3.9989013671875
0.497,2.2071533203125,2.0870361328125,-4.2391357421875
0.4975,1.5665283203125,2.5675048828125,-4.1190185546875
0.498,0.7657470703125,3.1680908203125,-3.9989013671875
0.4985,-0.0750732421875,3.4884033203125,-3.3983154296875
0.499,-0.7557373046875,3.9688720703125,-3.2381591796875
0.4995,-1.8367919921875,4.1290283203125,-2.3572998046875
0.5,-2.3572998046875,4.2491455078125,-1.9969482421875
0.5005,-2.8377685546875,4.0889892578125,-1.3563232421875
0.501,-3.1981201171875,3.8087158203125,-0.7957763671875
0.5015,-3.5184326171875,3.3282470703125,-0.0350341796875
0.502,-3.8787841796875,2.8878173828125,0.7657470703125
0.5025,-3.9989013671875,1.9669189453125,1.7667236328125
0.503,-3.9989013671875,1.5665283203125,2.2471923828125
0.5035,-3.8787841796875,0.8057861328125,2.8477783203125
0.504,-3.4383544921875,0.0850830078125,3.1680908203125
0.5045,-3.2381591796875,-0.6356201171875,3.6885986328125
0.505,-2.5174560546875,-1.6365966796875,3.9688720703125
0.5055,-1.9569091796875,-2.3172607421875,4.1290283203125
0.506,-1.2362060546875,-2.8778076171875,3.8887939453125
0.5065,-0.4754638671875,-3.3582763671875,3.7686767578125
0.507,0.4053955078125,-3.7186279296875,3.2081298828125
0.5075,1.1260986328125,-4.1990966796875,3.0079345703125
0.508,2.2071533203125,-4.3192138671875,2.1270751953125
0.5085,2.6075439453125,-4.3592529296875,1.7667236328125
0.509,3.0880126953125,-4.1590576171875,1.1260986328125
0.5095,3.3682861328125,-3.7987060546875,0.4854736328125
0.51,3.7686767578125,-3.3582763671875,-0.2752685546875
0.5105,4.0089111328125,-2.7176513671875,-1.1561279296875
0.511,4.1690673828125,-1.9969482421875,-1.9969482421875
0.5115,4.0889892578125,-1.4764404296875,-2.4774169921875
0.512,3.9688720703125,-0.7156982421875,-3.0780029296875
0.5125,3.4884033203125,0.0050048828125,-3.3983154296875
0.513,3.2481689453125,0.6856689453125,-3.8787841796875
0.5135,2.4473876953125,1.7266845703125,-4.1190185546875
0.514,1.9669189453125,2.2872314453125,-4.3192138671875
0.5145,1.1260986328125,2.8477783203125,-3.9588623046875
0.515,0.4053955078125,3.3282470703125,-3.7586669921875
0.5155,-0.4754638671875,3.6885986328125,-3.2381591796875
0.516,-1.1961669921875,4.0489501953125,-2.9178466796875
0.5165,-2.1170654296875,4.2091064453125,-2.1971435546875
0.517,-2.5174560546875,4.1290283203125,-1.7967529296875
0.5175,-2.9979248046875,3.9688720703125,-1.1561279296875
0.518,-3.2381591796875,3.5284423828125,-0.4754638671875
0.5185,-3.7186279296875,3.2081298828125,0.2852783203125
0.519,-3.8787841796875,2.4073486328125,1.2862548828125
0.5195,-4.0789794921875,1.8468017578125,2.0469970703125
0.52,-3.8387451171875,1.1661376953125,2.4473876953125
0.5205,-3.7186279296875,0.4854736328125,3.0079345703125
0.521,-3.1981201171875,-0.3553466796875,3.3282470703125
0.5215,-2.9578857421875,-1.0360107421875,3.8087158203125
0.522,-2.1971435546875,-2.0770263671875,4.0089111328125
0.5225,-1.5965576171875,-2.5574951171875,4.0089111328125
0.523,-0.7957763671875,-3.0780029296875,3.7286376953125
0.5235,0.0050048828125,-3.5584716796875,3.4884033203125
0.524,0.8057861328125,-3.9188232421875,3.0479736328125
0.5245,1.6466064453125,-4.1590576171875,2.5274658203125
0.525,2.4874267578125,-4.3992919921875,1.9268798828125
0.5255,2.7276611328125,-4.1190185546875,1.4063720703125
0.526,3.2481689453125,-3.9989013671875,0.8458251953125
0.5265,3.4483642578125,-3.4383544921875,0.0450439453125
0.527,3.8887939453125,-3.1580810546875,-0.6356201171875
0.5275,3.9688720703125,-2.2371826171875,-1.5965576171875
0.528,4.1290283203125,-1.7967529296875,-2.2371826171875
0.5285,3.8487548828125,-1.0360107421875,-2.6375732421875
0.529,3.7286376953125,-0.5155029296875,-3.1580810546875
0.5295,3.2081298828125,0.3253173828125,-3.5584716796875
0.53,2.8477783203125,1.0059814453125,-3.9188232421875
0.5305,2.2071533203125,1.9669189453125,-4.1590576171875
0.531,1.5665283203125,2.4073486328125,-3.9188232421875
0.5315,0.8057861328125,3.0079345703125,-3.7987060546875
0.532,0.0050048828125,3.3282470703125,-3.3582763671875
0.5325,-0.6756591796875,3.7686767578125,-3.1180419921875
0.533,-1.5565185546875,3.9688720703125,-2.4774169921875
0.5335,-2.1170654296875,4.1290283203125,-2.0770263671875
0.534,-2.4373779296875,3.8087158203125,-1.5164794921875
0.5345,-2.9178466796875,3.8087158203125,-1.0360107421875
0.535,-3.1981201171875,3.2481689453125,-0.1551513671875
0.5355,-3.6785888671875,2.8878173828125,0.5655517578125
0.536,-3.8387451171875,2.0870361328125,1.5264892578125
0.5365,-3.8787841796875,1.6866455078125,1.9669189453125
0.537,-3.6785888671875,0.8858642578125,2.5274658203125
0.5375,-3.4783935546875,0.2852783203125,2.9678955078125
0.538,-3.1180419921875,-0.5955810546875,3.4083251953125
0.5385,-2.5975341796875,-1.3162841796875,3.7686767578125
0.539,-1.9969482421875,-2.1571044921875,4.0089111328125
0.5395,-1.2762451171875,-2.5574951171875,3.7286376953125
0.54,-0.5955810546875,-3.1981201171875,3.6885986328125
0.5405,0.3253173828125,-3.5584716796875,3.1680908203125
0.541,1.0460205078125,-3.9989013671875,2.9278564453125
0.5415,1.9268798828125,-4.1990966796875,2.2471923828125
0.542,2.4473876953125,-4.2791748046875,1.8468017578125
0.5425,2.8077392578125,-3.9188232421875,1.1661376953125
0.543,3.2481689453125,-3.7987060546875,0.6055908203125
0.5435,3.5284423828125,-3.1981201171875,-0.2752685546875
0.544,3.8487548828125,-2.7176513671875,-0.9959716796875
0.5445,4.0889892578125,-1.9569091796875,-1.9569091796875
0.545,3.8887939453125,-1.5164794921875,-2.3172607421875
0.5455,3.7686767578125,-0.7957763671875,-2.9178466796875
0.546,3.4083251953125,-0.0350341796875,-3.3582763671875
0.5465,3.0479736328125,0.7657470703125,-3.7186279296875
0.547,2.4073486328125,1.5665283203125,-3.9588623046875
0.5475,1.9268798828125,2.2471923828125,-4.1190185546875
0.548,1.0460205078125,2.6475830078125,-3.6785888671875
0.5485,0.4053955078125,3.2081298828125,-3.5985107421875
0.549,-0.4354248046875,3.5284423828125,-3.0780029296875
0.5495,-1.1561279296875,3.8487548828125,-2.7977294921875
0.55,-1.9969482421875,4.0489501953125,-2.1571044921875
0.5505,-2.3172607421875,3.8887939453125,-1.7166748046875
0.551,-2.7176513671875,3.6885986328125,-1.1561279296875
0.5515,-3.0780029296875,3.4483642578125,-0.5155029296875
0.552,-3.3983154296875,2.9278564453125,0.2852783203125
0.5525,-3.6385498046875,2.3673095703125,1.0860595703125
0.553,-3.8387451171875,1.7667236328125,1.8468017578125
0.5535,-3.5584716796875,1.1661376953125,2.1270751953125
0.554,-3.5584716796875,0.5655517578125,2.7276611328125
0.5545,-3.0780029296875,-0.1951904296875,3.1280517578125
0.555,-2.7977294921875,-0.8758544921875,3.5284423828125
0.5555,-2.1571044921875,-1.7166748046875,3.7686767578125
0.556,-1.6365966796875,-2.1971435546875,3.7686767578125
0.5565,-0.8358154296875,-2.6375732421875,3.4083251953125
0.557,-0.1951904296875,-3.1981201171875,3.3282470703125
0.5575,0.6055908203125,-3.5584716796875,2.8878173828125
0.558,1.2862548828125,-3.8787841796875,2.5675048828125
0.5585,1.9669189453125,-4.0389404296875,2.0469970703125
0.559,2.2071533203125,-3.8387451171875,1.6466064453125
0.5595,2.6876220703125,-3.7987060546875,1.1260986328125
0.56,3.0479736328125,-3.3582763671875,0.3653564453125
0.5605,3.4483642578125,-3.0379638671875,-0.3153076171875
0.561,3.6085205078125,-2.4373779296875,-1.1160888671875
0.5615,3.8087158203125,-2.0770263671875,-1.6766357421875
0.562,3.5284423828125,-1.3963623046875,-2.0770263671875
0.5625,3.6485595703125,-0.8358154296875,-2.6375732421875
0.563,3.1680908203125,0.0050048828125,-3.0780029296875
0.5635,2.9278564453125,0.6856689453125,-3.5584716796875
0.564,2.3673095703125,1.4864501953125,-3.7987060546875
0.5645,1.8468017578125,1.8468017578125,-3.7186279296875
0.565,1.1260986328125,2.4874267578125,-3.5584716796875
0.5655,0.3653564453125,2.9278564453125,-3.3582763671875
0.566,-0.3153076171875,3.3682861328125,-3.0780029296875
0.5665,-0.9959716796875,3.6885986328125,-2.6776123046875
0.567,-1.5965576171875,3.8487548828125,-2.3172607421875
0.5675,-1.8768310546875,3.6085205078125,-1.8367919921875
0.568,-2.4373779296875,3.6885986328125,-1.3563232421875
0.5685,-2.7977294921875,3.1680908203125,-0.5155029296875
0.569,-3.2781982421875,2.8477783203125,0.2052001953125
0.5695,-3.5184326171875,2.2071533203125,1.0460205078125
0.57,-3.5584716796875,1.8868408203125,1.4464111328125
0.5705,-3.3582763671875,1.1661376953125,2.0069580078125
0.571,-3.3582763671875,0.6055908203125,2.5675048828125
0.5715,-2.9578857421875,-0.2352294921875,3.0479736328125
0.572,-2.5975341796875,-0.9959716796875,3.3682861328125
0.5725,-2.0770263671875,-1.6766357421875,3.6485595703125
0.573,-1.4364013671875,-2.0770263671875,3.3682861328125
0.5735,-0.7957763671875,-2.7176513671875,3.4483642578125
0.574,0.0050048828125,-3.1580810546875,3.0479736328125
0.5745,0.7257080078125,-3.5584716796875,2.8077392578125
0.575,1.4864501953125,-3.7987060546875,2.2872314453125
0.5755,1.9268798828125,-3.8787841796875,1.9669189453125
0.576,2.2071533203125,-3.5985107421875,1.4063720703125
0.5765,2.6876220703125,-3.5985107421875,0.9659423828125
0.577,3.0479736328125,-3.0780029296875,0.0050048828125
0.5775,3.4083251953125,-2.7576904296875,-0.6356201171875
0.578,3.6085205078125,-2.1571044921875,-1.4364013671875
0.5785,3.5284423828125,-1.7166748046875,-1.7166748046875
0.579,3.4884033203125,-1.0360107421875,-2.3172607421875
0.5795,3.2481689453125,-0.3553466796875,-2.8377685546875
0.58,2.9678955078125,0.3653564453125,-3.2781982421875
0.5805,2.5274658203125,1.1260986328125,-3.5584716796875
0.581,2.0870361328125,1.6466064453125,-3.7186279296875
0.5815,1.3262939453125,2.0870361328125,-3.3983154296875
0.582,0.7257080078125,2.7276611328125,-3.4783935546875
0.5825,-0.0750732421875,3.0880126953125,-3.0379638671875
0.583,-0.6756591796875,3.4884033203125,-2.8377685546875
0.5835,-1.4364013671875,3.7286376953125,-2.3572998046875
0.584,-1.7166748046875,3.6485595703125,-1.9969482421875
0.5845,-2.1971435546875,3.5284423828125,-1.4764404296875
0.585,-2.6375732421875,3.3282470703125,-0.8358154296875
0.5855,-3.0379638671875,2.8477783203125,0.0050048828125
0.586,-3.3582763671875,2.4073486328125,0.6456298828125
0.5865,-3.5584716796875,1.9268798828125,1.4063720703125
0.587,-3.2781982421875,1.4063720703125,1.7266845703125
0.5875,-3.3983154296875,0.8458251953125,2.4073486328125
0.588,-3.0379638671875,0.0050048828125,2.8077392578125
0.5885,-2.7576904296875,-0.6356201171875,3.2481689453125
0.589,-2.2371826171875,-1.4364013671875,3.5284423828125
0.5895,-1.7166748046875,-1.9168701171875,3.4884033203125
0.59,-0.9559326171875,-2.4373779296875,3.2481689453125
0.5905,-0.3153076171875,-3.0379638671875,3.2081298828125
0.591,0.5255126953125,-3.3582763671875,2.7677001953125
0.5915,1.1260986328125,-3.7186279296875,2.5274658203125
0.592,1.8067626953125,-3.8787841796875,2.0870361328125
0.5925,2.0469970703125,-3.6785888671875,1.6466064453125
0.593,2.5675048828125,-3.7186279296875,1.1260986328125
0.5935,2.9278564453125,-3.2381591796875,0.3253173828125
0.594,3.3282470703125,-2.8778076171875,-0.4354248046875
0.5945,3.5284423828125,-2.2772216796875,-1.1561279296875
0.595,3.6885986328125,-1.8768310546875,-1.6766357421875
0.5955,3.3682861328125,-1.1961669921875,-2.0770263671875
0.596,3.4884033203125,-0.6356201171875,-2.7176513671875
0.5965,3.0079345703125,0.2052001953125,-3.0780029296875
0.597,2.7276611328125,0.8458251953125,-3.5584716796875
0.5975,2.1671142578125,1.5665283203125,-3.7186279296875
0.598,1.5665283203125,1.9669189453125,-3.5184326171875
0.5985,0.8458251953125,2.5274658203125,-3.3983154296875
0.599,0.1251220703125,3.0479736328125,-3.1981201171875
0.5995,-0.5955810546875,3.3282470703125,-2.8377685546875
0.6,-1.2362060546875,3.6885986328125,-2.4774169921875
0.6005,-1.7967529296875,3.7686767578125,-2.0770263671875
0.601,-1.9969482421875,3.4884033203125,-1.5565185546875
0.6015,-2.5975341796875,3.5284423828125,-1.0760498046875
0.602,-2.9178466796875,2.8477783203125,-0.1951904296875
0.6025,-3.3182373046875,2.6075439453125,0.5255126953125
0.603,-3.5184326171875,1.9669189453125,1.2862548828125
0.6035,-3.4783935546875,1.5665283203125,1.6866455078125
0.604,-3.2381591796875,0.8858642578125,2.2071533203125
0.6045,-3.1981201171875,0.2852783203125,2.7276611328125
0.605,-2.7176513671875,-0.5555419921875,3.1280517578125
0.6055,-2.3973388671875,-1.2362060546875,3.4483642578125
0.606,-1.8367919921875,-1.8768310546875,3.5684814453125
0.6065,-1.1160888671875,-2.2772216796875,3.2882080078125
0.607,-0.4754638671875,-2.8778076171875,3.3282470703125
0.6075,0.3653564453125,-3.2381591796875,2.8477783203125
0.608,1.0059814453125,-3.6385498046875,2.5675048828125
0.6085,1.6466064453125,-3.7987060546875,2.1270751953125
0.609,2.0069580078125,-3.8387451171875,1.7667236328125
0.6095,2.3272705078125,-3.5584716796875,1.2061767578125
0.61,2.8477783203125,-3.5184326171875,0.6055908203125
0.6105,3.1280517578125,-2.7576904296875,-0.1951904296875
0.611,3.4884033203125,-2.5174560546875,-0.8358154296875
0.6115,3.5684814453125,-1.9569091796875,-1.5565185546875
0.612,3.4483642578125,-1.4764404296875,-1.8768310546875
0.6125,3.4483642578125,-0.7957763671875,-2.5174560546875
0.613,3.1280517578125,-0.1151123046875,-2.8778076171875
0.6135,2.8077392578125,0.6055908203125,-3.2781982421875
0.614,2.4073486328125,1.2462158203125,-3.5584716796875
0.6145,1.8868408203125,1.7667236328125,-3.5985107421875
0.615,1.1260986328125,2.2471923828125,-3.3182373046875
0.6155,0.5255126953125,2.8477783203125,-3.3582763671875
0.616,-0.3153076171875,3.1280517578125,-2.8778076171875
0.6165,-0.8358154296875,3.5284423828125,-2.7176513671875
0.617,-1.4764404296875,3.6485595703125,-2.2772216796875
0.6175,-1.7967529296875,3.5284423828125,-1.9168701171875
0.618,-2.2772216796875,3.4083251953125,-1.3162841796875
0.6185,-2.7176513671875,3.1680908203125,-0.6356201171875
0.619,-3.0780029296875,2.6876220703125,0.1651611328125
0.6195,-3.3582763671875,2.2872314453125,0.8458251953125
0.62,-3.4783935546875,1.8468017578125,1.4464111328125
0.6205,-3.2381591796875,1.2462158203125,1.8067626953125
0.621,-3.3582763671875,0.6456298828125,2.5274658203125
0.6215,-2.8778076171875,-0.1551513671875,2.8878173828125
0.622,-2.6375732421875,-0.7957763671875,3.3282470703125
0.6225,-2.0770263671875,-1.5164794921875,3.4884033203125
0.623,-1.5565185546875,-1.9569091796875,3.4083251953125
0.6235,-0.7557373046875,-2.5174560546875,3.2081298828125
0.624,-0.1151123046875,-3.1180419921875,3.1680908203125
0.6245,0.7257080078125,-3.3983154296875,2.6075439453125
0.625,1.2862548828125,-3.7987060546875,2.4073486328125
0.6255,1.8868408203125,-3.8387451171875,1.9669189453125
0.626,2.0870361328125,-3.6385498046875,1.4864501953125
0.6265,2.6475830078125,-3.5584716796875,0.9659423828125
0.627,2.9678955078125,-3.0379638671875,0.1251220703125
0.6275,3.3282470703125,-2.6375732421875,-0.5555419921875
0.628,3.5284423828125,-2.1571044921875,-1.2762451171875
0.6285,3.5684814453125,-1.7567138671875,-1.6766357421875
0.629,3.3282470703125,-1.0760498046875,-2.1170654296875
0.6295,3.3682861328125,-0.5155029296875,-2.7576904296875
0.63,2.8477783203125,0.3253173828125,-3.0780029296875
0.6305,2.6075439453125,0.9659423828125,-3.4783935546875
0.631,2.0069580078125,1.5665283203125,-3.5584716796875
0.6315,1.4063720703125,2.0469970703125,-3.3582763671875
0.632,0.7257080078125,2.5675048828125,-3.3182373046875
0.6325,0.0050048828125,3.0479736328125,-3.0780029296875
0.633,-0.6756591796875,3.3282470703125,-2.7176513671875
0.6335,-1.2362060546875,3.5684814453125,-2.4373779296875
0.634,-1.7166748046875,3.6485595703125,-2.0369873046875
0.6345,-1.9969482421875,3.3682861328125,-1.4764404296875
0.635,-2.5975341796875,3.4483642578125,-0.9959716796875
0.6355,-2.8778076171875,2.7276611328125,0.0050048828125
0.636,-3.2781982421875,2.5274658203125,0.6055908203125
0.6365,-3.3983154296875,1.9268798828125,1.2862548828125
0.637,-3.3582763671875,1.5264892578125,1.6466064453125
0.6375,-3.1981201171875,0.8057861328125,2.2471923828125
0.638,-3.1180419921875,0.1651611328125,2.7276611328125
0.6385,-2.6375732421875,-0.6356201171875,3.1680908203125
0.639,-2.2772216796875,-1.2762451171875,3.4483642578125
0.6395,-1.7166748046875,-1.9168701171875,3.4884033203125
0.64,-0.9959716796875,-2.3172607421875,3.2081298828125
0.6405,-0.3153076171875,-2.9979248046875,3.2481689453125
0.641,0.5255126953125,-3.3582763671875,2.7677001953125
0.6415,1.1661376953125,-3.7186279296875,2.5274658203125
0.642,1.6866455078125,-3.8787841796875,2.0469970703125
0.6425,2.0870361328125,-3.7987060546875,1.6866455078125
0.643,2.4874267578125,-3.4783935546875,1.0860595703125
0.6435,3.0079345703125,-3.3582763671875,0.4454345703125
0.644,3.2481689453125,-2.6375732421875,-0.5155029296875
0.6445,3.5684814453125,-2.3973388671875,-1.1160888671875
0.645,3.6485595703125,-1.7567138671875,-1.7567138671875
0.6455,3.4483642578125,-1.2362060546875,-2.1170654296875
0.646,3.3682861328125,-0.5155029296875,-2.7576904296875
0.6465,3.0079345703125,0.2052001953125,-3.1580810546875
0.647,2.6075439453125,0.9659423828125,-3.5184326171875
0.6475,2.1270751953125,1.5665283203125,-3.6785888671875
0.648,1.5264892578125,2.1671142578125,-3.5985107421875
0.6485,0.7257080078125,2.5675048828125,-3.2781982421875
0.649,0.0850830078125,3.1680908203125,-3.2781982421875
0.6495,-0.7957763671875,3.4083251953125,-2.5975341796875
0.65,-1.3563232421875,3.6885986328125,-2.4373779296875
0.6505,-1.8768310546875,3.7286376953125,-1.9569091796875
0.651,-2.2371826171875,3.5684814453125,-1.4364013671875
0.6515,-2.6375732421875,3.3282470703125,-0.8358154296875
0.652,-3.0780029296875,2.9678955078125,-0.0350341796875
0.6525,-3.3182373046875,2.3272705078125,0.7657470703125
0.653,-3.5584716796875,1.9268798828125,1.3663330078125
0.6535,-3.5184326171875,1.4063720703125,1.9268798828125
0.654,-3.1981201171875,0.7257080078125,2.2872314453125
0.6545,-3.1981201171875,0.0850830078125,2.9278564453125
0.655,-2.6375732421875,-0.7557373046875,3.2081298828125
0.6555,-2.2772216796875,-1.4364013671875,3.5284423828125
0.656,-1.6365966796875,-1.9969482421875,3.5284423828125
0.6565,-0.9959716796875,-2.5174560546875,3.4083251953125
0.657,-0.2352294921875,-2.9578857421875,3.0880126953125
0.6575,0.4454345703125,-3.5184326171875,2.9678955078125
0.658,1.3262939453125,-3.7586669921875,2.2872314453125
0.6585,1.7667236328125,-3.8787841796875,2.0870361328125
0.659,2.2471923828125,-3.8387451171875,1.5665283203125
0.6595,2.5274658203125,-3.5584716796875,1.0860595703125
0.66,3.0479736328125,-3.3983154296875,0.4454345703125
0.6605,3.2882080078125,-2.7576904296875,-0.3953857421875
0.661,3.5684814453125,-2.3572998046875,-1.1160888671875
0.6615,3.6485595703125,-1.8367919921875,-1.6766357421875
0.662,3.6085205078125,-1.3162841796875,-2.1971435546875
0.6625,3.2882080078125,-0.6356201171875,-2.5975341796875
0.663,3.2481689453125,0.0050048828125,-3.1580810546875
0.6635,2.6075439453125,0.8858642578125,-3.3983154296875
0.664,2.3272705078125,1.4464111328125,-3.7186279296875
0.6645,1.6466064453125,2.0469970703125,-3.6385498046875
0.665,0.9659423828125,2.4073486328125,-3.4783935546875
0.6655,0.2452392578125,2.9278564453125,-3.2381591796875
0.666,-0.5155029296875,3.3282470703125,-2.9178466796875
0.6665,-1.2362060546875,3.6485595703125,-2.5174560546875
0.667,-1.6365966796875,3.6885986328125,-2.1571044921875
0.6675,-2.0770263671875,3.6885986328125,-1.7166748046875
0.668,-2.3973388671875,3.3282470703125,-1.1160888671875
0.6685,-2.9178466796875,3.2481689453125,-0.5155029296875
0.669,-3.1580810546875,2.5274658203125,0.4454345703125
0.6695,-3.4783935546875,2.2471923828125,1.0460205078125
0.67,-3.4383544921875,1.6065673828125,1.6065673828125
0.6705,-3.3582763671875,1.1260986328125,2.0469970703125
0.671,-3.1580810546875,0.3653564453125,2.5675048828125
0.6715,-2.9178466796875,-0.2752685546875,3.0479736328125
0.672,-2.4373779296875,-1.0760498046875,3.3682861328125
0.6725,-1.9969482421875,-1.5965576171875,3.5284423828125
0.673,-1.3563232421875,-2.2371826171875,3.4483642578125
0.6735,-0.6356201171875,-2.6375732421875,3.1680908203125
0.674,0.0050048828125,-3.2381591796875,3.0880126953125
0.6745,0.8858642578125,-3.5184326171875,2.5675048828125
0.675,1.4864501953125,-3.8387451171875,2.3272705078125
0.6755,1.8868408203125,-3.7586669921875,1.9268798828125
0.676,2.2471923828125,-3.7186279296875,1.4864501953125
0.6765,2.6075439453125,-3.3582763671875,0.7657470703125
0.677,3.1680908203125,-3.1981201171875,0.1251220703125
0.6775,3.3282470703125,-2.4774169921875,-0.7156982421875
0.678,3.6085205078125,-2.2371826171875,-1.2762451171875
0.6785,3.5684814453125,-1.5965576171875,-1.8768310546875
0.679,3.4483642578125,-1.0360107421875,-2.2772216796875
0.6795,3.3282470703125,-0.3153076171875,-2.8778076171875
0.68,2.9278564453125,0.4454345703125,-3.2781982421875
0.6805,2.5274658203125,1.2061767578125,-3.6785888671875
0.681,1.9669189453125,1.6866455078125,-3.6785888671875
0.6815,1.3262939453125,2.2471923828125,-3.6385498046875
0.682,0.5255126953125,2.6876220703125,-3.3182373046875
0.6825,-0.0750732421875,3.3282470703125,-3.2381591796875
0.683,-0.9959716796875,3.5284423828125,-2.5975341796875
0.6835,-1.5565185546875,3.8487548828125,-2.3572998046875
0.684,-1.9569091796875,3.7286376953125,-1.8367919921875
0.6845,-2.3973388671875,3.6085205078125,-1.3563232421875
0.685,-2.8377685546875,3.3282470703125,-0.6356201171875
0.6855,-3.2381591796875,2.8878173828125,0.2052001953125
0.686,-3.5184326171875,2.2471923828125,1.0860595703125
0.6865,-3.5985107421875,1.8067626953125,1.6065673828125
0.687,-3.5584716796875,1.1661376953125,2.1671142578125
0.6875,-3.2381591796875,0.4854736328125,2.5675048828125
0.688,-3.1180419921875,-0.1951904296875,3.1680908203125
0.6885,-2.5174560546875,-1.1160888671875,3.4483642578125
0.689,-2.0770263671875,-1.7967529296875,3.7286376953125
0.6895,-1.3162841796875,-2.3172607421875,3.5284423828125
0.69,-0.6756591796875,-2.9178466796875,3.4083251953125
0.6905,0.1251220703125,-3.2381591796875,3.0479736328125
0.691,0.8858642578125,-3.7186279296875,2.8077392578125
0.6915,1.7667236328125,-3.9188232421875,2.1671142578125
0.692,2.1671142578125,-3.9989013671875,1.8067626953125
0.6925,2.6075439453125,-3.8387451171875,1.2862548828125
0.693,2.9278564453125,-3.5584716796875,0.6456298828125
0.6935,3.3682861328125,-3.1981201171875,-0.0350341796875
0.694,3.6085205078125,-2.5574951171875,-0.9559326171875
0.6945,3.8487548828125,-1.9969482421875,-1.7166748046875
0.695,3.7286376953125,-1.4764404296875,-2.1170654296875
0.6955,3.6885986328125,-0.8358154296875,-2.7176513671875
0.696,3.2882080078125,-0.0750732421875,-3.0780029296875
0.6965,3.0880126953125,0.6055908203125,-3.5584716796875
0.697,2.3673095703125,1.5264892578125,-3.8387451171875
0.6975,1.9268798828125,2.0469970703125,-3.9989013671875
0.698,1.0860595703125,2.5274658203125,-3.7186279296875
0.6985,0.4053955078125,3.1280517578125,-3.5184326171875
0.699,-0.3553466796875,3.4884033203125,-3.1580810546875
0.6995,-1.1561279296875,3.8487548828125,-2.7176513671875
0.7,-1.9969482421875,4.0889892578125,-2.1571044921875
0.7005,-2.3172607421875,3.8887939453125,-1.6766357421875
0.701,-2.8778076171875,3.8487548828125,-1.1160888671875
0.7015,-3.1180419921875,3.3682861328125,-0.3953857421875
0.702,-3.5584716796875,3.0479736328125,0.3253173828125
0.7025,-3.7987060546875,2.2071533203125,1.3262939453125
0.703,-3.9588623046875,1.7266845703125,2.0469970703125
0.7035,-3.6385498046875,0.9659423828125,2.4874267578125
0.704,-3.5584716796875,0.3653564453125,3.0079345703125
0.7045,-3.0780029296875,-0.4754638671875,3.3682861328125
0.705,-2.7576904296875,-1.2362060546875,3.7686767578125
0.7055,-1.9969482421875,-2.1971435546875,4.0089111328125
0.706,-1.3563232421875,-2.7176513671875,3.8487548828125
0.7065,-0.5555419921875,-3.1981201171875,3.6885986328125
0.707,0.2452392578125,-3.5985107421875,3.2882080078125
0.7075,1.0860595703125,-3.9989013671875,2.8477783203125
0.708,1.9268798828125,-4.1990966796875,2.2471923828125
0.7085,2.7276611328125,-4.3992919921875,1.7266845703125
0.709,2.9278564453125,-3.9588623046875,1.0860595703125
0.7095,3.4483642578125,-3.9188232421875,0.5655517578125
0.71,3.6485595703125,-3.2381591796875,-0.2752685546875
0.7105,3.9688720703125,-2.8377685546875,-0.9959716796875
0.711,4.1290283203125,-1.9569091796875,-2.0369873046875
0.7115,4.1290283203125,-1.3963623046875,-2.5975341796875
0.712,3.7686767578125,-0.6356201171875,-3.0379638671875
0.7125,3.6485595703125,0.0050048828125,-3.4783935546875
0.713,3.0479736328125,0.7657470703125,-3.7987060546875
0.7135,2.5675048828125,1.5264892578125,-4.1190185546875
0.714,1.8868408203125,2.4073486328125,-4.3592529296875
0.7145,1.1260986328125,2.8477783203125,-3.9188232421875
0.715,0.3653564453125,3.3682861328125,-3.7586669921875
0.7155,-0.4754638671875,3.6885986328125,-3.2381591796875
0.716,-1.2362060546875,4.0489501953125,-2.8778076171875
0.7165,-2.0770263671875,4.1690673828125,-2.1971435546875
0.717,-2.7176513671875,4.2491455078125,-1.6365966796875
0.7175,-2.9578857421875,3.8087158203125,-0.9959716796875
0.718,-3.4383544921875,3.7686767578125,-0.4754638671875
0.7185,-3.6385498046875,3.0079345703125,0.4053955078125
0.719,-3.9588623046875,2.5675048828125,1.2061767578125
0.7195,-4.1190185546875,1.6466064453125,2.2071533203125
0.72,-3.9188232421875,1.1260986328125,2.6075439453125
0.7205,-3.5985107421875,0.3253173828125,3.0880126953125
0.721,-3.3582763671875,-0.3153076171875,3.4884033203125
0.7215,-2.8377685546875,-1.1561279296875,3.8087158203125
0.722,-2.2772216796875,-1.9569091796875,4.0089111328125
0.7225,-1.5965576171875,-2.7576904296875,4.2091064453125
0.723,-0.7156982421875,-3.0780029296875,3.6885986328125
0.7235,-0.0350341796875,-3.6785888671875,3.6485595703125
0.724,0.8858642578125,-3.9188232421875,3.0079345703125
0.7245,1.6065673828125,-4.2391357421875,2.6075439453125
0.725,2.5274658203125,-4.3592529296875,1.9268798828125
0.7255,2.9678955078125,-4.2791748046875,1.3663330078125
0.726,3.2081298828125,-3.8387451171875,0.6856689453125
0.7265,3.6485595703125,-3.6785888671875,0.1251220703125
0.727,3.8487548828125,-2.9178466796875,-0.7557373046875
0.7275,4.0889892578125,-2.4373779296875,-1.4764404296875
0.728,4.2091064453125,-1.6365966796875,-2.4373779296875
0.7285,3.8887939453125,-1.0360107421875,-2.7176513671875
0.729,3.7686767578125,-0.3553466796875,-3.2781982421875
0.7295,3.2882080078125,0.3653564453125,-3.5985107421875
0.73,2.8878173828125,1.1260986328125,-3.9989013671875
0.7305,2.2071533203125,2.0069580078125,-4.1590576171875
0.731,1.5665283203125,2.6876220703125,-4.1990966796875
0.7315,0.6856689453125,3.0079345703125,-3.6785888671875
0.732,0.0450439453125,3.5284423828125,-3.6385498046875
0.7325,-0.8358154296875,3.7686767578125,-2.9578857421875
0.733,-1.5164794921875,4.0889892578125,-2.6375732421875
0.7335,-2.3572998046875,4.2091064453125,-1.9569091796875
0.734,-2.6776123046875,3.9688720703125,-1.4364013671875
0.7345,-3.0780029296875,3.7686767578125,-0.7957763671875
0.735,-3.4783935546875,3.3682861328125,-0.1151123046875
0.7355,-3.7186279296875,2.7276611328125,0.7657470703125
0.736,-3.9188232421875,2.1671142578125,1.5264892578125
0.7365,-4.0389404296875,1.5264892578125,2.2872314453125
0.737,-3.5985107421875,0.7657470703125,2.6075439453125
0.7375,-3.5985107421875,0.1651611328125,3.2081298828125
0.738,-3.0379638671875,-0.6756591796875,3.4884033203125
0.7385,-2.6375732421875,-1.3963623046875,3.8487548828125
0.739,-1.9168701171875,-2.2772216796875,4.0489501953125
0.7395,-1.2762451171875,-2.7576904296875,3.8887939453125
0.74,-0.3953857421875,-3.1580810546875,3.5284423828125
0.7405,0.2852783203125,-3.7186279296875,3.3682861328125
0.741,1.2462158203125,-3.9188232421875,2.6876220703125
0.7415,1.8868408203125,-4.1990966796875,2.3673095703125
0.742,2.6075439453125,-4.3192138671875,1.7266845703125
0.7425,2.8477783203125,-3.8787841796875,1.1260986328125
0.743,3.3282470703125,-3.7987060546875,0.5655517578125
0.7435,3.5684814453125,-3.1981201171875,-0.2752685546875
0.744,3.8487548828125,-2.6776123046875,-1.0360107421875
0.7445,4.0089111328125,-2.0369873046875,-1.8768310546875
0.745,4.0089111328125,-1.4764404296875,-2.4774169921875
0.7455,3.6085205078125,-0.7156982421875,-2.7977294921875
0.746,3.6085205078125,-0.1951904296875,-3.3983154296875
0.7465,2.9678955078125,0.7257080078125,-3.5985107421875
0.747,2.6075439453125,1.4464111328125,-3.9588623046875
0.7475,1.9268798828125,2.2471923828125,-4.1190185546875
0.748,1.1661376953125,2.6475830078125,-3.8387451171875
0.7485,0.4053955078125,3.1280517578125,-3.5584716796875
0.749,-0.3153076171875,3.5684814453125,-3.2781982421875
0.7495,-1.1561279296875,3.8487548828125,-2.7176513671875
0.75,-1.7967529296875,4.0089111328125,-2.3172607421875
0.7505,-2.3973388671875,4.1290283203125,-1.7967529296875
0.751,-2.5975341796875,3.6485595703125,-1.1561279296875
0.7515,-3.1981201171875,3.6885986328125,-0.6356201171875
0.752,-3.3983154296875,2.9278564453125,0.2852783203125
0.7525,-3.7987060546875,2.5274658203125,1.0059814453125
0.753,-3.8787841796875,1.7667236328125,1.9268798828125
0.7535,-3.7987060546875,1.2462158203125,2.3272705078125
0.754,-3.4783935546875,0.4854736328125,2.7276611328125
0.7545,-3.3582763671875,-0.1151123046875,3.3282470703125
0.755,-2.7576904296875,-1.0360107421875,3.6085205078125
0.7555,-2.3172607421875,-1.7166748046875,3.8887939453125
0.756,-1.6365966796875,-2.4774169921875,3.9688720703125
0.7565,-0.7957763671875,-2.9178466796875,3.5684814453125
0.757,-0.0750732421875,-3.4783935546875,3.4884033203125
0.7575,0.8858642578125,-3.8387451171875,2.9278564453125
0.758,1.6065673828125,-4.1190185546875,2.5274658203125
0.7585,2.2471923828125,-4.1990966796875,2.0069580078125
0.759,2.7677001953125,-4.1990966796875,1.4464111328125
0.7595,3.0079345703125,-3.7186279296875,0.7657470703125
0.76,3.5284423828125,-3.6785888671875,0.1651611328125
0.7605,3.6885986328125,-2.7576904296875,-0.8358154296875
0.761,3.9688720703125,-2.4373779296875,-1.4764404296875
0.7615,4.0489501953125,-1.6766357421875,-2.3172607421875
0.762,3.7686767578125,-1.0360107421875,-2.6776123046875
0.7625,3.5284423828125,-0.3153076171875,-3.1580810546875
0.763,3.2081298828125,0.4454345703125,-3.5584716796875
0.7635,2.6075439453125,1.2862548828125,-3.8387451171875
0.764,2.1270751953125,1.9268798828125,-3.9989013671875
0.7645,1.4464111328125,2.5675048828125,-3.9989013671875
0.765,0.6055908203125,2.8477783203125,-3.4783935546875
0.7655,0.0050048828125,3.4884033203125,-3.4783935546875
0.766,-0.9959716796875,3.6885986328125,-2.7176513671875
0.7665,-1.5565185546875,3.9288330078125,-2.4774169921875
0.767,-2.1170654296875,3.9688720703125,-1.9569091796875
0.7675,-2.4774169921875,3.8087158203125,-1.4364013671875
0.768,-2.7977294921875,3.4483642578125,-0.7957763671875
0.7685,-3.2381591796875,3.2081298828125,-0.1551513671875
0.769,-3.4383544921875,2.4473876953125,0.7657470703125
0.7695,-3.7186279296875,2.0870361328125,1.3262939453125
0.77,-3.7186279296875,1.4464111328125,1.9669189453125
0.7705,-3.3582763671875,0.8858642578125,2.3272705078125
0.771,-3.3582763671875,0.2452392578125,2.9278564453125
0.7715,-2.8778076171875,-0.5155029296875,3.2081298828125
0.772,-2.5174560546875,-1.2362060546875,3.5684814453125
0.7725,-1.9168701171875,-1.8768310546875,3.6485595703125
0.773,-1.3162841796875,-2.3572998046875,3.5684814453125
0.7735,-0.5555419921875,-2.7977294921875,3.2481689453125
0.774,0.0850830078125,-3.3983154296875,3.2481689453125
0.7745,0.9659423828125,-3.5985107421875,2.6075439453125
0.775,1.4864501953125,-3.9188232421875,2.4073486328125
0.7755,2.0469970703125,-3.9588623046875,1.9268798828125
0.776,2.3272705078125,-3.7186279296875,1.4063720703125
0.7765,2.8477783203125,-3.5985107421875,0.8057861328125
0.777,3.1680908203125,-3.1981201171875,0.0450439453125
0.7775,3.4884033203125,-2.7176513671875,-0.6756591796875
0.778,3.6885986328125,-2.2772216796875,-1.3563232421875
0.7785,3.7686767578125,-1.7567138671875,-1.8768310546875
0.779,3.4884033203125,-1.0760498046875,-2.2772216796875
0.7795,3.5284423828125,-0.4754638671875,-2.9578857421875
0.78,2.9678955078125,0.3653564453125,-3.2781982421875
0.7805,2.7276611328125,1.0059814453125,-3.7186279296875
0.781,2.0870361328125,1.6866455078125,-3.7586669921875
0.7815,1.4464111328125,2.1671142578125,-3.5985107421875
0.782,0.6856689453125,2.6876220703125,-3.3983154296875
0.7825,0.0050048828125,3.2081298828125,-3.2381591796875
0.783,-0.7957763671875,3.5284423828125,-2.7576904296875
0.7835,-1.3162841796875,3.8087158203125,-2.5574951171875
0.784,-1.8768310546875,3.8087158203125,-2.0770263671875
0.7845,-2.1571044921875,3.5284423828125,-1.4764404296875
0.785,-2.7977294921875,3.5284423828125,-0.9158935546875
0.7855,-3.0780029296875,2.8077392578125,0.0050048828125
0.786,-3.4783935546875,2.5274658203125,0.6856689453125
0.7865,-3.5584716796875,1.9268798828125,1.4063720703125
0.787,-3.5184326171875,1.4464111328125,1.8868408203125
0.7875,-3.2381591796875,0.6856689453125,2.3272705078125
0.788,-3.1981201171875,0.0450439453125,2.9278564453125
0.7885,-2.6375732421875,-0.7957763671875,3.2481689453125
0.789,-2.3172607421875,-1.3963623046875,3.5684814453125
0.7895,-1.6365966796875,-2.0369873046875,3.5684814453125
0.79,-0.9158935546875,-2.4774169921875,3.3282470703125
0.7905,-0.1951904296875,-3.0780029296875,3.2081298828125
0.791,0.6055908203125,-3.4383544921875,2.8077392578125
0.7915,1.2862548828125,-3.7987060546875,2.4473876953125
0.792,1.7667236328125,-3.8387451171875,2.0469970703125
0.7925,2.2071533203125,-3.8387451171875,1.6466064453125
0.793,2.4874267578125,-3.4783935546875,1.0059814453125
0.7935,3.0479736328125,-3.4383544921875,0.4053955078125
0.794,3.2081298828125,-2.6776123046875,-0.5155029296875
0.7945,3.5684814453125,-2.3973388671875,-1.0360107421875
0.795,3.5684814453125,-1.7967529296875,-1.6766357421875
0.7955,3.4884033203125,-1.3162841796875,-2.0770263671875
0.796,3.3282470703125,-0.5955810546875,-2.6375732421875
0.7965,3.0880126953125,0.0450439453125,-3.0780029296875
0.797,2.6876220703125,0.8458251953125,-3.4383544921875
0.7975,2.2471923828125,1.4063720703125,-3.5985107421875
0.798,1.6466064453125,1.9669189453125,-3.5985107421875
0.7985,0.9259033203125,2.4073486328125,-3.2781982421875
0.799,0.2852783203125,3.0479736328125,-3.3582763671875
0.7995,-0.5155029296875,3.2481689453125,-2.7576904296875
0.8,-1.0360107421875,3.6485595703125,-2.6375732421875
0.8005,-1.5965576171875,3.6485595703125,-2.1571044921875
0.801,-1.9168701171875,3.5684814453125,-1.7967529296875
0.8015,-2.3572998046875,3.3282470703125,-1.1561279296875
0.802,-2.8778076171875,3.1280517578125,-0.4754638671875
0.8025,-3.1580810546875,2.5274658203125,0.3653564453125
0.803,-3.4383544921875,2.2872314453125,0.9659423828125
0.8035,-3.4783935546875,1.6866455078125,1.5665283203125
0.804,-3.2781982421875,1.1260986328125,1.9268798828125
0.8045,-3.2781982421875,0.4454345703125,2.6075439453125
0.805,-2.8377685546875,-0.3553466796875,2.9678955078125
0.8055,-2.5574951171875,-1.0360107421875,3.4083251953125
0.806,-1.9569091796875,-1.6365966796875,3.4483642578125
0.8065,-1.3563232421875,-2.1571044921875,3.4483642578125
0.807,-0.5955810546875,-2.6375732421875,3.1680908203125
0.8075,0.0050048828125,-3.2381591796875,3.1680908203125
0.808,0.9259033203125,-3.5584716796875,2.5274658203125
0.8085,1.4063720703125,-3.8387451171875,2.4073486328125
0.809,1.9268798828125,-3.8387451171875,1.8868408203125
0.8095,2.2471923828125,-3.6785888671875,1.4063720703125
0.81,2.7677001953125,-3.5184326171875,0.6856689453125
0.8105,3.1280517578125,-2.9578857421875,-0.0350341796875
0.811,3.4483642578125,-2.5174560546875,-0.7957763671875
0.8115,3.5684814453125,-2.0770263671875,-1.3563232421875
0.812,3.6085205078125,-1.5565185546875,-1.9168701171875
0.8125,3.3282470703125,-0.8758544921875,-2.3572998046875
0.813,3.3282470703125,-0.1951904296875,-2.9979248046875
0.8135,2.7276611328125,0.6055908203125,-3.2781982421875
0.814,2.4874267578125,1.2862548828125,-3.6785888671875
0.8145,1.7667236328125,1.8468017578125,-3.5985107421875
0.815,1.1260986328125,2.3272705078125,-3.4383544921875
0.8155,0.4053955078125,2.8077392578125,-3.2381591796875
0.816,-0.3153076171875,3.2481689453125,-2.9979248046875
0.8165,-1.0360107421875,3.5284423828125,-2.5174560546875
0.817,-1.4764404296875,3.6485595703125,-2.2772216796875
0.8175,-1.9569091796875,3.6485595703125,-1.7967529296875
0.818,-2.2772216796875,3.3282470703125,-1.2362060546875
0.8185,-2.8778076171875,3.2882080078125,-0.5955810546875
0.819,-3.1180419921875,2.5675048828125,0.3253173828125
0.8195,-3.4383544921875,2.2471923828125,0.9659423828125
0.82,-3.3983154296875,1.6866455078125,1.5264892578125
0.8205,-3.3582763671875,1.2061767578125,1.9669189453125
0.821,-3.1580810546875,0.4854736328125,2.4874267578125
0.8215,-2.9578857421875,-0.1951904296875,3.0079345703125
0.822,-2.4373779296875,-0.9959716796875,3.2882080078125
0.8225,-2.0369873046875,-1.5565185546875,3.5284423828125
0.823,-1.3963623046875,-2.1170654296875,3.4483642578125
0.8235,-0.6756591796875,-2.5975341796875,3.1680908203125
0.824,0.0050048828125,-3.1580810546875,3.0479736328125
0.8245,0.8057861328125,-3.4783935546875,2.6075439453125
0.825,1.4464111328125,-3.7987060546875,2.2872314453125
0.8255,1.8468017578125,-3.7987060546875,1.9268798828125
0.826,2.2471923828125,-3.7987060546875,1.5264892578125
0.8265,2.5675048828125,-3.3582763671875,0.8458251953125
0.827,3.0880126953125,-3.2381591796875,0.2052001953125
0.8275,3.2481689453125,-2.4774169921875,-0.6356201171875
0.828,3.5684814453125,-2.2772216796875,-1.1561279296875
0.8285,3.4884033203125,-1.6365966796875,-1.7567138671875
0.829,3.4483642578125,-1.1961669921875,-2.1571044921875
0.8295,3.2481689453125,-0.4354248046875,-2.7176513671875
0.83,2.9678955078125,0.2452392578125,-3.1580810546875
0.8305,2.5675048828125,0.9659423828125,-3.4783935546875
0.831,2.0870361328125,1.5264892578125,-3.5584716796875
0.8315,1.4864501953125,2.0469970703125,-3.5584716796875
0.832,0.7257080078125,2.5274658203125,-3.2381591796875
0.8325,0.1251220703125,3.0880126953125,-3.2381591796875
0.833,-0.7156982421875,3.2882080078125,-2.6375732421875
0.8335,-1.1961669921875,3.6485595703125,-2.5174560546875
0.834,-1.6365966796875,3.5284423828125,-2.0770263671875
0.8345,-1.9969482421875,3.5284423828125,-1.6365966796875
0.835,-2.4774169921875,3.2481689453125,-0.9559326171875
0.8355,-2.9178466796875,2.9678955078125,-0.1951904296875
0.836,-3.1981201171875,2.4073486328125,0.6055908203125
0.8365,-3.3983154296875,2.1270751953125,1.1260986328125
0.837,-3.3983154296875,1.5264892578125,1.6866455078125
0.8375,-3.1981201171875,0.9259033203125,2.1270751953125
0.838,-3.1580810546875,0.2052001953125,2.7276611328125
0.8385,-2.6776123046875,-0.5955810546875,3.0880126953125
0.839,-2.3572998046875,-1.2362060546875,3.4483642578125
0.8395,-1.7166748046875,-1.7567138671875,3.3682861328125
0.84,-1.1561279296875,-2.3172607421875,3.3682861328125
0.8405,-0.3553466796875,-2.7977294921875,3.0479736328125
0.841,0.2852783203125,-3.3582763671875,2.9278564453125
0.8415,1.1260986328125,-3.6385498046875,2.3673095703125
0.842,1.5264892578125,-3.8387451171875,2.2071533203125
0.8425,1.9669189453125,-3.7186279296875,1.7266845703125
0.843,2.3272705078125,-3.5184326171875,1.2462158203125
0.8435,2.8477783203125,-3.2781982421875,0.4854736328125
0.844,3.1280517578125,-2.7576904296875,-0.2752685546875
0.8445,3.4483642578125,-2.3572998046875,-0.9559326171875
0.845,3.4884033203125,-1.9168701171875,-1.4364013671875
0.8455,3.4884033203125,-1.4364013671875,-1.9569091796875
0.846,3.2081298828125,-0.7156982421875,-2.4373779296875
0.8465,3.1680908203125,-0.0750732421875,-2.9578857421875
0.847,2.6075439453125,0.7657470703125,-3.2781982421875
0.8475,2.3673095703125,1.2862548828125,-3.5584716796875
0.848,1.6065673828125,1.8067626953125,-3.3983154296875
0.8485,1.0460205078125,2.2872314453125,-3.3582763671875
0.849,0.3253173828125,2.8077392578125,-3.1580810546875
0.8495,-0.3153076171875,3.2081298828125,-2.8778076171875
0.85,-1.0760498046875,3.4884033203125,-2.5574951171875
0.8505,-1.4364013671875,3.5684814453125,-2.2371826171875
0.851,-1.9168701171875,3.6085205078125,-1.7967529296875
0.8515,-2.2772216796875,3.3282470703125,-1.1961669921875
0.852,-2.8377685546875,3.1680908203125,-0.5155029296875
0.8525,-3.0780029296875,2.4874267578125,0.3653564453125
0.853,-3.3983154296875,2.2471923828125,0.9659423828125
0.8535,-3.2781982421875,1.6466064453125,1.4464111328125
0.854,-3.3582763671875,1.2462158203125,1.9669189453125
0.8545,-3.1180419921875,0.4053955078125,2.5274658203125
0.855,-2.9178466796875,-0.2752685546875,3.0079345703125
0.8555,-2.4373779296875,-1.0760498046875,3.3682861328125
0.856,-1.9969482421875,-1.5965576171875,3.4884033203125
0.8565,-1.3162841796875,-2.2371826171875,3.3682861328125
0.857,-0.5955810546875,-2.7576904296875,3.1680908203125
0.8575,0.1251220703125,-3.2781982421875,3.0479736328125
0.858,0.9659423828125,-3.5985107421875,2.5274658203125
0.8585,1.5665283203125,-3.8787841796875,2.2471923828125
0.859,1.9268798828125,-3.7186279296875,1.8468017578125
0.8595,2.4073486328125,-3.7586669921875,1.4063720703125
0.86,2.7677001953125,-3.3182373046875,0.6055908203125
0.8605,3.2481689453125,-3.0780029296875,-0.0350341796875
0.861,3.4483642578125,-2.3572998046875,-0.9959716796875
0.8615,3.6885986328125,-2.0770263671875,-1.4764404296875
0.862,3.5284423828125,-1.3563232421875,-1.9969482421875
0.8625,3.4483642578125,-0.8358154296875,-2.5174560546875
0.863,3.1680908203125,-0.0350341796875,-2.9979248046875
0.8635,2.8077392578125,0.6856689453125,-3.3582763671875
0.864,2.3272705078125,1.4464111328125,-3.7186279296875
0.8645,1.7266845703125,1.9268798828125,-3.5584716796875
0.865,1.0460205078125,2.4473876953125,-3.5584716796875
0.8655,0.2852783203125,2.8477783203125,-3.1981201171875
0.866,-0.3553466796875,3.3282470703125,-3.0780029296875
0.8665,-1.2362060546875,3.5684814453125,-2.4373779296875
0.867,-1.7166748046875,3.7686767578125,-2.1170654296875
0.8675,-2.0770263671875,3.5284423828125,-1.5965576171875
0.868,-2.4774169921875,3.5284423828125,-1.1561279296875
0.8685,-2.8377685546875,3.0479736328125,-0.3953857421875
0.869,-3.2381591796875,2.6876220703125,0.3253173828125
0.8695,-3.4783935546875,2.0469970703125,1.2462158203125
0.87,-3.4783935546875,1.6466064453125,1.6466064453125
0.8705,-3.3582763671875,0.9659423828125,2.2071533203125
0.871,-3.1580810546875,0.3253173828125,2.6075439453125
0.8715,-2.9178466796875,-0.3553466796875,3.1280517578125
0.872,-2.3973388671875,-1.1561279296875,3.3682861328125
0.8725,-1.9569091796875,-1.7967529296875,3.6085205078125
0.873,-1.2762451171875,-2.2371826171875,3.3282470703125
0.8735,-0.6356201171875,-2.7977294921875,3.3282470703125
0.874,0.1251220703125,-3.1981201171875,2.8878173828125
0.8745,0.8458251953125,-3.5985107421875,2.7276611328125
0.875,1.6466064453125,-3.8387451171875,2.1671142578125
0.8755,2.0469970703125,-3.8387451171875,1.8868408203125
0.876,2.3673095703125,-3.6785888671875,1.3262939453125
0.8765,2.7276611328125,-3.4783935546875,0.7657470703125
0.877,3.1680908203125,-3.0780029296875,0.0050048828125
0.8775,3.4083251953125,-2.5574951171875,-0.7156982421875
0.878,3.6885986328125,-2.0770263671875,-1.4764404296875
0.8785,3.5284423828125,-1.5965576171875,-1.8367919921875
0.879,3.5284423828125,-1.0360107421875,-2.3973388671875
0.8795,3.2081298828125,-0.2752685546875,-2.8377685546875
0.88,3.0079345703125,0.4053955078125,-3.3182373046875
0.8805,2.4473876953125,1.2462158203125,-3.5985107421875
0.881,2.0069580078125,1.7266845703125,-3.7186279296875
0.8815,1.2862548828125,2.2071533203125,-3.4783935546875
0.882,0.6055908203125,2.6876220703125,-3.3983154296875
0.8825,-0.1151123046875,3.1280517578125,-3.0379638671875
0.883,-0.7957763671875,3.4884033203125,-2.7176513671875
0.8835,-1.5565185546875,3.7686767578125,-2.3172607421875
0.884,-1.8367919921875,3.6085205078125,-1.9168701171875
0.8845,-2.3172607421875,3.6485595703125,-1.4364013671875
0.885,-2.6375732421875,3.2481689453125,-0.7156982421875
0.8855,-3.0780029296875,2.9278564453125,0.0050048828125
0.886,-3.3582763671875,2.2471923828125,0.8057861328125
0.8865,-3.5584716796875,1.9268798828125,1.4063720703125
0.887,-3.3182373046875,1.2862548828125,1.8468017578125
0.8875,-3.3582763671875,0.8057861328125,2.3673095703125
0.888,-2.9979248046875,0.0050048828125,2.8077392578125
0.8885,-2.7176513671875,-0.6756591796875,3.2081298828125
0.889,-2.2371826171875,-1.5565185546875,3.5284423828125
0.8895,-1.6365966796875,-1.9569091796875,3.4483642578125
0.89,-0.9959716796875,-2.5174560546875,3.3282470703125
0.8905,-0.1951904296875,-2.9578857421875,3.1280517578125
0.891,0.4854736328125,-3.3983154296875,2.8477783203125
0.8915,1.2462158203125,-3.7186279296875,2.4073486328125
0.892,1.8468017578125,-3.9188232421875,2.0469970703125
0.8925,2.0469970703125,-3.6785888671875,1.5665283203125
0.893,2.6075439453125,-3.7186279296875,1.1661376953125
0.8935,2.8878173828125,-3.1981201171875,0.3253173828125
0.894,3.3282470703125,-2.8778076171875,-0.3153076171875
0.8945,3.5284423828125,-2.2371826171875,-1.1961669921875
0.895,3.6485595703125,-1.9168701171875,-1.6365966796875
0.8955,3.4884033203125,-1.1961669921875,-2.1571044921875
0.896,3.4483642578125,-0.6356201171875,-2.6776123046875
0.8965,3.0479736328125,0.1651611328125,-3.1580810546875
0.897,2.7276611328125,0.8858642578125,-3.5584716796875
0.8975,2.2471923828125,1.5665283203125,-3.8387451171875
0.898,1.5264892578125,1.9669189453125,-3.5584716796875
0.8985,0.8858642578125,2.6876220703125,-3.5584716796875
0.899,0.0450439453125,3.0880126953125,-3.1981201171875
0.8995,-0.5955810546875,3.4884033203125,-2.9578857421875
0.9,-1.3563232421875,3.7686767578125,-2.4373779296875
0.9005,-1.8768310546875,3.8487548828125,-2.0369873046875
0.901,-2.1971435546875,3.5684814453125,-1.4764404296875
0.9015,-2.7176513671875,3.5284423828125,-0.9959716796875
0.902,-3.0379638671875,2.9678955078125,-0.0750732421875
0.9025,-3.4383544921875,2.6075439453125,0.6456298828125
0.903,-3.6785888671875,1.9268798828125,1.5264892578125
0.9035,-3.5584716796875,1.4063720703125,1.9268798828125
0.904,-3.4383544921875,0.7657470703125,2.4874267578125
0.9045,-3.1981201171875,0.0450439453125,2.9278564453125
0.905,-2.8377685546875,-0.7156982421875,3.3282470703125
0.9055,-2.2772216796875,-1.5164794921875,3.6085205078125
0.906,-1.7166748046875,-2.1971435546875,3.7286376953125
0.9065,-0.9158935546875,-2.5574951171875,3.3682861328125
0.907,-0.2752685546875,-3.1981201171875,3.3682861328125
0.9075,0.6055908203125,-3.5184326171875,2.8477783203125
0.908,1.2862548828125,-3.8787841796875,2.5274658203125
0.9085,2.0870361328125,-4.0389404296875,1.9268798828125
0.909,2.4473876953125,-3.9188232421875,1.5264892578125
0.9095,2.8077392578125,-3.6785888671875,0.9259033203125
0.91,3.2081298828125,-3.4383544921875,0.2852783203125
0.9105,3.4884033203125,-2.8377685546875,-0.5555419921875
0.911,3.7686767578125,-2.3572998046875,-1.2762451171875
0.9115,3.9288330078125,-1.6766357421875,-2.1170654296875
0.912,3.6085205078125,-1.0760498046875,-2.4373779296875
0.9125,3.6485595703125,-0.4754638671875,-3.0379638671875
0.913,3.1280517578125,0.2852783203125,-3.3983154296875
0.9135,2.7276611328125,1.0460205078125,-3.7987060546875
0.914,2.1270751953125,1.9268798828125,-4.0389404296875
0.9145,1.4864501953125,2.4874267578125,-3.9588623046875
0.915,0.6456298828125,2.8878173828125,-3.5584716796875
0.9155,0.0050048828125,3.4884033203125,-3.4783935546875
0.916,-0.9959716796875,3.7686767578125,-2.8377685546875
0.9165,-1.5965576171875,4.0089111328125,-2.5174560546875
0.917,-2.3973388671875,4.1290283203125,-1.8768310546875
0.9175,-2.7176513671875,3.8487548828125,-1.2762451171875
0.918,-3.1580810546875,3.6885986328125,-0.7156982421875
0.9185,-3.5184326171875,3.1680908203125,0.1251220703125
0.919,-3.7987060546875,2.5274658203125,1.0460205078125
0.9195,-3.9188232421875,1.9268798828125,1.8468017578125
0.92,-3.9989013671875,1.2862548828125,2.5274658203125
0.9205,-3.5184326171875,0.4854736328125,2.8477783203125
0.921,-3.5184326171875,-0.1151123046875,3.4083251953125
0.9215,-2.7576904296875,-1.1160888671875,3.6885986328125
0.922,-2.3572998046875,-1.8367919921875,3.9688720703125
0.9225,-1.5965576171875,-2.6375732421875,4.0889892578125
0.923,-0.7957763671875,-3.0780029296875,3.8487548828125
0.9235,0.0050048828125,-3.5184326171875,3.4483642578125
0.924,0.8458251953125,-4.0389404296875,3.1680908203125
0.9245,1.8468017578125,-4.1990966796875,2.3673095703125
0.925,2.4073486328125,-4.3592529296875,1.9669189453125
0.9255,3.0880126953125,-4.3592529296875,1.3262939453125
0.926,3.2481689453125,-3.8387451171875,0.6055908203125
0.9265,3.7286376953125,-3.7186279296875,0.0850830078125
0.927,3.9688720703125,-2.8778076171875,-0.9559326171875
0.9275,4.1290283203125,-2.3172607421875,-1.6766357421875
0.928,4.1290283203125,-1.5965576171875,-2.4373779296875
0.9285,4.0889892578125,-0.9959716796875,-2.9979248046875
0.929,3.5684814453125,-0.1951904296875,-3.2781982421875
0.9295,3.4884033203125,0.4053955078125,-3.8387451171875
0.93,2.6075439453125,1.4063720703125,-4.0789794921875
0.9305,2.2071533203125,2.0469970703125,-4.2391357421875
0.931,1.4063720703125,2.8477783203125,-4.2391357421875
0.9315,0.6055908203125,3.2081298828125,-3.7987060546875
0.932,-0.1551513671875,3.6485595703125,-3.5584716796875
0.9325,-1.0360107421875,4.0089111328125,-3.0379638671875
0.933,-1.9168701171875,4.1690673828125,-2.3973388671875
0.9335,-2.4373779296875,4.2091064453125,-1.9569091796875
0.934,-2.9979248046875,4.1690673828125,-1.3162841796875
0.9345,-3.1580810546875,3.6085205078125,-0.6356201171875
0.935,-3.7186279296875,3.5284423828125,0.0050048828125
0.9355,-3.8387451171875,2.5675048828125,1.0460205078125
0.936,-4.0789794921875,2.1671142578125,1.7266845703125
0.9365,-4.0389404296875,1.3663330078125,2.4874267578125
0.937,-3.8387451171875,0.6856689453125,2.8477783203125
0.9375,-3.3983154296875,-0.0350341796875,3.2481689453125
0.938,-3.1981201171875,-0.7957763671875,3.7286376953125
0.9385,-2.3973388671875,-1.7567138671875,3.9688720703125
0.939,-1.9168701171875,-2.3172607421875,4.0489501953125
0.9395,-1.1561279296875,-3.0379638671875,4.0889892578125
0.94,-0.2752685546875,-3.3582763671875,3.5284423828125
0.9405,0.4454345703125,-3.8787841796875,3.4083251953125
0.941,1.4464111328125,-4.1590576171875,2.6876220703125
0.9415,2.1671142578125,-4.3592529296875,2.2071533203125
0.942,2.6876220703125,-4.3192138671875,1.6466064453125
0.9425,3.1680908203125,-4.1590576171875,1.0860595703125
0.943,3.3682861328125,-3.6385498046875,0.3653564453125
0.9435,3.8487548828125,-3.4783935546875,-0.2752685546875
0.944,3.9688720703125,-2.4373779296875,-1.3563232421875
0.9445,4.1290283203125,-2.0770263671875,-1.9569091796875
0.945,4.1290283203125,-1.3563232421875,-2.6776123046875
0.9455,3.7686767578125,-0.6356201171875,-2.9979248046875
0.946,3.5284423828125,0.0050048828125,-3.5584716796875
0.9465,3.0479736328125,0.8858642578125,-3.8787841796875
0.947,2.4073486328125,1.7667236328125,-4.1590576171875
0.9475,1.8868408203125,2.2872314453125,-4.1590576171875
0.948,1.1260986328125,2.9678955078125,-4.0389404296875
0.9485,0.2452392578125,3.2481689453125,-3.5584716796875
0.949,-0.3953857421875,3.8487548828125,-3.4783935546875
0.9495,-1.4764404296875,4.0089111328125,-2.5975341796875
0.95,-2.0369873046875,4.2091064453125,-2.2772216796875
0.9505,-2.5574951171875,4.1290283203125,-1.6365966796875
0.951,-2.9578857421875,3.8887939453125,-1.0760498046875
0.9515,-3.2781982421875,3.4884033203125,-0.3553466796875
0.952,-3.7186279296875,3.1280517578125,0.3653564453125
0.9525,-3.8787841796875,2.2471923828125,1.4063720703125
0.953,-3.9989013671875,1.8468017578125,1.9268798828125
0.9535,-3.9188232421875,1.0860595703125,2.6075439453125
0.954,-3.5184326171875,0.3253173828125,2.8878173828125
0.9545,-3.3983154296875,-0.3153076171875,3.5284423828125
0.955,-2.6776123046875,-1.2762451171875,3.8087158203125
0.9555,-2.1971435546875,-1.9969482421875,4.0489501953125
0.956,-1.4764404296875,-2.5975341796875,3.9288330078125
0.9565,-0.7557373046875,-3.1580810546875,3.8087158203125
0.957,0.1251220703125,-3.5184326171875,3.2481689453125
0.9575,0.8458251953125,-4.0389404296875,3.1680908203125
0.958,1.9268798828125,-4.1590576171875,2.2471923828125
0.9585,2.3272705078125,-4.3192138671875,2.0069580078125
0.959,2.8878173828125,-4.1590576171875,1.3262939453125
0.9595,3.1680908203125,-3.8387451171875,0.7257080078125
0.96,3.5284423828125,-3.4783935546875,0.0450439453125
0.9605,3.8487548828125,-2.8778076171875,-0.7957763671875
0.961,4.0089111328125,-2.2772216796875,-1.6766357421875
0.9615,4.0089111328125,-1.7567138671875,-2.1971435546875
0.962,3.8887939453125,-1.1160888671875,-2.7977294921875
0.9625,3.4884033203125,-0.2752685546875,-3.0780029296875
0.963,3.3682861328125,0.3653564453125,-3.6385498046875
0.9635,2.5675048828125,1.3262939453125,-3.8787841796875
0.964,2.2471923828125,1.9268798828125,-4.1190185546875
0.9645,1.4464111328125,2.4874267578125,-3.9188232421875
0.965,0.7257080078125,2.9678955078125,-3.7186279296875
0.9655,-0.0350341796875,3.3682861328125,-3.3182373046875
0.966,-0.7957763671875,3.7686767578125,-3.0379638671875
0.9665,-1.6766357421875,3.9688720703125,-2.3973388671875
0.967,-2.0770263671875,4.0089111328125,-2.0770263671875
0.9675,-2.5975341796875,3.9688720703125,-1.4764404296875
0.968,-2.8377685546875,3.5284423828125,-0.8358154296875
0.9685,-3.3983154296875,3.3682861328125,-0.1551513671875
0.969,-3.5985107421875,2.5274658203125,0.8057861328125
0.9695,-3.8787841796875,2.1671142578125,1.4864501953125
0.97,-3.7987060546875,1.4864501953125,2.0069580078125
0.9705,-3.7186279296875,0.9259033203125,2.5675048828125
0.971,-3.2781982421875,0.1251220703125,3.0079345703125
0.9715,-3.1580810546875,-0.5555419921875,3.5284423828125
0.972,-2.3973388671875,-1.5565185546875,3.7686767578125
0.9725,-1.9569091796875,-2.0770263671875,3.9688720703125
0.973,-1.1561279296875,-2.7176513671875,3.7686767578125
0.9735,-0.3953857421875,-3.1580810546875,3.4884033203125
0.974,0.3653564453125,-3.6785888671875,3.2081298828125
0.9745,1.2862548828125,-3.9989013671875,2.6876220703125
0.975,2.0469970703125,-4.2391357421875,2.2071533203125
0.9755,2.4073486328125,-4.1190185546875,1.7667236328125
0.976,2.8878173828125,-3.9989013671875,1.2061767578125
0.9765,3.1680908203125,-3.5184326171875,0.4053955078125
0.977,3.6485595703125,-3.3582763671875,-0.2752685546875
0.9775,3.8087158203125,-2.4373779296875,-1.3162841796875
0.978,4.0089111328125,-2.0770263671875,-1.8768310546875
0.9785,3.8087158203125,-1.3162841796875,-2.3973388671875
0.979,3.6885986328125,-0.7156982421875,-2.8377685546875
0.9795,3.2882080078125,0.0850830078125,-3.2781982421875
0.98,2.9678955078125,0.8057861328125,-3.7186279296875
0.9805,2.2872314453125,1.6866455078125,-3.9588623046875
0.981,1.7667236328125,2.1671142578125,-3.9188232421875
0.9815,1.0460205078125,2.7276611328125,-3.7586669921875
0.982,0.2452392578125,3.1280517578125,-3.3582763671875
0.9825,-0.3953857421875,3.5684814453125,-3.1981201171875
0.983,-1.3162841796875,3.8087158203125,-2.5174560546875
0.9835,-1.9168701171875,4.0089111328125,-2.1971435546875
0.984,-2.2371826171875,3.8087158203125,-1.6766357421875
0.9845,-2.6375732421875,3.7286376953125,-1.1961669921875
0.985,-2.9578857421875,3.2081298828125,-0.4354248046875
0.9855,-3.4383544921875,2.9278564453125,0.2852783203125
0.986,-3.5985107421875,2.1270751953125,1.1661376953125
0.9865,-3.7186279296875,1.8468017578125,1.6466064453125
0.987,-3.5584716796875,1.1661376953125,2.2071533203125
0.9875,-3.3582763671875,0.5655517578125,2.6075439453125
0.988,-3.1580810546875,-0.1951904296875,3.1680908203125
0.9885,-2.6375732421875,-0.9959716796875,3.4483642578125
0.989,-2.2371826171875,-1.6766357421875,3.7686767578125
0.9895,-1.5565185546875,-2.1170654296875,3.5684814453125
0.99,-0.9559326171875,-2.7176513671875,3.5284423828125
0.9905,-0.0350341796875,-3.1180419921875,3.1280517578125
0.991,0.5655517578125,-3.6385498046875,3.0079345703125
0.9915,1.4464111328125,-3.8387451171875,2.3673095703125
0.992,1.8868408203125,-3.9989013671875,2.1671142578125
0.9925,2.2471923828125,-3.8387451171875,1.5665283203125
0.993,2.6075439453125,-3.7186279296875,1.0860595703125
0.9935,3.0479736328125,-3.3582763671875,0.2852783203125
0.994,3.3682861328125,-2.9178466796875,-0.4354248046875
0.9945,3.6485595703125,-2.3572998046875,-1.1561279296875
0.995,3.6885986328125,-1.9569091796875,-1.5965576171875
0.9955,3.6885986328125,-1.3162841796875,-2.1971435546875
0.996,3.4083251953125,-0.6356201171875,-2.6375732421875
0.9965,3.2481689453125,0.0450439453125,-3.1981201171875
0.997,2.6876220703125,0.9259033203125,-3.5184326171875
0.9975,2.4073486328125,1.4864501953125,-3.8387451171875
0.998,1.6466064453125,1.9669189453125,-3.5985107421875
0.9985,1.0460205078125,2.5274658203125,-3.5584716796875
0.999,0.2052001953125,3.0079345703125,-3.1981201171875
0.9995,-0.3953857421875,3.4483642578125,-3.0379638671875
