wavelength,x,y,z
0.0,-2.70263671875,0.18017578125,3.06298828125
0.0005,-2.74267578125,0.78076171875,2.66259765625
0.001,-3.14306640625,1.14111328125,2.42236328125
0.0015,-3.18310546875,1.86181640625,1.58154296875
0.002,-3.14306640625,2.34228515625,1.14111328125
0.0025,-2.90283203125,2.46240234375,0.54052734375
0.003,-2.78271484375,2.70263671875,0.06005859375
0.0035,-2.42236328125,2.82275390625,-0.62060546875
0.004,-1.82177734375,2.90283203125,-1.42138671875
0.0045,-1.34130859375,2.86279296875,-2.06201171875
0.005,-0.78076171875,2.58251953125,-2.50244140625
0.0055,-0.38037109375,2.42236328125,-2.82275390625
0.006,0.18017578125,2.18212890625,-3.14306640625
0.0065,0.70068359375,1.94189453125,-3.54345703125
0.007,1.62158203125,1.14111328125,-3.70361328125
0.0075,2.06201171875,0.66064453125,-3.74365234375
0.008,2.42236328125,0.18017578125,-3.58349609375
0.0085,2.78271484375,-0.18017578125,-3.50341796875
0.009,2.86279296875,-0.82080078125,-3.18310546875
0.0095,3.06298828125,-1.38134765625,-2.74267578125
0.01,3.18310546875,-1.94189453125,-2.26220703125
0.0105,3.10302734375,-2.34228515625,-1.58154296875
0.011,2.94287109375,-2.54248046875,-1.10107421875
0.0115,2.74267578125,-2.74267578125,-0.54052734375
0.012,2.58251953125,-3.02294921875,0.10009765625
0.0125,1.82177734375,-3.02294921875,1.06103515625
0.013,1.34130859375,-2.98291015625,1.62158203125
0.0135,0.82080078125,-2.82275390625,2.06201171875
0.014,0.38037109375,-2.66259765625,2.50244140625
0.0145,-0.30029296875,-2.26220703125,2.78271484375
0.015,-0.98095703125,-1.90185546875,3.18310546875
0.0155,-1.82177734375,-1.18115234375,3.42333984375
0.016,-2.26220703125,-0.62060546875,3.30322265625
0.0165,-2.50244140625,0.02001953125,3.22314453125
0.017,-2.82275390625,0.30029296875,2.98291015625
0.0175,-3.14306640625,0.90087890625,2.70263671875
0.018,-3.18310546875,1.70166015625,1.94189453125
0.0185,-3.26318359375,2.22216796875,1.38134765625
0.019,-3.14306640625,2.54248046875,0.78076171875
0.0195,-2.94287109375,2.70263671875,0.26025390625
0.02,-2.58251953125,2.82275390625,-0.42041015625
0.0205,-2.26220703125,3.06298828125,-1.14111328125
0.021,-1.46142578125,2.98291015625,-2.02197265625
0.0215,-0.90087890625,2.82275390625,-2.54248046875
0.022,-0.46044921875,2.58251953125,-2.86279296875
0.0225,0.06005859375,2.38232421875,-3.18310546875
0.023,0.70068359375,1.94189453125,-3.54345703125
0.0235,1.58154296875,1.26123046875,-3.78369140625
0.024,2.18212890625,0.70068359375,-3.82373046875
0.0245,2.46240234375,0.26025390625,-3.54345703125
0.025,2.62255859375,-0.30029296875,-3.50341796875
0.0255,2.86279296875,-0.78076171875,-3.18310546875
0.026,3.14306640625,-1.22119140625,-2.90283203125
0.0265,3.14306640625,-1.94189453125,-2.14208984375
0.027,3.06298828125,-2.26220703125,-1.58154296875
0.0275,2.94287109375,-2.54248046875,-1.10107421875
0.028,2.78271484375,-2.70263671875,-0.62060546875
0.0285,2.42236328125,-2.82275390625,0.02001953125
0.029,1.98193359375,-2.94287109375,0.78076171875
0.0295,1.42138671875,-2.90283203125,1.46142578125
0.03,0.94091796875,-2.70263671875,1.90185546875
0.0305,0.50048828125,-2.54248046875,2.26220703125
0.031,0.06005859375,-2.34228515625,2.58251953125
0.0315,-0.62060546875,-2.06201171875,3.02294921875
0.032,-1.46142578125,-1.34130859375,3.22314453125
0.0325,-2.02197265625,-0.74072265625,3.38330078125
0.033,-2.38232421875,-0.34033203125,3.18310546875
0.0335,-2.62255859375,0.06005859375,3.10302734375
0.034,-2.90283203125,0.66064453125,2.74267578125
0.0345,-3.18310546875,1.22119140625,2.42236328125
0.035,-3.22314453125,1.90185546875,1.74169921875
0.0355,-3.18310546875,2.26220703125,1.18115234375
0.036,-3.06298828125,2.54248046875,0.62060546875
0.0365,-2.86279296875,2.74267578125,0.06005859375
0.037,-2.54248046875,2.94287109375,-0.62060546875
0.0375,-1.86181640625,3.06298828125,-1.58154296875
0.038,-1.26123046875,2.98291015625,-2.26220703125
0.0385,-0.78076171875,2.74267578125,-2.62255859375
0.039,-0.30029296875,2.54248046875,-2.98291015625
0.0395,0.34033203125,2.18212890625,-3.34326171875
0.04,1.14111328125,1.70166015625,-3.70361328125
0.0405,1.98193359375,1.10107421875,-3.82373046875
0.041,2.30224609375,0.38037109375,-3.74365234375
0.0415,2.58251953125,0.02001953125,-3.58349609375
0.042,2.78271484375,-0.50048828125,-3.34326171875
0.0425,3.02294921875,-1.02099609375,-3.02294921875
0.043,3.18310546875,-1.70166015625,-2.38232421875
0.0435,3.18310546875,-2.26220703125,-1.78173828125
0.044,3.02294921875,-2.42236328125,-1.26123046875
0.0445,2.78271484375,-2.62255859375,-0.70068359375
0.045,2.54248046875,-2.74267578125,-0.18017578125
0.0455,2.14208984375,-2.90283203125,0.58056640625
0.046,1.50146484375,-2.90283203125,1.30126953125
0.0465,0.94091796875,-2.70263671875,1.86181640625
0.047,0.58056640625,-2.58251953125,2.18212890625
0.0475,0.14013671875,-2.34228515625,2.46240234375
0.048,-0.50048828125,-2.06201171875,2.86279296875
0.0485,-1.18115234375,-1.42138671875,3.10302734375
0.049,-1.94189453125,-0.98095703125,3.26318359375
0.0495,-2.26220703125,-0.50048828125,3.14306640625
0.05,-2.54248046875,0.06005859375,3.02294921875
0.0505,-2.78271484375,0.46044921875,2.86279296875
0.051,-3.06298828125,0.98095703125,2.54248046875
0.0515,-3.14306640625,1.62158203125,1.94189453125
0.052,-3.14306640625,2.18212890625,1.30126953125
0.0525,-3.06298828125,2.42236328125,0.78076171875
0.053,-2.86279296875,2.62255859375,0.30029296875
0.0535,-2.62255859375,2.86279296875,-0.38037109375
0.054,-2.14208984375,3.02294921875,-1.18115234375
0.0545,-1.54150390625,2.94287109375,-1.94189453125
0.055,-0.98095703125,2.74267578125,-2.38232421875
0.0555,-0.50048828125,2.62255859375,-2.82275390625
0.056,0.02001953125,2.38232421875,-3.18310546875
0.0565,0.78076171875,2.10205078125,-3.58349609375
0.057,1.58154296875,1.26123046875,-3.82373046875
0.0575,2.22216796875,0.62060546875,-3.86376953125
0.058,2.50244140625,0.26025390625,-3.74365234375
0.0585,2.74267578125,-0.30029296875,-3.54345703125
0.059,3.02294921875,-0.78076171875,-3.26318359375
0.0595,3.18310546875,-1.46142578125,-2.70263671875
0.06,3.26318359375,-2.06201171875,-2.10205078125
0.0605,3.14306640625,-2.46240234375,-1.42138671875
0.061,2.98291015625,-2.62255859375,-0.98095703125
0.0615,2.62255859375,-2.74267578125,-0.46044921875
0.062,2.42236328125,-2.94287109375,0.26025390625
0.0625,1.66162109375,-3.02294921875,1.22119140625
0.063,1.14111328125,-2.90283203125,1.78173828125
0.0635,0.66064453125,-2.62255859375,2.06201171875
0.064,0.30029296875,-2.50244140625,2.42236328125
0.0645,-0.30029296875,-2.26220703125,2.62255859375
0.065,-1.02099609375,-1.70166015625,3.06298828125
0.0655,-1.74169921875,-1.14111328125,3.26318359375
0.066,-2.22216796875,-0.54052734375,3.10302734375
0.0665,-2.50244140625,-0.14013671875,3.06298828125
0.067,-2.62255859375,0.34033203125,2.78271484375
0.0675,-2.94287109375,0.82080078125,2.62255859375
0.068,-3.06298828125,1.50146484375,1.94189453125
0.0685,-3.14306640625,1.98193359375,1.42138671875
0.069,-2.98291015625,2.26220703125,0.94091796875
0.0695,-2.86279296875,2.62255859375,0.38037109375
0.07,-2.66259765625,2.74267578125,-0.22021484375
0.0705,-2.30224609375,2.90283203125,-0.90087890625
0.071,-1.74169921875,2.94287109375,-1.62158203125
0.0715,-1.06103515625,2.78271484375,-2.22216796875
0.072,-0.66064453125,2.62255859375,-2.62255859375
0.0725,-0.30029296875,2.26220703125,-3.06298828125
0.073,0.46044921875,2.18212890625,-3.46337890625
0.0735,1.30126953125,1.42138671875,-3.70361328125
0.074,1.94189453125,0.98095703125,-3.86376953125
0.0745,2.38232421875,0.38037109375,-3.70361328125
0.075,2.66259765625,0.02001953125,-3.66357421875
0.0755,2.86279296875,-0.58056640625,-3.34326171875
0.076,3.14306640625,-1.14111328125,-3.06298828125
0.0765,3.22314453125,-1.86181640625,-2.34228515625
0.077,3.18310546875,-2.34228515625,-1.66162109375
0.0775,3.02294921875,-2.46240234375,-1.14111328125
0.078,2.86279296875,-2.78271484375,-0.62060546875
0.0785,2.54248046875,-2.94287109375,0.02001953125
0.079,1.90185546875,-3.02294921875,0.94091796875
0.0795,1.42138671875,-2.98291015625,1.62158203125
0.08,0.82080078125,-2.78271484375,2.06201171875
0.0805,0.30029296875,-2.70263671875,2.42236328125
0.081,-0.14013671875,-2.30224609375,2.62255859375
0.0815,-0.78076171875,-2.02197265625,3.06298828125
0.082,-1.66162109375,-1.22119140625,3.22314453125
0.0825,-2.10205078125,-0.66064453125,3.18310546875
0.083,-2.42236328125,-0.26025390625,3.06298828125
0.0835,-2.66259765625,0.26025390625,2.94287109375
0.084,-2.86279296875,0.70068359375,2.62255859375
0.0845,-3.02294921875,1.34130859375,2.10205078125
0.085,-3.14306640625,1.86181640625,1.62158203125
0.0855,-2.94287109375,2.30224609375,0.94091796875
0.086,-2.86279296875,2.46240234375,0.54052734375
0.0865,-2.66259765625,2.62255859375,0.02001953125
0.087,-2.54248046875,2.86279296875,-0.62060546875
0.0875,-1.74169921875,2.82275390625,-1.58154296875
0.088,-1.26123046875,2.82275390625,-2.06201171875
0.0885,-0.90087890625,2.54248046875,-2.42236328125
0.089,-0.34033203125,2.46240234375,-2.90283203125
0.0895,0.26025390625,2.06201171875,-3.18310546875
0.09,0.90087890625,1.78173828125,-3.54345703125
0.0905,1.66162109375,1.18115234375,-3.78369140625
0.091,2.18212890625,0.58056640625,-3.70361328125
0.0915,2.42236328125,0.18017578125,-3.62353515625
0.092,2.70263671875,-0.30029296875,-3.46337890625
0.0925,3.02294921875,-0.82080078125,-3.22314453125
0.093,3.10302734375,-1.54150390625,-2.54248046875
0.0935,3.18310546875,-1.98193359375,-1.94189453125
0.094,3.06298828125,-2.42236328125,-1.42138671875
0.0945,2.94287109375,-2.62255859375,-0.94091796875
0.095,2.58251953125,-2.74267578125,-0.34033203125
0.0955,2.30224609375,-2.98291015625,0.46044921875
0.096,1.66162109375,-2.98291015625,1.22119140625
0.0965,1.02099609375,-2.82275390625,1.86181640625
0.097,0.66064453125,-2.70263671875,2.06201171875
0.0975,0.26025390625,-2.50244140625,2.46240234375
0.098,-0.46044921875,-2.10205078125,2.82275390625
0.0985,-1.26123046875,-1.46142578125,3.06298828125
0.099,-1.82177734375,-0.98095703125,3.22314453125
0.0995,-2.22216796875,-0.50048828125,3.10302734375
0.1,-2.46240234375,-0.06005859375,2.98291015625
0.1005,-2.62255859375,0.46044921875,2.70263671875
0.101,-2.94287109375,0.90087890625,2.54248046875
0.1015,-3.02294921875,1.66162109375,1.82177734375
0.102,-3.02294921875,1.98193359375,1.30126953125
0.1025,-2.86279296875,2.26220703125,0.78076171875
0.103,-2.74267578125,2.54248046875,0.30029296875
0.1035,-2.42236328125,2.70263671875,-0.38037109375
0.104,-2.02197265625,2.78271484375,-1.06103515625
0.1045,-1.62158203125,2.78271484375,-1.58154296875
0.105,-1.02099609375,2.54248046875,-2.18212890625
0.1055,-0.62060546875,2.42236328125,-2.54248046875
0.106,-0.14013671875,2.26220703125,-2.86279296875
0.1065,0.42041015625,2.06201171875,-3.30322265625
0.107,1.26123046875,1.34130859375,-3.50341796875
0.1075,1.70166015625,0.90087890625,-3.54345703125
0.108,2.10205078125,0.42041015625,-3.54345703125
0.1085,2.42236328125,0.06005859375,-3.46337890625
0.109,2.62255859375,-0.50048828125,-3.18310546875
0.1095,2.90283203125,-1.02099609375,-2.86279296875
0.11,3.02294921875,-1.58154296875,-2.38232421875
0.1105,2.94287109375,-2.02197265625,-1.78173828125
0.111,2.86279296875,-2.26220703125,-1.30126953125
0.1115,2.70263671875,-2.62255859375,-0.78076171875
0.112,2.58251953125,-2.82275390625,-0.26025390625
0.1125,1.90185546875,-2.90283203125,0.78076171875
0.113,1.58154296875,-2.86279296875,1.22119140625
0.1135,1.10107421875,-2.78271484375,1.66162109375
0.114,0.62060546875,-2.58251953125,2.10205078125
0.1145,0.10009765625,-2.34228515625,2.46240234375
0.115,-0.62060546875,-2.06201171875,2.90283203125
0.1155,-1.38134765625,-1.42138671875,3.14306640625
0.116,-1.86181640625,-0.90087890625,3.14306640625
0.1165,-2.26220703125,-0.42041015625,3.06298828125
0.117,-2.54248046875,0.06005859375,2.94287109375
0.1175,-2.82275390625,0.62060546875,2.70263671875
0.118,-2.98291015625,1.30126953125,2.10205078125
0.1185,-3.10302734375,1.86181640625,1.62158203125
0.119,-2.98291015625,2.18212890625,1.06103515625
0.1195,-2.78271484375,2.50244140625,0.54052734375
0.12,-2.62255859375,2.62255859375,0.02001953125
0.1205,-2.46240234375,2.86279296875,-0.58056640625
0.121,-1.74169921875,2.86279296875,-1.50146484375
0.1215,-1.18115234375,2.62255859375,-2.06201171875
0.122,-0.78076171875,2.54248046875,-2.46240234375
0.1225,-0.30029296875,2.38232421875,-2.78271484375
0.123,0.34033203125,2.06201171875,-3.14306640625
0.1235,1.10107421875,1.54150390625,-3.42333984375
0.124,1.70166015625,1.02099609375,-3.58349609375
0.1245,2.06201171875,0.54052734375,-3.50341796875
0.125,2.30224609375,0.14013671875,-3.38330078125
0.1255,2.54248046875,-0.34033203125,-3.18310546875
0.126,2.86279296875,-0.82080078125,-3.02294921875
0.1265,2.90283203125,-1.46142578125,-2.38232421875
0.127,2.90283203125,-1.90185546875,-1.90185546875
0.1275,2.94287109375,-2.22216796875,-1.42138671875
0.128,2.74267578125,-2.46240234375,-0.94091796875
0.1285,2.42236328125,-2.70263671875,-0.26025390625
0.129,2.22216796875,-2.78271484375,0.38037109375
0.1295,1.66162109375,-2.86279296875,1.02099609375
0.13,1.18115234375,-2.70263671875,1.50146484375
0.1305,0.74072265625,-2.58251953125,1.94189453125
0.131,0.30029296875,-2.42236328125,2.30224609375
0.1315,-0.30029296875,-2.22216796875,2.74267578125
0.132,-1.14111328125,-1.58154296875,3.02294921875
0.1325,-1.66162109375,-1.06103515625,3.10302734375
0.133,-2.06201171875,-0.62060546875,3.10302734375
0.1335,-2.38232421875,-0.18017578125,3.02294921875
0.134,-2.70263671875,0.38037109375,2.78271484375
0.1345,-2.98291015625,0.98095703125,2.50244140625
0.135,-3.06298828125,1.58154296875,1.86181640625
0.1355,-3.10302734375,1.98193359375,1.30126953125
0.136,-2.94287109375,2.38232421875,0.78076171875
0.1365,-2.90283203125,2.46240234375,0.30029296875
0.137,-2.50244140625,2.86279296875,-0.50048828125
0.1375,-1.94189453125,2.90283203125,-1.30126953125
0.138,-1.42138671875,2.90283203125,-1.98193359375
0.1385,-0.94091796875,2.70263671875,-2.38232421875
0.139,-0.46044921875,2.54248046875,-2.74267578125
0.1395,0.14013671875,2.26220703125,-3.14306640625
0.14,0.90087890625,1.82177734375,-3.54345703125
0.1405,1.66162109375,1.18115234375,-3.70361328125
0.141,2.10205078125,0.58056640625,-3.62353515625
0.1415,2.42236328125,0.18017578125,-3.54345703125
0.142,2.58251953125,-0.30029296875,-3.30322265625
0.1425,2.86279296875,-0.82080078125,-3.02294921875
0.143,2.98291015625,-1.50146484375,-2.42236328125
0.1435,3.02294921875,-2.02197265625,-1.90185546875
0.144,2.90283203125,-2.26220703125,-1.38134765625
0.1445,2.62255859375,-2.58251953125,-0.90087890625
0.145,2.54248046875,-2.70263671875,-0.42041015625
0.1455,2.18212890625,-2.82275390625,0.30029296875
0.146,1.58154296875,-2.82275390625,1.06103515625
0.1465,1.10107421875,-2.66259765625,1.58154296875
0.147,0.70068359375,-2.54248046875,1.94189453125
0.1475,0.30029296875,-2.34228515625,2.26220703125
0.148,-0.30029296875,-2.10205078125,2.62255859375
0.1485,-0.98095703125,-1.58154296875,2.90283203125
0.149,-1.58154296875,-1.10107421875,3.06298828125
0.1495,-1.94189453125,-0.62060546875,2.98291015625
0.15,-2.30224609375,-0.18017578125,2.94287109375
0.1505,-2.58251953125,0.30029296875,2.82275390625
0.151,-2.86279296875,0.74072265625,2.58251953125
0.1515,-2.94287109375,1.34130859375,2.06201171875
0.152,-3.06298828125,1.90185546875,1.46142578125
0.1525,-2.98291015625,2.02197265625,0.90087890625
0.153,-2.86279296875,2.42236328125,0.46044921875
0.1535,-2.66259765625,2.66259765625,-0.14013671875
0.154,-2.26220703125,2.86279296875,-0.90087890625
0.1545,-1.70166015625,2.90283203125,-1.58154296875
0.155,-1.18115234375,2.74267578125,-2.06201171875
0.1555,-0.74072265625,2.62255859375,-2.58251953125
0.156,-0.26025390625,2.42236328125,-2.94287109375
0.1565,0.42041015625,2.18212890625,-3.42333984375
0.157,1.30126953125,1.50146484375,-3.70361328125
0.1575,1.98193359375,0.86083984375,-3.78369140625
0.158,2.30224609375,0.42041015625,-3.70361328125
0.1585,2.62255859375,-0.10009765625,-3.54345703125
0.159,2.90283203125,-0.62060546875,-3.26318359375
0.1595,3.10302734375,-1.26123046875,-2.82275390625
0.16,3.22314453125,-1.94189453125,-2.22216796875
0.1605,3.14306640625,-2.50244140625,-1.62158203125
0.161,2.98291015625,-2.58251953125,-1.02099609375
0.1615,2.70263671875,-2.70263671875,-0.50048828125
0.162,2.42236328125,-2.90283203125,0.18017578125
0.1625,1.74169921875,-3.02294921875,1.14111328125
0.163,1.18115234375,-2.94287109375,1.66162109375
0.1635,0.70068359375,-2.62255859375,2.06201171875
0.164,0.30029296875,-2.50244140625,2.38232421875
0.1645,-0.34033203125,-2.06201171875,2.70263671875
0.165,-1.02099609375,-1.62158203125,3.02294921875
0.1655,-1.74169921875,-1.10107421875,3.18310546875
0.166,-2.22216796875,-0.50048828125,3.10302734375
0.1665,-2.42236328125,-0.14013671875,2.98291015625
0.167,-2.58251953125,0.34033203125,2.74267578125
0.1675,-2.86279296875,0.78076171875,2.54248046875
0.168,-2.98291015625,1.46142578125,1.94189453125
0.1685,-2.94287109375,1.94189453125,1.30126953125
0.169,-2.90283203125,2.22216796875,0.90087890625
0.1695,-2.86279296875,2.50244140625,0.38037109375
0.17,-2.58251953125,2.62255859375,-0.18017578125
0.1705,-2.30224609375,2.82275390625,-0.78076171875
0.171,-1.78173828125,2.78271484375,-1.54150390625
0.1715,-1.14111328125,2.70263671875,-2.18212890625
0.172,-0.70068359375,2.58251953125,-2.54248046875
0.1725,-0.26025390625,2.42236328125,-2.90283203125
0.173,0.30029296875,2.22216796875,-3.34326171875
0.1735,1.14111328125,1.58154296875,-3.54345703125
0.174,1.78173828125,1.10107421875,-3.78369140625
0.1745,2.22216796875,0.50048828125,-3.70361328125
0.175,2.54248046875,0.02001953125,-3.66357421875
0.1755,2.74267578125,-0.50048828125,-3.34326171875
0.176,3.14306640625,-0.98095703125,-3.18310546875
0.1765,3.26318359375,-1.78173828125,-2.58251953125
0.177,3.22314453125,-2.26220703125,-1.82177734375
0.1775,3.06298828125,-2.54248046875,-1.30126953125
0.178,2.98291015625,-2.82275390625,-0.78076171875
0.1785,2.62255859375,-2.98291015625,-0.10009765625
0.179,2.06201171875,-2.98291015625,0.86083984375
0.1795,1.54150390625,-3.14306640625,1.50146484375
0.18,0.90087890625,-2.86279296875,2.06201171875
0.1805,0.50048828125,-2.70263671875,2.42236328125
0.181,-0.14013671875,-2.38232421875,2.70263671875
0.1815,-0.78076171875,-2.06201171875,3.18310546875
0.182,-1.78173828125,-1.22119140625,3.34326171875
0.1825,-2.26220703125,-0.66064453125,3.34326171875
0.183,-2.54248046875,-0.18017578125,3.18310546875
0.1835,-2.78271484375,0.30029296875,3.02294921875
0.184,-2.94287109375,0.86083984375,2.58251953125
0.1845,-3.06298828125,1.54150390625,2.06201171875
0.185,-3.22314453125,2.02197265625,1.50146484375
0.1855,-3.10302734375,2.42236328125,0.86083984375
0.186,-2.86279296875,2.58251953125,0.34033203125
0.1865,-2.62255859375,2.70263671875,-0.22021484375
0.187,-2.30224609375,2.90283203125,-0.94091796875
0.1875,-1.54150390625,2.90283203125,-1.78173828125
0.188,-1.10107421875,2.86279296875,-2.34228515625
0.1885,-0.58056640625,2.58251953125,-2.70263671875
0.189,-0.14013671875,2.38232421875,-3.02294921875
0.1895,0.46044921875,1.98193359375,-3.26318359375
0.19,1.10107421875,1.62158203125,-3.66357421875
0.1905,1.86181640625,0.98095703125,-3.78369140625
0.191,2.26220703125,0.42041015625,-3.70361328125
0.1915,2.50244140625,0.02001953125,-3.54345703125
0.192,2.74267578125,-0.46044921875,-3.38330078125
0.1925,3.02294921875,-0.86083984375,-3.06298828125
0.193,3.06298828125,-1.66162109375,-2.42236328125
0.1935,3.18310546875,-2.10205078125,-1.98193359375
0.194,3.06298828125,-2.42236328125,-1.38134765625
0.1945,2.90283203125,-2.62255859375,-0.90087890625
0.195,2.58251953125,-2.70263671875,-0.30029296875
0.1955,2.42236328125,-2.98291015625,0.30029296875
0.196,1.70166015625,-2.98291015625,1.14111328125
0.1965,1.14111328125,-2.86279296875,1.66162109375
0.197,0.70068359375,-2.70263671875,2.10205078125
0.1975,0.30029296875,-2.54248046875,2.54248046875
0.198,-0.42041015625,-2.26220703125,2.90283203125
0.1985,-1.22119140625,-1.62158203125,3.18310546875
0.199,-1.86181640625,-1.14111328125,3.38330078125
0.1995,-2.30224609375,-0.50048828125,3.26318359375
0.2,-2.58251953125,0.02001953125,3.18310546875
0.2005,-2.86279296875,0.54052734375,3.06298828125
0.201,-3.18310546875,0.98095703125,2.70263671875
0.2015,-3.18310546875,1.74169921875,1.86181640625
0.202,-3.22314453125,2.26220703125,1.30126953125
0.2025,-3.14306640625,2.54248046875,0.70068359375
0.203,-2.86279296875,2.82275390625,0.14013671875
0.2035,-2.54248046875,2.90283203125,-0.54052734375
0.204,-2.02197265625,3.06298828125,-1.42138671875
0.2045,-1.38134765625,3.06298828125,-2.18212890625
0.205,-0.82080078125,2.78271484375,-2.58251953125
0.2055,-0.34033203125,2.54248046875,-2.94287109375
0.206,0.22021484375,2.26220703125,-3.26318359375
0.2065,0.94091796875,1.86181640625,-3.66357421875
0.207,1.86181640625,1.02099609375,-3.82373046875
0.2075,2.30224609375,0.50048828125,-3.82373046875
0.208,2.58251953125,0.06005859375,-3.70361328125
0.2085,2.70263671875,-0.46044921875,-3.30322265625
0.209,2.94287109375,-0.98095703125,-3.06298828125
0.2095,3.18310546875,-1.58154296875,-2.62255859375
0.21,3.18310546875,-2.06201171875,-1.94189453125
0.2105,3.02294921875,-2.42236328125,-1.38134765625
0.211,2.78271484375,-2.58251953125,-0.82080078125
0.2115,2.62255859375,-2.70263671875,-0.38037109375
0.212,2.30224609375,-2.86279296875,0.26025390625
0.2125,1.58154296875,-2.86279296875,1.14111328125
0.213,1.14111328125,-2.82275390625,1.66162109375
0.2135,0.70068359375,-2.62255859375,2.02197265625
0.214,0.30029296875,-2.42236328125,2.34228515625
0.2145,-0.26025390625,-2.18212890625,2.70263671875
0.215,-0.90087890625,-1.82177734375,3.06298828125
0.2155,-1.62158203125,-1.14111328125,3.22314453125
0.216,-2.06201171875,-0.62060546875,3.14306640625
0.2165,-2.54248046875,-0.22021484375,3.18310546875
0.217,-2.66259765625,0.26025390625,2.94287109375
0.2175,-2.94287109375,0.70068359375,2.70263671875
0.218,-3.14306640625,1.42138671875,2.18212890625
0.2185,-3.22314453125,1.94189453125,1.58154296875
0.219,-3.06298828125,2.30224609375,1.02099609375
0.2195,-2.98291015625,2.58251953125,0.50048828125
0.22,-2.78271484375,2.82275390625,-0.14013671875
0.2205,-2.50244140625,3.10302734375,-0.78076171875
0.221,-1.78173828125,3.02294921875,-1.66162109375
0.2215,-1.18115234375,2.86279296875,-2.26220703125
0.222,-0.70068359375,2.78271484375,-2.70263671875
0.2225,-0.26025390625,2.54248046875,-3.06298828125
0.223,0.46044921875,2.22216796875,-3.46337890625
0.2235,1.34130859375,1.58154296875,-3.82373046875
0.224,2.06201171875,0.94091796875,-3.94384765625
0.2245,2.42236328125,0.46044921875,-3.70361328125
0.225,2.70263671875,-0.18017578125,-3.66357421875
0.2255,2.90283203125,-0.66064453125,-3.34326171875
0.226,3.18310546875,-1.22119140625,-2.94287109375
0.2265,3.22314453125,-1.94189453125,-2.22216796875
0.227,3.22314453125,-2.42236328125,-1.58154296875
0.2275,3.06298828125,-2.62255859375,-1.10107421875
0.228,2.78271484375,-2.74267578125,-0.58056640625
0.2285,2.54248046875,-2.86279296875,0.02001953125
0.229,1.90185546875,-3.02294921875,0.94091796875
0.2295,1.30126953125,-2.98291015625,1.62158203125
0.23,0.74072265625,-2.70263671875,2.02197265625
0.2305,0.34033203125,-2.54248046875,2.34228515625
0.231,-0.18017578125,-2.22216796875,2.58251953125
0.2315,-0.78076171875,-1.90185546875,2.94287109375
0.232,-1.58154296875,-1.22119140625,3.18310546875
0.2325,-2.10205078125,-0.58056640625,3.26318359375
0.233,-2.38232421875,-0.30029296875,3.06298828125
0.2335,-2.58251953125,0.18017578125,2.86279296875
0.234,-2.82275390625,0.62060546875,2.70263671875
0.2345,-3.02294921875,1.22119140625,2.26220703125
0.235,-3.10302734375,1.78173828125,1.66162109375
0.2355,-3.02294921875,2.18212890625,1.14111328125
0.236,-2.90283203125,2.42236328125,0.62060546875
0.2365,-2.74267578125,2.58251953125,0.06005859375
0.237,-2.54248046875,2.86279296875,-0.50048828125
0.2375,-1.94189453125,2.94287109375,-1.30126953125
0.238,-1.34130859375,2.86279296875,-1.98193359375
0.2385,-0.94091796875,2.70263671875,-2.38232421875
0.239,-0.50048828125,2.54248046875,-2.82275390625
0.2395,0.14013671875,2.30224609375,-3.18310546875
0.24,0.78076171875,1.94189453125,-3.54345703125
0.2405,1.58154296875,1.38134765625,-3.70361328125
0.241,2.06201171875,0.62060546875,-3.78369140625
0.2415,2.46240234375,0.18017578125,-3.70361328125
0.242,2.70263671875,-0.30029296875,-3.50341796875
0.2425,3.02294921875,-0.78076171875,-3.26318359375
0.243,3.18310546875,-1.54150390625,-2.62255859375
0.2435,3.22314453125,-2.10205078125,-2.06201171875
0.244,3.14306640625,-2.42236328125,-1.46142578125
0.2445,3.02294921875,-2.70263671875,-0.98095703125
0.245,2.66259765625,-2.86279296875,-0.30029296875
0.2455,2.30224609375,-3.06298828125,0.42041015625
0.246,1.66162109375,-3.06298828125,1.26123046875
0.2465,1.06103515625,-2.90283203125,1.86181640625
0.247,0.62060546875,-2.70263671875,2.18212890625
0.2475,0.18017578125,-2.42236328125,2.50244140625
0.248,-0.50048828125,-2.10205078125,2.86279296875
0.2485,-1.34130859375,-1.38134765625,3.26318359375
0.249,-1.94189453125,-0.98095703125,3.26318359375
0.2495,-2.30224609375,-0.42041015625,3.14306640625
0.25,-2.58251953125,0.02001953125,3.02294921875
0.2505,-2.70263671875,0.54052734375,2.70263671875
0.251,-2.98291015625,0.98095703125,2.46240234375
0.2515,-3.06298828125,1.66162109375,1.78173828125
0.252,-3.06298828125,2.10205078125,1.14111328125
0.2525,-2.90283203125,2.30224609375,0.70068359375
0.253,-2.74267578125,2.54248046875,0.26025390625
0.2535,-2.50244140625,2.74267578125,-0.42041015625
0.254,-1.98193359375,2.82275390625,-1.18115234375
0.2545,-1.50146484375,2.86279296875,-1.82177734375
0.255,-0.90087890625,2.66259765625,-2.34228515625
0.2555,-0.54052734375,2.54248046875,-2.70263671875
0.256,0.02001953125,2.30224609375,-3.02294921875
0.2565,0.62060546875,2.14208984375,-3.38330078125
0.257,1.42138671875,1.30126953125,-3.70361328125
0.2575,1.98193359375,0.78076171875,-3.74365234375
0.258,2.30224609375,0.34033203125,-3.66357421875
0.2585,2.62255859375,-0.14013671875,-3.58349609375
0.259,2.90283203125,-0.66064453125,-3.26318359375
0.2595,3.10302734375,-1.26123046875,-2.86279296875
0.26,3.22314453125,-1.86181640625,-2.30224609375
0.2605,3.14306640625,-2.34228515625,-1.58154296875
0.261,3.02294921875,-2.58251953125,-1.14111328125
0.2615,2.78271484375,-2.74267578125,-0.58056640625
0.262,2.58251953125,-3.02294921875,0.06005859375
0.2625,1.86181640625,-3.02294921875,1.02099609375
0.263,1.34130859375,-2.98291015625,1.62158203125
0.2635,0.78076171875,-2.74267578125,2.06201171875
0.264,0.50048828125,-2.54248046875,2.38232421875
0.2645,-0.26025390625,-2.14208984375,2.82275390625
0.265,-0.98095703125,-1.86181640625,3.10302734375
0.2655,-1.78173828125,-1.22119140625,3.30322265625
0.266,-2.22216796875,-0.58056640625,3.18310546875
0.2665,-2.46240234375,-0.14013671875,3.06298828125
0.267,-2.70263671875,0.30029296875,2.86279296875
0.2675,-2.94287109375,0.82080078125,2.58251953125
0.268,-3.06298828125,1.54150390625,1.94189453125
0.2685,-3.14306640625,1.98193359375,1.42138671875
0.269,-2.98291015625,2.30224609375,0.90087890625
0.2695,-2.86279296875,2.54248046875,0.38037109375
0.27,-2.54248046875,2.66259765625,-0.26025390625
0.2705,-2.30224609375,2.86279296875,-0.82080078125
0.271,-1.62158203125,2.86279296875,-1.66162109375
0.2715,-1.10107421875,2.70263671875,-2.18212890625
0.272,-0.58056640625,2.54248046875,-2.62255859375
0.2725,-0.14013671875,2.42236328125,-2.94287109375
0.273,0.46044921875,1.98193359375,-3.26318359375
0.2735,1.18115234375,1.42138671875,-3.54345703125
0.274,1.78173828125,0.98095703125,-3.70361328125
0.2745,2.22216796875,0.46044921875,-3.58349609375
0.275,2.50244140625,0.06005859375,-3.54345703125
0.2755,2.70263671875,-0.50048828125,-3.26318359375
0.276,3.02294921875,-0.98095703125,-3.14306640625
0.2765,3.06298828125,-1.62158203125,-2.38232421875
0.277,3.06298828125,-2.10205078125,-1.86181640625
0.2775,2.94287109375,-2.38232421875,-1.30126953125
0.278,2.86279296875,-2.62255859375,-0.82080078125
0.2785,2.54248046875,-2.82275390625,-0.22021484375
0.279,2.14208984375,-2.94287109375,0.62060546875
0.2795,1.62158203125,-2.98291015625,1.26123046875
0.28,1.10107421875,-2.78271484375,1.66162109375
0.2805,0.70068359375,-2.62255859375,2.02197265625
0.281,0.14013671875,-2.42236328125,2.50244140625
0.2815,-0.50048828125,-2.18212890625,2.94287109375
0.282,-1.34130859375,-1.42138671875,3.10302734375
0.2825,-1.86181640625,-0.94091796875,3.18310546875
0.283,-2.22216796875,-0.46044921875,3.10302734375
0.2835,-2.54248046875,0.02001953125,3.02294921875
0.284,-2.70263671875,0.54052734375,2.70263671875
0.2845,-3.02294921875,1.10107421875,2.38232421875
0.285,-3.10302734375,1.74169921875,1.78173828125
0.2855,-3.02294921875,2.10205078125,1.18115234375
0.286,-2.86279296875,2.34228515625,0.70068359375
0.2865,-2.70263671875,2.54248046875,0.18017578125
0.287,-2.54248046875,2.82275390625,-0.46044921875
0.2875,-1.86181640625,2.86279296875,-1.30126953125
0.288,-1.34130859375,2.86279296875,-1.94189453125
0.2885,-0.90087890625,2.50244140625,-2.42236328125
0.289,-0.50048828125,2.46240234375,-2.66259765625
0.2895,0.10009765625,2.18212890625,-2.98291015625
0.29,0.70068359375,1.90185546875,-3.46337890625
0.2905,1.46142578125,1.26123046875,-3.58349609375
0.291,1.94189453125,0.70068359375,-3.54345703125
0.2915,2.22216796875,0.30029296875,-3.50341796875
0.292,2.50244140625,-0.14013671875,-3.38330078125
0.2925,2.78271484375,-0.66064453125,-3.14306640625
0.293,2.90283203125,-1.30126953125,-2.58251953125
0.2935,3.06298828125,-1.78173828125,-2.14208984375
0.294,2.94287109375,-2.14208984375,-1.58154296875
0.2945,2.82275390625,-2.42236328125,-1.14111328125
0.295,2.62255859375,-2.58251953125,-0.58056640625
0.2955,2.46240234375,-2.86279296875,0.06005859375
0.296,1.78173828125,-2.86279296875,0.82080078125
0.2965,1.42138671875,-2.82275390625,1.30126953125
0.297,0.90087890625,-2.70263671875,1.86181640625
0.2975,0.50048828125,-2.54248046875,2.26220703125
0.298,-0.14013671875,-2.26220703125,2.58251953125
0.2985,-0.90087890625,-1.78173828125,2.94287109375
0.299,-1.54150390625,-1.26123046875,3.14306640625
0.2995,-1.94189453125,-0.78076171875,3.06298828125
0.3,-2.26220703125,-0.30029296875,3.02294921875
0.3005,-2.58251953125,0.18017578125,2.86279296875
0.301,-2.90283203125,0.70068359375,2.66259765625
0.3015,-2.98291015625,1.38134765625,1.98193359375
0.302,-3.06298828125,1.86181640625,1.50146484375
0.3025,-2.98291015625,2.18212890625,0.98095703125
0.303,-2.86279296875,2.46240234375,0.50048828125
0.3035,-2.58251953125,2.66259765625,-0.18017578125
0.304,-2.22216796875,2.86279296875,-0.94091796875
0.3045,-1.58154296875,2.82275390625,-1.74169921875
0.305,-1.14111328125,2.66259765625,-2.06201171875
0.3055,-0.70068359375,2.54248046875,-2.50244140625
0.306,-0.26025390625,2.34228515625,-2.86279296875
0.3065,0.46044921875,2.06201171875,-3.26318359375
0.307,1.26123046875,1.42138671875,-3.54345703125
0.3075,1.78173828125,0.94091796875,-3.58349609375
0.308,2.10205078125,0.50048828125,-3.54345703125
0.3085,2.38232421875,0.02001953125,-3.38330078125
0.309,2.62255859375,-0.50048828125,-3.18310546875
0.3095,2.90283203125,-1.06103515625,-2.86279296875
0.31,2.98291015625,-1.62158203125,-2.26220703125
0.3105,2.90283203125,-1.98193359375,-1.70166015625
0.311,2.82275390625,-2.26220703125,-1.26123046875
0.3115,2.70263671875,-2.50244140625,-0.74072265625
0.312,2.50244140625,-2.70263671875,-0.18017578125
0.3125,2.02197265625,-2.74267578125,0.66064453125
0.313,1.46142578125,-2.86279296875,1.30126953125
0.3135,1.02099609375,-2.66259765625,1.66162109375
0.314,0.58056640625,-2.50244140625,2.06201171875
0.3145,0.14013671875,-2.26220703125,2.42236328125
0.315,-0.58056640625,-1.98193359375,2.82275390625
0.3155,-1.30126953125,-1.38134765625,3.02294921875
0.316,-1.82177734375,-0.86083984375,3.02294921875
0.3165,-2.18212890625,-0.46044921875,3.02294921875
0.317,-2.42236328125,0.02001953125,2.90283203125
0.3175,-2.74267578125,0.54052734375,2.70263671875
0.318,-2.94287109375,1.14111328125,2.26220703125
0.3185,-3.06298828125,1.70166015625,1.62158203125
0.319,-2.98291015625,2.06201171875,1.18115234375
0.3195,-2.86279296875,2.38232421875,0.66064453125
0.32,-2.74267578125,2.58251953125,0.14013671875
0.3205,-2.42236328125,2.90283203125,-0.54052734375
0.321,-1.86181640625,2.86279296875,-1.38134765625
0.3215,-1.30126953125,2.74267578125,-2.02197265625
0.322,-0.90087890625,2.70263671875,-2.42236328125
0.3225,-0.38037109375,2.50244140625,-2.82275390625
0.323,0.26025390625,2.18212890625,-3.18310546875
0.3235,1.10107421875,1.62158203125,-3.54345703125
0.324,1.78173828125,1.06103515625,-3.74365234375
0.3245,2.14208984375,0.54052734375,-3.62353515625
0.325,2.46240234375,0.10009765625,-3.54345703125
0.3255,2.70263671875,-0.42041015625,-3.30322265625
0.326,2.94287109375,-0.94091796875,-3.02294921875
0.3265,3.02294921875,-1.62158203125,-2.30224609375
0.327,3.06298828125,-2.14208984375,-1.78173828125
0.3275,2.94287109375,-2.34228515625,-1.30126953125
0.328,2.74267578125,-2.58251953125,-0.78076171875
0.3285,2.58251953125,-2.66259765625,-0.18017578125
0.329,1.98193359375,-2.94287109375,0.62060546875
0.3295,1.50146484375,-2.90283203125,1.30126953125
0.33,0.98095703125,-2.62255859375,1.74169921875
0.3305,0.62060546875,-2.54248046875,2.06201171875
0.331,0.14013671875,-2.26220703125,2.38232421875
0.3315,-0.46044921875,-2.02197265625,2.74267578125
0.332,-1.26123046875,-1.38134765625,2.98291015625
0.3325,-1.86181640625,-0.86083984375,3.06298828125
0.333,-2.10205078125,-0.46044921875,2.98291015625
0.3335,-2.42236328125,0.02001953125,2.86279296875
0.334,-2.62255859375,0.46044921875,2.66259765625
0.3345,-2.86279296875,1.10107421875,2.34228515625
0.335,-3.02294921875,1.58154296875,1.86181640625
0.3355,-2.90283203125,1.98193359375,1.30126953125
0.336,-2.86279296875,2.26220703125,0.78076171875
0.3365,-2.62255859375,2.54248046875,0.34033203125
0.337,-2.58251953125,2.70263671875,-0.30029296875
0.3375,-2.02197265625,2.78271484375,-1.14111328125
0.338,-1.54150390625,2.82275390625,-1.74169921875
0.3385,-1.06103515625,2.66259765625,-2.18212890625
0.339,-0.62060546875,2.54248046875,-2.62255859375
0.3395,-0.10009765625,2.30224609375,-3.06298828125
0.34,0.62060546875,1.98193359375,-3.42333984375
0.3405,1.34130859375,1.42138671875,-3.70361328125
0.341,1.98193359375,0.78076171875,-3.70361328125
0.3415,2.30224609375,0.34033203125,-3.66357421875
0.342,2.58251953125,-0.18017578125,-3.50341796875
0.3425,2.90283203125,-0.78076171875,-3.34326171875
0.343,3.10302734375,-1.42138671875,-2.62255859375
0.3435,3.18310546875,-1.98193359375,-2.10205078125
0.344,3.10302734375,-2.30224609375,-1.54150390625
0.3445,2.98291015625,-2.58251953125,-0.90087890625
0.345,2.70263671875,-2.86279296875,-0.38037109375
0.3455,2.38232421875,-3.02294921875,0.30029296875
0.346,1.70166015625,-3.06298828125,1.18115234375
0.3465,1.10107421875,-2.86279296875,1.78173828125
0.347,0.70068359375,-2.70263671875,2.10205078125
0.3475,0.22021484375,-2.46240234375,2.42236328125
0.348,-0.50048828125,-2.10205078125,2.86279296875
0.3485,-1.30126953125,-1.46142578125,3.10302734375
0.349,-1.90185546875,-0.98095703125,3.26318359375
0.3495,-2.26220703125,-0.42041015625,3.06298828125
0.35,-2.54248046875,0.02001953125,3.02294921875
0.3505,-2.74267578125,0.50048828125,2.74267578125
0.351,-2.94287109375,0.94091796875,2.46240234375
0.3515,-3.06298828125,1.62158203125,1.78173828125
0.352,-3.02294921875,2.10205078125,1.22119140625
0.3525,-2.90283203125,2.38232421875,0.86083984375
0.353,-2.74267578125,2.50244140625,0.26025390625
0.3535,-2.50244140625,2.62255859375,-0.38037109375
0.354,-2.02197265625,2.82275390625,-1.14111328125
0.3545,-1.54150390625,2.86279296875,-1.78173828125
0.355,-0.94091796875,2.66259765625,-2.30224609375
0.3555,-0.50048828125,2.54248046875,-2.66259765625
0.356,0.02001953125,2.26220703125,-3.02294921875
0.3565,0.50048828125,2.06201171875,-3.46337890625
0.357,1.42138671875,1.34130859375,-3.70361328125
0.3575,1.94189453125,0.82080078125,-3.74365234375
0.358,2.26220703125,0.38037109375,-3.66357421875
0.3585,2.70263671875,-0.14013671875,-3.66357421875
0.359,2.86279296875,-0.62060546875,-3.26318359375
0.3595,3.06298828125,-1.22119140625,-2.86279296875
0.36,3.22314453125,-1.78173828125,-2.34228515625
0.3605,3.06298828125,-2.34228515625,-1.58154296875
0.361,3.02294921875,-2.58251953125,-1.14111328125
0.3615,2.78271484375,-2.82275390625,-0.62060546875
0.362,2.58251953125,-3.02294921875,0.06005859375
0.3625,1.86181640625,-3.06298828125,1.02099609375
0.363,1.38134765625,-3.02294921875,1.58154296875
0.3635,0.90087890625,-2.70263671875,2.06201171875
0.364,0.38037109375,-2.62255859375,2.46240234375
0.3645,-0.30029296875,-2.26220703125,2.78271484375
0.365,-0.98095703125,-1.86181640625,3.18310546875
0.3655,-1.86181640625,-1.14111328125,3.38330078125
0.366,-2.30224609375,-0.58056640625,3.26318359375
0.3665,-2.58251953125,-0.18017578125,3.14306640625
0.367,-2.78271484375,0.38037109375,2.90283203125
0.3675,-3.06298828125,0.94091796875,2.58251953125
0.368,-3.14306640625,1.66162109375,1.90185546875
0.3685,-3.26318359375,1.98193359375,1.42138671875
0.369,-3.06298828125,2.42236328125,0.78076171875
0.3695,-2.86279296875,2.58251953125,0.30029296875
0.37,-2.54248046875,2.74267578125,-0.34033203125
0.3705,-2.26220703125,2.94287109375,-0.98095703125
0.371,-1.46142578125,2.94287109375,-1.94189453125
0.3715,-0.90087890625,2.70263671875,-2.54248046875
0.372,-0.50048828125,2.54248046875,-2.78271484375
0.3725,0.02001953125,2.34228515625,-3.10302734375
0.373,0.66064453125,1.94189453125,-3.46337890625
0.3735,1.42138671875,1.30126953125,-3.70361328125
0.374,2.06201171875,0.78076171875,-3.82373046875
0.3745,2.42236328125,0.30029296875,-3.66357421875
0.375,2.62255859375,-0.18017578125,-3.54345703125
0.3755,2.82275390625,-0.62060546875,-3.18310546875
0.376,3.10302734375,-1.14111328125,-3.02294921875
0.3765,3.06298828125,-1.94189453125,-2.26220703125
0.377,3.14306640625,-2.26220703125,-1.70166015625
0.3775,2.98291015625,-2.54248046875,-1.14111328125
0.378,2.82275390625,-2.70263671875,-0.66064453125
0.3785,2.50244140625,-2.86279296875,0.02001953125
0.379,2.06201171875,-2.94287109375,0.70068359375
0.3795,1.54150390625,-2.94287109375,1.34130859375
0.38,0.94091796875,-2.74267578125,1.86181640625
0.3805,0.50048828125,-2.54248046875,2.26220703125
0.381,0.06005859375,-2.38232421875,2.58251953125
0.3815,-0.62060546875,-2.10205078125,3.06298828125
0.382,-1.50146484375,-1.34130859375,3.22314453125
0.3825,-1.94189453125,-0.90087890625,3.30322265625
0.383,-2.38232421875,-0.34033203125,3.18310546875
0.3835,-2.66259765625,0.14013671875,3.06298828125
0.384,-2.86279296875,0.66064453125,2.74267578125
0.3845,-3.22314453125,1.14111328125,2.42236328125
0.385,-3.26318359375,1.94189453125,1.74169921875
0.3855,-3.18310546875,2.30224609375,1.14111328125
0.386,-3.02294921875,2.58251953125,0.58056640625
0.3865,-2.86279296875,2.78271484375,0.06005859375
0.387,-2.54248046875,3.02294921875,-0.66064453125
0.3875,-1.78173828125,3.02294921875,-1.70166015625
0.388,-1.26123046875,3.02294921875,-2.26220703125
0.3885,-0.74072265625,2.74267578125,-2.66259765625
0.389,-0.26025390625,2.54248046875,-3.06298828125
0.3895,0.38037109375,2.18212890625,-3.34326171875
0.39,1.14111328125,1.78173828125,-3.78369140625
0.3905,1.98193359375,0.98095703125,-3.90380859375
0.391,2.42236328125,0.42041015625,-3.82373046875
0.3915,2.70263671875,-0.14013671875,-3.66357421875
0.392,2.86279296875,-0.50048828125,-3.46337890625
0.3925,3.10302734375,-1.10107421875,-2.86279296875
0.393,3.18310546875,-1.82177734375,-2.38232421875
0.3935,3.26318359375,-2.38232421875,-1.78173828125
0.394,3.06298828125,-2.54248046875,-1.26123046875
0.3945,2.86279296875,-2.74267578125,-0.66064453125
0.395,2.54248046875,-2.86279296875,-0.14013671875
0.3955,2.22216796875,-3.02294921875,0.58056640625
0.396,1.50146484375,-2.98291015625,1.42138671875
0.3965,0.94091796875,-2.82275390625,1.94189453125
0.397,0.54052734375,-2.58251953125,2.26220703125
0.3975,0.10009765625,-2.38232421875,2.54248046875
0.398,-0.58056640625,-2.02197265625,2.86279296875
0.3985,-1.26123046875,-1.50146484375,3.14306640625
0.399,-1.94189453125,-0.90087890625,3.26318359375
0.3995,-2.26220703125,-0.42041015625,3.18310546875
0.4,-2.54248046875,0.06005859375,3.02294921875
0.4005,-2.66259765625,0.50048828125,2.74267578125
0.401,-3.06298828125,0.98095703125,2.58251953125
0.4015,-3.10302734375,1.58154296875,1.94189453125
0.402,-3.18310546875,2.10205078125,1.38134765625
0.4025,-3.06298828125,2.42236328125,0.82080078125
0.403,-2.90283203125,2.62255859375,0.30029296875
0.4035,-2.62255859375,2.86279296875,-0.34033203125
0.404,-2.26220703125,3.02294921875,-1.10107421875
0.4045,-1.62158203125,2.98291015625,-1.86181640625
0.405,-1.02099609375,2.78271484375,-2.34228515625
0.4055,-0.58056640625,2.62255859375,-2.78271484375
0.406,-0.10009765625,2.42236328125,-3.14306640625
0.4065,0.58056640625,2.14208984375,-3.54345703125
0.407,1.46142578125,1.46142578125,-3.82373046875
0.4075,2.14208984375,0.78076171875,-3.90380859375
0.408,2.46240234375,0.34033203125,-3.82373046875
0.4085,2.74267578125,-0.22021484375,-3.38330078125
0.409,2.98291015625,-0.78076171875,-3.30322265625
0.4095,3.22314453125,-1.42138671875,-2.86279296875
0.41,3.22314453125,-1.98193359375,-2.06201171875
0.4105,3.18310546875,-2.42236328125,-1.54150390625
0.411,3.02294921875,-2.70263671875,-1.02099609375
0.4115,2.74267578125,-2.82275390625,-0.50048828125
0.412,2.46240234375,-2.98291015625,0.26025390625
0.4125,1.74169921875,-3.06298828125,1.18115234375
0.413,1.18115234375,-3.02294921875,1.86181640625
0.4135,0.66064453125,-2.70263671875,2.18212890625
0.414,0.22021484375,-2.50244140625,2.50244140625
0.4145,-0.38037109375,-2.14208984375,2.78271484375
0.415,-0.98095703125,-1.74169921875,3.06298828125
0.4155,-1.82177734375,-1.06103515625,3.30322265625
0.416,-2.30224609375,-0.50048828125,3.18310546875
0.4165,-2.54248046875,-0.10009765625,3.18310546875
0.417,-2.70263671875,0.34033203125,2.86279296875
0.4175,-2.90283203125,0.82080078125,2.58251953125
0.418,-3.02294921875,1.46142578125,1.90185546875
0.4185,-3.14306640625,2.02197265625,1.42138671875
0.419,-2.98291015625,2.26220703125,0.90087890625
0.4195,-2.86279296875,2.54248046875,0.38037109375
0.42,-2.62255859375,2.70263671875,-0.18017578125
0.4205,-2.38232421875,2.86279296875,-0.78076171875
0.421,-1.74169921875,2.86279296875,-1.58154296875
0.4215,-1.10107421875,2.74267578125,-2.26220703125
0.422,-0.70068359375,2.62255859375,-2.58251953125
0.4225,-0.26025390625,2.42236328125,-2.98291015625
0.423,0.46044921875,2.18212890625,-3.50341796875
0.4235,1.18115234375,1.58154296875,-3.70361328125
0.424,1.86181640625,1.02099609375,-3.86376953125
0.4245,2.30224609375,0.46044921875,-3.82373046875
0.425,2.62255859375,0.02001953125,-3.70361328125
0.4255,2.86279296875,-0.54052734375,-3.42333984375
0.426,3.06298828125,-1.10107421875,-3.14306640625
0.4265,3.26318359375,-1.74169921875,-2.50244140625
0.427,3.26318359375,-2.34228515625,-1.78173828125
0.4275,3.14306640625,-2.58251953125,-1.30126953125
0.428,2.94287109375,-2.78271484375,-0.70068359375
0.4285,2.62255859375,-2.94287109375,-0.10009765625
0.429,2.06201171875,-3.06298828125,0.78076171875
0.4295,1.54150390625,-3.06298828125,1.46142578125
0.43,0.90087890625,-2.86279296875,2.02197265625
0.4305,0.46044921875,-2.62255859375,2.38232421875
0.431,-0.10009765625,-2.38232421875,2.58251953125
0.4315,-0.70068359375,-2.06201171875,3.06298828125
0.432,-1.62158203125,-1.26123046875,3.26318359375
0.4325,-2.18212890625,-0.70068359375,3.26318359375
0.433,-2.42236328125,-0.30029296875,3.14306640625
0.4335,-2.66259765625,0.18017578125,2.98291015625
0.434,-2.82275390625,0.78076171875,2.62255859375
0.4345,-3.06298828125,1.26123046875,2.22216796875
0.435,-3.14306640625,1.86181640625,1.66162109375
0.4355,-3.06298828125,2.30224609375,0.98095703125
0.436,-2.90283203125,2.46240234375,0.58056640625
0.4365,-2.66259765625,2.62255859375,0.02001953125
0.437,-2.50244140625,2.86279296875,-0.58056640625
0.4375,-1.78173828125,2.90283203125,-1.54150390625
0.438,-1.30126953125,2.82275390625,-2.06201171875
0.4385,-0.74072265625,2.58251953125,-2.50244140625
0.439,-0.38037109375,2.50244140625,-2.86279296875
0.4395,0.26025390625,2.18212890625,-3.18310546875
0.44,0.86083984375,1.86181640625,-3.58349609375
0.4405,1.62158203125,1.22119140625,-3.82373046875
0.441,2.18212890625,0.50048828125,-3.70361328125
0.4415,2.46240234375,0.14013671875,-3.66357421875
0.442,2.78271484375,-0.42041015625,-3.54345703125
0.4425,3.02294921875,-0.82080078125,-3.22314453125
0.443,3.18310546875,-1.54150390625,-2.58251953125
0.4435,3.26318359375,-2.02197265625,-2.10205078125
0.444,3.14306640625,-2.42236328125,-1.46142578125
0.4445,3.02294921875,-2.70263671875,-0.94091796875
0.445,2.70263671875,-2.82275390625,-0.34033203125
0.4455,2.46240234375,-3.06298828125,0.30029296875
0.446,1.74169921875,-3.06298828125,1.26123046875
0.4465,1.10107421875,-2.90283203125,1.86181640625
0.447,0.66064453125,-2.70263671875,2.22216796875
0.4475,0.22021484375,-2.54248046875,2.58251953125
0.448,-0.50048828125,-2.14208984375,2.94287109375
0.4485,-1.30126953125,-1.54150390625,3.18310546875
0.449,-1.94189453125,-1.06103515625,3.38330078125
0.4495,-2.38232421875,-0.46044921875,3.22314453125
0.45,-2.70263671875,0.10009765625,3.10302734375
0.4505,-2.78271484375,0.54052734375,2.74267578125
0.451,-3.06298828125,1.02099609375,2.54248046875
0.4515,-3.14306640625,1.78173828125,1.74169921875
0.452,-3.14306640625,2.18212890625,1.22119140625
0.4525,-2.94287109375,2.42236328125,0.70068359375
0.453,-2.82275390625,2.62255859375,0.22021484375
0.4535,-2.42236328125,2.74267578125,-0.50048828125
0.454,-2.02197265625,2.86279296875,-1.22119140625
0.4545,-1.46142578125,2.86279296875,-1.90185546875
0.455,-0.90087890625,2.66259765625,-2.38232421875
0.4555,-0.50048828125,2.50244140625,-2.66259765625
0.456,0.02001953125,2.26220703125,-3.06298828125
0.4565,0.62060546875,2.02197265625,-3.26318359375
0.457,1.46142578125,1.22119140625,-3.66357421875
0.4575,1.94189453125,0.78076171875,-3.70361328125
0.458,2.34228515625,0.30029296875,-3.62353515625
0.4585,2.58251953125,-0.14013671875,-3.54345703125
0.459,2.82275390625,-0.66064453125,-3.18310546875
0.4595,3.06298828125,-1.18115234375,-2.90283203125
0.46,3.18310546875,-1.78173828125,-2.30224609375
0.4605,3.06298828125,-2.26220703125,-1.62158203125
0.461,2.94287109375,-2.50244140625,-1.22119140625
0.4615,2.82275390625,-2.70263671875,-0.62060546875
0.462,2.58251953125,-2.90283203125,0.02001953125
0.4625,1.94189453125,-3.02294921875,0.90087890625
0.463,1.46142578125,-2.98291015625,1.46142578125
0.4635,0.94091796875,-2.78271484375,1.94189453125
0.464,0.50048828125,-2.62255859375,2.30224609375
0.4645,-0.22021484375,-2.42236328125,2.58251953125
0.465,-0.70068359375,-2.06201171875,3.06298828125
0.4655,-1.58154296875,-1.30126953125,3.26318359375
0.466,-2.06201171875,-0.74072265625,3.22314453125
0.4665,-2.38232421875,-0.26025390625,3.06298828125
0.467,-2.62255859375,0.18017578125,2.98291015625
0.4675,-2.86279296875,0.70068359375,2.66259765625
0.468,-3.06298828125,1.38134765625,2.06201171875
0.4685,-3.14306640625,1.90185546875,1.58154296875
0.469,-3.02294921875,2.26220703125,1.02099609375
0.4695,-2.86279296875,2.46240234375,0.50048828125
0.47,-2.62255859375,2.62255859375,0.02001953125
0.4705,-2.42236328125,2.86279296875,-0.66064453125
0.471,-1.66162109375,2.86279296875,-1.54150390625
0.4715,-1.22119140625,2.74267578125,-2.06201171875
0.472,-0.74072265625,2.58251953125,-2.46240234375
0.4725,-0.42041015625,2.26220703125,-2.86279296875
0.473,0.30029296875,2.06201171875,-3.14306640625
0.4735,0.98095703125,1.58154296875,-3.46337890625
0.474,1.66162109375,1.10107421875,-3.66357421875
0.4745,2.02197265625,0.62060546875,-3.54345703125
0.475,2.30224609375,0.14013671875,-3.46337890625
0.4755,2.54248046875,-0.30029296875,-3.22314453125
0.476,2.86279296875,-0.78076171875,-3.06298828125
0.4765,2.90283203125,-1.42138671875,-2.42236328125
0.477,2.98291015625,-1.86181640625,-1.98193359375
0.4775,2.90283203125,-2.22216796875,-1.46142578125
0.478,2.82275390625,-2.46240234375,-0.98095703125
0.4785,2.54248046875,-2.62255859375,-0.38037109375
0.479,2.26220703125,-2.82275390625,0.30029296875
0.4795,1.74169921875,-2.86279296875,0.98095703125
0.48,1.22119140625,-2.70263671875,1.42138671875
0.4805,0.78076171875,-2.74267578125,1.78173828125
0.481,0.38037109375,-2.50244140625,2.26220703125
0.4815,-0.26025390625,-2.26220703125,2.70263671875
0.482,-1.02099609375,-1.58154296875,2.94287109375
0.4825,-1.58154296875,-1.14111328125,3.10302734375
0.483,-1.98193359375,-0.62060546875,3.06298828125
0.4835,-2.34228515625,-0.26025390625,3.02294921875
0.484,-2.62255859375,0.34033203125,2.78271484375
0.4845,-2.94287109375,0.86083984375,2.54248046875
0.485,-3.06298828125,1.50146484375,1.94189453125
0.4855,-3.06298828125,1.94189453125,1.38134765625
0.486,-2.94287109375,2.26220703125,0.86083984375
0.4865,-2.86279296875,2.54248046875,0.34033203125
0.487,-2.58251953125,2.74267578125,-0.30029296875
0.4875,-2.02197265625,2.86279296875,-1.14111328125
0.488,-1.54150390625,2.86279296875,-1.78173828125
0.4885,-1.14111328125,2.58251953125,-2.26220703125
0.489,-0.58056640625,2.54248046875,-2.62255859375
0.4895,0.02001953125,2.26220703125,-3.02294921875
0.49,0.70068359375,1.94189453125,-3.46337890625
0.4905,1.46142578125,1.26123046875,-3.66357421875
0.491,1.94189453125,0.70068359375,-3.58349609375
0.4915,2.26220703125,0.30029296875,-3.54345703125
0.492,2.50244140625,-0.14013671875,-3.34326171875
0.4925,2.74267578125,-0.66064453125,-3.06298828125
0.493,2.94287109375,-1.30126953125,-2.58251953125
0.4935,3.06298828125,-1.90185546875,-2.06201171875
0.494,2.94287109375,-2.18212890625,-1.54150390625
0.4945,2.78271484375,-2.42236328125,-1.02099609375
0.495,2.58251953125,-2.58251953125,-0.54052734375
0.4955,2.34228515625,-2.78271484375,0.10009765625
0.496,1.74169921875,-2.82275390625,0.90087890625
0.4965,1.18115234375,-2.86279296875,1.38134765625
0.497,0.86083984375,-2.62255859375,1.86181640625
0.4975,0.46044921875,-2.46240234375,2.18212890625
0.498,-0.14013671875,-2.18212890625,2.54248046875
0.4985,-0.86083984375,-1.74169921875,2.86279296875
0.499,-1.50146484375,-1.22119140625,3.06298828125
0.4995,-1.90185546875,-0.70068359375,3.02294921875
0.5,-2.26220703125,-0.30029296875,2.98291015625
0.5005,-2.50244140625,0.18017578125,2.82275390625
0.501,-2.78271484375,0.62060546875,2.62255859375
0.5015,-2.90283203125,1.26123046875,2.06201171875
0.502,-3.02294921875,1.78173828125,1.58154296875
0.5025,-2.94287109375,2.14208984375,1.10107421875
0.503,-2.86279296875,2.42236328125,0.58056640625
0.5035,-2.66259765625,2.66259765625,0.02001953125
0.504,-2.30224609375,2.86279296875,-0.78076171875
0.5045,-1.74169921875,2.74267578125,-1.58154296875
0.505,-1.22119140625,2.70263671875,-2.02197265625
0.5055,-0.78076171875,2.62255859375,-2.50244140625
0.506,-0.34033203125,2.46240234375,-2.86279296875
0.5065,0.46044921875,2.26220703125,-3.34326171875
0.507,1.22119140625,1.58154296875,-3.62353515625
0.5075,1.90185546875,0.98095703125,-3.78369140625
0.508,2.22216796875,0.50048828125,-3.70361328125
0.5085,2.54248046875,0.02001953125,-3.54345703125
0.509,2.78271484375,-0.54052734375,-3.30322265625
0.5095,3.06298828125,-1.14111328125,-2.86279296875
0.51,3.18310546875,-1.78173828125,-2.26220703125
0.5105,3.06298828125,-2.26220703125,-1.62158203125
0.511,2.94287109375,-2.50244140625,-1.14111328125
0.5115,2.70263671875,-2.62255859375,-0.62060546875
0.512,2.42236328125,-2.86279296875,0.06005859375
0.5125,1.86181640625,-3.06298828125,0.90087890625
0.513,1.30126953125,-2.94287109375,1.58154296875
0.5135,0.82080078125,-2.70263671875,1.94189453125
0.514,0.38037109375,-2.50244140625,2.26220703125
0.5145,-0.10009765625,-2.18212890625,2.50244140625
0.515,-0.78076171875,-1.78173828125,2.90283203125
0.5155,-1.54150390625,-1.18115234375,3.10302734375
0.516,-2.02197265625,-0.62060546875,3.06298828125
0.5165,-2.30224609375,-0.26025390625,2.94287109375
0.517,-2.46240234375,0.22021484375,2.74267578125
0.5175,-2.70263671875,0.62060546875,2.54248046875
0.518,-2.86279296875,1.26123046875,2.06201171875
0.5185,-2.98291015625,1.74169921875,1.58154296875
0.519,-2.86279296875,2.06201171875,1.10107421875
0.5195,-2.82275390625,2.34228515625,0.58056640625
0.52,-2.62255859375,2.54248046875,0.10009765625
0.5205,-2.50244140625,2.58251953125,-0.50048828125
0.521,-1.86181640625,2.74267578125,-1.26123046875
0.5215,-1.30126953125,2.66259765625,-1.94189453125
0.522,-0.98095703125,2.58251953125,-2.26220703125
0.5225,-0.50048828125,2.42236328125,-2.78271484375
0.523,0.06005859375,2.26220703125,-3.14306640625
0.5235,0.82080078125,1.78173828125,-3.46337890625
0.524,1.46142578125,1.30126953125,-3.70361328125
0.5245,1.98193359375,0.70068359375,-3.66357421875
0.525,2.38232421875,0.26025390625,-3.66357421875
0.5255,2.62255859375,-0.26025390625,-3.46337890625
0.526,2.98291015625,-0.78076171875,-3.26318359375
0.5265,3.14306640625,-1.46142578125,-2.58251953125
0.527,3.18310546875,-2.06201171875,-1.94189453125
0.5275,3.10302734375,-2.34228515625,-1.46142578125
0.528,2.94287109375,-2.66259765625,-0.94091796875
0.5285,2.58251953125,-3.02294921875,-0.30029296875
0.529,2.22216796875,-3.06298828125,0.58056640625
0.5295,1.62158203125,-3.14306640625,1.30126953125
0.53,1.02099609375,-2.86279296875,1.94189453125
0.5305,0.62060546875,-2.74267578125,2.22216796875
0.531,0.06005859375,-2.42236328125,2.54248046875
0.5315,-0.62060546875,-2.10205078125,2.98291015625
0.532,-1.54150390625,-1.30126953125,3.22314453125
0.5325,-2.14208984375,-0.78076171875,3.30322265625
0.533,-2.38232421875,-0.30029296875,3.10302734375
0.5335,-2.66259765625,0.18017578125,2.98291015625
0.534,-2.82275390625,0.66064453125,2.62255859375
0.5345,-2.98291015625,1.26123046875,2.18212890625
0.535,-3.10302734375,1.78173828125,1.58154296875
0.5355,-3.02294921875,2.26220703125,0.98095703125
0.536,-2.86279296875,2.42236328125,0.50048828125
0.5365,-2.54248046875,2.46240234375,-0.14013671875
0.537,-2.42236328125,2.70263671875,-0.62060546875
0.5375,-1.70166015625,2.74267578125,-1.46142578125
0.538,-1.26123046875,2.78271484375,-2.06201171875
0.5385,-0.74072265625,2.54248046875,-2.42236328125
0.539,-0.38037109375,2.42236328125,-2.82275390625
0.5395,0.18017578125,2.10205078125,-3.06298828125
0.54,0.78076171875,1.78173828125,-3.46337890625
0.5405,1.54150390625,1.22119140625,-3.66357421875
0.541,2.06201171875,0.62060546875,-3.66357421875
0.5415,2.38232421875,0.22021484375,-3.58349609375
0.542,2.62255859375,-0.26025390625,-3.42333984375
0.5425,2.94287109375,-0.74072265625,-3.22314453125
0.543,3.02294921875,-1.38134765625,-2.62255859375
0.5435,3.18310546875,-1.90185546875,-2.22216796875
0.544,3.06298828125,-2.30224609375,-1.58154296875
0.5445,2.90283203125,-2.70263671875,-1.06103515625
0.545,2.74267578125,-2.82275390625,-0.50048828125
0.5455,2.54248046875,-3.06298828125,0.18017578125
0.546,1.82177734375,-3.06298828125,1.06103515625
0.5465,1.26123046875,-2.94287109375,1.66162109375
0.547,0.78076171875,-2.74267578125,2.10205078125
0.5475,0.30029296875,-2.58251953125,2.50244140625
0.548,-0.38037109375,-2.26220703125,2.86279296875
0.5485,-1.22119140625,-1.66162109375,3.22314453125
0.549,-1.90185546875,-1.14111328125,3.38330078125
0.5495,-2.38232421875,-0.50048828125,3.26318359375
0.55,-2.54248046875,0.06005859375,3.14306640625
0.5505,-2.82275390625,0.50048828125,2.86279296875
0.551,-3.18310546875,1.02099609375,2.62255859375
0.5515,-3.18310546875,1.86181640625,1.78173828125
0.552,-3.26318359375,2.26220703125,1.26123046875
0.5525,-3.02294921875,2.42236328125,0.58056640625
0.553,-2.90283203125,2.74267578125,0.14013671875
0.5535,-2.46240234375,2.86279296875,-0.62060546875
0.554,-1.98193359375,3.02294921875,-1.38134765625
0.5545,-1.34130859375,2.98291015625,-2.18212890625
0.555,-0.78076171875,2.74267578125,-2.62255859375
0.5555,-0.30029296875,2.50244140625,-2.90283203125
0.556,0.22021484375,2.26220703125,-3.22314453125
0.5565,0.90087890625,1.86181640625,-3.62353515625
0.557,1.78173828125,1.02099609375,-3.78369140625
0.5575,2.26220703125,0.58056640625,-3.78369140625
0.558,2.62255859375,0.14013671875,-3.70361328125
0.5585,2.78271484375,-0.34033203125,-3.50341796875
0.559,2.94287109375,-0.90087890625,-3.06298828125
0.5595,3.14306640625,-1.38134765625,-2.70263671875
0.56,3.18310546875,-2.02197265625,-2.06201171875
0.5605,2.94287109375,-2.54248046875,-1.42138671875
0.561,2.86279296875,-2.58251953125,-0.98095703125
0.5615,2.70263671875,-2.82275390625,-0.50048828125
0.562,2.46240234375,-2.90283203125,0.18017578125
0.5625,1.78173828125,-2.94287109375,1.02099609375
0.563,1.30126953125,-2.90283203125,1.58154296875
0.5635,0.78076171875,-2.70263671875,2.06201171875
0.564,0.38037109375,-2.54248046875,2.38232421875
0.5645,-0.22021484375,-2.22216796875,2.70263671875
0.565,-0.78076171875,-1.98193359375,3.10302734375
0.5655,-1.62158203125,-1.22119140625,3.30322265625
0.566,-2.02197265625,-0.70068359375,3.14306640625
0.5665,-2.42236328125,-0.26025390625,3.14306640625
0.567,-2.70263671875,0.26025390625,3.06298828125
0.5675,-2.94287109375,0.74072265625,2.74267578125
0.568,-3.14306640625,1.42138671875,2.22216796875
0.5685,-3.22314453125,1.86181640625,1.62158203125
0.569,-3.14306640625,2.30224609375,1.06103515625
0.5695,-2.98291015625,2.54248046875,0.54052734375
0.57,-2.78271484375,2.82275390625,0.02001953125
0.5705,-2.54248046875,3.02294921875,-0.70068359375
0.571,-1.78173828125,3.02294921875,-1.66162109375
0.5715,-1.22119140625,2.94287109375,-2.26220703125
0.572,-0.70068359375,2.78271484375,-2.70263671875
0.5725,-0.26025390625,2.54248046875,-3.06298828125
0.573,0.50048828125,2.18212890625,-3.42333984375
0.5735,1.30126953125,1.58154296875,-3.86376953125
0.574,2.06201171875,0.98095703125,-4.02392578125
0.5745,2.42236328125,0.38037109375,-3.82373046875
0.575,2.70263671875,-0.14013671875,-3.62353515625
0.5755,2.94287109375,-0.58056640625,-3.34326171875
0.576,3.18310546875,-1.14111328125,-3.06298828125
0.5765,3.30322265625,-1.90185546875,-2.26220703125
0.577,3.22314453125,-2.42236328125,-1.62158203125
0.5775,3.06298828125,-2.66259765625,-1.14111328125
0.578,2.82275390625,-2.74267578125,-0.58056640625
0.5785,2.42236328125,-2.86279296875,0.14013671875
0.579,1.98193359375,-3.06298828125,0.90087890625
0.5795,1.30126953125,-2.98291015625,1.62158203125
0.58,0.78076171875,-2.70263671875,2.06201171875
0.5805,0.34033203125,-2.54248046875,2.38232421875
0.581,-0.14013671875,-2.26220703125,2.66259765625
0.5815,-0.78076171875,-1.86181640625,3.10302734375
0.582,-1.58154296875,-1.22119140625,3.18310546875
0.5825,-2.14208984375,-0.66064453125,3.22314453125
0.583,-2.42236328125,-0.26025390625,3.14306640625
0.5835,-2.62255859375,0.22021484375,2.94287109375
0.584,-2.86279296875,0.66064453125,2.70263671875
0.5845,-3.06298828125,1.18115234375,2.34228515625
0.585,-3.10302734375,1.74169921875,1.70166015625
0.5855,-3.06298828125,2.10205078125,1.14111328125
0.586,-2.94287109375,2.42236328125,0.62060546875
0.5865,-2.82275390625,2.62255859375,0.14013671875
0.587,-2.54248046875,2.86279296875,-0.50048828125
0.5875,-1.98193359375,2.90283203125,-1.26123046875
0.588,-1.42138671875,2.90283203125,-1.94189453125
0.5885,-0.94091796875,2.70263671875,-2.42236328125
0.589,-0.50048828125,2.54248046875,-2.82275390625
0.5895,0.10009765625,2.42236328125,-3.18310546875
0.59,0.70068359375,2.02197265625,-3.58349609375
0.5905,1.54150390625,1.34130859375,-3.82373046875
0.591,2.14208984375,0.70068359375,-3.82373046875
0.5915,2.54248046875,0.26025390625,-3.78369140625
0.592,2.74267578125,-0.26025390625,-3.58349609375
0.5925,3.06298828125,-0.78076171875,-3.34326171875
0.593,3.22314453125,-1.58154296875,-2.74267578125
0.5935,3.34326171875,-2.18212890625,-2.10205078125
0.594,3.18310546875,-2.50244140625,-1.50146484375
0.5945,3.06298828125,-2.74267578125,-0.94091796875
0.595,2.78271484375,-2.90283203125,-0.34033203125
0.5955,2.42236328125,-3.06298828125,0.38037109375
0.596,1.70166015625,-3.14306640625,1.30126953125
0.5965,1.02099609375,-2.94287109375,1.94189453125
0.597,0.62060546875,-2.78271484375,2.30224609375
0.5975,0.02001953125,-2.54248046875,2.62255859375
0.598,-0.58056640625,-2.10205078125,2.94287109375
0.5985,-1.38134765625,-1.50146484375,3.22314453125
0.599,-2.06201171875,-0.90087890625,3.34326171875
0.5995,-2.42236328125,-0.30029296875,3.18310546875
0.6,-2.62255859375,0.14013671875,3.06298828125
0.6005,-2.82275390625,0.54052734375,2.70263671875
0.601,-3.02294921875,0.98095703125,2.42236328125
0.6015,-3.06298828125,1.66162109375,1.74169921875
0.602,-3.06298828125,2.22216796875,1.14111328125
0.6025,-2.94287109375,2.38232421875,0.70068359375
0.603,-2.70263671875,2.58251953125,0.18017578125
0.6035,-2.50244140625,2.74267578125,-0.42041015625
0.604,-2.06201171875,2.82275390625,-1.14111328125
0.6045,-1.54150390625,2.86279296875,-1.78173828125
0.605,-0.94091796875,2.62255859375,-2.30224609375
0.6055,-0.62060546875,2.54248046875,-2.62255859375
0.606,0.02001953125,2.26220703125,-2.98291015625
0.6065,0.50048828125,2.06201171875,-3.38330078125
0.607,1.30126953125,1.42138671875,-3.66357421875
0.6075,1.94189453125,0.86083984375,-3.78369140625
0.608,2.26220703125,0.38037109375,-3.70361328125
0.6085,2.62255859375,-0.14013671875,-3.54345703125
0.609,2.86279296875,-0.62060546875,-3.38330078125
0.6095,3.14306640625,-1.18115234375,-3.02294921875
0.61,3.18310546875,-1.74169921875,-2.46240234375
0.6105,3.18310546875,-2.26220703125,-1.74169921875
0.611,3.06298828125,-2.58251953125,-1.26123046875
0.6115,2.86279296875,-2.78271484375,-0.66064453125
0.612,2.66259765625,-3.02294921875,0.02001953125
0.6125,2.02197265625,-3.10302734375,0.90087890625
0.613,1.46142578125,-3.06298828125,1.58154296875
0.6135,0.98095703125,-2.86279296875,1.98193359375
0.614,0.50048828125,-2.70263671875,2.46240234375
0.6145,-0.18017578125,-2.34228515625,2.74267578125
0.615,-0.82080078125,-1.98193359375,3.18310546875
0.6155,-1.66162109375,-1.26123046875,3.34326171875
0.616,-2.26220703125,-0.62060546875,3.30322265625
0.6165,-2.54248046875,-0.22021484375,3.18310546875
0.617,-2.74267578125,0.26025390625,2.94287109375
0.6175,-2.98291015625,0.78076171875,2.66259765625
0.618,-3.14306640625,1.54150390625,1.98193359375
0.6185,-3.18310546875,2.06201171875,1.50146484375
0.619,-3.06298828125,2.38232421875,0.86083984375
0.6195,-2.90283203125,2.58251953125,0.38037109375
0.62,-2.58251953125,2.70263671875,-0.26025390625
0.6205,-2.30224609375,2.90283203125,-0.86083984375
0.621,-1.58154296875,2.90283203125,-1.74169921875
0.6215,-1.10107421875,2.74267578125,-2.30224609375
0.622,-0.62060546875,2.54248046875,-2.62255859375
0.6225,-0.18017578125,2.38232421875,-2.94287109375
0.623,0.50048828125,2.02197265625,-3.34326171875
0.6235,1.22119140625,1.50146484375,-3.58349609375
0.624,1.86181640625,1.02099609375,-3.78369140625
0.6245,2.26220703125,0.42041015625,-3.70361328125
0.625,2.54248046875,0.02001953125,-3.54345703125
0.6255,2.74267578125,-0.58056640625,-3.30322265625
0.626,3.06298828125,-0.94091796875,-3.14306640625
0.6265,3.10302734375,-1.66162109375,-2.42236328125
0.627,3.18310546875,-2.18212890625,-1.86181640625
0.6275,3.06298828125,-2.42236328125,-1.30126953125
0.628,2.94287109375,-2.74267578125,-0.78076171875
0.6285,2.58251953125,-2.86279296875,-0.18017578125
0.629,2.22216796875,-3.02294921875,0.58056640625
0.6295,1.66162109375,-3.06298828125,1.30126953125
0.63,1.02099609375,-2.86279296875,1.94189453125
0.6305,0.58056640625,-2.70263671875,2.26220703125
0.631,0.06005859375,-2.46240234375,2.62255859375
0.6315,-0.58056640625,-2.22216796875,3.10302734375
0.632,-1.46142578125,-1.38134765625,3.26318359375
0.6325,-2.02197265625,-0.90087890625,3.38330078125
0.633,-2.42236328125,-0.38037109375,3.26318359375
0.6335,-2.70263671875,0.10009765625,3.14306640625
0.634,-2.90283203125,0.66064453125,2.74267578125
0.6345,-3.18310546875,1.22119140625,2.42236328125
0.635,-3.18310546875,1.86181640625,1.66162109375
0.6355,-3.14306640625,2.26220703125,1.10107421875
0.636,-2.94287109375,2.50244140625,0.58056640625
0.6365,-2.74267578125,2.70263671875,0.06005859375
0.637,-2.50244140625,2.90283203125,-0.62060546875
0.6375,-1.78173828125,2.90283203125,-1.46142578125
0.638,-1.30126953125,2.90283203125,-2.10205078125
0.6385,-0.78076171875,2.62255859375,-2.50244140625
0.639,-0.34033203125,2.46240234375,-2.86279296875
0.6395,0.30029296875,2.10205078125,-3.14306640625
0.64,0.82080078125,1.90185546875,-3.58349609375
0.6405,1.70166015625,1.14111328125,-3.78369140625
0.641,2.10205078125,0.58056640625,-3.70361328125
0.6415,2.42236328125,0.14013671875,-3.58349609375
0.642,2.66259765625,-0.30029296875,-3.42333984375
0.6425,2.90283203125,-0.82080078125,-3.14306640625
0.643,3.06298828125,-1.42138671875,-2.54248046875
0.6435,3.18310546875,-1.94189453125,-2.06201171875
0.644,3.02294921875,-2.30224609375,-1.46142578125
0.6445,2.86279296875,-2.54248046875,-0.98095703125
0.645,2.62255859375,-2.70263671875,-0.42041015625
0.6455,2.50244140625,-2.90283203125,0.22021484375
0.646,1.74169921875,-2.90283203125,1.10107421875
0.6465,1.22119140625,-2.82275390625,1.62158203125
0.647,0.74072265625,-2.66259765625,2.06201171875
0.6475,0.30029296875,-2.54248046875,2.42236328125
0.648,-0.34033203125,-2.18212890625,2.74267578125
0.6485,-1.02099609375,-1.70166015625,3.18310546875
0.649,-1.70166015625,-1.18115234375,3.22314453125
0.6495,-2.14208984375,-0.50048828125,3.18310546875
0.65,-2.50244140625,-0.14013671875,3.06298828125
0.6505,-2.74267578125,0.38037109375,2.86279296875
0.651,-3.06298828125,0.86083984375,2.66259765625
0.6515,-3.06298828125,1.58154296875,1.94189453125
0.652,-3.14306640625,1.98193359375,1.42138671875
0.6525,-3.02294921875,2.30224609375,0.90087890625
0.653,-2.86279296875,2.58251953125,0.38037109375
0.6535,-2.54248046875,2.70263671875,-0.30029296875
0.654,-2.22216796875,2.90283203125,-0.98095703125
0.6545,-1.58154296875,2.90283203125,-1.74169921875
0.655,-1.02099609375,2.70263671875,-2.22216796875
0.6555,-0.62060546875,2.54248046875,-2.58251953125
0.656,-0.18017578125,2.34228515625,-2.98291015625
0.6565,0.50048828125,2.02197265625,-3.50341796875
0.657,1.26123046875,1.34130859375,-3.50341796875
0.6575,1.94189453125,0.82080078125,-3.82373046875
0.658,2.22216796875,0.38037109375,-3.62353515625
0.6585,2.50244140625,0.02001953125,-3.50341796875
0.659,2.70263671875,-0.62060546875,-3.18310546875
0.6595,3.02294921875,-1.10107421875,-2.94287109375
0.66,3.06298828125,-1.70166015625,-2.26220703125
0.6605,3.02294921875,-2.06201171875,-1.74169921875
0.661,2.90283203125,-2.38232421875,-1.26123046875
0.6615,2.74267578125,-2.58251953125,-0.70068359375
0.662,2.50244140625,-2.82275390625,-0.14013671875
0.6625,1.98193359375,-2.90283203125,0.70068359375
0.663,1.46142578125,-2.86279296875,1.30126953125
0.6635,0.98095703125,-2.66259765625,1.74169921875
0.664,0.58056640625,-2.54248046875,2.10205078125
0.6645,0.06005859375,-2.30224609375,2.42236328125
0.665,-0.58056640625,-2.02197265625,2.94287109375
0.6655,-1.30126953125,-1.38134765625,3.02294921875
0.666,-1.86181640625,-0.90087890625,3.06298828125
0.6665,-2.22216796875,-0.38037109375,3.02294921875
0.667,-2.50244140625,0.06005859375,2.94287109375
0.6675,-2.74267578125,0.58056640625,2.66259765625
0.668,-2.94287109375,1.14111328125,2.26220703125
0.6685,-3.06298828125,1.70166015625,1.74169921875
0.669,-2.94287109375,2.06201171875,1.18115234375
0.6695,-2.86279296875,2.38232421875,0.66064453125
0.67,-2.74267578125,2.58251953125,0.14013671875
0.6705,-2.54248046875,2.82275390625,-0.50048828125
0.671,-1.90185546875,2.86279296875,-1.30126953125
0.6715,-1.34130859375,2.78271484375,-1.94189453125
0.672,-0.94091796875,2.66259765625,-2.30224609375
0.6725,-0.46044921875,2.50244140625,-2.70263671875
0.673,0.14013671875,2.06201171875,-3.14306640625
0.6735,0.90087890625,1.78173828125,-3.54345703125
0.674,1.58154296875,1.22119140625,-3.66357421875
0.6745,1.98193359375,0.66064453125,-3.66357421875
0.675,2.38232421875,0.22021484375,-3.54345703125
0.6755,2.58251953125,-0.30029296875,-3.42333984375
0.676,2.90283203125,-0.78076171875,-3.14306640625
0.6765,3.02294921875,-1.46142578125,-2.50244140625
0.677,3.10302734375,-1.98193359375,-1.94189453125
0.6775,2.94287109375,-2.26220703125,-1.46142578125
0.678,2.82275390625,-2.54248046875,-0.90087890625
0.6785,2.54248046875,-2.70263671875,-0.34033203125
0.679,2.22216796875,-2.90283203125,0.42041015625
0.6795,1.62158203125,-2.86279296875,1.14111328125
0.68,1.10107421875,-2.70263671875,1.62158203125
0.6805,0.70068359375,-2.58251953125,1.98193359375
0.681,0.10009765625,-2.46240234375,2.42236328125
0.6815,-0.38037109375,-2.18212890625,2.70263671875
0.682,-1.14111328125,-1.58154296875,2.98291015625
0.6825,-1.78173828125,-0.98095703125,3.10302734375
0.683,-2.06201171875,-0.58056640625,3.02294921875
0.6835,-2.34228515625,-0.14013671875,2.90283203125
0.684,-2.58251953125,0.38037109375,2.70263671875
0.6845,-2.86279296875,0.90087890625,2.46240234375
0.685,-2.94287109375,1.50146484375,1.90185546875
0.6855,-2.94287109375,1.94189453125,1.30126953125
0.686,-2.90283203125,2.22216796875,0.82080078125
0.6865,-2.74267578125,2.46240234375,0.34033203125
0.687,-2.58251953125,2.70263671875,-0.30029296875
0.6875,-2.06201171875,2.82275390625,-1.02099609375
0.688,-1.58154296875,2.82275390625,-1.70166015625
0.6885,-1.10107421875,2.70263671875,-2.14208984375
0.689,-0.58056640625,2.54248046875,-2.62255859375
0.6895,-0.18017578125,2.30224609375,-2.94287109375
0.69,0.54052734375,2.06201171875,-3.38330078125
0.6905,1.34130859375,1.42138671875,-3.66357421875
0.691,1.94189453125,0.82080078125,-3.70361328125
0.6915,2.26220703125,0.38037109375,-3.66357421875
0.692,2.54248046875,-0.10009765625,-3.50341796875
0.6925,2.86279296875,-0.62060546875,-3.22314453125
0.693,3.14306640625,-1.22119140625,-2.74267578125
0.6935,3.18310546875,-1.90185546875,-2.18212890625
0.694,3.06298828125,-2.26220703125,-1.58154296875
0.6945,2.94287109375,-2.54248046875,-1.06103515625
0.695,2.70263671875,-2.70263671875,-0.50048828125
0.6955,2.42236328125,-2.90283203125,0.18017578125
0.696,1.78173828125,-2.98291015625,1.06103515625
0.6965,1.18115234375,-2.90283203125,1.82177734375
0.697,0.78076171875,-2.74267578125,2.02197265625
0.6975,0.30029296875,-2.50244140625,2.38232421875
0.698,-0.38037109375,-2.18212890625,2.74267578125
0.6985,-1.14111328125,-1.62158203125,3.06298828125
0.699,-1.78173828125,-1.10107421875,3.22314453125
0.6995,-2.18212890625,-0.50048828125,3.06298828125
0.7,-2.42236328125,-0.14013671875,2.98291015625
0.7005,-2.58251953125,0.34033203125,2.74267578125
0.701,-2.78271484375,0.82080078125,2.46240234375
0.7015,-2.94287109375,1.46142578125,1.90185546875
0.702,-2.98291015625,1.94189453125,1.34130859375
0.7025,-2.86279296875,2.18212890625,0.90087890625
0.703,-2.74267578125,2.42236328125,0.38037109375
0.7035,-2.54248046875,2.58251953125,-0.22021484375
0.704,-2.14208984375,2.70263671875,-0.86083984375
0.7045,-1.66162109375,2.74267578125,-1.30126953125
0.705,-1.14111328125,2.58251953125,-2.06201171875
0.7055,-0.70068359375,2.50244140625,-2.42236328125
0.706,-0.30029296875,2.26220703125,-2.78271484375
0.7065,0.30029296875,2.14208984375,-3.18310546875
0.707,1.06103515625,1.54150390625,-3.50341796875
0.7075,1.66162109375,1.02099609375,-3.62353515625
0.708,1.98193359375,0.58056640625,-3.54345703125
0.7085,2.42236328125,0.14013671875,-3.54345703125
0.709,2.74267578125,-0.38037109375,-3.46337890625
0.7095,2.94287109375,-0.98095703125,-3.06298828125
0.71,3.10302734375,-1.54150390625,-2.54248046875
0.7105,3.06298828125,-2.06201171875,-1.86181640625
0.711,3.02294921875,-2.34228515625,-1.42138671875
0.7115,2.86279296875,-2.62255859375,-0.82080078125
0.712,2.70263671875,-2.86279296875,-0.26025390625
0.7125,2.06201171875,-2.98291015625,0.58056640625
0.713,1.58154296875,-3.06298828125,1.34130859375
0.7135,1.02099609375,-2.86279296875,1.82177734375
0.714,0.58056640625,-2.70263671875,2.26220703125
0.7145,0.02001953125,-2.34228515625,2.58251953125
0.715,-0.70068359375,-2.06201171875,3.06298828125
0.7155,-1.58154296875,-1.34130859375,3.22314453125
0.716,-2.10205078125,-0.74072265625,3.22314453125
0.7165,-2.38232421875,-0.30029296875,3.14306640625
0.717,-2.62255859375,0.14013671875,2.86279296875
0.7175,-2.86279296875,0.74072265625,2.66259765625
0.718,-3.06298828125,1.42138671875,2.02197265625
0.7185,-3.18310546875,1.94189453125,1.58154296875
0.719,-3.02294921875,2.26220703125,0.94091796875
0.7195,-2.86279296875,2.50244140625,0.46044921875
0.72,-2.54248046875,2.62255859375,-0.18017578125
0.7205,-2.30224609375,2.74267578125,-0.82080078125
0.721,-1.58154296875,2.86279296875,-1.66162109375
0.7215,-1.10107421875,2.70263671875,-2.22216796875
0.722,-0.66064453125,2.54248046875,-2.54248046875
0.7225,-0.26025390625,2.42236328125,-2.86279296875
0.723,0.46044921875,2.02197265625,-3.22314453125
0.7235,1.14111328125,1.54150390625,-3.54345703125
0.724,1.78173828125,1.02099609375,-3.74365234375
0.7245,2.22216796875,0.46044921875,-3.62353515625
0.725,2.50244140625,0.06005859375,-3.54345703125
0.7255,2.70263671875,-0.46044921875,-3.30322265625
0.726,3.02294921875,-0.90087890625,-3.14306640625
0.7265,3.06298828125,-1.62158203125,-2.42236328125
0.727,3.14306640625,-2.06201171875,-1.94189453125
0.7275,3.02294921875,-2.38232421875,-1.34130859375
0.728,2.94287109375,-2.66259765625,-0.86083984375
0.7285,2.62255859375,-2.86279296875,0.02001953125
0.729,2.26220703125,-3.06298828125,0.50048828125
0.7295,1.66162109375,-3.06298828125,1.30126953125
0.73,1.02099609375,-2.86279296875,1.86181640625
0.7305,0.62060546875,-2.70263671875,2.26220703125
0.731,0.14013671875,-2.46240234375,2.58251953125
0.7315,-0.58056640625,-2.22216796875,3.06298828125
0.732,-1.46142578125,-1.42138671875,3.22314453125
0.7325,-1.98193359375,-0.98095703125,3.38330078125
0.733,-2.42236328125,-0.38037109375,3.22314453125
0.7335,-2.70263671875,0.06005859375,3.14306640625
0.734,-2.90283203125,0.62060546875,2.78271484375
0.7345,-3.18310546875,1.22119140625,2.42236328125
0.735,-3.26318359375,1.94189453125,1.74169921875
0.7355,-3.18310546875,2.30224609375,1.10107421875
0.736,-2.98291015625,2.54248046875,0.58056640625
0.7365,-2.82275390625,2.78271484375,0.02001953125
0.737,-2.50244140625,2.94287109375,-0.70068359375
0.7375,-1.78173828125,3.02294921875,-1.62158203125
0.738,-1.26123046875,2.98291015625,-2.26220703125
0.7385,-0.70068359375,2.74267578125,-2.66259765625
0.739,-0.26025390625,2.50244140625,-3.02294921875
0.7395,0.38037109375,2.14208984375,-3.26318359375
0.74,1.02099609375,1.78173828125,-3.70361328125
0.7405,1.94189453125,0.98095703125,-3.86376953125
0.741,2.34228515625,0.50048828125,-3.78369140625
0.7415,2.62255859375,0.02001953125,-3.66357421875
0.742,2.82275390625,-0.42041015625,-3.46337890625
0.7425,3.02294921875,-0.98095703125,-3.06298828125
0.743,3.18310546875,-1.66162109375,-2.46240234375
0.7435,3.22314453125,-2.18212890625,-1.94189453125
0.744,3.06298828125,-2.50244140625,-1.30126953125
0.7445,2.86279296875,-2.66259765625,-0.78076171875
0.745,2.58251953125,-2.82275390625,-0.26025390625
0.7455,2.34228515625,-3.06298828125,0.42041015625
0.746,1.54150390625,-2.94287109375,1.34130859375
0.7465,1.02099609375,-2.86279296875,1.86181640625
0.747,0.62060546875,-2.62255859375,2.26220703125
0.7475,0.14013671875,-2.46240234375,2.58251953125
0.748,-0.50048828125,-2.10205078125,2.86279296875
0.7485,-1.22119140625,-1.62158203125,3.18310546875
0.749,-1.94189453125,-0.98095703125,3.34326171875
0.7495,-2.30224609375,-0.46044921875,3.22314453125
0.75,-2.58251953125,0.02001953125,3.06298828125
0.7505,-2.82275390625,0.46044921875,2.90283203125
0.751,-3.14306640625,0.98095703125,2.62255859375
0.7515,-3.14306640625,1.66162109375,1.90185546875
0.752,-3.18310546875,2.10205078125,1.38134765625
0.7525,-3.06298828125,2.42236328125,0.82080078125
0.753,-2.90283203125,2.62255859375,0.30029296875
0.7535,-2.62255859375,2.78271484375,-0.38037109375
0.754,-2.26220703125,3.06298828125,-1.10107421875
0.7545,-1.58154296875,3.02294921875,-1.94189453125
0.755,-0.98095703125,2.82275390625,-2.42236328125
0.7555,-0.54052734375,2.66259765625,-2.82275390625
0.756,0.02001953125,2.42236328125,-3.18310546875
0.7565,0.66064453125,2.06201171875,-3.58349609375
0.757,1.58154296875,1.34130859375,-3.86376953125
0.7575,2.22216796875,0.78076171875,-3.94384765625
0.758,2.54248046875,0.26025390625,-3.82373046875
0.7585,2.78271484375,-0.26025390625,-3.62353515625
0.759,3.06298828125,-0.78076171875,-3.34326171875
0.7595,3.34326171875,-1.38134765625,-2.90283203125
0.76,3.34326171875,-2.10205078125,-2.10205078125
0.7605,3.26318359375,-2.50244140625,-1.50146484375
0.761,3.06298828125,-2.74267578125,-0.98095703125
0.7615,2.82275390625,-2.90283203125,-0.42041015625
0.762,2.42236328125,-3.02294921875,0.30029296875
0.7625,1.78173828125,-3.14306640625,1.26123046875
0.763,1.14111328125,-3.06298828125,1.94189453125
0.7635,0.62060546875,-2.70263671875,2.26220703125
0.764,0.18017578125,-2.54248046875,2.54248046875
0.7645,-0.42041015625,-2.18212890625,2.86279296875
0.765,-1.10107421875,-1.78173828125,3.22314453125
0.7655,-1.94189453125,-0.98095703125,3.34326171875
0.766,-2.38232421875,-0.38037109375,3.26318359375
0.7665,-2.62255859375,0.02001953125,3.14306640625
0.767,-2.78271484375,0.46044921875,2.86279296875
0.7675,-2.98291015625,0.94091796875,2.54248046875
0.768,-3.18310546875,1.58154296875,2.02197265625
0.7685,-3.18310546875,2.06201171875,1.42138671875
0.769,-3.02294921875,2.30224609375,0.90087890625
0.7695,-2.86279296875,2.54248046875,0.34033203125
0.77,-2.70263671875,2.74267578125,-0.18017578125
0.7705,-2.42236328125,2.90283203125,-0.78076171875
0.771,-1.70166015625,2.90283203125,-1.62158203125
0.7715,-1.14111328125,2.82275390625,-2.26220703125
0.772,-0.70068359375,2.62255859375,-2.58251953125
0.7725,-0.26025390625,2.42236328125,-2.98291015625
0.773,0.34033203125,2.18212890625,-3.34326171875
0.7735,1.10107421875,1.66162109375,-3.70361328125
0.774,1.82177734375,1.10107421875,-3.86376953125
0.7745,2.26220703125,0.50048828125,-3.78369140625
0.775,2.62255859375,0.02001953125,-3.70361328125
0.7755,2.86279296875,-0.46044921875,-3.50341796875
0.776,3.14306640625,-0.98095703125,-3.22314453125
0.7765,3.26318359375,-1.66162109375,-2.54248046875
0.777,3.30322265625,-2.30224609375,-1.90185546875
0.7775,3.18310546875,-2.58251953125,-1.38134765625
0.778,3.02294921875,-2.82275390625,-0.78076171875
0.7785,2.70263671875,-2.98291015625,-0.18017578125
0.779,2.26220703125,-3.18310546875,0.66064453125
0.7795,1.62158203125,-3.18310546875,1.46142578125
0.78,0.94091796875,-2.90283203125,2.06201171875
0.7805,0.54052734375,-2.78271484375,2.42236328125
0.781,0.02001953125,-2.42236328125,2.70263671875
0.7815,-0.70068359375,-2.10205078125,3.14306640625
0.782,-1.62158203125,-1.34130859375,3.34326171875
0.7825,-2.26220703125,-0.78076171875,3.42333984375
0.783,-2.50244140625,-0.26025390625,3.22314453125
0.7835,-2.74267578125,0.22021484375,3.06298828125
0.784,-2.90283203125,0.70068359375,2.74267578125
0.7845,-3.14306640625,1.30126953125,2.30224609375
0.785,-3.18310546875,1.90185546875,1.62158203125
0.7855,-3.06298828125,2.34228515625,0.98095703125
0.786,-2.94287109375,2.54248046875,0.54052734375
0.7865,-2.66259765625,2.66259765625,0.02001953125
0.787,-2.42236328125,2.86279296875,-0.62060546875
0.7875,-1.78173828125,2.94287109375,-1.54150390625
0.788,-1.26123046875,2.86279296875,-2.10205078125
0.7885,-0.70068359375,2.58251953125,-2.50244140625
0.789,-0.34033203125,2.50244140625,-2.86279296875
0.7895,0.22021484375,2.18212890625,-3.18310546875
0.79,0.78076171875,1.86181640625,-3.54345703125
0.7905,1.58154296875,1.22119140625,-3.74365234375
0.791,2.14208984375,0.62060546875,-3.74365234375
0.7915,2.42236328125,0.22021484375,-3.66357421875
0.792,2.70263671875,-0.30029296875,-3.46337890625
0.7925,3.06298828125,-0.66064453125,-3.30322265625
0.793,3.14306640625,-1.46142578125,-2.70263671875
0.7935,3.22314453125,-1.98193359375,-2.18212890625
0.794,3.10302734375,-2.38232421875,-1.54150390625
0.7945,3.02294921875,-2.62255859375,-1.02099609375
0.795,2.74267578125,-2.78271484375,-0.50048828125
0.7955,2.54248046875,-3.06298828125,0.18017578125
0.796,1.86181640625,-3.06298828125,1.10107421875
0.7965,1.26123046875,-2.98291015625,1.74169921875
0.797,0.78076171875,-2.78271484375,2.10205078125
0.7975,0.34033203125,-2.62255859375,2.54248046875
0.798,-0.34033203125,-2.26220703125,2.90283203125
0.7985,-1.14111328125,-1.74169921875,3.22314453125
0.799,-1.78173828125,-1.14111328125,3.38330078125
0.7995,-2.30224609375,-0.50048828125,3.26318359375
0.8,-2.58251953125,-0.14013671875,3.18310546875
0.8005,-2.70263671875,0.50048828125,2.78271484375
0.801,-3.06298828125,0.90087890625,2.62255859375
0.8015,-3.14306640625,1.66162109375,1.86181640625
0.802,-3.18310546875,2.14208984375,1.30126953125
0.8025,-2.98291015625,2.42236328125,0.78076171875
0.803,-2.86279296875,2.62255859375,0.30029296875
0.8035,-2.50244140625,2.74267578125,-0.38037109375
0.804,-2.06201171875,2.90283203125,-1.10107421875
0.8045,-1.46142578125,2.90283203125,-1.90185546875
0.805,-0.94091796875,2.70263671875,-2.38232421875
0.8055,-0.54052734375,2.54248046875,-2.66259765625
0.806,0.02001953125,2.30224609375,-3.02294921875
0.8065,0.58056640625,1.98193359375,-3.42333984375
0.807,1.42138671875,1.30126953125,-3.62353515625
0.8075,1.94189453125,0.90087890625,-3.70361328125
0.808,2.30224609375,0.30029296875,-3.58349609375
0.8085,2.54248046875,-0.10009765625,-3.62353515625
0.809,2.74267578125,-0.62060546875,-3.18310546875
0.8095,3.06298828125,-1.14111328125,-2.94287109375
0.81,3.10302734375,-1.70166015625,-2.30224609375
0.8105,3.06298828125,-2.18212890625,-1.66162109375
0.811,2.94287109375,-2.42236328125,-1.22119140625
0.8115,2.82275390625,-2.66259765625,-0.70068359375
0.812,2.58251953125,-2.86279296875,-0.10009765625
0.8125,1.94189453125,-2.98291015625,0.90087890625
0.813,1.50146484375,-2.98291015625,1.42138671875
0.8135,0.94091796875,-2.78271484375,1.94189453125
0.814,0.50048828125,-2.62255859375,2.30224609375
0.8145,-0.14013671875,-2.30224609375,2.66259765625
0.815,-0.70068359375,-2.06201171875,3.14306640625
0.8155,-1.62158203125,-1.26123046875,3.30322265625
0.816,-2.10205078125,-0.74072265625,3.30322265625
0.8165,-2.46240234375,-0.26025390625,3.10302734375
0.817,-2.74267578125,0.18017578125,3.06298828125
0.8175,-2.94287109375,0.78076171875,2.70263671875
0.818,-3.18310546875,1.46142578125,2.14208984375
0.8185,-3.22314453125,1.98193359375,1.58154296875
0.819,-3.14306640625,2.38232421875,0.98095703125
0.8195,-2.90283203125,2.54248046875,0.46044921875
0.82,-2.66259765625,2.74267578125,-0.18017578125
0.8205,-2.42236328125,3.02294921875,-0.70068359375
0.821,-1.58154296875,2.90283203125,-1.78173828125
0.8215,-1.14111328125,2.82275390625,-2.26220703125
0.822,-0.62060546875,2.58251953125,-2.62255859375
0.8225,-0.22021484375,2.42236328125,-2.98291015625
0.823,0.46044921875,1.98193359375,-3.26318359375
0.8235,1.22119140625,1.54150390625,-3.62353515625
0.824,1.90185546875,0.94091796875,-3.78369140625
0.8245,2.26220703125,0.46044921875,-3.62353515625
0.825,2.46240234375,0.02001953125,-3.50341796875
0.8255,2.70263671875,-0.50048828125,-3.26318359375
0.826,2.98291015625,-0.94091796875,-3.06298828125
0.8265,3.02294921875,-1.62158203125,-2.34228515625
0.827,3.10302734375,-2.06201171875,-1.90185546875
0.8275,2.98291015625,-2.42236328125,-1.30126953125
0.828,2.82275390625,-2.58251953125,-0.86083984375
0.8285,2.58251953125,-2.82275390625,-0.30029296875
0.829,2.26220703125,-2.90283203125,0.46044921875
0.8295,1.58154296875,-2.94287109375,1.26123046875
0.83,1.10107421875,-2.78271484375,1.74169921875
0.8305,0.62060546875,-2.62255859375,2.14208984375
0.831,0.26025390625,-2.46240234375,2.50244140625
0.8315,-0.46044921875,-2.18212890625,2.90283203125
0.832,-1.26123046875,-1.50146484375,3.18310546875
0.8325,-1.86181640625,-0.98095703125,3.26318359375
0.833,-2.26220703125,-0.50048828125,3.18310546875
0.8335,-2.54248046875,0.02001953125,3.06298828125
0.834,-2.82275390625,0.50048828125,2.82275390625
0.8345,-3.06298828125,1.02099609375,2.54248046875
0.835,-3.14306640625,1.74169921875,1.86181640625
0.8355,-3.06298828125,2.10205078125,1.26123046875
0.836,-2.90283203125,2.50244140625,0.70068359375
0.8365,-2.94287109375,2.58251953125,0.34033203125
0.837,-2.54248046875,2.82275390625,-0.46044921875
0.8375,-1.98193359375,2.94287109375,-1.26123046875
0.838,-1.42138671875,2.90283203125,-1.94189453125
0.8385,-0.98095703125,2.70263671875,-2.34228515625
0.839,-0.50048828125,2.50244140625,-2.70263671875
0.8395,0.06005859375,2.26220703125,-3.06298828125
0.84,0.70068359375,1.94189453125,-3.50341796875
0.8405,1.54150390625,1.26123046875,-3.70361328125
0.841,1.98193359375,0.66064453125,-3.62353515625
0.8415,2.30224609375,0.26025390625,-3.58349609375
0.842,2.54248046875,-0.18017578125,-3.42333984375
0.8425,2.78271484375,-0.70068359375,-3.10302734375
0.843,2.98291015625,-1.30126953125,-2.66259765625
0.8435,3.10302734375,-1.86181640625,-2.10205078125
0.844,3.06298828125,-2.10205078125,-1.62158203125
0.8445,2.86279296875,-2.38232421875,-1.02099609375
0.845,2.66259765625,-2.58251953125,-0.58056640625
0.8455,2.42236328125,-2.82275390625,0.06005859375
0.846,1.78173828125,-2.86279296875,0.94091796875
0.8465,1.30126953125,-2.78271484375,1.46142578125
0.847,0.90087890625,-2.66259765625,1.86181640625
0.8475,0.50048828125,-2.50244140625,2.22216796875
0.848,-0.14013671875,-2.26220703125,2.54248046875
0.8485,-0.78076171875,-1.86181640625,2.94287109375
0.849,-1.46142578125,-1.30126953125,3.14306640625
0.8495,-1.90185546875,-0.82080078125,3.06298828125
0.85,-2.26220703125,-0.30029296875,3.02294921875
0.8505,-2.50244140625,0.14013671875,2.86279296875
0.851,-2.82275390625,0.62060546875,2.66259765625
0.8515,-2.94287109375,1.26123046875,2.10205078125
0.852,-3.02294921875,1.74169921875,1.54150390625
0.8525,-2.98291015625,2.06201171875,1.10107421875
0.853,-2.86279296875,2.38232421875,0.62060546875
0.8535,-2.66259765625,2.58251953125,0.02001953125
0.854,-2.38232421875,2.86279296875,-0.66064453125
0.8545,-1.78173828125,2.86279296875,-1.42138671875
0.855,-1.26123046875,2.74267578125,-1.94189453125
0.8555,-0.86083984375,2.66259765625,-2.42236328125
0.856,-0.38037109375,2.46240234375,-2.82275390625
0.8565,0.26025390625,2.22216796875,-3.22314453125
0.857,1.06103515625,1.58154296875,-3.54345703125
0.8575,1.78173828125,1.02099609375,-3.70361328125
0.858,2.06201171875,0.62060546875,-3.62353515625
0.8585,2.42236328125,0.14013671875,-3.54345703125
0.859,2.66259765625,-0.38037109375,-3.34326171875
0.8595,2.94287109375,-0.98095703125,-3.02294921875
0.86,3.10302734375,-1.62158203125,-2.46240234375
0.8605,2.98291015625,-2.06201171875,-1.78173828125
0.861,2.94287109375,-2.38232421875,-1.30126953125
0.8615,2.74267578125,-2.58251953125,-0.78076171875
0.862,2.50244140625,-2.78271484375,-0.18017578125
0.8625,1.94189453125,-2.90283203125,0.70068359375
0.863,1.42138671875,-2.90283203125,1.34130859375
0.8635,0.94091796875,-2.66259765625,1.78173828125
0.864,0.54052734375,-2.54248046875,2.14208984375
0.8645,0.06005859375,-2.26220703125,2.46240234375
0.865,-0.58056640625,-1.98193359375,2.82275390625
0.8655,-1.38134765625,-1.38134765625,3.06298828125
0.866,-1.94189453125,-0.78076171875,3.06298828125
0.8665,-2.22216796875,-0.38037109375,2.98291015625
0.867,-2.42236328125,0.06005859375,2.82275390625
0.8675,-2.66259765625,0.54052734375,2.62255859375
0.868,-2.86279296875,1.14111328125,2.22216796875
0.8685,-2.90283203125,1.62158203125,1.70166015625
0.869,-2.90283203125,1.94189453125,1.18115234375
0.8695,-2.82275390625,2.26220703125,0.66064453125
0.87,-2.62255859375,2.42236328125,0.22021484375
0.8705,-2.46240234375,2.70263671875,-0.38037109375
0.871,-1.94189453125,2.74267578125,-1.18115234375
0.8715,-1.38134765625,2.70263671875,-1.78173828125
0.872,-0.98095703125,2.58251953125,-2.18212890625
0.8725,-0.58056640625,2.50244140625,-2.58251953125
0.873,0.02001953125,2.26220703125,-3.02294921875
0.8735,0.70068359375,1.82177734375,-3.38330078125
0.874,1.34130859375,1.34130859375,-3.62353515625
0.8745,1.86181640625,0.78076171875,-3.58349609375
0.875,2.26220703125,0.34033203125,-3.58349609375
0.8755,2.54248046875,-0.14013671875,-3.42333984375
0.876,2.86279296875,-0.66064453125,-3.22314453125
0.8765,3.02294921875,-1.34130859375,-2.66259765625
0.877,3.18310546875,-1.94189453125,-2.10205078125
0.8775,3.06298828125,-2.26220703125,-1.58154296875
0.878,2.94287109375,-2.58251953125,-1.02099609375
0.8785,2.70263671875,-2.74267578125,-0.46044921875
0.879,2.30224609375,-2.94287109375,0.34033203125
0.8795,1.78173828125,-3.02294921875,1.14111328125
0.88,1.10107421875,-2.86279296875,1.66162109375
0.8805,0.70068359375,-2.70263671875,2.06201171875
0.881,0.18017578125,-2.46240234375,2.42236328125
0.8815,-0.46044921875,-2.22216796875,2.86279296875
0.882,-1.34130859375,-1.42138671875,3.10302734375
0.8825,-1.94189453125,-0.98095703125,3.22314453125
0.883,-2.22216796875,-0.42041015625,3.06298828125
0.8835,-2.50244140625,0.02001953125,2.94287109375
0.884,-2.70263671875,0.50048828125,2.66259765625
0.8845,-2.90283203125,1.02099609375,2.34228515625
0.885,-2.98291015625,1.62158203125,1.74169921875
0.8855,-2.94287109375,2.06201171875,1.14111328125
0.886,-2.86279296875,2.26220703125,0.70068359375
0.8865,-2.58251953125,2.46240234375,0.18017578125
0.887,-2.42236328125,2.62255859375,-0.38037109375
0.8875,-1.86181640625,2.74267578125,-1.22119140625
0.888,-1.42138671875,2.70263671875,-1.74169921875
0.8885,-0.94091796875,2.54248046875,-2.18212890625
0.889,-0.58056640625,2.42236328125,-2.54248046875
0.8895,0.02001953125,2.14208984375,-2.86279296875
0.89,0.50048828125,1.94189453125,-3.26318359375
0.8905,1.26123046875,1.38134765625,-3.54345703125
0.891,1.82177734375,0.82080078125,-3.58349609375
0.8915,2.10205078125,0.46044921875,-3.54345703125
0.892,2.42236328125,0.02001953125,-3.42333984375
0.8925,2.70263671875,-0.50048828125,-3.22314453125
0.893,2.90283203125,-1.14111328125,-2.82275390625
0.8935,3.06298828125,-1.62158203125,-2.38232421875
0.894,3.02294921875,-2.10205078125,-1.78173828125
0.8945,2.98291015625,-2.42236328125,-1.26123046875
0.895,2.78271484375,-2.62255859375,-0.74072265625
0.8955,2.62255859375,-2.90283203125,-0.14013671875
0.896,2.02197265625,-2.90283203125,0.74072265625
0.8965,1.46142578125,-2.94287109375,1.42138671875
0.897,0.98095703125,-2.82275390625,1.86181640625
0.8975,0.58056640625,-2.70263671875,2.30224609375
0.898,-0.14013671875,-2.34228515625,2.70263671875
0.8985,-0.86083984375,-1.90185546875,3.06298828125
0.899,-1.58154296875,-1.34130859375,3.26318359375
0.8995,-2.14208984375,-0.70068359375,3.22314453125
0.9,-2.42236328125,-0.26025390625,3.14306640625
0.9005,-2.62255859375,0.30029296875,2.86279296875
0.901,-3.02294921875,0.78076171875,2.70263671875
0.9015,-3.10302734375,1.58154296875,1.94189453125
0.902,-3.18310546875,2.06201171875,1.42138671875
0.9025,-3.02294921875,2.34228515625,0.82080078125
0.903,-2.86279296875,2.58251953125,0.30029296875
0.9035,-2.46240234375,2.70263671875,-0.38037109375
0.904,-2.06201171875,2.86279296875,-1.14111328125
0.9045,-1.46142578125,2.82275390625,-1.94189453125
0.905,-0.94091796875,2.70263671875,-2.34228515625
0.9055,-0.50048828125,2.46240234375,-2.62255859375
0.906,0.02001953125,2.26220703125,-2.94287109375
0.9065,0.62060546875,1.94189453125,-3.38330078125
0.907,1.42138671875,1.22119140625,-3.58349609375
0.9075,1.94189453125,0.82080078125,-3.70361328125
0.908,2.26220703125,0.30029296875,-3.54345703125
0.9085,2.54248046875,-0.14013671875,-3.46337890625
0.909,2.66259765625,-0.62060546875,-3.10302734375
0.9095,2.94287109375,-1.06103515625,-2.86279296875
0.91,3.02294921875,-1.70166015625,-2.26220703125
0.9105,3.02294921875,-2.14208984375,-1.66162109375
0.911,2.86279296875,-2.34228515625,-1.22119140625
0.9115,2.78271484375,-2.58251953125,-0.70068359375
0.912,2.50244140625,-2.82275390625,0.02001953125
0.9125,1.98193359375,-2.98291015625,0.70068359375
0.913,1.58154296875,-2.94287109375,1.34130859375
0.9135,0.98095703125,-2.78271484375,1.86181640625
0.914,0.58056640625,-2.62255859375,2.22216796875
0.9145,0.02001953125,-2.34228515625,2.58251953125
0.915,-0.58056640625,-2.14208984375,3.06298828125
0.9155,-1.46142578125,-1.34130859375,3.22314453125
0.916,-2.02197265625,-0.82080078125,3.30322265625
0.9165,-2.38232421875,-0.34033203125,3.18310546875
0.917,-2.70263671875,0.14013671875,3.10302734375
0.9175,-2.90283203125,0.66064453125,2.74267578125
0.918,-3.14306640625,1.34130859375,2.26220703125
0.9185,-3.26318359375,1.94189453125,1.74169921875
0.919,-3.18310546875,2.34228515625,1.06103515625
0.9195,-2.98291015625,2.58251953125,0.54052734375
0.92,-2.78271484375,2.86279296875,0.02001953125
0.9205,-2.50244140625,2.90283203125,-0.82080078125
0.921,-1.66162109375,3.02294921875,-1.78173828125
0.9215,-1.14111328125,2.90283203125,-2.30224609375
0.922,-0.66064453125,2.70263671875,-2.70263671875
0.9225,-0.18017578125,2.54248046875,-3.10302734375
0.923,0.58056640625,2.06201171875,-3.38330078125
0.9235,1.30126953125,1.58154296875,-3.82373046875
0.924,2.10205078125,0.90087890625,-3.94384765625
0.9245,2.50244140625,0.34033203125,-3.82373046875
0.925,2.70263671875,-0.18017578125,-3.58349609375
0.9255,2.90283203125,-0.62060546875,-3.34326171875
0.926,3.18310546875,-1.14111328125,-2.98291015625
0.9265,3.18310546875,-1.94189453125,-2.18212890625
0.927,3.18310546875,-2.34228515625,-1.66162109375
0.9275,3.06298828125,-2.54248046875,-1.14111328125
0.928,2.86279296875,-2.82275390625,-0.62060546875
0.9285,2.42236328125,-2.90283203125,0.02001953125
0.929,2.06201171875,-3.06298828125,0.78076171875
0.9295,1.34130859375,-3.02294921875,1.58154296875
0.93,0.78076171875,-2.74267578125,2.06201171875
0.9305,0.38037109375,-2.54248046875,2.38232421875
0.931,-0.10009765625,-2.30224609375,2.66259765625
0.9315,-0.70068359375,-1.94189453125,3.02294921875
0.932,-1.54150390625,-1.26123046875,3.22314453125
0.9325,-2.10205078125,-0.70068359375,3.26318359375
0.933,-2.42236328125,-0.26025390625,3.18310546875
0.9335,-2.62255859375,0.22021484375,2.98291015625
0.934,-2.86279296875,0.62060546875,2.70263671875
0.9345,-3.14306640625,1.14111328125,2.50244140625
0.935,-3.14306640625,1.82177734375,1.74169921875
0.9355,-3.06298828125,2.26220703125,1.22119140625
0.936,-3.06298828125,2.46240234375,0.66064453125
0.9365,-2.94287109375,2.58251953125,0.18017578125
0.937,-2.54248046875,2.82275390625,-0.50048828125
0.9375,-2.02197265625,2.90283203125,-1.26123046875
0.938,-1.46142578125,2.94287109375,-1.98193359375
0.9385,-0.98095703125,2.70263671875,-2.42236328125
0.939,-0.50048828125,2.54248046875,-2.82275390625
0.9395,0.06005859375,2.38232421875,-3.18310546875
0.94,0.70068359375,2.06201171875,-3.66357421875
0.9405,1.58154296875,1.30126953125,-3.82373046875
0.941,2.14208984375,0.70068359375,-3.82373046875
0.9415,2.54248046875,0.26025390625,-3.82373046875
0.942,2.74267578125,-0.26025390625,-3.58349609375
0.9425,3.02294921875,-0.82080078125,-3.26318359375
0.943,3.26318359375,-1.54150390625,-2.78271484375
0.9435,3.38330078125,-2.18212890625,-2.22216796875
0.944,3.26318359375,-2.46240234375,-1.50146484375
0.9445,2.94287109375,-2.82275390625,-0.90087890625
0.945,2.82275390625,-2.94287109375,-0.42041015625
0.9455,2.42236328125,-3.14306640625,0.38037109375
0.946,1.66162109375,-3.18310546875,1.34130859375
0.9465,1.02099609375,-3.02294921875,1.98193359375
0.947,0.62060546875,-2.82275390625,2.30224609375
0.9475,0.10009765625,-2.50244140625,2.62255859375
0.948,-0.58056640625,-2.10205078125,2.94287109375
0.9485,-1.34130859375,-1.58154296875,3.30322265625
0.949,-2.10205078125,-0.94091796875,3.42333984375
0.9495,-2.42236328125,-0.34033203125,3.18310546875
0.95,-2.70263671875,0.14013671875,3.06298828125
0.9505,-2.86279296875,0.58056640625,2.82275390625
0.951,-3.06298828125,1.06103515625,2.42236328125
0.9515,-3.14306640625,1.78173828125,1.66162109375
0.952,-3.14306640625,2.26220703125,1.14111328125
0.9525,-3.06298828125,2.38232421875,0.78076171875
0.953,-2.74267578125,2.54248046875,0.14013671875
0.9535,-2.50244140625,2.70263671875,-0.42041015625
0.954,-2.10205078125,2.86279296875,-1.10107421875
0.9545,-1.50146484375,2.82275390625,-1.82177734375
0.955,-0.90087890625,2.62255859375,-2.38232421875
0.9555,-0.58056640625,2.54248046875,-2.70263671875
0.956,-0.10009765625,2.30224609375,-2.98291015625
0.9565,0.50048828125,2.06201171875,-3.34326171875
0.957,1.30126953125,1.46142578125,-3.62353515625
0.9575,1.94189453125,0.90087890625,-3.78369140625
0.958,2.26220703125,0.46044921875,-3.70361328125
0.9585,2.58251953125,0.02001953125,-3.58349609375
0.959,2.86279296875,-0.54052734375,-3.38330078125
0.9595,3.10302734375,-1.06103515625,-3.14306640625
0.96,3.22314453125,-1.70166015625,-2.46240234375
0.9605,3.18310546875,-2.18212890625,-1.70166015625
0.961,3.14306640625,-2.58251953125,-1.30126953125
0.9615,2.90283203125,-2.82275390625,-0.74072265625
0.962,2.70263671875,-3.02294921875,-0.14013671875
0.9625,2.10205078125,-3.14306640625,0.82080078125
0.963,1.54150390625,-3.14306640625,1.54150390625
0.9635,0.94091796875,-2.90283203125,1.98193359375
0.964,0.50048828125,-2.78271484375,2.46240234375
0.9645,-0.14013671875,-2.42236328125,2.78271484375
0.965,-0.78076171875,-2.10205078125,3.18310546875
0.9655,-1.66162109375,-1.30126953125,3.42333984375
0.966,-2.30224609375,-0.62060546875,3.38330078125
0.9665,-2.58251953125,-0.22021484375,3.26318359375
0.967,-2.78271484375,0.30029296875,3.02294921875
0.9675,-3.06298828125,0.82080078125,2.70263671875
0.968,-3.18310546875,1.54150390625,2.06201171875
0.9685,-3.18310546875,2.06201171875,1.42138671875
0.969,-3.06298828125,2.38232421875,0.82080078125
0.9695,-2.90283203125,2.58251953125,0.38037109375
0.97,-2.58251953125,2.70263671875,-0.26025390625
0.9705,-2.30224609375,2.86279296875,-0.82080078125
0.971,-1.54150390625,2.90283203125,-1.78173828125
0.9715,-1.02099609375,2.78271484375,-2.30224609375
0.972,-0.58056640625,2.54248046875,-2.58251953125
0.9725,-0.18017578125,2.30224609375,-2.90283203125
0.973,0.46044921875,1.98193359375,-3.26318359375
0.9735,1.14111328125,1.54150390625,-3.54345703125
0.974,1.78173828125,1.02099609375,-3.70361328125
0.9745,2.22216796875,0.42041015625,-3.58349609375
0.975,2.46240234375,0.06005859375,-3.54345703125
0.9755,2.62255859375,-0.38037109375,-3.26318359375
0.976,2.94287109375,-0.82080078125,-3.14306640625
0.9765,2.90283203125,-1.62158203125,-2.46240234375
0.977,3.10302734375,-2.06201171875,-1.94189453125
0.9775,2.98291015625,-2.34228515625,-1.46142578125
0.978,2.90283203125,-2.58251953125,-0.94091796875
0.9785,2.66259765625,-2.74267578125,-0.38037109375
0.979,2.38232421875,-2.86279296875,0.30029296875
0.9795,1.82177734375,-2.94287109375,1.06103515625
0.98,1.14111328125,-2.82275390625,1.70166015625
0.9805,0.78076171875,-2.70263671875,2.06201171875
0.981,0.26025390625,-2.50244140625,2.50244140625
0.9815,-0.34033203125,-2.30224609375,2.90283203125
0.982,-1.22119140625,-1.58154296875,3.18310546875
0.9825,-1.82177734375,-1.10107421875,3.34326171875
0.983,-2.26220703125,-0.50048828125,3.22314453125
0.9835,-2.58251953125,-0.10009765625,3.18310546875
0.984,-2.82275390625,0.46044921875,2.86279296875
0.9845,-3.14306640625,1.10107421875,2.70263671875
0.985,-3.18310546875,1.66162109375,1.90185546875
0.9855,-3.18310546875,2.22216796875,1.26123046875
0.986,-3.06298828125,2.46240234375,0.74072265625
0.9865,-2.86279296875,2.66259765625,0.18017578125
0.987,-2.46240234375,2.90283203125,-0.58056640625
0.9875,-1.90185546875,2.94287109375,-1.42138671875
0.988,-1.42138671875,2.94287109375,-2.02197265625
0.9885,-0.82080078125,2.70263671875,-2.50244140625
0.989,-0.42041015625,2.54248046875,-2.82275390625
0.9895,0.22021484375,2.18212890625,-3.14306640625
0.99,0.82080078125,1.90185546875,-3.54345703125
0.9905,1.66162109375,1.10107421875,-3.70361328125
0.991,2.14208984375,0.62060546875,-3.70361328125
0.9915,2.38232421875,0.18017578125,-3.54345703125
0.992,2.62255859375,-0.30029296875,-3.38330078125
0.9925,2.94287109375,-0.78076171875,-3.14306640625
0.993,3.02294921875,-1.42138671875,-2.58251953125
0.9935,3.10302734375,-1.94189453125,-2.10205078125
0.994,2.98291015625,-2.30224609375,-1.42138671875
0.9945,2.86279296875,-2.54248046875,-0.98095703125
0.995,2.70263671875,-2.62255859375,-0.54052734375
0.9955,2.50244140625,-2.90283203125,0.18017578125
0.996,1.74169921875,-2.94287109375,1.10107421875
0.9965,1.26123046875,-2.86279296875,1.58154296875
0.997,0.74072265625,-2.70263671875,2.06201171875
0.9975,0.38037109375,-2.58251953125,2.42236328125
0.998,-0.30029296875,-2.22216796875,2.74267578125
0.9985,-0.98095703125,-1.82177734375,3.14306640625
0.999,-1.70166015625,-1.22119140625,3.34326171875
0.9995,-2.18212890625,-0.58056640625,3.22314453125
