wavelength,x,y,z
0.0,-0.670654296875,-6.396240234375,4.974853515625
0.0005,-1.471435546875,-6.115966796875,5.535400390625
0.001,-2.632568359375,-5.114990234375,5.895751953125
0.0015,-3.873779296875,-3.993896484375,6.176025390625
0.002,-4.874755859375,-2.752685546875,6.336181640625
0.0025,-5.475341796875,-1.791748046875,6.256103515625
0.003,-5.715576171875,-1.071044921875,6.055908203125
0.0035,-5.595458984375,-0.230224609375,5.375244140625
0.004,-5.395263671875,0.930908203125,4.454345703125
0.0045,-5.315185546875,2.212158203125,3.333251953125
0.005,-5.155029296875,3.333251953125,2.212158203125
0.0055,-4.874755859375,4.134033203125,1.371337890625
0.006,-4.434326171875,4.614501953125,0.610595703125
0.0065,-3.553466796875,4.814697265625,-0.470458984375
0.007,-2.552490234375,5.135009765625,-1.791748046875
0.0075,-1.351318359375,5.375244140625,-3.153076171875
0.008,-0.510498046875,5.535400390625,-4.194091796875
0.0085,0.250244140625,5.615478515625,-4.994873046875
0.009,1.131103515625,5.135009765625,-5.475341796875
0.0095,2.292236328125,4.134033203125,-5.875732421875
0.01,3.493408203125,3.133056640625,-6.196044921875
0.0105,4.414306640625,1.971923828125,-6.276123046875
0.011,4.934814453125,1.131103515625,-6.236083984375
0.0115,5.094970703125,0.410400390625,-5.915771484375
0.012,4.974853515625,-0.510498046875,-5.275146484375
0.0125,4.854736328125,-1.631591796875,-4.314208984375
0.013,4.814697265625,-2.872802734375,-3.233154296875
0.0135,4.654541015625,-3.953857421875,-2.272216796875
0.014,4.494384765625,-4.674560546875,-1.471435546875
0.0145,3.933837890625,-5.114990234375,-0.670654296875
0.015,3.052978515625,-5.355224609375,0.450439453125
0.0155,2.052001953125,-5.755615234375,1.771728515625
0.016,0.970947265625,-5.955810546875,3.012939453125
0.0165,0.210205078125,-6.236083984375,4.013916015625
0.017,-0.630615234375,-6.276123046875,4.774658203125
0.0175,-1.591552734375,-5.635498046875,5.215087890625
0.018,-2.792724609375,-4.634521484375,5.655517578125
0.0185,-3.953857421875,-3.553466796875,5.975830078125
0.019,-4.794677734375,-2.512451171875,6.015869140625
0.0195,-5.195068359375,-1.751708984375,6.015869140625
0.02,-5.275146484375,-0.990966796875,5.615478515625
0.0205,-5.195068359375,0.050048828125,4.814697265625
0.021,-5.195068359375,1.171142578125,3.973876953125
0.0215,-5.114990234375,2.372314453125,2.892822265625
0.022,-4.954833984375,3.333251953125,2.011962890625
0.0225,-4.714599609375,3.973876953125,1.291259765625
0.023,-4.114013671875,4.334228515625,0.450439453125
0.0235,-3.153076171875,4.654541015625,-0.790771484375
0.024,-2.152099609375,5.054931640625,-2.112060546875
0.0245,-1.231201171875,5.215087890625,-3.233154296875
0.025,-0.550537109375,5.495361328125,-4.194091796875
0.0255,0.330322265625,5.295166015625,-4.914794921875
0.026,1.411376953125,4.614501953125,-5.275146484375
0.0265,2.572509765625,3.733642578125,-5.755615234375
0.027,3.693603515625,2.612548828125,-5.995849609375
0.0275,4.414306640625,1.731689453125,-6.075927734375
0.028,4.774658203125,1.010986328125,-5.995849609375
0.0285,4.774658203125,0.250244140625,-5.515380859375
0.029,4.734619140625,-0.830810546875,-4.794677734375
0.0295,4.774658203125,-2.031982421875,-3.833740234375
0.03,4.694580078125,-3.193115234375,-2.872802734375
0.0305,4.534423828125,-4.073974609375,-2.072021484375
0.031,4.254150390625,-4.674560546875,-1.311279296875
0.0315,3.533447265625,-5.034912109375,-0.350341796875
0.032,2.652587890625,-5.435302734375,0.930908203125
0.0325,1.571533203125,-5.795654296875,2.252197265625
0.033,0.770751953125,-6.115966796875,3.333251953125
0.0335,0.050048828125,-6.276123046875,4.214111328125
0.034,-0.950927734375,-5.915771484375,4.854736328125
0.0345,-2.112060546875,-5.074951171875,5.335205078125
0.035,-3.353271484375,-4.033935546875,5.775634765625
0.0355,-4.354248046875,-2.952880859375,5.935791015625
0.036,-4.954833984375,-2.152099609375,6.015869140625
0.0365,-5.195068359375,-1.431396484375,5.815673828125
0.037,-5.155029296875,-0.590576171875,5.175048828125
0.0375,-5.155029296875,0.610595703125,4.334228515625
0.038,-5.155029296875,1.891845703125,3.333251953125
0.0385,-5.034912109375,2.932861328125,2.412353515625
0.039,-4.834716796875,3.733642578125,1.571533203125
0.0395,-4.354248046875,4.174072265625,0.770751953125
0.04,-3.513427734375,4.494384765625,-0.350341796875
0.0405,-2.552490234375,4.934814453125,-1.671630859375
0.041,-1.511474609375,5.175048828125,-2.952880859375
0.0415,-0.790771484375,5.415283203125,-3.993896484375
0.042,0.090087890625,5.495361328125,-4.754638671875
0.0425,1.091064453125,4.934814453125,-5.235107421875
0.043,2.292236328125,3.973876953125,-5.715576171875
0.0435,3.533447265625,2.852783203125,-6.035888671875
0.044,4.334228515625,1.811767578125,-6.115966796875
0.0445,4.814697265625,1.091064453125,-6.075927734375
0.045,4.854736328125,0.330322265625,-5.675537109375
0.0455,4.774658203125,-0.670654296875,-4.914794921875
0.046,4.774658203125,-1.911865234375,-3.993896484375
0.0465,4.734619140625,-3.153076171875,-2.912841796875
0.047,4.534423828125,-4.073974609375,-2.031982421875
0.0475,4.334228515625,-4.754638671875,-1.311279296875
0.048,3.693603515625,-5.114990234375,-0.470458984375
0.0485,2.692626953125,-5.435302734375,0.810791015625
0.049,1.691650390625,-5.835693359375,2.212158203125
0.0495,0.690673828125,-6.115966796875,3.333251953125
0.05,0.010009765625,-6.276123046875,4.334228515625
0.0505,-0.910888671875,-6.075927734375,4.974853515625
0.051,-2.072021484375,-5.195068359375,5.415283203125
0.0515,-3.353271484375,-4.154052734375,5.895751953125
0.052,-4.434326171875,-3.032958984375,6.095947265625
0.0525,-5.114990234375,-2.031982421875,6.095947265625
0.053,-5.435302734375,-1.311279296875,5.975830078125
0.0535,-5.395263671875,-0.510498046875,5.375244140625
0.054,-5.235107421875,0.690673828125,4.414306640625
0.0545,-5.275146484375,1.971923828125,3.373291015625
0.055,-5.114990234375,3.173095703125,2.292236328125
0.0555,-4.914794921875,3.973876953125,1.451416015625
0.056,-4.474365234375,4.494384765625,0.650634765625
0.0565,-3.593505859375,4.694580078125,-0.430419921875
0.057,-2.512451171875,5.054931640625,-1.791748046875
0.0575,-1.391357421875,5.295166015625,-3.193115234375
0.058,-0.510498046875,5.535400390625,-4.234130859375
0.0585,0.250244140625,5.655517578125,-5.034912109375
0.059,1.211181640625,5.094970703125,-5.515380859375
0.0595,2.452392578125,4.053955078125,-5.915771484375
0.06,3.693603515625,2.892822265625,-6.276123046875
0.0605,4.614501953125,1.731689453125,-6.316162109375
0.061,5.094970703125,0.890869140625,-6.236083984375
0.0615,5.175048828125,0.130126953125,-5.875732421875
0.062,5.054931640625,-0.910888671875,-5.074951171875
0.0625,4.934814453125,-2.072021484375,-3.993896484375
0.063,4.854736328125,-3.433349609375,-2.872802734375
0.0635,4.694580078125,-4.434326171875,-1.871826171875
0.064,4.414306640625,-5.114990234375,-1.111083984375
0.0645,3.733642578125,-5.475341796875,-0.270263671875
0.065,2.692626953125,-5.675537109375,0.970947265625
0.0655,1.571533203125,-6.075927734375,2.372314453125
0.066,0.490478515625,-6.156005859375,3.693603515625
0.0665,-0.350341796875,-6.356201171875,4.614501953125
0.067,-1.111083984375,-6.276123046875,5.335205078125
0.0675,-2.192138671875,-5.435302734375,5.775634765625
0.068,-3.553466796875,-4.234130859375,6.135986328125
0.0685,-4.754638671875,-3.032958984375,6.416259765625
0.069,-5.475341796875,-1.951904296875,6.336181640625
0.0695,-5.795654296875,-1.151123046875,6.176025390625
0.07,-5.755615234375,-0.310302734375,5.615478515625
0.0705,-5.515380859375,0.930908203125,4.534423828125
0.071,-5.475341796875,2.212158203125,3.453369140625
0.0715,-5.315185546875,3.533447265625,2.252197265625
0.072,-5.074951171875,4.414306640625,1.291259765625
0.0725,-4.634521484375,4.934814453125,0.490478515625
0.073,-3.753662109375,5.094970703125,-0.590576171875
0.0735,-2.512451171875,5.295166015625,-1.991943359375
0.074,-1.271240234375,5.655517578125,-3.513427734375
0.0745,-0.190185546875,5.735595703125,-4.634521484375
0.075,0.570556640625,5.815673828125,-5.475341796875
0.0755,1.451416015625,5.415283203125,-6.035888671875
0.076,2.732666015625,4.214111328125,-6.356201171875
0.0765,4.053955078125,2.972900390625,-6.676513671875
0.077,5.094970703125,1.691650390625,-6.716552734375
0.0775,5.615478515625,0.650634765625,-6.556396484375
0.078,5.735595703125,-0.270263671875,-6.236083984375
0.0785,5.535400390625,-1.191162109375,-5.395263671875
0.079,5.295166015625,-2.472412109375,-4.114013671875
0.0795,5.135009765625,-3.873779296875,-2.832763671875
0.08,4.894775390625,-4.994873046875,-1.631591796875
0.0805,4.534423828125,-5.715576171875,-0.790771484375
0.081,3.853759765625,-6.075927734375,0.170166015625
0.0815,2.732666015625,-6.196044921875,1.291259765625
0.082,1.411376953125,-6.356201171875,2.852783203125
0.0825,0.130126953125,-6.476318359375,4.254150390625
0.083,-0.790771484375,-6.556396484375,5.215087890625
0.0835,-1.511474609375,-6.436279296875,5.935791015625
0.084,-2.592529296875,-5.675537109375,6.376220703125
0.0845,-3.993896484375,-4.314208984375,6.616455078125
0.085,-5.195068359375,-2.952880859375,6.856689453125
0.0855,-6.035888671875,-1.671630859375,6.696533203125
0.086,-6.356201171875,-0.790771484375,6.456298828125
0.0865,-6.276123046875,0.170166015625,5.895751953125
0.087,-5.955810546875,1.251220703125,4.774658203125
0.0875,-5.715576171875,2.572509765625,3.493408203125
0.088,-5.475341796875,3.973876953125,2.092041015625
0.0885,-5.114990234375,4.854736328125,1.010986328125
0.089,-4.634521484375,5.415283203125,0.130126953125
0.0895,-3.833740234375,5.575439453125,-0.910888671875
0.09,-2.432373046875,5.735595703125,-2.192138671875
0.0905,-1.151123046875,5.895751953125,-3.753662109375
0.091,0.170166015625,5.895751953125,-4.994873046875
0.0915,0.930908203125,5.935791015625,-5.795654296875
0.092,1.651611328125,5.655517578125,-6.396240234375
0.0925,2.812744140625,4.574462890625,-6.676513671875
0.093,4.134033203125,3.173095703125,-6.876708984375
0.0935,5.255126953125,1.771728515625,-6.996826171875
0.094,5.855712890625,0.650634765625,-6.756591796875
0.0945,6.055908203125,-0.270263671875,-6.436279296875
0.095,5.815673828125,-1.151123046875,-5.755615234375
0.0955,5.495361328125,-2.312255859375,-4.514404296875
0.096,5.255126953125,-3.673583984375,-3.153076171875
0.0965,5.054931640625,-4.954833984375,-1.871826171875
0.097,4.614501953125,-5.755615234375,-0.910888671875
0.0975,4.134033203125,-6.236083984375,0.010009765625
0.098,3.133056640625,-6.276123046875,0.970947265625
0.0985,1.811767578125,-6.396240234375,2.372314453125
0.099,0.450439453125,-6.556396484375,3.933837890625
0.0995,-0.670654296875,-6.556396484375,4.974853515625
0.1,-1.351318359375,-6.596435546875,5.775634765625
0.1005,-2.232177734375,-6.115966796875,6.296142578125
0.101,-3.473388671875,-4.874755859375,6.536376953125
0.1015,-4.754638671875,-3.553466796875,6.776611328125
0.102,-5.755615234375,-2.232177734375,6.856689453125
0.1025,-6.276123046875,-1.151123046875,6.576416015625
0.103,-6.356201171875,-0.390380859375,6.216064453125
0.1035,-6.115966796875,0.650634765625,5.375244140625
0.104,-5.795654296875,1.931884765625,4.134033203125
0.1045,-5.635498046875,3.253173828125,2.772705078125
0.105,-5.355224609375,4.414306640625,1.571533203125
0.1055,-4.994873046875,5.094970703125,0.610595703125
0.106,-4.314208984375,5.495361328125,-0.310302734375
0.1065,-3.193115234375,5.615478515625,-1.431396484375
0.107,-1.791748046875,5.815673828125,-2.912841796875
0.1075,-0.510498046875,5.935791015625,-4.434326171875
0.108,0.490478515625,5.975830078125,-5.435302734375
0.1085,1.171142578125,5.895751953125,-6.115966796875
0.109,2.132080078125,5.175048828125,-6.516357421875
0.1095,3.533447265625,3.853759765625,-6.756591796875
0.11,4.774658203125,2.492431640625,-6.996826171875
0.1105,5.615478515625,1.211181640625,-6.916748046875
0.111,5.975830078125,0.250244140625,-6.676513671875
0.1115,5.975830078125,-0.670654296875,-6.156005859375
0.112,5.655517578125,-1.711669921875,-5.114990234375
0.1125,5.415283203125,-3.072998046875,-3.793701171875
0.113,5.215087890625,-4.514404296875,-2.432373046875
0.1135,4.854736328125,-5.555419921875,-1.271240234375
0.114,4.494384765625,-6.115966796875,-0.430419921875
0.1145,3.613525390625,-6.316162109375,0.610595703125
0.115,2.372314453125,-6.396240234375,1.931884765625
0.1155,0.970947265625,-6.636474609375,3.493408203125
0.116,-0.390380859375,-6.676513671875,4.814697265625
0.1165,-1.151123046875,-6.716552734375,5.695556640625
0.117,-1.951904296875,-6.436279296875,6.336181640625
0.1175,-3.153076171875,-5.435302734375,6.656494140625
0.118,-4.514404296875,-3.993896484375,6.896728515625
0.1185,-5.715576171875,-2.552490234375,7.056884765625
0.119,-6.396240234375,-1.311279296875,6.776611328125
0.1195,-6.556396484375,-0.470458984375,6.456298828125
0.12,-6.396240234375,0.530517578125,5.735595703125
0.1205,-6.035888671875,1.771728515625,4.414306640625
0.121,-5.755615234375,3.173095703125,3.052978515625
0.1215,-5.515380859375,4.414306640625,1.651611328125
0.122,-5.034912109375,5.255126953125,0.650634765625
0.1225,-4.514404296875,5.695556640625,-0.310302734375
0.123,-3.433349609375,5.775634765625,-1.271240234375
0.1235,-1.951904296875,5.855712890625,-2.792724609375
0.124,-0.630615234375,6.055908203125,-4.314208984375
0.1245,0.570556640625,5.935791015625,-5.435302734375
0.125,1.211181640625,5.935791015625,-6.115966796875
0.1255,2.052001953125,5.415283203125,-6.556396484375
0.126,3.293212890625,4.134033203125,-6.756591796875
0.1265,4.534423828125,2.772705078125,-6.996826171875
0.127,5.535400390625,1.411376953125,-6.916748046875
0.1275,5.975830078125,0.330322265625,-6.676513671875
0.128,6.015869140625,-0.510498046875,-6.276123046875
0.1285,5.735595703125,-1.471435546875,-5.435302734375
0.129,5.375244140625,-2.672607421875,-4.114013671875
0.1295,5.135009765625,-4.033935546875,-2.832763671875
0.13,4.854736328125,-5.114990234375,-1.591552734375
0.1305,4.494384765625,-5.795654296875,-0.670654296875
0.131,3.853759765625,-6.115966796875,0.210205078125
0.1315,2.812744140625,-6.156005859375,1.211181640625
0.132,1.531494140625,-6.356201171875,2.612548828125
0.1325,0.250244140625,-6.436279296875,4.093994140625
0.133,-0.790771484375,-6.476318359375,5.094970703125
0.1335,-1.431396484375,-6.476318359375,5.735595703125
0.134,-2.312255859375,-5.875732421875,6.176025390625
0.1345,-3.593505859375,-4.634521484375,6.416259765625
0.135,-4.834716796875,-3.353271484375,6.696533203125
0.1355,-5.715576171875,-2.112060546875,6.656494140625
0.136,-6.115966796875,-1.231201171875,6.456298828125
0.1365,-6.115966796875,-0.470458984375,6.015869140625
0.137,-5.915771484375,0.570556640625,5.135009765625
0.1375,-5.715576171875,1.771728515625,3.973876953125
0.138,-5.515380859375,3.173095703125,2.692626953125
0.1385,-5.195068359375,4.254150390625,1.571533203125
0.139,-4.874755859375,4.934814453125,0.730712890625
0.1395,-4.154052734375,5.255126953125,-0.190185546875
0.14,-3.072998046875,5.375244140625,-1.351318359375
0.1405,-1.871826171875,5.655517578125,-2.832763671875
0.141,-0.590576171875,5.735595703125,-4.154052734375
0.1415,0.290283203125,5.815673828125,-5.114990234375
0.142,0.970947265625,5.735595703125,-5.795654296875
0.1425,1.971923828125,4.974853515625,-6.156005859375
0.143,3.253173828125,3.733642578125,-6.436279296875
0.1435,4.494384765625,2.452392578125,-6.676513671875
0.144,5.255126953125,1.291259765625,-6.556396484375
0.1445,5.575439453125,0.450439453125,-6.396240234375
0.145,5.495361328125,-0.430419921875,-5.835693359375
0.1455,5.215087890625,-1.471435546875,-4.874755859375
0.146,5.094970703125,-2.672607421875,-3.753662109375
0.1465,4.934814453125,-3.993896484375,-2.512451171875
0.147,4.654541015625,-4.914794921875,-1.511474609375
0.1475,4.334228515625,-5.475341796875,-0.750732421875
0.148,3.533447265625,-5.715576171875,0.210205078125
0.1485,2.412353515625,-5.875732421875,1.411376953125
0.149,1.211181640625,-6.115966796875,2.892822265625
0.1495,0.130126953125,-6.276123046875,4.053955078125
0.15,-0.630615234375,-6.396240234375,4.934814453125
0.1505,-1.431396484375,-6.115966796875,5.535400390625
0.151,-2.552490234375,-5.235107421875,5.855712890625
0.1515,-3.793701171875,-4.073974609375,6.216064453125
0.152,-4.834716796875,-2.832763671875,6.376220703125
0.1525,-5.515380859375,-1.871826171875,6.296142578125
0.153,-5.755615234375,-1.111083984375,6.095947265625
0.1535,-5.635498046875,-0.310302734375,5.415283203125
0.154,-5.435302734375,0.890869140625,4.494384765625
0.1545,-5.355224609375,2.172119140625,3.373291015625
0.155,-5.155029296875,3.333251953125,2.252197265625
0.1555,-4.914794921875,4.134033203125,1.331298828125
0.156,-4.514404296875,4.614501953125,0.610595703125
0.1565,-3.673583984375,4.854736328125,-0.430419921875
0.157,-2.552490234375,5.094970703125,-1.711669921875
0.1575,-1.391357421875,5.375244140625,-3.072998046875
0.158,-0.510498046875,5.535400390625,-4.154052734375
0.1585,0.250244140625,5.655517578125,-4.994873046875
0.159,1.091064453125,5.255126953125,-5.475341796875
0.1595,2.212158203125,4.294189453125,-5.795654296875
0.16,3.413330078125,3.173095703125,-6.156005859375
0.1605,4.374267578125,2.052001953125,-6.276123046875
0.161,4.974853515625,1.131103515625,-6.236083984375
0.1615,5.094970703125,0.450439453125,-6.035888671875
0.162,5.014892578125,-0.470458984375,-5.315185546875
0.1625,4.854736328125,-1.551513671875,-4.394287109375
0.163,4.854736328125,-2.832763671875,-3.353271484375
0.1635,4.654541015625,-3.873779296875,-2.272216796875
0.164,4.494384765625,-4.674560546875,-1.551513671875
0.1645,4.013916015625,-5.114990234375,-0.790771484375
0.165,3.173095703125,-5.395263671875,0.330322265625
0.1655,2.172119140625,-5.755615234375,1.611572265625
0.166,1.091064453125,-5.955810546875,2.892822265625
0.1665,0.290283203125,-6.196044921875,3.933837890625
0.167,-0.510498046875,-6.276123046875,4.734619140625
0.1675,-1.471435546875,-5.715576171875,5.215087890625
0.168,-2.632568359375,-4.754638671875,5.615478515625
0.1685,-3.833740234375,-3.713623046875,5.975830078125
0.169,-4.754638671875,-2.592529296875,6.055908203125
0.1695,-5.195068359375,-1.911865234375,6.055908203125
0.17,-5.315185546875,-1.111083984375,5.695556640625
0.1705,-5.195068359375,-0.190185546875,4.974853515625
0.171,-5.195068359375,1.010986328125,4.093994140625
0.1715,-5.114990234375,2.252197265625,3.052978515625
0.172,-4.994873046875,3.253173828125,2.092041015625
0.1725,-4.754638671875,3.973876953125,1.331298828125
0.173,-4.154052734375,4.334228515625,0.570556640625
0.1735,-3.233154296875,4.614501953125,-0.630615234375
0.174,-2.312255859375,5.054931640625,-1.951904296875
0.1745,-1.271240234375,5.255126953125,-3.193115234375
0.175,-0.590576171875,5.495361328125,-4.154052734375
0.1755,0.290283203125,5.415283203125,-4.834716796875
0.176,1.291259765625,4.774658203125,-5.275146484375
0.1765,2.452392578125,3.813720703125,-5.715576171875
0.177,3.573486328125,2.692626953125,-5.955810546875
0.1775,4.334228515625,1.691650390625,-6.115966796875
0.178,4.734619140625,1.051025390625,-6.035888671875
0.1785,4.814697265625,0.330322265625,-5.595458984375
0.179,4.654541015625,-0.710693359375,-4.834716796875
0.1795,4.774658203125,-1.871826171875,-3.913818359375
0.18,4.694580078125,-3.072998046875,-2.912841796875
0.1805,4.534423828125,-3.993896484375,-2.072021484375
0.181,4.294189453125,-4.634521484375,-1.351318359375
0.1815,3.653564453125,-4.994873046875,-0.510498046875
0.182,2.732666015625,-5.395263671875,0.770751953125
0.1825,1.651611328125,-5.755615234375,2.092041015625
0.183,0.810791015625,-5.995849609375,3.253173828125
0.1835,0.130126953125,-6.276123046875,4.174072265625
0.184,-0.830810546875,-5.955810546875,4.814697265625
0.1845,-1.951904296875,-5.195068359375,5.255126953125
0.185,-3.193115234375,-4.234130859375,5.735595703125
0.1855,-4.274169921875,-3.113037109375,5.895751953125
0.186,-4.874755859375,-2.192138671875,6.015869140625
0.1865,-5.195068359375,-1.471435546875,5.855712890625
0.187,-5.195068359375,-0.670654296875,5.255126953125
0.1875,-5.155029296875,0.490478515625,4.494384765625
0.188,-5.155029296875,1.771728515625,3.493408203125
0.1885,-5.074951171875,2.852783203125,2.452392578125
0.189,-4.874755859375,3.693603515625,1.651611328125
0.1895,-4.434326171875,4.174072265625,0.890869140625
0.19,-3.593505859375,4.494384765625,-0.270263671875
0.1905,-2.632568359375,4.934814453125,-1.551513671875
0.191,-1.591552734375,5.175048828125,-2.872802734375
0.1915,-0.790771484375,5.415283203125,-3.873779296875
0.192,0.010009765625,5.535400390625,-4.754638671875
0.1925,0.970947265625,4.974853515625,-5.195068359375
0.193,2.172119140625,4.013916015625,-5.635498046875
0.1935,3.373291015625,2.932861328125,-6.035888671875
0.194,4.254150390625,1.931884765625,-6.115966796875
0.1945,4.774658203125,1.131103515625,-6.115966796875
0.195,4.854736328125,0.410400390625,-5.755615234375
0.1955,4.774658203125,-0.630615234375,-4.994873046875
0.196,4.774658203125,-1.711669921875,-4.114013671875
0.1965,4.734619140625,-2.992919921875,-3.072998046875
0.197,4.574462890625,-3.993896484375,-2.112060546875
0.1975,4.374267578125,-4.674560546875,-1.391357421875
0.198,3.773681640625,-5.034912109375,-0.590576171875
0.1985,2.852783203125,-5.315185546875,0.610595703125
0.199,1.811767578125,-5.755615234375,1.971923828125
0.1995,0.850830078125,-5.955810546875,3.173095703125
0.2,0.130126953125,-6.196044921875,4.134033203125
0.2005,-0.750732421875,-6.115966796875,4.854736328125
0.201,-1.831787109375,-5.395263671875,5.295166015625
0.2015,-3.072998046875,-4.394287109375,5.695556640625
0.202,-4.234130859375,-3.193115234375,6.015869140625
0.2025,-4.994873046875,-2.192138671875,6.055908203125
0.203,-5.315185546875,-1.471435546875,5.935791015625
0.2035,-5.275146484375,-0.670654296875,5.415283203125
0.204,-5.155029296875,0.370361328125,4.534423828125
0.2045,-5.195068359375,1.611572265625,3.613525390625
0.205,-5.114990234375,2.852783203125,2.532470703125
0.2055,-4.914794921875,3.693603515625,1.651611328125
0.206,-4.554443359375,4.254150390625,0.930908203125
0.2065,-3.793701171875,4.534423828125,0.010009765625
0.207,-2.792724609375,4.854736328125,-1.351318359375
0.2075,-1.671630859375,5.255126953125,-2.712646484375
0.208,-0.790771484375,5.455322265625,-3.833740234375
0.2085,0.010009765625,5.575439453125,-4.714599609375
0.209,0.890869140625,5.215087890625,-5.275146484375
0.2095,2.011962890625,4.214111328125,-5.715576171875
0.21,3.253173828125,3.213134765625,-6.115966796875
0.2105,4.294189453125,2.052001953125,-6.236083984375
0.211,4.894775390625,1.171142578125,-6.236083984375
0.2115,5.094970703125,0.450439453125,-5.995849609375
0.212,4.974853515625,-0.510498046875,-5.275146484375
0.2125,4.854736328125,-1.631591796875,-4.314208984375
0.213,4.854736328125,-2.952880859375,-3.193115234375
0.2135,4.734619140625,-4.073974609375,-2.152099609375
0.214,4.494384765625,-4.834716796875,-1.351318359375
0.2145,3.973876953125,-5.235107421875,-0.590576171875
0.215,3.012939453125,-5.475341796875,0.610595703125
0.2155,1.931884765625,-5.835693359375,1.931884765625
0.216,0.810791015625,-6.115966796875,3.293212890625
0.2165,0.010009765625,-6.276123046875,4.334228515625
0.217,-0.790771484375,-6.356201171875,5.094970703125
0.2175,-1.871826171875,-5.675537109375,5.535400390625
0.218,-3.153076171875,-4.514404296875,5.935791015625
0.2185,-4.434326171875,-3.233154296875,6.256103515625
0.219,-5.235107421875,-2.112060546875,6.256103515625
0.2195,-5.635498046875,-1.311279296875,6.135986328125
0.22,-5.675537109375,-0.550537109375,5.695556640625
0.2205,-5.475341796875,0.610595703125,4.734619140625
0.221,-5.395263671875,1.851806640625,3.653564453125
0.2215,-5.275146484375,3.173095703125,2.452392578125
0.222,-5.034912109375,4.134033203125,1.451416015625
0.2225,-4.674560546875,4.734619140625,0.650634765625
0.223,-3.873779296875,4.974853515625,-0.350341796875
0.2235,-2.672607421875,5.175048828125,-1.631591796875
0.224,-1.511474609375,5.495361328125,-3.153076171875
0.2245,-0.430419921875,5.575439453125,-4.354248046875
0.225,0.330322265625,5.735595703125,-5.235107421875
0.2255,1.131103515625,5.415283203125,-5.835693359375
0.226,2.372314453125,4.454345703125,-6.156005859375
0.2265,3.693603515625,3.173095703125,-6.476318359375
0.227,4.814697265625,1.891845703125,-6.636474609375
0.2275,5.415283203125,0.850830078125,-6.476318359375
0.228,5.615478515625,0.050048828125,-6.236083984375
0.2285,5.455322265625,-0.950927734375,-5.475341796875
0.229,5.215087890625,-2.112060546875,-4.314208984375
0.2295,5.094970703125,-3.553466796875,-3.072998046875
0.23,4.894775390625,-4.714599609375,-1.871826171875
0.2305,4.534423828125,-5.435302734375,-0.990966796875
0.231,4.013916015625,-5.875732421875,-0.150146484375
0.2315,2.972900390625,-6.035888671875,0.970947265625
0.232,1.651611328125,-6.236083984375,2.452392578125
0.2325,0.370361328125,-6.436279296875,3.933837890625
0.233,-0.630615234375,-6.516357421875,4.974853515625
0.2335,-1.311279296875,-6.516357421875,5.695556640625
0.234,-2.272216796875,-5.795654296875,6.216064453125
0.2345,-3.673583984375,-4.514404296875,6.456298828125
0.235,-4.914794921875,-3.233154296875,6.696533203125
0.2355,-5.795654296875,-1.951904296875,6.696533203125
0.236,-6.236083984375,-0.990966796875,6.456298828125
0.2365,-6.236083984375,-0.150146484375,5.975830078125
0.237,-5.955810546875,0.970947265625,4.974853515625
0.2375,-5.715576171875,2.292236328125,3.693603515625
0.238,-5.475341796875,3.693603515625,2.292236328125
0.2385,-5.155029296875,4.694580078125,1.211181640625
0.239,-4.754638671875,5.295166015625,0.330322265625
0.2395,-3.953857421875,5.495361328125,-0.630615234375
0.24,-2.712646484375,5.575439453125,-1.911865234375
0.2405,-1.351318359375,5.775634765625,-3.473388671875
0.241,0.010009765625,5.815673828125,-4.834716796875
0.2415,0.730712890625,5.855712890625,-5.715576171875
0.242,1.451416015625,5.735595703125,-6.276123046875
0.2425,2.532470703125,4.734619140625,-6.596435546875
0.243,3.933837890625,3.373291015625,-6.836669921875
0.2435,5.094970703125,1.971923828125,-6.996826171875
0.244,5.775634765625,0.770751953125,-6.756591796875
0.2445,6.015869140625,-0.190185546875,-6.476318359375
0.245,5.895751953125,-0.990966796875,-5.835693359375
0.2455,5.495361328125,-2.192138671875,-4.634521484375
0.246,5.295166015625,-3.553466796875,-3.273193359375
0.2465,5.094970703125,-4.834716796875,-1.951904296875
0.247,4.694580078125,-5.715576171875,-0.950927734375
0.2475,4.214111328125,-6.196044921875,0.010009765625
0.248,3.253173828125,-6.316162109375,0.930908203125
0.2485,1.931884765625,-6.436279296875,2.292236328125
0.249,0.530517578125,-6.636474609375,3.853759765625
0.2495,-0.670654296875,-6.636474609375,5.014892578125
0.25,-1.351318359375,-6.596435546875,5.815673828125
0.2505,-2.192138671875,-6.236083984375,6.376220703125
0.251,-3.473388671875,-4.994873046875,6.656494140625
0.2515,-4.754638671875,-3.633544921875,6.896728515625
0.252,-5.835693359375,-2.272216796875,6.896728515625
0.2525,-6.396240234375,-1.151123046875,6.656494140625
0.253,-6.436279296875,-0.310302734375,6.296142578125
0.2535,-6.236083984375,0.690673828125,5.455322265625
0.254,-5.875732421875,1.931884765625,4.134033203125
0.2545,-5.675537109375,3.333251953125,2.772705078125
0.255,-5.395263671875,4.534423828125,1.491455078125
0.2555,-4.954833984375,5.255126953125,0.530517578125
0.256,-4.354248046875,5.615478515625,-0.390380859375
0.2565,-3.193115234375,5.655517578125,-1.431396484375
0.257,-1.791748046875,5.775634765625,-2.952880859375
0.2575,-0.470458984375,5.895751953125,-4.514404296875
0.258,0.570556640625,5.935791015625,-5.475341796875
0.2585,1.251220703125,5.895751953125,-6.156005859375
0.259,2.172119140625,5.255126953125,-6.596435546875
0.2595,3.493408203125,3.893798828125,-6.796630859375
0.26,4.774658203125,2.572509765625,-7.036865234375
0.2605,5.655517578125,1.251220703125,-6.916748046875
0.261,6.055908203125,0.250244140625,-6.676513671875
0.2615,6.055908203125,-0.670654296875,-6.196044921875
0.262,5.735595703125,-1.631591796875,-5.195068359375
0.2625,5.415283203125,-2.952880859375,-3.873779296875
0.263,5.175048828125,-4.354248046875,-2.512451171875
0.2635,4.854736328125,-5.435302734375,-1.311279296875
0.264,4.494384765625,-6.075927734375,-0.470458984375
0.2645,3.693603515625,-6.356201171875,0.490478515625
0.265,2.492431640625,-6.396240234375,1.651611328125
0.2655,1.091064453125,-6.596435546875,3.173095703125
0.266,-0.270263671875,-6.596435546875,4.614501953125
0.2665,-1.111083984375,-6.636474609375,5.495361328125
0.267,-1.791748046875,-6.476318359375,6.176025390625
0.2675,-2.872802734375,-5.635498046875,6.536376953125
0.268,-4.234130859375,-4.194091796875,6.776611328125
0.2685,-5.475341796875,-2.832763671875,6.976806640625
0.269,-6.196044921875,-1.551513671875,6.776611328125
0.2695,-6.436279296875,-0.670654296875,6.536376953125
0.27,-6.356201171875,0.290283203125,5.855712890625
0.2705,-6.035888671875,1.411376953125,4.734619140625
0.271,-5.755615234375,2.772705078125,3.373291015625
0.2715,-5.555419921875,4.134033203125,2.052001953125
0.272,-5.155029296875,5.054931640625,0.930908203125
0.2725,-4.674560546875,5.535400390625,0.050048828125
0.273,-3.713623046875,5.655517578125,-0.990966796875
0.2735,-2.392333984375,5.735595703125,-2.392333984375
0.274,-0.990966796875,5.975830078125,-3.953857421875
0.2745,0.290283203125,5.975830078125,-5.155029296875
0.275,1.010986328125,5.975830078125,-5.955810546875
0.2755,1.771728515625,5.615478515625,-6.476318359375
0.276,2.972900390625,4.454345703125,-6.716552734375
0.2765,4.294189453125,3.052978515625,-6.956787109375
0.277,5.375244140625,1.651611328125,-6.996826171875
0.2775,5.935791015625,0.530517578125,-6.756591796875
0.278,6.055908203125,-0.350341796875,-6.396240234375
0.2785,5.775634765625,-1.231201171875,-5.595458984375
0.279,5.455322265625,-2.432373046875,-4.314208984375
0.2795,5.255126953125,-3.833740234375,-2.992919921875
0.28,4.974853515625,-4.994873046875,-1.751708984375
0.2805,4.534423828125,-5.795654296875,-0.790771484375
0.281,4.013916015625,-6.236083984375,0.130126953125
0.2815,2.932861328125,-6.276123046875,1.131103515625
0.282,1.651611328125,-6.396240234375,2.532470703125
0.2825,0.290283203125,-6.476318359375,4.013916015625
0.283,-0.790771484375,-6.476318359375,5.054931640625
0.2835,-1.391357421875,-6.516357421875,5.775634765625
0.284,-2.272216796875,-5.955810546875,6.256103515625
0.2845,-3.553466796875,-4.714599609375,6.456298828125
0.285,-4.794677734375,-3.433349609375,6.736572265625
0.2855,-5.715576171875,-2.112060546875,6.696533203125
0.286,-6.156005859375,-1.151123046875,6.456298828125
0.2865,-6.236083984375,-0.350341796875,6.095947265625
0.287,-5.955810546875,0.610595703125,5.215087890625
0.2875,-5.675537109375,1.851806640625,4.013916015625
0.288,-5.515380859375,3.213134765625,2.732666015625
0.2885,-5.195068359375,4.294189453125,1.531494140625
0.289,-4.834716796875,4.974853515625,0.650634765625
0.2895,-4.234130859375,5.255126953125,-0.310302734375
0.29,-3.072998046875,5.415283203125,-1.351318359375
0.2905,-1.871826171875,5.655517578125,-2.792724609375
0.291,-0.590576171875,5.735595703125,-4.194091796875
0.2915,0.370361328125,5.815673828125,-5.155029296875
0.292,1.010986328125,5.775634765625,-5.835693359375
0.2925,1.971923828125,5.054931640625,-6.236083984375
0.293,3.253173828125,3.813720703125,-6.516357421875
0.2935,4.494384765625,2.532470703125,-6.716552734375
0.294,5.295166015625,1.291259765625,-6.636474609375
0.2945,5.655517578125,0.450439453125,-6.476318359375
0.295,5.615478515625,-0.470458984375,-5.995849609375
0.2955,5.375244140625,-1.431396484375,-4.994873046875
0.296,5.175048828125,-2.632568359375,-3.873779296875
0.2965,5.014892578125,-4.033935546875,-2.552490234375
0.297,4.734619140625,-4.994873046875,-1.551513671875
0.2975,4.334228515625,-5.635498046875,-0.710693359375
0.298,3.613525390625,-5.835693359375,0.250244140625
0.2985,2.492431640625,-5.955810546875,1.411376953125
0.299,1.251220703125,-6.236083984375,2.892822265625
0.2995,0.130126953125,-6.276123046875,4.134033203125
0.3,-0.670654296875,-6.436279296875,5.054931640625
0.3005,-1.471435546875,-6.276123046875,5.655517578125
0.301,-2.552490234375,-5.315185546875,6.015869140625
0.3015,-3.793701171875,-4.154052734375,6.296142578125
0.302,-4.954833984375,-2.872802734375,6.456298828125
0.3025,-5.635498046875,-1.791748046875,6.376220703125
0.303,-5.875732421875,-1.031005859375,6.135986328125
0.3035,-5.755615234375,-0.270263671875,5.575439453125
0.304,-5.515380859375,0.930908203125,4.534423828125
0.3045,-5.435302734375,2.172119140625,3.453369140625
0.305,-5.195068359375,3.333251953125,2.252197265625
0.3055,-4.954833984375,4.214111328125,1.291259765625
0.306,-4.514404296875,4.814697265625,0.530517578125
0.3065,-3.713623046875,4.974853515625,-0.510498046875
0.307,-2.592529296875,5.175048828125,-1.711669921875
0.3075,-1.351318359375,5.415283203125,-3.193115234375
0.308,-0.390380859375,5.575439453125,-4.234130859375
0.3085,0.370361328125,5.695556640625,-5.114990234375
0.309,1.131103515625,5.335205078125,-5.635498046875
0.3095,2.252197265625,4.374267578125,-5.915771484375
0.31,3.453369140625,3.253173828125,-6.276123046875
0.3105,4.454345703125,2.052001953125,-6.356201171875
0.311,5.094970703125,1.131103515625,-6.276123046875
0.3115,5.255126953125,0.370361328125,-6.115966796875
0.312,5.135009765625,-0.510498046875,-5.435302734375
0.3125,4.974853515625,-1.591552734375,-4.474365234375
0.313,4.894775390625,-2.872802734375,-3.353271484375
0.3135,4.694580078125,-3.993896484375,-2.312255859375
0.314,4.494384765625,-4.794677734375,-1.471435546875
0.3145,4.053955078125,-5.235107421875,-0.710693359375
0.315,3.173095703125,-5.475341796875,0.330322265625
0.3155,2.172119140625,-5.755615234375,1.611572265625
0.316,1.010986328125,-5.955810546875,2.932861328125
0.3165,0.170166015625,-6.196044921875,4.013916015625
0.317,-0.630615234375,-6.276123046875,4.814697265625
0.3175,-1.511474609375,-5.795654296875,5.335205078125
0.318,-2.672607421875,-4.834716796875,5.735595703125
0.3185,-3.873779296875,-3.713623046875,6.055908203125
0.319,-4.794677734375,-2.592529296875,6.095947265625
0.3195,-5.315185546875,-1.791748046875,6.095947265625
0.32,-5.475341796875,-1.031005859375,5.775634765625
0.3205,-5.315185546875,-0.190185546875,5.054931640625
0.321,-5.235107421875,0.970947265625,4.134033203125
0.3215,-5.195068359375,2.252197265625,3.052978515625
0.322,-4.994873046875,3.333251953125,2.052001953125
0.3225,-4.794677734375,4.053955078125,1.291259765625
0.323,-4.194091796875,4.454345703125,0.490478515625
0.3235,-3.273193359375,4.694580078125,-0.630615234375
0.324,-2.352294921875,5.094970703125,-1.951904296875
0.3245,-1.271240234375,5.255126953125,-3.193115234375
0.325,-0.510498046875,5.495361328125,-4.194091796875
0.3255,0.290283203125,5.455322265625,-4.914794921875
0.326,1.291259765625,4.814697265625,-5.315185546875
0.3265,2.412353515625,3.893798828125,-5.715576171875
0.327,3.533447265625,2.812744140625,-6.035888671875
0.3275,4.374267578125,1.771728515625,-6.075927734375
0.328,4.814697265625,1.091064453125,-6.075927734375
0.3285,4.814697265625,0.290283203125,-5.635498046875
0.329,4.734619140625,-0.710693359375,-4.874755859375
0.3295,4.734619140625,-1.871826171875,-4.033935546875
0.33,4.654541015625,-3.032958984375,-2.952880859375
0.3305,4.534423828125,-3.953857421875,-2.112060546875
0.331,4.334228515625,-4.634521484375,-1.431396484375
0.3315,3.733642578125,-4.994873046875,-0.590576171875
0.332,2.852783203125,-5.315185546875,0.650634765625
0.3325,1.851806640625,-5.715576171875,1.931884765625
0.333,0.930908203125,-5.915771484375,3.093017578125
0.3335,0.250244140625,-6.236083984375,4.053955078125
0.334,-0.670654296875,-6.035888671875,4.734619140625
0.3345,-1.751708984375,-5.275146484375,5.175048828125
0.335,-2.912841796875,-4.354248046875,5.615478515625
0.3355,-4.033935546875,-3.273193359375,5.855712890625
0.336,-4.794677734375,-2.352294921875,5.935791015625
0.3365,-5.155029296875,-1.671630859375,5.895751953125
0.337,-5.155029296875,-0.910888671875,5.415283203125
0.3375,-5.155029296875,0.170166015625,4.614501953125
0.338,-5.155029296875,1.411376953125,3.693603515625
0.3385,-5.074951171875,2.612548828125,2.692626953125
0.339,-4.954833984375,3.493408203125,1.891845703125
0.3395,-4.554443359375,4.013916015625,1.131103515625
0.34,-3.833740234375,4.414306640625,0.130126953125
0.3405,-2.952880859375,4.814697265625,-1.151123046875
0.341,-1.871826171875,5.094970703125,-2.512451171875
0.3415,-0.990966796875,5.375244140625,-3.593505859375
0.342,-0.310302734375,5.575439453125,-4.474365234375
0.3425,0.650634765625,5.175048828125,-5.034912109375
0.343,1.811767578125,4.294189453125,-5.475341796875
0.3435,3.052978515625,3.293212890625,-5.875732421875
0.344,3.973876953125,2.212158203125,-6.035888671875
0.3445,4.614501953125,1.331298828125,-6.075927734375
0.345,4.814697265625,0.610595703125,-5.795654296875
0.3455,4.734619140625,-0.350341796875,-5.195068359375
0.346,4.734619140625,-1.351318359375,-4.354248046875
0.3465,4.774658203125,-2.632568359375,-3.313232421875
0.347,4.614501953125,-3.713623046875,-2.392333984375
0.3475,4.494384765625,-4.514404296875,-1.591552734375
0.348,3.933837890625,-4.914794921875,-0.790771484375
0.3485,3.093017578125,-5.235107421875,0.370361328125
0.349,2.092041015625,-5.635498046875,1.651611328125
0.3495,1.091064453125,-5.915771484375,2.892822265625
0.35,0.290283203125,-6.156005859375,3.973876953125
0.3505,-0.590576171875,-6.115966796875,4.734619140625
0.351,-1.591552734375,-5.475341796875,5.175048828125
0.3515,-2.832763671875,-4.514404296875,5.615478515625
0.352,-3.993896484375,-3.393310546875,5.935791015625
0.3525,-4.834716796875,-2.392333984375,6.015869140625
0.353,-5.235107421875,-1.631591796875,5.975830078125
0.3535,-5.315185546875,-0.910888671875,5.495361328125
0.354,-5.155029296875,0.250244140625,4.694580078125
0.3545,-5.155029296875,1.411376953125,3.773681640625
0.355,-5.114990234375,2.652587890625,2.692626953125
0.3555,-4.954833984375,3.653564453125,1.771728515625
0.356,-4.634521484375,4.294189453125,1.010986328125
0.3565,-3.913818359375,4.534423828125,0.090087890625
0.357,-2.912841796875,4.814697265625,-1.191162109375
0.3575,-1.831787109375,5.215087890625,-2.592529296875
0.358,-0.910888671875,5.415283203125,-3.753662109375
0.3585,-0.190185546875,5.615478515625,-4.634521484375
0.359,0.770751953125,5.295166015625,-5.235107421875
0.3595,1.931884765625,4.414306640625,-5.635498046875
0.36,3.133056640625,3.333251953125,-6.035888671875
0.3605,4.174072265625,2.132080078125,-6.236083984375
0.361,4.814697265625,1.211181640625,-6.196044921875
0.3615,5.054931640625,0.450439453125,-6.035888671875
0.362,4.974853515625,-0.430419921875,-5.355224609375
0.3625,4.854736328125,-1.511474609375,-4.434326171875
0.363,4.814697265625,-2.832763671875,-3.353271484375
0.3635,4.694580078125,-3.993896484375,-2.232177734375
0.364,4.494384765625,-4.794677734375,-1.431396484375
0.3645,4.013916015625,-5.235107421875,-0.630615234375
0.365,3.133056640625,-5.475341796875,0.490478515625
0.3655,2.052001953125,-5.795654296875,1.771728515625
0.366,0.930908203125,-6.035888671875,3.173095703125
0.3665,0.090087890625,-6.236083984375,4.174072265625
0.367,-0.710693359375,-6.276123046875,5.014892578125
0.3675,-1.671630859375,-5.715576171875,5.455322265625
0.368,-2.952880859375,-4.634521484375,5.815673828125
0.3685,-4.154052734375,-3.513427734375,6.135986328125
0.369,-5.114990234375,-2.352294921875,6.216064453125
0.3695,-5.595458984375,-1.551513671875,6.095947265625
0.37,-5.635498046875,-0.710693359375,5.735595703125
0.3705,-5.435302734375,0.330322265625,4.854736328125
0.371,-5.355224609375,1.571533203125,3.853759765625
0.3715,-5.275146484375,2.852783203125,2.692626953125
0.372,-5.034912109375,3.893798828125,1.651611328125
0.3725,-4.754638671875,4.534423828125,0.850830078125
0.373,-4.033935546875,4.854736328125,0.010009765625
0.3735,-2.912841796875,5.054931640625,-1.311279296875
0.374,-1.791748046875,5.415283203125,-2.712646484375
0.3745,-0.670654296875,5.575439453125,-3.993896484375
0.375,0.130126953125,5.735595703125,-4.954833984375
0.3755,0.930908203125,5.575439453125,-5.635498046875
0.376,2.011962890625,4.654541015625,-5.955810546875
0.3765,3.293212890625,3.453369140625,-6.356201171875
0.377,4.494384765625,2.172119140625,-6.556396484375
0.3775,5.175048828125,1.051025390625,-6.476318359375
0.378,5.495361328125,0.330322265625,-6.276123046875
0.3785,5.415283203125,-0.630615234375,-5.635498046875
0.379,5.135009765625,-1.751708984375,-4.554443359375
0.3795,5.054931640625,-3.072998046875,-3.393310546875
0.38,4.894775390625,-4.354248046875,-2.192138671875
0.3805,4.614501953125,-5.195068359375,-1.231201171875
0.381,4.174072265625,-5.755615234375,-0.390380859375
0.3815,3.213134765625,-5.915771484375,0.650634765625
0.382,1.971923828125,-6.115966796875,2.052001953125
0.3825,0.690673828125,-6.356201171875,3.573486328125
0.383,-0.350341796875,-6.436279296875,4.694580078125
0.3835,-1.071044921875,-6.516357421875,5.495361328125
0.384,-2.031982421875,-5.955810546875,6.095947265625
0.3845,-3.353271484375,-4.794677734375,6.376220703125
0.385,-4.634521484375,-3.473388671875,6.656494140625
0.3855,-5.715576171875,-2.192138671875,6.656494140625
0.386,-6.115966796875,-1.151123046875,6.456298828125
0.3865,-6.236083984375,-0.310302734375,6.055908203125
0.387,-5.955810546875,0.770751953125,5.094970703125
0.3875,-5.675537109375,2.052001953125,3.853759765625
0.388,-5.515380859375,3.453369140625,2.532470703125
0.3885,-5.235107421875,4.534423828125,1.331298828125
0.389,-4.834716796875,5.215087890625,0.450439453125
0.3895,-4.033935546875,5.495361328125,-0.510498046875
0.39,-2.872802734375,5.575439453125,-1.751708984375
0.3905,-1.511474609375,5.775634765625,-3.233154296875
0.391,-0.270263671875,5.815673828125,-4.634521484375
0.3915,0.690673828125,5.895751953125,-5.595458984375
0.392,1.371337890625,5.735595703125,-6.196044921875
0.3925,2.412353515625,4.814697265625,-6.556396484375
0.393,3.773681640625,3.453369140625,-6.756591796875
0.3935,4.934814453125,2.092041015625,-6.956787109375
0.394,5.735595703125,0.850830078125,-6.756591796875
0.3945,5.975830078125,0.010009765625,-6.516357421875
0.395,5.895751953125,-0.950927734375,-5.915771484375
0.3955,5.495361328125,-2.031982421875,-4.754638671875
0.396,5.255126953125,-3.353271484375,-3.473388671875
0.3965,5.054931640625,-4.674560546875,-2.112060546875
0.397,4.734619140625,-5.595458984375,-1.031005859375
0.3975,4.214111328125,-6.115966796875,-0.190185546875
0.398,3.373291015625,-6.276123046875,0.770751953125
0.3985,2.052001953125,-6.356201171875,2.092041015625
0.399,0.730712890625,-6.556396484375,3.653564453125
0.3995,-0.550537109375,-6.556396484375,4.814697265625
0.4,-1.271240234375,-6.596435546875,5.695556640625
0.4005,-2.072021484375,-6.316162109375,6.256103515625
0.401,-3.193115234375,-5.195068359375,6.536376953125
0.4015,-4.554443359375,-3.873779296875,6.776611328125
0.402,-5.635498046875,-2.472412109375,6.856689453125
0.4025,-6.236083984375,-1.311279296875,6.656494140625
0.403,-6.396240234375,-0.510498046875,6.336181640625
0.4035,-6.196044921875,0.490478515625,5.575439453125
0.404,-5.835693359375,1.651611328125,4.334228515625
0.4045,-5.635498046875,3.012939453125,3.012939453125
0.405,-5.395263671875,4.294189453125,1.771728515625
0.4055,-4.994873046875,5.094970703125,0.730712890625
0.406,-4.474365234375,5.495361328125,-0.190185546875
0.4065,-3.433349609375,5.615478515625,-1.191162109375
0.407,-2.072021484375,5.735595703125,-2.592529296875
0.4075,-0.750732421875,5.895751953125,-4.114013671875
0.408,0.330322265625,5.895751953125,-5.155029296875
0.4085,1.051025390625,5.895751953125,-5.955810546875
0.409,1.931884765625,5.335205078125,-6.436279296875
0.4095,3.173095703125,4.053955078125,-6.716552734375
0.41,4.454345703125,2.852783203125,-6.916748046875
0.4105,5.415283203125,1.451416015625,-6.916748046875
0.411,5.895751953125,0.450439453125,-6.676513671875
0.4115,5.975830078125,-0.470458984375,-6.276123046875
0.412,5.695556640625,-1.391357421875,-5.395263671875
0.4125,5.415283203125,-2.632568359375,-4.114013671875
0.413,5.215087890625,-4.073974609375,-2.752685546875
0.4135,4.934814453125,-5.155029296875,-1.551513671875
0.414,4.534423828125,-5.915771484375,-0.630615234375
0.4145,3.853759765625,-6.236083984375,0.290283203125
0.415,2.732666015625,-6.316162109375,1.411376953125
0.4155,1.371337890625,-6.476318359375,2.932861328125
0.416,0.050048828125,-6.596435546875,4.374267578125
0.4165,-0.910888671875,-6.676513671875,5.375244140625
0.417,-1.631591796875,-6.556396484375,6.055908203125
0.4175,-2.712646484375,-5.755615234375,6.456298828125
0.418,-4.033935546875,-4.394287109375,6.736572265625
0.4185,-5.275146484375,-3.072998046875,6.896728515625
0.419,-6.115966796875,-1.671630859375,6.776611328125
0.4195,-6.436279296875,-0.790771484375,6.536376953125
0.42,-6.396240234375,0.170166015625,5.975830078125
0.4205,-6.075927734375,1.291259765625,4.854736328125
0.421,-5.795654296875,2.612548828125,3.533447265625
0.4215,-5.595458984375,4.013916015625,2.172119140625
0.422,-5.235107421875,4.974853515625,1.010986328125
0.4225,-4.754638671875,5.575439453125,0.130126953125
0.423,-3.833740234375,5.735595703125,-0.950927734375
0.4235,-2.472412109375,5.815673828125,-2.312255859375
0.424,-1.111083984375,6.055908203125,-3.873779296875
0.4245,0.250244140625,6.015869140625,-5.155029296875
0.425,0.970947265625,6.015869140625,-6.035888671875
0.4255,1.771728515625,5.655517578125,-6.596435546875
0.426,2.932861328125,4.534423828125,-6.876708984375
0.4265,4.334228515625,3.133056640625,-7.076904296875
0.427,5.455322265625,1.731689453125,-7.076904296875
0.4275,6.055908203125,0.490478515625,-6.836669921875
0.428,6.176025390625,-0.430419921875,-6.476318359375
0.4285,5.935791015625,-1.311279296875,-5.675537109375
0.429,5.575439453125,-2.552490234375,-4.394287109375
0.4295,5.295166015625,-3.913818359375,-3.032958984375
0.43,5.054931640625,-5.114990234375,-1.711669921875
0.4305,4.614501953125,-5.915771484375,-0.670654296875
0.431,4.053955078125,-6.356201171875,0.250244140625
0.4315,3.012939453125,-6.396240234375,1.251220703125
0.432,1.571533203125,-6.476318359375,2.652587890625
0.4325,0.290283203125,-6.636474609375,4.134033203125
0.433,-0.870849609375,-6.596435546875,5.215087890625
0.4335,-1.591552734375,-6.636474609375,5.935791015625
0.434,-2.432373046875,-5.995849609375,6.416259765625
0.4345,-3.713623046875,-4.754638671875,6.656494140625
0.435,-4.874755859375,-3.433349609375,6.856689453125
0.4355,-5.835693359375,-2.112060546875,6.776611328125
0.436,-6.316162109375,-1.031005859375,6.536376953125
0.4365,-6.356201171875,-0.270263671875,6.176025390625
0.437,-6.075927734375,0.730712890625,5.255126953125
0.4375,-5.755615234375,1.931884765625,4.013916015625
0.438,-5.515380859375,3.253173828125,2.732666015625
0.4385,-5.195068359375,4.374267578125,1.531494140625
0.439,-4.874755859375,5.094970703125,0.610595703125
0.4395,-4.194091796875,5.415283203125,-0.310302734375
0.44,-3.153076171875,5.495361328125,-1.351318359375
0.4405,-1.871826171875,5.655517578125,-2.752685546875
0.441,-0.590576171875,5.735595703125,-4.194091796875
0.4415,0.410400390625,5.775634765625,-5.195068359375
0.442,1.051025390625,5.815673828125,-5.915771484375
0.4425,1.971923828125,5.135009765625,-6.316162109375
0.443,3.213134765625,3.933837890625,-6.556396484375
0.4435,4.414306640625,2.692626953125,-6.756591796875
0.444,5.255126953125,1.411376953125,-6.716552734375
0.4445,5.695556640625,0.570556640625,-6.556396484375
0.445,5.735595703125,-0.350341796875,-6.115966796875
0.4455,5.455322265625,-1.311279296875,-5.195068359375
0.446,5.255126953125,-2.552490234375,-3.993896484375
0.4465,5.094970703125,-3.873779296875,-2.752685546875
0.447,4.814697265625,-4.914794921875,-1.631591796875
0.4475,4.494384765625,-5.635498046875,-0.790771484375
0.448,3.773681640625,-5.915771484375,0.170166015625
0.4485,2.652587890625,-6.115966796875,1.291259765625
0.449,1.411376953125,-6.356201171875,2.732666015625
0.4495,0.170166015625,-6.396240234375,4.013916015625
0.45,-0.630615234375,-6.476318359375,4.974853515625
0.4505,-1.431396484375,-6.356201171875,5.695556640625
0.451,-2.472412109375,-5.475341796875,6.095947265625
0.4515,-3.793701171875,-4.314208984375,6.376220703125
0.452,-4.914794921875,-3.032958984375,6.536376953125
0.4525,-5.635498046875,-1.911865234375,6.416259765625
0.453,-5.915771484375,-1.071044921875,6.256103515625
0.4535,-5.835693359375,-0.270263671875,5.695556640625
0.454,-5.635498046875,0.890869140625,4.654541015625
0.4545,-5.475341796875,2.132080078125,3.533447265625
0.455,-5.275146484375,3.373291015625,2.292236328125
0.4555,-4.994873046875,4.294189453125,1.331298828125
0.456,-4.594482421875,4.854736328125,0.530517578125
0.4565,-3.793701171875,5.014892578125,-0.470458984375
0.457,-2.632568359375,5.175048828125,-1.711669921875
0.4575,-1.431396484375,5.455322265625,-3.193115234375
0.458,-0.430419921875,5.575439453125,-4.234130859375
0.4585,0.370361328125,5.695556640625,-5.114990234375
0.459,1.171142578125,5.415283203125,-5.715576171875
0.4595,2.252197265625,4.414306640625,-6.035888671875
0.46,3.493408203125,3.333251953125,-6.316162109375
0.4605,4.494384765625,2.092041015625,-6.396240234375
0.461,5.094970703125,1.131103515625,-6.356201171875
0.4615,5.295166015625,0.370361328125,-6.115966796875
0.462,5.175048828125,-0.550537109375,-5.475341796875
0.4625,4.974853515625,-1.551513671875,-4.514404296875
0.463,4.894775390625,-2.832763671875,-3.473388671875
0.4635,4.734619140625,-3.913818359375,-2.352294921875
0.464,4.494384765625,-4.754638671875,-1.471435546875
0.4645,4.093994140625,-5.315185546875,-0.710693359375
0.465,3.213134765625,-5.555419921875,0.330322265625
0.4655,2.212158203125,-5.835693359375,1.531494140625
0.466,1.091064453125,-5.995849609375,2.892822265625
0.4665,0.210205078125,-6.196044921875,3.973876953125
0.467,-0.590576171875,-6.316162109375,4.814697265625
0.4675,-1.431396484375,-5.915771484375,5.335205078125
0.468,-2.632568359375,-4.954833984375,5.735595703125
0.4685,-3.833740234375,-3.873779296875,6.095947265625
0.469,-4.754638671875,-2.712646484375,6.135986328125
0.4695,-5.315185546875,-1.871826171875,6.135986328125
0.47,-5.475341796875,-1.151123046875,5.895751953125
0.4705,-5.395263671875,-0.270263671875,5.175048828125
0.471,-5.315185546875,0.930908203125,4.294189453125
0.4715,-5.235107421875,2.172119140625,3.253173828125
0.472,-5.074951171875,3.213134765625,2.252197265625
0.4725,-4.874755859375,3.973876953125,1.411376953125
0.473,-4.354248046875,4.454345703125,0.610595703125
0.4735,-3.473388671875,4.694580078125,-0.590576171875
0.474,-2.472412109375,5.094970703125,-1.871826171875
0.4745,-1.351318359375,5.295166015625,-3.113037109375
0.475,-0.590576171875,5.495361328125,-4.114013671875
0.4755,0.250244140625,5.575439453125,-4.874755859375
0.476,1.211181640625,4.974853515625,-5.395263671875
0.4765,2.372314453125,4.053955078125,-5.755615234375
0.477,3.533447265625,2.932861328125,-6.075927734375
0.4775,4.334228515625,1.891845703125,-6.115966796875
0.478,4.814697265625,1.131103515625,-6.115966796875
0.4785,4.934814453125,0.370361328125,-5.755615234375
0.479,4.814697265625,-0.630615234375,-4.994873046875
0.4795,4.814697265625,-1.751708984375,-4.114013671875
0.48,4.734619140625,-2.912841796875,-3.072998046875
0.4805,4.574462890625,-3.953857421875,-2.192138671875
0.481,4.374267578125,-4.714599609375,-1.431396484375
0.4815,3.773681640625,-5.114990234375,-0.630615234375
0.482,2.852783203125,-5.355224609375,0.610595703125
0.4825,1.891845703125,-5.715576171875,1.931884765625
0.483,0.930908203125,-5.915771484375,3.093017578125
0.4835,0.210205078125,-6.196044921875,4.053955078125
0.484,-0.710693359375,-6.075927734375,4.774658203125
0.4845,-1.791748046875,-5.315185546875,5.255126953125
0.485,-2.912841796875,-4.434326171875,5.655517578125
0.4855,-4.033935546875,-3.313232421875,5.895751953125
0.486,-4.794677734375,-2.352294921875,5.975830078125
0.4865,-5.195068359375,-1.631591796875,5.935791015625
0.487,-5.195068359375,-0.870849609375,5.415283203125
0.4875,-5.155029296875,0.250244140625,4.654541015625
0.488,-5.155029296875,1.411376953125,3.733642578125
0.4885,-5.074951171875,2.532470703125,2.732666015625
0.489,-4.954833984375,3.453369140625,1.891845703125
0.4895,-4.594482421875,4.013916015625,1.091064453125
0.49,-3.833740234375,4.454345703125,0.130126953125
0.4905,-2.952880859375,4.814697265625,-1.151123046875
0.491,-1.871826171875,5.135009765625,-2.512451171875
0.4915,-0.990966796875,5.375244140625,-3.553466796875
0.492,-0.310302734375,5.575439453125,-4.474365234375
0.4925,0.650634765625,5.215087890625,-5.074951171875
0.493,1.811767578125,4.334228515625,-5.515380859375
0.4935,3.012939453125,3.333251953125,-5.915771484375
0.494,3.973876953125,2.252197265625,-6.075927734375
0.4945,4.574462890625,1.411376953125,-6.115966796875
0.495,4.854736328125,0.690673828125,-5.915771484375
0.4955,4.814697265625,-0.310302734375,-5.235107421875
0.496,4.774658203125,-1.311279296875,-4.434326171875
0.4965,4.774658203125,-2.592529296875,-3.393310546875
0.497,4.614501953125,-3.673583984375,-2.432373046875
0.4975,4.494384765625,-4.514404296875,-1.671630859375
0.498,3.973876953125,-4.954833984375,-0.830810546875
0.4985,3.133056640625,-5.275146484375,0.290283203125
0.499,2.212158203125,-5.635498046875,1.571533203125
0.4995,1.131103515625,-5.915771484375,2.812744140625
0.5,0.410400390625,-6.156005859375,3.853759765625
0.5005,-0.510498046875,-6.196044921875,4.694580078125
0.501,-1.511474609375,-5.635498046875,5.175048828125
0.5015,-2.712646484375,-4.634521484375,5.615478515625
0.502,-3.873779296875,-3.553466796875,5.935791015625
0.5025,-4.674560546875,-2.512451171875,6.015869140625
0.503,-5.195068359375,-1.751708984375,6.015869140625
0.5035,-5.315185546875,-0.990966796875,5.615478515625
0.504,-5.195068359375,0.090087890625,4.814697265625
0.5045,-5.155029296875,1.211181640625,3.893798828125
0.505,-5.114990234375,2.412353515625,2.852783203125
0.5055,-4.954833984375,3.373291015625,1.931884765625
0.506,-4.674560546875,4.093994140625,1.171142578125
0.5065,-4.033935546875,4.494384765625,0.290283203125
0.507,-3.072998046875,4.774658203125,-0.990966796875
0.5075,-2.031982421875,5.135009765625,-2.312255859375
0.508,-1.071044921875,5.335205078125,-3.473388671875
0.5085,-0.350341796875,5.575439453125,-4.434326171875
0.509,0.570556640625,5.415283203125,-5.114990234375
0.5095,1.611572265625,4.534423828125,-5.515380859375
0.51,2.852783203125,3.613525390625,-5.915771484375
0.5105,3.933837890625,2.412353515625,-6.115966796875
0.511,4.614501953125,1.451416015625,-6.156005859375
0.5115,4.974853515625,0.730712890625,-6.075927734375
0.512,4.974853515625,-0.190185546875,-5.475341796875
0.5125,4.854736328125,-1.231201171875,-4.634521484375
0.513,4.814697265625,-2.472412109375,-3.593505859375
0.5135,4.694580078125,-3.673583984375,-2.592529296875
0.514,4.534423828125,-4.474365234375,-1.671630859375
0.5145,4.134033203125,-5.074951171875,-0.910888671875
0.515,3.333251953125,-5.315185546875,0.170166015625
0.5155,2.372314453125,-5.715576171875,1.411376953125
0.516,1.251220703125,-5.955810546875,2.772705078125
0.5165,0.370361328125,-6.196044921875,3.853759765625
0.517,-0.430419921875,-6.356201171875,4.774658203125
0.5175,-1.391357421875,-5.875732421875,5.335205078125
0.518,-2.632568359375,-4.874755859375,5.735595703125
0.5185,-3.873779296875,-3.713623046875,6.095947265625
0.519,-4.834716796875,-2.592529296875,6.176025390625
0.5195,-5.435302734375,-1.671630859375,6.135986328125
0.52,-5.595458984375,-0.950927734375,5.815673828125
0.5205,-5.435302734375,0.090087890625,5.094970703125
0.521,-5.355224609375,1.251220703125,4.013916015625
0.5215,-5.315185546875,2.532470703125,2.852783203125
0.522,-5.074951171875,3.653564453125,1.891845703125
0.5225,-4.834716796875,4.414306640625,1.051025390625
0.523,-4.154052734375,4.774658203125,0.210205078125
0.5235,-3.153076171875,4.974853515625,-1.071044921875
0.524,-2.031982421875,5.295166015625,-2.472412109375
0.5245,-0.910888671875,5.495361328125,-3.793701171875
0.525,0.010009765625,5.655517578125,-4.754638671875
0.5255,0.730712890625,5.575439453125,-5.435302734375
0.526,1.771728515625,4.814697265625,-5.875732421875
0.5265,3.093017578125,3.653564453125,-6.236083984375
0.527,4.254150390625,2.412353515625,-6.436279296875
0.5275,5.014892578125,1.291259765625,-6.396240234375
0.528,5.375244140625,0.490478515625,-6.276123046875
0.5285,5.295166015625,-0.470458984375,-5.715576171875
0.529,5.094970703125,-1.551513671875,-4.714599609375
0.5295,4.974853515625,-2.832763671875,-3.593505859375
0.53,4.854736328125,-4.033935546875,-2.392333984375
0.5305,4.614501953125,-4.954833984375,-1.431396484375
0.531,4.254150390625,-5.515380859375,-0.630615234375
0.5315,3.413330078125,-5.755615234375,0.410400390625
0.532,2.212158203125,-5.955810546875,1.731689453125
0.5325,1.010986328125,-6.276123046875,3.173095703125
0.533,0.010009765625,-6.356201171875,4.334228515625
0.5335,-0.830810546875,-6.476318359375,5.215087890625
0.534,-1.751708984375,-6.115966796875,5.815673828125
0.5345,-2.992919921875,-4.994873046875,6.216064453125
0.535,-4.314208984375,-3.713623046875,6.536376953125
0.5355,-5.355224609375,-2.432373046875,6.576416015625
0.536,-5.915771484375,-1.391357421875,6.416259765625
0.5365,-6.075927734375,-0.670654296875,6.135986328125
0.537,-5.915771484375,0.370361328125,5.295166015625
0.5375,-5.715576171875,1.611572265625,4.053955078125
0.538,-5.555419921875,3.052978515625,2.852783203125
0.5385,-5.275146484375,4.174072265625,1.611572265625
0.539,-4.914794921875,4.934814453125,0.770751953125
0.5395,-4.274169921875,5.295166015625,-0.190185546875
0.54,-3.193115234375,5.455322265625,-1.311279296875
0.5405,-1.871826171875,5.655517578125,-2.832763671875
0.541,-0.590576171875,5.815673828125,-4.274169921875
0.5415,0.410400390625,5.895751953125,-5.275146484375
0.542,1.091064453125,5.815673828125,-5.955810546875
0.5425,2.132080078125,5.054931640625,-6.396240234375
0.543,3.493408203125,3.733642578125,-6.676513671875
0.5435,4.734619140625,2.412353515625,-6.916748046875
0.544,5.535400390625,1.131103515625,-6.796630859375
0.5445,5.895751953125,0.170166015625,-6.556396484375
0.545,5.815673828125,-0.790771484375,-6.035888671875
0.5455,5.535400390625,-1.831787109375,-4.994873046875
0.546,5.295166015625,-3.072998046875,-3.673583984375
0.5465,5.094970703125,-4.474365234375,-2.352294921875
0.547,4.774658203125,-5.435302734375,-1.191162109375
0.5475,4.334228515625,-6.035888671875,-0.390380859375
0.548,3.533447265625,-6.276123046875,0.610595703125
0.5485,2.252197265625,-6.356201171875,1.931884765625
0.549,0.930908203125,-6.556396484375,3.493408203125
0.5495,-0.390380859375,-6.556396484375,4.774658203125
0.55,-1.151123046875,-6.596435546875,5.615478515625
0.5505,-1.951904296875,-6.396240234375,6.256103515625
0.551,-3.153076171875,-5.315185546875,6.536376953125
0.5515,-4.474365234375,-3.913818359375,6.816650390625
0.552,-5.635498046875,-2.552490234375,6.896728515625
0.5525,-6.276123046875,-1.351318359375,6.696533203125
0.553,-6.436279296875,-0.550537109375,6.376220703125
0.5535,-6.356201171875,0.490478515625,5.655517578125
0.554,-5.915771484375,1.691650390625,4.414306640625
0.5545,-5.755615234375,3.052978515625,3.093017578125
0.555,-5.435302734375,4.334228515625,1.771728515625
0.5555,-5.034912109375,5.135009765625,0.690673828125
0.556,-4.514404296875,5.615478515625,-0.230224609375
0.5565,-3.473388671875,5.735595703125,-1.231201171875
0.557,-2.072021484375,5.815673828125,-2.632568359375
0.5575,-0.710693359375,5.975830078125,-4.194091796875
0.558,0.490478515625,5.935791015625,-5.315185546875
0.5585,1.131103515625,5.935791015625,-6.075927734375
0.559,2.011962890625,5.415283203125,-6.556396484375
0.5595,3.253173828125,4.174072265625,-6.796630859375
0.56,4.494384765625,2.852783203125,-7.036865234375
0.5605,5.535400390625,1.411376953125,-6.996826171875
0.561,6.015869140625,0.330322265625,-6.716552734375
0.5615,6.055908203125,-0.590576171875,-6.356201171875
0.562,5.775634765625,-1.431396484375,-5.435302734375
0.5625,5.495361328125,-2.672607421875,-4.154052734375
0.563,5.255126953125,-4.114013671875,-2.792724609375
0.5635,4.934814453125,-5.195068359375,-1.551513671875
0.564,4.494384765625,-5.915771484375,-0.630615234375
0.5645,3.893798828125,-6.276123046875,0.330322265625
0.565,2.772705078125,-6.396240234375,1.411376953125
0.5655,1.411376953125,-6.516357421875,2.892822265625
0.566,0.050048828125,-6.596435546875,4.374267578125
0.5665,-0.950927734375,-6.636474609375,5.335205078125
0.567,-1.631591796875,-6.556396484375,6.055908203125
0.5675,-2.592529296875,-5.835693359375,6.496337890625
0.568,-3.953857421875,-4.514404296875,6.736572265625
0.5685,-5.155029296875,-3.193115234375,6.936767578125
0.569,-6.035888671875,-1.871826171875,6.816650390625
0.5695,-6.436279296875,-0.950927734375,6.536376953125
0.57,-6.396240234375,0.010009765625,6.055908203125
0.5705,-6.115966796875,1.051025390625,5.054931640625
0.571,-5.835693359375,2.372314453125,3.773681640625
0.5715,-5.635498046875,3.773681640625,2.372314453125
0.572,-5.235107421875,4.774658203125,1.211181640625
0.5725,-4.834716796875,5.375244140625,0.330322265625
0.573,-3.993896484375,5.615478515625,-0.670654296875
0.5735,-2.712646484375,5.735595703125,-1.951904296875
0.574,-1.351318359375,5.975830078125,-3.553466796875
0.5745,0.010009765625,6.015869140625,-4.874755859375
0.575,0.770751953125,6.015869140625,-5.755615234375
0.5755,1.531494140625,5.815673828125,-6.396240234375
0.576,2.652587890625,4.854736328125,-6.716552734375
0.5765,3.973876953125,3.413330078125,-6.996826171875
0.577,5.175048828125,1.971923828125,-7.076904296875
0.5775,5.815673828125,0.770751953125,-6.916748046875
0.578,6.095947265625,-0.150146484375,-6.596435546875
0.5785,5.975830078125,-1.031005859375,-5.915771484375
0.579,5.615478515625,-2.192138671875,-4.714599609375
0.5795,5.415283203125,-3.593505859375,-3.353271484375
0.58,5.094970703125,-4.874755859375,-1.991943359375
0.5805,4.734619140625,-5.755615234375,-0.950927734375
0.581,4.214111328125,-6.236083984375,0.010009765625
0.5815,3.253173828125,-6.396240234375,0.970947265625
0.582,1.931884765625,-6.476318359375,2.372314453125
0.5825,0.490478515625,-6.636474609375,3.933837890625
0.583,-0.670654296875,-6.596435546875,5.054931640625
0.5835,-1.351318359375,-6.636474609375,5.855712890625
0.584,-2.272216796875,-6.156005859375,6.376220703125
0.5845,-3.513427734375,-4.994873046875,6.616455078125
0.585,-4.754638671875,-3.673583984375,6.856689453125
0.5855,-5.795654296875,-2.312255859375,6.856689453125
0.586,-6.276123046875,-1.151123046875,6.616455078125
0.5865,-6.396240234375,-0.350341796875,6.256103515625
0.587,-6.115966796875,0.650634765625,5.415283203125
0.5875,-5.835693359375,1.891845703125,4.134033203125
0.588,-5.635498046875,3.253173828125,2.852783203125
0.5885,-5.275146484375,4.414306640625,1.571533203125
0.589,-4.874755859375,5.094970703125,0.610595703125
0.5895,-4.274169921875,5.455322265625,-0.310302734375
0.59,-3.193115234375,5.575439453125,-1.351318359375
0.5905,-1.911865234375,5.735595703125,-2.792724609375
0.591,-0.590576171875,5.815673828125,-4.234130859375
0.5915,0.490478515625,5.815673828125,-5.235107421875
0.592,1.091064453125,5.855712890625,-5.955810546875
0.5925,1.971923828125,5.175048828125,-6.356201171875
0.593,3.253173828125,3.933837890625,-6.596435546875
0.5935,4.454345703125,2.652587890625,-6.876708984375
0.594,5.335205078125,1.411376953125,-6.756591796875
0.5945,5.735595703125,0.490478515625,-6.556396484375
0.595,5.775634765625,-0.390380859375,-6.156005859375
0.5955,5.535400390625,-1.311279296875,-5.275146484375
0.596,5.255126953125,-2.552490234375,-4.073974609375
0.5965,5.094970703125,-3.873779296875,-2.792724609375
0.597,4.814697265625,-4.954833984375,-1.671630859375
0.5975,4.494384765625,-5.635498046875,-0.790771484375
0.598,3.813720703125,-5.955810546875,0.170166015625
0.5985,2.692626953125,-6.115966796875,1.291259765625
0.599,1.491455078125,-6.356201171875,2.732666015625
0.5995,0.250244140625,-6.396240234375,4.053955078125
0.6,-0.630615234375,-6.516357421875,5.014892578125
0.6005,-1.351318359375,-6.476318359375,5.735595703125
0.601,-2.432373046875,-5.715576171875,6.095947265625
0.6015,-3.713623046875,-4.514404296875,6.416259765625
0.602,-4.914794921875,-3.153076171875,6.616455078125
0.6025,-5.675537109375,-1.951904296875,6.496337890625
0.603,-5.995849609375,-1.111083984375,6.336181640625
0.6035,-5.955810546875,-0.310302734375,5.775634765625
0.604,-5.755615234375,0.810791015625,4.814697265625
0.6045,-5.595458984375,2.052001953125,3.693603515625
0.605,-5.395263671875,3.373291015625,2.412353515625
0.6055,-5.074951171875,4.334228515625,1.411376953125
0.606,-4.674560546875,4.934814453125,0.610595703125
0.6065,-3.873779296875,5.135009765625,-0.430419921875
0.607,-2.712646484375,5.295166015625,-1.671630859375
0.6075,-1.551513671875,5.615478515625,-3.153076171875
0.608,-0.430419921875,5.655517578125,-4.314208984375
0.6085,0.370361328125,5.735595703125,-5.155029296875
0.609,1.131103515625,5.455322265625,-5.755615234375
0.6095,2.252197265625,4.494384765625,-6.115966796875
0.61,3.493408203125,3.413330078125,-6.396240234375
0.6105,4.574462890625,2.172119140625,-6.516357421875
0.611,5.175048828125,1.131103515625,-6.436279296875
0.6115,5.455322265625,0.370361328125,-6.236083984375
0.612,5.295166015625,-0.550537109375,-5.635498046875
0.6125,5.094970703125,-1.591552734375,-4.554443359375
0.613,4.974853515625,-2.872802734375,-3.473388671875
0.6135,4.814697265625,-4.033935546875,-2.312255859375
0.614,4.534423828125,-4.874755859375,-1.431396484375
0.6145,4.134033203125,-5.395263671875,-0.630615234375
0.615,3.293212890625,-5.635498046875,0.370361328125
0.6155,2.252197265625,-5.915771484375,1.611572265625
0.616,1.010986328125,-6.115966796875,3.012939453125
0.6165,0.130126953125,-6.276123046875,4.093994140625
0.617,-0.630615234375,-6.436279296875,4.934814453125
0.6175,-1.551513671875,-6.035888671875,5.455322265625
0.618,-2.712646484375,-4.994873046875,5.815673828125
0.6185,-3.913818359375,-3.873779296875,6.216064453125
0.619,-4.874755859375,-2.712646484375,6.256103515625
0.6195,-5.435302734375,-1.791748046875,6.216064453125
0.62,-5.635498046875,-1.031005859375,5.935791015625
0.6205,-5.515380859375,-0.190185546875,5.255126953125
0.621,-5.395263671875,0.970947265625,4.334228515625
0.6215,-5.315185546875,2.252197265625,3.173095703125
0.622,-5.114990234375,3.333251953125,2.132080078125
0.6225,-4.834716796875,4.134033203125,1.331298828125
0.623,-4.354248046875,4.574462890625,0.570556640625
0.6235,-3.433349609375,4.814697265625,-0.630615234375
0.624,-2.432373046875,5.175048828125,-1.951904296875
0.6245,-1.271240234375,5.335205078125,-3.233154296875
0.625,-0.510498046875,5.495361328125,-4.234130859375
0.6255,0.290283203125,5.575439453125,-5.074951171875
0.626,1.251220703125,5.054931640625,-5.475341796875
0.6265,2.412353515625,4.013916015625,-5.875732421875
0.627,3.573486328125,2.932861328125,-6.156005859375
0.6275,4.454345703125,1.891845703125,-6.196044921875
0.628,4.934814453125,1.091064453125,-6.156005859375
0.6285,5.014892578125,0.370361328125,-5.795654296875
0.629,4.854736328125,-0.630615234375,-5.074951171875
0.6295,4.854736328125,-1.791748046875,-4.154052734375
0.63,4.774658203125,-3.032958984375,-3.072998046875
0.6305,4.614501953125,-3.993896484375,-2.152099609375
0.631,4.414306640625,-4.714599609375,-1.391357421875
0.6315,3.813720703125,-5.074951171875,-0.590576171875
0.632,2.892822265625,-5.395263671875,0.610595703125
0.6325,1.931884765625,-5.795654296875,1.931884765625
0.633,0.890869140625,-5.995849609375,3.093017578125
0.6335,0.170166015625,-6.276123046875,4.013916015625
0.634,-0.630615234375,-6.115966796875,4.814697265625
0.6345,-1.711669921875,-5.435302734375,5.255126953125
0.635,-2.872802734375,-4.514404296875,5.695556640625
0.6355,-3.993896484375,-3.433349609375,5.935791015625
0.636,-4.794677734375,-2.432373046875,5.975830078125
0.6365,-5.155029296875,-1.711669921875,5.935791015625
0.637,-5.235107421875,-0.990966796875,5.495361328125
0.6375,-5.155029296875,0.050048828125,4.774658203125
0.638,-5.195068359375,1.251220703125,3.893798828125
0.6385,-5.074951171875,2.412353515625,2.852783203125
0.639,-4.914794921875,3.333251953125,2.011962890625
0.6395,-4.634521484375,3.973876953125,1.251220703125
0.64,-3.993896484375,4.334228515625,0.330322265625
0.6405,-3.113037109375,4.734619140625,-0.910888671875
0.641,-2.072021484375,5.054931640625,-2.232177734375
0.6415,-1.231201171875,5.295166015625,-3.353271484375
0.642,-0.510498046875,5.575439453125,-4.274169921875
0.6425,0.450439453125,5.335205078125,-4.914794921875
0.643,1.531494140625,4.534423828125,-5.395263671875
0.6435,2.732666015625,3.613525390625,-5.835693359375
0.644,3.773681640625,2.532470703125,-6.035888671875
0.6445,4.454345703125,1.651611328125,-6.115966796875
0.645,4.774658203125,0.930908203125,-5.955810546875
0.6455,4.814697265625,0.130126953125,-5.435302734375
0.646,4.774658203125,-0.990966796875,-4.634521484375
0.6465,4.774658203125,-2.272216796875,-3.713623046875
0.647,4.654541015625,-3.353271484375,-2.712646484375
0.6475,4.534423828125,-4.194091796875,-1.911865234375
0.648,4.134033203125,-4.754638671875,-1.151123046875
0.6485,3.333251953125,-5.114990234375,0.010009765625
0.649,2.492431640625,-5.595458984375,1.251220703125
0.6495,1.411376953125,-5.915771484375,2.532470703125
0.65,0.610595703125,-6.115966796875,3.573486328125
0.6505,-0.230224609375,-6.276123046875,4.494384765625
0.651,-1.151123046875,-5.755615234375,5.054931640625
0.6515,-2.392333984375,-4.874755859375,5.495361328125
0.652,-3.593505859375,-3.833740234375,5.895751953125
0.6525,-4.514404296875,-2.712646484375,5.975830078125
0.653,-5.074951171875,-1.951904296875,6.015869140625
0.6535,-5.275146484375,-1.191162109375,5.735595703125
0.654,-5.155029296875,-0.270263671875,4.934814453125
0.6545,-5.195068359375,0.970947265625,4.134033203125
0.655,-5.155029296875,2.252197265625,3.052978515625
0.6555,-4.994873046875,3.253173828125,2.092041015625
0.656,-4.794677734375,3.973876953125,1.291259765625
0.6565,-4.154052734375,4.334228515625,0.490478515625
0.657,-3.193115234375,4.614501953125,-0.790771484375
0.6575,-2.272216796875,5.054931640625,-2.192138671875
0.658,-1.231201171875,5.295166015625,-3.353271484375
0.6585,-0.510498046875,5.575439453125,-4.314208984375
0.659,0.410400390625,5.455322265625,-5.034912109375
0.6595,1.491455078125,4.654541015625,-5.435302734375
0.66,2.692626953125,3.693603515625,-5.875732421875
0.6605,3.853759765625,2.532470703125,-6.115966796875
0.661,4.534423828125,1.531494140625,-6.115966796875
0.6615,4.934814453125,0.770751953125,-6.075927734375
0.662,4.974853515625,0.010009765625,-5.515380859375
0.6625,4.854736328125,-1.111083984375,-4.634521484375
0.663,4.814697265625,-2.352294921875,-3.673583984375
0.6635,4.734619140625,-3.553466796875,-2.632568359375
0.664,4.494384765625,-4.434326171875,-1.751708984375
0.6645,4.214111328125,-5.034912109375,-0.990966796875
0.665,3.453369140625,-5.315185546875,0.010009765625
0.6655,2.412353515625,-5.675537109375,1.251220703125
0.666,1.291259765625,-5.915771484375,2.652587890625
0.6665,0.450439453125,-6.115966796875,3.773681640625
0.667,-0.350341796875,-6.316162109375,4.614501953125
0.6675,-1.271240234375,-5.915771484375,5.255126953125
0.668,-2.472412109375,-4.994873046875,5.655517578125
0.6685,-3.713623046875,-3.873779296875,6.055908203125
0.669,-4.754638671875,-2.712646484375,6.135986328125
0.6695,-5.315185546875,-1.791748046875,6.135986328125
0.67,-5.515380859375,-1.071044921875,5.895751953125
0.6705,-5.435302734375,-0.190185546875,5.175048828125
0.671,-5.315185546875,1.051025390625,4.174072265625
0.6715,-5.275146484375,2.372314453125,3.133056640625
0.672,-5.114990234375,3.453369140625,2.052001953125
0.6725,-4.834716796875,4.134033203125,1.211181640625
0.673,-4.314208984375,4.614501953125,0.410400390625
0.6735,-3.353271484375,4.814697265625,-0.790771484375
0.674,-2.272216796875,5.215087890625,-2.192138671875
0.6745,-1.151123046875,5.415283203125,-3.513427734375
0.675,-0.310302734375,5.615478515625,-4.474365234375
0.6755,0.490478515625,5.615478515625,-5.235107421875
0.676,1.491455078125,4.934814453125,-5.715576171875
0.6765,2.772705078125,3.853759765625,-6.115966796875
0.677,3.973876953125,2.652587890625,-6.356201171875
0.6775,4.814697265625,1.571533203125,-6.356201171875
0.678,5.215087890625,0.690673828125,-6.276123046875
0.6785,5.255126953125,-0.190185546875,-5.795654296875
0.679,5.094970703125,-1.191162109375,-4.874755859375
0.6795,4.974853515625,-2.432373046875,-3.793701171875
0.68,4.894775390625,-3.713623046875,-2.632568359375
0.6805,4.654541015625,-4.754638671875,-1.631591796875
0.681,4.334228515625,-5.395263671875,-0.910888671875
0.6815,3.573486328125,-5.635498046875,0.090087890625
0.682,2.492431640625,-5.835693359375,1.331298828125
0.6825,1.291259765625,-6.156005859375,2.852783203125
0.683,0.290283203125,-6.276123046875,4.013916015625
0.6835,-0.590576171875,-6.436279296875,4.974853515625
0.684,-1.431396484375,-6.196044921875,5.655517578125
0.6845,-2.672607421875,-5.195068359375,6.055908203125
0.685,-3.993896484375,-3.993896484375,6.376220703125
0.6855,-5.114990234375,-2.712646484375,6.536376953125
0.686,-5.755615234375,-1.591552734375,6.416259765625
0.6865,-5.995849609375,-0.790771484375,6.216064453125
0.687,-5.875732421875,0.210205078125,5.455322265625
0.6875,-5.635498046875,1.411376953125,4.294189453125
0.688,-5.555419921875,2.812744140625,3.052978515625
0.6885,-5.315185546875,3.973876953125,1.851806640625
0.689,-4.994873046875,4.814697265625,0.930908203125
0.6895,-4.434326171875,5.175048828125,0.050048828125
0.69,-3.353271484375,5.415283203125,-1.151123046875
0.6905,-2.031982421875,5.615478515625,-2.592529296875
0.691,-0.790771484375,5.775634765625,-4.114013671875
0.6915,0.290283203125,5.855712890625,-5.155029296875
0.692,0.970947265625,5.815673828125,-5.915771484375
0.6925,1.931884765625,5.175048828125,-6.356201171875
0.693,3.333251953125,3.853759765625,-6.596435546875
0.6935,4.534423828125,2.532470703125,-6.876708984375
0.694,5.415283203125,1.251220703125,-6.756591796875
0.6945,5.895751953125,0.290283203125,-6.556396484375
0.695,5.855712890625,-0.630615234375,-6.115966796875
0.6955,5.615478515625,-1.631591796875,-5.114990234375
0.696,5.295166015625,-2.952880859375,-3.753662109375
0.6965,5.094970703125,-4.354248046875,-2.432373046875
0.697,4.814697265625,-5.395263671875,-1.271240234375
0.6975,4.374267578125,-6.035888671875,-0.510498046875
0.698,3.613525390625,-6.196044921875,0.530517578125
0.6985,2.372314453125,-6.276123046875,1.771728515625
0.699,1.010986328125,-6.476318359375,3.293212890625
0.6995,-0.310302734375,-6.556396484375,4.614501953125
0.7,-1.071044921875,-6.596435546875,5.495361328125
0.7005,-1.791748046875,-6.396240234375,6.135986328125
0.701,-2.912841796875,-5.475341796875,6.496337890625
0.7015,-4.274169921875,-4.114013671875,6.736572265625
0.702,-5.435302734375,-2.752685546875,6.896728515625
0.7025,-6.115966796875,-1.471435546875,6.696533203125
0.703,-6.396240234375,-0.630615234375,6.416259765625
0.7035,-6.276123046875,0.330322265625,5.775634765625
0.704,-5.915771484375,1.451416015625,4.574462890625
0.7045,-5.715576171875,2.732666015625,3.253173828125
0.705,-5.435302734375,4.053955078125,1.931884765625
0.7055,-5.114990234375,4.934814453125,0.890869140625
0.706,-4.594482421875,5.495361328125,0.050048828125
0.7065,-3.673583984375,5.615478515625,-0.990966796875
0.707,-2.272216796875,5.735595703125,-2.392333984375
0.7075,-0.990966796875,5.895751953125,-3.873779296875
0.708,0.250244140625,5.895751953125,-5.074951171875
0.7085,0.930908203125,5.975830078125,-5.875732421875
0.709,1.771728515625,5.575439453125,-6.436279296875
0.7095,2.932861328125,4.454345703125,-6.716552734375
0.71,4.214111328125,3.052978515625,-6.916748046875
0.7105,5.295166015625,1.691650390625,-6.956787109375
0.711,5.895751953125,0.610595703125,-6.716552734375
0.7115,6.015869140625,-0.310302734375,-6.396240234375
0.712,5.775634765625,-1.231201171875,-5.635498046875
0.7125,5.455322265625,-2.512451171875,-4.354248046875
0.713,5.255126953125,-3.833740234375,-3.072998046875
0.7135,4.974853515625,-5.074951171875,-1.791748046875
0.714,4.614501953125,-5.755615234375,-0.790771484375
0.7145,4.053955078125,-6.156005859375,0.090087890625
0.715,3.012939453125,-6.276123046875,1.131103515625
0.7155,1.651611328125,-6.436279296875,2.572509765625
0.716,0.290283203125,-6.556396484375,4.093994140625
0.7165,-0.710693359375,-6.596435546875,5.094970703125
0.717,-1.431396484375,-6.636474609375,5.895751953125
0.7175,-2.392333984375,-5.955810546875,6.376220703125
0.718,-3.713623046875,-4.674560546875,6.656494140625
0.7185,-4.954833984375,-3.393310546875,6.856689453125
0.719,-5.915771484375,-2.031982421875,6.776611328125
0.7195,-6.356201171875,-1.031005859375,6.576416015625
0.72,-6.396240234375,-0.190185546875,6.135986328125
0.7205,-6.115966796875,0.890869140625,5.175048828125
0.721,-5.835693359375,2.172119140625,3.853759765625
0.7215,-5.635498046875,3.573486328125,2.492431640625
0.722,-5.315185546875,4.654541015625,1.331298828125
0.7225,-4.874755859375,5.375244140625,0.450439453125
0.723,-4.154052734375,5.615478515625,-0.590576171875
0.7235,-2.872802734375,5.735595703125,-1.831787109375
0.724,-1.551513671875,5.935791015625,-3.353271484375
0.7245,-0.190185546875,5.975830078125,-4.794677734375
0.725,0.690673828125,6.015869140625,-5.675537109375
0.7255,1.411376953125,5.855712890625,-6.356201171875
0.726,2.532470703125,4.934814453125,-6.716552734375
0.7265,3.893798828125,3.573486328125,-6.956787109375
0.727,5.094970703125,2.172119140625,-7.076904296875
0.7275,5.815673828125,0.930908203125,-6.916748046875
0.728,6.095947265625,0.010009765625,-6.636474609375
0.7285,6.055908203125,-1.031005859375,-6.075927734375
0.729,5.695556640625,-2.192138671875,-4.834716796875
0.7295,5.415283203125,-3.553466796875,-3.473388671875
0.73,5.175048828125,-4.874755859375,-2.072021484375
0.7305,4.814697265625,-5.755615234375,-0.990966796875
0.731,4.334228515625,-6.316162109375,-0.150146484375
0.7315,3.333251953125,-6.436279296875,0.970947265625
0.732,1.971923828125,-6.556396484375,2.332275390625
0.7325,0.570556640625,-6.716552734375,3.933837890625
0.733,-0.670654296875,-6.676513671875,5.094970703125
0.7335,-1.391357421875,-6.676513671875,5.895751953125
0.734,-2.272216796875,-6.276123046875,6.496337890625
0.7345,-3.553466796875,-5.074951171875,6.736572265625
0.735,-4.834716796875,-3.713623046875,7.016845703125
0.7355,-5.915771484375,-2.272216796875,6.976806640625
0.736,-6.436279296875,-1.151123046875,6.696533203125
0.7365,-6.556396484375,-0.310302734375,6.336181640625
0.737,-6.276123046875,0.690673828125,5.495361328125
0.7375,-5.955810546875,1.931884765625,4.134033203125
0.738,-5.715576171875,3.373291015625,2.812744140625
0.7385,-5.395263671875,4.534423828125,1.531494140625
0.739,-4.914794921875,5.255126953125,0.530517578125
0.7395,-4.354248046875,5.655517578125,-0.350341796875
0.74,-3.273193359375,5.695556640625,-1.391357421875
0.7405,-1.871826171875,5.815673828125,-2.872802734375
0.741,-0.550537109375,5.895751953125,-4.314208984375
0.7415,0.530517578125,5.895751953125,-5.355224609375
0.742,1.211181640625,5.895751953125,-6.035888671875
0.7425,2.052001953125,5.295166015625,-6.476318359375
0.743,3.333251953125,4.013916015625,-6.716552734375
0.7435,4.534423828125,2.732666015625,-6.916748046875
0.744,5.415283203125,1.411376953125,-6.836669921875
0.7445,5.855712890625,0.370361328125,-6.636474609375
0.745,5.895751953125,-0.510498046875,-6.236083984375
0.7455,5.615478515625,-1.431396484375,-5.315185546875
0.746,5.335205078125,-2.592529296875,-4.114013671875
0.7465,5.094970703125,-3.913818359375,-2.832763671875
0.747,4.814697265625,-4.994873046875,-1.631591796875
0.7475,4.494384765625,-5.675537109375,-0.790771484375
0.748,3.853759765625,-6.035888671875,0.130126953125
0.7485,2.812744140625,-6.115966796875,1.251220703125
0.749,1.571533203125,-6.356201171875,2.612548828125
0.7495,0.290283203125,-6.436279296875,4.013916015625
0.75,-0.670654296875,-6.516357421875,5.014892578125
0.7505,-1.351318359375,-6.516357421875,5.735595703125
0.751,-2.352294921875,-5.795654296875,6.176025390625
0.7515,-3.673583984375,-4.554443359375,6.456298828125
0.752,-4.874755859375,-3.273193359375,6.696533203125
0.7525,-5.715576171875,-2.072021484375,6.576416015625
0.753,-6.115966796875,-1.231201171875,6.416259765625
0.7535,-6.115966796875,-0.390380859375,5.935791015625
0.754,-5.835693359375,0.770751953125,4.974853515625
0.7545,-5.635498046875,2.052001953125,3.813720703125
0.755,-5.475341796875,3.373291015625,2.532470703125
0.7555,-5.155029296875,4.334228515625,1.411376953125
0.756,-4.794677734375,4.974853515625,0.610595703125
0.7565,-3.993896484375,5.255126953125,-0.390380859375
0.757,-2.832763671875,5.415283203125,-1.631591796875
0.7575,-1.591552734375,5.655517578125,-3.072998046875
0.758,-0.430419921875,5.695556640625,-4.354248046875
0.7585,0.410400390625,5.815673828125,-5.195068359375
0.759,1.131103515625,5.615478515625,-5.835693359375
0.7595,2.252197265625,4.734619140625,-6.156005859375
0.76,3.493408203125,3.493408203125,-6.476318359375
0.7605,4.614501953125,2.172119140625,-6.596435546875
0.761,5.255126953125,1.051025390625,-6.476318359375
0.7615,5.455322265625,0.290283203125,-6.316162109375
0.762,5.415283203125,-0.550537109375,-5.675537109375
0.7625,5.135009765625,-1.631591796875,-4.634521484375
0.763,5.054931640625,-2.872802734375,-3.553466796875
0.7635,4.814697265625,-4.073974609375,-2.312255859375
0.764,4.534423828125,-4.914794921875,-1.431396484375
0.7645,4.174072265625,-5.475341796875,-0.630615234375
0.765,3.333251953125,-5.715576171875,0.370361328125
0.7655,2.252197265625,-5.915771484375,1.571533203125
0.766,1.051025390625,-6.115966796875,3.012939453125
0.7665,0.130126953125,-6.236083984375,4.093994140625
0.767,-0.630615234375,-6.396240234375,4.934814453125
0.7675,-1.471435546875,-6.075927734375,5.495361328125
0.768,-2.632568359375,-5.074951171875,5.815673828125
0.7685,-3.833740234375,-4.033935546875,6.176025390625
0.769,-4.834716796875,-2.832763671875,6.256103515625
0.7695,-5.435302734375,-1.911865234375,6.216064453125
0.77,-5.635498046875,-1.111083984375,6.015869140625
0.7705,-5.555419921875,-0.270263671875,5.375244140625
0.771,-5.395263671875,0.890869140625,4.454345703125
0.7715,-5.315185546875,2.172119140625,3.333251953125
0.772,-5.114990234375,3.253173828125,2.252197265625
0.7725,-4.914794921875,4.093994140625,1.411376953125
0.773,-4.434326171875,4.534423828125,0.650634765625
0.7735,-3.553466796875,4.814697265625,-0.510498046875
0.774,-2.552490234375,5.135009765625,-1.711669921875
0.7745,-1.391357421875,5.375244140625,-3.072998046875
0.775,-0.590576171875,5.575439453125,-4.154052734375
0.7755,0.210205078125,5.655517578125,-4.954833984375
0.776,1.091064453125,5.215087890625,-5.475341796875
0.7765,2.292236328125,4.174072265625,-5.875732421875
0.777,3.493408203125,3.133056640625,-6.156005859375
0.7775,4.334228515625,1.971923828125,-6.236083984375
0.778,4.934814453125,1.211181640625,-6.236083984375
0.7785,5.094970703125,0.450439453125,-5.955810546875
0.779,4.974853515625,-0.550537109375,-5.195068359375
0.7795,4.894775390625,-1.631591796875,-4.314208984375
0.78,4.814697265625,-2.912841796875,-3.193115234375
0.7805,4.654541015625,-3.913818359375,-2.272216796875
0.781,4.494384765625,-4.674560546875,-1.551513671875
0.7815,3.893798828125,-5.114990234375,-0.670654296875
0.782,3.012939453125,-5.395263671875,0.490478515625
0.7825,2.011962890625,-5.755615234375,1.851806640625
0.783,0.970947265625,-5.955810546875,3.012939453125
0.7835,0.250244140625,-6.236083984375,4.013916015625
0.784,-0.630615234375,-6.236083984375,4.814697265625
0.7845,-1.631591796875,-5.635498046875,5.255126953125
0.785,-2.872802734375,-4.634521484375,5.735595703125
0.7855,-3.993896484375,-3.553466796875,5.935791015625
0.786,-4.794677734375,-2.472412109375,6.015869140625
0.7865,-5.195068359375,-1.711669921875,6.015869140625
0.787,-5.275146484375,-0.950927734375,5.575439453125
0.7875,-5.195068359375,0.130126953125,4.814697265625
0.788,-5.195068359375,1.291259765625,3.893798828125
0.7885,-5.114990234375,2.452392578125,2.852783203125
0.789,-4.954833984375,3.373291015625,1.971923828125
0.7895,-4.674560546875,4.053955078125,1.251220703125
0.79,-3.993896484375,4.414306640625,0.330322265625
0.7905,-3.072998046875,4.734619140625,-0.950927734375
0.791,-2.072021484375,5.094970703125,-2.272216796875
0.7915,-1.151123046875,5.335205078125,-3.353271484375
0.792,-0.470458984375,5.535400390625,-4.314208984375
0.7925,0.450439453125,5.295166015625,-4.994873046875
0.793,1.531494140625,4.534423828125,-5.435302734375
0.7935,2.692626953125,3.613525390625,-5.835693359375
0.794,3.773681640625,2.532470703125,-6.035888671875
0.7945,4.494384765625,1.611572265625,-6.115966796875
0.795,4.814697265625,0.890869140625,-5.995849609375
0.7955,4.854736328125,0.090087890625,-5.475341796875
0.796,4.774658203125,-1.031005859375,-4.634521484375
0.7965,4.814697265625,-2.232177734375,-3.713623046875
0.797,4.654541015625,-3.353271484375,-2.712646484375
0.7975,4.534423828125,-4.194091796875,-1.911865234375
0.798,4.174072265625,-4.834716796875,-1.151123046875
0.7985,3.453369140625,-5.155029296875,-0.190185546875
0.799,2.532470703125,-5.555419921875,1.131103515625
0.7995,1.411376953125,-5.835693359375,2.492431640625
0.8,0.610595703125,-6.115966796875,3.533447265625
0.8005,-0.190185546875,-6.276123046875,4.454345703125
0.801,-1.111083984375,-5.915771484375,5.014892578125
0.8015,-2.352294921875,-4.994873046875,5.455322265625
0.802,-3.553466796875,-3.913818359375,5.895751953125
0.8025,-4.514404296875,-2.792724609375,5.975830078125
0.803,-5.074951171875,-1.991943359375,6.055908203125
0.8035,-5.275146484375,-1.271240234375,5.735595703125
0.804,-5.195068359375,-0.390380859375,5.094970703125
0.8045,-5.195068359375,0.810791015625,4.214111328125
0.805,-5.155029296875,2.092041015625,3.173095703125
0.8055,-4.994873046875,3.133056640625,2.212158203125
0.806,-4.834716796875,3.893798828125,1.411376953125
0.8065,-4.274169921875,4.334228515625,0.610595703125
0.807,-3.353271484375,4.614501953125,-0.630615234375
0.8075,-2.392333984375,5.094970703125,-1.911865234375
0.808,-1.311279296875,5.255126953125,-3.153076171875
0.8085,-0.630615234375,5.495361328125,-4.154052734375
0.809,0.250244140625,5.455322265625,-4.914794921875
0.8095,1.251220703125,4.814697265625,-5.435302734375
0.81,2.492431640625,3.853759765625,-5.755615234375
0.8105,3.653564453125,2.732666015625,-6.075927734375
0.811,4.454345703125,1.731689453125,-6.115966796875
0.8115,4.854736328125,0.970947265625,-6.075927734375
0.812,4.894775390625,0.250244140625,-5.635498046875
0.8125,4.814697265625,-0.870849609375,-4.834716796875
0.813,4.814697265625,-2.031982421875,-3.873779296875
0.8135,4.734619140625,-3.233154296875,-2.832763671875
0.814,4.534423828125,-4.194091796875,-1.951904296875
0.8145,4.294189453125,-4.834716796875,-1.231201171875
0.815,3.573486328125,-5.155029296875,-0.310302734375
0.8155,2.612548828125,-5.475341796875,0.970947265625
0.816,1.571533203125,-5.835693359375,2.332275390625
0.8165,0.650634765625,-6.115966796875,3.453369140625
0.817,0.010009765625,-6.356201171875,4.334228515625
0.8175,-1.031005859375,-6.115966796875,5.054931640625
0.818,-2.152099609375,-5.155029296875,5.495361328125
0.8185,-3.393310546875,-4.154052734375,5.895751953125
0.819,-4.514404296875,-2.952880859375,6.095947265625
0.8195,-5.114990234375,-2.031982421875,6.095947265625
0.82,-5.435302734375,-1.271240234375,5.935791015625
0.8205,-5.395263671875,-0.470458984375,5.335205078125
0.821,-5.275146484375,0.730712890625,4.414306640625
0.8215,-5.275146484375,2.052001953125,3.333251953125
0.822,-5.114990234375,3.173095703125,2.252197265625
0.8225,-4.914794921875,3.973876953125,1.411376953125
0.823,-4.434326171875,4.494384765625,0.610595703125
0.8235,-3.553466796875,4.774658203125,-0.510498046875
0.824,-2.472412109375,5.094970703125,-1.871826171875
0.8245,-1.351318359375,5.335205078125,-3.233154296875
0.825,-0.510498046875,5.535400390625,-4.274169921875
0.8255,0.290283203125,5.615478515625,-5.114990234375
0.826,1.291259765625,5.094970703125,-5.635498046875
0.8265,2.532470703125,4.013916015625,-5.995849609375
0.827,3.773681640625,2.852783203125,-6.356201171875
0.8275,4.654541015625,1.691650390625,-6.356201171875
0.828,5.094970703125,0.850830078125,-6.276123046875
0.8285,5.255126953125,0.130126953125,-5.915771484375
0.829,5.094970703125,-0.990966796875,-5.034912109375
0.8295,4.974853515625,-2.192138671875,-3.953857421875
0.83,4.854736328125,-3.513427734375,-2.832763671875
0.8305,4.614501953125,-4.514404296875,-1.791748046875
0.831,4.374267578125,-5.195068359375,-0.990966796875
0.8315,3.653564453125,-5.515380859375,0.010009765625
0.832,2.612548828125,-5.755615234375,1.131103515625
0.8325,1.451416015625,-6.115966796875,2.612548828125
0.833,0.370361328125,-6.276123046875,3.813720703125
0.8335,-0.470458984375,-6.436279296875,4.734619140625
0.834,-1.231201171875,-6.276123046875,5.455322265625
0.8345,-2.392333984375,-5.395263671875,5.895751953125
0.835,-3.673583984375,-4.194091796875,6.256103515625
0.8355,-4.834716796875,-2.912841796875,6.416259765625
0.836,-5.515380859375,-1.791748046875,6.336181640625
0.8365,-5.795654296875,-1.031005859375,6.135986328125
0.837,-5.755615234375,-0.190185546875,5.575439453125
0.8375,-5.555419921875,1.051025390625,4.494384765625
0.838,-5.435302734375,2.372314453125,3.293212890625
0.8385,-5.275146484375,3.613525390625,2.132080078125
0.839,-4.994873046875,4.494384765625,1.131103515625
0.8395,-4.514404296875,5.014892578125,0.370361328125
0.84,-3.593505859375,5.175048828125,-0.710693359375
0.8405,-2.352294921875,5.375244140625,-2.152099609375
0.841,-1.151123046875,5.615478515625,-3.633544921875
0.8415,-0.190185546875,5.735595703125,-4.754638671875
0.842,0.610595703125,5.855712890625,-5.555419921875
0.8425,1.571533203125,5.375244140625,-6.115966796875
0.843,2.852783203125,4.134033203125,-6.396240234375
0.8435,4.134033203125,2.892822265625,-6.716552734375
0.844,5.135009765625,1.611572265625,-6.716552734375
0.8445,5.655517578125,0.570556640625,-6.556396484375
0.845,5.735595703125,-0.310302734375,-6.236083984375
0.8455,5.535400390625,-1.271240234375,-5.315185546875
0.846,5.295166015625,-2.552490234375,-4.033935546875
0.8465,5.135009765625,-3.953857421875,-2.792724609375
0.847,4.854736328125,-5.034912109375,-1.591552734375
0.8475,4.494384765625,-5.715576171875,-0.710693359375
0.848,3.853759765625,-6.075927734375,0.250244140625
0.8485,2.692626953125,-6.236083984375,1.411376953125
0.849,1.291259765625,-6.436279296875,2.932861328125
0.8495,0.050048828125,-6.556396484375,4.334228515625
0.85,-0.830810546875,-6.556396484375,5.295166015625
0.8505,-1.591552734375,-6.476318359375,6.015869140625
0.851,-2.672607421875,-5.635498046875,6.416259765625
0.8515,-4.073974609375,-4.274169921875,6.696533203125
0.852,-5.275146484375,-2.912841796875,6.856689453125
0.8525,-6.075927734375,-1.631591796875,6.696533203125
0.853,-6.396240234375,-0.710693359375,6.456298828125
0.8535,-6.276123046875,0.250244140625,5.855712890625
0.854,-5.995849609375,1.331298828125,4.734619140625
0.8545,-5.755615234375,2.692626953125,3.373291015625
0.855,-5.515380859375,4.053955078125,2.052001953125
0.8555,-5.114990234375,4.974853515625,0.930908203125
0.856,-4.634521484375,5.495361328125,0.130126953125
0.8565,-3.713623046875,5.655517578125,-0.990966796875
0.857,-2.352294921875,5.735595703125,-2.392333984375
0.8575,-1.031005859375,5.895751953125,-3.913818359375
0.858,0.250244140625,5.975830078125,-5.114990234375
0.8585,0.970947265625,5.935791015625,-5.955810546875
0.859,1.771728515625,5.615478515625,-6.516357421875
0.8595,2.972900390625,4.494384765625,-6.796630859375
0.86,4.294189453125,3.133056640625,-6.996826171875
0.8605,5.415283203125,1.731689453125,-7.036865234375
0.861,5.975830078125,0.490478515625,-6.756591796875
0.8615,6.095947265625,-0.390380859375,-6.436279296875
0.862,5.895751953125,-1.311279296875,-5.635498046875
0.8625,5.535400390625,-2.552490234375,-4.354248046875
0.863,5.295166015625,-3.873779296875,-3.032958984375
0.8635,5.014892578125,-5.114990234375,-1.711669921875
0.864,4.614501953125,-5.875732421875,-0.670654296875
0.8645,4.093994140625,-6.356201171875,0.170166015625
0.865,3.012939453125,-6.436279296875,1.211181640625
0.8655,1.571533203125,-6.556396484375,2.612548828125
0.866,0.250244140625,-6.636474609375,4.174072265625
0.8665,-0.830810546875,-6.596435546875,5.215087890625
0.867,-1.551513671875,-6.636474609375,5.975830078125
0.8675,-2.432373046875,-6.075927734375,6.456298828125
0.868,-3.753662109375,-4.754638671875,6.696533203125
0.8685,-4.994873046875,-3.433349609375,6.936767578125
0.869,-5.955810546875,-2.031982421875,6.896728515625
0.8695,-6.396240234375,-0.990966796875,6.656494140625
0.87,-6.436279296875,-0.190185546875,6.216064453125
0.8705,-6.196044921875,0.890869140625,5.295166015625
0.871,-5.875732421875,2.172119140625,3.933837890625
0.8715,-5.635498046875,3.573486328125,2.572509765625
0.872,-5.315185546875,4.654541015625,1.371337890625
0.8725,-4.914794921875,5.295166015625,0.450439453125
0.873,-4.234130859375,5.615478515625,-0.510498046875
0.8735,-3.032958984375,5.695556640625,-1.711669921875
0.874,-1.671630859375,5.895751953125,-3.193115234375
0.8745,-0.310302734375,5.975830078125,-4.634521484375
0.875,0.610595703125,6.015869140625,-5.595458984375
0.8755,1.291259765625,5.895751953125,-6.276123046875
0.876,2.372314453125,5.094970703125,-6.636474609375
0.8765,3.733642578125,3.693603515625,-6.876708984375
0.877,4.934814453125,2.372314453125,-7.076904296875
0.8775,5.735595703125,1.051025390625,-6.916748046875
0.878,6.055908203125,0.130126953125,-6.676513671875
0.8785,6.015869140625,-0.790771484375,-6.115966796875
0.879,5.695556640625,-1.871826171875,-4.994873046875
0.8795,5.415283203125,-3.193115234375,-3.713623046875
0.88,5.215087890625,-4.634521484375,-2.312255859375
0.8805,4.854736328125,-5.635498046875,-1.191162109375
0.881,4.414306640625,-6.196044921875,-0.310302734375
0.8815,3.533447265625,-6.436279296875,0.610595703125
0.882,2.252197265625,-6.436279296875,2.011962890625
0.8825,0.890869140625,-6.676513671875,3.573486328125
0.883,-0.470458984375,-6.676513671875,4.854736328125
0.8835,-1.191162109375,-6.716552734375,5.735595703125
0.884,-2.031982421875,-6.436279296875,6.376220703125
0.8845,-3.193115234375,-5.315185546875,6.696533203125
0.885,-4.594482421875,-3.913818359375,6.936767578125
0.8855,-5.715576171875,-2.552490234375,7.016845703125
0.886,-6.356201171875,-1.311279296875,6.776611328125
0.8865,-6.516357421875,-0.470458984375,6.416259765625
0.887,-6.356201171875,0.530517578125,5.695556640625
0.8875,-5.995849609375,1.771728515625,4.414306640625
0.888,-5.755615234375,3.173095703125,3.052978515625
0.8885,-5.435302734375,4.414306640625,1.691650390625
0.889,-5.034912109375,5.135009765625,0.650634765625
0.8895,-4.514404296875,5.615478515625,-0.310302734375
0.89,-3.393310546875,5.735595703125,-1.311279296875
0.8905,-1.991943359375,5.815673828125,-2.752685546875
0.891,-0.630615234375,5.975830078125,-4.274169921875
0.8915,0.490478515625,5.935791015625,-5.315185546875
0.892,1.171142578125,5.935791015625,-6.115966796875
0.8925,2.052001953125,5.375244140625,-6.556396484375
0.893,3.293212890625,4.134033203125,-6.756591796875
0.8935,4.494384765625,2.812744140625,-6.996826171875
0.894,5.455322265625,1.411376953125,-6.916748046875
0.8945,5.935791015625,0.370361328125,-6.676513671875
0.895,6.015869140625,-0.510498046875,-6.276123046875
0.8955,5.735595703125,-1.431396484375,-5.395263671875
0.896,5.415283203125,-2.632568359375,-4.114013671875
0.8965,5.175048828125,-4.033935546875,-2.832763671875
0.897,4.854736328125,-5.155029296875,-1.591552734375
0.8975,4.494384765625,-5.795654296875,-0.670654296875
0.898,3.853759765625,-6.115966796875,0.210205078125
0.8985,2.772705078125,-6.196044921875,1.291259765625
0.899,1.451416015625,-6.396240234375,2.692626953125
0.8995,0.210205078125,-6.476318359375,4.134033203125
0.9,-0.790771484375,-6.516357421875,5.094970703125
0.9005,-1.431396484375,-6.476318359375,5.775634765625
0.901,-2.392333984375,-5.795654296875,6.256103515625
0.9015,-3.673583984375,-4.554443359375,6.496337890625
0.902,-4.874755859375,-3.313232421875,6.696533203125
0.9025,-5.715576171875,-2.031982421875,6.616455078125
0.903,-6.115966796875,-1.151123046875,6.416259765625
0.9035,-6.156005859375,-0.310302734375,6.015869140625
0.904,-5.915771484375,0.730712890625,5.094970703125
0.9045,-5.675537109375,1.931884765625,3.853759765625
0.905,-5.515380859375,3.253173828125,2.612548828125
0.9055,-5.195068359375,4.294189453125,1.411376953125
0.906,-4.834716796875,4.974853515625,0.650634765625
0.9065,-4.114013671875,5.255126953125,-0.310302734375
0.907,-2.952880859375,5.415283203125,-1.511474609375
0.9075,-1.711669921875,5.695556640625,-2.992919921875
0.908,-0.510498046875,5.735595703125,-4.314208984375
0.9085,0.370361328125,5.855712890625,-5.195068359375
0.909,1.091064453125,5.735595703125,-5.875732421875
0.9095,2.132080078125,4.854736328125,-6.236083984375
0.91,3.453369140625,3.653564453125,-6.556396484375
0.9105,4.574462890625,2.372314453125,-6.716552734375
0.911,5.295166015625,1.211181640625,-6.556396484375
0.9115,5.575439453125,0.410400390625,-6.396240234375
0.912,5.535400390625,-0.510498046875,-5.795654296875
0.9125,5.255126953125,-1.591552734375,-4.794677734375
0.913,5.135009765625,-2.872802734375,-3.673583984375
0.9135,4.894775390625,-4.154052734375,-2.432373046875
0.914,4.614501953125,-4.994873046875,-1.431396484375
0.9145,4.294189453125,-5.595458984375,-0.630615234375
0.915,3.453369140625,-5.755615234375,0.370361328125
0.9155,2.292236328125,-5.955810546875,1.611572265625
0.916,1.091064453125,-6.236083984375,3.052978515625
0.9165,0.050048828125,-6.276123046875,4.214111328125
0.917,-0.670654296875,-6.436279296875,5.054931640625
0.9175,-1.551513671875,-6.115966796875,5.655517578125
0.918,-2.712646484375,-5.114990234375,6.015869140625
0.9185,-3.953857421875,-3.993896484375,6.336181640625
0.919,-4.994873046875,-2.712646484375,6.416259765625
0.9195,-5.595458984375,-1.711669921875,6.336181640625
0.92,-5.795654296875,-0.990966796875,6.095947265625
0.9205,-5.675537109375,-0.150146484375,5.415283203125
0.921,-5.435302734375,1.010986328125,4.374267578125
0.9215,-5.435302734375,2.292236328125,3.253173828125
0.922,-5.155029296875,3.493408203125,2.132080078125
0.9225,-4.914794921875,4.294189453125,1.291259765625
0.923,-4.434326171875,4.734619140625,0.490478515625
0.9235,-3.553466796875,4.974853515625,-0.630615234375
0.924,-2.432373046875,5.215087890625,-1.911865234375
0.9245,-1.231201171875,5.415283203125,-3.313232421875
0.925,-0.350341796875,5.575439453125,-4.354248046875
0.9255,0.370361328125,5.695556640625,-5.114990234375
0.926,1.291259765625,5.215087890625,-5.635498046875
0.9265,2.452392578125,4.174072265625,-5.955810546875
0.927,3.653564453125,3.093017578125,-6.316162109375
0.9275,4.534423828125,1.931884765625,-6.356201171875
0.928,5.054931640625,1.051025390625,-6.276123046875
0.9285,5.215087890625,0.290283203125,-5.995849609375
0.929,5.054931640625,-0.710693359375,-5.235107421875
0.9295,4.894775390625,-1.791748046875,-4.354248046875
0.93,4.854736328125,-3.072998046875,-3.193115234375
0.9305,4.654541015625,-4.114013671875,-2.192138671875
0.931,4.494384765625,-4.834716796875,-1.391357421875
0.9315,3.893798828125,-5.235107421875,-0.590576171875
0.932,3.012939453125,-5.475341796875,0.570556640625
0.9325,1.971923828125,-5.835693359375,1.891845703125
0.933,0.890869140625,-5.995849609375,3.133056640625
0.9335,0.130126953125,-6.236083984375,4.134033203125
0.934,-0.670654296875,-6.276123046875,4.854736328125
0.9345,-1.631591796875,-5.635498046875,5.335205078125
0.935,-2.872802734375,-4.634521484375,5.735595703125
0.9355,-4.033935546875,-3.553466796875,6.055908203125
0.936,-4.834716796875,-2.472412109375,6.095947265625
0.9365,-5.275146484375,-1.751708984375,6.055908203125
0.937,-5.355224609375,-0.990966796875,5.655517578125
0.9375,-5.275146484375,0.010009765625,4.814697265625
0.938,-5.195068359375,1.211181640625,3.973876953125
0.9385,-5.155029296875,2.412353515625,2.932861328125
0.939,-4.954833984375,3.373291015625,1.971923828125
0.9395,-4.714599609375,4.013916015625,1.291259765625
0.94,-4.114013671875,4.414306640625,0.450439453125
0.9405,-3.193115234375,4.734619140625,-0.790771484375
0.941,-2.192138671875,5.094970703125,-2.112060546875
0.9415,-1.231201171875,5.255126953125,-3.233154296875
0.942,-0.510498046875,5.535400390625,-4.194091796875
0.9425,0.330322265625,5.415283203125,-4.914794921875
0.943,1.411376953125,4.654541015625,-5.315185546875
0.9435,2.572509765625,3.773681640625,-5.755615234375
0.944,3.653564453125,2.692626953125,-5.995849609375
0.9445,4.414306640625,1.691650390625,-6.075927734375
0.945,4.774658203125,1.010986328125,-6.075927734375
0.9455,4.814697265625,0.250244140625,-5.595458984375
0.946,4.734619140625,-0.790771484375,-4.834716796875
0.9465,4.814697265625,-1.951904296875,-3.913818359375
0.947,4.694580078125,-3.153076171875,-2.912841796875
0.9475,4.574462890625,-3.993896484375,-2.112060546875
0.948,4.294189453125,-4.634521484375,-1.351318359375
0.9485,3.573486328125,-5.034912109375,-0.470458984375
0.949,2.692626953125,-5.435302734375,0.850830078125
0.9495,1.651611328125,-5.755615234375,2.172119140625
0.95,0.810791015625,-6.035888671875,3.293212890625
0.9505,0.130126953125,-6.276123046875,4.174072265625
0.951,-0.910888671875,-5.955810546875,4.854736328125
0.9515,-2.072021484375,-5.114990234375,5.335205078125
0.952,-3.273193359375,-4.154052734375,5.775634765625
0.9525,-4.314208984375,-3.072998046875,5.935791015625
0.953,-4.954833984375,-2.232177734375,6.015869140625
0.9535,-5.235107421875,-1.551513671875,5.775634765625
0.954,-5.195068359375,-0.630615234375,5.215087890625
0.9545,-5.155029296875,0.570556640625,4.414306640625
0.955,-5.195068359375,1.851806640625,3.413330078125
0.9555,-5.074951171875,2.892822265625,2.412353515625
0.956,-4.874755859375,3.733642578125,1.611572265625
0.9565,-4.434326171875,4.214111328125,0.810791015625
0.957,-3.553466796875,4.534423828125,-0.310302734375
0.9575,-2.592529296875,4.974853515625,-1.631591796875
0.958,-1.551513671875,5.255126953125,-2.912841796875
0.9585,-0.750732421875,5.455322265625,-3.953857421875
0.959,0.090087890625,5.535400390625,-4.754638671875
0.9595,1.051025390625,4.974853515625,-5.275146484375
0.96,2.252197265625,3.973876953125,-5.715576171875
0.9605,3.493408203125,2.852783203125,-6.035888671875
0.961,4.334228515625,1.811767578125,-6.115966796875
0.9615,4.774658203125,1.051025390625,-6.115966796875
0.962,4.894775390625,0.330322265625,-5.715576171875
0.9625,4.814697265625,-0.710693359375,-4.914794921875
0.963,4.814697265625,-1.871826171875,-3.993896484375
0.9635,4.774658203125,-3.153076171875,-2.952880859375
0.964,4.534423828125,-4.114013671875,-2.031982421875
0.9645,4.334228515625,-4.794677734375,-1.271240234375
0.965,3.693603515625,-5.114990234375,-0.470458984375
0.9655,2.692626953125,-5.435302734375,0.850830078125
0.966,1.691650390625,-5.795654296875,2.212158203125
0.9665,0.730712890625,-5.995849609375,3.333251953125
0.967,0.050048828125,-6.276123046875,4.334228515625
0.9675,-0.910888671875,-6.075927734375,4.974853515625
0.968,-2.031982421875,-5.235107421875,5.415283203125
0.9685,-3.273193359375,-4.234130859375,5.855712890625
0.969,-4.394287109375,-3.072998046875,6.055908203125
0.9695,-5.114990234375,-2.112060546875,6.055908203125
0.97,-5.395263671875,-1.311279296875,5.935791015625
0.9705,-5.355224609375,-0.590576171875,5.415283203125
0.971,-5.275146484375,0.610595703125,4.454345703125
0.9715,-5.235107421875,1.891845703125,3.453369140625
0.972,-5.114990234375,3.052978515625,2.412353515625
0.9725,-4.874755859375,3.893798828125,1.531494140625
0.973,-4.474365234375,4.414306640625,0.730712890625
0.9735,-3.633544921875,4.654541015625,-0.350341796875
0.974,-2.632568359375,5.014892578125,-1.591552734375
0.9745,-1.471435546875,5.335205078125,-3.032958984375
0.975,-0.630615234375,5.535400390625,-4.073974609375
0.9755,0.130126953125,5.655517578125,-4.914794921875
0.976,1.051025390625,5.175048828125,-5.435302734375
0.9765,2.292236328125,4.134033203125,-5.835693359375
0.977,3.533447265625,3.012939453125,-6.236083984375
0.9775,4.494384765625,1.851806640625,-6.276123046875
0.978,5.014892578125,1.010986328125,-6.236083984375
0.9785,5.135009765625,0.290283203125,-5.915771484375
0.979,5.054931640625,-0.710693359375,-5.155029296875
0.9795,4.934814453125,-1.871826171875,-4.154052734375
0.98,4.894775390625,-3.193115234375,-3.032958984375
0.9805,4.734619140625,-4.234130859375,-2.031982421875
0.981,4.454345703125,-4.994873046875,-1.231201171875
0.9815,3.853759765625,-5.355224609375,-0.430419921875
0.982,2.852783203125,-5.595458984375,0.810791015625
0.9825,1.771728515625,-5.915771484375,2.212158203125
0.983,0.650634765625,-6.115966796875,3.493408203125
0.9835,-0.190185546875,-6.356201171875,4.494384765625
0.984,-0.990966796875,-6.276123046875,5.215087890625
0.9845,-2.031982421875,-5.595458984375,5.695556640625
0.985,-3.353271484375,-4.434326171875,6.095947265625
0.9855,-4.594482421875,-3.193115234375,6.336181640625
0.986,-5.355224609375,-2.072021484375,6.296142578125
0.9865,-5.715576171875,-1.271240234375,6.176025390625
0.987,-5.715576171875,-0.430419921875,5.655517578125
0.9875,-5.515380859375,0.770751953125,4.654541015625
0.988,-5.435302734375,2.052001953125,3.533447265625
0.9885,-5.315185546875,3.333251953125,2.372314453125
0.989,-5.034912109375,4.254150390625,1.331298828125
0.9895,-4.674560546875,4.854736328125,0.610595703125
0.99,-3.833740234375,5.094970703125,-0.510498046875
0.9905,-2.592529296875,5.335205078125,-1.871826171875
0.991,-1.351318359375,5.615478515625,-3.353271484375
0.9915,-0.350341796875,5.735595703125,-4.514404296875
0.992,0.490478515625,5.815673828125,-5.395263671875
0.9925,1.331298828125,5.415283203125,-5.955810546875
0.993,2.612548828125,4.294189453125,-6.356201171875
0.9935,3.893798828125,3.052978515625,-6.676513671875
0.994,5.014892578125,1.771728515625,-6.716552734375
0.9945,5.575439453125,0.690673828125,-6.556396484375
0.995,5.735595703125,-0.190185546875,-6.276123046875
0.9955,5.535400390625,-1.151123046875,-5.435302734375
0.996,5.295166015625,-2.432373046875,-4.154052734375
0.9965,5.135009765625,-3.833740234375,-2.872802734375
0.997,4.894775390625,-4.954833984375,-1.711669921875
0.9975,4.534423828125,-5.635498046875,-0.790771484375
0.998,3.893798828125,-6.035888671875,0.130126953125
0.9985,2.812744140625,-6.156005859375,1.291259765625
0.999,1.411376953125,-6.356201171875,2.812744140625
0.9995,0.170166015625,-6.476318359375,4.214111328125
