wavelength,x,y,z
0.0,-3.86376953125,3.82373046875,-0.42041015625
0.0005,-3.98388671875,3.02294921875,0.50048828125
0.001,-4.22412109375,2.54248046875,1.22119140625
0.0015,-4.34423828125,1.50146484375,2.38232421875
0.002,-4.26416015625,0.98095703125,2.90283203125
0.0025,-4.06396484375,0.22021484375,3.50341796875
0.003,-3.66357421875,-0.50048828125,3.78369140625
0.0035,-3.22314453125,-1.22119140625,4.10400390625
0.004,-2.46240234375,-2.10205078125,4.18408203125
0.0045,-1.78173828125,-2.98291015625,4.42431640625
0.005,-0.98095703125,-3.34326171875,3.98388671875
0.0055,-0.30029296875,-3.98388671875,3.94384765625
0.006,0.62060546875,-4.10400390625,3.18310546875
0.0065,1.26123046875,-4.42431640625,2.94287109375
0.007,2.30224609375,-4.54443359375,1.98193359375
0.0075,2.82275390625,-4.58447265625,1.54150390625
0.008,3.22314453125,-4.34423828125,0.86083984375
0.0085,3.54345703125,-4.14404296875,0.26025390625
0.009,3.78369140625,-3.54345703125,-0.58056640625
0.0095,3.98388671875,-2.94287109375,-1.42138671875
0.01,4.18408203125,-2.10205078125,-2.42236328125
0.0105,3.98388671875,-1.50146484375,-2.86279296875
0.011,3.98388671875,-0.82080078125,-3.50341796875
0.0115,3.42333984375,-0.06005859375,-3.74365234375
0.012,3.18310546875,0.62060546875,-4.14404296875
0.0125,2.30224609375,1.62158203125,-4.26416015625
0.013,1.74169921875,2.38232421875,-4.50439453125
0.0135,0.82080078125,2.86279296875,-4.06396484375
0.014,0.18017578125,3.46337890625,-4.02392578125
0.0145,-0.78076171875,3.66357421875,-3.30322265625
0.015,-1.42138671875,3.94384765625,-2.94287109375
0.0155,-2.54248046875,4.14404296875,-2.06201171875
0.016,-2.94287109375,3.98388671875,-1.54150390625
0.0165,-3.50341796875,3.82373046875,-0.82080078125
0.017,-3.70361328125,3.34326171875,-0.14013671875
0.0175,-3.98388671875,2.86279296875,0.66064453125
0.018,-4.14404296875,2.06201171875,1.66162109375
0.0185,-4.38427734375,1.42138671875,2.58251953125
0.019,-3.98388671875,0.66064453125,2.94287109375
0.0195,-3.98388671875,0.06005859375,3.54345703125
0.02,-3.34326171875,-0.78076171875,3.78369140625
0.0205,-3.02294921875,-1.46142578125,4.10400390625
0.021,-2.10205078125,-2.50244140625,4.26416015625
0.0215,-1.46142578125,-3.14306640625,4.22412109375
0.022,-0.62060546875,-3.58349609375,3.86376953125
0.0225,0.14013671875,-4.02392578125,3.62353515625
0.023,0.94091796875,-4.22412109375,3.06298828125
0.0235,1.70166015625,-4.46435546875,2.46240234375
0.024,2.70263671875,-4.66455078125,1.78173828125
0.0245,2.94287109375,-4.34423828125,1.14111328125
0.025,3.50341796875,-4.34423828125,0.58056640625
0.0255,3.58349609375,-3.70361328125,-0.30029296875
0.026,3.90380859375,-3.18310546875,-0.98095703125
0.0265,4.02392578125,-2.30224609375,-2.06201171875
0.027,4.14404296875,-1.74169921875,-2.82275390625
0.0275,3.74365234375,-0.94091796875,-3.18310546875
0.028,3.70361328125,-0.46044921875,-3.66357421875
0.0285,3.10302734375,0.46044921875,-3.86376953125
0.029,2.66259765625,1.14111328125,-4.14404296875
0.0295,1.86181640625,2.18212890625,-4.38427734375
0.03,1.14111328125,2.58251953125,-4.10400390625
0.0305,0.38037109375,3.18310546875,-3.90380859375
0.031,-0.42041015625,3.50341796875,-3.46337890625
0.0315,-1.14111328125,3.70361328125,-3.02294921875
0.032,-1.98193359375,3.86376953125,-2.30224609375
0.0325,-2.78271484375,4.02392578125,-1.78173828125
0.033,-3.06298828125,3.58349609375,-1.14111328125
0.0335,-3.54345703125,3.62353515625,-0.62060546875
0.034,-3.62353515625,2.86279296875,0.30029296875
0.0345,-3.94384765625,2.54248046875,1.06103515625
0.035,-4.10400390625,1.58154296875,2.10205078125
0.0355,-4.14404296875,1.14111328125,2.62255859375
0.036,-3.82373046875,0.34033203125,3.10302734375
0.0365,-3.70361328125,-0.26025390625,3.54345703125
0.037,-3.14306640625,-1.02099609375,3.82373046875
0.0375,-2.58251953125,-1.82177734375,4.02392578125
0.038,-1.94189453125,-2.70263671875,4.26416015625
0.0385,-1.10107421875,-3.10302734375,3.86376953125
0.039,-0.46044921875,-3.78369140625,3.86376953125
0.0395,0.46044921875,-3.94384765625,3.22314453125
0.04,1.14111328125,-4.30419921875,2.86279296875
0.0405,2.06201171875,-4.50439453125,2.14208984375
0.041,2.66259765625,-4.58447265625,1.58154296875
0.0415,2.98291015625,-4.18408203125,0.90087890625
0.042,3.42333984375,-4.06396484375,0.42041015625
0.0425,3.54345703125,-3.26318359375,-0.62060546875
0.043,3.86376953125,-2.82275390625,-1.30126953125
0.0435,4.02392578125,-1.98193359375,-2.38232421875
0.044,3.82373046875,-1.38134765625,-2.74267578125
0.0445,3.66357421875,-0.78076171875,-3.26318359375
0.045,3.30322265625,-0.10009765625,-3.54345703125
0.0455,2.86279296875,0.70068359375,-3.86376953125
0.046,2.18212890625,1.54150390625,-4.02392578125
0.0465,1.58154296875,2.26220703125,-4.18408203125
0.047,0.70068359375,2.58251953125,-3.70361328125
0.0475,0.14013671875,3.22314453125,-3.74365234375
0.048,-0.70068359375,3.34326171875,-3.02294921875
0.0485,-1.42138671875,3.58349609375,-2.70263671875
0.049,-2.26220703125,3.78369140625,-1.98193359375
0.0495,-2.66259765625,3.66357421875,-1.54150390625
0.05,-3.06298828125,3.50341796875,-0.90087890625
0.0505,-3.34326171875,3.18310546875,-0.30029296875
0.051,-3.54345703125,2.58251953125,0.62060546875
0.0515,-3.82373046875,2.06201171875,1.38134765625
0.052,-4.02392578125,1.42138671875,2.22216796875
0.0525,-3.70361328125,0.82080078125,2.54248046875
0.053,-3.82373046875,0.30029296875,3.18310546875
0.0535,-3.26318359375,-0.58056640625,3.38330078125
0.054,-2.90283203125,-1.26123046875,3.78369140625
0.0545,-2.18212890625,-2.10205078125,3.94384765625
0.055,-1.62158203125,-2.70263671875,3.98388671875
0.0555,-0.78076171875,-3.18310546875,3.58349609375
0.056,-0.18017578125,-3.70361328125,3.54345703125
0.0565,0.70068359375,-3.90380859375,2.90283203125
0.057,1.38134765625,-4.22412109375,2.54248046875
0.0575,2.26220703125,-4.50439453125,1.94189453125
0.058,2.54248046875,-4.18408203125,1.38134765625
0.0585,3.06298828125,-4.14404296875,0.82080078125
0.059,3.26318359375,-3.54345703125,0.02001953125
0.0595,3.54345703125,-3.06298828125,-0.82080078125
0.06,3.78369140625,-2.38232421875,-1.74169921875
0.0605,3.90380859375,-1.82177734375,-2.42236328125
0.061,3.54345703125,-1.10107421875,-2.78271484375
0.0615,3.58349609375,-0.62060546875,-3.34326171875
0.062,2.94287109375,0.30029296875,-3.54345703125
0.0625,2.54248046875,0.98095703125,-3.86376953125
0.063,1.86181640625,1.86181640625,-4.06396484375
0.0635,1.18115234375,2.38232421875,-3.86376953125
0.064,0.46044921875,2.86279296875,-3.66357421875
0.0645,-0.30029296875,3.18310546875,-3.34326171875
0.065,-1.10107421875,3.38330078125,-2.78271484375
0.0655,-1.78173828125,3.58349609375,-2.30224609375
0.066,-2.50244140625,3.82373046875,-1.78173828125
0.0665,-2.74267578125,3.42333984375,-1.14111328125
0.067,-3.22314453125,3.46337890625,-0.62060546875
0.0675,-3.34326171875,2.66259765625,0.30029296875
0.068,-3.70361328125,2.26220703125,1.02099609375
0.0685,-3.82373046875,1.58154296875,1.94189453125
0.069,-3.86376953125,1.10107421875,2.38232421875
0.0695,-3.54345703125,0.42041015625,2.82275390625
0.07,-3.54345703125,-0.14013671875,3.22314453125
0.0705,-2.86279296875,-1.02099609375,3.54345703125
0.071,-2.42236328125,-1.70166015625,3.78369140625
0.0715,-1.78173828125,-2.54248046875,3.94384765625
0.072,-1.06103515625,-2.90283203125,3.58349609375
0.0725,-0.46044921875,-3.54345703125,3.54345703125
0.073,0.38037109375,-3.74365234375,3.02294921875
0.0735,1.14111328125,-4.10400390625,2.58251953125
0.074,1.90185546875,-4.22412109375,2.10205078125
0.0745,2.42236328125,-4.30419921875,1.62158203125
0.075,2.70263671875,-3.90380859375,1.02099609375
0.0755,3.18310546875,-3.86376953125,0.50048828125
0.076,3.30322265625,-3.06298828125,-0.58056640625
0.0765,3.66357421875,-2.70263671875,-1.26123046875
0.077,3.86376953125,-1.98193359375,-2.18212890625
0.0775,3.66357421875,-1.46142578125,-2.54248046875
0.078,3.54345703125,-0.78076171875,-3.06298828125
0.0785,3.22314453125,-0.18017578125,-3.46337890625
0.079,2.70263671875,0.70068359375,-3.78369140625
0.0795,2.14208984375,1.46142578125,-3.94384765625
0.08,1.50146484375,2.18212890625,-4.02392578125
0.0805,0.66064453125,2.54248046875,-3.58349609375
0.081,0.14013671875,3.14306640625,-3.62353515625
0.0815,-0.86083984375,3.22314453125,-2.90283203125
0.082,-1.54150390625,3.62353515625,-2.54248046875
0.0825,-2.26220703125,3.70361328125,-1.90185546875
0.083,-2.66259765625,3.62353515625,-1.42138671875
0.0835,-3.02294921875,3.30322265625,-0.78076171875
0.084,-3.34326171875,3.02294921875,-0.10009765625
0.0845,-3.54345703125,2.26220703125,0.86083984375
0.085,-3.78369140625,1.86181640625,1.54150390625
0.0855,-3.86376953125,1.22119140625,2.26220703125
0.086,-3.54345703125,0.62060546875,2.58251953125
0.0865,-3.54345703125,0.06005859375,3.14306640625
0.087,-2.98291015625,-0.78076171875,3.34326171875
0.0875,-2.54248046875,-1.50146484375,3.66357421875
0.088,-1.86181640625,-2.22216796875,3.74365234375
0.0885,-1.34130859375,-2.82275390625,3.74365234375
0.089,-0.58056640625,-3.18310546875,3.34326171875
0.0895,0.06005859375,-3.70361328125,3.26318359375
0.09,0.94091796875,-3.78369140625,2.54248046875
0.0905,1.54150390625,-4.10400390625,2.30224609375
0.091,2.22216796875,-4.18408203125,1.78173828125
0.0915,2.50244140625,-3.98388671875,1.26123046875
0.092,2.94287109375,-3.86376953125,0.66064453125
0.0925,3.18310546875,-3.30322265625,-0.14013671875
0.093,3.46337890625,-2.82275390625,-0.98095703125
0.0935,3.66357421875,-2.26220703125,-1.74169921875
0.094,3.78369140625,-1.74169921875,-2.38232421875
0.0945,3.42333984375,-1.10107421875,-2.70263671875
0.095,3.50341796875,-0.58056640625,-3.30322265625
0.0955,2.82275390625,0.38037109375,-3.54345703125
0.096,2.42236328125,1.10107421875,-3.86376953125
0.0965,1.74169921875,1.86181640625,-3.94384765625
0.097,1.10107421875,2.30224609375,-3.82373046875
0.0975,0.34033203125,2.82275390625,-3.58349609375
0.098,-0.38037109375,3.22314453125,-3.22314453125
0.0985,-1.30126953125,3.46337890625,-2.58251953125
0.099,-1.90185546875,3.70361328125,-2.22216796875
0.0995,-2.54248046875,3.74365234375,-1.66162109375
0.1,-2.78271484375,3.34326171875,-1.06103515625
0.1005,-3.26318359375,3.26318359375,-0.42041015625
0.101,-3.42333984375,2.46240234375,0.58056640625
0.1015,-3.78369140625,2.06201171875,1.30126953125
0.102,-3.82373046875,1.38134765625,2.06201171875
0.1025,-3.82373046875,0.90087890625,2.54248046875
0.103,-3.46337890625,0.22021484375,2.90283203125
0.1035,-3.34326171875,-0.42041015625,3.38330078125
0.104,-2.58251953125,-1.38134765625,3.58349609375
0.1045,-2.14208984375,-2.02197265625,3.78369140625
0.105,-1.42138671875,-2.74267578125,3.82373046875
0.1055,-0.78076171875,-3.14306640625,3.50341796875
0.106,-0.10009765625,-3.58349609375,3.34326171875
0.1065,0.78076171875,-3.82373046875,2.78271484375
0.107,1.54150390625,-4.10400390625,2.30224609375
0.1075,2.06201171875,-4.18408203125,1.86181640625
0.108,2.58251953125,-4.18408203125,1.34130859375
0.1085,2.82275390625,-3.78369140625,0.70068359375
0.109,3.30322265625,-3.66357421875,0.06005859375
0.1095,3.42333984375,-2.74267578125,-1.02099609375
0.11,3.74365234375,-2.38232421875,-1.66162109375
0.1105,3.74365234375,-1.66162109375,-2.42236328125
0.111,3.58349609375,-1.14111328125,-2.78271484375
0.1115,3.34326171875,-0.46044921875,-3.22314453125
0.112,3.02294921875,0.30029296875,-3.58349609375
0.1125,2.38232421875,1.14111328125,-3.86376953125
0.113,1.78173828125,1.74169921875,-3.90380859375
0.1135,1.14111328125,2.42236328125,-3.98388671875
0.114,0.34033203125,2.78271484375,-3.54345703125
0.1145,-0.34033203125,3.30322265625,-3.38330078125
0.115,-1.26123046875,3.42333984375,-2.58251953125
0.1155,-1.94189453125,3.74365234375,-2.26220703125
0.116,-2.50244140625,3.66357421875,-1.62158203125
0.1165,-2.94287109375,3.58349609375,-1.14111328125
0.117,-3.18310546875,3.14306640625,-0.38037109375
0.1175,-3.58349609375,2.86279296875,0.34033203125
0.118,-3.74365234375,1.94189453125,1.38134765625
0.1185,-3.90380859375,1.58154296875,1.98193359375
0.119,-3.90380859375,0.90087890625,2.66259765625
0.1195,-3.66357421875,0.26025390625,3.02294921875
0.12,-3.46337890625,-0.46044921875,3.50341796875
0.1205,-2.82275390625,-1.34130859375,3.74365234375
0.121,-2.26220703125,-2.18212890625,4.02392578125
0.1215,-1.54150390625,-2.78271484375,3.86376953125
0.122,-0.90087890625,-3.38330078125,3.90380859375
0.1225,0.02001953125,-3.66357421875,3.34326171875
0.123,0.66064453125,-4.14404296875,3.18310546875
0.1235,1.74169921875,-4.26416015625,2.26220703125
0.124,2.30224609375,-4.46435546875,1.90185546875
0.1245,2.86279296875,-4.34423828125,1.22119140625
0.125,3.26318359375,-4.14404296875,0.62060546875
0.1255,3.54345703125,-3.62353515625,-0.18017578125
0.126,3.82373046875,-3.06298828125,-1.06103515625
0.1265,3.98388671875,-2.22216796875,-2.10205078125
0.127,3.90380859375,-1.62158203125,-2.62255859375
0.1275,3.86376953125,-0.98095703125,-3.26318359375
0.128,3.38330078125,-0.26025390625,-3.54345703125
0.1285,3.18310546875,0.38037109375,-3.98388671875
0.129,2.26220703125,1.42138671875,-4.10400390625
0.1295,1.74169921875,2.14208984375,-4.30419921875
0.13,0.90087890625,2.70263671875,-3.94384765625
0.1305,0.22021484375,3.22314453125,-3.82373046875
0.131,-0.66064453125,3.42333984375,-3.18310546875
0.1315,-1.30126953125,3.70361328125,-2.86279296875
0.132,-2.30224609375,3.86376953125,-1.98193359375
0.1325,-2.74267578125,3.78369140625,-1.54150390625
0.133,-3.22314453125,3.70361328125,-0.90087890625
0.1335,-3.46337890625,3.26318359375,-0.26025390625
0.134,-3.78369140625,2.86279296875,0.46044921875
0.1345,-3.86376953125,2.06201171875,1.42138671875
0.135,-4.10400390625,1.42138671875,2.26220703125
0.1355,-3.86376953125,0.82080078125,2.70263671875
0.136,-3.90380859375,0.30029296875,3.26318359375
0.1365,-3.38330078125,-0.58056640625,3.50341796875
0.137,-3.18310546875,-1.18115234375,3.86376953125
0.1375,-2.26220703125,-2.22216796875,4.06396484375
0.138,-1.74169921875,-2.82275390625,4.14404296875
0.1385,-0.90087890625,-3.34326171875,3.90380859375
0.139,-0.22021484375,-3.82373046875,3.70361328125
0.1395,0.62060546875,-4.10400390625,3.18310546875
0.14,1.42138671875,-4.34423828125,2.70263671875
0.1405,2.42236328125,-4.62451171875,1.94189453125
0.141,2.78271484375,-4.46435546875,1.42138671875
0.1415,3.38330078125,-4.42431640625,0.82080078125
0.142,3.54345703125,-3.82373046875,0.02001953125
0.1425,3.90380859375,-3.46337890625,-0.78076171875
0.143,4.02392578125,-2.50244140625,-1.86181640625
0.1435,4.22412109375,-1.86181640625,-2.70263671875
0.144,3.86376953125,-1.06103515625,-3.18310546875
0.1445,3.86376953125,-0.54052734375,-3.70361328125
0.145,3.22314453125,0.34033203125,-3.94384765625
0.1455,2.82275390625,1.02099609375,-4.22412109375
0.146,1.94189453125,2.18212890625,-4.50439453125
0.1465,1.14111328125,2.70263671875,-4.22412109375
0.147,0.38037109375,3.30322265625,-4.02392578125
0.1475,-0.50048828125,3.62353515625,-3.54345703125
0.148,-1.26123046875,3.86376953125,-3.06298828125
0.1485,-2.14208984375,3.98388671875,-2.30224609375
0.149,-3.06298828125,4.18408203125,-1.58154296875
0.1495,-3.34326171875,3.74365234375,-0.90087890625
0.15,-3.82373046875,3.70361328125,-0.38037109375
0.1505,-3.86376953125,2.94287109375,0.54052734375
0.151,-4.14404296875,2.54248046875,1.22119140625
0.1515,-4.22412109375,1.46142578125,2.38232421875
0.152,-4.22412109375,0.90087890625,2.98291015625
0.1525,-3.86376953125,0.10009765625,3.38330078125
0.153,-3.70361328125,-0.50048828125,3.82373046875
0.1535,-3.10302734375,-1.30126953125,3.98388671875
0.154,-2.50244140625,-2.02197265625,4.14404296875
0.1545,-1.74169921875,-3.06298828125,4.42431640625
0.155,-0.94091796875,-3.38330078125,3.98388671875
0.1555,-0.26025390625,-4.02392578125,3.90380859375
0.156,0.66064453125,-4.14404296875,3.22314453125
0.1565,1.34130859375,-4.42431640625,2.86279296875
0.157,2.30224609375,-4.58447265625,1.98193359375
0.1575,3.02294921875,-4.66455078125,1.42138671875
0.158,3.26318359375,-4.22412109375,0.78076171875
0.1585,3.70361328125,-4.18408203125,0.26025390625
0.159,3.82373046875,-3.38330078125,-0.74072265625
0.1595,4.06396484375,-2.90283203125,-1.46142578125
0.16,4.22412109375,-1.94189453125,-2.62255859375
0.1605,4.06396484375,-1.38134765625,-3.10302734375
0.161,3.82373046875,-0.66064453125,-3.58349609375
0.1615,3.50341796875,0.02001953125,-3.90380859375
0.162,3.02294921875,0.86083984375,-4.18408203125
0.1625,2.26220703125,1.74169921875,-4.34423828125
0.163,1.58154296875,2.62255859375,-4.58447265625
0.1635,0.62060546875,3.02294921875,-3.98388671875
0.164,0.02001953125,3.66357421875,-4.02392578125
0.1645,-0.98095703125,3.78369140625,-3.22314453125
0.165,-1.66162109375,4.02392578125,-2.86279296875
0.1655,-2.74267578125,4.18408203125,-1.94189453125
0.166,-3.26318359375,4.14404296875,-1.30126953125
0.1665,-3.58349609375,3.74365234375,-0.62060546875
0.167,-3.98388671875,3.50341796875,0.06005859375
0.1675,-4.10400390625,2.66259765625,1.02099609375
0.168,-4.26416015625,2.06201171875,1.82177734375
0.1685,-4.46435546875,1.14111328125,2.90283203125
0.169,-4.06396484375,0.42041015625,3.22314453125
0.1695,-3.94384765625,-0.30029296875,3.78369140625
0.17,-3.34326171875,-0.98095703125,3.98388671875
0.1705,-2.82275390625,-1.78173828125,4.18408203125
0.171,-1.94189453125,-2.70263671875,4.30419921875
0.1715,-1.30126953125,-3.38330078125,4.34423828125
0.172,-0.34033203125,-3.70361328125,3.74365234375
0.1725,0.30029296875,-4.22412109375,3.70361328125
0.173,1.26123046875,-4.30419921875,2.82275390625
0.1735,1.90185546875,-4.50439453125,2.38232421875
0.174,2.86279296875,-4.66455078125,1.58154296875
0.1745,3.18310546875,-4.34423828125,0.98095703125
0.175,3.54345703125,-4.14404296875,0.38037109375
0.1755,3.74365234375,-3.66357421875,-0.38037109375
0.176,3.86376953125,-2.94287109375,-1.26123046875
0.1765,4.02392578125,-2.30224609375,-2.06201171875
0.177,4.14404296875,-1.62158203125,-2.94287109375
0.1775,3.70361328125,-0.90087890625,-3.22314453125
0.178,3.74365234375,-0.34033203125,-3.78369140625
0.1785,3.06298828125,0.54052734375,-3.90380859375
0.179,2.62255859375,1.26123046875,-4.18408203125
0.1795,1.86181640625,2.18212890625,-4.34423828125
0.18,1.14111328125,2.74267578125,-4.18408203125
0.1805,0.30029296875,3.18310546875,-3.82373046875
0.181,-0.42041015625,3.58349609375,-3.66357421875
0.1815,-1.30126953125,3.78369140625,-2.90283203125
0.182,-1.98193359375,3.98388671875,-2.42236328125
0.1825,-2.90283203125,4.14404296875,-1.70166015625
0.183,-3.18310546875,3.74365234375,-1.02099609375
0.1835,-3.70361328125,3.70361328125,-0.46044921875
0.184,-3.82373046875,2.94287109375,0.50048828125
0.1845,-4.10400390625,2.38232421875,1.26123046875
0.185,-4.18408203125,1.58154296875,2.22216796875
0.1855,-4.26416015625,0.98095703125,2.90283203125
0.186,-3.82373046875,0.22021484375,3.22314453125
0.1865,-3.78369140625,-0.38037109375,3.78369140625
0.187,-2.98291015625,-1.30126953125,3.94384765625
0.1875,-2.50244140625,-2.06201171875,4.14404296875
0.188,-1.66162109375,-3.02294921875,4.30419921875
0.1885,-0.90087890625,-3.38330078125,3.98388671875
0.189,-0.14013671875,-3.90380859375,3.70361328125
0.1895,0.66064453125,-4.18408203125,3.26318359375
0.19,1.58154296875,-4.34423828125,2.54248046875
0.1905,2.26220703125,-4.50439453125,1.98193359375
0.191,2.98291015625,-4.58447265625,1.42138671875
0.1915,3.18310546875,-4.10400390625,0.66064453125
0.192,3.66357421875,-4.06396484375,0.14013671875
0.1925,3.74365234375,-3.18310546875,-0.98095703125
0.193,3.98388671875,-2.70263671875,-1.66162109375
0.1935,4.10400390625,-1.78173828125,-2.58251953125
0.194,3.94384765625,-1.22119140625,-3.06298828125
0.1945,3.58349609375,-0.50048828125,-3.46337890625
0.195,3.38330078125,0.14013671875,-3.82373046875
0.1955,2.62255859375,1.10107421875,-4.02392578125
0.196,2.06201171875,1.78173828125,-4.18408203125
0.1965,1.34130859375,2.58251953125,-4.30419921875
0.197,0.50048828125,2.90283203125,-3.82373046875
0.1975,-0.18017578125,3.46337890625,-3.70361328125
0.198,-1.06103515625,3.58349609375,-3.02294921875
0.1985,-1.78173828125,3.86376953125,-2.50244140625
0.199,-2.54248046875,3.86376953125,-1.86181640625
0.1995,-3.06298828125,3.90380859375,-1.30126953125
0.2,-3.26318359375,3.38330078125,-0.62060546875
0.2005,-3.70361328125,3.26318359375,0.02001953125
0.201,-3.78369140625,2.30224609375,1.02099609375
0.2015,-4.02392578125,1.94189453125,1.74169921875
0.202,-4.14404296875,1.18115234375,2.54248046875
0.2025,-3.86376953125,0.58056640625,2.90283203125
0.203,-3.70361328125,-0.14013671875,3.42333984375
0.2035,-3.26318359375,-0.82080078125,3.70361328125
0.204,-2.66259765625,-1.66162109375,3.98388671875
0.2045,-2.02197265625,-2.42236328125,4.06396484375
0.205,-1.42138671875,-3.10302734375,4.14404296875
0.2055,-0.50048828125,-3.46337890625,3.58349609375
0.206,0.10009765625,-3.98388671875,3.58349609375
0.2065,1.10107421875,-4.10400390625,2.70263671875
0.207,1.78173828125,-4.42431640625,2.42236328125
0.2075,2.50244140625,-4.50439453125,1.74169921875
0.208,2.90283203125,-4.34423828125,1.18115234375
0.2085,3.22314453125,-4.02392578125,0.46044921875
0.209,3.62353515625,-3.70361328125,-0.30029296875
0.2095,3.78369140625,-2.74267578125,-1.26123046875
0.21,3.94384765625,-2.30224609375,-1.94189453125
0.2105,3.98388671875,-1.58154296875,-2.74267578125
0.211,3.58349609375,-0.90087890625,-3.06298828125
0.2115,3.54345703125,-0.30029296875,-3.58349609375
0.212,2.86279296875,0.58056640625,-3.82373046875
0.2125,2.38232421875,1.34130859375,-4.02392578125
0.213,1.62158203125,2.06201171875,-4.02392578125
0.2135,1.02099609375,2.62255859375,-3.98388671875
0.214,0.14013671875,2.94287109375,-3.50341796875
0.2145,-0.50048828125,3.46337890625,-3.38330078125
0.215,-1.42138671875,3.50341796875,-2.54248046875
0.2155,-1.98193359375,3.74365234375,-2.22216796875
0.216,-2.70263671875,3.78369140625,-1.58154296875
0.2165,-2.90283203125,3.46337890625,-0.98095703125
0.217,-3.34326171875,3.18310546875,-0.38037109375
0.2175,-3.54345703125,2.66259765625,0.46044921875
0.218,-3.74365234375,2.06201171875,1.30126953125
0.2185,-3.86376953125,1.54150390625,1.94189453125
0.219,-3.90380859375,0.98095703125,2.58251953125
0.2195,-3.54345703125,0.30029296875,2.86279296875
0.22,-3.54345703125,-0.30029296875,3.46337890625
0.2205,-2.78271484375,-1.18115234375,3.58349609375
0.221,-2.38232421875,-1.86181640625,3.90380859375
0.2215,-1.62158203125,-2.58251953125,3.86376953125
0.222,-1.02099609375,-3.06298828125,3.74365234375
0.2225,-0.26025390625,-3.54345703125,3.46337890625
0.223,0.46044921875,-3.86376953125,3.14306640625
0.2235,1.34130859375,-4.10400390625,2.50244140625
0.224,1.94189453125,-4.30419921875,2.14208984375
0.2245,2.54248046875,-4.42431640625,1.58154296875
0.225,2.78271484375,-4.02392578125,0.94091796875
0.2255,3.30322265625,-3.86376953125,0.30029296875
0.226,3.46337890625,-3.06298828125,-0.70068359375
0.2265,3.78369140625,-2.62255859375,-1.46142578125
0.227,3.78369140625,-1.94189453125,-2.22216796875
0.2275,3.78369140625,-1.42138671875,-2.70263671875
0.228,3.42333984375,-0.66064453125,-3.10302734375
0.2285,3.26318359375,-0.14013671875,-3.54345703125
0.229,2.54248046875,0.94091796875,-3.82373046875
0.2295,2.06201171875,1.58154296875,-3.98388671875
0.23,1.34130859375,2.26220703125,-3.98388671875
0.2305,0.62060546875,2.66259765625,-3.66357421875
0.231,-0.14013671875,3.14306640625,-3.46337890625
0.2315,-0.90087890625,3.34326171875,-2.86279296875
0.232,-1.70166015625,3.62353515625,-2.38232421875
0.2325,-2.22216796875,3.58349609375,-1.90185546875
0.233,-2.74267578125,3.66357421875,-1.38134765625
0.2335,-2.94287109375,3.18310546875,-0.66064453125
0.234,-3.46337890625,3.06298828125,0.02001953125
0.2345,-3.54345703125,2.14208984375,0.98095703125
0.235,-3.82373046875,1.86181640625,1.58154296875
0.2355,-3.78369140625,1.14111328125,2.26220703125
0.236,-3.70361328125,0.66064453125,2.62255859375
0.2365,-3.38330078125,-0.06005859375,3.10302734375
0.237,-3.06298828125,-0.74072265625,3.46337890625
0.2375,-2.46240234375,-1.62158203125,3.74365234375
0.238,-1.94189453125,-2.22216796875,3.74365234375
0.2385,-1.30126953125,-2.86279296875,3.82373046875
0.239,-0.50048828125,-3.18310546875,3.38330078125
0.2395,0.10009765625,-3.74365234375,3.34326171875
0.24,1.06103515625,-3.90380859375,2.42236328125
0.2405,1.66162109375,-4.22412109375,2.26220703125
0.241,2.18212890625,-4.18408203125,1.70166015625
0.2415,2.58251953125,-4.14404296875,1.30126953125
0.242,2.90283203125,-3.70361328125,0.54052734375
0.2425,3.30322265625,-3.42333984375,-0.18017578125
0.243,3.50341796875,-2.62255859375,-1.14111328125
0.2435,3.70361328125,-2.26220703125,-1.78173828125
0.244,3.74365234375,-1.62158203125,-2.42236328125
0.2445,3.50341796875,-1.06103515625,-2.78271484375
0.245,3.34326171875,-0.38037109375,-3.34326171875
0.2455,2.78271484375,0.46044921875,-3.54345703125
0.246,2.30224609375,1.26123046875,-3.86376953125
0.2465,1.62158203125,1.86181640625,-3.82373046875
0.247,1.06103515625,2.46240234375,-3.86376953125
0.2475,0.22021484375,2.82275390625,-3.38330078125
0.248,-0.50048828125,3.26318359375,-3.22314453125
0.2485,-1.42138671875,3.38330078125,-2.50244140625
0.249,-1.98193359375,3.66357421875,-2.22216796875
0.2495,-2.54248046875,3.62353515625,-1.58154296875
0.25,-2.86279296875,3.42333984375,-1.02099609375
0.2505,-3.22314453125,3.06298828125,-0.30029296875
0.251,-3.46337890625,2.54248046875,0.54052734375
0.2515,-3.74365234375,1.94189453125,1.46142578125
0.252,-3.78369140625,1.42138671875,1.94189453125
0.2525,-3.82373046875,0.82080078125,2.58251953125
0.253,-3.46337890625,0.14013671875,2.90283203125
0.2535,-3.30322265625,-0.50048828125,3.38330078125
0.254,-2.54248046875,-1.42138671875,3.54345703125
0.2545,-2.14208984375,-2.06201171875,3.82373046875
0.255,-1.38134765625,-2.62255859375,3.66357421875
0.2555,-0.78076171875,-3.14306640625,3.58349609375
0.256,0.02001953125,-3.54345703125,3.06298828125
0.2565,0.66064453125,-3.82373046875,2.82275390625
0.257,1.54150390625,-4.14404296875,2.10205078125
0.2575,1.94189453125,-4.10400390625,1.90185546875
0.258,2.50244140625,-4.10400390625,1.34130859375
0.2585,2.70263671875,-3.74365234375,0.78076171875
0.259,3.18310546875,-3.54345703125,0.14013671875
0.2595,3.30322265625,-2.78271484375,-0.86083984375
0.26,3.62353515625,-2.38232421875,-1.58154296875
0.2605,3.54345703125,-1.74169921875,-2.10205078125
0.261,3.58349609375,-1.30126953125,-2.62255859375
0.2615,3.22314453125,-0.58056640625,-3.02294921875
0.262,3.10302734375,0.06005859375,-3.46337890625
0.2625,2.38232421875,0.98095703125,-3.70361328125
0.263,1.94189453125,1.58154296875,-3.82373046875
0.2635,1.22119140625,2.26220703125,-3.82373046875
0.264,0.58056640625,2.66259765625,-3.54345703125
0.2645,-0.22021484375,3.06298828125,-3.34326171875
0.265,-0.90087890625,3.38330078125,-2.74267578125
0.2655,-1.78173828125,3.66357421875,-2.30224609375
0.266,-2.22216796875,3.54345703125,-1.82177734375
0.2665,-2.74267578125,3.66357421875,-1.34130859375
0.267,-3.02294921875,3.10302734375,-0.62060546875
0.2675,-3.46337890625,2.90283203125,0.14013671875
0.268,-3.58349609375,2.06201171875,1.14111328125
0.2685,-3.86376953125,1.66162109375,1.78173828125
0.269,-3.70361328125,0.98095703125,2.38232421875
0.2695,-3.70361328125,0.54052734375,2.82275390625
0.27,-3.26318359375,-0.30029296875,3.18310546875
0.2705,-2.86279296875,-1.02099609375,3.50341796875
0.271,-2.26220703125,-1.94189453125,3.86376953125
0.2715,-1.66162109375,-2.42236328125,3.70361328125
0.272,-0.98095703125,-3.14306640625,3.66357421875
0.2725,-0.26025390625,-3.42333984375,3.22314453125
0.273,0.38037109375,-3.86376953125,3.02294921875
0.2735,1.30126953125,-3.98388671875,2.38232421875
0.274,1.98193359375,-4.22412109375,1.98193359375
0.2745,2.38232421875,-4.02392578125,1.42138671875
0.275,2.86279296875,-4.02392578125,0.98095703125
0.2755,3.06298828125,-3.50341796875,0.18017578125
0.276,3.42333984375,-3.14306640625,-0.62060546875
0.2765,3.62353515625,-2.34228515625,-1.62158203125
0.277,3.70361328125,-1.90185546875,-2.14208984375
0.2775,3.58349609375,-1.26123046875,-2.70263671875
0.278,3.38330078125,-0.66064453125,-3.06298828125
0.2785,3.14306640625,0.06005859375,-3.50341796875
0.279,2.50244140625,0.86083984375,-3.70361328125
0.2795,1.98193359375,1.66162109375,-4.02392578125
0.28,1.22119140625,2.10205078125,-3.70361328125
0.2805,0.66064453125,2.70263671875,-3.82373046875
0.281,-0.26025390625,3.02294921875,-3.22314453125
0.2815,-0.78076171875,3.38330078125,-3.02294921875
0.282,-1.78173828125,3.58349609375,-2.26220703125
0.2825,-2.34228515625,3.70361328125,-1.86181640625
0.283,-2.74267578125,3.50341796875,-1.22119140625
0.2835,-3.14306640625,3.34326171875,-0.70068359375
0.284,-3.38330078125,2.86279296875,0.14013671875
0.2845,-3.62353515625,2.30224609375,0.94091796875
0.285,-3.90380859375,1.58154296875,1.90185546875
0.2855,-3.78369140625,1.10107421875,2.30224609375
0.286,-3.82373046875,0.54052734375,2.90283203125
0.2865,-3.34326171875,-0.26025390625,3.18310546875
0.287,-3.14306640625,-0.90087890625,3.66357421875
0.2875,-2.38232421875,-1.86181640625,3.86376953125
0.288,-1.86181640625,-2.54248046875,3.98388671875
0.2885,-0.98095703125,-3.06298828125,3.66357421875
0.289,-0.42041015625,-3.66357421875,3.66357421875
0.2895,0.50048828125,-3.82373046875,3.06298828125
0.29,1.14111328125,-4.14404296875,2.70263671875
0.2905,2.18212890625,-4.42431640625,1.98193359375
0.291,2.58251953125,-4.30419921875,1.46142578125
0.2915,3.10302734375,-4.22412109375,0.94091796875
0.292,3.34326171875,-3.78369140625,0.22021484375
0.2925,3.66357421875,-3.30322265625,-0.62060546875
0.293,3.86376953125,-2.54248046875,-1.62158203125
0.2935,4.10400390625,-1.90185546875,-2.54248046875
0.294,3.70361328125,-1.14111328125,-2.90283203125
0.2945,3.78369140625,-0.62060546875,-3.50341796875
0.295,3.14306640625,0.26025390625,-3.70361328125
0.2955,2.74267578125,0.94091796875,-4.02392578125
0.296,1.94189453125,1.94189453125,-4.26416015625
0.2965,1.26123046875,2.54248046875,-4.14404296875
0.297,0.42041015625,2.98291015625,-3.82373046875
0.2975,-0.30029296875,3.46337890625,-3.54345703125
0.298,-1.14111328125,3.62353515625,-2.90283203125
0.2985,-1.90185546875,3.78369140625,-2.34228515625
0.299,-2.82275390625,3.98388671875,-1.62158203125
0.2995,-3.06298828125,3.58349609375,-0.98095703125
0.3,-3.54345703125,3.58349609375,-0.50048828125
0.3005,-3.58349609375,2.86279296875,0.34033203125
0.301,-3.86376953125,2.42236328125,1.06103515625
0.3015,-3.98388671875,1.54150390625,2.06201171875
0.302,-4.10400390625,0.98095703125,2.70263671875
0.3025,-3.66357421875,0.26025390625,3.06298828125
0.303,-3.66357421875,-0.26025390625,3.50341796875
0.3035,-3.06298828125,-1.06103515625,3.70361328125
0.304,-2.54248046875,-1.78173828125,3.90380859375
0.3045,-1.82177734375,-2.70263671875,4.14404296875
0.305,-1.10107421875,-3.18310546875,3.86376953125
0.3055,-0.42041015625,-3.70361328125,3.78369140625
0.306,0.38037109375,-3.94384765625,3.26318359375
0.3065,1.14111328125,-4.18408203125,2.82275390625
0.307,1.98193359375,-4.42431640625,2.18212890625
0.3075,2.74267578125,-4.62451171875,1.62158203125
0.308,3.02294921875,-4.18408203125,0.94091796875
0.3085,3.54345703125,-4.22412109375,0.46044921875
0.309,3.62353515625,-3.38330078125,-0.58056640625
0.3095,3.98388671875,-2.94287109375,-1.30126953125
0.31,4.14404296875,-2.06201171875,-2.42236328125
0.3105,4.06396484375,-1.42138671875,-2.94287109375
0.311,3.74365234375,-0.66064453125,-3.42333984375
0.3115,3.54345703125,-0.10009765625,-3.86376953125
0.312,2.90283203125,0.78076171875,-4.10400390625
0.3125,2.26220703125,1.58154296875,-4.30419921875
0.313,1.54150390625,2.54248046875,-4.50439453125
0.3135,0.62060546875,2.94287109375,-3.94384765625
0.314,-0.06005859375,3.54345703125,-3.90380859375
0.3145,-1.02099609375,3.74365234375,-3.14306640625
0.315,-1.78173828125,3.94384765625,-2.62255859375
0.3155,-2.66259765625,4.02392578125,-1.86181640625
0.316,-3.26318359375,4.02392578125,-1.22119140625
0.3165,-3.50341796875,3.54345703125,-0.50048828125
0.317,-3.90380859375,3.38330078125,0.10009765625
0.3175,-3.98388671875,2.42236328125,1.14111328125
0.318,-4.14404296875,1.94189453125,1.86181640625
0.3185,-4.30419921875,1.02099609375,2.86279296875
0.319,-3.98388671875,0.38037109375,3.22314453125
0.3195,-3.78369140625,-0.30029296875,3.66357421875
0.32,-3.26318359375,-1.06103515625,3.90380859375
0.3205,-2.62255859375,-1.94189453125,4.14404296875
0.321,-1.90185546875,-2.70263671875,4.14404296875
0.3215,-1.22119140625,-3.42333984375,4.30419921875
0.322,-0.30029296875,-3.70361328125,3.70361328125
0.3225,0.34033203125,-4.22412109375,3.66357421875
0.323,1.34130859375,-4.34423828125,2.70263671875
0.3235,1.94189453125,-4.50439453125,2.30224609375
0.324,2.82275390625,-4.62451171875,1.58154296875
0.3245,3.22314453125,-4.42431640625,0.98095703125
0.325,3.54345703125,-4.06396484375,0.30029296875
0.3255,3.82373046875,-3.70361328125,-0.46044921875
0.326,3.90380859375,-2.82275390625,-1.46142578125
0.3265,4.10400390625,-2.26220703125,-2.10205078125
0.327,4.18408203125,-1.50146484375,-3.06298828125
0.3275,3.70361328125,-0.74072265625,-3.34326171875
0.328,3.70361328125,-0.26025390625,-3.86376953125
0.3285,3.02294921875,0.66064453125,-4.06396484375
0.329,2.46240234375,1.42138671875,-4.34423828125
0.3295,1.66162109375,2.30224609375,-4.34423828125
0.33,0.98095703125,2.94287109375,-4.30419921875
0.3305,0.10009765625,3.26318359375,-3.78369140625
0.331,-0.58056640625,3.78369140625,-3.66357421875
0.3315,-1.62158203125,3.86376953125,-2.70263671875
0.332,-2.26220703125,4.06396484375,-2.30224609375
0.3325,-3.14306640625,4.14404296875,-1.54150390625
0.333,-3.46337890625,3.82373046875,-0.82080078125
0.3335,-3.82373046875,3.54345703125,-0.18017578125
0.334,-4.06396484375,2.90283203125,0.70068359375
0.3345,-4.18408203125,2.10205078125,1.66162109375
0.335,-4.30419921875,1.46142578125,2.42236328125
0.3355,-4.34423828125,0.82080078125,3.18310546875
0.336,-3.78369140625,0.02001953125,3.42333984375
0.3365,-3.74365234375,-0.66064453125,3.98388671875
0.337,-2.82275390625,-1.74169921875,4.10400390625
0.3375,-2.30224609375,-2.38232421875,4.34423828125
0.338,-1.42138671875,-3.18310546875,4.30419921875
0.3385,-0.70068359375,-3.70361328125,4.02392578125
0.339,0.22021484375,-4.02392578125,3.54345703125
0.3395,0.94091796875,-4.42431640625,3.18310546875
0.34,1.94189453125,-4.46435546875,2.26220703125
0.3405,2.50244140625,-4.54443359375,1.86181640625
0.341,3.18310546875,-4.58447265625,1.18115234375
0.3415,3.34326171875,-4.06396484375,0.46044921875
0.342,3.78369140625,-3.86376953125,-0.18017578125
0.3425,3.86376953125,-2.94287109375,-1.22119140625
0.343,4.02392578125,-2.38232421875,-1.94189453125
0.3435,3.98388671875,-1.66162109375,-2.66259765625
0.344,3.94384765625,-1.14111328125,-3.22314453125
0.3445,3.46337890625,-0.34033203125,-3.50341796875
0.345,3.34326171875,0.22021484375,-3.98388671875
0.3455,2.42236328125,1.26123046875,-4.10400390625
0.346,1.98193359375,1.90185546875,-4.22412109375
0.3465,1.18115234375,2.66259765625,-4.18408203125
0.347,0.46044921875,3.02294921875,-3.86376953125
0.3475,-0.30029296875,3.50341796875,-3.58349609375
0.348,-1.10107421875,3.70361328125,-3.06298828125
0.3485,-1.94189453125,3.86376953125,-2.38232421875
0.349,-2.54248046875,3.94384765625,-1.86181640625
0.3495,-3.18310546875,3.98388671875,-1.26123046875
0.35,-3.34326171875,3.42333984375,-0.54052734375
0.3505,-3.82373046875,3.34326171875,0.10009765625
0.351,-3.86376953125,2.30224609375,1.18115234375
0.3515,-4.18408203125,1.94189453125,1.90185546875
0.352,-4.14404296875,1.14111328125,2.62255859375
0.3525,-3.98388671875,0.50048828125,3.10302734375
0.353,-3.66357421875,-0.30029296875,3.50341796875
0.3535,-3.34326171875,-0.94091796875,3.86376953125
0.354,-2.54248046875,-1.94189453125,4.10400390625
0.3545,-1.94189453125,-2.58251953125,4.14404296875
0.355,-1.18115234375,-3.34326171875,4.14404296875
0.3555,-0.34033203125,-3.66357421875,3.66357421875
0.356,0.38037109375,-4.14404296875,3.50341796875
0.3565,1.34130859375,-4.30419921875,2.70263671875
0.357,2.10205078125,-4.54443359375,2.18212890625
0.3575,2.66259765625,-4.46435546875,1.54150390625
0.358,3.18310546875,-4.42431640625,0.98095703125
0.3585,3.38330078125,-3.82373046875,0.22021484375
0.359,3.82373046875,-3.58349609375,-0.50048828125
0.3595,3.86376953125,-2.54248046875,-1.62158203125
0.36,4.06396484375,-2.18212890625,-2.26220703125
0.3605,3.94384765625,-1.38134765625,-2.98291015625
0.361,3.66357421875,-0.78076171875,-3.30322265625
0.3615,3.34326171875,0.02001953125,-3.70361328125
0.362,2.86279296875,0.78076171875,-3.98388671875
0.3625,2.18212890625,1.70166015625,-4.22412109375
0.363,1.46142578125,2.26220703125,-4.10400390625
0.3635,0.82080078125,2.94287109375,-4.10400390625
0.364,-0.14013671875,3.18310546875,-3.50341796875
0.3645,-0.70068359375,3.66357421875,-3.38330078125
0.365,-1.74169921875,3.70361328125,-2.42236328125
0.3655,-2.34228515625,3.94384765625,-2.06201171875
0.366,-2.90283203125,3.78369140625,-1.34130859375
0.3665,-3.22314453125,3.58349609375,-0.82080078125
0.367,-3.54345703125,3.14306640625,0.02001953125
0.3675,-3.78369140625,2.70263671875,0.66064453125
0.368,-3.94384765625,1.82177734375,1.66162109375
0.3685,-4.02392578125,1.38134765625,2.22216796875
0.369,-3.98388671875,0.66064453125,2.86279296875
0.3695,-3.58349609375,0.06005859375,3.14306640625
0.37,-3.46337890625,-0.62060546875,3.66357421875
0.3705,-2.70263671875,-1.50146484375,3.82373046875
0.371,-2.22216796875,-2.26220703125,4.10400390625
0.3715,-1.42138671875,-2.82275390625,3.86376953125
0.372,-0.86083984375,-3.38330078125,3.86376953125
0.3725,0.10009765625,-3.70361328125,3.34326171875
0.373,0.66064453125,-4.10400390625,3.18310546875
0.3735,1.66162109375,-4.22412109375,2.26220703125
0.374,2.18212890625,-4.42431640625,1.98193359375
0.3745,2.74267578125,-4.34423828125,1.34130859375
0.375,3.06298828125,-4.02392578125,0.74072265625
0.3755,3.46337890625,-3.70361328125,0.02001953125
0.376,3.66357421875,-3.06298828125,-0.94091796875
0.3765,3.94384765625,-2.50244140625,-1.86181640625
0.377,3.86376953125,-1.90185546875,-2.42236328125
0.3775,3.86376953125,-1.22119140625,-2.98291015625
0.378,3.38330078125,-0.50048828125,-3.26318359375
0.3785,3.26318359375,0.18017578125,-3.78369140625
0.379,2.42236328125,1.18115234375,-3.94384765625
0.3795,1.94189453125,1.82177734375,-4.14404296875
0.38,1.14111328125,2.42236328125,-3.90380859375
0.3805,0.50048828125,2.90283203125,-3.78369140625
0.381,-0.34033203125,3.22314453125,-3.26318359375
0.3815,-1.02099609375,3.50341796875,-2.86279296875
0.382,-1.98193359375,3.74365234375,-2.22216796875
0.3825,-2.38232421875,3.70361328125,-1.78173828125
0.383,-2.90283203125,3.66357421875,-1.22119140625
0.3835,-3.10302734375,3.18310546875,-0.54052734375
0.384,-3.54345703125,2.90283203125,0.14013671875
0.3845,-3.62353515625,2.06201171875,1.14111328125
0.385,-3.90380859375,1.66162109375,1.78173828125
0.3855,-3.74365234375,1.02099609375,2.30224609375
0.386,-3.78369140625,0.62060546875,2.78271484375
0.3865,-3.30322265625,-0.26025390625,3.14306640625
0.387,-3.06298828125,-0.82080078125,3.54345703125
0.3875,-2.38232421875,-1.78173828125,3.78369140625
0.388,-1.90185546875,-2.30224609375,3.82373046875
0.3885,-1.22119140625,-2.90283203125,3.74365234375
0.389,-0.50048828125,-3.26318359375,3.46337890625
0.3895,0.26025390625,-3.74365234375,3.22314453125
0.39,1.02099609375,-3.90380859375,2.62255859375
0.3905,1.78173828125,-4.26416015625,2.26220703125
0.391,2.18212890625,-4.14404296875,1.74169921875
0.3915,2.70263671875,-4.22412109375,1.26123046875
0.392,2.94287109375,-3.70361328125,0.46044921875
0.3925,3.38330078125,-3.54345703125,-0.26025390625
0.393,3.54345703125,-2.66259765625,-1.30126953125
0.3935,3.82373046875,-2.26220703125,-1.90185546875
0.394,3.70361328125,-1.54150390625,-2.50244140625
0.3945,3.58349609375,-1.02099609375,-2.90283203125
0.395,3.26318359375,-0.30029296875,-3.34326171875
0.3955,2.82275390625,0.50048828125,-3.62353515625
0.396,2.26220703125,1.38134765625,-3.98388671875
0.3965,1.58154296875,1.90185546875,-3.82373046875
0.397,0.98095703125,2.54248046875,-3.86376953125
0.3975,0.14013671875,2.86279296875,-3.38330078125
0.398,-0.50048828125,3.26318359375,-3.18310546875
0.3985,-1.42138671875,3.46337890625,-2.42236328125
0.399,-2.06201171875,3.74365234375,-2.10205078125
0.3995,-2.46240234375,3.54345703125,-1.50146484375
0.4,-2.86279296875,3.46337890625,-1.06103515625
0.4005,-3.18310546875,2.90283203125,-0.26025390625
0.401,-3.46337890625,2.54248046875,0.46044921875
0.4015,-3.70361328125,1.86181640625,1.46142578125
0.402,-3.78369140625,1.42138671875,1.94189453125
0.4025,-3.70361328125,0.78076171875,2.58251953125
0.403,-3.46337890625,0.22021484375,2.86279296875
0.4035,-3.22314453125,-0.50048828125,3.34326171875
0.404,-2.58251953125,-1.30126953125,3.54345703125
0.4045,-2.14208984375,-2.06201171875,3.86376953125
0.405,-1.42138671875,-2.54248046875,3.58349609375
0.4055,-0.90087890625,-3.14306640625,3.66357421875
0.406,0.02001953125,-3.38330078125,3.10302734375
0.4065,0.58056640625,-3.78369140625,2.94287109375
0.407,1.54150390625,-4.02392578125,2.26220703125
0.4075,1.94189453125,-4.14404296875,1.94189453125
0.408,2.46240234375,-4.10400390625,1.34130859375
0.4085,2.74267578125,-3.86376953125,0.82080078125
0.409,3.18310546875,-3.54345703125,0.02001953125
0.4095,3.34326171875,-2.86279296875,-0.78076171875
0.41,3.70361328125,-2.34228515625,-1.66162109375
0.4105,3.54345703125,-1.78173828125,-2.06201171875
0.411,3.62353515625,-1.34130859375,-2.70263671875
0.4115,3.22314453125,-0.58056640625,-3.02294921875
0.412,3.06298828125,0.10009765625,-3.50341796875
0.4125,2.38232421875,0.98095703125,-3.70361328125
0.413,1.94189453125,1.62158203125,-3.86376953125
0.4135,1.14111328125,2.18212890625,-3.66357421875
0.414,0.58056640625,2.66259765625,-3.62353515625
0.4145,-0.26025390625,2.98291015625,-3.18310546875
0.415,-0.94091796875,3.30322265625,-2.82275390625
0.4155,-1.82177734375,3.62353515625,-2.26220703125
0.416,-2.18212890625,3.50341796875,-1.86181640625
0.4165,-2.74267578125,3.54345703125,-1.26123046875
0.417,-2.94287109375,3.06298828125,-0.62060546875
0.4175,-3.38330078125,2.82275390625,0.14013671875
0.418,-3.54345703125,2.06201171875,1.10107421875
0.4185,-3.86376953125,1.66162109375,1.78173828125
0.419,-3.62353515625,1.02099609375,2.26220703125
0.4195,-3.70361328125,0.62060546875,2.78271484375
0.42,-3.18310546875,-0.30029296875,3.10302734375
0.4205,-2.90283203125,-0.94091796875,3.46337890625
0.421,-2.26220703125,-1.86181640625,3.74365234375
0.4215,-1.70166015625,-2.34228515625,3.70361328125
0.422,-1.02099609375,-2.94287109375,3.58349609375
0.4225,-0.34033203125,-3.34326171875,3.30322265625
0.423,0.38037109375,-3.66357421875,2.94287109375
0.4235,1.18115234375,-3.86376953125,2.42236328125
0.424,1.94189453125,-4.22412109375,1.98193359375
0.4245,2.22216796875,-3.98388671875,1.46142578125
0.425,2.70263671875,-4.10400390625,1.02099609375
0.4255,2.86279296875,-3.38330078125,0.26025390625
0.426,3.26318359375,-3.14306640625,-0.46044921875
0.4265,3.50341796875,-2.38232421875,-1.42138671875
0.427,3.62353515625,-2.02197265625,-1.94189453125
0.4275,3.42333984375,-1.30126953125,-2.42236328125
0.428,3.38330078125,-0.90087890625,-2.86279296875
0.4285,3.02294921875,-0.14013671875,-3.22314453125
0.429,2.58251953125,0.62060546875,-3.50341796875
0.4295,2.06201171875,1.42138671875,-3.86376953125
0.43,1.42138671875,1.86181640625,-3.62353515625
0.4305,0.82080078125,2.50244140625,-3.70361328125
0.431,0.06005859375,2.82275390625,-3.22314453125
0.4315,-0.58056640625,3.18310546875,-3.06298828125
0.432,-1.46142578125,3.38330078125,-2.42236328125
0.4325,-1.98193359375,3.62353515625,-2.06201171875
0.433,-2.42236328125,3.34326171875,-1.54150390625
0.4335,-2.86279296875,3.42333984375,-1.02099609375
0.434,-3.14306640625,2.82275390625,-0.14013671875
0.4345,-3.46337890625,2.50244140625,0.62060546875
0.435,-3.78369140625,1.78173828125,1.58154296875
0.4355,-3.70361328125,1.38134765625,1.98193359375
0.436,-3.70361328125,0.78076171875,2.58251953125
0.4365,-3.46337890625,0.14013671875,2.94287109375
0.437,-3.10302734375,-0.66064453125,3.38330078125
0.4375,-2.50244140625,-1.46142578125,3.58349609375
0.438,-2.02197265625,-2.18212890625,3.86376953125
0.4385,-1.26123046875,-2.62255859375,3.54345703125
0.439,-0.66064453125,-3.26318359375,3.58349609375
0.4395,0.18017578125,-3.46337890625,3.02294921875
0.44,0.82080078125,-3.86376953125,2.70263671875
0.4405,1.74169921875,-4.14404296875,2.10205078125
0.441,2.14208984375,-4.14404296875,1.66162109375
0.4415,2.58251953125,-3.98388671875,1.18115234375
0.442,2.86279296875,-3.70361328125,0.58056640625
0.4425,3.18310546875,-3.18310546875,-0.30029296875
0.443,3.42333984375,-2.62255859375,-1.10107421875
0.4435,3.70361328125,-2.06201171875,-1.94189453125
0.444,3.46337890625,-1.50146484375,-2.30224609375
0.4445,3.54345703125,-1.02099609375,-2.90283203125
0.445,3.10302734375,-0.30029296875,-3.18310546875
0.4455,2.82275390625,0.46044921875,-3.54345703125
0.446,2.18212890625,1.30126953125,-3.78369140625
0.4465,1.58154296875,1.90185546875,-3.82373046875
0.447,0.86083984375,2.38232421875,-3.58349609375
0.4475,0.26025390625,2.86279296875,-3.50341796875
0.448,-0.58056640625,3.06298828125,-2.94287109375
0.4485,-1.26123046875,3.34326171875,-2.58251953125
0.449,-2.10205078125,3.62353515625,-2.06201171875
0.4495,-2.42236328125,3.46337890625,-1.46142578125
0.45,-2.94287109375,3.50341796875,-0.98095703125
0.4505,-3.14306640625,2.94287109375,-0.26025390625
0.451,-3.46337890625,2.54248046875,0.54052734375
0.4515,-3.66357421875,1.86181640625,1.42138671875
0.452,-3.86376953125,1.42138671875,2.10205078125
0.4525,-3.54345703125,0.66064453125,2.50244140625
0.453,-3.66357421875,0.26025390625,3.02294921875
0.4535,-3.06298828125,-0.62060546875,3.30322265625
0.454,-2.70263671875,-1.30126953125,3.62353515625
0.4545,-2.02197265625,-2.22216796875,3.86376953125
0.455,-1.38134765625,-2.70263671875,3.70361328125
0.4555,-0.66064453125,-3.22314453125,3.58349609375
0.456,0.10009765625,-3.66357421875,3.22314453125
0.4565,0.82080078125,-3.90380859375,2.74267578125
0.457,1.58154296875,-4.18408203125,2.26220703125
0.4575,2.30224609375,-4.38427734375,1.78173828125
0.458,2.62255859375,-3.98388671875,1.14111328125
0.4585,3.14306640625,-4.06396484375,0.66064453125
0.459,3.26318359375,-3.34326171875,-0.30029296875
0.4595,3.66357421875,-2.86279296875,-1.06103515625
0.46,3.86376953125,-2.10205078125,-2.06201171875
0.4605,3.86376953125,-1.58154296875,-2.62255859375
0.461,3.54345703125,-0.86083984375,-3.06298828125
0.4615,3.46337890625,-0.30029296875,-3.50341796875
0.462,2.82275390625,0.62060546875,-3.78369140625
0.4625,2.26220703125,1.38134765625,-3.98388671875
0.463,1.58154296875,2.26220703125,-4.22412109375
0.4635,0.74072265625,2.66259765625,-3.78369140625
0.464,0.10009765625,3.22314453125,-3.70361328125
0.4645,-0.82080078125,3.42333984375,-3.06298828125
0.465,-1.58154296875,3.62353515625,-2.58251953125
0.4655,-2.38232421875,3.82373046875,-1.90185546875
0.466,-2.98291015625,3.86376953125,-1.34130859375
0.4665,-3.18310546875,3.34326171875,-0.66064453125
0.467,-3.58349609375,3.26318359375,-0.14013671875
0.4675,-3.66357421875,2.30224609375,0.94091796875
0.468,-3.86376953125,1.94189453125,1.58154296875
0.4685,-4.02392578125,1.14111328125,2.54248046875
0.469,-3.78369140625,0.54052734375,2.86279296875
0.4695,-3.54345703125,-0.14013671875,3.30322265625
0.47,-3.18310546875,-0.78076171875,3.54345703125
0.4705,-2.58251953125,-1.58154296875,3.82373046875
0.471,-1.94189453125,-2.26220703125,3.90380859375
0.4715,-1.34130859375,-3.02294921875,4.02392578125
0.472,-0.54052734375,-3.38330078125,3.50341796875
0.4725,0.06005859375,-3.90380859375,3.50341796875
0.473,0.98095703125,-4.02392578125,2.70263671875
0.4735,1.66162109375,-4.26416015625,2.38232421875
0.474,2.42236328125,-4.42431640625,1.74169921875
0.4745,2.86279296875,-4.30419921875,1.22119140625
0.475,3.18310546875,-3.98388671875,0.58056640625
0.4755,3.50341796875,-3.70361328125,-0.14013671875
0.476,3.70361328125,-2.86279296875,-1.14111328125
0.4765,3.90380859375,-2.38232421875,-1.86181640625
0.477,4.10400390625,-1.66162109375,-2.74267578125
0.4775,3.66357421875,-0.98095703125,-3.06298828125
0.478,3.66357421875,-0.38037109375,-3.62353515625
0.4785,3.06298828125,0.50048828125,-3.86376953125
0.479,2.50244140625,1.30126953125,-4.14404296875
0.4795,1.74169921875,2.10205078125,-4.22412109375
0.48,1.06103515625,2.74267578125,-4.18408203125
0.4805,0.18017578125,3.10302734375,-3.70361328125
0.481,-0.50048828125,3.58349609375,-3.58349609375
0.4815,-1.58154296875,3.70361328125,-2.58251953125
0.482,-2.22216796875,3.94384765625,-2.22216796875
0.4825,-3.02294921875,3.98388671875,-1.46142578125
0.483,-3.30322265625,3.66357421875,-0.82080078125
0.4835,-3.66357421875,3.38330078125,-0.18017578125
0.484,-3.86376953125,2.78271484375,0.70068359375
0.4845,-4.02392578125,1.94189453125,1.66162109375
0.485,-4.10400390625,1.34130859375,2.38232421875
0.4855,-4.14404296875,0.70068359375,3.10302734375
0.486,-3.62353515625,0.02001953125,3.34326171875
0.4865,-3.54345703125,-0.62060546875,3.82373046875
0.487,-2.70263671875,-1.66162109375,3.98388671875
0.4875,-2.14208984375,-2.38232421875,4.14404296875
0.488,-1.34130859375,-3.14306640625,4.10400390625
0.4885,-0.62060546875,-3.66357421875,3.90380859375
0.489,0.26025390625,-3.94384765625,3.38330078125
0.4895,0.94091796875,-4.30419921875,3.10302734375
0.49,1.94189453125,-4.38427734375,2.22216796875
0.4905,2.42236328125,-4.50439453125,1.78173828125
0.491,3.14306640625,-4.50439453125,1.14111328125
0.4915,3.30322265625,-4.02392578125,0.50048828125
0.492,3.70361328125,-3.82373046875,-0.18017578125
0.4925,3.86376953125,-2.94287109375,-1.22119140625
0.493,4.02392578125,-2.34228515625,-1.98193359375
0.4935,3.98388671875,-1.62158203125,-2.70263671875
0.494,3.94384765625,-1.02099609375,-3.26318359375
0.4945,3.46337890625,-0.30029296875,-3.54345703125
0.495,3.34326171875,0.30029296875,-3.98388671875
0.4955,2.38232421875,1.38134765625,-4.10400390625
0.496,1.94189453125,1.94189453125,-4.26416015625
0.4965,1.10107421875,2.70263671875,-4.22412109375
0.497,0.34033203125,3.10302734375,-3.86376953125
0.4975,-0.46044921875,3.54345703125,-3.54345703125
0.498,-1.26123046875,3.78369140625,-2.94287109375
0.4985,-2.18212890625,3.94384765625,-2.26220703125
0.499,-2.66259765625,3.94384765625,-1.74169921875
0.4995,-3.30322265625,3.98388671875,-1.14111328125
0.5,-3.50341796875,3.38330078125,-0.38037109375
0.5005,-3.94384765625,3.22314453125,0.30029296875
0.501,-3.98388671875,2.22216796875,1.42138671875
0.5015,-4.26416015625,1.74169921875,2.14208984375
0.502,-4.14404296875,0.94091796875,2.86279296875
0.5025,-4.02392578125,0.34033203125,3.34326171875
0.503,-3.58349609375,-0.50048828125,3.66357421875
0.5035,-3.26318359375,-1.14111328125,4.02392578125
0.504,-2.38232421875,-2.26220703125,4.22412109375
0.5045,-1.78173828125,-2.86279296875,4.22412109375
0.505,-0.98095703125,-3.58349609375,4.14404296875
0.5055,-0.14013671875,-3.86376953125,3.66357421875
0.506,0.62060546875,-4.30419921875,3.38330078125
0.5065,1.58154296875,-4.42431640625,2.54248046875
0.507,2.42236328125,-4.62451171875,1.94189453125
0.5075,2.86279296875,-4.46435546875,1.30126953125
0.508,3.38330078125,-4.38427734375,0.78076171875
0.5085,3.54345703125,-3.74365234375,0.02001953125
0.509,3.86376953125,-3.46337890625,-0.74072265625
0.5095,3.94384765625,-2.38232421875,-1.90185546875
0.51,4.06396484375,-1.94189453125,-2.50244140625
0.5105,3.90380859375,-1.14111328125,-3.14306640625
0.511,3.58349609375,-0.50048828125,-3.46337890625
0.5115,3.22314453125,0.22021484375,-3.82373046875
0.512,2.70263671875,0.98095703125,-3.98388671875
0.5125,2.02197265625,1.86181640625,-4.26416015625
0.513,1.30126953125,2.34228515625,-4.02392578125
0.5135,0.62060546875,3.02294921875,-4.02392578125
0.514,-0.26025390625,3.22314453125,-3.38330078125
0.5145,-0.82080078125,3.70361328125,-3.26318359375
0.515,-1.86181640625,3.74365234375,-2.34228515625
0.5155,-2.42236328125,3.98388671875,-1.98193359375
0.516,-2.94287109375,3.78369140625,-1.30126953125
0.5165,-3.34326171875,3.66357421875,-0.78076171875
0.517,-3.54345703125,3.10302734375,0.06005859375
0.5175,-3.86376953125,2.70263671875,0.74072265625
0.518,-4.02392578125,1.86181640625,1.86181640625
0.5185,-4.10400390625,1.42138671875,2.30224609375
0.519,-4.06396484375,0.66064453125,3.02294921875
0.5195,-3.70361328125,0.02001953125,3.26318359375
0.52,-3.50341796875,-0.78076171875,3.82373046875
0.5205,-2.70263671875,-1.66162109375,3.94384765625
0.521,-2.18212890625,-2.50244140625,4.22412109375
0.5215,-1.34130859375,-2.98291015625,3.98388671875
0.522,-0.70068359375,-3.58349609375,3.98388671875
0.5225,0.26025390625,-3.86376953125,3.34326171875
0.523,0.86083984375,-4.26416015625,3.14306640625
0.5235,1.94189453125,-4.42431640625,2.22216796875
0.524,2.50244140625,-4.54443359375,1.86181640625
0.5245,3.02294921875,-4.38427734375,1.14111328125
0.525,3.34326171875,-4.10400390625,0.50048828125
0.5255,3.66357421875,-3.58349609375,-0.30029296875
0.526,3.82373046875,-2.90283203125,-1.22119140625
0.5265,4.10400390625,-2.18212890625,-2.22216796875
0.527,3.90380859375,-1.54150390625,-2.70263671875
0.5275,3.86376953125,-0.94091796875,-3.30322265625
0.528,3.34326171875,-0.22021484375,-3.54345703125
0.5285,3.14306640625,0.46044921875,-3.98388671875
0.529,2.26220703125,1.46142578125,-4.14404296875
0.5295,1.74169921875,2.22216796875,-4.26416015625
0.53,0.86083984375,2.74267578125,-3.90380859375
0.5305,0.22021484375,3.22314453125,-3.82373046875
0.531,-0.66064453125,3.46337890625,-3.18310546875
0.5315,-1.34130859375,3.70361328125,-2.82275390625
0.532,-2.34228515625,3.90380859375,-2.02197265625
0.5325,-2.74267578125,3.82373046875,-1.54150390625
0.533,-3.26318359375,3.74365234375,-0.94091796875
0.5335,-3.46337890625,3.18310546875,-0.26025390625
0.534,-3.82373046875,2.86279296875,0.50048828125
0.5345,-3.86376953125,2.02197265625,1.46142578125
0.535,-4.14404296875,1.46142578125,2.26220703125
0.5355,-3.82373046875,0.78076171875,2.70263671875
0.536,-3.86376953125,0.26025390625,3.22314453125
0.5365,-3.26318359375,-0.62060546875,3.50341796875
0.537,-3.06298828125,-1.26123046875,3.82373046875
0.5375,-2.18212890625,-2.18212890625,4.06396484375
0.538,-1.62158203125,-2.70263671875,3.98388671875
0.5385,-0.86083984375,-3.30322265625,3.86376953125
0.539,-0.18017578125,-3.70361328125,3.54345703125
0.5395,0.62060546875,-4.02392578125,3.10302734375
0.54,1.42138671875,-4.18408203125,2.54248046875
0.5405,2.26220703125,-4.50439453125,1.98193359375
0.541,2.58251953125,-4.22412109375,1.42138671875
0.5415,3.14306640625,-4.30419921875,0.94091796875
0.542,3.26318359375,-3.66357421875,0.10009765625
0.5425,3.70361328125,-3.34326171875,-0.62060546875
0.543,3.86376953125,-2.42236328125,-1.70166015625
0.5435,3.98388671875,-1.98193359375,-2.34228515625
0.544,3.70361328125,-1.26123046875,-2.86279296875
0.5445,3.70361328125,-0.78076171875,-3.34326171875
0.545,3.18310546875,0.14013671875,-3.66357421875
0.5455,2.74267578125,0.82080078125,-3.90380859375
0.546,2.06201171875,1.78173828125,-4.26416015625
0.5465,1.34130859375,2.26220703125,-3.98388671875
0.547,0.62060546875,2.94287109375,-3.94384765625
0.5475,-0.18017578125,3.18310546875,-3.42333984375
0.548,-0.90087890625,3.54345703125,-3.14306640625
0.5485,-1.78173828125,3.70361328125,-2.34228515625
0.549,-2.50244140625,3.90380859375,-1.90185546875
0.5495,-2.82275390625,3.54345703125,-1.22119140625
0.55,-3.26318359375,3.58349609375,-0.74072265625
0.5505,-3.46337890625,2.86279296875,0.14013671875
0.551,-3.74365234375,2.50244140625,0.86083984375
0.5515,-3.90380859375,1.62158203125,1.90185546875
0.552,-3.90380859375,1.18115234375,2.34228515625
0.5525,-3.70361328125,0.46044921875,2.86279296875
0.553,-3.50341796875,-0.14013671875,3.22314453125
0.5535,-3.10302734375,-0.82080078125,3.54345703125
0.554,-2.50244140625,-1.58154296875,3.70361328125
0.5545,-1.94189453125,-2.42236328125,4.02392578125
0.555,-1.22119140625,-2.82275390625,3.62353515625
0.5555,-0.62060546875,-3.46337890625,3.70361328125
0.556,0.26025390625,-3.62353515625,3.10302734375
0.5565,0.86083984375,-3.98388671875,2.86279296875
0.557,1.78173828125,-4.18408203125,2.18212890625
0.5575,2.26220703125,-4.34423828125,1.78173828125
0.558,2.66259765625,-4.06396484375,1.14111328125
0.5585,3.06298828125,-3.94384765625,0.66064453125
0.559,3.34326171875,-3.34326171875,-0.26025390625
0.5595,3.58349609375,-2.86279296875,-1.02099609375
0.56,3.86376953125,-2.26220703125,-1.98193359375
0.5605,3.70361328125,-1.70166015625,-2.38232421875
0.561,3.78369140625,-1.10107421875,-3.02294921875
0.5615,3.30322265625,-0.34033203125,-3.30322265625
0.562,3.06298828125,0.34033203125,-3.74365234375
0.5625,2.30224609375,1.26123046875,-3.90380859375
0.563,1.82177734375,1.94189453125,-4.10400390625
0.5635,0.98095703125,2.42236328125,-3.70361328125
0.564,0.38037109375,2.98291015625,-3.78369140625
0.5645,-0.50048828125,3.18310546875,-3.14306640625
0.565,-1.14111328125,3.54345703125,-2.82275390625
0.5655,-2.10205078125,3.78369140625,-2.10205078125
0.566,-2.50244140625,3.66357421875,-1.62158203125
0.5665,-2.98291015625,3.58349609375,-1.06103515625
0.567,-3.22314453125,3.14306640625,-0.34033203125
0.5675,-3.54345703125,2.70263671875,0.46044921875
0.568,-3.70361328125,1.98193359375,1.30126953125
0.5685,-3.98388671875,1.42138671875,2.10205078125
0.569,-3.62353515625,0.82080078125,2.46240234375
0.5695,-3.78369140625,0.34033203125,3.06298828125
0.57,-3.18310546875,-0.50048828125,3.26318359375
0.5705,-2.86279296875,-1.14111328125,3.66357421875
0.571,-2.18212890625,-2.06201171875,3.86376953125
0.5715,-1.58154296875,-2.58251953125,3.82373046875
0.572,-0.82080078125,-3.14306640625,3.58349609375
0.5725,-0.18017578125,-3.54345703125,3.38330078125
0.573,0.62060546875,-3.78369140625,2.86279296875
0.5735,1.34130859375,-4.02392578125,2.42236328125
0.574,2.18212890625,-4.34423828125,1.94189453125
0.5745,2.42236328125,-4.02392578125,1.34130859375
0.575,2.98291015625,-4.10400390625,0.90087890625
0.5755,3.14306640625,-3.46337890625,0.06005859375
0.576,3.50341796875,-3.14306640625,-0.70068359375
0.5765,3.66357421875,-2.38232421875,-1.62158203125
0.577,3.82373046875,-1.90185546875,-2.22216796875
0.5775,3.50341796875,-1.22119140625,-2.66259765625
0.578,3.50341796875,-0.74072265625,-3.14306640625
0.5785,3.02294921875,0.14013671875,-3.46337890625
0.579,2.58251953125,0.82080078125,-3.74365234375
0.5795,1.94189453125,1.74169921875,-3.98388671875
0.58,1.26123046875,2.14208984375,-3.74365234375
0.5805,0.62060546875,2.74267578125,-3.70361328125
0.581,-0.18017578125,3.06298828125,-3.26318359375
0.5815,-0.90087890625,3.34326171875,-2.90283203125
0.582,-1.66162109375,3.54345703125,-2.30224609375
0.5825,-2.34228515625,3.78369140625,-1.90185546875
0.583,-2.58251953125,3.42333984375,-1.26123046875
0.5835,-3.14306640625,3.50341796875,-0.78076171875
0.584,-3.26318359375,2.70263671875,0.14013671875
0.5845,-3.66357421875,2.38232421875,0.82080078125
0.585,-3.82373046875,1.62158203125,1.86181640625
0.5855,-3.86376953125,1.22119140625,2.26220703125
0.586,-3.70361328125,0.50048828125,2.82275390625
0.5865,-3.50341796875,-0.10009765625,3.18310546875
0.587,-2.98291015625,-0.90087890625,3.50341796875
0.5875,-2.42236328125,-1.66162109375,3.78369140625
0.588,-1.86181640625,-2.50244140625,3.98388671875
0.5885,-1.06103515625,-2.86279296875,3.58349609375
0.589,-0.50048828125,-3.54345703125,3.66357421875
0.5895,0.42041015625,-3.70361328125,2.98291015625
0.59,1.10107421875,-4.02392578125,2.70263671875
0.5905,1.94189453125,-4.22412109375,2.02197265625
0.591,2.42236328125,-4.22412109375,1.58154296875
0.5915,2.86279296875,-3.90380859375,0.90087890625
0.592,3.14306640625,-3.82373046875,0.38037109375
0.5925,3.30322265625,-3.06298828125,-0.58056640625
0.593,3.58349609375,-2.58251953125,-1.26123046875
0.5935,3.82373046875,-1.94189453125,-2.18212890625
0.594,3.54345703125,-1.34130859375,-2.54248046875
0.5945,3.54345703125,-0.82080078125,-3.06298828125
0.595,3.10302734375,-0.14013671875,-3.34326171875
0.5955,2.70263671875,0.62060546875,-3.66357421875
0.596,2.06201171875,1.42138671875,-3.82373046875
0.5965,1.50146484375,2.06201171875,-3.90380859375
0.597,0.70068359375,2.42236328125,-3.54345703125
0.5975,0.18017578125,3.02294921875,-3.54345703125
0.598,-0.70068359375,3.14306640625,-2.86279296875
0.5985,-1.34130859375,3.50341796875,-2.58251953125
0.599,-2.18212890625,3.70361328125,-1.94189453125
0.5995,-2.54248046875,3.54345703125,-1.42138671875
0.6,-2.94287109375,3.34326171875,-0.94091796875
0.6005,-3.22314453125,2.94287109375,-0.26025390625
0.601,-3.46337890625,2.46240234375,0.62060546875
0.6015,-3.70361328125,1.94189453125,1.42138671875
0.602,-3.94384765625,1.38134765625,2.18212890625
0.6025,-3.58349609375,0.70068359375,2.54248046875
0.603,-3.70361328125,0.22021484375,3.14306640625
0.6035,-3.14306640625,-0.62060546875,3.34326171875
0.604,-2.70263671875,-1.34130859375,3.70361328125
0.6045,-2.02197265625,-2.22216796875,3.86376953125
0.605,-1.42138671875,-2.74267578125,3.82373046875
0.6055,-0.62060546875,-3.22314453125,3.54345703125
0.606,0.02001953125,-3.70361328125,3.34326171875
0.6065,0.90087890625,-3.86376953125,2.70263671875
0.607,1.58154296875,-4.18408203125,2.34228515625
0.6075,2.34228515625,-4.42431640625,1.74169921875
0.608,2.58251953125,-4.06396484375,1.14111328125
0.6085,3.06298828125,-4.14404296875,0.58056640625
0.609,3.26318359375,-3.26318359375,-0.30029296875
0.6095,3.58349609375,-2.82275390625,-1.06103515625
0.61,3.70361328125,-2.14208984375,-1.94189453125
0.6105,3.78369140625,-1.58154296875,-2.50244140625
0.611,3.42333984375,-0.94091796875,-2.86279296875
0.6115,3.42333984375,-0.42041015625,-3.34326171875
0.612,2.70263671875,0.54052734375,-3.58349609375
0.6125,2.30224609375,1.22119140625,-3.82373046875
0.613,1.58154296875,2.06201171875,-3.98388671875
0.6135,0.94091796875,2.42236328125,-3.70361328125
0.614,0.22021484375,2.94287109375,-3.54345703125
0.6145,-0.58056640625,3.22314453125,-3.10302734375
0.615,-1.34130859375,3.46337890625,-2.54248046875
0.6155,-1.98193359375,3.66357421875,-2.06201171875
0.616,-2.62255859375,3.70361328125,-1.58154296875
0.6165,-2.78271484375,3.22314453125,-1.02099609375
0.617,-3.34326171875,3.34326171875,-0.42041015625
0.6175,-3.46337890625,2.42236328125,0.62060546875
0.618,-3.78369140625,2.06201171875,1.30126953125
0.6185,-3.86376953125,1.34130859375,2.18212890625
0.619,-3.82373046875,0.86083984375,2.58251953125
0.6195,-3.54345703125,0.14013671875,3.06298828125
0.62,-3.34326171875,-0.50048828125,3.42333984375
0.6205,-2.66259765625,-1.42138671875,3.66357421875
0.621,-2.18212890625,-2.06201171875,3.86376953125
0.6215,-1.50146484375,-2.82275390625,3.94384765625
0.622,-0.70068359375,-3.18310546875,3.54345703125
0.6225,-0.10009765625,-3.74365234375,3.50341796875
0.623,0.86083984375,-3.86376953125,2.78271484375
0.6235,1.58154296875,-4.26416015625,2.42236328125
0.624,2.26220703125,-4.34423828125,1.78173828125
0.6245,2.74267578125,-4.30419921875,1.30126953125
0.625,3.02294921875,-3.86376953125,0.62060546875
0.6255,3.46337890625,-3.70361328125,0.02001953125
0.626,3.58349609375,-2.78271484375,-1.14111328125
0.6265,3.86376953125,-2.38232421875,-1.86181640625
0.627,3.90380859375,-1.62158203125,-2.62255859375
0.6275,3.66357421875,-0.98095703125,-3.06298828125
0.628,3.50341796875,-0.34033203125,-3.54345703125
0.6285,2.98291015625,0.50048828125,-3.82373046875
0.629,2.38232421875,1.42138671875,-4.10400390625
0.6295,1.66162109375,2.06201171875,-4.10400390625
0.63,1.02099609375,2.78271484375,-4.14404296875
0.6305,0.14013671875,3.10302734375,-3.58349609375
0.631,-0.54052734375,3.58349609375,-3.54345703125
0.6315,-1.62158203125,3.66357421875,-2.54248046875
0.632,-2.26220703125,3.90380859375,-2.18212890625
0.6325,-2.90283203125,3.86376953125,-1.42138671875
0.633,-3.30322265625,3.70361328125,-0.82080078125
0.6335,-3.58349609375,3.22314453125,-0.10009765625
0.634,-3.86376953125,2.74267578125,0.70068359375
0.6345,-3.98388671875,1.86181640625,1.78173828125
0.635,-4.06396484375,1.30126953125,2.38232421875
0.6355,-4.02392578125,0.62060546875,3.06298828125
0.636,-3.58349609375,-0.10009765625,3.30322265625
0.6365,-3.42333984375,-0.70068359375,3.74365234375
0.637,-2.58251953125,-1.66162109375,3.90380859375
0.6375,-2.06201171875,-2.42236328125,4.14404296875
0.638,-1.26123046875,-3.02294921875,3.94384765625
0.6385,-0.62060546875,-3.54345703125,3.86376953125
0.639,0.26025390625,-3.82373046875,3.26318359375
0.6395,0.82080078125,-4.22412109375,3.06298828125
0.64,1.90185546875,-4.30419921875,2.14208984375
0.6405,2.42236328125,-4.50439453125,1.78173828125
0.641,2.98291015625,-4.34423828125,1.14111328125
0.6415,3.22314453125,-4.02392578125,0.58056640625
0.642,3.58349609375,-3.70361328125,-0.18017578125
0.6425,3.74365234375,-2.98291015625,-1.10107421875
0.643,3.98388671875,-2.30224609375,-1.98193359375
0.6435,3.90380859375,-1.70166015625,-2.54248046875
0.644,3.94384765625,-1.14111328125,-3.18310546875
0.6445,3.46337890625,-0.34033203125,-3.46337890625
0.645,3.38330078125,0.30029296875,-3.98388671875
0.6455,2.46240234375,1.30126953125,-4.10400390625
0.646,1.94189453125,1.98193359375,-4.34423828125
0.6465,1.10107421875,2.70263671875,-4.14404296875
0.647,0.38037109375,3.18310546875,-3.98388671875
0.6475,-0.50048828125,3.50341796875,-3.46337890625
0.648,-1.26123046875,3.78369140625,-3.06298828125
0.6485,-2.26220703125,3.98388671875,-2.26220703125
0.649,-2.74267578125,3.98388671875,-1.70166015625
0.6495,-3.38330078125,3.94384765625,-1.02099609375
0.65,-3.58349609375,3.42333984375,-0.30029296875
0.6505,-3.98388671875,3.14306640625,0.46044921875
0.651,-4.06396484375,2.14208984375,1.54150390625
0.6515,-4.30419921875,1.54150390625,2.38232421875
0.652,-4.06396484375,0.82080078125,2.90283203125
0.6525,-4.02392578125,0.22021484375,3.50341796875
0.653,-3.46337890625,-0.66064453125,3.70361328125
0.6535,-3.18310546875,-1.30126953125,4.10400390625
0.654,-2.22216796875,-2.42236328125,4.26416015625
0.6545,-1.58154296875,-3.02294921875,4.22412109375
0.655,-0.74072265625,-3.62353515625,4.02392578125
0.6555,0.06005859375,-4.02392578125,3.66357421875
0.656,0.82080078125,-4.34423828125,3.18310546875
0.6565,1.70166015625,-4.50439453125,2.46240234375
0.657,2.62255859375,-4.66455078125,1.78173828125
0.6575,2.94287109375,-4.42431640625,1.22119140625
0.658,3.54345703125,-4.38427734375,0.62060546875
0.6585,3.62353515625,-3.70361328125,-0.22021484375
0.659,3.98388671875,-3.42333984375,-0.90087890625
0.6595,4.06396484375,-2.30224609375,-2.06201171875
0.66,4.18408203125,-1.78173828125,-2.74267578125
0.6605,3.86376953125,-0.98095703125,-3.26318359375
0.661,3.74365234375,-0.46044921875,-3.70361328125
0.6615,3.18310546875,0.38037109375,-3.94384765625
0.662,2.74267578125,1.14111328125,-4.18408203125
0.6625,1.94189453125,2.18212890625,-4.46435546875
0.663,1.22119140625,2.62255859375,-4.14404296875
0.6635,0.46044921875,3.22314453125,-4.10400390625
0.664,-0.46044921875,3.50341796875,-3.54345703125
0.6645,-1.10107421875,3.86376953125,-3.22314453125
0.665,-2.06201171875,3.90380859375,-2.30224609375
0.6655,-2.86279296875,4.14404296875,-1.78173828125
0.666,-3.18310546875,3.78369140625,-1.06103515625
0.6665,-3.70361328125,3.78369140625,-0.58056640625
0.667,-3.78369140625,3.02294921875,0.34033203125
0.6675,-4.10400390625,2.70263671875,1.02099609375
0.668,-4.22412109375,1.62158203125,2.18212890625
0.6685,-4.26416015625,1.14111328125,2.70263671875
0.669,-4.02392578125,0.34033203125,3.30322265625
0.6695,-3.78369140625,-0.30029296875,3.70361328125
0.67,-3.34326171875,-1.06103515625,3.98388671875
0.6705,-2.62255859375,-1.94189453125,4.18408203125
0.671,-1.94189453125,-2.86279296875,4.50439453125
0.6715,-1.10107421875,-3.34326171875,4.02392578125
0.672,-0.42041015625,-4.06396484375,4.02392578125
0.6725,0.58056640625,-4.22412109375,3.34326171875
0.673,1.22119140625,-4.50439453125,3.06298828125
0.6735,2.30224609375,-4.62451171875,2.10205078125
0.674,2.98291015625,-4.78466796875,1.54150390625
0.6745,3.34326171875,-4.34423828125,0.82080078125
0.675,3.74365234375,-4.22412109375,0.26025390625
0.6755,3.86376953125,-3.46337890625,-0.70068359375
0.676,4.10400390625,-2.90283203125,-1.50146484375
0.6765,4.26416015625,-1.94189453125,-2.66259765625
0.677,4.02392578125,-1.30126953125,-3.10302734375
0.6775,3.86376953125,-0.58056640625,-3.66357421875
0.678,3.38330078125,0.18017578125,-3.86376953125
0.6785,2.98291015625,0.86083984375,-4.14404296875
0.679,2.10205078125,1.78173828125,-4.22412109375
0.6795,1.50146484375,2.54248046875,-4.42431640625
0.68,0.58056640625,2.90283203125,-3.86376953125
0.6805,0.02001953125,3.46337890625,-3.86376953125
0.681,-0.98095703125,3.58349609375,-3.14306640625
0.6815,-1.58154296875,3.86376953125,-2.74267578125
0.682,-2.58251953125,3.98388671875,-1.86181640625
0.6825,-3.02294921875,3.86376953125,-1.34130859375
0.683,-3.42333984375,3.66357421875,-0.66064453125
0.6835,-3.66357421875,3.30322265625,-0.10009765625
0.684,-3.86376953125,2.70263671875,0.74072265625
0.6845,-3.98388671875,2.06201171875,1.58154296875
0.685,-4.26416015625,1.34130859375,2.54248046875
0.6855,-3.90380859375,0.70068359375,2.86279296875
0.686,-3.98388671875,0.18017578125,3.46337890625
0.6865,-3.34326171875,-0.66064453125,3.66357421875
0.687,-3.06298828125,-1.34130859375,4.02392578125
0.6875,-2.18212890625,-2.34228515625,4.14404296875
0.688,-1.62158203125,-3.02294921875,4.18408203125
0.6885,-0.70068359375,-3.54345703125,3.86376953125
0.689,0.02001953125,-3.98388671875,3.74365234375
0.6895,0.82080078125,-4.18408203125,3.06298828125
0.69,1.54150390625,-4.46435546875,2.66259765625
0.6905,2.54248046875,-4.70458984375,1.94189453125
0.691,2.86279296875,-4.42431640625,1.30126953125
0.6915,3.46337890625,-4.34423828125,0.70068359375
0.692,3.58349609375,-3.78369140625,-0.14013671875
0.6925,3.86376953125,-3.22314453125,-0.98095703125
0.693,4.02392578125,-2.42236328125,-1.94189453125
0.6935,4.22412109375,-1.78173828125,-2.78271484375
0.694,3.78369140625,-0.98095703125,-3.14306640625
0.6945,3.82373046875,-0.50048828125,-3.70361328125
0.695,3.14306640625,0.46044921875,-3.86376953125
0.6955,2.66259765625,1.10107421875,-4.14404296875
0.696,1.86181640625,2.14208984375,-4.38427734375
0.6965,1.10107421875,2.62255859375,-4.14404296875
0.697,0.30029296875,3.18310546875,-3.86376953125
0.6975,-0.50048828125,3.54345703125,-3.54345703125
0.698,-1.26123046875,3.74365234375,-2.90283203125
0.6985,-2.06201171875,3.86376953125,-2.30224609375
0.699,-2.90283203125,4.10400390625,-1.66162109375
0.6995,-3.14306640625,3.58349609375,-0.98095703125
0.7,-3.66357421875,3.66357421875,-0.46044921875
0.7005,-3.70361328125,2.82275390625,0.50048828125
0.701,-3.98388671875,2.42236328125,1.18115234375
0.7015,-4.10400390625,1.54150390625,2.22216796875
0.702,-4.14404296875,0.98095703125,2.78271484375
0.7025,-3.74365234375,0.22021484375,3.18310546875
0.703,-3.66357421875,-0.30029296875,3.58349609375
0.7035,-2.98291015625,-1.22119140625,3.78369140625
0.704,-2.50244140625,-1.94189453125,3.98388671875
0.7045,-1.78173828125,-2.86279296875,4.18408203125
0.705,-0.98095703125,-3.18310546875,3.82373046875
0.7055,-0.30029296875,-3.78369140625,3.78369140625
0.706,0.54052734375,-3.98388671875,3.18310546875
0.7065,1.26123046875,-4.22412109375,2.74267578125
0.707,2.06201171875,-4.42431640625,2.06201171875
0.7075,2.70263671875,-4.50439453125,1.58154296875
0.708,2.94287109375,-4.10400390625,0.86083984375
0.7085,3.46337890625,-4.10400390625,0.38037109375
0.709,3.54345703125,-3.22314453125,-0.62060546875
0.7095,3.86376953125,-2.86279296875,-1.30126953125
0.71,4.02392578125,-1.98193359375,-2.30224609375
0.7105,3.86376953125,-1.46142578125,-2.74267578125
0.711,3.70361328125,-0.78076171875,-3.26318359375
0.7115,3.38330078125,-0.18017578125,-3.62353515625
0.712,2.86279296875,0.66064453125,-3.90380859375
0.7125,2.26220703125,1.42138671875,-4.10400390625
0.713,1.62158203125,2.30224609375,-4.26416015625
0.7135,0.78076171875,2.66259765625,-3.82373046875
0.714,0.14013671875,3.30322265625,-3.82373046875
0.7145,-0.78076171875,3.46337890625,-3.06298828125
0.715,-1.46142578125,3.74365234375,-2.70263671875
0.7155,-2.34228515625,3.86376953125,-1.98193359375
0.716,-2.82275390625,3.86376953125,-1.46142578125
0.7165,-3.18310546875,3.50341796875,-0.78076171875
0.717,-3.54345703125,3.26318359375,-0.22021484375
0.7175,-3.66357421875,2.50244140625,0.78076171875
0.718,-3.90380859375,2.02197265625,1.50146484375
0.7185,-4.06396484375,1.30126953125,2.42236328125
0.719,-3.78369140625,0.66064453125,2.70263671875
0.7195,-3.70361328125,0.06005859375,3.26318359375
0.72,-3.18310546875,-0.74072265625,3.50341796875
0.7205,-2.74267578125,-1.46142578125,3.78369140625
0.721,-2.02197265625,-2.22216796875,3.90380859375
0.7215,-1.46142578125,-2.82275390625,3.94384765625
0.722,-0.62060546875,-3.18310546875,3.50341796875
0.7225,0.02001953125,-3.74365234375,3.50341796875
0.723,0.86083984375,-3.86376953125,2.74267578125
0.7235,1.46142578125,-4.18408203125,2.42236328125
0.724,2.26220703125,-4.34423828125,1.82177734375
0.7245,2.58251953125,-4.14404296875,1.30126953125
0.725,3.02294921875,-3.98388671875,0.70068359375
0.7255,3.26318359375,-3.54345703125,0.02001953125
0.726,3.54345703125,-2.94287109375,-0.86083984375
0.7265,3.74365234375,-2.38232421875,-1.66162109375
0.727,3.86376953125,-1.86181640625,-2.42236328125
0.7275,3.50341796875,-1.18115234375,-2.70263671875
0.728,3.58349609375,-0.66064453125,-3.34326171875
0.7285,2.98291015625,0.18017578125,-3.58349609375
0.729,2.62255859375,0.94091796875,-3.86376953125
0.7295,1.90185546875,1.78173828125,-4.02392578125
0.73,1.26123046875,2.30224609375,-3.90380859375
0.7305,0.50048828125,2.82275390625,-3.66357421875
0.731,-0.22021484375,3.18310546875,-3.46337890625
0.7315,-1.06103515625,3.42333984375,-2.82275390625
0.732,-1.74169921875,3.70361328125,-2.42236328125
0.7325,-2.46240234375,3.86376953125,-1.86181640625
0.733,-2.74267578125,3.50341796875,-1.22119140625
0.7335,-3.26318359375,3.46337890625,-0.66064453125
0.734,-3.42333984375,2.70263671875,0.30029296875
0.7345,-3.70361328125,2.30224609375,1.02099609375
0.735,-3.86376953125,1.58154296875,1.90185546875
0.7355,-3.90380859375,1.14111328125,2.42236328125
0.736,-3.54345703125,0.38037109375,2.78271484375
0.7365,-3.54345703125,-0.18017578125,3.26318359375
0.737,-2.86279296875,-1.02099609375,3.54345703125
0.7375,-2.42236328125,-1.74169921875,3.78369140625
0.738,-1.74169921875,-2.54248046875,3.90380859375
0.7385,-1.02099609375,-2.94287109375,3.62353515625
0.739,-0.34033203125,-3.50341796875,3.50341796875
0.7395,0.46044921875,-3.74365234375,3.02294921875
0.74,1.22119140625,-3.98388671875,2.54248046875
0.7405,1.90185546875,-4.18408203125,2.06201171875
0.741,2.42236328125,-4.30419921875,1.62158203125
0.7415,2.70263671875,-3.86376953125,0.98095703125
0.742,3.18310546875,-3.86376953125,0.42041015625
0.7425,3.30322265625,-2.98291015625,-0.62060546875
0.743,3.66357421875,-2.66259765625,-1.30126953125
0.7435,3.74365234375,-1.98193359375,-2.10205078125
0.744,3.62353515625,-1.50146484375,-2.54248046875
0.7445,3.46337890625,-0.82080078125,-3.02294921875
0.745,3.18310546875,-0.18017578125,-3.38330078125
0.7455,2.58251953125,0.70068359375,-3.66357421875
0.746,2.10205078125,1.38134765625,-3.82373046875
0.7465,1.50146484375,2.06201171875,-3.94384765625
0.747,0.74072265625,2.46240234375,-3.54345703125
0.7475,0.14013671875,3.06298828125,-3.54345703125
0.748,-0.78076171875,3.18310546875,-2.86279296875
0.7485,-1.42138671875,3.54345703125,-2.54248046875
0.749,-2.10205078125,3.62353515625,-1.94189453125
0.7495,-2.54248046875,3.62353515625,-1.54150390625
0.75,-2.86279296875,3.26318359375,-0.86083984375
0.7505,-3.26318359375,3.06298828125,-0.26025390625
0.751,-3.46337890625,2.30224609375,0.74072265625
0.7515,-3.78369140625,1.94189453125,1.42138671875
0.752,-3.82373046875,1.30126953125,2.18212890625
0.7525,-3.62353515625,0.70068359375,2.46240234375
0.753,-3.54345703125,0.14013671875,3.06298828125
0.7535,-3.06298828125,-0.66064453125,3.34326171875
0.754,-2.62255859375,-1.42138671875,3.70361328125
0.7545,-1.98193359375,-2.14208984375,3.78369140625
0.755,-1.42138671875,-2.74267578125,3.86376953125
0.7555,-0.62060546875,-3.14306640625,3.42333984375
0.756,0.02001953125,-3.70361328125,3.38330078125
0.7565,0.94091796875,-3.82373046875,2.58251953125
0.757,1.58154296875,-4.18408203125,2.38232421875
0.7575,2.26220703125,-4.22412109375,1.78173828125
0.758,2.58251953125,-4.02392578125,1.26123046875
0.7585,2.98291015625,-3.82373046875,0.62060546875
0.759,3.26318359375,-3.34326171875,-0.26025390625
0.7595,3.50341796875,-2.70263671875,-1.14111328125
0.76,3.70361328125,-2.26220703125,-1.82177734375
0.7605,3.70361328125,-1.66162109375,-2.46240234375
0.761,3.38330078125,-0.98095703125,-2.78271484375
0.7615,3.34326171875,-0.46044921875,-3.26318359375
0.762,2.62255859375,0.50048828125,-3.50341796875
0.7625,2.26220703125,1.22119140625,-3.82373046875
0.763,1.58154296875,1.90185546875,-3.78369140625
0.7635,0.98095703125,2.38232421875,-3.70361328125
0.764,0.22021484375,2.74267578125,-3.34326171875
0.7645,-0.38037109375,3.14306640625,-3.14306640625
0.765,-1.30126953125,3.34326171875,-2.46240234375
0.7655,-1.82177734375,3.54345703125,-2.18212890625
0.766,-2.42236328125,3.58349609375,-1.62158203125
0.7665,-2.66259765625,3.26318359375,-1.10107421875
0.767,-3.14306640625,3.18310546875,-0.50048828125
0.7675,-3.30322265625,2.42236328125,0.46044921875
0.768,-3.62353515625,2.06201171875,1.14111328125
0.7685,-3.70361328125,1.42138671875,1.78173828125
0.769,-3.78369140625,1.10107421875,2.30224609375
0.7695,-3.46337890625,0.34033203125,2.74267578125
0.77,-3.38330078125,-0.26025390625,3.22314453125
0.7705,-2.70263671875,-1.22119140625,3.50341796875
0.771,-2.30224609375,-1.82177734375,3.78369140625
0.7715,-1.58154296875,-2.54248046875,3.78369140625
0.772,-0.98095703125,-2.94287109375,3.58349609375
0.7725,-0.26025390625,-3.50341796875,3.38330078125
0.773,0.58056640625,-3.78369140625,2.90283203125
0.7735,1.38134765625,-4.06396484375,2.46240234375
0.774,1.94189453125,-4.14404296875,2.02197265625
0.7745,2.46240234375,-4.22412109375,1.54150390625
0.775,2.74267578125,-3.82373046875,0.82080078125
0.7755,3.22314453125,-3.70361328125,0.18017578125
0.776,3.34326171875,-2.86279296875,-0.90087890625
0.7765,3.70361328125,-2.54248046875,-1.58154296875
0.777,3.66357421875,-1.78173828125,-2.26220703125
0.7775,3.58349609375,-1.26123046875,-2.66259765625
0.778,3.26318359375,-0.58056640625,-3.06298828125
0.7785,3.02294921875,0.14013671875,-3.50341796875
0.779,2.38232421875,1.02099609375,-3.74365234375
0.7795,1.82177734375,1.62158203125,-3.82373046875
0.78,1.18115234375,2.26220703125,-3.82373046875
0.7805,0.42041015625,2.62255859375,-3.46337890625
0.781,-0.26025390625,3.14306640625,-3.30322265625
0.7815,-1.14111328125,3.26318359375,-2.58251953125
0.782,-1.78173828125,3.58349609375,-2.26220703125
0.7825,-2.26220703125,3.50341796875,-1.66162109375
0.783,-2.70263671875,3.54345703125,-1.26123046875
0.7835,-3.02294921875,3.02294921875,-0.58056640625
0.784,-3.38330078125,2.78271484375,0.14013671875
0.7845,-3.54345703125,1.94189453125,1.14111328125
0.785,-3.82373046875,1.66162109375,1.74169921875
0.7855,-3.74365234375,1.02099609375,2.42236328125
0.786,-3.54345703125,0.50048828125,2.74267578125
0.7865,-3.34326171875,-0.26025390625,3.22314453125
0.787,-2.82275390625,-1.02099609375,3.46337890625
0.7875,-2.34228515625,-1.86181640625,3.78369140625
0.788,-1.66162109375,-2.42236328125,3.70361328125
0.7885,-1.10107421875,-3.02294921875,3.78369140625
0.789,-0.26025390625,-3.34326171875,3.26318359375
0.7895,0.34033203125,-3.82373046875,3.18310546875
0.79,1.34130859375,-3.98388671875,2.38232421875
0.7905,1.94189453125,-4.22412109375,2.06201171875
0.791,2.42236328125,-4.14404296875,1.46142578125
0.7915,2.82275390625,-4.06396484375,0.98095703125
0.792,3.14306640625,-3.66357421875,0.18017578125
0.7925,3.46337890625,-3.18310546875,-0.62060546875
0.793,3.70361328125,-2.42236328125,-1.62158203125
0.7935,3.74365234375,-1.94189453125,-2.18212890625
0.794,3.78369140625,-1.30126953125,-2.82275390625
0.7945,3.38330078125,-0.62060546875,-3.14306640625
0.795,3.22314453125,0.06005859375,-3.62353515625
0.7955,2.50244140625,0.98095703125,-3.82373046875
0.796,1.98193359375,1.78173828125,-4.10400390625
0.7965,1.18115234375,2.34228515625,-3.86376953125
0.797,0.58056640625,2.90283203125,-3.82373046875
0.7975,-0.30029296875,3.18310546875,-3.26318359375
0.798,-0.98095703125,3.54345703125,-3.02294921875
0.7985,-2.02197265625,3.78369140625,-2.22216796875
0.799,-2.54248046875,3.82373046875,-1.78173828125
0.7995,-3.06298828125,3.70361328125,-1.14111328125
0.8,-3.34326171875,3.30322265625,-0.50048828125
0.8005,-3.70361328125,2.90283203125,0.30029296875
0.801,-3.82373046875,2.18212890625,1.30126953125
0.8015,-4.10400390625,1.54150390625,2.22216796875
0.802,-3.86376953125,0.86083984375,2.62255859375
0.8025,-3.86376953125,0.30029296875,3.18310546875
0.803,-3.34326171875,-0.54052734375,3.46337890625
0.8035,-3.06298828125,-1.18115234375,3.82373046875
0.804,-2.18212890625,-2.22216796875,3.98388671875
0.8045,-1.58154296875,-2.82275390625,4.02392578125
0.805,-0.78076171875,-3.34326171875,3.74365234375
0.8055,-0.10009765625,-3.78369140625,3.54345703125
0.806,0.70068359375,-3.98388671875,3.02294921875
0.8065,1.42138671875,-4.18408203125,2.50244140625
0.807,2.38232421875,-4.46435546875,1.82177734375
0.8075,2.66259765625,-4.22412109375,1.26123046875
0.808,3.18310546875,-4.22412109375,0.74072265625
0.8085,3.34326171875,-3.66357421875,0.02001953125
0.809,3.66357421875,-3.26318359375,-0.66064453125
0.8095,3.78369140625,-2.38232421875,-1.74169921875
0.81,3.98388671875,-1.86181640625,-2.46240234375
0.8105,3.66357421875,-1.14111328125,-2.86279296875
0.811,3.66357421875,-0.66064453125,-3.34326171875
0.8115,3.14306640625,0.18017578125,-3.62353515625
0.812,2.78271484375,0.82080078125,-3.90380859375
0.8125,2.06201171875,1.82177734375,-4.18408203125
0.813,1.34130859375,2.34228515625,-4.02392578125
0.8135,0.62060546875,2.94287109375,-3.94384765625
0.814,-0.18017578125,3.30322265625,-3.54345703125
0.8145,-0.94091796875,3.66357421875,-3.18310546875
0.815,-1.78173828125,3.78369140625,-2.46240234375
0.8155,-2.62255859375,4.02392578125,-1.94189453125
0.816,-2.94287109375,3.66357421875,-1.26123046875
0.8165,-3.50341796875,3.70361328125,-0.78076171875
0.817,-3.66357421875,3.02294921875,0.18017578125
0.8175,-3.98388671875,2.66259765625,0.90087890625
0.818,-4.14404296875,1.70166015625,2.06201171875
0.8185,-4.18408203125,1.14111328125,2.66259765625
0.819,-3.86376953125,0.38037109375,3.18310546875
0.8195,-3.74365234375,-0.26025390625,3.58349609375
0.82,-3.18310546875,-1.06103515625,3.86376953125
0.8205,-2.58251953125,-1.86181640625,4.06396484375
0.821,-1.86181640625,-2.86279296875,4.34423828125
0.8215,-1.02099609375,-3.22314453125,3.90380859375
0.822,-0.34033203125,-3.86376953125,3.86376953125
0.8225,0.58056640625,-4.10400390625,3.22314453125
0.823,1.30126953125,-4.34423828125,2.82275390625
0.8235,2.26220703125,-4.54443359375,2.02197265625
0.824,2.94287109375,-4.62451171875,1.42138671875
0.8245,3.18310546875,-4.22412109375,0.70068359375
0.825,3.62353515625,-4.10400390625,0.22021484375
0.8255,3.74365234375,-3.26318359375,-0.74072265625
0.826,3.98388671875,-2.82275390625,-1.50146484375
0.8265,4.14404296875,-1.90185546875,-2.58251953125
0.827,3.94384765625,-1.26123046875,-3.06298828125
0.8275,3.74365234375,-0.58056640625,-3.54345703125
0.828,3.34326171875,0.14013671875,-3.82373046875
0.8285,2.86279296875,0.90087890625,-4.10400390625
0.829,2.10205078125,1.78173828125,-4.22412109375
0.8295,1.46142578125,2.62255859375,-4.42431640625
0.83,0.54052734375,2.94287109375,-3.86376953125
0.8305,-0.10009765625,3.54345703125,-3.86376953125
0.831,-0.98095703125,3.66357421875,-3.06298828125
0.8315,-1.66162109375,3.86376953125,-2.70263671875
0.832,-2.62255859375,3.98388671875,-1.90185546875
0.8325,-3.14306640625,3.86376953125,-1.30126953125
0.833,-3.50341796875,3.62353515625,-0.62060546875
0.8335,-3.78369140625,3.34326171875,0.02001953125
0.834,-3.90380859375,2.62255859375,0.94091796875
0.8345,-4.10400390625,1.98193359375,1.66162109375
0.835,-4.30419921875,1.22119140625,2.70263671875
0.8355,-3.90380859375,0.58056640625,3.02294921875
0.836,-3.90380859375,0.02001953125,3.58349609375
0.8365,-3.34326171875,-0.82080078125,3.78369140625
0.837,-2.86279296875,-1.58154296875,4.10400390625
0.8375,-2.06201171875,-2.50244140625,4.22412109375
0.838,-1.46142578125,-3.18310546875,4.30419921875
0.8385,-0.54052734375,-3.58349609375,3.78369140625
0.839,0.14013671875,-4.14404296875,3.74365234375
0.8395,1.14111328125,-4.30419921875,2.94287109375
0.84,1.78173828125,-4.58447265625,2.54248046875
0.8405,2.78271484375,-4.82470703125,1.70166015625
0.841,3.14306640625,-4.46435546875,1.10107421875
0.8415,3.58349609375,-4.30419921875,0.46044921875
0.842,3.82373046875,-3.74365234375,-0.38037109375
0.8425,3.98388671875,-3.06298828125,-1.30126953125
0.843,4.14404296875,-2.30224609375,-2.18212890625
0.8435,4.30419921875,-1.58154296875,-3.06298828125
0.844,3.78369140625,-0.78076171875,-3.34326171875
0.8445,3.78369140625,-0.26025390625,-3.90380859375
0.845,2.98291015625,0.70068359375,-4.06396484375
0.8455,2.50244140625,1.42138671875,-4.26416015625
0.846,1.62158203125,2.42236328125,-4.38427734375
0.8465,0.90087890625,2.90283203125,-4.14404296875
0.847,0.06005859375,3.26318359375,-3.74365234375
0.8475,-0.66064453125,3.66357421875,-3.50341796875
0.848,-1.58154296875,3.74365234375,-2.62255859375
0.8485,-2.22216796875,3.86376953125,-2.22216796875
0.849,-3.06298828125,4.02392578125,-1.46142578125
0.8495,-3.22314453125,3.54345703125,-0.78076171875
0.85,-3.70361328125,3.50341796875,-0.30029296875
0.8505,-3.78369140625,2.70263671875,0.66064453125
0.851,-3.98388671875,2.22216796875,1.38134765625
0.8515,-4.10400390625,1.42138671875,2.26220703125
0.852,-4.14404296875,0.90087890625,2.86279296875
0.8525,-3.66357421875,0.14013671875,3.14306640625
0.853,-3.70361328125,-0.38037109375,3.66357421875
0.8535,-2.90283203125,-1.30126953125,3.82373046875
0.854,-2.46240234375,-1.94189453125,4.02392578125
0.8545,-1.70166015625,-2.82275390625,4.18408203125
0.855,-0.98095703125,-3.22314453125,3.86376953125
0.8555,-0.26025390625,-3.82373046875,3.70361328125
0.856,0.62060546875,-4.14404296875,3.22314453125
0.8565,1.38134765625,-4.38427734375,2.62255859375
0.857,2.10205078125,-4.50439453125,2.10205078125
0.8575,2.82275390625,-4.62451171875,1.58154296875
0.858,3.06298828125,-4.14404296875,0.82080078125
0.8585,3.58349609375,-4.14404296875,0.30029296875
0.859,3.70361328125,-3.18310546875,-0.78076171875
0.8595,3.98388671875,-2.78271484375,-1.54150390625
0.86,4.10400390625,-1.94189453125,-2.50244140625
0.8605,3.98388671875,-1.34130859375,-3.02294921875
0.861,3.66357421875,-0.62060546875,-3.42333984375
0.8615,3.46337890625,0.06005859375,-3.82373046875
0.862,2.70263671875,1.02099609375,-4.10400390625
0.8625,2.10205078125,1.78173828125,-4.18408203125
0.863,1.34130859375,2.58251953125,-4.34423828125
0.8635,0.54052734375,2.90283203125,-3.82373046875
0.864,-0.18017578125,3.46337890625,-3.78369140625
0.8645,-1.14111328125,3.62353515625,-3.02294921875
0.865,-1.90185546875,3.86376953125,-2.46240234375
0.8655,-2.58251953125,3.90380859375,-1.78173828125
0.866,-3.14306640625,3.90380859375,-1.26123046875
0.8665,-3.34326171875,3.42333984375,-0.50048828125
0.867,-3.78369140625,3.22314453125,0.14013671875
0.8675,-3.82373046875,2.26220703125,1.18115234375
0.868,-4.06396484375,1.86181640625,1.86181640625
0.8685,-4.10400390625,1.10107421875,2.70263671875
0.869,-3.82373046875,0.46044921875,3.02294921875
0.8695,-3.62353515625,-0.26025390625,3.50341796875
0.87,-3.14306640625,-0.98095703125,3.78369140625
0.8705,-2.50244140625,-1.86181640625,3.98388671875
0.871,-1.86181640625,-2.54248046875,3.98388671875
0.8715,-1.22119140625,-3.22314453125,4.06396484375
0.872,-0.38037109375,-3.54345703125,3.54345703125
0.8725,0.30029296875,-4.10400390625,3.50341796875
0.873,1.26123046875,-4.10400390625,2.58251953125
0.8735,1.90185546875,-4.42431640625,2.26220703125
0.874,2.58251953125,-4.42431640625,1.58154296875
0.8745,2.94287109375,-4.26416015625,1.06103515625
0.875,3.26318359375,-3.90380859375,0.38037109375
0.8755,3.58349609375,-3.54345703125,-0.34033203125
0.876,3.74365234375,-2.70263671875,-1.34130859375
0.8765,3.94384765625,-2.22216796875,-2.02197265625
0.877,3.98388671875,-1.54150390625,-2.78271484375
0.8775,3.58349609375,-0.90087890625,-3.06298828125
0.878,3.54345703125,-0.30029296875,-3.58349609375
0.8785,2.86279296875,0.62060546875,-3.82373046875
0.879,2.42236328125,1.38134765625,-4.14404296875
0.8795,1.62158203125,2.06201171875,-4.06396484375
0.88,1.02099609375,2.62255859375,-4.06396484375
0.8805,0.14013671875,3.02294921875,-3.58349609375
0.881,-0.50048828125,3.54345703125,-3.46337890625
0.8815,-1.50146484375,3.66357421875,-2.54248046875
0.882,-2.06201171875,3.86376953125,-2.26220703125
0.8825,-2.78271484375,3.86376953125,-1.58154296875
0.883,-3.06298828125,3.58349609375,-0.98095703125
0.8835,-3.50341796875,3.34326171875,-0.30029296875
0.884,-3.70361328125,2.70263671875,0.62060546875
0.8845,-3.90380859375,2.06201171875,1.46142578125
0.885,-3.98388671875,1.46142578125,2.14208984375
0.8855,-4.02392578125,0.90087890625,2.78271484375
0.886,-3.58349609375,0.14013671875,3.06298828125
0.8865,-3.54345703125,-0.50048828125,3.58349609375
0.887,-2.70263671875,-1.42138671875,3.74365234375
0.8875,-2.26220703125,-2.14208984375,3.98388671875
0.888,-1.46142578125,-2.86279296875,3.90380859375
0.8885,-0.82080078125,-3.30322265625,3.70361328125
0.889,0.02001953125,-3.66357421875,3.34326171875
0.8895,0.70068359375,-3.98388671875,3.02294921875
0.89,1.58154296875,-4.14404296875,2.30224609375
0.8905,2.10205078125,-4.26416015625,1.94189453125
0.891,2.70263671875,-4.30419921875,1.34130859375
0.8915,2.90283203125,-3.86376953125,0.74072265625
0.892,3.38330078125,-3.74365234375,0.14013671875
0.8925,3.50341796875,-2.86279296875,-0.94091796875
0.893,3.78369140625,-2.50244140625,-1.62158203125
0.8935,3.78369140625,-1.78173828125,-2.30224609375
0.894,3.74365234375,-1.30126953125,-2.82275390625
0.8945,3.34326171875,-0.58056640625,-3.18310546875
0.895,3.22314453125,0.02001953125,-3.58349609375
0.8955,2.46240234375,0.98095703125,-3.82373046875
0.896,1.98193359375,1.58154296875,-3.98388671875
0.8965,1.30126953125,2.34228515625,-3.98388671875
0.897,0.62060546875,2.70263671875,-3.70361328125
0.8975,-0.18017578125,3.22314453125,-3.50341796875
0.898,-0.98095703125,3.42333984375,-2.86279296875
0.8985,-1.78173828125,3.70361328125,-2.42236328125
0.899,-2.26220703125,3.70361328125,-1.90185546875
0.8995,-2.86279296875,3.78369140625,-1.38134765625
0.9,-3.06298828125,3.26318359375,-0.62060546875
0.9005,-3.54345703125,3.14306640625,0.02001953125
0.901,-3.66357421875,2.18212890625,1.06103515625
0.9015,-3.94384765625,1.86181640625,1.74169921875
0.902,-3.86376953125,1.14111328125,2.38232421875
0.9025,-3.78369140625,0.62060546875,2.78271484375
0.903,-3.46337890625,-0.18017578125,3.26318359375
0.9035,-3.06298828125,-0.90087890625,3.54345703125
0.904,-2.42236328125,-1.82177734375,3.86376953125
0.9045,-1.86181640625,-2.38232421875,3.86376953125
0.905,-1.22119140625,-3.02294921875,3.86376953125
0.9055,-0.42041015625,-3.34326171875,3.42333984375
0.906,0.26025390625,-3.86376953125,3.26318359375
0.9065,1.22119140625,-3.98388671875,2.50244140625
0.907,1.86181640625,-4.30419921875,2.18212890625
0.9075,2.34228515625,-4.18408203125,1.58154296875
0.908,2.78271484375,-4.14404296875,1.14111328125
0.9085,3.06298828125,-3.66357421875,0.38037109375
0.909,3.42333984375,-3.34326171875,-0.38037109375
0.9095,3.58349609375,-2.54248046875,-1.42138671875
0.91,3.78369140625,-2.14208984375,-1.94189453125
0.9105,3.74365234375,-1.46142578125,-2.62255859375
0.911,3.50341796875,-0.90087890625,-2.94287109375
0.9115,3.26318359375,-0.26025390625,-3.46337890625
0.912,2.62255859375,0.62060546875,-3.66357421875
0.9125,2.22216796875,1.42138671875,-3.98388671875
0.913,1.50146484375,1.98193359375,-3.82373046875
0.9135,0.90087890625,2.58251953125,-3.86376953125
0.914,0.06005859375,2.90283203125,-3.34326171875
0.9145,-0.58056640625,3.34326171875,-3.18310546875
0.915,-1.54150390625,3.46337890625,-2.38232421875
0.9155,-2.06201171875,3.70361328125,-2.10205078125
0.916,-2.58251953125,3.58349609375,-1.50146484375
0.9165,-2.90283203125,3.42333984375,-0.98095703125
0.917,-3.26318359375,3.02294921875,-0.26025390625
0.9175,-3.50341796875,2.50244140625,0.62060546875
0.918,-3.78369140625,1.90185546875,1.50146484375
0.9185,-3.78369140625,1.42138671875,1.98193359375
0.919,-3.82373046875,0.82080078125,2.58251953125
0.9195,-3.46337890625,0.14013671875,2.90283203125
0.92,-3.34326171875,-0.54052734375,3.42333984375
0.9205,-2.54248046875,-1.42138671875,3.58349609375
0.921,-2.18212890625,-2.06201171875,3.86376953125
0.9215,-1.42138671875,-2.62255859375,3.70361328125
0.922,-0.82080078125,-3.18310546875,3.66357421875
0.9225,0.02001953125,-3.54345703125,3.18310546875
0.923,0.66064453125,-3.86376953125,2.90283203125
0.9235,1.58154296875,-4.14404296875,2.26220703125
0.924,2.06201171875,-4.22412109375,1.94189453125
0.9245,2.62255859375,-4.22412109375,1.34130859375
0.925,2.86279296875,-3.86376953125,0.70068359375
0.9255,3.34326171875,-3.54345703125,0.02001953125
0.926,3.50341796875,-2.82275390625,-0.98095703125
0.9265,3.82373046875,-2.34228515625,-1.78173828125
0.927,3.66357421875,-1.66162109375,-2.30224609375
0.9275,3.70361328125,-1.22119140625,-2.86279296875
0.928,3.22314453125,-0.46044921875,-3.18310546875
0.9285,3.06298828125,0.26025390625,-3.58349609375
0.929,2.26220703125,1.22119140625,-3.82373046875
0.9295,1.74169921875,1.78173828125,-3.90380859375
0.93,1.02099609375,2.42236328125,-3.78369140625
0.9305,0.34033203125,2.82275390625,-3.54345703125
0.931,-0.38037109375,3.18310546875,-3.18310546875
0.9315,-1.14111328125,3.34326171875,-2.62255859375
0.932,-1.94189453125,3.66357421875,-2.10205078125
0.9325,-2.30224609375,3.50341796875,-1.62158203125
0.933,-2.82275390625,3.54345703125,-1.22119140625
0.9335,-3.02294921875,3.02294921875,-0.46044921875
0.934,-3.42333984375,2.78271484375,0.26025390625
0.9345,-3.54345703125,1.94189453125,1.22119140625
0.935,-3.82373046875,1.58154296875,1.82177734375
0.9355,-3.66357421875,0.94091796875,2.26220703125
0.936,-3.66357421875,0.50048828125,2.74267578125
0.9365,-3.18310546875,-0.30029296875,3.18310546875
0.937,-2.86279296875,-0.98095703125,3.46337890625
0.9375,-2.30224609375,-1.86181640625,3.78369140625
0.938,-1.66162109375,-2.34228515625,3.66357421875
0.9385,-1.10107421875,-3.02294921875,3.74365234375
0.939,-0.34033203125,-3.34326171875,3.34326171875
0.9395,0.34033203125,-3.78369140625,3.14306640625
0.94,1.26123046875,-3.98388671875,2.46240234375
0.9405,1.94189453125,-4.30419921875,2.10205078125
0.941,2.30224609375,-4.10400390625,1.58154296875
0.9415,2.82275390625,-4.14404296875,1.10107421875
0.942,3.06298828125,-3.54345703125,0.26025390625
0.9425,3.46337890625,-3.22314453125,-0.50048828125
0.943,3.78369140625,-2.38232421875,-1.58154296875
0.9435,3.78369140625,-2.06201171875,-2.10205078125
0.944,3.66357421875,-1.34130859375,-2.70263671875
0.9445,3.46337890625,-0.74072265625,-3.06298828125
0.945,3.18310546875,0.02001953125,-3.50341796875
0.9455,2.54248046875,0.82080078125,-3.70361328125
0.946,2.02197265625,1.66162109375,-4.02392578125
0.9465,1.26123046875,2.10205078125,-3.70361328125
0.947,0.66064453125,2.74267578125,-3.78369140625
0.9475,-0.22021484375,2.98291015625,-3.18310546875
0.948,-0.82080078125,3.34326171875,-2.94287109375
0.9485,-1.78173828125,3.54345703125,-2.22216796875
0.949,-2.26220703125,3.66357421875,-1.82177734375
0.9495,-2.70263671875,3.46337890625,-1.22119140625
0.95,-3.06298828125,3.30322265625,-0.70068359375
0.9505,-3.30322265625,2.78271484375,0.10009765625
0.951,-3.66357421875,2.22216796875,0.94091796875
0.9515,-3.82373046875,1.58154296875,1.82177734375
0.952,-3.70361328125,1.10107421875,2.18212890625
0.9525,-3.70361328125,0.58056640625,2.78271484375
0.953,-3.34326171875,-0.18017578125,3.06298828125
0.9535,-3.06298828125,-0.82080078125,3.54345703125
0.954,-2.34228515625,-1.74169921875,3.70361328125
0.9545,-1.86181640625,-2.42236328125,3.90380859375
0.955,-1.10107421875,-2.86279296875,3.58349609375
0.9555,-0.50048828125,-3.42333984375,3.58349609375
0.956,0.38037109375,-3.66357421875,3.02294921875
0.9565,1.02099609375,-3.98388671875,2.70263671875
0.957,1.94189453125,-4.26416015625,2.06201171875
0.9575,2.30224609375,-4.18408203125,1.58154296875
0.958,2.86279296875,-4.14404296875,1.06103515625
0.9585,3.10302734375,-3.70361328125,0.34033203125
0.959,3.54345703125,-3.30322265625,-0.50048828125
0.9595,3.62353515625,-2.58251953125,-1.38134765625
0.96,3.98388671875,-2.06201171875,-2.34228515625
0.9605,3.58349609375,-1.34130859375,-2.58251953125
0.961,3.70361328125,-0.86083984375,-3.18310546875
0.9615,3.14306640625,0.02001953125,-3.46337890625
0.962,2.82275390625,0.66064453125,-3.78369140625
0.9625,2.06201171875,1.62158203125,-4.06396484375
0.963,1.42138671875,2.22216796875,-3.98388671875
0.9635,0.66064453125,2.74267578125,-3.78369140625
0.964,0.02001953125,3.18310546875,-3.54345703125
0.9645,-0.86083984375,3.38330078125,-3.02294921875
0.965,-1.62158203125,3.70361328125,-2.50244140625
0.9655,-2.54248046875,3.98388671875,-1.90185546875
0.966,-2.82275390625,3.58349609375,-1.26123046875
0.9665,-3.34326171875,3.66357421875,-0.74072265625
0.967,-3.54345703125,2.90283203125,0.18017578125
0.9675,-3.82373046875,2.50244140625,0.90087890625
0.968,-4.06396484375,1.70166015625,2.02197265625
0.9685,-4.14404296875,1.14111328125,2.62255859375
0.969,-3.78369140625,0.38037109375,3.02294921875
0.9695,-3.70361328125,-0.18017578125,3.54345703125
0.97,-3.06298828125,-1.06103515625,3.74365234375
0.9705,-2.54248046875,-1.78173828125,3.98388671875
0.971,-1.78173828125,-2.82275390625,4.18408203125
0.9715,-1.02099609375,-3.18310546875,3.86376953125
0.972,-0.30029296875,-3.78369140625,3.70361328125
0.9725,0.54052734375,-4.02392578125,3.18310546875
0.973,1.30126953125,-4.22412109375,2.62255859375
0.9735,2.10205078125,-4.38427734375,1.98193359375
0.974,2.86279296875,-4.50439453125,1.42138671875
0.9745,3.06298828125,-4.02392578125,0.74072265625
0.975,3.54345703125,-4.10400390625,0.22021484375
0.9755,3.58349609375,-3.18310546875,-0.70068359375
0.976,3.86376953125,-2.86279296875,-1.50146484375
0.9765,3.98388671875,-1.86181640625,-2.42236328125
0.977,3.86376953125,-1.30126953125,-2.94287109375
0.9775,3.54345703125,-0.62060546875,-3.30322265625
0.978,3.34326171875,0.02001953125,-3.66357421875
0.9785,2.74267578125,0.82080078125,-3.86376953125
0.979,2.18212890625,1.58154296875,-4.02392578125
0.9795,1.50146484375,2.42236328125,-4.26416015625
0.98,0.66064453125,2.74267578125,-3.78369140625
0.9805,0.06005859375,3.34326171875,-3.78369140625
0.981,-0.86083984375,3.50341796875,-3.06298828125
0.9815,-1.58154296875,3.78369140625,-2.70263671875
0.982,-2.42236328125,3.90380859375,-1.94189453125
0.9825,-2.98291015625,3.90380859375,-1.42138671875
0.983,-3.26318359375,3.54345703125,-0.74072265625
0.9835,-3.70361328125,3.38330078125,-0.18017578125
0.984,-3.82373046875,2.50244140625,0.82080078125
0.9845,-4.06396484375,2.10205078125,1.58154296875
0.985,-4.22412109375,1.30126953125,2.58251953125
0.9855,-3.98388671875,0.62060546875,2.94287109375
0.986,-3.82373046875,0.02001953125,3.50341796875
0.9865,-3.34326171875,-0.82080078125,3.78369140625
0.987,-2.74267578125,-1.66162109375,4.02392578125
0.9875,-2.06201171875,-2.46240234375,4.14404296875
0.988,-1.38134765625,-3.22314453125,4.26416015625
0.9885,-0.50048828125,-3.54345703125,3.70361328125
0.989,0.18017578125,-4.14404296875,3.70361328125
0.9895,1.22119140625,-4.22412109375,2.74267578125
0.99,1.90185546875,-4.50439453125,2.34228515625
0.9905,2.74267578125,-4.58447265625,1.58154296875
0.991,3.14306640625,-4.46435546875,0.98095703125
0.9915,3.46337890625,-4.10400390625,0.30029296875
0.992,3.82373046875,-3.70361328125,-0.50048828125
0.9925,3.90380859375,-2.74267578125,-1.46142578125
0.993,4.02392578125,-2.18212890625,-2.18212890625
0.9935,4.14404296875,-1.46142578125,-3.06298828125
0.994,3.66357421875,-0.70068359375,-3.34326171875
0.9945,3.58349609375,-0.14013671875,-3.82373046875
0.995,2.90283203125,0.78076171875,-3.98388671875
0.9955,2.30224609375,1.58154296875,-4.22412109375
0.996,1.54150390625,2.38232421875,-4.26416015625
0.9965,0.86083984375,2.94287109375,-4.18408203125
0.997,0.02001953125,3.26318359375,-3.62353515625
0.9975,-0.70068359375,3.74365234375,-3.50341796875
0.998,-1.74169921875,3.78369140625,-2.54248046875
0.9985,-2.26220703125,3.98388671875,-2.14208984375
0.999,-3.10302734375,3.98388671875,-1.42138671875
0.9995,-3.34326171875,3.58349609375,-0.78076171875
