wavelength,x,y,z
0.0,-4.154052734375,0.050048828125,3.573486328125
0.0005,-4.033935546875,-0.630615234375,4.093994140625
0.001,-3.153076171875,-1.591552734375,4.134033203125
0.0015,-2.752685546875,-2.272216796875,4.374267578125
0.002,-1.831787109375,-3.353271484375,4.534423828125
0.0025,-1.031005859375,-3.713623046875,4.134033203125
0.003,-0.310302734375,-4.274169921875,3.933837890625
0.0035,0.490478515625,-4.514404296875,3.373291015625
0.004,1.331298828125,-4.754638671875,2.772705078125
0.0045,2.252197265625,-4.914794921875,2.052001953125
0.005,3.173095703125,-5.074951171875,1.291259765625
0.0055,3.493408203125,-4.434326171875,0.370361328125
0.006,3.973876953125,-4.434326171875,-0.150146484375
0.0065,3.973876953125,-3.553466796875,-0.990966796875
0.007,4.214111328125,-3.153076171875,-1.591552734375
0.0075,4.334228515625,-2.232177734375,-2.592529296875
0.008,4.134033203125,-1.471435546875,-3.193115234375
0.0085,3.733642578125,-0.510498046875,-3.713623046875
0.009,3.333251953125,0.250244140625,-4.073974609375
0.0095,2.572509765625,1.171142578125,-4.194091796875
0.01,2.092041015625,1.931884765625,-4.434326171875
0.0105,1.291259765625,2.932861328125,-4.514404296875
0.011,0.330322265625,3.253173828125,-3.953857421875
0.0115,-0.230224609375,3.813720703125,-3.873779296875
0.012,-1.231201171875,3.893798828125,-3.072998046875
0.0125,-1.951904296875,4.134033203125,-2.592529296875
0.013,-2.872802734375,4.214111328125,-1.711669921875
0.0135,-3.593505859375,4.214111328125,-1.031005859375
0.014,-3.833740234375,3.653564453125,-0.190185546875
0.0145,-4.194091796875,3.533447265625,0.250244140625
0.015,-4.194091796875,2.692626953125,1.131103515625
0.0155,-4.434326171875,2.292236328125,1.651611328125
0.016,-4.554443359375,1.411376953125,2.652587890625
0.0165,-4.194091796875,0.610595703125,3.052978515625
0.017,-3.953857421875,-0.190185546875,3.573486328125
0.0175,-3.433349609375,-0.990966796875,3.773681640625
0.018,-2.872802734375,-1.711669921875,4.013916015625
0.0185,-2.272216796875,-2.432373046875,4.134033203125
0.019,-1.551513671875,-3.273193359375,4.254150390625
0.0195,-0.710693359375,-3.593505859375,3.693603515625
0.02,-0.230224609375,-4.154052734375,3.733642578125
0.0205,0.810791015625,-4.234130859375,2.812744140625
0.021,1.451416015625,-4.594482421875,2.532470703125
0.0215,2.492431640625,-4.674560546875,1.571533203125
0.022,2.972900390625,-4.554443359375,0.970947265625
0.0225,3.333251953125,-4.154052734375,0.250244140625
0.023,3.653564453125,-3.913818359375,-0.270263671875
0.0235,3.773681640625,-3.193115234375,-1.111083984375
0.024,3.933837890625,-2.752685546875,-1.751708984375
0.0245,4.134033203125,-2.031982421875,-2.672607421875
0.025,3.613525390625,-1.151123046875,-3.072998046875
0.0255,3.493408203125,-0.390380859375,-3.633544921875
0.026,2.732666015625,0.570556640625,-3.753662109375
0.0265,2.412353515625,1.291259765625,-4.114013671875
0.027,1.691650390625,2.132080078125,-4.154052734375
0.0275,1.010986328125,2.772705078125,-4.154052734375
0.028,0.210205078125,3.093017578125,-3.593505859375
0.0285,-0.350341796875,3.533447265625,-3.553466796875
0.029,-1.431396484375,3.693603515625,-2.632568359375
0.0295,-1.991943359375,3.973876953125,-2.312255859375
0.03,-2.992919921875,4.053955078125,-1.431396484375
0.0305,-3.353271484375,3.693603515625,-0.790771484375
0.031,-3.753662109375,3.533447265625,-0.190185546875
0.0315,-3.873779296875,3.052978515625,0.450439453125
0.032,-4.114013671875,2.492431640625,1.211181640625
0.0325,-4.194091796875,1.851806640625,1.851806640625
0.033,-4.354248046875,1.211181640625,2.612548828125
0.0335,-3.793701171875,0.250244140625,2.972900390625
0.034,-3.833740234375,-0.310302734375,3.573486328125
0.0345,-2.952880859375,-1.271240234375,3.653564453125
0.035,-2.752685546875,-1.871826171875,4.013916015625
0.0355,-1.911865234375,-2.752685546875,4.013916015625
0.036,-1.231201171875,-3.273193359375,3.853759765625
0.0365,-0.510498046875,-3.633544921875,3.533447265625
0.037,0.170166015625,-4.073974609375,3.253173828125
0.0375,1.211181640625,-4.234130859375,2.452392578125
0.038,1.851806640625,-4.514404296875,2.052001953125
0.0385,2.692626953125,-4.554443359375,1.291259765625
0.039,2.972900390625,-4.154052734375,0.610595703125
0.0395,3.413330078125,-4.073974609375,0.090087890625
0.04,3.533447265625,-3.353271484375,-0.710693359375
0.0405,3.853759765625,-3.032958984375,-1.431396484375
0.041,3.853759765625,-2.232177734375,-2.192138671875
0.0415,3.893798828125,-1.591552734375,-2.872802734375
0.042,3.253173828125,-0.510498046875,-3.193115234375
0.0425,3.213134765625,0.090087890625,-3.713623046875
0.043,2.292236328125,1.131103515625,-3.833740234375
0.0435,2.052001953125,1.691650390625,-4.154052734375
0.044,1.211181640625,2.572509765625,-4.154052734375
0.0445,0.450439453125,3.012939453125,-3.793701171875
0.045,-0.190185546875,3.333251953125,-3.553466796875
0.0455,-1.111083984375,3.693603515625,-2.952880859375
0.046,-1.951904296875,3.893798828125,-2.272216796875
0.0465,-2.632568359375,3.973876953125,-1.711669921875
0.047,-3.353271484375,4.013916015625,-0.990966796875
0.0475,-3.553466796875,3.413330078125,-0.310302734375
0.048,-3.993896484375,3.373291015625,0.210205078125
0.0485,-4.033935546875,2.452392578125,1.131103515625
0.049,-4.354248046875,2.092041015625,1.731689453125
0.0495,-4.234130859375,1.251220703125,2.532470703125
0.05,-4.154052734375,0.610595703125,3.133056640625
0.0505,-3.593505859375,-0.350341796875,3.373291015625
0.051,-3.393310546875,-0.990966796875,3.813720703125
0.0515,-2.512451171875,-2.072021484375,3.973876953125
0.052,-2.112060546875,-2.552490234375,4.093994140625
0.0525,-1.271240234375,-3.393310546875,4.013916015625
0.053,-0.510498046875,-3.713623046875,3.573486328125
0.0535,0.130126953125,-4.114013671875,3.373291015625
0.054,1.171142578125,-4.354248046875,2.532470703125
0.0545,1.971923828125,-4.594482421875,2.052001953125
0.055,2.612548828125,-4.514404296875,1.291259765625
0.0555,3.213134765625,-4.514404296875,0.690673828125
0.056,3.373291015625,-3.873779296875,-0.070068359375
0.0565,3.733642578125,-3.793701171875,-0.550537109375
0.057,3.853759765625,-2.832763671875,-1.631591796875
0.0575,3.973876953125,-2.472412109375,-2.152099609375
0.058,3.893798828125,-1.471435546875,-2.872802734375
0.0585,3.573486328125,-0.670654296875,-3.353271484375
0.059,3.052978515625,0.210205078125,-3.673583984375
0.0595,2.572509765625,0.970947265625,-3.993896484375
0.06,1.891845703125,1.931884765625,-4.194091796875
0.0605,1.331298828125,2.412353515625,-4.154052734375
0.061,0.570556640625,3.173095703125,-4.033935546875
0.0615,-0.310302734375,3.373291015625,-3.473388671875
0.062,-0.910888671875,3.853759765625,-3.273193359375
0.0625,-2.072021484375,3.973876953125,-2.272216796875
0.063,-2.712646484375,4.134033203125,-1.791748046875
0.0635,-3.353271484375,3.973876953125,-0.990966796875
0.064,-3.873779296875,3.853759765625,-0.350341796875
0.0645,-3.993896484375,3.173095703125,0.370361328125
0.065,-4.314208984375,2.892822265625,0.930908203125
0.0655,-4.474365234375,1.971923828125,1.971923828125
0.066,-4.474365234375,1.491455078125,2.492431640625
0.0665,-4.394287109375,0.610595703125,3.293212890625
0.067,-3.873779296875,-0.270263671875,3.653564453125
0.0675,-3.513427734375,-1.031005859375,3.973876953125
0.068,-2.832763671875,-1.951904296875,4.174072265625
0.0685,-2.112060546875,-2.912841796875,4.414306640625
0.069,-1.351318359375,-3.393310546875,4.134033203125
0.0695,-0.630615234375,-4.114013671875,4.093994140625
0.07,0.290283203125,-4.234130859375,3.333251953125
0.0705,0.970947265625,-4.674560546875,3.093017578125
0.071,2.252197265625,-4.834716796875,1.971923828125
0.0715,2.892822265625,-4.874755859375,1.411376953125
0.072,3.493408203125,-4.554443359375,0.490478515625
0.0725,3.853759765625,-4.354248046875,-0.150146484375
0.073,3.973876953125,-3.713623046875,-0.910888671875
0.0735,4.134033203125,-3.193115234375,-1.591552734375
0.074,4.374267578125,-2.272216796875,-2.592529296875
0.0745,4.013916015625,-1.471435546875,-3.032958984375
0.075,3.973876953125,-0.630615234375,-3.793701171875
0.0755,3.173095703125,0.370361328125,-3.913818359375
0.076,2.812744140625,1.051025390625,-4.234130859375
0.0765,1.891845703125,2.092041015625,-4.354248046875
0.077,1.291259765625,2.892822265625,-4.514404296875
0.0775,0.370361328125,3.293212890625,-3.993896484375
0.078,-0.270263671875,3.893798828125,-3.953857421875
0.0785,-1.151123046875,3.893798828125,-3.113037109375
0.079,-1.871826171875,4.254150390625,-2.712646484375
0.0795,-3.113037109375,4.414306640625,-1.671630859375
0.08,-3.593505859375,4.254150390625,-1.031005859375
0.0805,-4.154052734375,3.893798828125,-0.270263671875
0.081,-4.354248046875,3.533447265625,0.410400390625
0.0815,-4.514404296875,2.932861328125,1.091064453125
0.082,-4.634521484375,2.252197265625,1.931884765625
0.0825,-4.874755859375,1.571533203125,2.852783203125
0.083,-4.354248046875,0.650634765625,3.253173828125
0.0835,-4.434326171875,-0.150146484375,3.973876953125
0.084,-3.513427734375,-1.151123046875,4.093994140625
0.0845,-3.193115234375,-1.791748046875,4.414306640625
0.085,-2.232177734375,-2.912841796875,4.494384765625
0.0855,-1.551513671875,-3.673583984375,4.534423828125
0.086,-0.590576171875,-4.114013671875,4.013916015625
0.0865,0.130126953125,-4.634521484375,3.893798828125
0.087,1.051025390625,-4.714599609375,3.052978515625
0.0875,1.851806640625,-4.994873046875,2.532470703125
0.088,3.173095703125,-5.235107421875,1.531494140625
0.0885,3.533447265625,-4.914794921875,0.650634765625
0.089,4.134033203125,-4.674560546875,-0.110107421875
0.0895,4.294189453125,-4.114013671875,-0.790771484375
0.09,4.414306640625,-3.473388671875,-1.551513671875
0.0905,4.494384765625,-2.552490234375,-2.432373046875
0.091,4.654541015625,-1.791748046875,-3.353271484375
0.0915,3.933837890625,-0.670654296875,-3.713623046875
0.092,3.853759765625,0.090087890625,-4.354248046875
0.0925,2.852783203125,1.131103515625,-4.354248046875
0.093,2.452392578125,1.851806640625,-4.634521484375
0.0935,1.411376953125,3.012939453125,-4.754638671875
0.094,0.610595703125,3.573486328125,-4.514404296875
0.0945,-0.310302734375,3.973876953125,-3.993896484375
0.095,-0.990966796875,4.334228515625,-3.673583984375
0.0955,-1.991943359375,4.414306640625,-2.712646484375
0.096,-2.712646484375,4.494384765625,-2.152099609375
0.0965,-3.913818359375,4.654541015625,-1.191162109375
0.097,-4.194091796875,4.013916015625,-0.310302734375
0.0975,-4.674560546875,3.893798828125,0.330322265625
0.098,-4.674560546875,3.173095703125,1.131103515625
0.0985,-4.834716796875,2.612548828125,1.771728515625
0.099,-4.834716796875,1.731689453125,2.692626953125
0.0995,-4.954833984375,0.930908203125,3.533447265625
0.1,-4.194091796875,-0.150146484375,3.853759765625
0.1005,-4.154052734375,-0.790771484375,4.414306640625
0.101,-3.153076171875,-1.831787109375,4.374267578125
0.1015,-2.752685546875,-2.472412109375,4.614501953125
0.102,-1.671630859375,-3.673583984375,4.694580078125
0.1025,-0.830810546875,-4.154052734375,4.334228515625
0.103,0.010009765625,-4.594482421875,3.973876953125
0.1035,0.770751953125,-4.874755859375,3.493408203125
0.104,1.731689453125,-4.994873046875,2.652587890625
0.1045,2.532470703125,-5.195068359375,1.971923828125
0.105,3.693603515625,-5.355224609375,1.051025390625
0.1055,3.893798828125,-4.634521484375,0.130126953125
0.106,4.414306640625,-4.514404296875,-0.430419921875
0.1065,4.414306640625,-3.633544921875,-1.351318359375
0.107,4.574462890625,-3.072998046875,-2.072021484375
0.1075,4.614501953125,-2.112060546875,-3.072998046875
0.108,4.534423828125,-1.271240234375,-3.793701171875
0.1085,3.813720703125,-0.150146484375,-4.114013671875
0.109,3.533447265625,0.610595703125,-4.554443359375
0.1095,2.452392578125,1.771728515625,-4.594482421875
0.11,1.971923828125,2.412353515625,-4.754638671875
0.1105,0.970947265625,3.533447265625,-4.834716796875
0.111,0.010009765625,3.853759765625,-4.194091796875
0.1115,-0.670654296875,4.294189453125,-3.873779296875
0.112,-1.711669921875,4.494384765625,-3.153076171875
0.1125,-2.592529296875,4.494384765625,-2.312255859375
0.113,-3.393310546875,4.534423828125,-1.551513671875
0.1135,-4.314208984375,4.534423828125,-0.710693359375
0.114,-4.394287109375,3.813720703125,0.210205078125
0.1145,-4.794677734375,3.693603515625,0.690673828125
0.115,-4.754638671875,2.612548828125,1.731689453125
0.1155,-4.834716796875,2.172119140625,2.252197265625
0.116,-4.834716796875,1.171142578125,3.213134765625
0.1165,-4.554443359375,0.330322265625,3.733642578125
0.117,-3.993896484375,-0.630615234375,4.093994140625
0.1175,-3.633544921875,-1.351318359375,4.414306640625
0.118,-2.672607421875,-2.432373046875,4.494384765625
0.1185,-2.192138671875,-3.032958984375,4.574462890625
0.119,-1.231201171875,-4.033935546875,4.574462890625
0.1195,-0.310302734375,-4.274169921875,3.933837890625
0.12,0.290283203125,-4.754638671875,3.853759765625
0.1205,1.451416015625,-4.994873046875,2.852783203125
0.121,2.252197265625,-5.114990234375,2.252197265625
0.1215,3.093017578125,-5.114990234375,1.371337890625
0.122,3.853759765625,-5.034912109375,0.610595703125
0.1225,3.973876953125,-4.314208984375,-0.270263671875
0.123,4.374267578125,-4.154052734375,-0.750732421875
0.1235,4.414306640625,-3.072998046875,-1.871826171875
0.124,4.494384765625,-2.632568359375,-2.392333984375
0.1245,4.494384765625,-1.591552734375,-3.393310546875
0.125,4.093994140625,-0.670654296875,-3.833740234375
0.1255,3.533447265625,0.290283203125,-4.234130859375
0.126,2.972900390625,1.171142578125,-4.514404296875
0.1265,2.052001953125,2.212158203125,-4.634521484375
0.127,1.531494140625,2.812744140625,-4.634521484375
0.1275,0.570556640625,3.733642578125,-4.554443359375
0.128,-0.390380859375,3.893798828125,-3.833740234375
0.1285,-1.031005859375,4.294189453125,-3.713623046875
0.129,-2.272216796875,4.414306640625,-2.552490234375
0.1295,-2.912841796875,4.494384765625,-1.991943359375
0.13,-3.753662109375,4.414306640625,-1.031005859375
0.1305,-4.314208984375,4.214111328125,-0.310302734375
0.131,-4.354248046875,3.493408203125,0.490478515625
0.1315,-4.674560546875,3.213134765625,1.010986328125
0.132,-4.714599609375,2.172119140625,2.092041015625
0.1325,-4.674560546875,1.651611328125,2.532470703125
0.133,-4.674560546875,0.730712890625,3.493408203125
0.1335,-4.114013671875,-0.190185546875,3.773681640625
0.134,-3.753662109375,-0.990966796875,4.134033203125
0.1345,-3.032958984375,-1.871826171875,4.334228515625
0.135,-2.392333984375,-2.752685546875,4.494384765625
0.1355,-1.631591796875,-3.313232421875,4.334228515625
0.136,-0.790771484375,-4.114013671875,4.214111328125
0.1365,0.050048828125,-4.274169921875,3.533447265625
0.137,0.690673828125,-4.754638671875,3.373291015625
0.1375,1.931884765625,-4.834716796875,2.252197265625
0.138,2.412353515625,-4.914794921875,1.931884765625
0.1385,3.253173828125,-4.834716796875,0.970947265625
0.139,3.693603515625,-4.514404296875,0.290283203125
0.1395,3.893798828125,-4.033935546875,-0.430419921875
0.14,4.134033203125,-3.553466796875,-1.111083984375
0.1405,4.334228515625,-2.752685546875,-2.072021484375
0.141,4.214111328125,-2.112060546875,-2.592529296875
0.1415,4.254150390625,-1.271240234375,-3.473388671875
0.142,3.493408203125,-0.270263671875,-3.713623046875
0.1425,3.253173828125,0.490478515625,-4.194091796875
0.143,2.372314453125,1.571533203125,-4.274169921875
0.1435,1.931884765625,2.292236328125,-4.514404296875
0.144,1.010986328125,2.932861328125,-4.314208984375
0.1445,0.250244140625,3.573486328125,-4.154052734375
0.145,-0.590576171875,3.693603515625,-3.473388671875
0.1455,-1.271240234375,4.134033203125,-3.233154296875
0.146,-2.512451171875,4.254150390625,-2.112060546875
0.1465,-3.032958984375,4.294189453125,-1.671630859375
0.147,-3.753662109375,4.134033203125,-0.790771484375
0.1475,-3.993896484375,3.693603515625,-0.110107421875
0.148,-4.234130859375,3.293212890625,0.570556640625
0.1485,-4.394287109375,2.612548828125,1.291259765625
0.149,-4.594482421875,1.971923828125,2.172119140625
0.1495,-4.394287109375,1.251220703125,2.692626953125
0.15,-4.434326171875,0.490478515625,3.453369140625
0.1505,-3.593505859375,-0.510498046875,3.573486328125
0.151,-3.513427734375,-1.111083984375,4.013916015625
0.1515,-2.512451171875,-2.192138671875,4.093994140625
0.152,-2.112060546875,-2.752685546875,4.294189453125
0.1525,-1.231201171875,-3.473388671875,3.973876953125
0.153,-0.590576171875,-3.953857421875,3.813720703125
0.1535,0.250244140625,-4.154052734375,3.213134765625
0.154,1.010986328125,-4.434326171875,2.852783203125
0.1545,2.052001953125,-4.634521484375,1.971923828125
0.155,2.532470703125,-4.554443359375,1.451416015625
0.1555,3.253173828125,-4.554443359375,0.730712890625
0.156,3.373291015625,-3.993896484375,0.050048828125
0.1565,3.773681640625,-3.833740234375,-0.510498046875
0.157,3.853759765625,-2.952880859375,-1.431396484375
0.1575,4.134033203125,-2.552490234375,-2.112060546875
0.158,3.853759765625,-1.631591796875,-2.712646484375
0.1585,3.853759765625,-0.990966796875,-3.353271484375
0.159,3.052978515625,0.090087890625,-3.553466796875
0.1595,2.932861328125,0.650634765625,-3.993896484375
0.16,1.971923828125,1.771728515625,-4.154052734375
0.1605,1.611572265625,2.252197265625,-4.234130859375
0.161,0.690673828125,2.892822265625,-4.033935546875
0.1615,0.010009765625,3.253173828125,-3.713623046875
0.162,-0.710693359375,3.653564453125,-3.193115234375
0.1625,-1.631591796875,3.853759765625,-2.592529296875
0.163,-2.552490234375,4.093994140625,-1.951904296875
0.1635,-2.992919921875,3.853759765625,-1.271240234375
0.164,-3.633544921875,3.853759765625,-0.630615234375
0.1645,-3.713623046875,3.213134765625,0.090087890625
0.165,-4.114013671875,3.052978515625,0.610595703125
0.1655,-4.154052734375,2.172119140625,1.571533203125
0.166,-4.354248046875,1.771728515625,2.132080078125
0.1665,-4.114013671875,0.890869140625,2.732666015625
0.167,-3.993896484375,0.210205078125,3.253173828125
0.1675,-3.353271484375,-0.670654296875,3.493408203125
0.168,-3.072998046875,-1.311279296875,3.853759765625
0.1685,-2.312255859375,-2.392333984375,4.053955078125
0.169,-1.791748046875,-2.832763671875,3.893798828125
0.1695,-1.031005859375,-3.553466796875,3.853759765625
0.17,-0.310302734375,-3.713623046875,3.373291015625
0.1705,0.370361328125,-4.154052734375,3.173095703125
0.171,1.411376953125,-4.354248046875,2.332275390625
0.1715,2.172119140625,-4.554443359375,1.811767578125
0.172,2.612548828125,-4.274169921875,1.091064453125
0.1725,3.173095703125,-4.314208984375,0.610595703125
0.173,3.333251953125,-3.673583984375,-0.230224609375
0.1735,3.653564453125,-3.473388671875,-0.750732421875
0.174,3.853759765625,-2.632568359375,-1.751708984375
0.1745,3.853759765625,-2.112060546875,-2.272216796875
0.175,3.733642578125,-1.231201171875,-2.952880859375
0.1755,3.293212890625,-0.470458984375,-3.313232421875
0.176,2.852783203125,0.370361328125,-3.673583984375
0.1765,2.332275390625,1.131103515625,-3.913818359375
0.177,1.771728515625,2.052001953125,-4.234130859375
0.1775,1.051025390625,2.412353515625,-3.913818359375
0.178,0.410400390625,3.173095703125,-3.913818359375
0.1785,-0.470458984375,3.333251953125,-3.233154296875
0.179,-1.111083984375,3.733642578125,-2.992919921875
0.1795,-2.192138671875,3.893798828125,-2.072021484375
0.18,-2.832763671875,4.013916015625,-1.551513671875
0.1805,-3.353271484375,3.693603515625,-0.750732421875
0.181,-3.713623046875,3.533447265625,-0.270263671875
0.1815,-3.833740234375,2.932861328125,0.490478515625
0.182,-4.073974609375,2.572509765625,1.091064453125
0.1825,-4.354248046875,1.851806640625,2.052001953125
0.183,-4.114013671875,1.171142578125,2.492431640625
0.1835,-4.114013671875,0.410400390625,3.213134765625
0.184,-3.513427734375,-0.470458984375,3.413330078125
0.1845,-3.193115234375,-1.191162109375,3.813720703125
0.185,-2.512451171875,-2.072021484375,3.893798828125
0.1855,-1.911865234375,-2.912841796875,4.134033203125
0.186,-1.151123046875,-3.233154296875,3.733642578125
0.1865,-0.590576171875,-3.833740234375,3.813720703125
0.187,0.330322265625,-3.993896484375,3.052978515625
0.1875,1.010986328125,-4.354248046875,2.732666015625
0.188,2.212158203125,-4.594482421875,1.851806640625
0.1885,2.692626953125,-4.514404296875,1.251220703125
0.189,3.213134765625,-4.274169921875,0.490478515625
0.1895,3.493408203125,-3.953857421875,-0.070068359375
0.19,3.693603515625,-3.473388671875,-0.790771484375
0.1905,3.853759765625,-2.832763671875,-1.551513671875
0.191,4.134033203125,-2.192138671875,-2.472412109375
0.1915,3.653564453125,-1.311279296875,-2.832763671875
0.192,3.693603515625,-0.590576171875,-3.553466796875
0.1925,2.852783203125,0.370361328125,-3.633544921875
0.193,2.612548828125,1.010986328125,-4.033935546875
0.1935,1.771728515625,2.011962890625,-4.194091796875
0.194,1.131103515625,2.732666015625,-4.194091796875
0.1945,0.290283203125,3.133056640625,-3.753662109375
0.195,-0.270263671875,3.573486328125,-3.633544921875
0.1955,-1.231201171875,3.693603515625,-2.832763671875
0.196,-1.951904296875,3.973876953125,-2.432373046875
0.1965,-3.072998046875,4.174072265625,-1.551513671875
0.197,-3.393310546875,3.853759765625,-0.790771484375
0.1975,-3.873779296875,3.693603515625,-0.190185546875
0.198,-3.993896484375,3.173095703125,0.490478515625
0.1985,-4.194091796875,2.692626953125,1.131103515625
0.199,-4.354248046875,1.931884765625,1.931884765625
0.1995,-4.514404296875,1.291259765625,2.732666015625
0.2,-3.953857421875,0.370361328125,3.093017578125
0.2005,-3.993896484375,-0.310302734375,3.693603515625
0.201,-3.153076171875,-1.271240234375,3.733642578125
0.2015,-2.872802734375,-1.911865234375,4.093994140625
0.202,-1.951904296875,-2.912841796875,4.214111328125
0.2025,-1.271240234375,-3.473388671875,4.093994140625
0.203,-0.510498046875,-3.873779296875,3.773681640625
0.2035,0.170166015625,-4.274169921875,3.493408203125
0.204,1.131103515625,-4.474365234375,2.692626953125
0.2045,1.931884765625,-4.714599609375,2.212158203125
0.205,3.012939453125,-4.954833984375,1.331298828125
0.2055,3.333251953125,-4.394287109375,0.490478515625
0.206,3.853759765625,-4.354248046875,0.010009765625
0.2065,3.893798828125,-3.633544921875,-0.830810546875
0.207,4.134033203125,-3.153076171875,-1.551513671875
0.2075,4.254150390625,-2.272216796875,-2.512451171875
0.208,4.294189453125,-1.511474609375,-3.273193359375
0.2085,3.653564453125,-0.510498046875,-3.673583984375
0.209,3.493408203125,0.250244140625,-4.154052734375
0.2095,2.492431640625,1.331298828125,-4.194091796875
0.21,2.052001953125,1.971923828125,-4.434326171875
0.2105,1.131103515625,3.093017578125,-4.554443359375
0.211,0.250244140625,3.493408203125,-4.114013671875
0.2115,-0.430419921875,3.853759765625,-3.793701171875
0.212,-1.391357421875,4.134033203125,-3.153076171875
0.2125,-2.272216796875,4.214111328125,-2.312255859375
0.213,-3.032958984375,4.334228515625,-1.671630859375
0.2135,-3.953857421875,4.414306640625,-0.790771484375
0.214,-4.114013671875,3.653564453125,0.010009765625
0.2145,-4.514404296875,3.573486328125,0.490478515625
0.215,-4.514404296875,2.572509765625,1.451416015625
0.2155,-4.634521484375,2.172119140625,2.052001953125
0.216,-4.634521484375,1.251220703125,2.932861328125
0.2165,-4.474365234375,0.410400390625,3.493408203125
0.217,-3.873779296875,-0.590576171875,3.813720703125
0.2175,-3.553466796875,-1.151123046875,4.214111328125
0.218,-2.672607421875,-2.232177734375,4.294189453125
0.2185,-2.232177734375,-2.832763671875,4.414306640625
0.219,-1.311279296875,-3.833740234375,4.494384765625
0.2195,-0.390380859375,-4.114013671875,3.893798828125
0.22,0.210205078125,-4.554443359375,3.733642578125
0.2205,1.291259765625,-4.794677734375,2.852783203125
0.221,2.092041015625,-4.954833984375,2.252197265625
0.2215,2.892822265625,-4.994873046875,1.451416015625
0.222,3.733642578125,-4.954833984375,0.650634765625
0.2225,3.853759765625,-4.234130859375,-0.190185546875
0.223,4.294189453125,-4.154052734375,-0.670654296875
0.2235,4.334228515625,-3.072998046875,-1.791748046875
0.224,4.494384765625,-2.592529296875,-2.392333984375
0.2245,4.494384765625,-1.631591796875,-3.393310546875
0.225,4.134033203125,-0.750732421875,-3.913818359375
0.2255,3.493408203125,0.330322265625,-4.194091796875
0.226,3.012939453125,1.171142578125,-4.514404296875
0.2265,1.971923828125,2.292236328125,-4.634521484375
0.227,1.491455078125,2.852783203125,-4.634521484375
0.2275,0.490478515625,3.813720703125,-4.594482421875
0.228,-0.510498046875,4.013916015625,-3.873779296875
0.2285,-1.151123046875,4.414306640625,-3.593505859375
0.229,-2.392333984375,4.534423828125,-2.552490234375
0.2295,-3.153076171875,4.614501953125,-1.871826171875
0.23,-3.873779296875,4.454345703125,-0.990966796875
0.2305,-4.514404296875,4.334228515625,-0.190185546875
0.231,-4.514404296875,3.493408203125,0.650634765625
0.2315,-4.834716796875,3.213134765625,1.171142578125
0.232,-4.834716796875,2.052001953125,2.372314453125
0.2325,-4.794677734375,1.531494140625,2.772705078125
0.233,-4.714599609375,0.530517578125,3.653564453125
0.2335,-4.194091796875,-0.350341796875,4.013916015625
0.234,-3.673583984375,-1.191162109375,4.294189453125
0.2345,-3.032958984375,-2.072021484375,4.494384765625
0.235,-2.152099609375,-3.072998046875,4.614501953125
0.2355,-1.471435546875,-3.553466796875,4.454345703125
0.236,-0.630615234375,-4.394287109375,4.334228515625
0.2365,0.290283203125,-4.514404296875,3.573486328125
0.237,0.930908203125,-4.914794921875,3.373291015625
0.2375,2.212158203125,-5.034912109375,2.212158203125
0.238,2.812744140625,-5.114990234375,1.731689453125
0.2385,3.573486328125,-4.914794921875,0.770751953125
0.239,4.093994140625,-4.674560546875,0.050048828125
0.2395,4.174072265625,-3.993896484375,-0.710693359375
0.24,4.454345703125,-3.673583984375,-1.311279296875
0.2405,4.534423828125,-2.632568359375,-2.552490234375
0.241,4.454345703125,-2.031982421875,-2.952880859375
0.2415,4.414306640625,-0.990966796875,-3.873779296875
0.242,3.693603515625,0.010009765625,-4.154052734375
0.2425,3.213134765625,0.890869140625,-4.514404296875
0.243,2.412353515625,1.931884765625,-4.674560546875
0.2435,1.651611328125,2.852783203125,-4.834716796875
0.244,0.810791015625,3.373291015625,-4.514404296875
0.2445,0.010009765625,4.134033203125,-4.394287109375
0.245,-0.990966796875,4.174072265625,-3.553466796875
0.2455,-1.671630859375,4.614501953125,-3.233154296875
0.246,-3.072998046875,4.734619140625,-1.991943359375
0.2465,-3.633544921875,4.694580078125,-1.391357421875
0.247,-4.314208984375,4.334228515625,-0.390380859375
0.2475,-4.714599609375,3.973876953125,0.330322265625
0.248,-4.794677734375,3.093017578125,0.970947265625
0.2485,-4.874755859375,2.652587890625,1.771728515625
0.249,-5.074951171875,1.651611328125,2.852783203125
0.2495,-4.674560546875,0.970947265625,3.253173828125
0.25,-4.634521484375,0.010009765625,4.053955078125
0.2505,-3.793701171875,-0.990966796875,4.174072265625
0.251,-3.393310546875,-1.631591796875,4.494384765625
0.2515,-2.392333984375,-2.752685546875,4.534423828125
0.252,-1.751708984375,-3.553466796875,4.654541015625
0.2525,-0.830810546875,-3.993896484375,4.174072265625
0.253,-0.070068359375,-4.634521484375,4.093994140625
0.2535,0.770751953125,-4.634521484375,3.213134765625
0.254,1.491455078125,-4.994873046875,2.892822265625
0.2545,2.812744140625,-5.114990234375,1.731689453125
0.255,3.253173828125,-4.994873046875,1.131103515625
0.2555,3.893798828125,-4.754638671875,0.250244140625
0.256,4.134033203125,-4.394287109375,-0.590576171875
0.2565,4.334228515625,-3.793701171875,-1.151123046875
0.257,4.414306640625,-3.032958984375,-1.991943359375
0.2575,4.614501953125,-2.232177734375,-2.872802734375
0.258,4.134033203125,-1.311279296875,-3.313232421875
0.2585,4.174072265625,-0.510498046875,-4.154052734375
0.259,3.173095703125,0.610595703125,-4.194091796875
0.2595,2.972900390625,1.251220703125,-4.554443359375
0.26,1.851806640625,2.492431640625,-4.674560546875
0.2605,1.291259765625,3.133056640625,-4.754638671875
0.261,0.290283203125,3.693603515625,-4.234130859375
0.2615,-0.510498046875,4.174072265625,-4.033935546875
0.262,-1.391357421875,4.254150390625,-3.193115234375
0.2625,-2.192138671875,4.534423828125,-2.712646484375
0.263,-3.473388671875,4.734619140625,-1.591552734375
0.2635,-3.873779296875,4.414306640625,-0.910888671875
0.264,-4.434326171875,4.174072265625,0.010009765625
0.2645,-4.634521484375,3.493408203125,0.690673828125
0.265,-4.754638671875,2.892822265625,1.211181640625
0.2655,-4.834716796875,2.092041015625,2.252197265625
0.266,-4.994873046875,1.411376953125,3.133056640625
0.2665,-4.394287109375,0.370361328125,3.493408203125
0.267,-4.354248046875,-0.350341796875,4.174072265625
0.2675,-3.353271484375,-1.351318359375,4.134033203125
0.268,-3.072998046875,-1.991943359375,4.494384765625
0.2685,-1.991943359375,-3.193115234375,4.534423828125
0.269,-1.311279296875,-3.713623046875,4.414306640625
0.2695,-0.430419921875,-4.194091796875,3.973876953125
0.27,0.290283203125,-4.554443359375,3.653564453125
0.2705,1.131103515625,-4.674560546875,2.932861328125
0.271,1.931884765625,-4.874755859375,2.332275390625
0.2715,3.093017578125,-5.114990234375,1.411376953125
0.272,3.413330078125,-4.594482421875,0.610595703125
0.2725,3.973876953125,-4.634521484375,0.010009765625
0.273,4.053955078125,-3.873779296875,-0.910888671875
0.2735,4.214111328125,-3.433349609375,-1.351318359375
0.274,4.334228515625,-2.512451171875,-2.352294921875
0.2745,4.414306640625,-1.871826171875,-3.072998046875
0.275,3.853759765625,-0.830810546875,-3.513427734375
0.2755,3.693603515625,-0.110107421875,-4.033935546875
0.276,2.812744140625,0.930908203125,-4.114013671875
0.2765,2.492431640625,1.571533203125,-4.434326171875
0.277,1.531494140625,2.732666015625,-4.594482421875
0.2775,0.810791015625,3.133056640625,-4.274169921875
0.278,0.010009765625,3.733642578125,-4.033935546875
0.2785,-0.790771484375,3.933837890625,-3.513427734375
0.279,-1.591552734375,4.134033203125,-2.952880859375
0.2795,-2.512451171875,4.334228515625,-2.192138671875
0.28,-3.553466796875,4.494384765625,-1.351318359375
0.2805,-3.793701171875,3.893798828125,-0.510498046875
0.281,-4.314208984375,3.853759765625,0.010009765625
0.2815,-4.354248046875,3.052978515625,0.890869140625
0.282,-4.554443359375,2.692626953125,1.451416015625
0.2825,-4.674560546875,1.771728515625,2.492431640625
0.283,-4.594482421875,1.091064453125,3.052978515625
0.2835,-4.154052734375,0.090087890625,3.533447265625
0.284,-3.833740234375,-0.630615234375,3.933837890625
0.2845,-3.072998046875,-1.511474609375,4.013916015625
0.285,-2.632568359375,-2.232177734375,4.254150390625
0.2855,-1.791748046875,-3.233154296875,4.414306640625
0.286,-0.990966796875,-3.593505859375,3.933837890625
0.2865,-0.350341796875,-4.154052734375,3.853759765625
0.287,0.570556640625,-4.314208984375,3.173095703125
0.2875,1.291259765625,-4.594482421875,2.692626953125
0.288,2.252197265625,-4.754638671875,1.931884765625
0.2885,3.012939453125,-4.834716796875,1.211181640625
0.289,3.333251953125,-4.314208984375,0.370361328125
0.2895,3.733642578125,-4.194091796875,-0.070068359375
0.29,3.773681640625,-3.393310546875,-0.910888671875
0.2905,3.973876953125,-3.032958984375,-1.471435546875
0.291,4.174072265625,-2.192138671875,-2.512451171875
0.2915,3.853759765625,-1.431396484375,-2.912841796875
0.292,3.613525390625,-0.590576171875,-3.553466796875
0.2925,3.093017578125,0.250244140625,-3.793701171875
0.293,2.572509765625,1.051025390625,-3.993896484375
0.2935,1.971923828125,1.851806640625,-4.194091796875
0.294,1.291259765625,2.692626953125,-4.354248046875
0.2945,0.450439453125,3.012939453125,-3.793701171875
0.295,-0.070068359375,3.573486328125,-3.833740234375
0.2955,-1.071044921875,3.693603515625,-2.952880859375
0.296,-1.751708984375,3.973876953125,-2.672607421875
0.2965,-2.792724609375,4.093994140625,-1.751708984375
0.297,-3.313232421875,3.973876953125,-1.151123046875
0.2975,-3.713623046875,3.653564453125,-0.310302734375
0.298,-3.993896484375,3.413330078125,0.130126953125
0.2985,-4.114013671875,2.692626953125,0.970947265625
0.299,-4.274169921875,2.292236328125,1.531494140625
0.2995,-4.514404296875,1.531494140625,2.532470703125
0.3,-4.033935546875,0.690673828125,2.852783203125
0.3005,-3.993896484375,0.010009765625,3.493408203125
0.301,-3.273193359375,-0.870849609375,3.573486328125
0.3015,-2.952880859375,-1.591552734375,3.893798828125
0.302,-2.232177734375,-2.432373046875,4.013916015625
0.3025,-1.591552734375,-3.113037109375,4.093994140625
0.303,-0.790771484375,-3.473388671875,3.613525390625
0.3035,-0.310302734375,-3.953857421875,3.613525390625
0.304,0.730712890625,-4.114013671875,2.732666015625
0.3045,1.331298828125,-4.474365234375,2.452392578125
0.305,2.412353515625,-4.634521484375,1.571533203125
0.3055,2.812744140625,-4.354248046875,0.970947265625
0.306,3.213134765625,-4.154052734375,0.330322265625
0.3065,3.453369140625,-3.753662109375,-0.270263671875
0.307,3.653564453125,-3.233154296875,-0.990966796875
0.3075,3.813720703125,-2.592529296875,-1.711669921875
0.308,4.013916015625,-1.991943359375,-2.552490234375
0.3085,3.493408203125,-1.031005859375,-2.912841796875
0.309,3.453369140625,-0.390380859375,-3.513427734375
0.3095,2.612548828125,0.570556640625,-3.593505859375
0.31,2.412353515625,1.211181640625,-3.993896484375
0.3105,1.611572265625,2.172119140625,-4.114013671875
0.311,0.970947265625,2.692626953125,-3.993896484375
0.3115,0.250244140625,3.052978515625,-3.593505859375
0.312,-0.430419921875,3.453369140625,-3.433349609375
0.3125,-1.431396484375,3.653564453125,-2.592529296875
0.313,-2.072021484375,3.853759765625,-2.272216796875
0.3135,-3.032958984375,4.053955078125,-1.431396484375
0.314,-3.313232421875,3.613525390625,-0.710693359375
0.3145,-3.793701171875,3.533447265625,-0.190185546875
0.315,-3.873779296875,2.852783203125,0.570556640625
0.3155,-4.154052734375,2.492431640625,1.251220703125
0.316,-4.194091796875,1.771728515625,1.971923828125
0.3165,-4.274169921875,1.131103515625,2.692626953125
0.317,-3.713623046875,0.170166015625,3.052978515625
0.3175,-3.713623046875,-0.390380859375,3.533447265625
0.318,-2.872802734375,-1.351318359375,3.653564453125
0.3185,-2.592529296875,-1.991943359375,3.973876953125
0.319,-1.751708984375,-2.872802734375,4.013916015625
0.3195,-1.071044921875,-3.313232421875,3.733642578125
0.32,-0.430419921875,-3.753662109375,3.533447265625
0.3205,0.370361328125,-4.114013671875,3.052978515625
0.321,1.291259765625,-4.354248046875,2.372314453125
0.3215,1.971923828125,-4.474365234375,1.931884765625
0.322,2.812744140625,-4.554443359375,1.211181640625
0.3225,3.052978515625,-4.033935546875,0.450439453125
0.323,3.493408203125,-4.033935546875,0.010009765625
0.3235,3.573486328125,-3.233154296875,-0.910888671875
0.324,3.853759765625,-2.872802734375,-1.511474609375
0.3245,3.893798828125,-2.031982421875,-2.352294921875
0.325,3.853759765625,-1.351318359375,-2.952880859375
0.3255,3.213134765625,-0.390380859375,-3.313232421875
0.326,3.052978515625,0.290283203125,-3.793701171875
0.3265,2.212158203125,1.331298828125,-3.953857421875
0.327,1.891845703125,1.931884765625,-4.154052734375
0.3275,1.010986328125,2.812744140625,-4.154052734375
0.328,0.250244140625,3.093017578125,-3.713623046875
0.3285,-0.350341796875,3.533447265625,-3.553466796875
0.329,-1.431396484375,3.733642578125,-2.792724609375
0.3295,-2.192138671875,3.973876953125,-2.192138671875
0.33,-2.912841796875,3.973876953125,-1.431396484375
0.3305,-3.553466796875,3.973876953125,-0.790771484375
0.331,-3.713623046875,3.333251953125,0.010009765625
0.3315,-4.114013671875,3.253173828125,0.410400390625
0.332,-4.154052734375,2.292236328125,1.411376953125
0.3325,-4.354248046875,1.931884765625,1.931884765625
0.333,-4.314208984375,1.091064453125,2.772705078125
0.3335,-3.993896484375,0.290283203125,3.213134765625
0.334,-3.553466796875,-0.550537109375,3.533447265625
0.3345,-3.193115234375,-1.271240234375,3.853759765625
0.335,-2.432373046875,-2.232177734375,4.013916015625
0.3355,-1.951904296875,-2.752685546875,4.053955078125
0.336,-1.151123046875,-3.553466796875,3.973876953125
0.3365,-0.350341796875,-3.793701171875,3.493408203125
0.337,0.250244140625,-4.234130859375,3.333251953125
0.3375,1.371337890625,-4.394287109375,2.412353515625
0.338,2.052001953125,-4.634521484375,1.971923828125
0.3385,2.772705078125,-4.514404296875,1.211181640625
0.339,3.333251953125,-4.434326171875,0.570556640625
0.3395,3.493408203125,-3.873779296875,-0.150146484375
0.34,3.853759765625,-3.673583984375,-0.710693359375
0.3405,3.973876953125,-2.752685546875,-1.791748046875
0.341,4.053955078125,-2.312255859375,-2.272216796875
0.3415,4.093994140625,-1.431396484375,-3.153076171875
0.342,3.533447265625,-0.510498046875,-3.553466796875
0.3425,3.173095703125,0.330322265625,-3.913818359375
0.343,2.532470703125,1.291259765625,-4.154052734375
0.3435,1.891845703125,2.252197265625,-4.434326171875
0.344,1.131103515625,2.732666015625,-4.274169921875
0.3445,0.330322265625,3.493408203125,-4.194091796875
0.345,-0.550537109375,3.653564453125,-3.553466796875
0.3455,-1.231201171875,4.134033203125,-3.233154296875
0.346,-2.512451171875,4.254150390625,-2.112060546875
0.3465,-3.153076171875,4.334228515625,-1.591552734375
0.347,-3.833740234375,4.093994140625,-0.630615234375
0.3475,-4.234130859375,3.853759765625,0.010009765625
0.348,-4.314208984375,3.173095703125,0.730712890625
0.3485,-4.514404296875,2.692626953125,1.371337890625
0.349,-4.674560546875,1.771728515625,2.452392578125
0.3495,-4.474365234375,1.131103515625,2.852783203125
0.35,-4.394287109375,0.250244140625,3.653564453125
0.3505,-3.673583984375,-0.670654296875,3.813720703125
0.351,-3.313232421875,-1.351318359375,4.134033203125
0.3515,-2.432373046875,-2.392333984375,4.214111328125
0.352,-1.831787109375,-3.193115234375,4.414306640625
0.3525,-0.990966796875,-3.673583984375,3.973876953125
0.353,-0.310302734375,-4.314208984375,3.893798828125
0.3535,0.530517578125,-4.314208984375,3.173095703125
0.354,1.211181640625,-4.674560546875,2.852783203125
0.3545,2.452392578125,-4.834716796875,1.811767578125
0.355,2.932861328125,-4.794677734375,1.251220703125
0.3555,3.573486328125,-4.554443359375,0.410400390625
0.356,3.853759765625,-4.154052734375,-0.270263671875
0.3565,4.013916015625,-3.713623046875,-0.910888671875
0.357,4.174072265625,-3.032958984375,-1.671630859375
0.3575,4.454345703125,-2.272216796875,-2.632568359375
0.358,4.053955078125,-1.431396484375,-3.072998046875
0.3585,4.093994140625,-0.630615234375,-3.873779296875
0.359,3.173095703125,0.450439453125,-3.993896484375
0.3595,2.932861328125,1.131103515625,-4.434326171875
0.36,1.891845703125,2.252197265625,-4.514404296875
0.3605,1.291259765625,2.972900390625,-4.674560546875
0.361,0.330322265625,3.493408203125,-4.194091796875
0.3615,-0.350341796875,4.134033203125,-4.033935546875
0.362,-1.271240234375,4.134033203125,-3.193115234375
0.3625,-2.072021484375,4.494384765625,-2.752685546875
0.363,-3.393310546875,4.654541015625,-1.631591796875
0.3635,-3.873779296875,4.374267578125,-0.910888671875
0.364,-4.514404296875,4.134033203125,0.010009765625
0.3645,-4.634521484375,3.533447265625,0.690673828125
0.365,-4.754638671875,2.972900390625,1.331298828125
0.3655,-4.834716796875,2.092041015625,2.252197265625
0.366,-4.994873046875,1.291259765625,3.213134765625
0.3665,-4.394287109375,0.290283203125,3.533447265625
0.367,-4.354248046875,-0.470458984375,4.254150390625
0.3675,-3.353271484375,-1.431396484375,4.214111328125
0.368,-3.032958984375,-2.112060546875,4.494384765625
0.3685,-1.951904296875,-3.313232421875,4.574462890625
0.369,-1.191162109375,-3.913818359375,4.414306640625
0.3695,-0.310302734375,-4.314208984375,3.973876953125
0.37,0.370361328125,-4.674560546875,3.693603515625
0.3705,1.291259765625,-4.754638671875,2.852783203125
0.371,2.052001953125,-4.994873046875,2.292236328125
0.3715,3.293212890625,-5.195068359375,1.291259765625
0.372,3.613525390625,-4.634521484375,0.490478515625
0.3725,4.134033203125,-4.554443359375,-0.190185546875
0.373,4.174072265625,-3.833740234375,-0.910888671875
0.3735,4.374267578125,-3.353271484375,-1.551513671875
0.374,4.414306640625,-2.432373046875,-2.512451171875
0.3745,4.534423828125,-1.711669921875,-3.313232421875
0.375,3.853759765625,-0.630615234375,-3.713623046875
0.3755,3.773681640625,0.090087890625,-4.274169921875
0.376,2.812744140625,1.131103515625,-4.314208984375
0.3765,2.492431640625,1.731689453125,-4.634521484375
0.377,1.411376953125,2.932861328125,-4.834716796875
0.3775,0.610595703125,3.493408203125,-4.434326171875
0.378,-0.270263671875,4.013916015625,-4.114013671875
0.3785,-0.990966796875,4.334228515625,-3.673583984375
0.379,-1.911865234375,4.454345703125,-2.872802734375
0.3795,-2.752685546875,4.614501953125,-2.192138671875
0.38,-3.993896484375,4.814697265625,-1.231201171875
0.3805,-4.234130859375,4.134033203125,-0.270263671875
0.381,-4.794677734375,4.053955078125,0.330322265625
0.3815,-4.754638671875,3.173095703125,1.211181640625
0.382,-4.914794921875,2.612548828125,1.851806640625
0.3825,-4.994873046875,1.651611328125,2.852783203125
0.383,-4.954833984375,0.850830078125,3.613525390625
0.3835,-4.274169921875,-0.310302734375,3.973876953125
0.384,-4.073974609375,-0.990966796875,4.454345703125
0.3845,-3.032958984375,-2.031982421875,4.454345703125
0.385,-2.592529296875,-2.712646484375,4.614501953125
0.3855,-1.551513671875,-3.873779296875,4.734619140625
0.386,-0.630615234375,-4.194091796875,4.174072265625
0.3865,0.090087890625,-4.634521484375,3.893798828125
0.387,1.010986328125,-4.874755859375,3.213134765625
0.3875,1.891845703125,-4.994873046875,2.492431640625
0.388,2.732666015625,-5.074951171875,1.771728515625
0.3885,3.693603515625,-5.155029296875,0.890869140625
0.389,3.853759765625,-4.434326171875,0.010009765625
0.3895,4.334228515625,-4.354248046875,-0.510498046875
0.39,4.334228515625,-3.353271484375,-1.431396484375
0.3905,4.414306640625,-2.872802734375,-2.031982421875
0.391,4.494384765625,-1.951904296875,-3.072998046875
0.3915,4.214111328125,-1.111083984375,-3.593505859375
0.392,3.693603515625,-0.150146484375,-4.073974609375
0.3925,3.293212890625,0.610595703125,-4.354248046875
0.393,2.412353515625,1.611572265625,-4.514404296875
0.3935,1.931884765625,2.332275390625,-4.594482421875
0.394,0.970947265625,3.413330078125,-4.714599609375
0.3945,0.050048828125,3.693603515625,-4.033935546875
0.395,-0.590576171875,4.214111328125,-3.953857421875
0.3955,-1.631591796875,4.334228515625,-3.032958984375
0.396,-2.432373046875,4.494384765625,-2.472412109375
0.3965,-3.353271484375,4.574462890625,-1.591552734375
0.397,-4.154052734375,4.534423828125,-0.790771484375
0.3975,-4.354248046875,3.853759765625,0.130126953125
0.398,-4.794677734375,3.733642578125,0.610595703125
0.3985,-4.754638671875,2.692626953125,1.651611328125
0.399,-4.874755859375,2.252197265625,2.212158203125
0.3995,-4.954833984375,1.211181640625,3.293212890625
0.4,-4.514404296875,0.290283203125,3.693603515625
0.4005,-4.073974609375,-0.670654296875,4.134033203125
0.401,-3.553466796875,-1.471435546875,4.374267578125
0.4015,-2.672607421875,-2.432373046875,4.494384765625
0.402,-2.072021484375,-3.113037109375,4.534423828125
0.4025,-1.151123046875,-4.073974609375,4.534423828125
0.403,-0.230224609375,-4.274169921875,3.853759765625
0.4035,0.370361328125,-4.754638671875,3.773681640625
0.404,1.571533203125,-4.874755859375,2.652587890625
0.4045,2.252197265625,-4.994873046875,2.172119140625
0.405,3.173095703125,-4.994873046875,1.251220703125
0.4055,3.733642578125,-4.834716796875,0.490478515625
0.406,3.893798828125,-4.194091796875,-0.310302734375
0.4065,4.174072265625,-3.913818359375,-0.830810546875
0.407,4.294189453125,-2.912841796875,-1.871826171875
0.4075,4.294189453125,-2.432373046875,-2.352294921875
0.408,4.374267578125,-1.591552734375,-3.353271484375
0.4085,3.773681640625,-0.630615234375,-3.673583984375
0.409,3.493408203125,0.210205078125,-4.154052734375
0.4095,2.692626953125,1.211181640625,-4.274169921875
0.41,2.052001953125,2.052001953125,-4.514404296875
0.4105,1.411376953125,2.692626953125,-4.474365234375
0.411,0.610595703125,3.493408203125,-4.394287109375
0.4115,-0.310302734375,3.693603515625,-3.713623046875
0.412,-0.910888671875,4.134033203125,-3.593505859375
0.4125,-2.112060546875,4.214111328125,-2.432373046875
0.413,-2.712646484375,4.414306640625,-2.072021484375
0.4135,-3.633544921875,4.334228515625,-1.111083984375
0.414,-4.033935546875,4.013916015625,-0.390380859375
0.4145,-4.314208984375,3.573486328125,0.330322265625
0.415,-4.514404296875,3.133056640625,0.970947265625
0.4155,-4.634521484375,2.252197265625,1.931884765625
0.416,-4.594482421875,1.651611328125,2.412353515625
0.4165,-4.674560546875,0.810791015625,3.333251953125
0.417,-3.993896484375,-0.190185546875,3.573486328125
0.4175,-3.873779296875,-0.790771484375,4.134033203125
0.418,-2.912841796875,-1.871826171875,4.134033203125
0.4185,-2.472412109375,-2.552490234375,4.414306640625
0.419,-1.591552734375,-3.273193359375,4.254150390625
0.4195,-0.830810546875,-3.913818359375,4.134033203125
0.42,0.010009765625,-4.154052734375,3.533447265625
0.4205,0.650634765625,-4.554443359375,3.293212890625
0.421,1.851806640625,-4.674560546875,2.252197265625
0.4215,2.332275390625,-4.794677734375,1.851806640625
0.422,3.213134765625,-4.754638671875,0.970947265625
0.4225,3.493408203125,-4.314208984375,0.290283203125
0.423,3.813720703125,-4.033935546875,-0.350341796875
0.4235,3.933837890625,-3.353271484375,-1.151123046875
0.424,4.134033203125,-2.792724609375,-1.951904296875
0.4245,4.013916015625,-2.031982421875,-2.552490234375
0.425,4.093994140625,-1.311279296875,-3.353271484375
0.4255,3.253173828125,-0.230224609375,-3.513427734375
0.426,3.173095703125,0.410400390625,-4.033935546875
0.4265,2.172119140625,1.531494140625,-4.114013671875
0.427,1.931884765625,2.092041015625,-4.354248046875
0.4275,0.970947265625,2.852783203125,-4.154052734375
0.428,0.290283203125,3.333251953125,-3.913818359375
0.4285,-0.510498046875,3.573486328125,-3.393310546875
0.429,-1.271240234375,3.893798828125,-2.992919921875
0.4295,-2.312255859375,4.053955078125,-2.112060546875
0.43,-2.832763671875,4.093994140625,-1.631591796875
0.4305,-3.593505859375,4.053955078125,-0.830810546875
0.431,-3.753662109375,3.493408203125,-0.150146484375
0.4315,-4.154052734375,3.333251953125,0.410400390625
0.432,-4.154052734375,2.452392578125,1.251220703125
0.4325,-4.434326171875,2.052001953125,1.891845703125
0.433,-4.234130859375,1.211181640625,2.532470703125
0.4335,-4.274169921875,0.610595703125,3.173095703125
0.434,-3.553466796875,-0.430419921875,3.453369140625
0.4345,-3.473388671875,-0.990966796875,3.893798828125
0.435,-2.472412109375,-2.072021484375,3.973876953125
0.4355,-2.192138671875,-2.552490234375,4.134033203125
0.436,-1.311279296875,-3.313232421875,3.973876953125
0.4365,-0.630615234375,-3.673583984375,3.653564453125
0.437,0.130126953125,-4.033935546875,3.333251953125
0.4375,0.970947265625,-4.274169921875,2.692626953125
0.438,1.851806640625,-4.554443359375,2.092041015625
0.4385,2.412353515625,-4.434326171875,1.451416015625
0.439,3.093017578125,-4.514404296875,0.850830078125
0.4395,3.213134765625,-3.873779296875,0.130126953125
0.44,3.613525390625,-3.833740234375,-0.350341796875
0.4405,3.733642578125,-2.912841796875,-1.351318359375
0.441,3.973876953125,-2.592529296875,-1.951904296875
0.4415,3.813720703125,-1.631591796875,-2.632568359375
0.442,3.613525390625,-0.990966796875,-3.153076171875
0.4425,3.052978515625,0.010009765625,-3.473388671875
0.443,2.732666015625,0.610595703125,-3.833740234375
0.4435,1.971923828125,1.651611328125,-4.073974609375
0.444,1.571533203125,2.132080078125,-4.033935546875
0.4445,0.730712890625,2.892822265625,-3.993896484375
0.445,0.010009765625,3.133056640625,-3.513427734375
0.4455,-0.630615234375,3.573486328125,-3.273193359375
0.446,-1.671630859375,3.773681640625,-2.432373046875
0.4465,-2.432373046875,4.053955078125,-1.951904296875
0.447,-3.032958984375,3.813720703125,-1.231201171875
0.4475,-3.553466796875,3.813720703125,-0.630615234375
0.448,-3.673583984375,3.133056640625,0.090087890625
0.4485,-3.993896484375,2.932861328125,0.610595703125
0.449,-4.154052734375,2.052001953125,1.571533203125
0.4495,-4.234130859375,1.691650390625,2.052001953125
0.45,-4.154052734375,0.850830078125,2.852783203125
0.4505,-3.793701171875,0.090087890625,3.173095703125
0.451,-3.353271484375,-0.710693359375,3.533447265625
0.4515,-2.872802734375,-1.471435546875,3.773681640625
0.452,-2.272216796875,-2.392333984375,4.053955078125
0.4525,-1.631591796875,-2.832763671875,3.853759765625
0.453,-0.990966796875,-3.553466796875,3.853759765625
0.4535,-0.190185546875,-3.713623046875,3.253173828125
0.454,0.490478515625,-4.154052734375,3.093017578125
0.4545,1.571533203125,-4.314208984375,2.172119140625
0.455,2.212158203125,-4.514404296875,1.731689453125
0.4555,2.732666015625,-4.274169921875,0.970947265625
0.456,3.173095703125,-4.194091796875,0.410400390625
0.4565,3.373291015625,-3.713623046875,-0.310302734375
0.457,3.613525390625,-3.313232421875,-0.910888671875
0.4575,3.853759765625,-2.592529296875,-1.871826171875
0.458,3.773681640625,-1.951904296875,-2.312255859375
0.4585,3.773681640625,-1.151123046875,-3.072998046875
0.459,3.133056640625,-0.270263671875,-3.313232421875
0.4595,2.892822265625,0.490478515625,-3.793701171875
0.46,2.172119140625,1.411376953125,-3.913818359375
0.4605,1.731689453125,2.172119140625,-4.234130859375
0.461,0.890869140625,2.612548828125,-3.873779296875
0.4615,0.290283203125,3.253173828125,-3.873779296875
0.462,-0.630615234375,3.413330078125,-3.193115234375
0.4625,-1.271240234375,3.853759765625,-2.872802734375
0.463,-2.512451171875,4.013916015625,-1.951904296875
0.4635,-3.032958984375,4.013916015625,-1.391357421875
0.464,-3.593505859375,3.733642578125,-0.630615234375
0.4645,-3.833740234375,3.413330078125,0.010009765625
0.465,-4.033935546875,2.932861328125,0.650634765625
0.4655,-4.194091796875,2.372314453125,1.411376953125
0.466,-4.474365234375,1.731689453125,2.292236328125
0.4665,-4.073974609375,0.890869140625,2.692626953125
0.467,-4.154052734375,0.170166015625,3.453369140625
0.4675,-3.313232421875,-0.750732421875,3.533447265625
0.468,-3.153076171875,-1.351318359375,3.893798828125
0.4685,-2.232177734375,-2.392333984375,4.013916015625
0.469,-1.671630859375,-3.032958984375,4.134033203125
0.4695,-0.830810546875,-3.473388671875,3.693603515625
0.47,-0.310302734375,-3.953857421875,3.653564453125
0.4705,0.570556640625,-4.114013671875,2.932861328125
0.471,1.291259765625,-4.434326171875,2.532470703125
0.4715,2.412353515625,-4.634521484375,1.651611328125
0.472,2.852783203125,-4.434326171875,0.970947265625
0.4725,3.413330078125,-4.354248046875,0.330322265625
0.473,3.533447265625,-3.833740234375,-0.350341796875
0.4735,3.773681640625,-3.433349609375,-0.910888671875
0.474,3.853759765625,-2.632568359375,-1.751708984375
0.4745,4.134033203125,-2.072021484375,-2.552490234375
0.475,3.613525390625,-1.151123046875,-2.952880859375
0.4755,3.613525390625,-0.470458984375,-3.553466796875
0.476,2.732666015625,0.530517578125,-3.713623046875
0.4765,2.572509765625,1.131103515625,-4.114013671875
0.477,1.651611328125,2.252197265625,-4.314208984375
0.4775,1.051025390625,2.812744140625,-4.154052734375
0.478,0.250244140625,3.333251953125,-3.873779296875
0.4785,-0.470458984375,3.693603515625,-3.593505859375
0.479,-1.311279296875,3.893798828125,-2.912841796875
0.4795,-2.192138671875,4.134033203125,-2.352294921875
0.48,-3.313232421875,4.414306640625,-1.471435546875
0.4805,-3.673583984375,3.853759765625,-0.630615234375
0.481,-4.234130859375,3.853759765625,-0.070068359375
0.4815,-4.274169921875,3.133056640625,0.730712890625
0.482,-4.514404296875,2.732666015625,1.371337890625
0.4825,-4.634521484375,1.811767578125,2.372314453125
0.483,-4.714599609375,1.091064453125,3.133056640625
0.4835,-4.114013671875,0.050048828125,3.533447265625
0.484,-3.993896484375,-0.630615234375,4.013916015625
0.4845,-3.072998046875,-1.591552734375,4.053955078125
0.485,-2.632568359375,-2.272216796875,4.334228515625
0.4855,-1.631591796875,-3.393310546875,4.494384765625
0.486,-0.830810546875,-3.833740234375,4.013916015625
0.4865,-0.150146484375,-4.274169921875,3.813720703125
0.487,0.690673828125,-4.514404296875,3.213134765625
0.4875,1.531494140625,-4.634521484375,2.532470703125
0.488,2.412353515625,-4.834716796875,1.771728515625
0.4885,3.333251953125,-4.994873046875,0.970947265625
0.489,3.533447265625,-4.314208984375,0.130126953125
0.4895,3.973876953125,-4.234130859375,-0.310302734375
0.49,3.973876953125,-3.353271484375,-1.231201171875
0.4905,4.134033203125,-2.912841796875,-1.791748046875
0.491,4.294189453125,-2.031982421875,-2.792724609375
0.4915,4.093994140625,-1.271240234375,-3.353271484375
0.492,3.573486328125,-0.310302734375,-3.793701171875
0.4925,3.253173828125,0.490478515625,-4.114013671875
0.493,2.412353515625,1.451416015625,-4.194091796875
0.4935,1.971923828125,2.092041015625,-4.434326171875
0.494,1.091064453125,3.173095703125,-4.594482421875
0.4945,0.170166015625,3.493408203125,-3.993896484375
0.495,-0.470458984375,4.013916015625,-3.913818359375
0.4955,-1.471435546875,4.134033203125,-3.072998046875
0.496,-2.272216796875,4.374267578125,-2.512451171875
0.4965,-3.193115234375,4.454345703125,-1.671630859375
0.497,-4.033935546875,4.494384765625,-0.910888671875
0.4975,-4.234130859375,3.813720703125,0.050048828125
0.498,-4.674560546875,3.733642578125,0.610595703125
0.4985,-4.674560546875,2.692626953125,1.571533203125
0.499,-4.834716796875,2.252197265625,2.172119140625
0.4995,-4.914794921875,1.251220703125,3.213134765625
0.5,-4.554443359375,0.330322265625,3.733642578125
0.5005,-4.033935546875,-0.630615234375,4.134033203125
0.501,-3.553466796875,-1.431396484375,4.414306640625
0.5015,-2.632568359375,-2.512451171875,4.494384765625
0.502,-2.072021484375,-3.153076171875,4.534423828125
0.5025,-1.111083984375,-4.154052734375,4.534423828125
0.503,-0.150146484375,-4.354248046875,3.853759765625
0.5035,0.490478515625,-4.834716796875,3.733642578125
0.504,1.731689453125,-4.994873046875,2.612548828125
0.5045,2.412353515625,-5.114990234375,2.052001953125
0.505,3.293212890625,-5.114990234375,1.131103515625
0.5055,3.893798828125,-4.874755859375,0.370361328125
0.506,4.013916015625,-4.154052734375,-0.430419921875
0.5065,4.334228515625,-3.913818359375,-0.990966796875
0.507,4.414306640625,-2.872802734375,-2.072021484375
0.5075,4.334228515625,-2.352294921875,-2.512451171875
0.508,4.454345703125,-1.391357421875,-3.553466796875
0.5085,3.853759765625,-0.430419921875,-3.833740234375
0.509,3.453369140625,0.410400390625,-4.234130859375
0.5095,2.692626953125,1.331298828125,-4.434326171875
0.51,1.931884765625,2.292236328125,-4.594482421875
0.5105,1.291259765625,2.892822265625,-4.514404296875
0.511,0.450439453125,3.773681640625,-4.514404296875
0.5115,-0.510498046875,3.893798828125,-3.713623046875
0.512,-1.071044921875,4.334228515625,-3.673583984375
0.5125,-2.392333984375,4.414306640625,-2.472412109375
0.513,-2.952880859375,4.494384765625,-2.031982421875
0.5135,-3.873779296875,4.494384765625,-0.990966796875
0.514,-4.354248046875,4.174072265625,-0.230224609375
0.5145,-4.554443359375,3.573486328125,0.570556640625
0.515,-4.834716796875,3.213134765625,1.171142578125
0.5155,-4.914794921875,2.212158203125,2.252197265625
0.516,-4.834716796875,1.651611328125,2.732666015625
0.5165,-4.874755859375,0.650634765625,3.733642578125
0.517,-4.154052734375,-0.350341796875,3.973876953125
0.5175,-3.873779296875,-1.151123046875,4.454345703125
0.518,-2.952880859375,-2.192138671875,4.534423828125
0.5185,-2.312255859375,-3.072998046875,4.734619140625
0.519,-1.431396484375,-3.713623046875,4.494384765625
0.5195,-0.590576171875,-4.474365234375,4.374267578125
0.52,0.330322265625,-4.634521484375,3.613525390625
0.5205,1.010986328125,-5.074951171875,3.373291015625
0.521,2.412353515625,-5.114990234375,2.132080078125
0.5215,2.892822265625,-5.155029296875,1.651611328125
0.522,3.773681640625,-4.994873046875,0.650634765625
0.5225,4.134033203125,-4.514404296875,-0.110107421875
0.523,4.254150390625,-3.993896484375,-0.830810546875
0.5235,4.414306640625,-3.393310546875,-1.591552734375
0.524,4.534423828125,-2.512451171875,-2.592529296875
0.5245,4.334228515625,-1.751708984375,-3.072998046875
0.525,4.334228515625,-0.870849609375,-3.873779296875
0.5255,3.373291015625,0.250244140625,-4.033935546875
0.526,3.173095703125,0.930908203125,-4.474365234375
0.5265,2.052001953125,2.092041015625,-4.514404296875
0.527,1.571533203125,2.772705078125,-4.674560546875
0.5275,0.610595703125,3.373291015625,-4.354248046875
0.528,-0.150146484375,3.973876953125,-4.194091796875
0.5285,-1.031005859375,4.013916015625,-3.433349609375
0.529,-1.711669921875,4.454345703125,-3.072998046875
0.5295,-2.992919921875,4.534423828125,-1.951904296875
0.53,-3.473388671875,4.494384765625,-1.391357421875
0.5305,-4.234130859375,4.334228515625,-0.470458984375
0.531,-4.434326171875,3.773681640625,0.290283203125
0.5315,-4.674560546875,3.333251953125,0.930908203125
0.532,-4.754638671875,2.532470703125,1.771728515625
0.5325,-4.994873046875,1.851806640625,2.692626953125
0.533,-4.634521484375,0.970947265625,3.173095703125
0.5335,-4.634521484375,0.170166015625,3.973876953125
0.534,-3.713623046875,-0.950927734375,4.093994140625
0.5345,-3.553466796875,-1.551513671875,4.494384765625
0.535,-2.392333984375,-2.752685546875,4.534423828125
0.5355,-1.951904296875,-3.353271484375,4.614501953125
0.536,-0.910888671875,-4.033935546875,4.254150390625
0.5365,-0.110107421875,-4.554443359375,3.973876953125
0.537,0.770751953125,-4.674560546875,3.293212890625
0.5375,1.571533203125,-4.994873046875,2.812744140625
0.538,2.772705078125,-5.155029296875,1.771728515625
0.5385,3.173095703125,-4.914794921875,1.131103515625
0.539,3.933837890625,-4.794677734375,0.290283203125
0.5395,4.053955078125,-4.114013671875,-0.510498046875
0.54,4.334228515625,-3.793701171875,-1.111083984375
0.5405,4.374267578125,-2.792724609375,-2.072021484375
0.541,4.534423828125,-2.192138671875,-2.872802734375
0.5415,4.053955078125,-1.191162109375,-3.353271484375
0.542,3.973876953125,-0.430419921875,-3.993896484375
0.5425,3.012939453125,0.690673828125,-4.114013671875
0.543,2.812744140625,1.291259765625,-4.474365234375
0.5435,1.651611328125,2.532470703125,-4.554443359375
0.544,1.211181640625,2.932861328125,-4.514404296875
0.5445,0.170166015625,3.573486328125,-4.154052734375
0.545,-0.550537109375,3.973876953125,-3.753662109375
0.5455,-1.311279296875,4.134033203125,-3.153076171875
0.546,-2.272216796875,4.334228515625,-2.432373046875
0.5465,-3.273193359375,4.534423828125,-1.631591796875
0.547,-3.673583984375,4.134033203125,-0.830810546875
0.5475,-4.314208984375,4.093994140625,-0.150146484375
0.548,-4.354248046875,3.293212890625,0.650634765625
0.5485,-4.634521484375,3.052978515625,1.171142578125
0.549,-4.674560546875,2.011962890625,2.212158203125
0.5495,-4.794677734375,1.451416015625,2.812744140625
0.55,-4.314208984375,0.490478515625,3.373291015625
0.5505,-4.154052734375,-0.310302734375,3.893798828125
0.551,-3.313232421875,-1.271240234375,4.013916015625
0.5515,-3.072998046875,-1.871826171875,4.334228515625
0.552,-2.072021484375,-3.072998046875,4.494384765625
0.5525,-1.431396484375,-3.473388671875,4.174072265625
0.553,-0.590576171875,-4.114013671875,4.053955078125
0.5535,0.210205078125,-4.314208984375,3.493408203125
0.554,0.970947265625,-4.634521484375,3.052978515625
0.5545,1.931884765625,-4.794677734375,2.252197265625
0.555,2.852783203125,-4.994873046875,1.571533203125
0.5555,3.213134765625,-4.514404296875,0.690673828125
0.556,3.813720703125,-4.514404296875,0.130126953125
0.5565,3.853759765625,-3.713623046875,-0.670654296875
0.557,4.093994140625,-3.393310546875,-1.231201171875
0.5575,4.214111328125,-2.472412109375,-2.312255859375
0.558,4.134033203125,-1.871826171875,-2.832763671875
0.5585,3.853759765625,-0.870849609375,-3.473388671875
0.559,3.453369140625,-0.070068359375,-3.833740234375
0.5595,2.692626953125,0.690673828125,-4.033935546875
0.56,2.292236328125,1.531494140625,-4.274169921875
0.5605,1.531494140625,2.532470703125,-4.514404296875
0.561,0.770751953125,2.932861328125,-4.033935546875
0.5615,0.090087890625,3.613525390625,-4.033935546875
0.562,-0.790771484375,3.693603515625,-3.273193359375
0.5625,-1.471435546875,4.053955078125,-2.952880859375
0.563,-2.552490234375,4.174072265625,-1.951904296875
0.5635,-3.273193359375,4.254150390625,-1.351318359375
0.564,-3.673583984375,3.773681640625,-0.510498046875
0.5645,-4.114013671875,3.693603515625,0.010009765625
0.565,-4.154052734375,2.892822265625,0.810791015625
0.5655,-4.354248046875,2.572509765625,1.331298828125
0.566,-4.554443359375,1.731689453125,2.412353515625
0.5665,-4.274169921875,1.051025390625,2.772705078125
0.567,-4.114013671875,0.170166015625,3.453369140625
0.5675,-3.473388671875,-0.630615234375,3.533447265625
0.568,-3.153076171875,-1.351318359375,3.893798828125
0.5685,-2.472412109375,-2.232177734375,4.053955078125
0.569,-1.871826171875,-3.032958984375,4.294189453125
0.5695,-1.031005859375,-3.353271484375,3.773681640625
0.57,-0.510498046875,-3.953857421875,3.813720703125
0.5705,0.450439453125,-4.073974609375,3.052978515625
0.571,1.091064453125,-4.434326171875,2.772705078125
0.5715,2.172119140625,-4.634521484375,1.891845703125
0.572,2.692626953125,-4.554443359375,1.291259765625
0.5725,3.173095703125,-4.274169921875,0.530517578125
0.573,3.493408203125,-3.993896484375,0.010009765625
0.5735,3.653564453125,-3.473388671875,-0.750732421875
0.574,3.813720703125,-2.912841796875,-1.391357421875
0.5745,4.134033203125,-2.312255859375,-2.312255859375
0.575,3.653564453125,-1.431396484375,-2.712646484375
0.5755,3.653564453125,-0.710693359375,-3.353271484375
0.576,2.892822265625,0.170166015625,-3.553466796875
0.5765,2.772705078125,0.890869140625,-3.913818359375
0.577,1.931884765625,1.771728515625,-4.114013671875
0.5775,1.371337890625,2.452392578125,-4.194091796875
0.578,0.530517578125,2.852783203125,-3.713623046875
0.5785,0.010009765625,3.373291015625,-3.713623046875
0.579,-0.950927734375,3.533447265625,-2.912841796875
0.5795,-1.591552734375,3.853759765625,-2.592529296875
0.58,-2.712646484375,4.093994140625,-1.751708984375
0.5805,-3.113037109375,3.853759765625,-1.111083984375
0.581,-3.673583984375,3.693603515625,-0.430419921875
0.5815,-3.833740234375,3.213134765625,0.170166015625
0.582,-4.033935546875,2.812744140625,0.850830078125
0.5825,-4.154052734375,2.132080078125,1.571533203125
0.583,-4.434326171875,1.571533203125,2.412353515625
0.5835,-3.913818359375,0.570556640625,2.732666015625
0.584,-3.913818359375,0.010009765625,3.373291015625
0.5845,-3.193115234375,-0.910888671875,3.533447265625
0.585,-2.912841796875,-1.511474609375,3.853759765625
0.5855,-2.112060546875,-2.512451171875,4.013916015625
0.586,-1.551513671875,-2.992919921875,3.893798828125
0.5865,-0.790771484375,-3.473388671875,3.653564453125
0.587,-0.150146484375,-3.833740234375,3.373291015625
0.5875,0.690673828125,-4.073974609375,2.732666015625
0.588,1.451416015625,-4.354248046875,2.292236328125
0.5885,2.452392578125,-4.594482421875,1.571533203125
0.589,2.732666015625,-4.154052734375,0.850830078125
0.5895,3.253173828125,-4.194091796875,0.370361328125
0.59,3.373291015625,-3.553466796875,-0.390380859375
0.5905,3.693603515625,-3.193115234375,-0.990966796875
0.591,3.813720703125,-2.472412109375,-1.871826171875
0.5915,3.933837890625,-1.911865234375,-2.552490234375
0.592,3.373291015625,-0.990966796875,-2.952880859375
0.5925,3.333251953125,-0.390380859375,-3.553466796875
0.593,2.532470703125,0.610595703125,-3.593505859375
0.5935,2.292236328125,1.291259765625,-3.993896484375
0.594,1.531494140625,2.252197265625,-4.154052734375
0.5945,0.810791015625,2.692626953125,-3.833740234375
0.595,0.170166015625,3.173095703125,-3.713623046875
0.5955,-0.630615234375,3.493408203125,-3.193115234375
0.596,-1.431396484375,3.733642578125,-2.632568359375
0.5965,-2.272216796875,3.933837890625,-2.031982421875
0.597,-3.153076171875,4.093994140625,-1.351318359375
0.5975,-3.393310546875,3.533447265625,-0.590576171875
0.598,-3.913818359375,3.573486328125,-0.110107421875
0.5985,-3.953857421875,2.772705078125,0.770751953125
0.599,-4.234130859375,2.492431640625,1.331298828125
0.5995,-4.354248046875,1.571533203125,2.292236328125
0.6,-4.234130859375,0.930908203125,2.852783203125
0.6005,-3.793701171875,0.010009765625,3.253173828125
0.601,-3.553466796875,-0.670654296875,3.653564453125
0.6015,-2.832763671875,-1.591552734375,3.813720703125
0.602,-2.432373046875,-2.232177734375,4.053955078125
0.6025,-1.591552734375,-3.193115234375,4.134033203125
0.603,-0.790771484375,-3.513427734375,3.653564453125
0.6035,-0.270263671875,-3.993896484375,3.573486328125
0.604,0.770751953125,-4.194091796875,2.812744140625
0.6045,1.491455078125,-4.434326171875,2.372314453125
0.605,2.372314453125,-4.514404296875,1.571533203125
0.6055,3.012939453125,-4.514404296875,0.970947265625
0.606,3.213134765625,-3.993896484375,0.210205078125
0.6065,3.613525390625,-3.913818359375,-0.270263671875
0.607,3.693603515625,-3.072998046875,-1.151123046875
0.6075,3.853759765625,-2.752685546875,-1.751708984375
0.608,4.013916015625,-1.951904296875,-2.672607421875
0.6085,3.653564453125,-1.111083984375,-3.113037109375
0.609,3.333251953125,-0.230224609375,-3.513427734375
0.6095,2.772705078125,0.610595703125,-3.793701171875
0.61,2.212158203125,1.451416015625,-3.993896484375
0.6105,1.651611328125,2.132080078125,-4.154052734375
0.611,0.930908203125,2.932861328125,-4.154052734375
0.6115,0.050048828125,3.173095703125,-3.593505859375
0.612,-0.470458984375,3.693603515625,-3.553466796875
0.6125,-1.591552734375,3.853759765625,-2.552490234375
0.613,-2.232177734375,4.093994140625,-2.272216796875
0.6135,-3.153076171875,4.093994140625,-1.311279296875
0.614,-3.633544921875,3.933837890625,-0.670654296875
0.6145,-3.873779296875,3.453369140625,0.050048828125
0.615,-4.194091796875,3.213134765625,0.610595703125
0.6155,-4.354248046875,2.292236328125,1.571533203125
0.616,-4.434326171875,1.891845703125,2.092041015625
0.6165,-4.554443359375,0.970947265625,3.012939453125
0.617,-3.993896484375,0.090087890625,3.413330078125
0.6175,-3.793701171875,-0.630615234375,3.893798828125
0.618,-3.072998046875,-1.591552734375,4.053955078125
0.6185,-2.472412109375,-2.472412109375,4.334228515625
0.619,-1.711669921875,-3.153076171875,4.214111328125
0.6195,-0.910888671875,-3.873779296875,4.134033203125
0.62,0.010009765625,-4.114013671875,3.533447265625
0.6205,0.610595703125,-4.554443359375,3.373291015625
0.621,1.851806640625,-4.674560546875,2.252197265625
0.6215,2.452392578125,-4.834716796875,1.811767578125
0.622,3.253173828125,-4.754638671875,0.890869140625
0.6225,3.653564453125,-4.394287109375,0.170166015625
0.623,3.853759765625,-3.873779296875,-0.510498046875
0.6235,4.053955078125,-3.393310546875,-1.271240234375
0.624,4.174072265625,-2.592529296875,-2.192138671875
0.6245,4.053955078125,-1.951904296875,-2.712646484375
0.625,4.093994140625,-1.031005859375,-3.513427734375
0.6255,3.253173828125,0.010009765625,-3.713623046875
0.626,3.052978515625,0.610595703125,-4.114013671875
0.6265,2.092041015625,1.731689453125,-4.194091796875
0.627,1.651611328125,2.412353515625,-4.434326171875
0.6275,0.770751953125,3.052978515625,-4.154052734375
0.628,0.050048828125,3.653564453125,-3.993896484375
0.6285,-0.710693359375,3.773681640625,-3.353271484375
0.629,-1.471435546875,4.134033203125,-3.072998046875
0.6295,-2.672607421875,4.254150390625,-1.951904296875
0.63,-3.193115234375,4.294189453125,-1.511474609375
0.6305,-3.913818359375,4.134033203125,-0.630615234375
0.631,-4.194091796875,3.693603515625,0.130126953125
0.6315,-4.474365234375,3.253173828125,0.730712890625
0.632,-4.554443359375,2.532470703125,1.571533203125
0.6325,-4.794677734375,1.851806640625,2.412353515625
0.633,-4.514404296875,1.091064453125,2.972900390625
0.6335,-4.554443359375,0.290283203125,3.773681640625
0.634,-3.673583984375,-0.790771484375,3.893798828125
0.6345,-3.553466796875,-1.391357421875,4.334228515625
0.635,-2.392333984375,-2.632568359375,4.454345703125
0.6355,-1.951904296875,-3.233154296875,4.534423828125
0.636,-0.950927734375,-3.913818359375,4.214111328125
0.6365,-0.150146484375,-4.474365234375,4.013916015625
0.637,0.650634765625,-4.594482421875,3.293212890625
0.6375,1.531494140625,-4.954833984375,2.812744140625
0.638,2.732666015625,-5.114990234375,1.771728515625
0.6385,3.213134765625,-4.874755859375,1.091064453125
0.639,3.973876953125,-4.754638671875,0.250244140625
0.6395,4.093994140625,-4.154052734375,-0.550537109375
0.64,4.334228515625,-3.793701171875,-1.151123046875
0.6405,4.374267578125,-2.832763671875,-2.192138671875
0.641,4.534423828125,-2.112060546875,-2.912841796875
0.6415,4.053955078125,-1.151123046875,-3.393310546875
0.642,3.973876953125,-0.310302734375,-4.114013671875
0.6425,3.012939453125,0.770751953125,-4.154052734375
0.643,2.772705078125,1.371337890625,-4.514404296875
0.6435,1.571533203125,2.652587890625,-4.554443359375
0.644,1.051025390625,3.173095703125,-4.514404296875
0.6445,0.050048828125,3.733642578125,-4.114013671875
0.645,-0.630615234375,4.093994140625,-3.793701171875
0.6455,-1.431396484375,4.214111328125,-3.113037109375
0.646,-2.392333984375,4.454345703125,-2.432373046875
0.6465,-3.513427734375,4.614501953125,-1.471435546875
0.647,-3.833740234375,4.174072265625,-0.710693359375
0.6475,-4.514404296875,4.134033203125,0.010009765625
0.648,-4.514404296875,3.253173828125,0.770751953125
0.6485,-4.754638671875,2.932861328125,1.291259765625
0.649,-4.834716796875,1.931884765625,2.412353515625
0.6495,-4.914794921875,1.331298828125,3.093017578125
0.65,-4.354248046875,0.290283203125,3.573486328125
0.6505,-4.234130859375,-0.470458984375,4.134033203125
0.651,-3.313232421875,-1.431396484375,4.214111328125
0.6515,-3.032958984375,-2.072021484375,4.494384765625
0.652,-1.951904296875,-3.313232421875,4.614501953125
0.6525,-1.271240234375,-3.753662109375,4.414306640625
0.653,-0.390380859375,-4.434326171875,4.134033203125
0.6535,0.450439453125,-4.674560546875,3.613525390625
0.654,1.211181640625,-4.874755859375,3.052978515625
0.6545,2.252197265625,-5.074951171875,2.212158203125
0.655,3.293212890625,-5.275146484375,1.411376953125
0.6555,3.613525390625,-4.754638671875,0.490478515625
0.656,4.214111328125,-4.714599609375,-0.150146484375
0.6565,4.254150390625,-3.833740234375,-1.031005859375
0.657,4.494384765625,-3.393310546875,-1.591552734375
0.6575,4.534423828125,-2.352294921875,-2.712646484375
0.658,4.494384765625,-1.631591796875,-3.353271484375
0.6585,3.973876953125,-0.550537109375,-3.873779296875
0.659,3.653564453125,0.290283203125,-4.314208984375
0.6595,2.732666015625,1.251220703125,-4.394287109375
0.66,2.252197265625,1.971923828125,-4.634521484375
0.6605,1.291259765625,3.173095703125,-4.794677734375
0.661,0.410400390625,3.533447265625,-4.234130859375
0.6615,-0.310302734375,4.134033203125,-4.114013671875
0.662,-1.231201171875,4.214111328125,-3.353271484375
0.6625,-1.951904296875,4.454345703125,-2.792724609375
0.663,-3.072998046875,4.534423828125,-1.871826171875
0.6635,-3.913818359375,4.574462890625,-1.071044921875
0.664,-4.194091796875,3.853759765625,-0.150146484375
0.6645,-4.674560546875,3.853759765625,0.370361328125
0.665,-4.634521484375,2.932861328125,1.291259765625
0.6655,-4.794677734375,2.532470703125,1.851806640625
0.666,-4.954833984375,1.531494140625,2.932861328125
0.6665,-4.634521484375,0.770751953125,3.413330078125
0.667,-4.234130859375,-0.270263671875,3.973876953125
0.6675,-3.793701171875,-1.031005859375,4.254150390625
0.668,-3.072998046875,-1.911865234375,4.334228515625
0.6685,-2.432373046875,-2.672607421875,4.494384765625
0.669,-1.591552734375,-3.793701171875,4.654541015625
0.6695,-0.630615234375,-4.033935546875,4.013916015625
0.67,0.010009765625,-4.634521484375,4.013916015625
0.6705,0.970947265625,-4.714599609375,3.133056640625
0.671,1.651611328125,-4.994873046875,2.692626953125
0.6715,2.812744140625,-5.114990234375,1.691650390625
0.672,3.533447265625,-5.114990234375,0.930908203125
0.6725,3.853759765625,-4.514404296875,0.010009765625
0.673,4.254150390625,-4.354248046875,-0.510498046875
0.6735,4.254150390625,-3.473388671875,-1.391357421875
0.674,4.414306640625,-2.912841796875,-1.991943359375
0.6745,4.614501953125,-1.991943359375,-3.153076171875
0.675,4.134033203125,-1.031005859375,-3.553466796875
0.6755,3.813720703125,-0.150146484375,-4.114013671875
0.676,3.133056640625,0.770751953125,-4.274169921875
0.6765,2.492431640625,1.611572265625,-4.514404296875
0.677,1.771728515625,2.492431640625,-4.594482421875
0.6775,0.970947265625,3.373291015625,-4.674560546875
0.678,0.010009765625,3.693603515625,-3.913818359375
0.6785,-0.590576171875,4.174072265625,-3.913818359375
0.679,-1.711669921875,4.214111328125,-2.872802734375
0.6795,-2.352294921875,4.414306640625,-2.472412109375
0.68,-3.513427734375,4.494384765625,-1.431396484375
0.6805,-3.993896484375,4.214111328125,-0.670654296875
0.681,-4.314208984375,3.773681640625,0.130126953125
0.6815,-4.594482421875,3.453369140625,0.690673828125
0.682,-4.594482421875,2.572509765625,1.571533203125
0.6825,-4.674560546875,2.052001953125,2.212158203125
0.683,-4.874755859375,1.171142578125,3.213134765625
0.6835,-4.194091796875,0.170166015625,3.533447265625
0.684,-4.073974609375,-0.590576171875,4.093994140625
0.6845,-3.193115234375,-1.431396484375,4.134033203125
0.685,-2.792724609375,-2.192138671875,4.374267578125
0.6855,-1.951904296875,-3.072998046875,4.414306640625
0.686,-1.151123046875,-3.833740234375,4.334228515625
0.6865,-0.310302734375,-4.073974609375,3.733642578125
0.687,0.290283203125,-4.554443359375,3.653564453125
0.6875,1.411376953125,-4.634521484375,2.612548828125
0.688,1.971923828125,-4.874755859375,2.252197265625
0.6885,3.093017578125,-4.994873046875,1.251220703125
0.689,3.413330078125,-4.514404296875,0.530517578125
0.6895,3.853759765625,-4.274169921875,-0.150146484375
0.69,3.973876953125,-3.793701171875,-0.790771484375
0.6905,4.134033203125,-3.113037109375,-1.591552734375
0.691,4.174072265625,-2.432373046875,-2.272216796875
0.6915,4.334228515625,-1.671630859375,-3.193115234375
0.692,3.613525390625,-0.630615234375,-3.473388671875
0.6925,3.533447265625,0.050048828125,-3.993896484375
0.693,2.572509765625,1.131103515625,-4.033935546875
0.6935,2.252197265625,1.771728515625,-4.354248046875
0.694,1.371337890625,2.692626953125,-4.394287109375
0.6945,0.610595703125,3.253173828125,-4.154052734375
0.695,-0.190185546875,3.573486328125,-3.713623046875
0.6955,-0.910888671875,3.933837890625,-3.433349609375
0.696,-1.951904296875,4.053955078125,-2.472412109375
0.6965,-2.552490234375,4.174072265625,-2.112060546875
0.697,-3.553466796875,4.334228515625,-1.191162109375
0.6975,-3.793701171875,3.813720703125,-0.390380859375
0.698,-4.234130859375,3.653564453125,0.170166015625
0.6985,-4.314208984375,2.892822265625,0.970947265625
0.699,-4.514404296875,2.412353515625,1.651611328125
0.6995,-4.514404296875,1.571533203125,2.452392578125
0.7,-4.514404296875,0.890869140625,3.173095703125
0.7005,-3.793701171875,-0.150146484375,3.413330078125
0.701,-3.793701171875,-0.710693359375,3.893798828125
0.7015,-2.752685546875,-1.791748046875,3.933837890625
0.702,-2.512451171875,-2.352294921875,4.214111328125
0.7025,-1.591552734375,-3.193115234375,4.134033203125
0.703,-0.790771484375,-3.633544921875,3.853759765625
0.7035,-0.150146484375,-4.033935546875,3.533447265625
0.704,0.650634765625,-4.354248046875,3.012939453125
0.7045,1.571533203125,-4.554443359375,2.292236328125
0.705,2.212158203125,-4.594482421875,1.771728515625
0.7055,3.012939453125,-4.634521484375,1.091064453125
0.706,3.213134765625,-4.073974609375,0.290283203125
0.7065,3.653564453125,-4.033935546875,-0.150146484375
0.707,3.693603515625,-3.193115234375,-1.031005859375
0.7075,3.973876953125,-2.872802734375,-1.631591796875
0.708,3.973876953125,-1.991943359375,-2.472412109375
0.7085,3.853759765625,-1.311279296875,-3.032958984375
0.709,3.253173828125,-0.350341796875,-3.353271484375
0.7095,3.052978515625,0.290283203125,-3.793701171875
0.71,2.252197265625,1.291259765625,-3.913818359375
0.7105,1.931884765625,1.851806640625,-4.194091796875
0.711,1.131103515625,2.692626953125,-4.154052734375
0.7115,0.330322265625,3.012939453125,-3.713623046875
0.712,-0.270263671875,3.453369140625,-3.553466796875
0.7125,-1.271240234375,3.693603515625,-2.872802734375
0.713,-1.991943359375,3.973876953125,-2.352294921875
0.7135,-2.712646484375,3.973876953125,-1.631591796875
0.714,-3.353271484375,3.973876953125,-0.990966796875
0.7145,-3.553466796875,3.413330078125,-0.270263671875
0.715,-3.993896484375,3.373291015625,0.210205078125
0.7155,-4.033935546875,2.452392578125,1.171142578125
0.716,-4.314208984375,2.172119140625,1.691650390625
0.7165,-4.314208984375,1.291259765625,2.572509765625
0.717,-3.993896484375,0.570556640625,3.012939453125
0.7175,-3.633544921875,-0.310302734375,3.413330078125
0.718,-3.233154296875,-0.990966796875,3.693603515625
0.7185,-2.592529296875,-1.951904296875,3.973876953125
0.719,-2.072021484375,-2.512451171875,3.973876953125
0.7195,-1.351318359375,-3.273193359375,3.933837890625
0.72,-0.590576171875,-3.553466796875,3.493408203125
0.7205,0.010009765625,-4.114013671875,3.373291015625
0.721,1.091064453125,-4.154052734375,2.492431640625
0.7215,1.731689453125,-4.474365234375,2.172119140625
0.722,2.492431640625,-4.394287109375,1.331298828125
0.7225,2.932861328125,-4.314208984375,0.770751953125
0.723,3.173095703125,-3.833740234375,0.130126953125
0.7235,3.493408203125,-3.633544921875,-0.430419921875
0.724,3.693603515625,-2.872802734375,-1.351318359375
0.7245,3.773681640625,-2.432373046875,-1.911865234375
0.725,3.853759765625,-1.631591796875,-2.672607421875
0.7255,3.333251953125,-0.790771484375,-3.032958984375
0.726,3.133056640625,0.010009765625,-3.513427734375
0.7265,2.492431640625,0.850830078125,-3.713623046875
0.727,2.052001953125,1.571533203125,-4.033935546875
0.7275,1.411376953125,2.172119140625,-3.993896484375
0.728,0.730712890625,2.812744140625,-3.953857421875
0.7285,0.010009765625,3.012939453125,-3.393310546875
0.729,-0.670654296875,3.573486328125,-3.233154296875
0.7295,-1.791748046875,3.733642578125,-2.272216796875
0.73,-2.352294921875,3.933837890625,-1.951904296875
0.7305,-3.072998046875,3.853759765625,-1.151123046875
0.731,-3.473388671875,3.573486328125,-0.590576171875
0.7315,-3.753662109375,3.213134765625,0.130126953125
0.732,-3.953857421875,2.812744140625,0.770751953125
0.7325,-4.234130859375,2.212158203125,1.611572265625
0.733,-4.154052734375,1.571533203125,2.172119140625
0.7335,-4.234130859375,0.850830078125,2.932861328125
0.734,-3.593505859375,-0.150146484375,3.213134765625
0.7345,-3.513427734375,-0.750732421875,3.693603515625
0.735,-2.632568359375,-1.751708984375,3.853759765625
0.7355,-2.272216796875,-2.432373046875,4.134033203125
0.736,-1.471435546875,-3.072998046875,3.853759765625
0.7365,-0.790771484375,-3.713623046875,3.773681640625
0.737,0.010009765625,-3.833740234375,3.213134765625
0.7375,0.730712890625,-4.274169921875,2.932861328125
0.738,1.851806640625,-4.474365234375,2.052001953125
0.7385,2.372314453125,-4.514404296875,1.571533203125
0.739,3.052978515625,-4.434326171875,0.810791015625
0.7395,3.253173828125,-3.993896484375,0.170166015625
0.74,3.573486328125,-3.713623046875,-0.470458984375
0.7405,3.733642578125,-2.952880859375,-1.271240234375
0.741,3.973876953125,-2.432373046875,-2.031982421875
0.7415,3.693603515625,-1.631591796875,-2.552490234375
0.742,3.773681640625,-0.990966796875,-3.233154296875
0.7425,2.932861328125,0.050048828125,-3.393310546875
0.743,2.852783203125,0.650634765625,-3.873779296875
0.7435,1.891845703125,1.731689453125,-3.993896484375
0.744,1.531494140625,2.252197265625,-4.154052734375
0.7445,0.650634765625,2.852783203125,-3.913818359375
0.745,0.010009765625,3.333251953125,-3.673583984375
0.7455,-0.790771484375,3.533447265625,-3.153076171875
0.746,-1.631591796875,3.853759765625,-2.592529296875
0.7465,-2.632568359375,4.093994140625,-1.791748046875
0.747,-3.072998046875,3.853759765625,-1.191162109375
0.7475,-3.753662109375,3.853759765625,-0.510498046875
0.748,-3.833740234375,3.253173828125,0.170166015625
0.7485,-4.154052734375,3.012939453125,0.730712890625
0.749,-4.274169921875,2.172119140625,1.651611328125
0.7495,-4.474365234375,1.691650390625,2.332275390625
0.75,-4.114013671875,0.770751953125,2.892822265625
0.7505,-4.033935546875,0.090087890625,3.493408203125
0.751,-3.273193359375,-0.910888671875,3.653564453125
0.7515,-3.113037109375,-1.471435546875,4.013916015625
0.752,-2.192138671875,-2.632568359375,4.134033203125
0.7525,-1.631591796875,-3.153076171875,4.093994140625
0.753,-0.790771484375,-3.793701171875,3.893798828125
0.7535,-0.070068359375,-4.114013671875,3.533447265625
0.754,0.690673828125,-4.394287109375,3.052978515625
0.7545,1.651611328125,-4.634521484375,2.372314453125
0.755,2.692626953125,-4.874755859375,1.611572265625
0.7555,3.052978515625,-4.474365234375,0.770751953125
0.756,3.693603515625,-4.514404296875,0.210205078125
0.7565,3.773681640625,-3.713623046875,-0.590576171875
0.757,4.013916015625,-3.433349609375,-1.151123046875
0.7575,4.174072265625,-2.472412109375,-2.232177734375
0.758,4.174072265625,-1.831787109375,-2.872802734375
0.7585,3.773681640625,-0.790771484375,-3.433349609375
0.759,3.493408203125,0.010009765625,-3.873779296875
0.7595,2.692626953125,0.850830078125,-3.993896484375
0.76,2.252197265625,1.571533203125,-4.274169921875
0.7605,1.411376953125,2.692626953125,-4.514404296875
0.761,0.610595703125,3.093017578125,-4.033935546875
0.7615,-0.070068359375,3.693603515625,-3.953857421875
0.762,-0.910888671875,3.853759765625,-3.273193359375
0.7625,-1.671630859375,4.093994140625,-2.832763671875
0.763,-2.712646484375,4.214111328125,-1.951904296875
0.7635,-3.553466796875,4.374267578125,-1.191162109375
0.764,-3.833740234375,3.773681640625,-0.310302734375
0.7645,-4.354248046875,3.733642578125,0.250244140625
0.765,-4.314208984375,2.892822265625,1.010986328125
0.7655,-4.514404296875,2.492431640625,1.571533203125
0.766,-4.714599609375,1.571533203125,2.652587890625
0.7665,-4.514404296875,0.850830078125,3.133056640625
0.767,-4.154052734375,-0.070068359375,3.693603515625
0.7675,-3.713623046875,-0.870849609375,3.973876953125
0.768,-3.072998046875,-1.751708984375,4.134033203125
0.7685,-2.512451171875,-2.512451171875,4.334228515625
0.769,-1.631591796875,-3.553466796875,4.534423828125
0.7695,-0.750732421875,-3.833740234375,3.973876953125
0.77,-0.150146484375,-4.434326171875,3.973876953125
0.7705,0.810791015625,-4.554443359375,3.133056640625
0.771,1.531494140625,-4.834716796875,2.692626953125
0.7715,2.652587890625,-4.994873046875,1.771728515625
0.772,3.453369140625,-4.994873046875,0.970947265625
0.7725,3.773681640625,-4.434326171875,0.130126953125
0.773,4.174072265625,-4.314208984375,-0.470458984375
0.7735,4.214111328125,-3.393310546875,-1.311279296875
0.774,4.334228515625,-2.872802734375,-1.991943359375
0.7745,4.574462890625,-1.991943359375,-3.113037109375
0.775,4.093994140625,-1.031005859375,-3.553466796875
0.7755,3.773681640625,-0.150146484375,-4.114013671875
0.776,3.093017578125,0.770751953125,-4.314208984375
0.7765,2.492431640625,1.571533203125,-4.514404296875
0.777,1.771728515625,2.532470703125,-4.594482421875
0.7775,0.890869140625,3.493408203125,-4.674560546875
0.778,-0.150146484375,3.693603515625,-3.913818359375
0.7785,-0.670654296875,4.214111328125,-3.913818359375
0.779,-1.831787109375,4.334228515625,-2.832763671875
0.7795,-2.512451171875,4.494384765625,-2.352294921875
0.78,-3.633544921875,4.574462890625,-1.311279296875
0.7805,-4.194091796875,4.334228515625,-0.550537109375
0.781,-4.474365234375,3.813720703125,0.290283203125
0.7815,-4.714599609375,3.493408203125,0.850830078125
0.782,-4.754638671875,2.532470703125,1.771728515625
0.7825,-4.794677734375,1.931884765625,2.372314453125
0.783,-4.954833984375,1.010986328125,3.453369140625
0.7835,-4.234130859375,0.010009765625,3.693603515625
0.784,-4.114013671875,-0.790771484375,4.214111328125
0.7845,-3.193115234375,-1.671630859375,4.294189453125
0.785,-2.632568359375,-2.432373046875,4.494384765625
0.7855,-1.871826171875,-3.273193359375,4.494384765625
0.786,-0.990966796875,-4.114013671875,4.494384765625
0.7865,-0.110107421875,-4.314208984375,3.773681640625
0.787,0.490478515625,-4.834716796875,3.693603515625
0.7875,1.651611328125,-4.874755859375,2.572509765625
0.788,2.252197265625,-4.994873046875,2.172119140625
0.7885,3.373291015625,-5.114990234375,1.171142578125
0.789,3.813720703125,-4.674560546875,0.330322265625
0.7895,4.093994140625,-4.354248046875,-0.350341796875
0.79,4.334228515625,-3.833740234375,-1.031005859375
0.7905,4.454345703125,-3.032958984375,-1.951904296875
0.791,4.454345703125,-2.352294921875,-2.592529296875
0.7915,4.534423828125,-1.551513671875,-3.553466796875
0.792,3.773681640625,-0.430419921875,-3.833740234375
0.7925,3.613525390625,0.290283203125,-4.394287109375
0.793,2.612548828125,1.491455078125,-4.474365234375
0.7935,2.092041015625,2.212158203125,-4.634521484375
0.794,1.251220703125,3.093017578125,-4.634521484375
0.7945,0.330322265625,3.813720703125,-4.434326171875
0.795,-0.590576171875,3.973876953125,-3.793701171875
0.7955,-1.271240234375,4.454345703125,-3.553466796875
0.796,-2.512451171875,4.494384765625,-2.352294921875
0.7965,-3.072998046875,4.574462890625,-1.911865234375
0.797,-4.114013671875,4.574462890625,-0.910888671875
0.7975,-4.354248046875,4.013916015625,0.010009765625
0.798,-4.634521484375,3.693603515625,0.610595703125
0.7985,-4.834716796875,2.932861328125,1.451416015625
0.799,-4.874755859375,2.172119140625,2.292236328125
0.7995,-4.754638671875,1.331298828125,2.892822265625
0.8,-4.794677734375,0.530517578125,3.733642578125
0.8005,-3.913818359375,-0.630615234375,3.893798828125
0.801,-3.833740234375,-1.151123046875,4.414306640625
0.8015,-2.672607421875,-2.352294921875,4.414306640625
0.802,-2.272216796875,-2.952880859375,4.574462890625
0.8025,-1.271240234375,-3.793701171875,4.454345703125
0.803,-0.430419921875,-4.354248046875,4.134033203125
0.8035,0.370361328125,-4.514404296875,3.533447265625
0.804,1.171142578125,-4.914794921875,3.093017578125
0.8045,2.292236328125,-4.994873046875,2.052001953125
0.805,2.812744140625,-4.994873046875,1.571533203125
0.8055,3.693603515625,-4.954833984375,0.690673828125
0.806,3.853759765625,-4.354248046875,-0.150146484375
0.8065,4.214111328125,-4.114013671875,-0.670654296875
0.807,4.334228515625,-3.193115234375,-1.631591796875
0.8075,4.494384765625,-2.672607421875,-2.352294921875
0.808,4.294189453125,-1.791748046875,-3.072998046875
0.8085,4.254150390625,-0.990966796875,-3.793701171875
0.809,3.333251953125,0.170166015625,-3.913818359375
0.8095,3.213134765625,0.810791015625,-4.434326171875
0.81,2.052001953125,2.052001953125,-4.474365234375
0.8105,1.731689453125,2.572509765625,-4.634521484375
0.811,0.690673828125,3.453369140625,-4.474365234375
0.8115,-0.150146484375,3.853759765625,-3.993896484375
0.812,-0.910888671875,4.134033203125,-3.553466796875
0.8125,-1.871826171875,4.454345703125,-2.872802734375
0.813,-2.872802734375,4.534423828125,-1.991943359375
0.8135,-3.393310546875,4.374267578125,-1.351318359375
0.814,-4.194091796875,4.334228515625,-0.510498046875
0.8145,-4.314208984375,3.573486328125,0.290283203125
0.815,-4.674560546875,3.413330078125,0.850830078125
0.8155,-4.714599609375,2.292236328125,1.931884765625
0.816,-4.834716796875,1.811767578125,2.532470703125
0.8165,-4.554443359375,0.810791015625,3.213134765625
0.817,-4.434326171875,0.090087890625,3.853759765625
0.8175,-3.593505859375,-0.990966796875,3.973876953125
0.818,-3.353271484375,-1.591552734375,4.334228515625
0.8185,-2.272216796875,-2.752685546875,4.454345703125
0.819,-1.791748046875,-3.193115234375,4.414306640625
0.8195,-0.870849609375,-3.993896484375,4.214111328125
0.82,0.010009765625,-4.274169921875,3.693603515625
0.8205,0.650634765625,-4.594482421875,3.333251953125
0.821,1.731689453125,-4.794677734375,2.492431640625
0.8215,2.532470703125,-4.994873046875,1.811767578125
0.822,3.052978515625,-4.674560546875,1.051025390625
0.8225,3.733642578125,-4.634521484375,0.370361328125
0.823,3.813720703125,-3.873779296875,-0.430419921875
0.8235,4.093994140625,-3.793701171875,-0.950927734375
0.824,4.134033203125,-2.712646484375,-2.031982421875
0.8245,4.254150390625,-2.272216796875,-2.552490234375
0.825,4.053955078125,-1.271240234375,-3.273193359375
0.8255,3.693603515625,-0.470458984375,-3.673583984375
0.826,3.052978515625,0.490478515625,-3.953857421875
0.8265,2.612548828125,1.251220703125,-4.234130859375
0.827,1.811767578125,2.292236328125,-4.474365234375
0.8275,1.251220703125,2.692626953125,-4.274169921875
0.828,0.370361328125,3.493408203125,-4.194091796875
0.8285,-0.470458984375,3.653564453125,-3.553466796875
0.829,-1.111083984375,4.053955078125,-3.273193359375
0.8295,-2.272216796875,4.174072265625,-2.312255859375
0.83,-2.952880859375,4.374267578125,-1.791748046875
0.8305,-3.553466796875,4.053955078125,-0.910888671875
0.831,-4.033935546875,3.973876953125,-0.310302734375
0.8315,-4.154052734375,3.173095703125,0.490478515625
0.832,-4.434326171875,2.932861328125,1.010986328125
0.8325,-4.554443359375,1.931884765625,2.052001953125
0.833,-4.514404296875,1.491455078125,2.572509765625
0.8335,-4.354248046875,0.570556640625,3.333251953125
0.834,-3.873779296875,-0.310302734375,3.653564453125
0.8345,-3.433349609375,-1.111083984375,3.973876953125
0.835,-2.792724609375,-1.951904296875,4.134033203125
0.8355,-2.112060546875,-2.872802734375,4.374267578125
0.836,-1.351318359375,-3.273193359375,4.013916015625
0.8365,-0.630615234375,-3.953857421875,4.013916015625
0.837,0.210205078125,-4.114013671875,3.253173828125
0.8375,0.850830078125,-4.514404296875,3.052978515625
0.838,1.971923828125,-4.634521484375,2.052001953125
0.8385,2.572509765625,-4.714599609375,1.571533203125
0.839,3.133056640625,-4.434326171875,0.690673828125
0.8395,3.493408203125,-4.274169921875,0.130126953125
0.84,3.653564453125,-3.713623046875,-0.590576171875
0.8405,3.853759765625,-3.193115234375,-1.191162109375
0.841,4.093994140625,-2.432373046875,-2.112060546875
0.8415,3.853759765625,-1.791748046875,-2.552490234375
0.842,3.853759765625,-0.990966796875,-3.313232421875
0.8425,3.093017578125,0.010009765625,-3.473388671875
0.843,2.852783203125,0.610595703125,-3.873779296875
0.8435,2.052001953125,1.571533203125,-3.993896484375
0.844,1.651611328125,2.252197265625,-4.314208984375
0.8445,0.770751953125,2.732666015625,-3.873779296875
0.845,0.250244140625,3.333251953125,-3.873779296875
0.8455,-0.670654296875,3.453369140625,-3.153076171875
0.846,-1.311279296875,3.853759765625,-2.872802734375
0.8465,-2.432373046875,4.013916015625,-1.951904296875
0.847,-2.872802734375,3.973876953125,-1.471435546875
0.8475,-3.513427734375,3.813720703125,-0.710693359375
0.848,-3.713623046875,3.373291015625,-0.150146484375
0.8485,-3.993896484375,3.052978515625,0.570556640625
0.849,-4.154052734375,2.412353515625,1.291259765625
0.8495,-4.434326171875,1.891845703125,2.092041015625
0.85,-4.114013671875,1.091064453125,2.532470703125
0.8505,-4.154052734375,0.410400390625,3.253173828125
0.851,-3.353271484375,-0.590576171875,3.413330078125
0.8515,-3.233154296875,-1.151123046875,3.853759765625
0.852,-2.392333984375,-2.192138671875,3.973876953125
0.8525,-1.951904296875,-2.752685546875,4.093994140625
0.853,-1.111083984375,-3.273193359375,3.773681640625
0.8535,-0.510498046875,-3.713623046875,3.653564453125
0.854,0.330322265625,-3.953857421875,3.052978515625
0.8545,1.091064453125,-4.274169921875,2.612548828125
0.855,2.132080078125,-4.554443359375,1.851806640625
0.8555,2.532470703125,-4.354248046875,1.251220703125
0.856,3.173095703125,-4.354248046875,0.610595703125
0.8565,3.253173828125,-3.753662109375,0.010009765625
0.857,3.573486328125,-3.513427734375,-0.630615234375
0.8575,3.693603515625,-2.712646484375,-1.471435546875
0.858,3.933837890625,-2.272216796875,-2.192138671875
0.8585,3.533447265625,-1.351318359375,-2.632568359375
0.859,3.493408203125,-0.710693359375,-3.193115234375
0.8595,2.732666015625,0.250244140625,-3.393310546875
0.86,2.572509765625,0.850830078125,-3.833740234375
0.8605,1.771728515625,1.891845703125,-4.033935546875
0.861,1.291259765625,2.292236328125,-3.913818359375
0.8615,0.530517578125,2.892822265625,-3.793701171875
0.862,-0.150146484375,3.173095703125,-3.393310546875
0.8625,-0.950927734375,3.533447265625,-2.952880859375
0.863,-1.791748046875,3.773681640625,-2.352294921875
0.8635,-2.632568359375,3.973876953125,-1.791748046875
0.864,-3.032958984375,3.573486328125,-0.990966796875
0.8645,-3.593505859375,3.693603515625,-0.510498046875
0.865,-3.713623046875,3.012939453125,0.290283203125
0.8655,-3.993896484375,2.772705078125,0.810791015625
0.866,-4.154052734375,1.971923828125,1.771728515625
0.8665,-4.234130859375,1.451416015625,2.292236328125
0.867,-3.913818359375,0.570556640625,2.852783203125
0.8675,-3.753662109375,-0.070068359375,3.293212890625
0.868,-3.153076171875,-0.990966796875,3.533447265625
0.8685,-2.832763671875,-1.631591796875,3.853759765625
0.869,-2.072021484375,-2.592529296875,4.093994140625
0.8695,-1.391357421875,-3.032958984375,3.773681640625
0.87,-0.790771484375,-3.633544921875,3.773681640625
0.8705,0.050048828125,-3.873779296875,3.173095703125
0.871,0.770751953125,-4.194091796875,2.852783203125
0.8715,1.771728515625,-4.474365234375,2.052001953125
0.872,2.532470703125,-4.634521484375,1.411376953125
0.8725,2.892822265625,-4.154052734375,0.690673828125
0.873,3.333251953125,-4.154052734375,0.250244140625
0.8735,3.493408203125,-3.473388671875,-0.590576171875
0.874,3.773681640625,-3.113037109375,-1.191162109375
0.8745,3.973876953125,-2.312255859375,-2.192138671875
0.875,3.733642578125,-1.591552734375,-2.632568359375
0.8755,3.493408203125,-0.710693359375,-3.233154296875
0.876,3.052978515625,0.050048828125,-3.553466796875
0.8765,2.532470703125,0.850830078125,-3.793701171875
0.877,2.011962890625,1.611572265625,-3.993896484375
0.8775,1.331298828125,2.532470703125,-4.194091796875
0.878,0.490478515625,2.852783203125,-3.713623046875
0.8785,0.010009765625,3.413330078125,-3.753662109375
0.879,-0.910888671875,3.613525390625,-2.872802734375
0.8795,-1.631591796875,3.853759765625,-2.592529296875
0.88,-2.672607421875,3.973876953125,-1.711669921875
0.8805,-3.233154296875,3.973876953125,-1.071044921875
0.881,-3.633544921875,3.533447265625,-0.310302734375
0.8815,-3.953857421875,3.373291015625,0.130126953125
0.882,-4.033935546875,2.692626953125,0.970947265625
0.8825,-4.234130859375,2.252197265625,1.571533203125
0.883,-4.514404296875,1.451416015625,2.532470703125
0.8835,-4.033935546875,0.610595703125,2.892822265625
0.884,-3.913818359375,-0.150146484375,3.533447265625
0.8845,-3.273193359375,-0.950927734375,3.653564453125
0.885,-2.872802734375,-1.671630859375,3.933837890625
0.8855,-2.192138671875,-2.512451171875,4.093994140625
0.886,-1.471435546875,-3.273193359375,4.134033203125
0.8865,-0.670654296875,-3.593505859375,3.613525390625
0.887,-0.190185546875,-4.114013671875,3.693603515625
0.8875,0.930908203125,-4.314208984375,2.692626953125
0.888,1.571533203125,-4.594482421875,2.332275390625
0.8885,2.652587890625,-4.674560546875,1.451416015625
0.889,3.093017578125,-4.434326171875,0.770751953125
0.8895,3.493408203125,-4.194091796875,0.130126953125
0.89,3.733642578125,-3.793701171875,-0.510498046875
0.8905,3.893798828125,-3.113037109375,-1.311279296875
0.891,3.973876953125,-2.552490234375,-1.991943359375
0.8915,4.214111328125,-1.791748046875,-2.912841796875
0.892,3.573486328125,-0.790771484375,-3.273193359375
0.8925,3.533447265625,-0.110107421875,-3.833740234375
0.893,2.612548828125,0.970947265625,-3.953857421875
0.8935,2.252197265625,1.651611328125,-4.274169921875
0.894,1.411376953125,2.572509765625,-4.354248046875
0.8945,0.610595703125,3.253173828125,-4.194091796875
0.895,-0.270263671875,3.413330078125,-3.713623046875
0.8955,-0.870849609375,3.933837890625,-3.513427734375
0.896,-2.031982421875,4.134033203125,-2.312255859375
0.8965,-2.592529296875,4.214111328125,-1.991943359375
0.897,-3.593505859375,4.334228515625,-1.071044921875
0.8975,-3.913818359375,3.813720703125,-0.310302734375
0.898,-4.234130859375,3.533447265625,0.330322265625
0.8985,-4.434326171875,2.892822265625,1.091064453125
0.899,-4.514404296875,2.212158203125,1.931884765625
0.8995,-4.514404296875,1.491455078125,2.532470703125
0.9,-4.594482421875,0.730712890625,3.373291015625
0.9005,-3.793701171875,-0.310302734375,3.573486328125
0.901,-3.713623046875,-0.910888671875,4.093994140625
0.9015,-2.712646484375,-1.991943359375,4.134033203125
0.902,-2.312255859375,-2.592529296875,4.334228515625
0.9025,-1.391357421875,-3.513427734375,4.214111328125
0.903,-0.630615234375,-4.114013671875,3.973876953125
0.9035,0.130126953125,-4.314208984375,3.493408203125
0.904,0.850830078125,-4.674560546875,3.173095703125
0.9045,1.971923828125,-4.754638671875,2.132080078125
0.905,2.572509765625,-4.794677734375,1.651611328125
0.9055,3.453369140625,-4.834716796875,0.810791015625
0.906,3.693603515625,-4.234130859375,0.010009765625
0.9065,4.053955078125,-4.114013671875,-0.510498046875
0.907,4.134033203125,-3.193115234375,-1.471435546875
0.9075,4.334228515625,-2.672607421875,-2.192138671875
0.908,4.214111328125,-1.791748046875,-2.912841796875
0.9085,4.174072265625,-1.031005859375,-3.633544921875
0.909,3.333251953125,0.050048828125,-3.833740234375
0.9095,3.173095703125,0.730712890625,-4.314208984375
0.91,2.052001953125,1.931884765625,-4.394287109375
0.9105,1.691650390625,2.532470703125,-4.554443359375
0.911,0.770751953125,3.333251953125,-4.474365234375
0.9115,-0.150146484375,3.773681640625,-3.993896484375
0.912,-0.910888671875,3.973876953125,-3.553466796875
0.9125,-1.871826171875,4.414306640625,-2.872802734375
0.913,-2.912841796875,4.494384765625,-1.951904296875
0.9135,-3.473388671875,4.374267578125,-1.311279296875
0.914,-4.274169921875,4.334228515625,-0.510498046875
0.9145,-4.354248046875,3.613525390625,0.370361328125
0.915,-4.674560546875,3.373291015625,0.890869140625
0.9155,-4.754638671875,2.292236328125,1.971923828125
0.916,-4.874755859375,1.771728515625,2.612548828125
0.9165,-4.594482421875,0.770751953125,3.333251953125
0.917,-4.434326171875,0.010009765625,3.973876953125
0.9175,-3.593505859375,-1.071044921875,4.093994140625
0.918,-3.313232421875,-1.671630859375,4.454345703125
0.9185,-2.192138671875,-2.912841796875,4.494384765625
0.919,-1.671630859375,-3.433349609375,4.454345703125
0.9195,-0.710693359375,-4.194091796875,4.214111328125
0.92,0.130126953125,-4.514404296875,3.693603515625
0.9205,0.810791015625,-4.754638671875,3.293212890625
0.921,1.891845703125,-4.954833984375,2.492431640625
0.9215,2.812744140625,-5.074951171875,1.651611328125
0.922,3.333251953125,-4.794677734375,0.930908203125
0.9225,3.973876953125,-4.754638671875,0.170166015625
0.923,3.973876953125,-3.913818359375,-0.630615234375
0.9235,4.334228515625,-3.713623046875,-1.151123046875
0.924,4.374267578125,-2.592529296875,-2.312255859375
0.9245,4.414306640625,-2.112060546875,-2.832763671875
0.925,4.134033203125,-1.071044921875,-3.553466796875
0.9255,3.773681640625,-0.270263671875,-3.993896484375
0.926,3.052978515625,0.770751953125,-4.154052734375
0.9265,2.612548828125,1.451416015625,-4.474365234375
0.927,1.651611328125,2.572509765625,-4.634521484375
0.9275,1.091064453125,3.012939453125,-4.434326171875
0.928,0.170166015625,3.773681640625,-4.354248046875
0.9285,-0.670654296875,3.973876953125,-3.593505859375
0.929,-1.431396484375,4.334228515625,-3.273193359375
0.9295,-2.592529296875,4.494384765625,-2.272216796875
0.93,-3.473388671875,4.614501953125,-1.591552734375
0.9305,-3.913818359375,4.214111328125,-0.670654296875
0.931,-4.554443359375,4.134033203125,0.010009765625
0.9315,-4.554443359375,3.293212890625,0.850830078125
0.932,-4.834716796875,3.012939453125,1.411376953125
0.9325,-4.954833984375,1.891845703125,2.572509765625
0.933,-4.834716796875,1.291259765625,3.093017578125
0.9335,-4.514404296875,0.290283203125,3.813720703125
0.934,-4.033935546875,-0.630615234375,4.134033203125
0.9345,-3.353271484375,-1.551513671875,4.334228515625
0.935,-2.752685546875,-2.432373046875,4.494384765625
0.9355,-1.911865234375,-3.513427734375,4.694580078125
0.936,-1.111083984375,-3.833740234375,4.214111328125
0.9365,-0.310302734375,-4.514404296875,4.134033203125
0.937,0.610595703125,-4.594482421875,3.373291015625
0.9375,1.291259765625,-4.874755859375,3.012939453125
0.938,2.532470703125,-5.074951171875,1.931884765625
0.9385,3.253173828125,-5.074951171875,1.211181640625
0.939,3.693603515625,-4.554443359375,0.290283203125
0.9395,4.134033203125,-4.434326171875,-0.310302734375
0.94,4.134033203125,-3.633544921875,-1.071044921875
0.9405,4.334228515625,-3.193115234375,-1.671630859375
0.941,4.494384765625,-2.232177734375,-2.832763671875
0.9415,4.134033203125,-1.471435546875,-3.193115234375
0.942,3.973876953125,-0.550537109375,-3.913818359375
0.9425,3.253173828125,0.410400390625,-4.114013671875
0.943,2.852783203125,1.131103515625,-4.354248046875
0.9435,2.052001953125,2.052001953125,-4.514404296875
0.944,1.331298828125,2.972900390625,-4.754638671875
0.9445,0.450439453125,3.373291015625,-4.114013671875
0.945,-0.270263671875,4.013916015625,-4.114013671875
0.9455,-1.151123046875,4.053955078125,-3.233154296875
0.946,-1.871826171875,4.414306640625,-2.872802734375
0.9465,-3.153076171875,4.534423828125,-1.791748046875
0.947,-3.713623046875,4.454345703125,-1.111083984375
0.9475,-4.194091796875,4.013916015625,-0.190185546875
0.948,-4.514404296875,3.733642578125,0.410400390625
0.9485,-4.634521484375,3.012939453125,1.211181640625
0.949,-4.754638671875,2.412353515625,1.891845703125
0.9495,-4.994873046875,1.571533203125,2.932861328125
0.95,-4.474365234375,0.690673828125,3.293212890625
0.9505,-4.434326171875,-0.150146484375,4.013916015625
0.951,-3.553466796875,-1.151123046875,4.134033203125
0.9515,-3.193115234375,-1.831787109375,4.414306640625
0.952,-2.272216796875,-2.912841796875,4.494384765625
0.9525,-1.551513671875,-3.673583984375,4.534423828125
0.953,-0.630615234375,-4.033935546875,3.973876953125
0.9535,0.010009765625,-4.554443359375,3.893798828125
0.954,0.970947265625,-4.634521484375,3.012939453125
0.9545,1.651611328125,-4.874755859375,2.612548828125
0.955,2.932861328125,-5.074951171875,1.531494140625
0.9555,3.373291015625,-4.754638671875,0.810791015625
0.956,3.853759765625,-4.474365234375,0.050048828125
0.9565,4.013916015625,-3.993896484375,-0.630615234375
0.957,4.134033203125,-3.393310546875,-1.311279296875
0.9575,4.214111328125,-2.672607421875,-2.072021484375
0.958,4.494384765625,-1.951904296875,-3.032958984375
0.9585,3.813720703125,-0.950927734375,-3.353271484375
0.959,3.733642578125,-0.270263671875,-3.993896484375
0.9595,2.812744140625,0.770751953125,-3.993896484375
0.96,2.532470703125,1.371337890625,-4.354248046875
0.9605,1.611572265625,2.532470703125,-4.434326171875
0.961,0.930908203125,3.093017578125,-4.354248046875
0.9615,0.050048828125,3.493408203125,-3.873779296875
0.962,-0.590576171875,3.893798828125,-3.673583984375
0.9625,-1.511474609375,3.973876953125,-2.872802734375
0.963,-2.192138671875,4.214111328125,-2.432373046875
0.9635,-3.353271484375,4.454345703125,-1.431396484375
0.964,-3.633544921875,3.933837890625,-0.670654296875
0.9645,-4.194091796875,3.853759765625,0.010009765625
0.965,-4.274169921875,3.173095703125,0.650634765625
0.9655,-4.514404296875,2.732666015625,1.291259765625
0.966,-4.554443359375,1.931884765625,2.172119140625
0.9665,-4.714599609375,1.291259765625,2.932861328125
0.967,-4.073974609375,0.210205078125,3.293212890625
0.9675,-4.073974609375,-0.470458984375,3.893798828125
0.968,-3.153076171875,-1.391357421875,3.893798828125
0.9685,-2.872802734375,-1.991943359375,4.254150390625
0.969,-1.951904296875,-3.072998046875,4.374267578125
0.9695,-1.231201171875,-3.553466796875,4.093994140625
0.97,-0.470458984375,-3.993896484375,3.853759765625
0.9705,0.290283203125,-4.314208984375,3.413330078125
0.971,1.171142578125,-4.514404296875,2.732666015625
0.9715,1.971923828125,-4.714599609375,2.172119140625
0.972,2.972900390625,-4.874755859375,1.331298828125
0.9725,3.213134765625,-4.354248046875,0.490478515625
0.973,3.733642578125,-4.314208984375,0.010009765625
0.9735,3.773681640625,-3.513427734375,-0.790771484375
0.974,3.973876953125,-3.153076171875,-1.391357421875
0.9745,4.093994140625,-2.272216796875,-2.312255859375
0.975,4.053955078125,-1.631591796875,-2.912841796875
0.9755,3.493408203125,-0.670654296875,-3.353271484375
0.976,3.293212890625,0.010009765625,-3.793701171875
0.9765,2.492431640625,0.970947265625,-3.873779296875
0.977,2.132080078125,1.571533203125,-4.154052734375
0.9775,1.331298828125,2.572509765625,-4.274169921875
0.978,0.570556640625,2.932861328125,-3.833740234375
0.9785,0.010009765625,3.413330078125,-3.753662109375
0.979,-0.910888671875,3.613525390625,-3.072998046875
0.9795,-1.631591796875,3.853759765625,-2.592529296875
0.98,-2.512451171875,4.013916015625,-1.911865234375
0.9805,-3.233154296875,4.093994140625,-1.271240234375
0.981,-3.513427734375,3.533447265625,-0.470458984375
0.9815,-3.913818359375,3.573486328125,0.010009765625
0.982,-3.993896484375,2.732666015625,0.770751953125
0.9825,-4.274169921875,2.492431640625,1.371337890625
0.983,-4.434326171875,1.571533203125,2.292236328125
0.9835,-4.194091796875,0.930908203125,2.732666015625
0.984,-3.873779296875,0.010009765625,3.293212890625
0.9845,-3.553466796875,-0.630615234375,3.573486328125
0.985,-2.912841796875,-1.431396484375,3.853759765625
0.9855,-2.512451171875,-2.192138671875,4.053955078125
0.986,-1.751708984375,-3.072998046875,4.134033203125
0.9865,-0.950927734375,-3.353271484375,3.693603515625
0.987,-0.430419921875,-3.913818359375,3.693603515625
0.9875,0.610595703125,-4.033935546875,2.852783203125
0.988,1.251220703125,-4.434326171875,2.532470703125
0.9885,2.212158203125,-4.514404296875,1.771728515625
0.989,2.732666015625,-4.474365234375,1.131103515625
0.9895,3.093017578125,-4.033935546875,0.410400390625
0.99,3.453369140625,-3.913818359375,0.010009765625
0.9905,3.573486328125,-3.193115234375,-0.910888671875
0.991,3.773681640625,-2.872802734375,-1.551513671875
0.9915,3.933837890625,-2.112060546875,-2.432373046875
0.992,3.533447265625,-1.271240234375,-2.872802734375
0.9925,3.333251953125,-0.510498046875,-3.353271484375
0.993,2.732666015625,0.370361328125,-3.553466796875
0.9935,2.372314453125,1.131103515625,-3.873779296875
0.994,1.771728515625,1.851806640625,-3.993896484375
0.9945,1.131103515625,2.532470703125,-3.993896484375
0.995,0.370361328125,2.852783203125,-3.553466796875
0.9955,-0.190185546875,3.333251953125,-3.553466796875
0.996,-1.231201171875,3.493408203125,-2.632568359375
0.9965,-1.831787109375,3.813720703125,-2.352294921875
0.997,-2.752685546875,3.893798828125,-1.551513671875
0.9975,-3.153076171875,3.693603515625,-0.910888671875
0.998,-3.553466796875,3.413330078125,-0.310302734375
0.9985,-3.793701171875,3.093017578125,0.290283203125
0.999,-3.993896484375,2.452392578125,1.010986328125
0.9995,-4.154052734375,1.931884765625,1.651611328125
