wavelength,x,y,z
0.0,0.9609375,3.68359375,-4.96484375
0.0005,0.0,4.244140625,-4.6044921875
0.001,-1.0009765625,4.5244140625,-3.9638671875
0.0015,-1.8818359375,4.96484375,-3.5634765625
0.002,-3.0830078125,5.044921875,-2.40234375
0.0025,-3.7236328125,5.0048828125,-1.76171875
0.003,-4.884765625,5.1650390625,-0.6806640625
0.0035,-5.0048828125,4.2841796875,0.2802734375
0.004,-5.4052734375,4.00390625,0.9609375
0.0045,-5.4853515625,3.0029296875,2.0419921875
0.005,-5.4453125,2.2421875,2.72265625
0.0055,-5.3251953125,1.28125,3.5634765625
0.006,-5.28515625,0.3603515625,4.404296875
0.0065,-4.1640625,-0.9609375,4.5244140625
0.007,-3.9638671875,-1.681640625,5.0849609375
0.0075,-2.6025390625,-3.0830078125,5.0048828125
0.008,-2.08203125,-3.603515625,5.0048828125
0.0085,-0.9208984375,-4.8046875,4.9248046875
0.009,0.1201171875,-5.1650390625,4.32421875
0.0095,0.9609375,-5.4453125,3.7236328125
0.01,1.9619140625,-5.765625,3.123046875
0.0105,3.123046875,-5.765625,1.9619140625
0.011,3.68359375,-5.6455078125,1.3212890625
0.0115,4.724609375,-5.6455078125,0.3203125
0.012,4.7646484375,-4.64453125,-0.640625
0.0125,5.0849609375,-4.404296875,-1.2412109375
0.013,5.0849609375,-3.2431640625,-2.4423828125
0.0135,5.044921875,-2.5625,-3.04296875
0.014,4.884765625,-1.5615234375,-3.84375
0.0145,4.6845703125,-0.6005859375,-4.564453125
0.015,3.5634765625,0.6806640625,-4.6845703125
0.0155,3.3232421875,1.4013671875,-5.125
0.016,1.9619140625,2.7626953125,-5.125
0.0165,1.44140625,3.203125,-5.0849609375
0.017,0.3203125,4.32421875,-5.0048828125
0.0175,-0.80078125,4.64453125,-4.32421875
0.018,-1.6015625,4.96484375,-3.7236328125
0.0185,-2.72265625,5.2451171875,-2.9228515625
0.019,-3.8037109375,5.2451171875,-1.8818359375
0.0195,-4.32421875,5.044921875,-1.1611328125
0.02,-5.2451171875,4.96484375,-0.2001953125
0.0205,-5.2451171875,3.9638671875,0.80078125
0.021,-5.525390625,3.7236328125,1.4013671875
0.0215,-5.525390625,2.40234375,2.642578125
0.022,-5.4453125,1.8017578125,3.1630859375
0.0225,-5.2451171875,0.7607421875,3.9638671875
0.023,-4.8447265625,-0.2802734375,4.5244140625
0.0235,-3.84375,-1.44140625,4.6845703125
0.024,-3.4833984375,-2.2822265625,5.044921875
0.0245,-2.08203125,-3.603515625,4.96484375
0.025,-1.5615234375,-4.0439453125,4.8447265625
0.0255,-0.48046875,-5.0048828125,4.64453125
0.026,0.6005859375,-5.1650390625,3.8837890625
0.0265,1.28125,-5.4453125,3.4833984375
0.027,2.5224609375,-5.685546875,2.5224609375
0.0275,3.4033203125,-5.685546875,1.6416015625
0.028,3.9638671875,-5.4052734375,0.8408203125
0.0285,4.6845703125,-5.205078125,0.0
0.029,4.6044921875,-4.2041015625,-1.0009765625
0.0295,4.9248046875,-3.9638671875,-1.4814453125
0.03,4.8447265625,-2.6826171875,-2.72265625
0.0305,4.8046875,-2.162109375,-3.1630859375
0.031,4.5244140625,-1.041015625,-3.9638671875
0.0315,3.9638671875,0.0,-4.404296875
0.032,3.1630859375,0.9609375,-4.564453125
0.0325,2.6826171875,1.7216796875,-4.8447265625
0.033,1.5615234375,2.8828125,-4.884765625
0.0335,1.0009765625,3.283203125,-4.724609375
0.034,-0.080078125,4.2041015625,-4.5244140625
0.0345,-1.041015625,4.404296875,-3.68359375
0.035,-1.7216796875,4.7646484375,-3.36328125
0.0355,-2.962890625,4.8447265625,-2.2822265625
0.036,-3.68359375,4.9248046875,-1.6416015625
0.0365,-4.244140625,4.564453125,-0.80078125
0.037,-4.8447265625,4.3642578125,0.0400390625
0.0375,-4.8447265625,3.4833984375,0.9208984375
0.038,-5.0849609375,3.203125,1.4013671875
0.0385,-5.125,2.0419921875,2.6025390625
0.039,-5.0048828125,1.5615234375,2.962890625
0.0395,-4.8447265625,0.48046875,3.8037109375
0.04,-4.083984375,-0.6005859375,4.083984375
0.0405,-3.5634765625,-1.521484375,4.4443359375
0.041,-2.802734375,-2.40234375,4.5244140625
0.0415,-1.9619140625,-3.4033203125,4.64453125
0.042,-1.2412109375,-3.8037109375,4.32421875
0.0425,-0.3603515625,-4.564453125,4.1640625
0.043,0.6005859375,-4.64453125,3.36328125
0.0435,1.28125,-5.0849609375,3.1630859375
0.044,2.5224609375,-5.125,2.001953125
0.0445,3.04296875,-5.1650390625,1.5615234375
0.045,3.6435546875,-4.8447265625,0.640625
0.0455,3.9638671875,-4.484375,-0.080078125
0.046,4.083984375,-3.8037109375,-0.8408203125
0.0465,4.2041015625,-3.36328125,-1.44140625
0.047,4.32421875,-2.482421875,-2.40234375
0.0475,4.1240234375,-1.921875,-2.72265625
0.048,4.00390625,-1.0009765625,-3.5634765625
0.0485,3.1630859375,0.0,-3.7236328125
0.049,2.9228515625,0.640625,-4.1640625
0.0495,2.0419921875,1.6015625,-4.1640625
0.05,1.6416015625,2.40234375,-4.404296875
0.0505,0.7607421875,2.8828125,-4.00390625
0.051,0.0,3.5234375,-3.8837890625
0.0515,-0.80078125,3.68359375,-3.203125
0.052,-1.4814453125,4.083984375,-3.04296875
0.0525,-2.5625,4.2041015625,-2.0419921875
0.053,-2.962890625,4.2041015625,-1.6416015625
0.0535,-3.68359375,4.0439453125,-0.8408203125
0.054,-3.8837890625,3.603515625,-0.2001953125
0.0545,-4.2041015625,3.283203125,0.48046875
0.055,-4.2841796875,2.642578125,1.201171875
0.0555,-4.564453125,2.162109375,1.921875
0.056,-4.2841796875,1.4013671875,2.40234375
0.0565,-4.244140625,0.560546875,3.123046875
0.057,-3.4833984375,-0.5205078125,3.3232421875
0.0575,-3.36328125,-1.1611328125,3.84375
0.058,-2.4423828125,-2.1220703125,3.9638671875
0.0585,-2.1220703125,-2.642578125,4.1240234375
0.059,-1.201171875,-3.283203125,3.84375
0.0595,-0.5205078125,-3.8037109375,3.6435546875
0.06,0.2802734375,-4.0439453125,3.1630859375
0.0605,1.041015625,-4.3642578125,2.72265625
0.061,2.0419921875,-4.64453125,2.001953125
0.0615,2.40234375,-4.484375,1.521484375
0.062,3.04296875,-4.4443359375,0.80078125
0.0625,3.123046875,-3.84375,0.1201171875
0.063,3.5234375,-3.68359375,-0.4404296875
0.0635,3.5234375,-2.8828125,-1.2412109375
0.064,3.84375,-2.6025390625,-1.8017578125
0.0645,3.5234375,-1.76171875,-2.3623046875
0.065,3.4033203125,-1.12109375,-2.8828125
0.0655,2.72265625,-0.1201171875,-3.1630859375
0.066,2.6025390625,0.48046875,-3.5634765625
0.0665,1.921875,1.44140625,-3.763671875
0.067,1.5615234375,1.841796875,-3.84375
0.0675,0.7607421875,2.5224609375,-3.68359375
0.068,0.1201171875,2.8427734375,-3.36328125
0.0685,-0.640625,3.3232421875,-3.0830078125
0.069,-1.44140625,3.5234375,-2.5224609375
0.0695,-2.2021484375,3.84375,-2.08203125
0.07,-2.5625,3.603515625,-1.4814453125
0.0705,-3.0830078125,3.68359375,-1.0009765625
0.071,-3.283203125,3.123046875,-0.2802734375
0.0715,-3.68359375,3.04296875,0.2001953125
0.072,-3.84375,2.3623046875,1.0009765625
0.0725,-4.0439453125,2.08203125,1.44140625
0.073,-3.84375,1.201171875,2.162109375
0.0735,-3.603515625,0.48046875,2.5224609375
0.074,-3.2431640625,-0.3603515625,3.04296875
0.0745,-2.9228515625,-1.0009765625,3.36328125
0.075,-2.4423828125,-1.8818359375,3.68359375
0.0755,-1.9619140625,-2.2822265625,3.5634765625
0.076,-1.3212890625,-2.962890625,3.68359375
0.0765,-0.5205078125,-3.2431640625,3.1630859375
0.077,0.1201171875,-3.84375,3.0830078125
0.0775,1.0810546875,-4.0439453125,2.3623046875
0.078,1.6015625,-4.3642578125,2.08203125
0.0785,2.162109375,-4.1240234375,1.361328125
0.079,2.5224609375,-4.083984375,0.9609375
0.0795,2.8427734375,-3.603515625,0.16015625
0.08,3.1630859375,-3.4033203125,-0.3203125
0.0805,3.443359375,-2.8828125,-1.1611328125
0.081,3.4033203125,-2.4423828125,-1.6015625
0.0815,3.36328125,-1.6416015625,-2.322265625
0.082,2.8828125,-0.80078125,-2.5625
0.0825,2.7626953125,-0.080078125,-3.1630859375
0.083,2.2421875,0.6806640625,-3.36328125
0.0835,1.9619140625,1.361328125,-3.7236328125
0.084,1.201171875,1.841796875,-3.4833984375
0.0845,0.6806640625,2.4423828125,-3.5634765625
0.085,-0.16015625,2.72265625,-3.04296875
0.0855,-0.80078125,3.203125,-2.8828125
0.086,-1.7216796875,3.4833984375,-2.2021484375
0.0865,-2.162109375,3.603515625,-1.8818359375
0.087,-2.72265625,3.4833984375,-1.2412109375
0.0875,-3.0029296875,3.203125,-0.720703125
0.088,-3.36328125,3.04296875,-0.080078125
0.0885,-3.5634765625,2.5224609375,0.560546875
0.089,-3.9638671875,2.162109375,1.2412109375
0.0895,-3.68359375,1.44140625,1.6416015625
0.09,-3.7236328125,0.880859375,2.3623046875
0.0905,-3.1630859375,-0.1201171875,2.6826171875
0.091,-3.0830078125,-0.640625,3.203125
0.0915,-2.4423828125,-1.6015625,3.443359375
0.092,-2.1220703125,-2.08203125,3.6435546875
0.0925,-1.361328125,-2.642578125,3.4033203125
0.093,-0.80078125,-3.1630859375,3.3232421875
0.0935,0.0,-3.5634765625,2.9228515625
0.094,0.720703125,-3.923828125,2.6025390625
0.0945,1.6416015625,-4.2841796875,2.001953125
0.095,2.001953125,-4.1240234375,1.4814453125
0.0955,2.6025390625,-4.1240234375,0.9609375
0.096,2.802734375,-3.603515625,0.2802734375
0.0965,3.1630859375,-3.5234375,-0.3203125
0.097,3.3232421875,-2.8828125,-1.0810546875
0.0975,3.603515625,-2.5224609375,-1.76171875
0.098,3.2431640625,-1.5615234375,-2.2421875
0.0985,3.1630859375,-0.9609375,-2.7626953125
0.099,2.5625,0.0,-3.04296875
0.0995,2.40234375,0.6005859375,-3.5234375
0.1,1.76171875,1.5615234375,-3.8037109375
0.1005,1.201171875,2.0419921875,-3.68359375
0.101,0.48046875,2.642578125,-3.5634765625
0.1015,-0.240234375,3.0029296875,-3.203125
0.102,-1.0009765625,3.36328125,-2.802734375
0.1025,-1.841796875,3.6435546875,-2.2421875
0.103,-2.6826171875,3.923828125,-1.6416015625
0.1035,-3.0029296875,3.4833984375,-0.9609375
0.104,-3.5234375,3.5234375,-0.48046875
0.1045,-3.603515625,2.8427734375,0.2802734375
0.105,-3.8837890625,2.5625,0.80078125
0.1055,-4.083984375,1.841796875,1.7216796875
0.106,-4.083984375,1.3212890625,2.2421875
0.1065,-3.68359375,0.3603515625,2.802734375
0.107,-3.443359375,-0.3203125,3.1630859375
0.1075,-2.8427734375,-1.1611328125,3.443359375
0.108,-2.4423828125,-1.8818359375,3.7236328125
0.1085,-1.76171875,-2.7626953125,3.923828125
0.109,-1.0009765625,-3.1630859375,3.5234375
0.1095,-0.48046875,-3.7236328125,3.5234375
0.11,0.4404296875,-3.9638671875,2.8828125
0.1105,1.1611328125,-4.32421875,2.5224609375
0.111,2.162109375,-4.5244140625,1.76171875
0.1115,2.802734375,-4.6044921875,1.201171875
0.112,3.0830078125,-4.083984375,0.400390625
0.1125,3.4833984375,-4.0439453125,-0.080078125
0.113,3.5634765625,-3.283203125,-0.9208984375
0.1135,3.763671875,-2.9228515625,-1.4814453125
0.114,4.00390625,-2.08203125,-2.4423828125
0.1145,3.68359375,-1.3212890625,-2.8828125
0.115,3.3232421875,-0.400390625,-3.4033203125
0.1155,2.8427734375,0.400390625,-3.68359375
0.116,2.2421875,1.2412109375,-3.923828125
0.1165,1.681640625,2.0419921875,-4.1640625
0.117,0.9208984375,2.962890625,-4.2841796875
0.1175,0.0,3.283203125,-3.68359375
0.118,-0.6005859375,3.84375,-3.603515625
0.1185,-1.76171875,4.0439453125,-2.6826171875
0.119,-2.40234375,4.2041015625,-2.2421875
0.1195,-3.443359375,4.404296875,-1.361328125
0.12,-4.00390625,4.1640625,-0.640625
0.1205,-4.2041015625,3.603515625,0.1201171875
0.121,-4.5244140625,3.283203125,0.7607421875
0.1215,-4.6044921875,2.40234375,1.7216796875
0.122,-4.64453125,1.8818359375,2.2421875
0.1225,-4.8046875,1.0009765625,3.2431640625
0.123,-4.1240234375,0.0,3.5634765625
0.1235,-3.763671875,-0.8408203125,4.00390625
0.124,-2.9228515625,-1.921875,4.2041015625
0.1245,-2.2421875,-2.72265625,4.32421875
0.125,-1.4814453125,-3.4833984375,4.32421875
0.1255,-0.640625,-4.2841796875,4.2841796875
0.126,0.2802734375,-4.4443359375,3.5234375
0.1265,0.9208984375,-4.9248046875,3.36328125
0.127,2.2421875,-5.0849609375,2.2021484375
0.1275,2.802734375,-5.0849609375,1.6416015625
0.128,3.7236328125,-5.0849609375,0.80078125
0.1285,4.083984375,-4.724609375,0.0
0.129,4.2041015625,-4.1240234375,-0.7607421875
0.1295,4.484375,-3.603515625,-1.4814453125
0.13,4.484375,-2.6025390625,-2.4423828125
0.1305,4.3642578125,-1.9619140625,-2.8828125
0.131,4.4443359375,-1.0810546875,-3.8837890625
0.1315,3.5234375,0.080078125,-4.083984375
0.132,3.203125,0.80078125,-4.484375
0.1325,2.2421875,2.001953125,-4.6044921875
0.133,1.5615234375,2.802734375,-4.724609375
0.1335,0.720703125,3.5234375,-4.564453125
0.134,-0.2802734375,4.2841796875,-4.404296875
0.1345,-1.201171875,4.3642578125,-3.5634765625
0.135,-1.9619140625,4.8447265625,-3.283203125
0.1355,-3.36328125,4.96484375,-2.001953125
0.136,-3.8837890625,4.884765625,-1.44140625
0.1365,-4.7646484375,4.7646484375,-0.48046875
0.137,-5.0849609375,4.1240234375,0.4404296875
0.1375,-5.1650390625,3.5234375,1.1611328125
0.138,-5.365234375,2.802734375,2.0419921875
0.1385,-5.4052734375,1.76171875,3.123046875
0.139,-5.044921875,1.0009765625,3.5234375
0.1395,-5.0048828125,0.0,4.484375
0.14,-3.8837890625,-1.28125,4.5244140625
0.1405,-3.5634765625,-2.001953125,4.9248046875
0.141,-2.2822265625,-3.36328125,4.96484375
0.1415,-1.521484375,-4.083984375,4.96484375
0.142,-0.5205078125,-4.724609375,4.5244140625
0.1425,0.4404296875,-5.3251953125,4.244140625
0.143,1.3212890625,-5.3251953125,3.3232421875
0.1435,2.2021484375,-5.7255859375,2.8427734375
0.144,3.5634765625,-5.765625,1.5615234375
0.1445,4.00390625,-5.525390625,0.8408203125
0.145,4.7646484375,-5.28515625,-0.16015625
0.1455,4.9248046875,-4.5244140625,-1.041015625
0.146,4.96484375,-3.8037109375,-1.681640625
0.1465,5.044921875,-2.9228515625,-2.642578125
0.147,5.044921875,-1.9619140625,-3.5634765625
0.1475,4.484375,-1.0810546875,-3.923828125
0.148,4.404296875,-0.080078125,-4.7646484375
0.1485,3.1630859375,1.12109375,-4.724609375
0.149,2.8427734375,1.8017578125,-5.044921875
0.1495,1.5615234375,3.123046875,-5.0849609375
0.15,0.9208984375,3.8037109375,-5.044921875
0.1505,-0.2001953125,4.404296875,-4.5244140625
0.151,-1.12109375,4.96484375,-4.1640625
0.1515,-2.001953125,4.884765625,-3.2431640625
0.152,-2.8828125,5.205078125,-2.72265625
0.1525,-4.2841796875,5.2451171875,-1.44140625
0.153,-4.64453125,4.8447265625,-0.720703125
0.1535,-5.3251953125,4.564453125,0.240234375
0.154,-5.4453125,3.84375,1.1611328125
0.1545,-5.4853515625,3.203125,1.8017578125
0.155,-5.4853515625,2.2021484375,2.8427734375
0.1555,-5.5654296875,1.3212890625,3.763671875
0.156,-4.884765625,0.2802734375,4.1240234375
0.1565,-4.6845703125,-0.720703125,4.8046875
0.157,-3.5234375,-1.9619140625,4.8046875
0.1575,-3.123046875,-2.6025390625,5.044921875
0.158,-1.8017578125,-3.9638671875,5.0849609375
0.1585,-1.041015625,-4.5244140625,4.8447265625
0.159,0.080078125,-5.0849609375,4.2841796875
0.1595,0.880859375,-5.4453125,3.8837890625
0.16,1.76171875,-5.4853515625,3.04296875
0.1605,2.6826171875,-5.7255859375,2.2822265625
0.161,4.00390625,-5.845703125,1.1611328125
0.1615,4.244140625,-5.2451171875,0.3203125
0.162,4.8447265625,-4.96484375,-0.5205078125
0.1625,4.8046875,-4.00390625,-1.361328125
0.163,4.9248046875,-3.5234375,-1.9619140625
0.1635,4.884765625,-2.4423828125,-3.04296875
0.164,4.9248046875,-1.681640625,-3.763671875
0.1645,4.1640625,-0.5205078125,-4.1640625
0.165,3.8837890625,0.3603515625,-4.724609375
0.1655,2.802734375,1.44140625,-4.6845703125
0.166,2.4423828125,2.08203125,-4.9248046875
0.1665,1.2412109375,3.443359375,-5.0048828125
0.167,0.48046875,3.84375,-4.64453125
0.1675,-0.6005859375,4.4443359375,-4.1640625
0.168,-1.4013671875,4.6845703125,-3.6435546875
0.1685,-2.2421875,4.7646484375,-2.9228515625
0.169,-3.203125,4.884765625,-2.2021484375
0.1695,-4.32421875,5.044921875,-1.2412109375
0.17,-4.5244140625,4.32421875,-0.2802734375
0.1705,-5.125,4.2041015625,0.4404296875
0.171,-5.0048828125,3.2431640625,1.28125
0.1715,-5.1650390625,2.8427734375,1.841796875
0.172,-5.1650390625,1.76171875,2.9228515625
0.1725,-5.0849609375,1.041015625,3.5234375
0.173,-4.3642578125,-0.16015625,3.9638671875
0.1735,-4.0439453125,-1.0009765625,4.4443359375
0.174,-3.0830078125,-2.001953125,4.484375
0.1745,-2.642578125,-2.642578125,4.64453125
0.175,-1.6015625,-3.84375,4.7646484375
0.1755,-0.7607421875,-4.1640625,4.2041015625
0.176,0.1201171875,-4.8046875,4.0439453125
0.1765,0.9208984375,-4.96484375,3.283203125
0.177,1.7216796875,-5.1650390625,2.802734375
0.1775,2.72265625,-5.28515625,1.841796875
0.178,3.6435546875,-5.365234375,1.12109375
0.1785,3.84375,-4.6044921875,0.16015625
0.179,4.32421875,-4.5244140625,-0.400390625
0.1795,4.2841796875,-3.5634765625,-1.28125
0.18,4.404296875,-3.203125,-1.8017578125
0.1805,4.484375,-2.162109375,-2.8828125
0.181,4.2041015625,-1.44140625,-3.2431640625
0.1815,3.7236328125,-0.3603515625,-3.84375
0.182,3.203125,0.4404296875,-4.1240234375
0.1825,2.5224609375,1.28125,-4.244140625
0.183,1.9619140625,2.0419921875,-4.3642578125
0.1835,1.1611328125,3.04296875,-4.564453125
0.184,0.240234375,3.3232421875,-3.8837890625
0.1845,-0.400390625,3.8837890625,-3.8837890625
0.185,-1.28125,3.923828125,-3.0830078125
0.1855,-1.9619140625,4.2041015625,-2.72265625
0.186,-3.04296875,4.404296875,-1.8017578125
0.1865,-3.603515625,4.32421875,-1.1611328125
0.187,-3.9638671875,3.8037109375,-0.2802734375
0.1875,-4.244140625,3.603515625,0.240234375
0.188,-4.3642578125,2.8427734375,1.0009765625
0.1885,-4.4443359375,2.40234375,1.521484375
0.189,-4.64453125,1.681640625,2.482421875
0.1895,-4.2041015625,0.9208984375,2.802734375
0.19,-4.00390625,0.0,3.4833984375
0.1905,-3.36328125,-0.880859375,3.6435546875
0.191,-2.962890625,-1.6015625,3.9638671875
0.1915,-2.2822265625,-2.40234375,4.0439453125
0.192,-1.681640625,-3.123046875,4.1640625
0.1925,-0.80078125,-3.5234375,3.603515625
0.193,-0.3203125,-4.083984375,3.6435546875
0.1935,0.6806640625,-4.244140625,2.8427734375
0.194,1.28125,-4.564453125,2.6025390625
0.1945,2.40234375,-4.7646484375,1.76171875
0.195,2.72265625,-4.5244140625,1.2412109375
0.1955,3.2431640625,-4.244140625,0.4404296875
0.196,3.443359375,-3.8837890625,-0.1201171875
0.1965,3.68359375,-3.36328125,-0.8408203125
0.197,3.763671875,-2.8427734375,-1.4814453125
0.1975,4.0439453125,-2.2822265625,-2.2822265625
0.198,3.4833984375,-1.3212890625,-2.6025390625
0.1985,3.443359375,-0.640625,-3.283203125
0.199,2.6826171875,0.3203125,-3.4033203125
0.1995,2.5224609375,0.9208984375,-3.84375
0.2,1.7216796875,1.841796875,-3.9638671875
0.2005,1.201171875,2.2822265625,-3.9638671875
0.201,0.3203125,2.802734375,-3.5634765625
0.2015,-0.240234375,3.203125,-3.4833984375
0.202,-1.1611328125,3.4833984375,-2.7626953125
0.2025,-1.8017578125,3.8037109375,-2.4423828125
0.203,-2.72265625,3.9638671875,-1.7216796875
0.2035,-2.962890625,3.5634765625,-1.0810546875
0.204,-3.4833984375,3.5634765625,-0.560546875
0.2045,-3.5634765625,3.0029296875,0.1201171875
0.205,-3.8837890625,2.72265625,0.6806640625
0.2055,-3.923828125,2.0419921875,1.4013671875
0.206,-4.1640625,1.681640625,1.9619140625
0.2065,-3.5634765625,0.6806640625,2.40234375
0.207,-3.603515625,0.16015625,2.9228515625
0.2075,-2.9228515625,-0.80078125,3.1630859375
0.208,-2.802734375,-1.361328125,3.5634765625
0.2085,-2.08203125,-2.2822265625,3.68359375
0.209,-1.6015625,-2.6025390625,3.5234375
0.2095,-0.9609375,-3.203125,3.443359375
0.21,-0.2802734375,-3.5234375,3.123046875
0.2105,0.48046875,-3.8837890625,2.802734375
0.211,1.28125,-4.1640625,2.2421875
0.2115,1.921875,-4.3642578125,1.841796875
0.212,2.2421875,-3.9638671875,1.12109375
0.2125,2.7626953125,-4.083984375,0.7607421875
0.213,2.9228515625,-3.4833984375,0.0
0.2135,3.3232421875,-3.36328125,-0.5205078125
0.214,3.5234375,-2.642578125,-1.44140625
0.2145,3.5234375,-2.2822265625,-1.841796875
0.215,3.1630859375,-1.2412109375,-2.4423828125
0.2155,3.04296875,-0.640625,-2.8828125
0.216,2.5625,0.240234375,-3.203125
0.2165,2.2822265625,0.8408203125,-3.603515625
0.217,1.7216796875,1.6416015625,-3.84375
0.2175,1.0009765625,2.0419921875,-3.5634765625
0.218,0.48046875,2.6826171875,-3.5634765625
0.2185,-0.400390625,2.962890625,-2.962890625
0.219,-1.0810546875,3.4033203125,-2.7626953125
0.2195,-1.9619140625,3.6435546875,-2.08203125
0.22,-2.4423828125,3.68359375,-1.681640625
0.2205,-2.8427734375,3.3232421875,-1.0009765625
0.221,-3.203125,3.3232421875,-0.6005859375
0.2215,-3.4033203125,2.7626953125,0.240234375
0.222,-3.7236328125,2.482421875,0.7607421875
0.2225,-3.9638671875,1.921875,1.5615234375
0.223,-3.68359375,1.201171875,1.921875
0.2235,-3.5634765625,0.48046875,2.6025390625
0.224,-3.0830078125,-0.3203125,2.8828125
0.2245,-2.8427734375,-1.041015625,3.2431640625
0.225,-2.322265625,-1.8017578125,3.4833984375
0.2255,-1.841796875,-2.3623046875,3.5634765625
0.226,-1.1611328125,-2.72265625,3.2431640625
0.2265,-0.640625,-3.283203125,3.3232421875
0.227,0.2802734375,-3.5634765625,2.642578125
0.2275,0.880859375,-3.9638671875,2.482421875
0.228,1.76171875,-4.1640625,1.841796875
0.2285,2.0419921875,-4.00390625,1.361328125
0.229,2.5224609375,-3.8837890625,0.7607421875
0.2295,2.802734375,-3.603515625,0.2802734375
0.23,3.123046875,-3.203125,-0.48046875
0.2305,3.3232421875,-2.802734375,-1.0810546875
0.231,3.5634765625,-2.2822265625,-1.8818359375
0.2315,3.123046875,-1.4013671875,-2.2421875
0.232,3.1630859375,-0.80078125,-2.8828125
0.2325,2.5224609375,0.080078125,-3.123046875
0.233,2.40234375,0.6806640625,-3.603515625
0.2335,1.7216796875,1.5615234375,-3.7236328125
0.234,1.12109375,2.162109375,-3.68359375
0.2345,0.400390625,2.5625,-3.36328125
0.235,-0.2802734375,3.123046875,-3.203125
0.2355,-1.2412109375,3.36328125,-2.5625
0.236,-1.8818359375,3.68359375,-2.2421875
0.2365,-2.72265625,3.84375,-1.6015625
0.237,-3.04296875,3.4833984375,-0.9208984375
0.2375,-3.4833984375,3.4033203125,-0.3603515625
0.238,-3.68359375,2.802734375,0.3603515625
0.2385,-3.923828125,2.4423828125,1.0009765625
0.239,-4.00390625,1.76171875,1.76171875
0.2395,-4.083984375,1.201171875,2.40234375
0.24,-3.443359375,0.16015625,2.72265625
0.2405,-3.36328125,-0.48046875,3.2431640625
0.241,-2.6025390625,-1.4814453125,3.36328125
0.2415,-2.2822265625,-2.001953125,3.763671875
0.242,-1.5615234375,-2.8427734375,3.763671875
0.2425,-0.8408203125,-3.2431640625,3.4833984375
0.243,-0.2802734375,-3.603515625,3.2431640625
0.2435,0.640625,-4.00390625,2.7626953125
0.244,1.4814453125,-4.2041015625,2.1220703125
0.2445,2.1220703125,-4.3642578125,1.6015625
0.245,2.802734375,-4.404296875,1.0009765625
0.2455,2.962890625,-3.84375,0.2802734375
0.246,3.36328125,-3.8037109375,-0.16015625
0.2465,3.4833984375,-2.962890625,-1.041015625
0.247,3.68359375,-2.6826171875,-1.6015625
0.2475,3.7236328125,-1.8818359375,-2.3623046875
0.248,3.5234375,-1.1611328125,-2.8828125
0.2485,2.9228515625,-0.2802734375,-3.2431640625
0.249,2.7626953125,0.3603515625,-3.6435546875
0.2495,1.921875,1.4814453125,-3.84375
0.25,1.6015625,2.0419921875,-4.0439453125
0.2505,0.7607421875,2.8828125,-4.00390625
0.251,-0.080078125,3.203125,-3.5634765625
0.2515,-0.720703125,3.68359375,-3.36328125
0.252,-1.8017578125,3.9638671875,-2.5625
0.2525,-2.6826171875,4.1640625,-1.9619140625
0.253,-3.283203125,4.083984375,-1.2412109375
0.2535,-3.923828125,4.0439453125,-0.6005859375
0.254,-4.0439453125,3.36328125,0.240234375
0.2545,-4.3642578125,3.1630859375,0.7607421875
0.255,-4.5244140625,2.162109375,1.8818359375
0.2555,-4.5244140625,1.6416015625,2.40234375
0.256,-4.4443359375,0.7607421875,3.1630859375
0.2565,-3.9638671875,-0.240234375,3.603515625
0.257,-3.3232421875,-1.12109375,3.84375
0.2575,-2.8427734375,-1.9619140625,4.1240234375
0.258,-1.921875,-3.0830078125,4.32421875
0.2585,-1.28125,-3.5234375,4.1240234375
0.259,-0.48046875,-4.244140625,4.00390625
0.2595,0.400390625,-4.404296875,3.3232421875
0.26,1.0810546875,-4.7646484375,3.04296875
0.2605,2.3623046875,-4.96484375,1.9619140625
0.261,3.1630859375,-5.0048828125,1.28125
0.2615,3.6435546875,-4.6845703125,0.48046875
0.262,4.1240234375,-4.5244140625,-0.240234375
0.2625,4.083984375,-3.68359375,-1.0009765625
0.263,4.32421875,-3.283203125,-1.5615234375
0.2635,4.404296875,-2.2421875,-2.6826171875
0.264,4.2041015625,-1.6416015625,-3.0830078125
0.2645,3.9638671875,-0.6806640625,-3.84375
0.265,3.3232421875,0.2802734375,-4.1240234375
0.2655,2.7626953125,1.12109375,-4.2841796875
0.266,2.0419921875,2.0419921875,-4.5244140625
0.2665,1.1611328125,3.123046875,-4.64453125
0.267,0.3603515625,3.5234375,-4.2041015625
0.2675,-0.5205078125,4.244140625,-4.1240234375
0.268,-1.4013671875,4.2841796875,-3.283203125
0.2685,-2.08203125,4.64453125,-2.9228515625
0.269,-3.4833984375,4.8046875,-1.76171875
0.2695,-4.1640625,4.7646484375,-1.041015625
0.27,-4.6044921875,4.2841796875,-0.080078125
0.2705,-5.0849609375,4.00390625,0.6005859375
0.271,-5.044921875,3.1630859375,1.4013671875
0.2715,-5.1650390625,2.5625,2.08203125
0.272,-5.3251953125,1.521484375,3.3232421875
0.2725,-4.8447265625,0.6005859375,3.68359375
0.273,-4.564453125,-0.48046875,4.404296875
0.2735,-3.8037109375,-1.44140625,4.6044921875
0.274,-3.123046875,-2.2822265625,4.7646484375
0.2745,-2.2021484375,-3.36328125,4.8447265625
0.275,-1.2412109375,-4.4443359375,4.96484375
0.2755,-0.16015625,-4.724609375,4.2041015625
0.276,0.6005859375,-5.4052734375,4.1240234375
0.2765,1.6015625,-5.3251953125,3.0830078125
0.277,2.3623046875,-5.5654296875,2.5625
0.2775,3.763671875,-5.7255859375,1.28125
0.278,4.3642578125,-5.4453125,0.48046875
0.2785,4.6845703125,-4.8046875,-0.5205078125
0.279,5.0048828125,-4.4443359375,-1.1611328125
0.2795,4.8447265625,-3.4033203125,-2.0419921875
0.28,4.8447265625,-2.6826171875,-2.642578125
0.2805,5.044921875,-1.6416015625,-3.9638671875
0.281,4.32421875,-0.640625,-4.2041015625
0.2815,3.9638671875,0.4404296875,-4.8447265625
0.282,3.04296875,1.4013671875,-4.8447265625
0.2825,2.40234375,2.2021484375,-4.96484375
0.283,1.4013671875,3.283203125,-5.0048828125
0.2835,0.48046875,4.244140625,-5.044921875
0.284,-0.640625,4.484375,-4.1640625
0.2845,-1.3212890625,5.044921875,-4.0439453125
0.285,-2.5625,5.044921875,-2.8828125
0.2855,-3.203125,5.125,-2.3623046875
0.286,-4.564453125,5.28515625,-1.1611328125
0.2865,-5.0048828125,4.8046875,-0.2802734375
0.287,-5.3251953125,4.2041015625,0.6806640625
0.2875,-5.5654296875,3.7236328125,1.361328125
0.288,-5.4453125,2.6025390625,2.162109375
0.2885,-5.4453125,1.921875,2.962890625
0.289,-5.60546875,0.9208984375,4.1240234375
0.2895,-4.64453125,-0.2802734375,4.3642578125
0.29,-4.404296875,-1.1611328125,4.96484375
0.2905,-3.283203125,-2.2822265625,4.96484375
0.291,-2.6826171875,-3.0830078125,5.0849609375
0.2915,-1.6015625,-4.1640625,5.044921875
0.292,-0.6005859375,-4.96484375,4.884765625
0.2925,0.48046875,-5.1650390625,4.00390625
0.293,1.1611328125,-5.6455078125,3.84375
0.2935,2.482421875,-5.685546875,2.5625
0.294,3.0029296875,-5.685546875,2.0419921875
0.2945,4.32421875,-5.8056640625,0.9208984375
0.295,4.564453125,-5.125,0.0
0.2955,4.9248046875,-4.64453125,-0.8408203125
0.296,4.9248046875,-3.9638671875,-1.5615234375
0.2965,4.96484375,-3.0830078125,-2.5625
0.297,4.7646484375,-2.2822265625,-3.1630859375
0.2975,4.96484375,-1.28125,-4.2041015625
0.298,3.8837890625,0.0,-4.3642578125
0.2985,3.7236328125,0.7607421875,-4.9248046875
0.299,2.5224609375,1.921875,-4.8447265625
0.2995,2.0419921875,2.6025390625,-5.0048828125
0.3,0.9609375,3.68359375,-4.96484375
0.3005,0.0,4.32421875,-4.64453125
0.301,-1.0009765625,4.5244140625,-3.8837890625
0.3015,-1.8017578125,4.96484375,-3.5634765625
0.302,-3.0029296875,5.044921875,-2.40234375
0.3025,-3.5634765625,5.0048828125,-1.8818359375
0.303,-4.724609375,5.0849609375,-0.8408203125
0.3035,-4.884765625,4.32421875,0.16015625
0.304,-5.205078125,3.9638671875,0.80078125
0.3045,-5.28515625,3.04296875,1.76171875
0.305,-5.2451171875,2.2421875,2.3623046875
0.3055,-5.1650390625,1.44140625,3.203125
0.306,-5.205078125,0.6005859375,4.083984375
0.3065,-4.083984375,-0.720703125,4.2041015625
0.307,-3.923828125,-1.44140625,4.7646484375
0.3075,-2.6826171875,-2.642578125,4.6845703125
0.308,-2.2822265625,-3.203125,4.8046875
0.3085,-1.1611328125,-4.2041015625,4.6845703125
0.309,-0.2802734375,-4.6845703125,4.2041015625
0.3095,0.6005859375,-4.96484375,3.68359375
0.31,1.4814453125,-5.28515625,3.1630859375
0.3105,2.5224609375,-5.3251953125,2.162109375
0.311,3.123046875,-5.28515625,1.5615234375
0.3115,4.0439453125,-5.365234375,0.6806640625
0.312,4.1240234375,-4.564453125,-0.2802734375
0.3125,4.484375,-4.3642578125,-0.80078125
0.313,4.404296875,-3.36328125,-1.7216796875
0.3135,4.6044921875,-2.8427734375,-2.3623046875
0.314,4.484375,-1.8818359375,-3.1630859375
0.3145,4.32421875,-1.0009765625,-3.8037109375
0.315,3.443359375,0.16015625,-4.00390625
0.3155,3.2431640625,0.7607421875,-4.484375
0.316,2.1220703125,1.9619140625,-4.5244140625
0.3165,1.76171875,2.482421875,-4.64453125
0.317,0.7607421875,3.4833984375,-4.564453125
0.3175,-0.240234375,3.84375,-3.9638671875
0.318,-0.9609375,4.1640625,-3.6435546875
0.3185,-1.9619140625,4.484375,-2.8828125
0.319,-2.802734375,4.6044921875,-2.2021484375
0.3195,-3.443359375,4.484375,-1.521484375
0.32,-4.1640625,4.484375,-0.720703125
0.3205,-4.2841796875,3.6435546875,0.16015625
0.321,-4.6044921875,3.5634765625,0.6005859375
0.3215,-4.64453125,2.5224609375,1.6416015625
0.322,-4.7646484375,2.162109375,2.1220703125
0.3225,-4.64453125,1.201171875,2.962890625
0.323,-4.2841796875,0.3603515625,3.36328125
0.3235,-3.68359375,-0.640625,3.763671875
0.324,-3.2431640625,-1.3212890625,4.0439453125
0.3245,-2.4423828125,-2.322265625,4.1240234375
0.325,-2.001953125,-2.8427734375,4.1240234375
0.3255,-1.1611328125,-3.68359375,4.1240234375
0.326,-0.3203125,-3.8837890625,3.5234375
0.3265,0.2802734375,-4.3642578125,3.443359375
0.327,1.361328125,-4.5244140625,2.5224609375
0.3275,1.921875,-4.7646484375,2.2021484375
0.328,2.6826171875,-4.724609375,1.361328125
0.3285,3.1630859375,-4.64453125,0.80078125
0.329,3.36328125,-4.0439453125,0.0
0.3295,3.68359375,-3.8837890625,-0.400390625
0.33,3.8037109375,-3.04296875,-1.3212890625
0.3305,3.9638671875,-2.72265625,-1.8017578125
0.331,4.00390625,-1.8818359375,-2.642578125
0.3315,3.4833984375,-1.0009765625,-2.962890625
0.332,3.203125,-0.16015625,-3.5634765625
0.3325,2.642578125,0.6005859375,-3.7236328125
0.333,2.2021484375,1.4013671875,-4.0439453125
0.3335,1.5615234375,2.08203125,-4.0439453125
0.334,0.8408203125,2.802734375,-4.00390625
0.3345,0.0,3.0830078125,-3.4833984375
0.335,-0.640625,3.6435546875,-3.443359375
0.3355,-1.681640625,3.763671875,-2.5224609375
0.336,-2.2822265625,4.0439453125,-2.2421875
0.3365,-3.04296875,3.9638671875,-1.44140625
0.337,-3.36328125,3.68359375,-0.8408203125
0.3375,-3.7236328125,3.36328125,-0.16015625
0.338,-3.923828125,3.04296875,0.4404296875
0.3385,-4.1240234375,2.40234375,1.2412109375
0.339,-4.1240234375,1.921875,1.76171875
0.3395,-4.2041015625,1.201171875,2.5224609375
0.34,-3.5634765625,0.240234375,2.802734375
0.3405,-3.5234375,-0.400390625,3.3232421875
0.341,-2.6826171875,-1.3212890625,3.443359375
0.3415,-2.482421875,-1.921875,3.8037109375
0.342,-1.7216796875,-2.5625,3.68359375
0.3425,-1.1611328125,-3.0830078125,3.5634765625
0.343,-0.48046875,-3.36328125,3.1630859375
0.3435,0.2001953125,-3.84375,3.04296875
0.344,1.12109375,-4.083984375,2.2822265625
0.3445,1.6015625,-4.32421875,2.0419921875
0.345,2.2822265625,-4.32421875,1.361328125
0.3455,2.5224609375,-3.8837890625,0.80078125
0.346,2.962890625,-3.84375,0.2802734375
0.3465,3.04296875,-3.283203125,-0.3603515625
0.347,3.443359375,-3.0830078125,-0.9609375
0.3475,3.443359375,-2.40234375,-1.6015625
0.348,3.5234375,-1.8818359375,-2.162109375
0.3485,2.9228515625,-0.9208984375,-2.5625
0.349,3.04296875,-0.400390625,-3.1630859375
0.3495,2.322265625,0.560546875,-3.3232421875
0.35,2.2421875,1.12109375,-3.763671875
0.3505,1.4013671875,1.8818359375,-3.7236328125
0.351,0.80078125,2.322265625,-3.5634765625
0.3515,0.1201171875,2.8427734375,-3.36328125
0.352,-0.6806640625,3.1630859375,-2.9228515625
0.3525,-1.4814453125,3.5234375,-2.5625
0.353,-2.08203125,3.6435546875,-2.08203125
0.3535,-2.6826171875,3.763671875,-1.4814453125
0.354,-2.962890625,3.283203125,-0.80078125
0.3545,-3.4833984375,3.3232421875,-0.3203125
0.355,-3.5634765625,2.6025390625,0.48046875
0.3555,-3.923828125,2.4423828125,1.0009765625
0.356,-3.84375,1.6416015625,1.76171875
0.3565,-3.7236328125,1.0009765625,2.2021484375
0.357,-3.283203125,0.080078125,2.6826171875
0.3575,-3.123046875,-0.5205078125,3.0830078125
0.358,-2.5625,-1.4013671875,3.36328125
0.3585,-2.2421875,-1.921875,3.5234375
0.359,-1.5615234375,-2.5625,3.5234375
0.3595,-0.9208984375,-2.8828125,3.1630859375
0.36,-0.3203125,-3.4833984375,3.123046875
0.3605,0.6005859375,-3.7236328125,2.482421875
0.361,1.2412109375,-4.1240234375,2.2021484375
0.3615,1.8017578125,-4.00390625,1.6015625
0.362,2.2421875,-4.00390625,1.201171875
0.3625,2.482421875,-3.5634765625,0.5205078125
0.363,2.8427734375,-3.5634765625,0.1201171875
0.3635,3.04296875,-2.9228515625,-0.6806640625
0.364,3.3232421875,-2.72265625,-1.1611328125
0.3645,3.3232421875,-1.9619140625,-1.921875
0.365,2.962890625,-1.28125,-2.2421875
0.3655,2.8427734375,-0.5205078125,-2.802734375
0.366,2.40234375,0.240234375,-3.123046875
0.3665,2.162109375,0.9609375,-3.5634765625
0.367,1.6015625,1.5615234375,-3.5634765625
0.3675,1.0009765625,2.2021484375,-3.603515625
0.368,0.2802734375,2.482421875,-3.203125
0.3685,-0.3603515625,3.123046875,-3.203125
0.369,-1.361328125,3.3232421875,-2.482421875
0.3695,-1.9619140625,3.7236328125,-2.2021484375
0.37,-2.6025390625,3.603515625,-1.44140625
0.3705,-3.04296875,3.5234375,-1.0009765625
0.371,-3.36328125,3.1630859375,-0.2802734375
0.3715,-3.603515625,2.802734375,0.3203125
0.372,-3.923828125,2.2822265625,1.201171875
0.3725,-3.8837890625,1.76171875,1.6416015625
0.373,-3.923828125,1.0009765625,2.40234375
0.3735,-3.36328125,0.080078125,2.72265625
0.374,-3.2431640625,-0.6005859375,3.2431640625
0.3745,-2.5224609375,-1.521484375,3.443359375
0.375,-2.162109375,-2.2021484375,3.763671875
0.3755,-1.4013671875,-2.72265625,3.5234375
0.376,-0.8408203125,-3.283203125,3.4833984375
0.3765,-0.080078125,-3.5634765625,2.962890625
0.377,0.640625,-4.0439453125,2.6826171875
0.3775,1.6416015625,-4.244140625,1.921875
0.378,2.162109375,-4.244140625,1.521484375
0.3785,2.72265625,-4.1640625,0.8408203125
0.379,2.9228515625,-3.7236328125,0.240234375
0.3795,3.203125,-3.4833984375,-0.3203125
0.38,3.3232421875,-2.8828125,-1.041015625
0.3805,3.6435546875,-2.4423828125,-1.76171875
0.381,3.4033203125,-1.681640625,-2.2421875
0.3815,3.36328125,-1.0009765625,-2.8828125
0.382,2.642578125,0.0,-3.0830078125
0.3825,2.5625,0.5205078125,-3.5634765625
0.383,1.76171875,1.5615234375,-3.7236328125
0.3835,1.4013671875,2.08203125,-3.8837890625
0.384,0.560546875,2.6826171875,-3.6435546875
0.3845,-0.080078125,3.0830078125,-3.4833984375
0.385,-0.8408203125,3.36328125,-3.04296875
0.3855,-1.7216796875,3.8037109375,-2.5224609375
0.386,-2.7626953125,4.1240234375,-1.8017578125
0.3865,-3.1630859375,3.84375,-1.12109375
0.387,-3.8037109375,3.84375,-0.5205078125
0.3875,-3.8837890625,3.1630859375,0.240234375
0.388,-4.2041015625,2.9228515625,0.80078125
0.3885,-4.2841796875,2.0419921875,1.76171875
0.389,-4.5244140625,1.5615234375,2.4423828125
0.3895,-4.00390625,0.6005859375,2.962890625
0.39,-3.8837890625,-0.2001953125,3.5234375
0.3905,-3.0830078125,-1.201171875,3.68359375
0.391,-2.7626953125,-1.8818359375,4.00390625
0.3915,-1.841796875,-3.04296875,4.1640625
0.392,-1.1611328125,-3.5634765625,3.9638671875
0.3925,-0.400390625,-4.083984375,3.763671875
0.393,0.4404296875,-4.404296875,3.203125
0.3935,1.28125,-4.564453125,2.6826171875
0.394,2.2021484375,-4.8046875,1.9619140625
0.3945,3.203125,-5.0048828125,1.201171875
0.395,3.443359375,-4.404296875,0.3603515625
0.3955,3.9638671875,-4.3642578125,-0.2001953125
0.396,3.9638671875,-3.4833984375,-1.041015625
0.3965,4.1240234375,-3.0830078125,-1.6015625
0.397,4.2041015625,-2.1220703125,-2.642578125
0.3975,4.1240234375,-1.44140625,-3.203125
0.398,3.5234375,-0.3603515625,-3.68359375
0.3985,3.203125,0.3603515625,-4.0439453125
0.399,2.3623046875,1.3212890625,-4.1240234375
0.3995,1.921875,2.0419921875,-4.32421875
0.4,0.9609375,3.1630859375,-4.564453125
0.4005,0.080078125,3.5234375,-4.00390625
0.401,-0.640625,4.00390625,-3.84375
0.4015,-1.6015625,4.32421875,-3.0830078125
0.402,-2.4423828125,4.484375,-2.482421875
0.4025,-3.4033203125,4.6044921875,-1.6015625
0.403,-4.2841796875,4.6845703125,-0.8408203125
0.4035,-4.4443359375,3.8837890625,0.080078125
0.404,-4.9248046875,3.84375,0.640625
0.4045,-4.884765625,2.7626953125,1.6416015625
0.405,-4.96484375,2.2822265625,2.2021484375
0.4055,-5.0849609375,1.28125,3.3232421875
0.406,-4.7646484375,0.400390625,3.8037109375
0.4065,-4.0439453125,-0.720703125,4.2041015625
0.407,-3.603515625,-1.6015625,4.5244140625
0.4075,-2.6025390625,-2.642578125,4.6044921875
0.408,-2.001953125,-3.36328125,4.64453125
0.4085,-1.0009765625,-4.5244140625,4.724609375
0.409,0.0400390625,-4.724609375,3.923828125
0.4095,0.720703125,-5.1650390625,3.84375
0.41,1.9619140625,-5.4052734375,2.7626953125
0.4105,2.6826171875,-5.4453125,2.08203125
0.411,3.68359375,-5.4453125,1.1611328125
0.4115,4.4443359375,-5.365234375,0.3603515625
0.412,4.484375,-4.484375,-0.640625
0.4125,4.8447265625,-4.2041015625,-1.2412109375
0.413,4.8046875,-3.0029296875,-2.40234375
0.4135,4.7646484375,-2.482421875,-2.8427734375
0.414,4.8046875,-1.4013671875,-3.9638671875
0.4145,4.2041015625,-0.3603515625,-4.3642578125
0.415,3.5234375,0.6806640625,-4.64453125
0.4155,2.8427734375,1.6015625,-4.884765625
0.416,1.841796875,2.6826171875,-4.96484375
0.4165,1.201171875,3.3232421875,-4.9248046875
0.417,0.1201171875,4.3642578125,-4.884765625
0.4175,-1.0009765625,4.5244140625,-3.8837890625
0.418,-1.681640625,4.96484375,-3.7236328125
0.4185,-3.0830078125,5.125,-2.482421875
0.419,-3.7236328125,5.0849609375,-1.8017578125
0.4195,-4.6044921875,5.0048828125,-0.8408203125
0.42,-5.205078125,4.724609375,0.0400390625
0.4205,-5.2451171875,3.84375,0.9609375
0.421,-5.5654296875,3.4833984375,1.6015625
0.4215,-5.525390625,2.2021484375,2.8427734375
0.422,-5.3251953125,1.5615234375,3.203125
0.4225,-5.3251953125,0.48046875,4.32421875
0.423,-4.484375,-0.640625,4.5244140625
0.4235,-3.8837890625,-1.6416015625,4.884765625
0.424,-3.0029296875,-2.7626953125,5.044921875
0.4245,-2.001953125,-3.763671875,5.044921875
0.425,-1.201171875,-4.3642578125,4.8046875
0.4255,-0.16015625,-5.205078125,4.6845703125
0.426,0.9208984375,-5.28515625,3.68359375
0.4265,1.5615234375,-5.7255859375,3.443359375
0.427,3.04296875,-5.765625,2.1220703125
0.4275,3.5634765625,-5.685546875,1.521484375
0.428,4.404296875,-5.4853515625,0.48046875
0.4285,4.8046875,-5.044921875,-0.3603515625
0.429,4.8447265625,-4.1640625,-1.28125
0.4295,5.044921875,-3.7236328125,-1.921875
0.43,5.044921875,-2.482421875,-3.0830078125
0.4305,4.7646484375,-1.8818359375,-3.4033203125
0.431,4.724609375,-0.80078125,-4.404296875
0.4315,3.7236328125,0.400390625,-4.564453125
0.432,3.2431640625,1.1611328125,-4.884765625
0.4325,2.2421875,2.322265625,-5.0048828125
0.433,1.44140625,3.1630859375,-5.125
0.4335,0.6005859375,3.8037109375,-4.7646484375
0.434,-0.4404296875,4.6044921875,-4.5244140625
0.4345,-1.4814453125,4.64453125,-3.5634765625
0.435,-2.162109375,5.0849609375,-3.283203125
0.4355,-3.5634765625,5.1650390625,-1.9619140625
0.436,-4.0439453125,5.044921875,-1.44140625
0.4365,-4.8447265625,4.8046875,-0.3603515625
0.437,-5.1650390625,4.2841796875,0.48046875
0.4375,-5.2451171875,3.5234375,1.28125
0.438,-5.4052734375,2.8427734375,2.0419921875
0.4385,-5.4453125,1.841796875,3.123046875
0.439,-5.0849609375,1.12109375,3.4833984375
0.4395,-5.0048828125,0.0400390625,4.404296875
0.44,-3.8837890625,-1.2412109375,4.484375
0.4405,-3.5634765625,-1.9619140625,4.8447265625
0.441,-2.40234375,-3.203125,4.8046875
0.4415,-1.7216796875,-3.8837890625,4.9248046875
0.442,-0.6806640625,-4.4443359375,4.484375
0.4425,0.2001953125,-5.0849609375,4.1640625
0.443,1.12109375,-5.125,3.283203125
0.4435,1.8818359375,-5.4453125,2.9228515625
0.444,3.203125,-5.4853515625,1.6416015625
0.4445,3.5234375,-5.28515625,1.12109375
0.445,4.2841796875,-5.044921875,0.2001953125
0.4455,4.4443359375,-4.3642578125,-0.640625
0.446,4.564453125,-3.84375,-1.28125
0.4465,4.6044921875,-3.04296875,-2.1220703125
0.447,4.724609375,-2.2822265625,-3.0029296875
0.4475,4.32421875,-1.44140625,-3.36328125
0.448,4.2041015625,-0.6005859375,-4.1640625
0.4485,3.123046875,0.6005859375,-4.2041015625
0.449,2.962890625,1.201171875,-4.64453125
0.4495,1.76171875,2.4423828125,-4.6044921875
0.45,1.3212890625,3.0029296875,-4.724609375
0.4505,0.2802734375,3.68359375,-4.2841796875
0.451,-0.6005859375,4.1640625,-3.9638671875
0.4515,-1.44140625,4.32421875,-3.2431640625
0.452,-2.2822265625,4.6044921875,-2.7626953125
0.4525,-3.4033203125,4.7646484375,-1.8017578125
0.453,-3.763671875,4.484375,-1.201171875
0.4535,-4.5244140625,4.3642578125,-0.3203125
0.454,-4.564453125,3.603515625,0.5205078125
0.4545,-4.884765625,3.283203125,1.12109375
0.455,-4.8447265625,2.2822265625,2.0419921875
0.4555,-5.0048828125,1.76171875,2.72265625
0.456,-4.5244140625,0.720703125,3.203125
0.4565,-4.3642578125,-0.1201171875,3.84375
0.457,-3.36328125,-1.28125,3.9638671875
0.4575,-3.1630859375,-1.8017578125,4.32421875
0.458,-2.0419921875,-3.0029296875,4.404296875
0.4585,-1.5615234375,-3.4033203125,4.32421875
0.459,-0.6005859375,-4.0439453125,3.9638671875
0.4595,0.2001953125,-4.3642578125,3.5234375
0.46,0.9208984375,-4.6044921875,3.04296875
0.4605,1.841796875,-4.8046875,2.322265625
0.461,2.72265625,-5.0048828125,1.6416015625
0.4615,3.0029296875,-4.564453125,0.9609375
0.462,3.603515625,-4.5244140625,0.3203125
0.4625,3.5634765625,-3.7236328125,-0.48046875
0.463,3.8837890625,-3.5634765625,-0.9208984375
0.4635,3.8837890625,-2.6025390625,-1.841796875
0.464,4.083984375,-2.3623046875,-2.2822265625
0.4645,3.68359375,-1.361328125,-2.8828125
0.465,3.443359375,-0.6806640625,-3.3232421875
0.4655,2.7626953125,0.3603515625,-3.603515625
0.466,2.5224609375,0.9609375,-3.8837890625
0.4665,1.841796875,1.921875,-4.1640625
0.467,1.28125,2.322265625,-4.00390625
0.4675,0.48046875,3.123046875,-3.923828125
0.468,-0.3603515625,3.3232421875,-3.36328125
0.4685,-1.0009765625,3.84375,-3.203125
0.469,-2.0419921875,3.9638671875,-2.3623046875
0.4695,-2.72265625,4.2841796875,-2.001953125
0.47,-3.203125,3.8837890625,-1.1611328125
0.4705,-3.7236328125,3.8837890625,-0.640625
0.471,-3.8837890625,3.203125,0.240234375
0.4715,-4.1640625,3.0029296875,0.720703125
0.472,-4.3642578125,2.162109375,1.7216796875
0.4725,-4.3642578125,1.7216796875,2.08203125
0.473,-4.1240234375,0.6806640625,2.8427734375
0.4735,-3.6435546875,-0.080078125,3.1630859375
0.474,-3.203125,-0.9609375,3.5634765625
0.4745,-2.6826171875,-1.681640625,3.763671875
0.475,-2.1220703125,-2.5224609375,4.0439453125
0.4755,-1.44140625,-2.8828125,3.68359375
0.476,-0.80078125,-3.5634765625,3.68359375
0.4765,0.0400390625,-3.7236328125,3.04296875
0.477,0.6806640625,-4.1640625,2.8427734375
0.4775,1.681640625,-4.32421875,2.001953125
0.478,2.162109375,-4.4443359375,1.7216796875
0.4785,2.6025390625,-4.1240234375,0.9208984375
0.479,2.8828125,-3.923828125,0.48046875
0.4795,3.1630859375,-3.5234375,-0.2802734375
0.48,3.3232421875,-3.1630859375,-0.7607421875
0.4805,3.6435546875,-2.642578125,-1.5615234375
0.481,3.4033203125,-2.08203125,-1.921875
0.4815,3.4033203125,-1.3212890625,-2.5625
0.482,2.802734375,-0.5205078125,-2.7626953125
0.4825,2.72265625,0.1201171875,-3.3232421875
0.483,2.08203125,0.9609375,-3.5234375
0.4835,1.921875,1.521484375,-3.84375
0.484,1.041015625,2.0419921875,-3.5634765625
0.4845,0.6005859375,2.6025390625,-3.5634765625
0.485,-0.3203125,2.962890625,-3.0830078125
0.4855,-0.9609375,3.4033203125,-2.8828125
0.486,-1.8818359375,3.68359375,-2.2421875
0.4865,-2.2822265625,3.68359375,-1.921875
0.487,-2.9228515625,3.68359375,-1.2412109375
0.4875,-3.1630859375,3.3232421875,-0.640625
0.488,-3.603515625,3.123046875,0.0
0.4885,-3.763671875,2.5224609375,0.6806640625
0.489,-4.1640625,2.2421875,1.3212890625
0.4895,-3.84375,1.4013671875,1.921875
0.49,-3.8837890625,0.80078125,2.5224609375
0.4905,-3.203125,-0.240234375,2.8828125
0.491,-3.1630859375,-0.80078125,3.36328125
0.4915,-2.4423828125,-1.76171875,3.5634765625
0.492,-2.08203125,-2.2021484375,3.68359375
0.4925,-1.3212890625,-2.8427734375,3.5234375
0.493,-0.720703125,-3.203125,3.283203125
0.4935,0.0400390625,-3.603515625,2.9228515625
0.494,0.8408203125,-3.923828125,2.482421875
0.4945,1.6416015625,-4.244140625,1.9619140625
0.495,1.9619140625,-3.9638671875,1.4013671875
0.4955,2.5224609375,-4.0439453125,0.9609375
0.496,2.642578125,-3.5634765625,0.2802734375
0.4965,3.04296875,-3.443359375,-0.2001953125
0.497,3.203125,-2.8427734375,-1.041015625
0.4975,3.443359375,-2.5224609375,-1.4814453125
0.498,3.123046875,-1.6015625,-2.08203125
0.4985,3.04296875,-1.041015625,-2.5224609375
0.499,2.5625,-0.16015625,-2.8828125
0.4995,2.40234375,0.4404296875,-3.283203125
0.5,1.921875,1.28125,-3.603515625
0.5005,1.4013671875,1.681640625,-3.4833984375
0.501,0.7607421875,2.3623046875,-3.5234375
0.5015,0.0400390625,2.642578125,-3.123046875
0.502,-0.640625,3.1630859375,-2.9228515625
0.5025,-1.5615234375,3.4033203125,-2.322265625
0.503,-2.162109375,3.68359375,-1.9619140625
0.5035,-2.5625,3.4033203125,-1.28125
0.504,-3.04296875,3.443359375,-0.9208984375
0.5045,-3.283203125,2.9228515625,-0.1201171875
0.505,-3.68359375,2.72265625,0.3603515625
0.5055,-3.9638671875,2.162109375,1.3212890625
0.506,-3.923828125,1.681640625,1.76171875
0.5065,-3.7236328125,0.7607421875,2.4423828125
0.507,-3.4033203125,0.0400390625,2.8427734375
0.5075,-3.04296875,-0.80078125,3.2431640625
0.508,-2.6025390625,-1.5615234375,3.5634765625
0.5085,-2.08203125,-2.322265625,3.8037109375
0.509,-1.3212890625,-2.72265625,3.4833984375
0.5095,-0.80078125,-3.36328125,3.5234375
0.51,0.080078125,-3.603515625,2.8828125
0.5105,0.7607421875,-4.0439453125,2.642578125
0.511,1.76171875,-4.32421875,1.921875
0.5115,2.2822265625,-4.32421875,1.4013671875
0.512,2.72265625,-4.00390625,0.640625
0.5125,3.0029296875,-3.84375,0.2001953125
0.513,3.203125,-3.3232421875,-0.560546875
0.5135,3.4033203125,-2.8427734375,-1.12109375
0.514,3.68359375,-2.2822265625,-1.9619140625
0.5145,3.283203125,-1.4814453125,-2.322265625
0.515,3.1630859375,-0.7607421875,-2.962890625
0.5155,2.5625,0.080078125,-3.1630859375
0.516,2.322265625,0.7607421875,-3.5634765625
0.5165,1.7216796875,1.6416015625,-3.7236328125
0.517,1.1611328125,2.2822265625,-3.84375
0.5175,0.3603515625,2.6826171875,-3.443359375
0.518,-0.2001953125,3.1630859375,-3.4033203125
0.5185,-1.1611328125,3.4033203125,-2.642578125
0.519,-1.8017578125,3.763671875,-2.3623046875
0.5195,-2.8427734375,3.9638671875,-1.6015625
0.52,-3.203125,3.68359375,-1.0009765625
0.5205,-3.6435546875,3.4833984375,-0.3603515625
0.521,-3.84375,3.04296875,0.2802734375
0.5215,-4.0439453125,2.6025390625,0.9609375
0.522,-4.1640625,1.9619140625,1.7216796875
0.5225,-4.4443359375,1.4013671875,2.5224609375
0.523,-3.763671875,0.3203125,2.8828125
0.5235,-3.7236328125,-0.3203125,3.5234375
0.524,-2.8828125,-1.3212890625,3.6435546875
0.5245,-2.5625,-1.9619140625,3.9638671875
0.525,-1.76171875,-2.9228515625,4.083984375
0.5255,-1.0009765625,-3.5634765625,3.8837890625
0.526,-0.2802734375,-3.8837890625,3.4833984375
0.5265,0.48046875,-4.3642578125,3.203125
0.527,1.5615234375,-4.5244140625,2.3623046875
0.5275,2.2021484375,-4.6845703125,1.8818359375
0.528,3.1630859375,-4.9248046875,1.0810546875
0.5285,3.4033203125,-4.32421875,0.2802734375
0.529,3.8037109375,-4.1640625,-0.3203125
0.5295,3.8837890625,-3.36328125,-1.1611328125
0.53,4.0439453125,-2.7626953125,-1.8017578125
0.5305,4.0439453125,-2.001953125,-2.5625
0.531,4.083984375,-1.28125,-3.283203125
0.5315,3.203125,-0.2001953125,-3.5634765625
0.532,3.123046875,0.48046875,-4.0439453125
0.5325,2.0419921875,1.6015625,-4.1240234375
0.533,1.7216796875,2.2421875,-4.32421875
0.5335,0.7607421875,3.1630859375,-4.3642578125
0.534,-0.1201171875,3.6435546875,-3.8837890625
0.5345,-0.8408203125,3.923828125,-3.4833984375
0.535,-1.841796875,4.3642578125,-2.9228515625
0.5355,-2.8427734375,4.4443359375,-2.001953125
0.536,-3.4833984375,4.3642578125,-1.4013671875
0.5365,-4.32421875,4.484375,-0.640625
0.537,-4.404296875,3.6435546875,0.2802734375
0.5375,-4.7646484375,3.4833984375,0.80078125
0.538,-4.8447265625,2.4423828125,1.921875
0.5385,-4.884765625,1.8818359375,2.5224609375
0.539,-4.7646484375,0.9609375,3.283203125
0.5395,-4.6044921875,0.1201171875,3.923828125
0.54,-3.603515625,-1.041015625,4.083984375
0.5405,-3.36328125,-1.8017578125,4.5244140625
0.541,-2.1220703125,-3.0830078125,4.5244140625
0.5415,-1.6416015625,-3.5634765625,4.5244140625
0.542,-0.640625,-4.4443359375,4.404296875
0.5425,0.3203125,-4.8046875,3.84375
0.543,1.041015625,-5.0048828125,3.3232421875
0.5435,2.2021484375,-5.3251953125,2.5224609375
0.544,3.1630859375,-5.4453125,1.5615234375
0.5445,3.7236328125,-5.1650390625,0.8408203125
0.545,4.484375,-5.125,0.0
0.5455,4.4443359375,-4.1240234375,-0.9208984375
0.546,4.724609375,-3.84375,-1.44140625
0.5465,4.7646484375,-2.642578125,-2.642578125
0.547,4.6845703125,-2.08203125,-3.203125
0.5475,4.4443359375,-1.0009765625,-3.923828125
0.548,4.0439453125,0.0,-4.484375
0.5485,3.0830078125,1.041015625,-4.5244140625
0.549,2.6826171875,1.8017578125,-4.884765625
0.5495,1.4013671875,3.123046875,-4.96484375
0.55,0.8408203125,3.5634765625,-4.7646484375
0.5505,-0.2802734375,4.4443359375,-4.5244140625
0.551,-1.2412109375,4.6845703125,-3.84375
0.5515,-2.001953125,4.884765625,-3.2431640625
0.552,-3.203125,5.0849609375,-2.322265625
0.5525,-4.2841796875,5.125,-1.3212890625
0.553,-4.6845703125,4.64453125,-0.5205078125
0.5535,-5.4052734375,4.5244140625,0.4404296875
0.554,-5.28515625,3.5234375,1.3212890625
0.5545,-5.4853515625,3.123046875,1.921875
0.555,-5.525390625,1.841796875,3.203125
0.5555,-5.3251953125,1.12109375,3.7236328125
0.556,-4.884765625,0.0,4.404296875
0.5565,-4.3642578125,-1.12109375,4.8447265625
0.557,-3.36328125,-2.162109375,4.8447265625
0.5575,-2.802734375,-2.962890625,5.0849609375
0.558,-1.4814453125,-4.32421875,5.125
0.5585,-0.6806640625,-4.64453125,4.64453125
0.559,0.3203125,-5.4052734375,4.404296875
0.5595,1.28125,-5.4853515625,3.5234375
0.56,2.0419921875,-5.7255859375,2.9228515625
0.5605,3.3232421875,-5.8056640625,1.8818359375
0.561,4.2041015625,-5.845703125,0.9208984375
0.5615,4.5244140625,-5.125,0.0
0.562,5.0849609375,-4.9248046875,-0.80078125
0.5625,4.9248046875,-3.8037109375,-1.681640625
0.563,5.0849609375,-3.36328125,-2.2822265625
0.5635,5.0849609375,-2.08203125,-3.5634765625
0.564,4.7646484375,-1.361328125,-3.923828125
0.5645,4.2841796875,-0.2001953125,-4.564453125
0.565,3.6435546875,0.8408203125,-4.884765625
0.5655,2.72265625,1.76171875,-4.9248046875
0.566,2.08203125,2.6025390625,-5.0849609375
0.5665,1.0009765625,3.84375,-5.1650390625
0.567,0.080078125,4.1240234375,-4.564453125
0.5675,-0.8408203125,4.8447265625,-4.3642578125
0.568,-1.8818359375,4.8447265625,-3.443359375
0.5685,-2.6025390625,5.0849609375,-2.962890625
0.569,-3.8837890625,5.1650390625,-1.8017578125
0.5695,-4.724609375,5.1650390625,-0.9208984375
0.57,-5.0048828125,4.4443359375,0.16015625
0.5705,-5.5654296875,4.244140625,0.8408203125
0.571,-5.4052734375,3.1630859375,1.76171875
0.5715,-5.4853515625,2.642578125,2.40234375
0.572,-5.60546875,1.44140625,3.68359375
0.5725,-5.125,0.6005859375,4.00390625
0.573,-4.6044921875,-0.6005859375,4.64453125
0.5735,-3.8837890625,-1.6015625,4.8447265625
0.574,-3.0830078125,-2.5224609375,4.9248046875
0.5745,-2.2421875,-3.443359375,5.0048828125
0.575,-1.2412109375,-4.5244140625,5.0849609375
0.5755,-0.16015625,-4.8046875,4.244140625
0.576,0.6005859375,-5.4853515625,4.1240234375
0.5765,1.6416015625,-5.4453125,3.0830078125
0.577,2.3623046875,-5.6455078125,2.5625
0.5775,3.68359375,-5.685546875,1.4013671875
0.578,4.2841796875,-5.4853515625,0.6005859375
0.5785,4.564453125,-4.7646484375,-0.400390625
0.579,4.8447265625,-4.4443359375,-1.0009765625
0.5795,4.7646484375,-3.443359375,-1.921875
0.58,4.7646484375,-2.8427734375,-2.5224609375
0.5805,4.96484375,-1.8017578125,-3.68359375
0.581,4.244140625,-0.8408203125,-3.8837890625
0.5815,3.8837890625,0.16015625,-4.5244140625
0.582,3.04296875,1.12109375,-4.564453125
0.5825,2.482421875,1.921875,-4.7646484375
0.583,1.5615234375,2.8427734375,-4.8046875
0.5835,0.720703125,3.763671875,-4.8447265625
0.584,-0.3603515625,3.9638671875,-4.0439453125
0.5845,-1.0009765625,4.484375,-4.00390625
0.585,-2.001953125,4.5244140625,-2.962890625
0.5855,-2.6826171875,4.8046875,-2.5224609375
0.586,-3.923828125,4.96484375,-1.44140625
0.5865,-4.3642578125,4.564453125,-0.6806640625
0.587,-4.8046875,4.1240234375,0.240234375
0.5875,-5.0048828125,3.6435546875,0.880859375
0.588,-5.044921875,2.8828125,1.7216796875
0.5885,-5.044921875,2.162109375,2.40234375
0.589,-5.2451171875,1.28125,3.443359375
0.5895,-4.4443359375,0.240234375,3.68359375
0.59,-4.2841796875,-0.640625,4.3642578125
0.5905,-3.283203125,-1.7216796875,4.32421875
0.591,-2.8427734375,-2.40234375,4.6044921875
0.5915,-1.8818359375,-3.4033203125,4.6044921875
0.592,-1.041015625,-4.1640625,4.484375
0.5925,0.0,-4.484375,3.84375
0.593,0.560546875,-4.96484375,3.6435546875
0.5935,1.6416015625,-4.96484375,2.642578125
0.594,2.2822265625,-5.125,2.2421875
0.5945,3.4033203125,-5.28515625,1.2412109375
0.595,3.6435546875,-4.64453125,0.4404296875
0.5955,4.083984375,-4.3642578125,-0.2802734375
0.596,4.1240234375,-3.7236328125,-1.0009765625
0.5965,4.2041015625,-3.1630859375,-1.6416015625
0.597,4.1640625,-2.3623046875,-2.322265625
0.5975,4.32421875,-1.7216796875,-3.123046875
0.598,3.4833984375,-0.640625,-3.36328125
0.5985,3.443359375,0.0,-3.8837890625
0.599,2.482421875,0.9609375,-3.8837890625
0.5995,2.2421875,1.5615234375,-4.2041015625
0.6,1.3212890625,2.5224609375,-4.32421875
0.6005,0.640625,2.9228515625,-4.00390625
0.601,-0.16015625,3.36328125,-3.7236328125
0.6015,-0.80078125,3.763671875,-3.3232421875
0.602,-1.681640625,3.9638671875,-2.72265625
0.6025,-2.40234375,4.1640625,-2.2021484375
0.603,-3.283203125,4.32421875,-1.4814453125
0.6035,-3.5234375,3.763671875,-0.6806640625
0.604,-4.083984375,3.8037109375,-0.2001953125
0.6045,-4.1240234375,3.04296875,0.6005859375
0.605,-4.4443359375,2.7626953125,1.201171875
0.6055,-4.484375,1.921875,2.0419921875
0.606,-4.5244140625,1.4013671875,2.6025390625
0.6065,-3.8837890625,0.2802734375,3.0830078125
0.607,-3.8037109375,-0.400390625,3.603515625
0.6075,-2.962890625,-1.4013671875,3.8037109375
0.608,-2.642578125,-2.08203125,4.083984375
0.6085,-1.8017578125,-3.04296875,4.1240234375
0.609,-1.041015625,-3.4033203125,3.7236328125
0.6095,-0.400390625,-3.8837890625,3.6435546875
0.61,0.48046875,-4.1640625,3.04296875
0.6105,1.2412109375,-4.4443359375,2.6025390625
0.611,2.0419921875,-4.564453125,1.921875
0.6115,2.72265625,-4.64453125,1.3212890625
0.612,2.9228515625,-4.0439453125,0.5205078125
0.6125,3.36328125,-4.0439453125,0.1201171875
0.613,3.4033203125,-3.2431640625,-0.720703125
0.6135,3.6435546875,-3.0029296875,-1.2412109375
0.614,3.763671875,-2.2421875,-2.08203125
0.6145,3.5234375,-1.6015625,-2.4423828125
0.615,3.1630859375,-0.6806640625,-2.9228515625
0.6155,2.8427734375,-0.080078125,-3.2431640625
0.616,2.3623046875,0.6806640625,-3.5634765625
0.6165,1.921875,1.3212890625,-3.8037109375
0.617,1.3212890625,2.0419921875,-3.8837890625
0.6175,0.6005859375,2.4423828125,-3.443359375
0.618,0.1201171875,3.04296875,-3.5234375
0.6185,-0.80078125,3.203125,-2.802734375
0.619,-1.361328125,3.603515625,-2.642578125
0.6195,-2.2822265625,3.8037109375,-1.921875
0.62,-2.6826171875,3.7236328125,-1.4814453125
0.6205,-3.123046875,3.443359375,-0.80078125
0.621,-3.443359375,3.3232421875,-0.3603515625
0.6215,-3.68359375,2.802734375,0.4404296875
0.622,-3.923828125,2.482421875,0.9609375
0.6225,-4.1640625,1.921875,1.841796875
0.623,-3.763671875,1.12109375,2.162109375
0.6235,-3.763671875,0.3603515625,2.8828125
0.624,-3.203125,-0.560546875,3.0830078125
0.6245,-2.962890625,-1.2412109375,3.5234375
0.625,-2.322265625,-1.9619140625,3.68359375
0.6255,-1.8818359375,-2.5625,3.763671875
0.626,-1.041015625,-3.0029296875,3.4033203125
0.6265,-0.5205078125,-3.5634765625,3.4033203125
0.627,0.48046875,-3.8037109375,2.6826171875
0.6275,1.12109375,-4.1640625,2.482421875
0.628,1.921875,-4.3642578125,1.8017578125
0.6285,2.2421875,-4.083984375,1.28125
0.629,2.72265625,-3.923828125,0.640625
0.6295,2.9228515625,-3.5634765625,0.080078125
0.63,3.203125,-3.203125,-0.6005859375
0.6305,3.36328125,-2.72265625,-1.2412109375
0.631,3.5634765625,-2.2021484375,-1.921875
0.6315,3.0029296875,-1.28125,-2.2822265625
0.632,3.0830078125,-0.80078125,-2.8828125
0.6325,2.40234375,0.1201171875,-3.04296875
0.633,2.3623046875,0.720703125,-3.5234375
0.6335,1.6416015625,1.521484375,-3.603515625
0.634,1.12109375,1.9619140625,-3.5234375
0.6345,0.48046875,2.4423828125,-3.283203125
0.635,-0.240234375,2.8828125,-3.123046875
0.6355,-1.041015625,3.203125,-2.6025390625
0.636,-1.681640625,3.5234375,-2.2421875
0.6365,-2.4423828125,3.68359375,-1.7216796875
0.637,-2.6826171875,3.3232421875,-1.0810546875
0.6375,-3.203125,3.4033203125,-0.640625
0.638,-3.36328125,2.802734375,0.1201171875
0.6385,-3.763671875,2.6025390625,0.640625
0.639,-3.84375,1.9619140625,1.4013671875
0.6395,-3.8837890625,1.4814453125,1.921875
0.64,-3.443359375,0.48046875,2.40234375
0.6405,-3.4033203125,-0.1201171875,2.9228515625
0.641,-2.7626953125,-1.0009765625,3.203125
0.6415,-2.5625,-1.6015625,3.5634765625
0.642,-1.8818359375,-2.4423828125,3.68359375
0.6425,-1.2412109375,-2.8427734375,3.4033203125
0.643,-0.640625,-3.36328125,3.3232421875
0.6435,0.2802734375,-3.7236328125,2.8427734375
0.644,1.0009765625,-4.0439453125,2.4423828125
0.6445,1.76171875,-4.244140625,1.8818359375
0.645,2.3623046875,-4.32421875,1.361328125
0.6455,2.6025390625,-3.8037109375,0.6005859375
0.646,3.04296875,-3.84375,0.240234375
0.6465,3.1630859375,-3.0830078125,-0.640625
0.647,3.5234375,-2.8828125,-1.201171875
0.6475,3.5634765625,-2.08203125,-2.001953125
0.648,3.3232421875,-1.44140625,-2.482421875
0.6485,2.9228515625,-0.6005859375,-2.9228515625
0.649,2.6826171875,0.1201171875,-3.2431640625
0.6495,2.0419921875,1.0009765625,-3.5634765625
0.65,1.76171875,1.6015625,-3.763671875
0.6505,1.0009765625,2.40234375,-3.763671875
0.651,0.240234375,2.6826171875,-3.36328125
0.6515,-0.3603515625,3.203125,-3.2431640625
0.652,-1.361328125,3.4833984375,-2.5224609375
0.6525,-2.0419921875,3.763671875,-2.1220703125
0.653,-2.72265625,3.763671875,-1.44140625
0.6535,-3.203125,3.68359375,-0.880859375
0.654,-3.4833984375,3.203125,-0.2001953125
0.6545,-3.8037109375,3.04296875,0.3203125
0.655,-4.00390625,2.2822265625,1.2412109375
0.6555,-4.083984375,1.8818359375,1.7216796875
0.656,-4.1640625,1.0810546875,2.5224609375
0.6565,-3.603515625,0.1201171875,2.8427734375
0.657,-3.36328125,-0.6005859375,3.36328125
0.6575,-2.72265625,-1.44140625,3.5634765625
0.658,-2.2421875,-2.2822265625,3.8837890625
0.6585,-1.6015625,-2.8427734375,3.8037109375
0.659,-0.9208984375,-3.5234375,3.763671875
0.6595,-0.1201171875,-3.7236328125,3.203125
0.66,0.6005859375,-4.244140625,3.04296875
0.6605,1.7216796875,-4.4443359375,2.08203125
0.661,2.322265625,-4.564453125,1.6416015625
0.6615,3.0029296875,-4.484375,0.9208984375
0.662,3.3232421875,-4.1640625,0.2802734375
0.6625,3.5234375,-3.68359375,-0.4404296875
0.663,3.7236328125,-3.203125,-1.0810546875
0.6635,3.923828125,-2.482421875,-2.001953125
0.664,3.84375,-1.9619140625,-2.482421875
0.6645,3.8037109375,-1.12109375,-3.2431640625
0.665,3.04296875,0.0,-3.443359375
0.6655,2.8427734375,0.6005859375,-3.84375
0.666,1.921875,1.6416015625,-4.00390625
0.6665,1.4013671875,2.4423828125,-4.244140625
0.667,0.6005859375,3.0029296875,-3.9638671875
0.6675,-0.16015625,3.6435546875,-3.84375
0.668,-1.0009765625,3.763671875,-3.1630859375
0.6685,-1.76171875,4.1640625,-2.8427734375
0.669,-3.0029296875,4.32421875,-1.76171875
0.6695,-3.5634765625,4.2841796875,-1.1611328125
0.67,-4.1640625,4.083984375,-0.3603515625
0.6705,-4.404296875,3.603515625,0.3603515625
0.671,-4.5244140625,3.0830078125,1.0009765625
0.6715,-4.6845703125,2.322265625,1.8818359375
0.672,-4.8447265625,1.521484375,2.802734375
0.6725,-4.4443359375,0.640625,3.1630859375
0.673,-4.32421875,-0.2001953125,3.923828125
0.6735,-3.36328125,-1.28125,4.0439453125
0.674,-3.04296875,-1.9619140625,4.32421875
0.6745,-1.9619140625,-3.1630859375,4.4443359375
0.675,-1.28125,-3.84375,4.484375
0.6755,-0.3203125,-4.32421875,3.9638671875
0.676,0.400390625,-4.8447265625,3.763671875
0.6765,1.3212890625,-4.884765625,2.8828125
0.677,2.162109375,-5.1650390625,2.40234375
0.6775,3.4833984375,-5.3251953125,1.28125
0.678,3.84375,-4.9248046875,0.5205078125
0.6785,4.404296875,-4.6845703125,-0.3203125
0.679,4.4443359375,-3.9638671875,-1.041015625
0.6795,4.5244140625,-3.36328125,-1.681640625
0.68,4.564453125,-2.482421875,-2.6826171875
0.6805,4.64453125,-1.681640625,-3.5634765625
0.681,3.9638671875,-0.6005859375,-3.84375
0.6815,3.8037109375,0.240234375,-4.5244140625
0.682,2.72265625,1.28125,-4.4443359375
0.6825,2.3623046875,1.9619140625,-4.6845703125
0.683,1.2412109375,3.203125,-4.8447265625
0.6835,0.4404296875,3.84375,-4.64453125
0.684,-0.640625,4.32421875,-4.0439453125
0.6845,-1.3212890625,4.6845703125,-3.7236328125
0.685,-2.40234375,4.8046875,-2.802734375
0.6855,-3.203125,4.96484375,-2.162109375
0.686,-4.5244140625,5.1650390625,-1.041015625
0.6865,-4.8046875,4.484375,-0.16015625
0.687,-5.3251953125,4.244140625,0.6005859375
0.6875,-5.4052734375,3.3232421875,1.521484375
0.688,-5.4052734375,2.642578125,2.2021484375
0.6885,-5.4052734375,1.6015625,3.203125
0.689,-5.4453125,0.7607421875,4.1240234375
0.6895,-4.5244140625,-0.5205078125,4.404296875
0.69,-4.2841796875,-1.3212890625,4.96484375
0.6905,-3.04296875,-2.5224609375,4.884765625
0.691,-2.5224609375,-3.203125,5.044921875
0.6915,-1.28125,-4.5244140625,5.0849609375
0.692,-0.2802734375,-5.044921875,4.6044921875
0.6925,0.6806640625,-5.365234375,4.00390625
0.693,1.5615234375,-5.7255859375,3.4833984375
0.6935,2.72265625,-5.765625,2.3623046875
0.694,3.4833984375,-5.7255859375,1.6416015625
0.6945,4.64453125,-5.845703125,0.6005859375
0.695,4.724609375,-4.884765625,-0.4404296875
0.6955,5.0849609375,-4.564453125,-1.0009765625
0.696,5.0849609375,-3.603515625,-2.1220703125
0.6965,5.044921875,-2.8828125,-2.7626953125
0.697,4.96484375,-1.8017578125,-3.7236328125
0.6975,4.8447265625,-0.880859375,-4.484375
0.698,3.84375,0.400390625,-4.64453125
0.6985,3.5634765625,1.12109375,-5.125
0.699,2.2421875,2.3623046875,-5.0048828125
0.6995,1.76171875,2.9228515625,-5.0849609375
0.7,0.6005859375,4.1640625,-5.125
0.7005,-0.48046875,4.564453125,-4.4443359375
0.701,-1.3212890625,4.9248046875,-3.923828125
0.7015,-2.322265625,5.205078125,-3.2431640625
0.702,-3.36328125,5.205078125,-2.2421875
0.7025,-4.083984375,5.125,-1.4814453125
0.703,-5.125,5.205078125,-0.5205078125
0.7035,-5.125,4.1640625,0.4404296875
0.704,-5.60546875,4.00390625,1.12109375
0.7045,-5.60546875,2.802734375,2.2421875
0.705,-5.525390625,2.2021484375,2.8427734375
0.7055,-5.4453125,1.12109375,3.84375
0.706,-5.205078125,0.2001953125,4.484375
0.7065,-4.1640625,-1.12109375,4.724609375
0.707,-3.84375,-1.921875,5.125
0.7075,-2.5224609375,-3.203125,5.0849609375
0.708,-1.9619140625,-3.763671875,5.044921875
0.7085,-0.80078125,-4.884765625,5.0048828125
0.709,0.2802734375,-5.1650390625,4.2041015625
0.7095,1.041015625,-5.525390625,3.8037109375
0.71,2.2421875,-5.765625,2.8828125
0.7105,3.1630859375,-5.765625,1.921875
0.711,3.84375,-5.60546875,1.12109375
0.7115,4.6044921875,-5.60546875,0.240234375
0.712,4.724609375,-4.5244140625,-0.80078125
0.7125,4.96484375,-4.32421875,-1.2412109375
0.713,4.96484375,-3.0029296875,-2.5625
0.7135,4.9248046875,-2.4423828125,-3.0029296875
0.714,4.8046875,-1.361328125,-3.923828125
0.7145,4.32421875,-0.400390625,-4.4443359375
0.715,3.443359375,0.7607421875,-4.6044921875
0.7155,3.0029296875,1.521484375,-4.9248046875
0.716,1.841796875,2.72265625,-4.9248046875
0.7165,1.28125,3.203125,-4.8447265625
0.717,0.240234375,4.2041015625,-4.7646484375
0.7175,-0.8408203125,4.404296875,-3.8837890625
0.718,-1.4814453125,4.7646484375,-3.6435546875
0.7185,-2.7626953125,4.96484375,-2.5625
0.719,-3.4833984375,4.96484375,-1.921875
0.7195,-4.2041015625,4.8046875,-1.0009765625
0.72,-4.8447265625,4.5244140625,-0.2802734375
0.7205,-4.8447265625,3.84375,0.7607421875
0.721,-5.205078125,3.5234375,1.2412109375
0.7215,-5.205078125,2.2822265625,2.40234375
0.722,-5.125,1.841796875,2.802734375
0.7225,-5.0849609375,0.80078125,3.763671875
0.723,-4.404296875,-0.2802734375,4.1240234375
0.7235,-3.84375,-1.2412109375,4.484375
0.724,-3.1630859375,-2.1220703125,4.6845703125
0.7245,-2.2421875,-3.203125,4.7646484375
0.725,-1.5615234375,-3.68359375,4.6044921875
0.7255,-0.6005859375,-4.564453125,4.484375
0.726,0.4404296875,-4.7646484375,3.68359375
0.7265,1.0009765625,-5.1650390625,3.4833984375
0.727,2.3623046875,-5.28515625,2.2822265625
0.7275,2.9228515625,-5.4052734375,1.76171875
0.728,3.6435546875,-5.1650390625,0.880859375
0.7285,4.083984375,-4.96484375,0.0400390625
0.729,4.1640625,-4.0439453125,-0.720703125
0.7295,4.4443359375,-3.7236328125,-1.28125
0.73,4.484375,-2.642578125,-2.3623046875
0.7305,4.32421875,-2.162109375,-2.72265625
0.731,4.2841796875,-1.201171875,-3.603515625
0.7315,3.4833984375,-0.16015625,-3.8037109375
0.732,3.123046875,0.6005859375,-4.2041015625
0.7325,2.2822265625,1.5615234375,-4.2841796875
0.733,1.76171875,2.3623046875,-4.484375
0.7335,0.9609375,2.8828125,-4.244140625
0.734,0.1201171875,3.5634765625,-4.1240234375
0.7345,-0.7607421875,3.763671875,-3.36328125
0.735,-1.361328125,4.2041015625,-3.203125
0.7355,-2.5224609375,4.1640625,-2.2021484375
0.736,-2.962890625,4.32421875,-1.841796875
0.7365,-3.7236328125,4.1240234375,-1.0009765625
0.737,-3.9638671875,3.8037109375,-0.2802734375
0.7375,-4.244140625,3.4033203125,0.400390625
0.738,-4.3642578125,2.8427734375,1.041015625
0.7385,-4.564453125,2.2421875,1.841796875
0.739,-4.4443359375,1.6015625,2.322265625
0.7395,-4.4443359375,0.8408203125,3.0830078125
0.74,-3.603515625,-0.2802734375,3.3232421875
0.7405,-3.5634765625,-0.8408203125,3.8837890625
0.741,-2.6025390625,-1.9619140625,3.923828125
0.7415,-2.3623046875,-2.482421875,4.2041015625
0.742,-1.44140625,-3.203125,4.00390625
0.7425,-0.7607421875,-3.7236328125,3.84375
0.743,0.080078125,-4.00390625,3.3232421875
0.7435,0.7607421875,-4.5244140625,3.04296875
0.744,1.841796875,-4.6845703125,2.2021484375
0.7445,2.2822265625,-4.724609375,1.76171875
0.745,3.04296875,-4.64453125,1.0009765625
0.7455,3.1630859375,-4.083984375,0.2802734375
0.746,3.603515625,-3.923828125,-0.3203125
0.7465,3.68359375,-3.1630859375,-1.0810546875
0.747,3.9638671875,-2.7626953125,-1.7216796875
0.7475,3.7236328125,-1.9619140625,-2.2822265625
0.748,3.68359375,-1.28125,-2.9228515625
0.7485,2.9228515625,-0.2802734375,-3.1630859375
0.749,2.8828125,0.2802734375,-3.68359375
0.7495,2.0419921875,1.3212890625,-3.763671875
0.75,1.76171875,1.841796875,-4.00390625
0.7505,0.9208984375,2.5224609375,-3.8037109375
0.751,0.2001953125,2.8828125,-3.5234375
0.7515,-0.5205078125,3.2431640625,-3.203125
0.752,-1.3212890625,3.5234375,-2.6826171875
0.7525,-2.08203125,3.8037109375,-2.2021484375
0.753,-2.5625,3.763671875,-1.6416015625
0.7535,-3.1630859375,3.8037109375,-1.0810546875
0.754,-3.283203125,3.203125,-0.3603515625
0.7545,-3.763671875,3.1630859375,0.1201171875
0.755,-3.84375,2.4423828125,0.9208984375
0.7555,-4.1240234375,2.2421875,1.4013671875
0.756,-3.9638671875,1.4013671875,2.08203125
0.7565,-3.8037109375,0.7607421875,2.5224609375
0.757,-3.3232421875,-0.2001953125,2.962890625
0.7575,-3.123046875,-0.80078125,3.3232421875
0.758,-2.5625,-1.681640625,3.6435546875
0.7585,-2.162109375,-2.162109375,3.68359375
0.759,-1.44140625,-2.8828125,3.68359375
0.7595,-0.720703125,-3.203125,3.2431640625
0.76,-0.080078125,-3.8037109375,3.203125
0.7605,0.8408203125,-4.00390625,2.482421875
0.761,1.44140625,-4.3642578125,2.2421875
0.7615,2.0419921875,-4.1640625,1.5615234375
0.762,2.482421875,-4.2041015625,1.12109375
0.7625,2.7626953125,-3.7236328125,0.3603515625
0.763,3.123046875,-3.603515625,-0.080078125
0.7635,3.3232421875,-2.962890625,-0.9208984375
0.764,3.5234375,-2.6826171875,-1.361328125
0.7645,3.4833984375,-1.8818359375,-2.162109375
0.765,3.0830078125,-1.1611328125,-2.482421875
0.7655,2.8828125,-0.3203125,-3.04296875
0.766,2.4423828125,0.3603515625,-3.283203125
0.7665,2.162109375,1.12109375,-3.7236328125
0.767,1.5615234375,1.6416015625,-3.603515625
0.7675,0.9208984375,2.2421875,-3.6435546875
0.768,0.16015625,2.5224609375,-3.203125
0.7685,-0.48046875,3.123046875,-3.123046875
0.769,-1.44140625,3.36328125,-2.3623046875
0.7695,-1.9619140625,3.6435546875,-2.1220703125
0.77,-2.5224609375,3.5234375,-1.44140625
0.7705,-2.8828125,3.36328125,-1.0009765625
0.771,-3.2431640625,3.123046875,-0.3203125
0.7715,-3.4833984375,2.7626953125,0.2802734375
0.772,-3.84375,2.3623046875,1.0009765625
0.7725,-3.8037109375,1.841796875,1.4814453125
0.773,-3.84375,1.12109375,2.2421875
0.7735,-3.2431640625,0.240234375,2.5224609375
0.774,-3.2431640625,-0.400390625,3.123046875
0.7745,-2.6025390625,-1.28125,3.283203125
0.775,-2.3623046875,-1.8818359375,3.6435546875
0.7755,-1.6416015625,-2.4423828125,3.443359375
0.776,-1.12109375,-3.0029296875,3.443359375
0.7765,-0.3203125,-3.36328125,2.962890625
0.777,0.3603515625,-3.763671875,2.7626953125
0.7775,1.28125,-4.083984375,2.162109375
0.778,1.76171875,-4.1240234375,1.76171875
0.7785,2.3623046875,-4.1240234375,1.1611328125
0.779,2.5224609375,-3.7236328125,0.6005859375
0.7795,3.0029296875,-3.603515625,0.0400390625
0.78,3.123046875,-3.0029296875,-0.6806640625
0.7805,3.5234375,-2.72265625,-1.3212890625
0.781,3.283203125,-1.9619140625,-1.8818359375
0.7815,3.3232421875,-1.361328125,-2.5224609375
0.782,2.6826171875,-0.400390625,-2.802734375
0.7825,2.6826171875,0.16015625,-3.3232421875
0.783,1.9619140625,1.12109375,-3.5634765625
0.7835,1.6416015625,1.5615234375,-3.763671875
0.784,0.880859375,2.2822265625,-3.5634765625
0.7845,0.240234375,2.6826171875,-3.4033203125
0.785,-0.5205078125,3.1630859375,-3.04296875
0.7855,-1.3212890625,3.4833984375,-2.5224609375
0.786,-2.2822265625,3.8037109375,-1.9619140625
0.7865,-2.642578125,3.5634765625,-1.361328125
0.787,-3.2431640625,3.6435546875,-0.80078125
0.7875,-3.4033203125,3.0830078125,-0.16015625
0.788,-3.8037109375,2.8828125,0.4404296875
0.7885,-3.923828125,2.162109375,1.28125
0.789,-4.1240234375,1.76171875,1.8818359375
0.7895,-3.8037109375,0.8408203125,2.482421875
0.79,-3.603515625,0.1201171875,2.962890625
0.7905,-3.04296875,-0.7607421875,3.203125
0.791,-2.72265625,-1.44140625,3.5634765625
0.7915,-2.001953125,-2.4423828125,3.84375
0.792,-1.44140625,-2.8828125,3.6435546875
0.7925,-0.80078125,-3.5234375,3.5234375
0.793,0.0,-3.7236328125,3.0830078125
0.7935,0.720703125,-4.1240234375,2.7626953125
0.794,1.7216796875,-4.32421875,2.001953125
0.7945,2.482421875,-4.564453125,1.44140625
0.795,2.8427734375,-4.083984375,0.6806640625
0.7955,3.2431640625,-4.083984375,0.240234375
0.796,3.3232421875,-3.36328125,-0.5205078125
0.7965,3.5634765625,-3.0830078125,-1.041015625
0.797,3.8037109375,-2.322265625,-2.001953125
0.7975,3.68359375,-1.76171875,-2.482421875
0.798,3.36328125,-0.80078125,-3.0830078125
0.7985,2.9228515625,-0.080078125,-3.36328125
0.799,2.482421875,0.720703125,-3.603515625
0.7995,1.921875,1.521484375,-3.8837890625
0.8,1.28125,2.4423828125,-4.1640625
0.8005,0.4404296875,2.7626953125,-3.7236328125
0.801,-0.16015625,3.443359375,-3.68359375
0.8015,-1.0810546875,3.603515625,-2.9228515625
0.802,-1.8017578125,3.9638671875,-2.6025390625
0.8025,-2.8828125,4.1640625,-1.76171875
0.803,-3.5634765625,4.1640625,-1.12109375
0.8035,-3.8837890625,3.68359375,-0.3203125
0.804,-4.244140625,3.5234375,0.2802734375
0.8045,-4.3642578125,2.802734375,1.12109375
0.805,-4.484375,2.2822265625,1.7216796875
0.8055,-4.7646484375,1.4814453125,2.802734375
0.806,-4.2841796875,0.6005859375,3.1630859375
0.8065,-3.9638671875,-0.3603515625,3.763671875
0.807,-3.283203125,-1.28125,3.9638671875
0.8075,-2.6826171875,-2.162109375,4.1640625
0.808,-1.9619140625,-3.04296875,4.2841796875
0.8085,-1.12109375,-4.00390625,4.3642578125
0.809,-0.16015625,-4.1640625,3.68359375
0.8095,0.4404296875,-4.724609375,3.6435546875
0.81,1.6416015625,-4.8447265625,2.5625
0.8105,2.2822265625,-5.0048828125,2.0419921875
0.811,3.4033203125,-5.125,1.12109375
0.8115,3.84375,-4.8447265625,0.3603515625
0.812,4.083984375,-4.244140625,-0.400390625
0.8125,4.32421875,-3.84375,-1.0810546875
0.813,4.32421875,-2.8828125,-2.0419921875
0.8135,4.32421875,-2.2822265625,-2.5625
0.814,4.484375,-1.44140625,-3.603515625
0.8145,3.7236328125,-0.3603515625,-3.84375
0.815,3.4033203125,0.4404296875,-4.32421875
0.8155,2.482421875,1.44140625,-4.4443359375
0.816,1.8818359375,2.2421875,-4.564453125
0.8165,1.0810546875,3.123046875,-4.6044921875
0.817,0.16015625,3.9638671875,-4.484375
0.8175,-0.80078125,4.1240234375,-3.68359375
0.818,-1.4814453125,4.6044921875,-3.5234375
0.8185,-2.8427734375,4.724609375,-2.2822265625
0.819,-3.36328125,4.724609375,-1.8017578125
0.8195,-4.404296875,4.8046875,-0.8408203125
0.82,-4.724609375,4.2841796875,0.0400390625
0.8205,-5.0048828125,3.763671875,0.7607421875
0.821,-5.205078125,3.1630859375,1.5615234375
0.8215,-5.2451171875,2.2021484375,2.5625
0.822,-5.0849609375,1.4814453125,3.123046875
0.8225,-5.205078125,0.560546875,4.1240234375
0.823,-4.1640625,-0.6806640625,4.32421875
0.8235,-3.923828125,-1.521484375,4.7646484375
0.824,-2.72265625,-2.8427734375,4.8447265625
0.8245,-2.0419921875,-3.603515625,4.9248046875
0.825,-1.041015625,-4.404296875,4.7646484375
0.8255,0.0,-5.125,4.484375
0.826,0.9609375,-5.205078125,3.603515625
0.8265,1.76171875,-5.685546875,3.283203125
0.827,3.1630859375,-5.7255859375,1.921875
0.8275,3.68359375,-5.5654296875,1.28125
0.828,4.6044921875,-5.4453125,0.2802734375
0.8285,4.8046875,-4.7646484375,-0.640625
0.829,4.9248046875,-4.1240234375,-1.361328125
0.8295,5.0849609375,-3.283203125,-2.3623046875
0.83,5.044921875,-2.2822265625,-3.283203125
0.8305,4.64453125,-1.4814453125,-3.7236328125
0.831,4.6044921875,-0.48046875,-4.64453125
0.8315,3.443359375,0.7607421875,-4.6845703125
0.832,3.123046875,1.44140625,-5.044921875
0.8325,1.841796875,2.802734375,-5.0849609375
0.833,1.1611328125,3.5234375,-5.0048828125
0.8335,0.1201171875,4.2041015625,-4.6845703125
0.834,-0.880859375,4.8046875,-4.32421875
0.8345,-1.8017578125,4.8046875,-3.4033203125
0.835,-2.6025390625,5.205078125,-2.962890625
0.8355,-3.9638671875,5.2451171875,-1.6416015625
0.836,-4.3642578125,4.96484375,-1.0009765625
0.8365,-5.205078125,4.8046875,0.0
0.837,-5.365234375,4.00390625,0.9208984375
0.8375,-5.4453125,3.4833984375,1.521484375
0.838,-5.525390625,2.482421875,2.5625
0.8385,-5.5654296875,1.6015625,3.443359375
0.839,-5.125,0.720703125,3.84375
0.8395,-5.0048828125,-0.3203125,4.6845703125
0.84,-3.8037109375,-1.6416015625,4.7646484375
0.8405,-3.5234375,-2.2822265625,5.0849609375
0.841,-2.08203125,-3.68359375,5.0849609375
0.8415,-1.4814453125,-4.244140625,5.044921875
0.842,-0.3603515625,-4.96484375,4.6044921875
0.8425,0.640625,-5.4453125,4.1640625
0.843,1.521484375,-5.4853515625,3.3232421875
0.8435,2.482421875,-5.8056640625,2.72265625
0.844,3.8037109375,-5.8857421875,1.4814453125
0.8445,4.1240234375,-5.4453125,0.7607421875
0.845,4.884765625,-5.2451171875,-0.2802734375
0.8455,4.9248046875,-4.3642578125,-1.1611328125
0.846,5.044921875,-3.84375,-1.8017578125
0.8465,5.044921875,-2.72265625,-2.8427734375
0.847,5.044921875,-1.9619140625,-3.6435546875
0.8475,4.484375,-0.9609375,-4.083984375
0.848,4.2041015625,0.0400390625,-4.8046875
0.8485,3.04296875,1.2412109375,-4.7646484375
0.849,2.7626953125,1.921875,-5.0048828125
0.8495,1.4013671875,3.283203125,-5.044921875
0.85,0.7607421875,3.763671875,-4.884765625
0.8505,-0.3603515625,4.404296875,-4.404296875
0.851,-1.2412109375,4.8046875,-3.8837890625
0.8515,-2.08203125,4.8447265625,-3.1630859375
0.852,-3.04296875,5.0849609375,-2.40234375
0.8525,-4.244140625,5.1650390625,-1.361328125
0.853,-4.5244140625,4.6044921875,-0.6005859375
0.8535,-5.205078125,4.484375,0.2802734375
0.854,-5.1650390625,3.5234375,1.201171875
0.8545,-5.3251953125,3.123046875,1.76171875
0.855,-5.28515625,1.921875,2.8427734375
0.8555,-5.28515625,1.28125,3.443359375
0.856,-4.6845703125,0.1201171875,3.923828125
0.8565,-4.3642578125,-0.80078125,4.484375
0.857,-3.3232421875,-1.8818359375,4.564453125
0.8575,-2.9228515625,-2.5224609375,4.8046875
0.858,-1.76171875,-3.8037109375,4.884765625
0.8585,-1.041015625,-4.1640625,4.5244140625
0.859,0.0,-4.8447265625,4.1640625
0.8595,0.8408203125,-5.0849609375,3.5634765625
0.86,1.6015625,-5.28515625,3.04296875
0.8605,2.6826171875,-5.4052734375,2.08203125
0.861,3.68359375,-5.5654296875,1.28125
0.8615,3.923828125,-4.9248046875,0.400390625
0.862,4.5244140625,-4.8046875,-0.3203125
0.8625,4.4443359375,-3.8037109375,-1.2412109375
0.863,4.6044921875,-3.443359375,-1.7216796875
0.8635,4.6044921875,-2.40234375,-2.8828125
0.864,4.484375,-1.8017578125,-3.3232421875
0.8645,3.9638671875,-0.640625,-3.923828125
0.865,3.5234375,0.2802734375,-4.2841796875
0.8655,2.6826171875,1.2412109375,-4.404296875
0.866,2.2421875,1.921875,-4.564453125
0.8665,1.28125,3.0830078125,-4.724609375
0.867,0.48046875,3.36328125,-4.2041015625
0.8675,-0.3603515625,4.083984375,-4.0439453125
0.868,-1.2412109375,4.1240234375,-3.283203125
0.8685,-1.9619140625,4.484375,-2.9228515625
0.869,-3.04296875,4.5244140625,-1.9619140625
0.8695,-3.8037109375,4.6044921875,-1.28125
0.87,-4.083984375,4.00390625,-0.400390625
0.8705,-4.5244140625,3.8837890625,0.2001953125
0.871,-4.5244140625,3.04296875,1.041015625
0.8715,-4.6845703125,2.6025390625,1.521484375
0.872,-4.8447265625,1.7216796875,2.5625
0.8725,-4.5244140625,1.0810546875,2.8828125
0.873,-4.2041015625,0.080078125,3.5634765625
0.8735,-3.603515625,-0.8408203125,3.8037109375
0.874,-3.0830078125,-1.6015625,4.083984375
0.8745,-2.40234375,-2.40234375,4.1640625
0.875,-1.76171875,-3.2431640625,4.32421875
0.8755,-0.9208984375,-3.5634765625,3.8037109375
0.876,-0.3203125,-4.1640625,3.8037109375
0.8765,0.6005859375,-4.2841796875,3.0029296875
0.877,1.28125,-4.64453125,2.7626953125
0.8775,2.3623046875,-4.8046875,1.841796875
0.878,2.8427734375,-4.7646484375,1.3212890625
0.8785,3.283203125,-4.3642578125,0.48046875
0.879,3.5634765625,-4.1240234375,0.0
0.8795,3.763671875,-3.5634765625,-0.80078125
0.88,3.84375,-3.123046875,-1.361328125
0.8805,4.1240234375,-2.482421875,-2.322265625
0.881,3.763671875,-1.681640625,-2.6025390625
0.8815,3.6435546875,-0.80078125,-3.3232421875
0.882,2.8828125,0.1201171875,-3.4833984375
0.8825,2.6826171875,0.80078125,-3.8837890625
0.883,1.921875,1.7216796875,-4.0439453125
0.8835,1.44140625,2.3623046875,-4.1640625
0.884,0.5205078125,2.802734375,-3.7236328125
0.8845,0.0,3.3232421875,-3.68359375
0.885,-0.9609375,3.5234375,-2.962890625
0.8855,-1.6015625,3.8837890625,-2.6826171875
0.886,-2.6826171875,4.1240234375,-1.8818359375
0.8865,-3.0029296875,3.84375,-1.28125
0.887,-3.5634765625,3.763671875,-0.640625
0.8875,-3.7236328125,3.203125,0.0
0.888,-4.00390625,2.8828125,0.6005859375
0.8885,-4.083984375,2.2421875,1.28125
0.889,-4.3642578125,1.841796875,2.0419921875
0.8895,-3.84375,0.9208984375,2.40234375
0.89,-3.84375,0.2802734375,3.04296875
0.8905,-3.0830078125,-0.720703125,3.203125
0.891,-2.962890625,-1.28125,3.68359375
0.8915,-2.162109375,-2.2421875,3.84375
0.892,-1.7216796875,-2.642578125,3.763671875
0.8925,-0.9609375,-3.203125,3.5234375
0.893,-0.3603515625,-3.5634765625,3.283203125
0.8935,0.4404296875,-3.8837890625,2.8427734375
0.894,1.201171875,-4.1640625,2.40234375
0.8945,2.001953125,-4.4443359375,1.841796875
0.895,2.2421875,-4.083984375,1.2412109375
0.8955,2.8427734375,-4.1640625,0.7607421875
0.896,2.962890625,-3.5634765625,0.0
0.8965,3.3232421875,-3.4833984375,-0.5205078125
0.897,3.443359375,-2.72265625,-1.28125
0.8975,3.6435546875,-2.4423828125,-1.7216796875
0.898,3.1630859375,-1.44140625,-2.322265625
0.8985,3.1630859375,-0.9609375,-2.7626953125
0.899,2.5625,0.0400390625,-3.1630859375
0.8995,2.482421875,0.6005859375,-3.5634765625
0.9,1.8818359375,1.521484375,-3.84375
0.9005,1.3212890625,1.921875,-3.603515625
0.901,0.640625,2.5625,-3.603515625
0.9015,-0.1201171875,2.8828125,-3.1630859375
0.902,-0.80078125,3.3232421875,-2.9228515625
0.9025,-1.6416015625,3.5634765625,-2.322265625
0.903,-2.2822265625,3.84375,-1.9619140625
0.9035,-2.6826171875,3.443359375,-1.2412109375
0.904,-3.1630859375,3.4833984375,-0.8408203125
0.9045,-3.4033203125,2.8828125,0.0
0.905,-3.7236328125,2.802734375,0.48046875
0.9055,-4.00390625,2.162109375,1.361328125
0.906,-3.8837890625,1.6015625,1.76171875
0.9065,-3.6435546875,0.720703125,2.40234375
0.907,-3.36328125,0.0400390625,2.802734375
0.9075,-2.962890625,-0.7607421875,3.1630859375
0.908,-2.5625,-1.4814453125,3.4833984375
0.9085,-2.08203125,-2.2021484375,3.68359375
0.909,-1.361328125,-2.6025390625,3.36328125
0.9095,-0.9208984375,-3.203125,3.4833984375
0.91,0.0,-3.4833984375,2.8427734375
0.9105,0.6005859375,-3.8837890625,2.6826171875
0.911,1.5615234375,-4.1640625,1.9619140625
0.9115,1.9619140625,-4.2041015625,1.5615234375
0.912,2.40234375,-3.923828125,0.880859375
0.9125,2.6826171875,-3.84375,0.48046875
0.913,3.0029296875,-3.283203125,-0.2802734375
0.9135,3.1630859375,-2.962890625,-0.80078125
0.914,3.5234375,-2.482421875,-1.6015625
0.9145,3.1630859375,-1.8017578125,-1.9619140625
0.915,3.1630859375,-1.041015625,-2.6025390625
0.9155,2.6025390625,-0.2802734375,-2.8828125
0.916,2.482421875,0.3603515625,-3.3232421875
0.9165,1.921875,1.2412109375,-3.5634765625
0.917,1.4814453125,1.8017578125,-3.7236328125
0.9175,0.6806640625,2.2822265625,-3.36328125
0.918,0.2001953125,2.8427734375,-3.36328125
0.9185,-0.720703125,3.123046875,-2.802734375
0.919,-1.361328125,3.5234375,-2.5625
0.9195,-2.322265625,3.763671875,-1.921875
0.92,-2.72265625,3.5234375,-1.3212890625
0.9205,-3.203125,3.443359375,-0.7607421875
0.921,-3.443359375,3.0830078125,-0.16015625
0.9215,-3.763671875,2.72265625,0.560546875
0.922,-3.923828125,2.162109375,1.28125
0.9225,-4.2041015625,1.6416015625,2.001953125
0.923,-3.603515625,0.6806640625,2.40234375
0.9235,-3.68359375,0.0400390625,3.0830078125
0.924,-2.8828125,-0.9208984375,3.2431640625
0.9245,-2.72265625,-1.5615234375,3.6435546875
0.925,-1.9619140625,-2.4423828125,3.8037109375
0.9255,-1.28125,-2.962890625,3.6435546875
0.926,-0.640625,-3.36328125,3.36328125
0.9265,0.1201171875,-3.84375,3.123046875
0.927,1.041015625,-4.083984375,2.40234375
0.9275,1.7216796875,-4.3642578125,1.9619140625
0.928,2.5625,-4.5244140625,1.28125
0.9285,2.802734375,-4.0439453125,0.560546875
0.929,3.203125,-3.923828125,0.1201171875
0.9295,3.3232421875,-3.203125,-0.640625
0.93,3.5634765625,-2.8828125,-1.2412109375
0.9305,3.6435546875,-2.162109375,-2.001953125
0.931,3.6435546875,-1.5615234375,-2.6025390625
0.9315,3.0029296875,-0.6005859375,-2.9228515625
0.932,2.9228515625,0.0,-3.4033203125
0.9325,2.08203125,1.0009765625,-3.5634765625
0.933,1.8818359375,1.5615234375,-3.84375
0.9335,1.0810546875,2.482421875,-3.923828125
0.934,0.3203125,2.8427734375,-3.5634765625
0.9345,-0.3203125,3.283203125,-3.36328125
0.935,-1.2412109375,3.6435546875,-2.8427734375
0.9355,-2.0419921875,3.84375,-2.2421875
0.936,-2.7626953125,3.9638671875,-1.6416015625
0.9365,-3.4833984375,3.9638671875,-1.041015625
0.937,-3.7236328125,3.443359375,-0.2001953125
0.9375,-4.1240234375,3.4033203125,0.2802734375
0.938,-4.2041015625,2.482421875,1.28125
0.9385,-4.404296875,2.1220703125,1.8017578125
0.939,-4.4443359375,1.28125,2.642578125
0.9395,-4.1640625,0.48046875,3.1630859375
0.94,-3.5634765625,-0.5205078125,3.5234375
0.9405,-3.2431640625,-1.28125,3.9638671875
0.941,-2.322265625,-2.3623046875,4.083984375
0.9415,-1.8818359375,-2.962890625,4.1640625
0.942,-1.0009765625,-3.84375,4.1240234375
0.9425,-0.1201171875,-4.1240234375,3.603515625
0.943,0.560546875,-4.5244140625,3.36328125
0.9435,1.76171875,-4.884765625,2.40234375
0.944,2.5625,-5.0048828125,1.7216796875
0.9445,3.2431640625,-4.884765625,0.9609375
0.945,3.8837890625,-4.6845703125,0.2802734375
0.9455,3.8837890625,-3.8837890625,-0.6005859375
0.946,4.2041015625,-3.68359375,-1.12109375
0.9465,4.2841796875,-2.5625,-2.2822265625
0.947,4.244140625,-2.0419921875,-2.72265625
0.9475,4.1240234375,-1.0810546875,-3.5634765625
0.948,3.5634765625,-0.16015625,-3.923828125
0.9485,2.8828125,0.7607421875,-4.1240234375
0.949,2.3623046875,1.6015625,-4.3642578125
0.9495,1.4013671875,2.72265625,-4.5244140625
0.95,0.7607421875,3.1630859375,-4.2841796875
0.9505,-0.16015625,3.9638671875,-4.1640625
0.951,-1.041015625,4.083984375,-3.443359375
0.9515,-1.7216796875,4.404296875,-3.1630859375
0.952,-3.04296875,4.6044921875,-2.0419921875
0.9525,-3.8037109375,4.6044921875,-1.361328125
0.953,-4.32421875,4.32421875,-0.5205078125
0.9535,-4.8447265625,4.1240234375,0.2802734375
0.954,-4.8046875,3.2431640625,1.0810546875
0.9545,-5.044921875,2.8828125,1.6416015625
0.955,-5.125,1.76171875,2.8427734375
0.9555,-4.884765625,1.12109375,3.2431640625
0.956,-4.6845703125,0.1201171875,4.0439453125
0.9565,-3.9638671875,-1.0009765625,4.32421875
0.957,-3.36328125,-1.841796875,4.6044921875
0.9575,-2.5224609375,-2.8427734375,4.7646484375
0.958,-1.6015625,-3.9638671875,4.8447265625
0.9585,-0.6806640625,-4.3642578125,4.404296875
0.959,0.16015625,-5.125,4.2841796875
0.9595,1.12109375,-5.205078125,3.36328125
0.96,1.8818359375,-5.525390625,2.962890625
0.9605,3.3232421875,-5.7255859375,1.7216796875
0.961,4.0439453125,-5.60546875,0.9208984375
0.9615,4.5244140625,-5.0048828125,-0.080078125
0.962,4.96484375,-4.724609375,-0.8408203125
0.9625,4.8447265625,-3.7236328125,-1.681640625
0.963,4.96484375,-3.1630859375,-2.40234375
0.9635,5.0849609375,-1.9619140625,-3.68359375
0.964,4.564453125,-1.0810546875,-4.00390625
0.9645,4.2041015625,0.0400390625,-4.6845703125
0.965,3.3232421875,1.0810546875,-4.8447265625
0.9655,2.642578125,1.921875,-4.96484375
0.966,1.7216796875,2.962890625,-5.0048828125
0.9665,0.720703125,4.083984375,-5.125
0.967,-0.3603515625,4.32421875,-4.32421875
0.9675,-1.1611328125,4.96484375,-4.244140625
0.968,-2.2021484375,4.9248046875,-3.1630859375
0.9685,-2.8828125,5.0849609375,-2.6826171875
0.969,-4.32421875,5.2451171875,-1.361328125
0.9695,-4.9248046875,4.96484375,-0.5205078125
0.97,-5.2451171875,4.32421875,0.48046875
0.9705,-5.60546875,3.9638671875,1.201171875
0.971,-5.4853515625,2.962890625,2.0419921875
0.9715,-5.4853515625,2.2421875,2.72265625
0.972,-5.6455078125,1.1611328125,3.9638671875
0.9725,-4.884765625,0.1201171875,4.2041015625
0.973,-4.564453125,-0.9208984375,4.884765625
0.9735,-3.603515625,-1.9619140625,4.96484375
0.974,-2.962890625,-2.7626953125,5.0849609375
0.9745,-1.8818359375,-3.8837890625,5.0849609375
0.975,-0.9609375,-4.8447265625,5.0849609375
0.9755,0.2001953125,-5.125,4.1640625
0.976,0.9208984375,-5.7255859375,4.1240234375
0.9765,2.0419921875,-5.7255859375,2.9228515625
0.977,2.72265625,-5.8056640625,2.4423828125
0.9775,4.1640625,-5.92578125,1.12109375
0.978,4.6044921875,-5.4853515625,0.2802734375
0.9785,4.96484375,-4.8447265625,-0.720703125
0.979,5.1650390625,-4.3642578125,-1.44140625
0.9795,5.0849609375,-3.36328125,-2.322265625
0.98,5.044921875,-2.5625,-3.04296875
0.9805,5.2451171875,-1.521484375,-4.2041015625
0.981,4.2841796875,-0.3603515625,-4.404296875
0.9815,3.9638671875,0.6005859375,-5.0048828125
0.982,2.9228515625,1.6416015625,-4.96484375
0.9825,2.2822265625,2.4423828125,-5.125
0.983,1.2412109375,3.5234375,-5.125
0.9835,0.2802734375,4.32421875,-5.0048828125
0.984,-0.8408203125,4.5244140625,-4.1240234375
0.9845,-1.521484375,5.044921875,-3.923828125
0.985,-2.7626953125,5.0849609375,-2.6826171875
0.9855,-3.36328125,5.0849609375,-2.2021484375
0.986,-4.6845703125,5.2451171875,-1.0009765625
0.9865,-4.96484375,4.6044921875,0.0
0.987,-5.3251953125,4.1640625,0.7607421875
0.9875,-5.4453125,3.4833984375,1.521484375
0.988,-5.4453125,2.6025390625,2.3623046875
0.9885,-5.3251953125,1.76171875,3.0830078125
0.989,-5.4853515625,0.8408203125,4.1240234375
0.9895,-4.4443359375,-0.4404296875,4.32421875
0.99,-4.2841796875,-1.2412109375,4.884765625
0.9905,-3.0830078125,-2.40234375,4.8447265625
0.991,-2.5625,-3.0830078125,4.96484375
0.9915,-1.44140625,-4.2041015625,4.884765625
0.992,-0.5205078125,-4.8447265625,4.6044921875
0.9925,0.48046875,-5.125,3.84375
0.993,1.201171875,-5.4453125,3.5634765625
0.9935,2.40234375,-5.4853515625,2.4423828125
0.994,2.962890625,-5.4853515625,1.921875
0.9945,4.1240234375,-5.6455078125,0.880859375
0.995,4.32421875,-4.8447265625,-0.080078125
0.9955,4.724609375,-4.5244140625,-0.720703125
0.996,4.724609375,-3.68359375,-1.6015625
0.9965,4.7646484375,-2.962890625,-2.322265625
0.997,4.64453125,-2.08203125,-3.0830078125
0.9975,4.6845703125,-1.28125,-3.923828125
0.998,3.68359375,0.0,-4.1240234375
0.9985,3.5234375,0.640625,-4.64453125
0.999,2.40234375,1.76171875,-4.564453125
0.9995,2.001953125,2.3623046875,-4.8046875
