wavelength,x,y,z
0.0,-2.2371826171875,3.8887939453125,-2.0770263671875
0.0005,-3.1580810546875,4.1290283203125,-1.4364013671875
0.001,-3.4383544921875,3.6885986328125,-0.7557373046875
0.0015,-3.8787841796875,3.8887939453125,-0.4354248046875
0.002,-3.8387451171875,3.1280517578125,0.3653564453125
0.0025,-4.1590576171875,2.8077392578125,0.9659423828125
0.003,-4.2791748046875,1.9268798828125,1.9268798828125
0.0035,-4.3592529296875,1.2862548828125,2.5675048828125
0.004,-4.0389404296875,0.4454345703125,3.1280517578125
0.0045,-3.9188232421875,-0.1151123046875,3.4884033203125
0.005,-3.1180419921875,-1.0760498046875,3.6485595703125
0.0055,-2.7176513671875,-1.8367919921875,3.9688720703125
0.006,-1.9168701171875,-2.8377685546875,4.1290283203125
0.0065,-1.1561279296875,-3.2781982421875,3.8487548828125
0.007,-0.7156982421875,-3.8787841796875,3.9688720703125
0.0075,0.1651611328125,-4.0389404296875,3.2081298828125
0.008,1.0059814453125,-4.4393310546875,2.7276611328125
0.0085,2.0469970703125,-4.5194091796875,1.8868408203125
0.009,2.7677001953125,-4.6795654296875,1.2462158203125
0.0095,3.0479736328125,-4.2391357421875,0.6456298828125
0.01,3.4483642578125,-4.3192138671875,0.3253173828125
0.0105,3.4483642578125,-3.3983154296875,-0.5955810546875
0.011,3.6885986328125,-3.0379638671875,-1.1961669921875
0.0115,3.8487548828125,-2.1571044921875,-2.1971435546875
0.012,3.6885986328125,-1.4364013671875,-2.7176513671875
0.0125,3.4884033203125,-0.7156982421875,-3.1981201171875
0.013,3.0479736328125,-0.1151123046875,-3.3582763671875
0.0135,2.4073486328125,0.7657470703125,-3.5584716796875
0.014,1.9268798828125,1.5665283203125,-3.8387451171875
0.0145,1.2061767578125,2.4073486328125,-3.9588623046875
0.015,0.4854736328125,2.8077392578125,-3.6385498046875
0.0155,0.1251220703125,3.2882080078125,-3.7586669921875
0.016,-0.9158935546875,3.3282470703125,-2.8377685546875
0.0165,-1.6365966796875,3.6885986328125,-2.4774169921875
0.017,-2.5975341796875,3.8087158203125,-1.6766357421875
0.0175,-3.1180419921875,3.8487548828125,-1.1561279296875
0.018,-3.4783935546875,3.6485595703125,-0.6356201171875
0.0185,-3.6385498046875,3.4483642578125,-0.1951904296875
0.019,-3.7987060546875,2.7276611328125,0.6456298828125
0.0195,-3.9989013671875,2.2471923828125,1.2862548828125
0.02,-4.2391357421875,1.5665283203125,2.2471923828125
0.0205,-3.8787841796875,0.7657470703125,2.6475830078125
0.021,-3.9588623046875,0.2052001953125,3.2481689453125
0.0215,-3.1981201171875,-0.6356201171875,3.3282470703125
0.022,-2.8778076171875,-1.3963623046875,3.6885986328125
0.0225,-2.1170654296875,-2.2772216796875,3.8087158203125
0.023,-1.5565185546875,-3.0379638671875,3.9288330078125
0.0235,-0.9158935546875,-3.3582763671875,3.6485595703125
0.024,-0.3953857421875,-3.8787841796875,3.6085205078125
0.0245,0.7257080078125,-4.0389404296875,2.6876220703125
0.025,1.4464111328125,-4.3992919921875,2.2471923828125
0.0255,2.4073486328125,-4.5194091796875,1.4464111328125
0.026,2.8077392578125,-4.3592529296875,0.9259033203125
0.0265,3.2081298828125,-4.2391357421875,0.4854736328125
0.027,3.2882080078125,-3.7186279296875,-0.1151123046875
0.0275,3.5284423828125,-3.1580810546875,-0.9158935546875
0.028,3.6485595703125,-2.4774169921875,-1.6766357421875
0.0285,3.8487548828125,-1.7967529296875,-2.5574951171875
0.029,3.3282470703125,-0.9959716796875,-2.8778076171875
0.0295,3.4083251953125,-0.5155029296875,-3.3582763671875
0.03,2.4874267578125,0.4854736328125,-3.3983154296875
0.0305,2.1671142578125,1.2462158203125,-3.8387451171875
0.031,1.3262939453125,2.1270751953125,-3.8387451171875
0.0315,0.7657470703125,2.6876220703125,-3.8387451171875
0.032,0.1651611328125,3.0479736328125,-3.5985107421875
0.0325,-0.5155029296875,3.3682861328125,-3.2781982421875
0.033,-1.5565185546875,3.5284423828125,-2.4373779296875
0.0335,-2.2772216796875,3.7686767578125,-1.9168701171875
0.034,-3.0780029296875,3.8887939453125,-1.2362060546875
0.0345,-3.3182373046875,3.5684814453125,-0.7156982421875
0.035,-3.7186279296875,3.5684814453125,-0.3153076171875
0.0355,-3.7186279296875,2.8077392578125,0.4854736328125
0.036,-3.9989013671875,2.3673095703125,1.2061767578125
0.0365,-3.9989013671875,1.5665283203125,1.9669189453125
0.037,-4.1590576171875,1.0059814453125,2.6876220703125
0.0375,-3.7186279296875,0.1651611328125,3.0479736328125
0.038,-3.5985107421875,-0.3553466796875,3.4483642578125
0.0385,-2.7176513671875,-1.3563232421875,3.5284423828125
0.039,-2.3172607421875,-2.0770263671875,3.8487548828125
0.0395,-1.5565185546875,-2.9178466796875,3.8487548828125
0.04,-0.9559326171875,-3.4383544921875,3.7286376953125
0.0405,-0.3953857421875,-3.8787841796875,3.5684814453125
0.041,0.4854736328125,-4.1190185546875,2.8878173828125
0.0415,1.4464111328125,-4.3592529296875,2.2471923828125
0.042,2.2071533203125,-4.3592529296875,1.5665283203125
0.0425,2.9278564453125,-4.5194091796875,0.9659423828125
0.043,3.1280517578125,-4.1190185546875,0.4454345703125
0.0435,3.4884033203125,-4.0789794921875,0.0450439453125
0.044,3.4884033203125,-3.1180419921875,-0.9559326171875
0.0445,3.8087158203125,-2.7176513671875,-1.5965576171875
0.045,3.7686767578125,-1.7967529296875,-2.4373779296875
0.0455,3.6885986328125,-1.1561279296875,-3.0780029296875
0.046,3.2081298828125,-0.3553466796875,-3.3182373046875
0.0465,2.9278564453125,0.2852783203125,-3.6385498046875
0.047,2.0469970703125,1.3663330078125,-3.8387451171875
0.0475,1.5665283203125,2.0469970703125,-3.9989013671875
0.048,0.7657470703125,2.8477783203125,-4.0389404296875
0.0485,0.1251220703125,3.1680908203125,-3.7186279296875
0.049,-0.5155029296875,3.5684814453125,-3.5584716796875
0.0495,-1.5965576171875,3.8087158203125,-2.5975341796875
0.05,-2.5174560546875,4.0489501953125,-1.9569091796875
0.0505,-3.1981201171875,3.9288330078125,-1.1561279296875
0.051,-3.7987060546875,4.0089111328125,-0.6356201171875
0.0515,-3.8787841796875,3.4884033203125,0.0050048828125
0.052,-4.1190185546875,3.2081298828125,0.4854736328125
0.0525,-4.1990966796875,2.2471923828125,1.5665283203125
0.053,-4.3192138671875,1.6466064453125,2.1671142578125
0.0535,-4.2391357421875,0.7657470703125,3.0079345703125
0.054,-3.9588623046875,0.0450439453125,3.4083251953125
0.0545,-3.5584716796875,-0.6356201171875,3.6885986328125
0.055,-2.9178466796875,-1.4764404296875,3.8087158203125
0.0555,-2.1170654296875,-2.5174560546875,4.0489501953125
0.056,-1.4364013671875,-3.1580810546875,3.8487548828125
0.0565,-0.7957763671875,-3.8787841796875,3.9688720703125
0.057,-0.1551513671875,-4.0389404296875,3.4884033203125
0.0575,0.4854736328125,-4.3592529296875,3.2481689453125
0.058,1.7266845703125,-4.5194091796875,2.1671142578125
0.0585,2.5675048828125,-4.6795654296875,1.5264892578125
0.059,3.1680908203125,-4.5194091796875,0.6856689453125
0.0595,3.6485595703125,-4.4393310546875,0.2452392578125
0.06,3.6885986328125,-3.8787841796875,-0.3553466796875
0.0605,3.8487548828125,-3.4383544921875,-0.9559326171875
0.061,3.9688720703125,-2.5574951171875,-1.9569091796875
0.0615,3.8887939453125,-1.8768310546875,-2.5574951171875
0.062,3.9288330078125,-1.0360107421875,-3.3983154296875
0.0625,3.4083251953125,-0.2352294921875,-3.6385498046875
0.063,3.0479736328125,0.4454345703125,-3.8787841796875
0.0635,2.2471923828125,1.4063720703125,-3.9989013671875
0.064,1.5665283203125,2.3673095703125,-4.3192138671875
0.0645,0.6856689453125,2.8878173828125,-3.9989013671875
0.065,0.1251220703125,3.6085205078125,-4.1590576171875
0.0655,-0.6756591796875,3.7686767578125,-3.4783935546875
0.066,-1.3563232421875,4.1290283203125,-3.1180419921875
0.0665,-2.6776123046875,4.2891845703125,-1.9569091796875
0.067,-3.4383544921875,4.2891845703125,-1.2762451171875
0.0675,-4.0389404296875,4.1290283203125,-0.5155029296875
0.068,-4.3992919921875,3.9288330078125,0.0450439453125
0.0685,-4.4793701171875,3.3282470703125,0.6856689453125
0.069,-4.5594482421875,2.6075439453125,1.4464111328125
0.0695,-4.7996826171875,1.7667236328125,2.5675048828125
0.07,-4.4393310546875,0.8458251953125,3.1280517578125
0.0705,-4.5194091796875,0.0850830078125,3.8887939453125
0.071,-3.7186279296875,-0.7957763671875,4.0089111328125
0.0715,-3.3182373046875,-1.4764404296875,4.2891845703125
0.072,-2.2772216796875,-2.6776123046875,4.2891845703125
0.0725,-1.4764404296875,-3.5985107421875,4.4893798828125
0.073,-0.6356201171875,-4.1190185546875,3.9688720703125
0.0735,-0.0750732421875,-4.6395263671875,4.0889892578125
0.074,0.8057861328125,-4.6395263671875,3.2081298828125
0.0745,1.5665283203125,-4.8797607421875,2.6876220703125
0.075,3.0079345703125,-5.1199951171875,1.5264892578125
0.0755,3.5684814453125,-4.8397216796875,0.6856689453125
0.076,4.1290283203125,-4.6795654296875,0.0050048828125
0.0765,4.2091064453125,-4.1990966796875,-0.5955810546875
0.077,4.2491455078125,-3.5584716796875,-1.2362060546875
0.0775,4.2891845703125,-2.7176513671875,-2.0369873046875
0.078,4.4893798828125,-1.8768310546875,-3.1180419921875
0.0785,3.8887939453125,-0.8358154296875,-3.5584716796875
0.079,3.9688720703125,-0.1951904296875,-4.2391357421875
0.0795,3.0479736328125,0.7257080078125,-4.1590576171875
0.08,2.6075439453125,1.3262939453125,-4.3992919921875
0.0805,1.5665283203125,2.5675048828125,-4.5194091796875
0.081,0.7657470703125,3.3282470703125,-4.5194091796875
0.0815,-0.1551513671875,3.8487548828125,-4.0389404296875
0.082,-0.6356201171875,4.3292236328125,-3.9989013671875
0.0825,-1.5965576171875,4.3292236328125,-3.0780029296875
0.083,-2.4373779296875,4.5294189453125,-2.4373779296875
0.0835,-3.7987060546875,4.7696533203125,-1.3162841796875
0.084,-4.2391357421875,4.3292236328125,-0.5155029296875
0.0845,-4.7996826171875,4.2891845703125,0.1251220703125
0.085,-4.8397216796875,3.6485595703125,0.7657470703125
0.0855,-4.9197998046875,3.0079345703125,1.4864501953125
0.086,-4.9197998046875,2.0069580078125,2.4874267578125
0.0865,-5.1199951171875,1.1260986328125,3.5284423828125
0.087,-4.4793701171875,0.0450439453125,3.8887939453125
0.0875,-4.5194091796875,-0.6356201171875,4.5694580078125
0.088,-3.3582763671875,-1.6766357421875,4.4893798828125
0.0885,-2.8778076171875,-2.4373779296875,4.6495361328125
0.089,-1.6766357421875,-3.7586669921875,4.6895751953125
0.0895,-0.7957763671875,-4.3992919921875,4.4893798828125
0.09,0.0050048828125,-4.7996826171875,4.1290283203125
0.0905,0.7257080078125,-5.1600341796875,3.8087158203125
0.091,1.8067626953125,-5.1600341796875,2.7677001953125
0.0915,2.6475830078125,-5.2401123046875,1.9669189453125
0.092,3.9688720703125,-5.4403076171875,0.9259033203125
0.0925,4.1690673828125,-4.7996826171875,0.0050048828125
0.093,4.6094970703125,-4.7196044921875,-0.4754638671875
0.0935,4.5294189453125,-3.7987060546875,-1.3162841796875
0.094,4.5294189453125,-3.1580810546875,-1.9569091796875
0.0945,4.4893798828125,-2.0369873046875,-2.9578857421875
0.095,4.5294189453125,-1.1961669921875,-3.8387451171875
0.0955,3.8487548828125,-0.1551513671875,-4.1590576171875
0.096,3.7686767578125,0.4454345703125,-4.5994873046875
0.0965,2.5274658203125,1.4864501953125,-4.4793701171875
0.097,2.0469970703125,2.1671142578125,-4.6395263671875
0.0975,0.9259033203125,3.4483642578125,-4.6795654296875
0.098,0.0050048828125,3.8887939453125,-4.2791748046875
0.0985,-0.6356201171875,4.3692626953125,-4.0789794921875
0.099,-1.4364013671875,4.5294189453125,-3.4383544921875
0.0995,-2.3973388671875,4.5694580078125,-2.5574951171875
0.1,-3.2381591796875,4.6094970703125,-1.7567138671875
0.1005,-4.3592529296875,4.7696533203125,-0.8358154296875
0.101,-4.5194091796875,4.1290283203125,0.0050048828125
0.1015,-4.9598388671875,4.1290283203125,0.3653564453125
0.102,-4.8397216796875,3.0479736328125,1.3663330078125
0.1025,-4.9998779296875,2.5274658203125,1.9669189453125
0.103,-4.9598388671875,1.4063720703125,3.0880126953125
0.1035,-4.8797607421875,0.6055908203125,3.8087158203125
0.104,-4.3192138671875,-0.4754638671875,4.1690673828125
0.1045,-4.0789794921875,-1.1160888671875,4.5294189453125
0.105,-2.9178466796875,-2.2772216796875,4.4893798828125
0.1055,-2.3572998046875,-2.9178466796875,4.6495361328125
0.106,-1.2762451171875,-4.1190185546875,4.7696533203125
0.1065,-0.3553466796875,-4.5194091796875,4.2491455078125
0.107,0.2052001953125,-4.9998779296875,4.1290283203125
0.1075,1.2862548828125,-5.1600341796875,3.2081298828125
0.108,2.2471923828125,-5.2801513671875,2.4073486328125
0.1085,3.1680908203125,-5.2000732421875,1.4063720703125
0.109,4.0889892578125,-5.2801513671875,0.6055908203125
0.1095,4.1690673828125,-4.5594482421875,-0.2352294921875
0.11,4.5294189453125,-4.5194091796875,-0.6356201171875
0.1105,4.4493408203125,-3.2381591796875,-1.7567138671875
0.111,4.4893798828125,-2.7176513671875,-2.3172607421875
0.1115,4.4893798828125,-1.5965576171875,-3.3582763671875
0.112,4.1290283203125,-0.7557373046875,-3.9188232421875
0.1125,3.6485595703125,0.1251220703125,-4.1990966796875
0.113,3.1280517578125,0.7657470703125,-4.4393310546875
0.1135,2.0870361328125,1.9268798828125,-4.3992919921875
0.114,1.4864501953125,2.6075439453125,-4.4393310546875
0.1145,0.5655517578125,3.6085205078125,-4.5194091796875
0.115,-0.2752685546875,3.8487548828125,-3.9188232421875
0.1155,-0.7557373046875,4.2891845703125,-3.8387451171875
0.116,-1.9569091796875,4.3292236328125,-2.7176513671875
0.1165,-2.6776123046875,4.4893798828125,-2.1571044921875
0.117,-3.5985107421875,4.4093017578125,-1.2362060546875
0.1175,-4.1990966796875,4.3292236328125,-0.5555419921875
0.118,-4.3592529296875,3.8487548828125,0.1251220703125
0.1185,-4.5594482421875,3.6485595703125,0.5655517578125
0.119,-4.5594482421875,2.5675048828125,1.5665283203125
0.1195,-4.6395263671875,2.0469970703125,2.1671142578125
0.12,-4.7596435546875,1.0460205078125,3.1680908203125
0.1205,-4.3192138671875,0.2052001953125,3.5284423828125
0.121,-4.1190185546875,-0.5155029296875,4.0089111328125
0.1215,-3.3582763671875,-1.3162841796875,4.1290283203125
0.122,-2.6776123046875,-2.2371826171875,4.3292236328125
0.1225,-1.8768310546875,-3.0780029296875,4.2891845703125
0.123,-1.1561279296875,-3.8787841796875,4.3692626953125
0.1235,-0.3153076171875,-4.1590576171875,3.8487548828125
0.124,0.2052001953125,-4.6395263671875,3.8487548828125
0.1245,1.4464111328125,-4.6795654296875,2.6075439453125
0.125,2.1671142578125,-4.9598388671875,2.1671142578125
0.1255,3.1680908203125,-4.8797607421875,1.1661376953125
0.126,3.6085205078125,-4.7596435546875,0.5655517578125
0.1265,3.8487548828125,-4.3592529296875,0.0050048828125
0.127,3.9688720703125,-3.9188232421875,-0.6356201171875
0.1275,4.1290283203125,-3.0379638671875,-1.6365966796875
0.128,4.0889892578125,-2.4373779296875,-2.2772216796875
0.1285,4.1690673828125,-1.5565185546875,-3.2381591796875
0.129,3.6485595703125,-0.6356201171875,-3.5584716796875
0.1295,3.5284423828125,0.0050048828125,-3.9588623046875
0.13,2.5274658203125,1.0059814453125,-3.9588623046875
0.1305,2.0469970703125,1.8868408203125,-4.2391357421875
0.131,1.1260986328125,2.6075439453125,-4.1190185546875
0.1315,0.4854736328125,3.3282470703125,-4.1190185546875
0.132,-0.2752685546875,3.5284423828125,-3.6385498046875
0.1325,-0.7957763671875,3.8887939453125,-3.3983154296875
0.133,-1.9969482421875,3.9688720703125,-2.3172607421875
0.1335,-2.6375732421875,4.1290283203125,-1.8367919921875
0.134,-3.4783935546875,4.1290283203125,-1.0360107421875
0.1345,-3.7186279296875,3.8087158203125,-0.4754638671875
0.135,-4.0389404296875,3.6085205078125,0.0050048828125
0.1355,-4.0389404296875,2.9278564453125,0.6856689453125
0.136,-4.2791748046875,2.2872314453125,1.4864501953125
0.1365,-4.1590576171875,1.5264892578125,2.1671142578125
0.137,-4.3592529296875,0.8858642578125,2.9278564453125
0.1375,-3.7987060546875,0.0450439453125,3.2481689453125
0.138,-3.7987060546875,-0.4754638671875,3.6885986328125
0.1385,-2.7576904296875,-1.4764404296875,3.6885986328125
0.139,-2.4373779296875,-2.1971435546875,4.0089111328125
0.1395,-1.5965576171875,-2.9979248046875,3.9288330078125
0.14,-0.9959716796875,-3.5584716796875,3.8887939453125
0.1405,-0.3953857421875,-3.8387451171875,3.6485595703125
0.141,0.3653564453125,-4.1590576171875,3.1680908203125
0.1415,1.4063720703125,-4.4393310546875,2.4073486328125
0.142,2.1270751953125,-4.5194091796875,1.7667236328125
0.1425,2.9278564453125,-4.6395263671875,1.1260986328125
0.143,3.1280517578125,-4.2391357421875,0.5655517578125
0.1435,3.5284423828125,-4.1990966796875,0.1251220703125
0.144,3.4884033203125,-3.3582763671875,-0.7156982421875
0.1445,3.8487548828125,-2.9578857421875,-1.4764404296875
0.145,3.7686767578125,-2.0770263671875,-2.3172607421875
0.1455,3.8887939453125,-1.4364013671875,-2.9578857421875
0.146,3.2882080078125,-0.5155029296875,-3.2381591796875
0.1465,3.2081298828125,0.0050048828125,-3.5985107421875
0.147,2.2471923828125,1.1260986328125,-3.7987060546875
0.1475,1.8468017578125,1.7667236328125,-3.9989013671875
0.148,1.0059814453125,2.6075439453125,-3.9989013671875
0.1485,0.4454345703125,3.0479736328125,-3.7987060546875
0.149,-0.1951904296875,3.4083251953125,-3.5584716796875
0.1495,-1.1561279296875,3.5684814453125,-2.8377685546875
0.15,-2.0770263671875,3.8887939453125,-2.1971435546875
0.1505,-2.7176513671875,3.8487548828125,-1.5164794921875
0.151,-3.3582763671875,3.9688720703125,-0.9959716796875
0.1515,-3.5184326171875,3.4884033203125,-0.3953857421875
0.152,-3.8387451171875,3.3282470703125,0.0050048828125
0.1525,-3.8787841796875,2.4473876953125,0.9659423828125
0.153,-4.1590576171875,1.9669189453125,1.6065673828125
0.1535,-4.0789794921875,1.2061767578125,2.4073486328125
0.154,-3.9989013671875,0.6055908203125,2.8878173828125
0.1545,-3.5584716796875,-0.1551513671875,3.2081298828125
0.155,-3.1981201171875,-0.7957763671875,3.4884033203125
0.1555,-2.5174560546875,-1.7967529296875,3.7286376953125
0.156,-1.9569091796875,-2.4373779296875,3.7686767578125
0.1565,-1.2762451171875,-3.1981201171875,3.8487548828125
0.157,-0.6756591796875,-3.4783935546875,3.5284423828125
0.1575,-0.1551513671875,-3.8787841796875,3.4483642578125
0.158,0.9659423828125,-4.0389404296875,2.4874267578125
0.1585,1.7667236328125,-4.3592529296875,2.0469970703125
0.159,2.4073486328125,-4.2791748046875,1.2862548828125
0.1595,2.8878173828125,-4.3592529296875,0.9259033203125
0.16,3.0479736328125,-3.9588623046875,0.2852783203125
0.1605,3.3282470703125,-3.7586669921875,-0.1551513671875
0.161,3.5284423828125,-2.9578857421875,-1.1561279296875
0.1615,3.6485595703125,-2.4373779296875,-1.7567138671875
0.162,3.7686767578125,-1.5965576171875,-2.5975341796875
0.1625,3.4483642578125,-0.9959716796875,-2.9578857421875
0.163,3.1680908203125,-0.2752685546875,-3.3582763671875
0.1635,2.5274658203125,0.6055908203125,-3.5184326171875
0.164,2.0069580078125,1.5264892578125,-3.8787841796875
0.1645,1.2862548828125,2.1270751953125,-3.8387451171875
0.165,0.7657470703125,2.8477783203125,-3.9588623046875
0.1655,0.0450439453125,3.0479736328125,-3.5184326171875
0.166,-0.6356201171875,3.5284423828125,-3.2781982421875
0.1665,-1.7567138671875,3.6885986328125,-2.3172607421875
0.167,-2.5174560546875,3.9288330078125,-1.8367919921875
0.1675,-3.1580810546875,3.8487548828125,-1.1160888671875
0.168,-3.5184326171875,3.7686767578125,-0.6756591796875
0.1685,-3.7186279296875,3.3282470703125,-0.0750732421875
0.169,-3.8387451171875,2.8477783203125,0.5655517578125
0.1695,-4.1190185546875,2.1671142578125,1.5264892578125
0.17,-3.9989013671875,1.4063720703125,2.0870361328125
0.1705,-4.1590576171875,0.7657470703125,2.8878173828125
0.171,-3.5985107421875,0.0050048828125,3.1280517578125
0.1715,-3.3983154296875,-0.5955810546875,3.4884033203125
0.172,-2.5574951171875,-1.5965576171875,3.5684814453125
0.1725,-2.0770263671875,-2.3973388671875,3.8487548828125
0.173,-1.3162841796875,-2.9578857421875,3.6885986328125
0.1735,-0.8758544921875,-3.5184326171875,3.7686767578125
0.174,-0.1951904296875,-3.7186279296875,3.2481689453125
0.1745,0.5655517578125,-4.0389404296875,2.8878173828125
0.175,1.7266845703125,-4.3192138671875,1.9669189453125
0.1755,2.4073486328125,-4.3992919921875,1.3262939453125
0.176,2.9278564453125,-4.3992919921875,0.8458251953125
0.1765,3.0880126953125,-4.0789794921875,0.3653564453125
0.177,3.3682861328125,-3.7586669921875,-0.1551513671875
0.1775,3.4483642578125,-3.0780029296875,-0.9559326171875
0.178,3.8087158203125,-2.5174560546875,-1.7967529296875
0.1785,3.5284423828125,-1.6766357421875,-2.3973388671875
0.179,3.7686767578125,-1.1561279296875,-3.0780029296875
0.1795,3.0479736328125,-0.2752685546875,-3.1981201171875
0.18,2.8878173828125,0.3253173828125,-3.5985107421875
0.1805,1.9268798828125,1.4063720703125,-3.7987060546875
0.181,1.5264892578125,2.0870361328125,-3.9989013671875
0.1815,0.6856689453125,2.8077392578125,-3.8387451171875
0.182,0.2052001953125,3.2081298828125,-3.7987060546875
0.1825,-0.5955810546875,3.4483642578125,-3.2381591796875
0.183,-1.4364013671875,3.7686767578125,-2.6776123046875
0.1835,-2.6375732421875,3.9688720703125,-1.9569091796875
0.184,-3.1580810546875,3.8487548828125,-1.1561279296875
0.1845,-3.7586669921875,3.9688720703125,-0.6756591796875
0.185,-3.8387451171875,3.4483642578125,0.0050048828125
0.1855,-4.1190185546875,3.1280517578125,0.5655517578125
0.186,-4.1990966796875,2.2471923828125,1.5264892578125
0.1865,-4.4393310546875,1.6065673828125,2.3673095703125
0.187,-4.1190185546875,0.6856689453125,2.9278564453125
0.1875,-4.1590576171875,0.1251220703125,3.5284423828125
0.188,-3.3182373046875,-0.7957763671875,3.5684814453125
0.1885,-2.9578857421875,-1.4764404296875,3.8487548828125
0.189,-1.9969482421875,-2.6375732421875,4.0889892578125
0.1895,-1.3162841796875,-3.1981201171875,3.9688720703125
0.19,-0.7156982421875,-3.8387451171875,3.8887939453125
0.1905,0.0050048828125,-4.0789794921875,3.5284423828125
0.191,0.7257080078125,-4.2391357421875,2.9678955078125
0.1915,1.6866455078125,-4.5194091796875,2.1671142578125
0.192,2.8077392578125,-4.7596435546875,1.3262939453125
0.1925,3.1680908203125,-4.3592529296875,0.5655517578125
0.193,3.6485595703125,-4.4393310546875,0.2452392578125
0.1935,3.5684814453125,-3.6785888671875,-0.5155029296875
0.194,3.7686767578125,-3.2781982421875,-1.0360107421875
0.1945,3.8887939453125,-2.3572998046875,-2.0770263671875
0.195,3.8887939453125,-1.6766357421875,-2.7176513671875
0.1955,3.6485595703125,-0.7957763671875,-3.3182373046875
0.196,3.4483642578125,-0.2352294921875,-3.6785888671875
0.1965,2.6876220703125,0.6055908203125,-3.7586669921875
0.197,2.2471923828125,1.4063720703125,-3.9989013671875
0.1975,1.3663330078125,2.5274658203125,-4.2391357421875
0.198,0.6055908203125,3.0079345703125,-3.9188232421875
0.1985,0.0450439453125,3.6085205078125,-3.9989013671875
0.199,-0.7557373046875,3.7686767578125,-3.3582763671875
0.1995,-1.5164794921875,3.9688720703125,-2.8778076171875
0.2,-2.6375732421875,4.1290283203125,-1.9569091796875
0.2005,-3.5584716796875,4.3292236328125,-1.2362060546875
0.201,-3.8787841796875,3.8887939453125,-0.4354248046875
0.2015,-4.3592529296875,3.9688720703125,0.0050048828125
0.202,-4.3192138671875,3.0880126953125,0.8057861328125
0.2025,-4.4793701171875,2.6075439453125,1.4063720703125
0.203,-4.6795654296875,1.6065673828125,2.5675048828125
0.2035,-4.4793701171875,0.8057861328125,3.1680908203125
0.204,-4.2391357421875,0.0050048828125,3.7686767578125
0.2045,-3.7987060546875,-0.7957763671875,4.0089111328125
0.205,-3.0780029296875,-1.6766357421875,4.1290283203125
0.2055,-2.3172607421875,-2.5574951171875,4.2891845703125
0.206,-1.4364013671875,-3.6785888671875,4.4893798828125
0.2065,-0.5955810546875,-3.9989013671875,3.9288330078125
0.207,-0.0750732421875,-4.5994873046875,4.0889892578125
0.2075,1.0059814453125,-4.7196044921875,3.0479736328125
0.208,1.7667236328125,-4.8797607421875,2.4874267578125
0.2085,2.9278564453125,-4.9998779296875,1.4063720703125
0.209,3.6885986328125,-4.9197998046875,0.6456298828125
0.2095,3.8887939453125,-4.4793701171875,0.0050048828125
0.21,4.2091064453125,-4.2791748046875,-0.5155029296875
0.2105,4.1290283203125,-3.2381591796875,-1.4364013671875
0.211,4.2091064453125,-2.7176513671875,-2.0369873046875
0.2115,4.4493408203125,-1.6766357421875,-3.1981201171875
0.212,3.9288330078125,-0.7557373046875,-3.6785888671875
0.2125,3.7686767578125,0.0050048828125,-4.1590576171875
0.213,3.0079345703125,0.8458251953125,-4.1990966796875
0.2135,2.2471923828125,1.7667236328125,-4.3592529296875
0.214,1.4063720703125,2.6075439453125,-4.4393310546875
0.2145,0.5655517578125,3.5684814453125,-4.5194091796875
0.215,-0.3153076171875,3.8487548828125,-3.8787841796875
0.2155,-0.7957763671875,4.3292236328125,-3.9188232421875
0.216,-1.9969482421875,4.3292236328125,-2.7176513671875
0.2165,-2.7176513671875,4.4893798828125,-2.1971435546875
0.217,-3.8387451171875,4.6094970703125,-1.1561279296875
0.2175,-4.3592529296875,4.3292236328125,-0.3953857421875
0.218,-4.6395263671875,3.9688720703125,0.2852783203125
0.2185,-4.8397216796875,3.5684814453125,0.8458251953125
0.219,-4.8397216796875,2.5675048828125,1.8468017578125
0.2195,-4.7996826171875,1.8468017578125,2.5274658203125
0.22,-4.9998779296875,0.8858642578125,3.6085205078125
0.2205,-4.3592529296875,-0.1551513671875,3.9288330078125
0.221,-4.2391357421875,-0.7957763671875,4.4893798828125
0.2215,-3.1981201171875,-1.8768310546875,4.4893798828125
0.222,-2.5174560546875,-2.7176513671875,4.6094970703125
0.2225,-1.5565185546875,-3.6785888671875,4.5294189453125
0.223,-0.6756591796875,-4.5194091796875,4.5294189453125
0.2235,0.1651611328125,-4.7596435546875,3.8887939453125
0.224,0.7657470703125,-5.2000732421875,3.7686767578125
0.2245,2.1671142578125,-5.2801513671875,2.2872314453125
0.225,2.8477783203125,-5.2801513671875,1.8468017578125
0.2255,3.9688720703125,-5.2801513671875,0.7657470703125
0.226,4.3292236328125,-4.8397216796875,0.0050048828125
0.2265,4.4893798828125,-4.4793701171875,-0.6356201171875
0.227,4.6094970703125,-3.7987060546875,-1.3563232421875
0.2275,4.6094970703125,-2.7576904296875,-2.3973388671875
0.228,4.4893798828125,-1.9569091796875,-3.0379638671875
0.2285,4.5694580078125,-0.9959716796875,-4.0789794921875
0.229,3.7686767578125,0.0450439453125,-4.2391357421875
0.2295,3.5684814453125,0.6456298828125,-4.6395263671875
0.23,2.3673095703125,1.9268798828125,-4.5994873046875
0.2305,1.6866455078125,2.6876220703125,-4.7196044921875
0.231,0.6456298828125,3.5684814453125,-4.5194091796875
0.2315,-0.2352294921875,4.2091064453125,-4.4393310546875
0.232,-0.9959716796875,4.3692626953125,-3.7586669921875
0.2325,-1.7567138671875,4.6094970703125,-3.3983154296875
0.233,-3.0379638671875,4.7296142578125,-2.0770263671875
0.2335,-3.5985107421875,4.6094970703125,-1.3963623046875
0.234,-4.5594482421875,4.6094970703125,-0.4754638671875
0.2345,-4.7996826171875,4.0889892578125,0.2852783203125
0.235,-4.9998779296875,3.7686767578125,0.7657470703125
0.2355,-4.9598388671875,2.8477783203125,1.7266845703125
0.236,-5.0399169921875,2.0469970703125,2.5675048828125
0.2365,-4.7596435546875,1.0460205078125,3.2081298828125
0.237,-4.8397216796875,0.2452392578125,4.1290283203125
0.2375,-3.9989013671875,-0.7957763671875,4.2491455078125
0.238,-3.8787841796875,-1.3162841796875,4.6094970703125
0.2385,-2.5174560546875,-2.5975341796875,4.5294189453125
0.239,-1.9569091796875,-3.3182373046875,4.6495361328125
0.2395,-0.9158935546875,-4.1990966796875,4.4493408203125
0.24,-0.1551513671875,-4.7996826171875,4.2091064453125
0.2405,0.5655517578125,-4.9598388671875,3.6885986328125
0.241,1.4063720703125,-5.2000732421875,3.1280517578125
0.2415,2.6876220703125,-5.2801513671875,1.9669189453125
0.242,3.3282470703125,-5.1199951171875,1.2462158203125
0.2425,4.2091064453125,-5.1600341796875,0.3653564453125
0.243,4.3292236328125,-4.5194091796875,-0.3553466796875
0.2435,4.5294189453125,-4.2391357421875,-0.8358154296875
0.244,4.4893798828125,-3.1580810546875,-1.9168701171875
0.2445,4.6495361328125,-2.4373779296875,-2.7176513671875
0.245,4.3292236328125,-1.3963623046875,-3.4383544921875
0.2455,4.3692626953125,-0.6356201171875,-4.2391357421875
0.246,3.4483642578125,0.4454345703125,-4.3192138671875
0.2465,3.2081298828125,1.0059814453125,-4.5994873046875
0.247,1.8868408203125,2.4073486328125,-4.5994873046875
0.2475,1.2862548828125,2.9678955078125,-4.6395263671875
0.248,0.2852783203125,3.8087158203125,-4.4393310546875
0.2485,-0.5155029296875,4.1690673828125,-4.1190185546875
0.249,-1.1961669921875,4.4093017578125,-3.5584716796875
0.2495,-2.2371826171875,4.5294189453125,-2.7176513671875
0.25,-3.3582763671875,4.7296142578125,-1.7166748046875
0.2505,-3.8787841796875,4.4093017578125,-0.9158935546875
0.251,-4.6395263671875,4.4493408203125,-0.2352294921875
0.2515,-4.6395263671875,3.6885986328125,0.4854736328125
0.252,-4.8397216796875,3.4483642578125,0.9659423828125
0.2525,-4.7596435546875,2.2471923828125,2.0469970703125
0.253,-4.8397216796875,1.6065673828125,2.7677001953125
0.2535,-4.5194091796875,0.6055908203125,3.4483642578125
0.254,-4.4393310546875,-0.1551513671875,3.9688720703125
0.2545,-3.6385498046875,-0.9959716796875,4.0889892578125
0.255,-3.2381591796875,-1.6365966796875,4.3292236328125
0.2555,-2.1571044921875,-2.9178466796875,4.4093017578125
0.256,-1.5164794921875,-3.4383544921875,4.2491455078125
0.2565,-0.6756591796875,-4.2391357421875,4.1690673828125
0.257,0.0450439453125,-4.4393310546875,3.7686767578125
0.2575,0.6456298828125,-4.7196044921875,3.4483642578125
0.258,1.7667236328125,-4.7996826171875,2.4473876953125
0.2585,2.7276611328125,-5.0399169921875,1.7266845703125
0.259,3.2481689453125,-4.7196044921875,0.8858642578125
0.2595,3.8487548828125,-4.7996826171875,0.3653564453125
0.26,3.8487548828125,-4.0789794921875,-0.3553466796875
0.2605,4.1290283203125,-3.8387451171875,-0.7957763671875
0.261,4.1690673828125,-2.7576904296875,-1.9569091796875
0.2615,4.2491455078125,-2.2371826171875,-2.5574951171875
0.262,4.0889892578125,-1.1961669921875,-3.3582763671875
0.2625,3.8087158203125,-0.5155029296875,-3.7586669921875
0.263,3.1680908203125,0.3653564453125,-3.9989013671875
0.2635,2.6475830078125,1.1260986328125,-4.1990966796875
0.264,1.7667236328125,2.2471923828125,-4.4793701171875
0.2645,1.0059814453125,2.7677001953125,-4.2391357421875
0.265,0.3253173828125,3.6485595703125,-4.3192138671875
0.2655,-0.4754638671875,3.8087158203125,-3.6785888671875
0.266,-1.1561279296875,4.1290283203125,-3.3582763671875
0.2665,-2.3172607421875,4.2091064453125,-2.2772216796875
0.267,-3.1981201171875,4.4093017578125,-1.5965576171875
0.2675,-3.7186279296875,4.0889892578125,-0.7957763671875
0.268,-4.1590576171875,4.0889892578125,-0.3153076171875
0.2685,-4.1990966796875,3.3682861328125,0.4053955078125
0.269,-4.3592529296875,2.9278564453125,0.9659423828125
0.2695,-4.5194091796875,2.0069580078125,2.0870361328125
0.27,-4.3592529296875,1.2862548828125,2.6075439453125
0.2705,-4.3592529296875,0.4854736328125,3.3682861328125
0.271,-3.8387451171875,-0.3153076171875,3.5684814453125
0.2715,-3.3983154296875,-0.9959716796875,3.8487548828125
0.272,-2.6375732421875,-1.9168701171875,3.8887939453125
0.2725,-1.9569091796875,-2.8778076171875,4.1290283203125
0.273,-1.2362060546875,-3.2381591796875,3.8487548828125
0.2735,-0.6756591796875,-3.8787841796875,3.9688720703125
0.274,0.0450439453125,-3.9989013671875,3.3282470703125
0.2745,0.6856689453125,-4.3592529296875,3.0079345703125
0.275,1.9268798828125,-4.5194091796875,2.0069580078125
0.2755,2.5274658203125,-4.5594482421875,1.4464111328125
0.276,3.1280517578125,-4.4393310546875,0.7657470703125
0.2765,3.3282470703125,-4.2391357421875,0.4053955078125
0.277,3.5284423828125,-3.7987060546875,-0.3153076171875
0.2775,3.6085205078125,-3.2381591796875,-0.9158935546875
0.278,3.9288330078125,-2.5975341796875,-1.9168701171875
0.2785,3.6885986328125,-1.8367919921875,-2.3973388671875
0.279,3.8887939453125,-1.2362060546875,-3.1981201171875
0.2795,3.2081298828125,-0.4754638671875,-3.2781982421875
0.28,3.0479736328125,0.2452392578125,-3.7586669921875
0.2805,2.1270751953125,1.2462158203125,-3.8787841796875
0.281,1.7266845703125,2.0469970703125,-4.1590576171875
0.2815,0.8458251953125,2.6876220703125,-3.8787841796875
0.282,0.4053955078125,3.2481689453125,-3.9989013671875
0.2825,-0.4754638671875,3.4483642578125,-3.3582763671875
0.283,-1.2362060546875,3.8087158203125,-2.9178466796875
0.2835,-2.3973388671875,4.0489501953125,-2.0770263671875
0.284,-2.9178466796875,4.0089111328125,-1.4764404296875
0.2845,-3.5985107421875,4.0489501953125,-0.8358154296875
0.285,-3.7186279296875,3.6485595703125,-0.3153076171875
0.2855,-3.9989013671875,3.2081298828125,0.3253173828125
0.286,-4.0389404296875,2.4874267578125,1.1661376953125
0.2865,-4.3992919921875,1.9268798828125,2.0469970703125
0.287,-4.0389404296875,1.0059814453125,2.5675048828125
0.2875,-4.1990966796875,0.4454345703125,3.2481689453125
0.288,-3.3983154296875,-0.5155029296875,3.3282470703125
0.2885,-3.1981201171875,-1.1160888671875,3.6885986328125
0.289,-2.2772216796875,-2.1571044921875,3.8487548828125
0.2895,-1.6766357421875,-2.7576904296875,3.8887939453125
0.29,-1.0360107421875,-3.3582763671875,3.7686767578125
0.2905,-0.5155029296875,-3.7186279296875,3.6085205078125
0.291,0.2452392578125,-3.9188232421875,3.0479736328125
0.2915,1.1260986328125,-4.1590576171875,2.4874267578125
0.292,2.1671142578125,-4.4793701171875,1.7266845703125
0.2925,2.5675048828125,-4.1590576171875,1.0460205078125
0.293,3.0880126953125,-4.3592529296875,0.6856689453125
0.2935,3.0880126953125,-3.7987060546875,0.1251220703125
0.294,3.4083251953125,-3.5584716796875,-0.4354248046875
0.2945,3.4884033203125,-2.7176513671875,-1.3162841796875
0.295,3.7286376953125,-2.2371826171875,-1.9969482421875
0.2955,3.4884033203125,-1.3963623046875,-2.6375732421875
0.296,3.5284423828125,-0.9959716796875,-3.0780029296875
0.2965,2.8077392578125,-0.0750732421875,-3.2781982421875
0.297,2.5675048828125,0.6055908203125,-3.5985107421875
0.2975,1.8468017578125,1.6866455078125,-3.8787841796875
0.298,1.2462158203125,2.2071533203125,-3.7987060546875
0.2985,0.6456298828125,2.8878173828125,-3.9188232421875
0.299,0.0050048828125,3.1280517578125,-3.5184326171875
0.2995,-0.7957763671875,3.5284423828125,-3.0780029296875
0.3,-1.7967529296875,3.7686767578125,-2.3172607421875
0.3005,-2.6776123046875,4.0889892578125,-1.7567138671875
0.301,-3.0780029296875,3.7686767578125,-1.0360107421875
0.3015,-3.5985107421875,3.9288330078125,-0.7156982421875
0.302,-3.7186279296875,3.2081298828125,0.0450439453125
0.3025,-3.9989013671875,2.8878173828125,0.6456298828125
0.303,-4.1990966796875,2.0469970703125,1.6866455078125
0.3035,-4.1990966796875,1.4063720703125,2.2872314453125
0.304,-4.0389404296875,0.6055908203125,2.9678955078125
0.3045,-3.7987060546875,-0.0750732421875,3.2481689453125
0.305,-3.1981201171875,-0.8358154296875,3.4884033203125
0.3055,-2.6375732421875,-1.6766357421875,3.7686767578125
0.306,-1.9569091796875,-2.6375732421875,3.9688720703125
0.3065,-1.1961669921875,-3.0780029296875,3.6885986328125
0.307,-0.7957763671875,-3.7186279296875,3.8887939453125
0.3075,0.0450439453125,-3.7987060546875,3.1680908203125
0.308,0.7657470703125,-4.1590576171875,2.7276611328125
0.3085,1.9268798828125,-4.3192138671875,1.8468017578125
0.309,2.5675048828125,-4.4393310546875,1.2862548828125
0.3095,2.9278564453125,-4.1590576171875,0.6456298828125
0.31,3.2081298828125,-4.1190185546875,0.3653564453125
0.3105,3.2481689453125,-3.3983154296875,-0.3953857421875
0.311,3.4483642578125,-3.0379638671875,-0.9959716796875
0.3115,3.7686767578125,-2.2772216796875,-1.9969482421875
0.312,3.5284423828125,-1.5965576171875,-2.4774169921875
0.3125,3.5284423828125,-0.9959716796875,-3.1580810546875
0.313,2.9678955078125,-0.1951904296875,-3.1981201171875
0.3135,2.6075439453125,0.5255126953125,-3.5584716796875
0.314,1.9268798828125,1.4063720703125,-3.7987060546875
0.3145,1.3262939453125,2.2471923828125,-3.9989013671875
0.315,0.6055908203125,2.6876220703125,-3.7186279296875
0.3155,0.2452392578125,3.2481689453125,-3.8387451171875
0.316,-0.7156982421875,3.3682861328125,-3.0379638671875
0.3165,-1.4764404296875,3.7686767578125,-2.6375732421875
0.317,-2.5975341796875,3.9688720703125,-1.7567138671875
0.3175,-3.1580810546875,3.8887939453125,-1.1561279296875
0.318,-3.6385498046875,3.8487548828125,-0.6356201171875
0.3185,-3.8387451171875,3.5284423828125,-0.1551513671875
0.319,-3.9989013671875,2.8878173828125,0.6456298828125
0.3195,-4.1590576171875,2.2471923828125,1.4063720703125
0.32,-4.4393310546875,1.5665283203125,2.4073486328125
0.3205,-4.0389404296875,0.6055908203125,2.8477783203125
0.321,-4.1590576171875,0.1251220703125,3.5284423828125
0.3215,-3.2781982421875,-0.8358154296875,3.5684814453125
0.322,-2.9178466796875,-1.5565185546875,3.8887939453125
0.3225,-1.9969482421875,-2.5975341796875,4.0089111328125
0.323,-1.3162841796875,-3.3582763671875,4.0489501953125
0.3235,-0.6356201171875,-3.7186279296875,3.7686767578125
0.324,-0.0750732421875,-4.1590576171875,3.6485595703125
0.3245,1.0059814453125,-4.2791748046875,2.6475830078125
0.325,1.7667236328125,-4.5194091796875,2.1671142578125
0.3255,2.8477783203125,-4.6795654296875,1.2862548828125
0.326,3.2081298828125,-4.3592529296875,0.6055908203125
0.3265,3.5684814453125,-4.3192138671875,0.1651611328125
0.327,3.6485595703125,-3.6385498046875,-0.5555419921875
0.3275,3.7686767578125,-3.0780029296875,-1.2762451171875
0.328,3.8087158203125,-2.2772216796875,-2.0770263671875
0.3285,3.9688720703125,-1.5965576171875,-2.9178466796875
0.329,3.4083251953125,-0.6356201171875,-3.2381591796875
0.3295,3.4483642578125,-0.1551513671875,-3.7186279296875
0.33,2.4073486328125,0.8458251953125,-3.6785888671875
0.3305,2.0469970703125,1.5665283203125,-3.9989013671875
0.331,1.1661376953125,2.5274658203125,-4.0389404296875
0.3315,0.4854736328125,3.1280517578125,-3.9188232421875
0.332,-0.1151123046875,3.4884033203125,-3.7186279296875
0.3325,-0.8358154296875,3.8087158203125,-3.3182373046875
0.333,-1.8768310546875,3.9288330078125,-2.4373779296875
0.3335,-2.5975341796875,4.0889892578125,-1.8367919921875
0.334,-3.5584716796875,4.2491455078125,-1.0760498046875
0.3345,-3.8387451171875,3.8087158203125,-0.3553466796875
0.335,-4.2391357421875,3.8487548828125,0.0450439453125
0.3355,-4.2391357421875,2.8477783203125,0.8858642578125
0.336,-4.4793701171875,2.4073486328125,1.6065673828125
0.3365,-4.5194091796875,1.4063720703125,2.5274658203125
0.337,-4.5194091796875,0.7657470703125,3.2882080078125
0.3375,-3.9188232421875,-0.1951904296875,3.6085205078125
0.338,-3.8387451171875,-0.7557373046875,4.0089111328125
0.3385,-2.7176513671875,-1.9168701171875,4.0489501953125
0.339,-2.2371826171875,-2.5975341796875,4.2491455078125
0.3395,-1.2762451171875,-3.5985107421875,4.2891845703125
0.34,-0.5155029296875,-4.0389404296875,3.9688720703125
0.3405,0.0050048828125,-4.4793701171875,3.8087158203125
0.341,1.0460205078125,-4.6795654296875,3.0079345703125
0.3415,2.0469970703125,-4.8397216796875,2.1671142578125
0.342,2.8878173828125,-4.7996826171875,1.3262939453125
0.3425,3.7286376953125,-4.8797607421875,0.6055908203125
0.343,3.8487548828125,-4.2791748046875,-0.1151123046875
0.3435,4.1290283203125,-4.1990966796875,-0.5155029296875
0.344,4.1290283203125,-3.0780029296875,-1.6365966796875
0.3445,4.2091064453125,-2.5574951171875,-2.2772216796875
0.345,4.1290283203125,-1.5164794921875,-3.1981201171875
0.3455,3.9688720703125,-0.7156982421875,-3.7987060546875
0.346,3.3682861328125,0.1651611328125,-3.9588623046875
0.3465,3.0079345703125,0.8057861328125,-4.1990966796875
0.347,1.9268798828125,2.0469970703125,-4.3192138671875
0.3475,1.3262939453125,2.6475830078125,-4.3592529296875
0.348,0.4053955078125,3.5684814453125,-4.3192138671875
0.3485,-0.3953857421875,3.8887939453125,-3.8787841796875
0.349,-0.9959716796875,4.2091064453125,-3.5985107421875
0.3495,-2.1571044921875,4.3692626953125,-2.5975341796875
0.35,-3.0780029296875,4.4893798828125,-1.7967529296875
0.3505,-3.8387451171875,4.3292236328125,-0.9158935546875
0.351,-4.5194091796875,4.3692626953125,-0.2752685546875
0.3515,-4.5194091796875,3.6485595703125,0.4454345703125
0.352,-4.7996826171875,3.4083251953125,0.9259033203125
0.3525,-4.8397216796875,2.2071533203125,2.0870361328125
0.353,-4.7996826171875,1.5665283203125,2.7276611328125
0.3535,-4.6795654296875,0.6055908203125,3.6485595703125
0.354,-4.3592529296875,-0.2752685546875,4.0889892578125
0.3545,-3.7586669921875,-1.1160888671875,4.2891845703125
0.355,-3.1180419921875,-1.9168701171875,4.4493408203125
0.3555,-2.0770263671875,-3.0780029296875,4.5294189453125
0.356,-1.3162841796875,-3.6785888671875,4.3292236328125
0.3565,-0.5155029296875,-4.5194091796875,4.4093017578125
0.357,0.3253173828125,-4.7196044921875,3.7686767578125
0.3575,0.9259033203125,-5.0399169921875,3.4884033203125
0.358,2.2471923828125,-5.1199951171875,2.2471923828125
0.3585,3.1680908203125,-5.2000732421875,1.4464111328125
0.359,3.8487548828125,-4.9197998046875,0.4854736328125
0.3595,4.3692626953125,-4.9197998046875,-0.1151123046875
0.36,4.3292236328125,-4.1190185546875,-0.7957763671875
0.3605,4.4893798828125,-3.7586669921875,-1.3563232421875
0.361,4.6094970703125,-2.5174560546875,-2.5975341796875
0.3615,4.4493408203125,-1.7967529296875,-3.1580810546875
0.362,4.3292236328125,-0.7156982421875,-4.0389404296875
0.3625,3.8087158203125,0.1251220703125,-4.3192138671875
0.363,3.1680908203125,0.9259033203125,-4.4793701171875
0.3635,2.3673095703125,1.8468017578125,-4.5594482421875
0.364,1.4063720703125,3.0479736328125,-4.7596435546875
0.3645,0.5255126953125,3.5284423828125,-4.3992919921875
0.365,-0.2752685546875,4.3292236328125,-4.4393310546875
0.3655,-1.1160888671875,4.4093017578125,-3.6785888671875
0.366,-1.7967529296875,4.6495361328125,-3.2381591796875
0.3665,-3.1981201171875,4.8096923828125,-1.9569091796875
0.367,-3.9989013671875,4.8096923828125,-1.1561279296875
0.3675,-4.5994873046875,4.3692626953125,-0.1951904296875
0.368,-5.0399169921875,4.2091064453125,0.3653564453125
0.3685,-4.9598388671875,3.4083251953125,1.0860595703125
0.369,-4.9998779296875,2.8077392578125,1.7667236328125
0.3695,-5.1600341796875,1.6466064453125,3.0479736328125
0.37,-4.7996826171875,0.7657470703125,3.5284423828125
0.3705,-4.6795654296875,-0.1551513671875,4.3292236328125
0.371,-3.9989013671875,-1.0360107421875,4.4893798828125
0.3715,-3.3983154296875,-1.7567138671875,4.6094970703125
0.372,-2.4373779296875,-2.8377685546875,4.6094970703125
0.3725,-1.5164794921875,-3.8787841796875,4.7696533203125
0.373,-0.5955810546875,-4.3192138671875,4.1690673828125
0.3735,0.0450439453125,-4.9998779296875,4.2891845703125
0.374,0.9259033203125,-4.9598388671875,3.4083251953125
0.3745,1.6065673828125,-5.1600341796875,2.9278564453125
0.375,3.0479736328125,-5.2801513671875,1.6466064453125
0.3755,3.6885986328125,-5.1600341796875,0.8458251953125
0.376,4.2491455078125,-4.8797607421875,0.0050048828125
0.3765,4.4893798828125,-4.5594482421875,-0.5555419921875
0.377,4.4893798828125,-3.7987060546875,-1.2362060546875
0.3775,4.4893798828125,-3.0780029296875,-1.9569091796875
0.378,4.6495361328125,-2.0770263671875,-3.1180419921875
0.3785,4.1690673828125,-1.1561279296875,-3.5584716796875
0.379,4.2491455078125,-0.3553466796875,-4.3592529296875
0.3795,3.3282470703125,0.6055908203125,-4.3592529296875
0.38,2.9278564453125,1.2862548828125,-4.5594482421875
0.3805,1.8468017578125,2.4073486328125,-4.6395263671875
0.381,1.0460205078125,3.3682861328125,-4.7596435546875
0.3815,0.0450439453125,3.8487548828125,-4.2391357421875
0.382,-0.5155029296875,4.4893798828125,-4.3192138671875
0.3825,-1.4764404296875,4.4893798828125,-3.3582763671875
0.383,-2.2772216796875,4.6895751953125,-2.7576904296875
0.3835,-3.7186279296875,4.8497314453125,-1.5965576171875
0.384,-4.1990966796875,4.5294189453125,-0.7156982421875
0.3845,-4.7996826171875,4.3292236328125,0.0050048828125
0.385,-4.9197998046875,3.8487548828125,0.6456298828125
0.3855,-4.9598388671875,3.1680908203125,1.3663330078125
0.386,-4.9197998046875,2.2471923828125,2.2471923828125
0.3865,-5.1199951171875,1.3262939453125,3.3282470703125
0.387,-4.4793701171875,0.2452392578125,3.7286376953125
0.3875,-4.5194091796875,-0.3953857421875,4.4093017578125
0.388,-3.4783935546875,-1.3963623046875,4.3292236328125
0.3885,-3.0780029296875,-2.0770263671875,4.4893798828125
0.389,-1.9168701171875,-3.2781982421875,4.5294189453125
0.3895,-1.1160888671875,-3.9989013671875,4.4893798828125
0.39,-0.2752685546875,-4.4393310546875,4.0089111328125
0.3905,0.2852783203125,-4.8397216796875,3.8487548828125
0.391,1.2462158203125,-4.8397216796875,2.9278564453125
0.3915,2.0069580078125,-4.9998779296875,2.2872314453125
0.392,3.3282470703125,-5.2000732421875,1.2862548828125
0.3925,3.6485595703125,-4.7196044921875,0.4454345703125
0.393,4.1290283203125,-4.6795654296875,0.0050048828125
0.3935,4.0889892578125,-3.9588623046875,-0.6756591796875
0.394,4.1690673828125,-3.4783935546875,-1.2762451171875
0.3945,4.1690673828125,-2.5174560546875,-2.1971435546875
0.395,4.3292236328125,-1.7967529296875,-3.0780029296875
0.3955,3.8087158203125,-0.7957763671875,-3.4783935546875
0.396,3.8487548828125,-0.3153076171875,-3.9989013671875
0.3965,2.8878173828125,0.6856689453125,-3.9588623046875
0.397,2.5675048828125,1.3262939453125,-4.2791748046875
0.3975,1.5264892578125,2.5274658203125,-4.3992919921875
0.398,0.8057861328125,3.0880126953125,-4.2391357421875
0.3985,0.0850830078125,3.6885986328125,-4.1190185546875
0.399,-0.5955810546875,3.9688720703125,-3.7586669921875
0.3995,-1.4364013671875,4.1290283203125,-3.0379638671875
0.4,-2.3973388671875,4.3292236328125,-2.3172607421875
0.4005,-3.5584716796875,4.5294189453125,-1.4764404296875
0.401,-3.8387451171875,4.0889892578125,-0.6356201171875
0.4015,-4.4393310546875,4.2491455078125,-0.2352294921875
0.402,-4.3992919921875,3.3682861328125,0.6055908203125
0.4025,-4.6395263671875,2.9278564453125,1.2862548828125
0.403,-4.6795654296875,1.9268798828125,2.2872314453125
0.4035,-4.6795654296875,1.2061767578125,3.0479736328125
0.404,-4.2391357421875,0.2052001953125,3.5284423828125
0.4045,-4.1190185546875,-0.3953857421875,3.9688720703125
0.405,-3.1580810546875,-1.3563232421875,3.9688720703125
0.4055,-2.6776123046875,-2.1170654296875,4.2091064453125
0.406,-1.7166748046875,-3.1981201171875,4.3292236328125
0.4065,-0.9158935546875,-3.6785888671875,3.9688720703125
0.407,-0.3953857421875,-4.2391357421875,3.9688720703125
0.4075,0.4454345703125,-4.3592529296875,3.2481689453125
0.408,1.2462158203125,-4.5594482421875,2.6876220703125
0.4085,2.2471923828125,-4.6795654296875,1.7667236328125
0.409,3.0880126953125,-4.7596435546875,1.1260986328125
0.4095,3.3282470703125,-4.2791748046875,0.4053955078125
0.41,3.6485595703125,-4.3592529296875,0.1251220703125
0.4105,3.5684814453125,-3.4383544921875,-0.6756591796875
0.411,3.8087158203125,-3.0780029296875,-1.2362060546875
0.4115,3.9288330078125,-2.1971435546875,-2.2772216796875
0.412,3.7686767578125,-1.5164794921875,-2.7576904296875
0.4125,3.6085205078125,-0.7156982421875,-3.3582763671875
0.413,3.2081298828125,-0.1951904296875,-3.4783935546875
0.4135,2.6075439453125,0.6456298828125,-3.7186279296875
0.414,2.0469970703125,1.4464111328125,-3.8787841796875
0.4145,1.4063720703125,2.3673095703125,-4.1190185546875
0.415,0.6456298828125,2.8077392578125,-3.7987060546875
0.4155,0.2452392578125,3.3282470703125,-3.9989013671875
0.416,-0.6756591796875,3.4483642578125,-3.1580810546875
0.4165,-1.4364013671875,3.8487548828125,-2.8377685546875
0.417,-2.5174560546875,4.0489501953125,-1.9168701171875
0.4175,-3.1580810546875,4.1290283203125,-1.3563232421875
0.418,-3.5584716796875,3.8487548828125,-0.6756591796875
0.4185,-3.8787841796875,3.8087158203125,-0.3153076171875
0.419,-3.9989013671875,3.0479736328125,0.5655517578125
0.4195,-4.2391357421875,2.5274658203125,1.2462158203125
0.42,-4.5194091796875,1.7667236328125,2.2872314453125
0.4205,-4.1990966796875,0.9259033203125,2.7677001953125
0.421,-4.2391357421875,0.2852783203125,3.4483642578125
0.4215,-3.5184326171875,-0.5555419921875,3.5284423828125
0.422,-3.0780029296875,-1.3162841796875,3.8487548828125
0.4225,-2.2772216796875,-2.2772216796875,3.9688720703125
0.423,-1.6766357421875,-3.0780029296875,4.1690673828125
0.4235,-0.8758544921875,-3.5184326171875,3.7286376953125
0.424,-0.4354248046875,-3.9989013671875,3.8087158203125
0.4245,0.6055908203125,-4.0789794921875,2.8077392578125
0.425,1.4063720703125,-4.3992919921875,2.4073486328125
0.4255,2.4073486328125,-4.5194091796875,1.5264892578125
0.426,2.8477783203125,-4.3592529296875,0.9259033203125
0.4265,3.2081298828125,-4.1990966796875,0.4454345703125
0.427,3.3282470703125,-3.7987060546875,0.0050048828125
0.4275,3.4884033203125,-3.1981201171875,-0.8358154296875
0.428,3.5684814453125,-2.5574951171875,-1.5565185546875
0.4285,3.8487548828125,-1.9569091796875,-2.3973388671875
0.429,3.3282470703125,-1.0760498046875,-2.7576904296875
0.4295,3.4483642578125,-0.6356201171875,-3.2781982421875
0.43,2.6075439453125,0.2452392578125,-3.2781982421875
0.4305,2.3673095703125,0.9259033203125,-3.6785888671875
0.431,1.5264892578125,1.8868408203125,-3.7186279296875
0.4315,0.9659423828125,2.4073486328125,-3.8387451171875
0.432,0.4053955078125,2.8477783203125,-3.6785888671875
0.4325,-0.1151123046875,3.2481689453125,-3.4783935546875
0.433,-1.1160888671875,3.4483642578125,-2.6776123046875
0.4335,-1.8768310546875,3.7286376953125,-2.2772216796875
0.434,-2.8377685546875,3.9688720703125,-1.5565185546875
0.4345,-3.1580810546875,3.7286376953125,-0.9959716796875
0.435,-3.6385498046875,3.8087158203125,-0.5955810546875
0.4355,-3.7186279296875,3.1680908203125,0.1251220703125
0.436,-4.0389404296875,2.7677001953125,0.8057861328125
0.4365,-4.1190185546875,1.9268798828125,1.7266845703125
0.437,-4.3192138671875,1.3663330078125,2.4874267578125
0.4375,-3.8787841796875,0.4854736328125,2.9278564453125
0.438,-3.9188232421875,0.0050048828125,3.4483642578125
0.4385,-2.9979248046875,-1.0360107421875,3.4884033203125
0.439,-2.7176513671875,-1.7967529296875,3.8887939453125
0.4395,-1.8367919921875,-2.7977294921875,3.9688720703125
0.44,-1.1961669921875,-3.2781982421875,3.8487548828125
0.4405,-0.6356201171875,-3.7186279296875,3.7686767578125
0.441,0.1651611328125,-3.9989013671875,3.1680908203125
0.4415,1.1661376953125,-4.2391357421875,2.4874267578125
0.442,1.9669189453125,-4.3992919921875,1.8468017578125
0.4425,2.8077392578125,-4.5194091796875,1.2061767578125
0.443,3.0079345703125,-4.1190185546875,0.6055908203125
0.4435,3.3682861328125,-4.1590576171875,0.2452392578125
0.444,3.3282470703125,-3.2381591796875,-0.6356201171875
0.4445,3.6085205078125,-2.8778076171875,-1.2762451171875
0.445,3.6485595703125,-1.9969482421875,-2.1170654296875
0.4455,3.6485595703125,-1.3963623046875,-2.7176513671875
0.446,3.2481689453125,-0.6356201171875,-3.0780029296875
0.4465,3.0479736328125,-0.1551513671875,-3.3582763671875
0.447,2.2071533203125,0.8458251953125,-3.5184326171875
0.4475,1.8468017578125,1.5264892578125,-3.7987060546875
0.448,1.0860595703125,2.4073486328125,-3.8787841796875
0.4485,0.4854736328125,2.8077392578125,-3.5985107421875
0.449,0.0050048828125,3.2481689453125,-3.6385498046875
0.4495,-0.9959716796875,3.4083251953125,-2.7977294921875
0.45,-1.7967529296875,3.7286376953125,-2.3172607421875
0.4505,-2.5975341796875,3.8087158203125,-1.5965576171875
0.451,-3.1981201171875,3.9288330078125,-1.1160888671875
0.4515,-3.4783935546875,3.5684814453125,-0.5155029296875
0.452,-3.8387451171875,3.5284423828125,-0.1551513671875
0.4525,-3.8787841796875,2.6475830078125,0.8057861328125
0.453,-4.1590576171875,2.2071533203125,1.5264892578125
0.4535,-4.2391357421875,1.3663330078125,2.4473876953125
0.454,-4.0789794921875,0.6456298828125,2.9278564453125
0.4545,-3.8387451171875,-0.0750732421875,3.3682861328125
0.455,-3.2781982421875,-0.8358154296875,3.5684814453125
0.4555,-2.6375732421875,-1.8768310546875,3.8487548828125
0.456,-1.9969482421875,-2.5975341796875,3.9288330078125
0.4565,-1.2762451171875,-3.3582763671875,4.0489501953125
0.457,-0.6356201171875,-3.7186279296875,3.6885986328125
0.4575,0.0050048828125,-4.1590576171875,3.5684814453125
0.458,1.1661376953125,-4.2791748046875,2.5274658203125
0.4585,1.9669189453125,-4.5594482421875,1.9669189453125
0.459,2.8077392578125,-4.5194091796875,1.1260986328125
0.4595,3.2882080078125,-4.4793701171875,0.6055908203125
0.46,3.4083251953125,-4.0389404296875,0.0450439453125
0.4605,3.6085205078125,-3.7186279296875,-0.4754638671875
0.461,3.7686767578125,-2.8377685546875,-1.4764404296875
0.4615,3.8087158203125,-2.1971435546875,-2.0770263671875
0.462,3.8487548828125,-1.3563232421875,-2.9979248046875
0.4625,3.4483642578125,-0.6356201171875,-3.2781982421875
0.463,3.1680908203125,0.0050048828125,-3.6785888671875
0.4635,2.3673095703125,0.9259033203125,-3.7186279296875
0.464,1.7667236328125,1.8468017578125,-3.9989013671875
0.4645,1.0059814453125,2.5274658203125,-3.8787841796875
0.465,0.3653564453125,3.2481689453125,-3.9989013671875
0.4655,-0.3153076171875,3.4083251953125,-3.4783935546875
0.466,-0.9158935546875,3.8087158203125,-3.2381591796875
0.4665,-2.1170654296875,3.8887939453125,-2.1170654296875
0.467,-2.8377685546875,4.0489501953125,-1.5965576171875
0.4675,-3.5584716796875,3.9688720703125,-0.7957763671875
0.468,-3.9188232421875,3.8087158203125,-0.3153076171875
0.4685,-4.0789794921875,3.4483642578125,0.2452392578125
0.469,-4.1590576171875,2.8077392578125,0.9659423828125
0.4695,-4.4393310546875,2.0469970703125,1.9268798828125
0.47,-4.2391357421875,1.2862548828125,2.5274658203125
0.4705,-4.4393310546875,0.5655517578125,3.3682861328125
0.471,-3.7987060546875,-0.3553466796875,3.5684814453125
0.4715,-3.5584716796875,-0.9959716796875,3.9288330078125
0.472,-2.4774169921875,-2.0770263671875,3.8487548828125
0.4725,-1.9569091796875,-2.8778076171875,4.2091064453125
0.473,-1.1561279296875,-3.5584716796875,3.9688720703125
0.4735,-0.5155029296875,-4.1590576171875,4.0089111328125
0.474,0.2452392578125,-4.2391357421875,3.4483642578125
0.4745,1.0059814453125,-4.5994873046875,3.0079345703125
0.475,2.2872314453125,-4.7996826171875,1.9268798828125
0.4755,2.9678955078125,-4.7196044921875,1.2061767578125
0.476,3.6485595703125,-4.6795654296875,0.4854736328125
0.4765,3.8487548828125,-4.2391357421875,-0.1151123046875
0.477,3.9688720703125,-3.8787841796875,-0.6356201171875
0.4775,4.0089111328125,-3.0379638671875,-1.5164794921875
0.478,4.2091064453125,-2.2772216796875,-2.4774169921875
0.4785,3.8887939453125,-1.3162841796875,-3.0379638671875
0.479,4.0089111328125,-0.6756591796875,-3.8387451171875
0.4795,3.1680908203125,0.2052001953125,-3.8787841796875
0.48,2.9278564453125,0.7657470703125,-4.2791748046875
0.4805,1.7667236328125,2.0870361328125,-4.2391357421875
0.481,1.1661376953125,2.8477783203125,-4.3592529296875
0.4815,0.2452392578125,3.4884033203125,-4.0389404296875
0.482,-0.3153076171875,3.9688720703125,-3.9989013671875
0.4825,-1.1160888671875,4.0489501953125,-3.2781982421875
0.483,-1.9969482421875,4.2891845703125,-2.6375732421875
0.4835,-3.2781982421875,4.4893798828125,-1.5965576171875
0.484,-3.8387451171875,4.2091064453125,-0.7957763671875
0.4845,-4.4793701171875,4.2091064453125,-0.1951904296875
0.485,-4.5194091796875,3.6085205078125,0.4854736328125
0.4855,-4.6795654296875,3.1680908203125,1.0860595703125
0.486,-4.7196044921875,2.1671142578125,2.0870361328125
0.4865,-4.8797607421875,1.4063720703125,3.0479736328125
0.487,-4.3992919921875,0.3253173828125,3.5284423828125
0.4875,-4.4393310546875,-0.3553466796875,4.2091064453125
0.488,-3.4783935546875,-1.3162841796875,4.1290283203125
0.4885,-3.0780029296875,-1.9569091796875,4.4493408203125
0.489,-1.9168701171875,-3.2781982421875,4.5294189453125
0.4895,-1.0760498046875,-3.9188232421875,4.3292236328125
0.49,-0.3153076171875,-4.5194091796875,4.1290283203125
0.4905,0.4053955078125,-4.8397216796875,3.8487548828125
0.491,1.2462158203125,-4.8797607421875,3.0479736328125
0.4915,2.2471923828125,-5.0799560546875,2.2471923828125
0.492,3.5284423828125,-5.2801513671875,1.2061767578125
0.4925,3.8487548828125,-4.7596435546875,0.2852783203125
0.493,4.4093017578125,-4.7996826171875,-0.2352294921875
0.4935,4.3292236328125,-3.9188232421875,-0.9959716796875
0.494,4.4093017578125,-3.3983154296875,-1.5565185546875
0.4945,4.4493408203125,-2.3172607421875,-2.6375732421875
0.495,4.4893798828125,-1.5565185546875,-3.4383544921875
0.4955,3.9288330078125,-0.5155029296875,-3.9588623046875
0.496,3.8487548828125,0.1251220703125,-4.4793701171875
0.4965,2.8477783203125,1.1260986328125,-4.3592529296875
0.497,2.3272705078125,1.8468017578125,-4.5194091796875
0.4975,1.2061767578125,3.1680908203125,-4.7196044921875
0.498,0.3253173828125,3.6885986328125,-4.3592529296875
0.4985,-0.3553466796875,4.2891845703125,-4.2391357421875
0.499,-1.1561279296875,4.4893798828125,-3.6785888671875
0.4995,-2.0770263671875,4.6094970703125,-2.8778076171875
0.5,-3.1180419921875,4.7296142578125,-1.9569091796875
0.5005,-4.2791748046875,4.8897705078125,-0.9959716796875
0.501,-4.5594482421875,4.2491455078125,-0.0750732421875
0.5015,-5.0799560546875,4.3292236328125,0.3653564453125
0.502,-4.9998779296875,3.2882080078125,1.2862548828125
0.5025,-5.0399169921875,2.6876220703125,1.9268798828125
0.503,-5.1199951171875,1.5264892578125,3.0880126953125
0.5035,-4.9598388671875,0.6055908203125,3.8487548828125
0.504,-4.4793701171875,-0.4754638671875,4.2891845703125
0.5045,-4.1590576171875,-1.1160888671875,4.7296142578125
0.505,-3.0780029296875,-2.1971435546875,4.6094970703125
0.5055,-2.4373779296875,-2.9178466796875,4.7296142578125
0.506,-1.2362060546875,-4.1990966796875,4.8096923828125
0.5065,-0.3153076171875,-4.6395263671875,4.2891845703125
0.507,0.2852783203125,-5.1199951171875,4.1690673828125
0.5075,1.2862548828125,-5.2000732421875,3.2481689453125
0.508,2.1671142578125,-5.2801513671875,2.4874267578125
0.5085,3.2081298828125,-5.2801513671875,1.4464111328125
0.509,4.1290283203125,-5.2801513671875,0.5655517578125
0.5095,4.3292236328125,-4.5994873046875,-0.3153076171875
0.51,4.6495361328125,-4.5594482421875,-0.6356201171875
0.5105,4.4893798828125,-3.3983154296875,-1.6365966796875
0.511,4.4893798828125,-2.8778076171875,-2.1971435546875
0.5115,4.6094970703125,-1.7967529296875,-3.3582763671875
0.512,4.2091064453125,-0.9158935546875,-3.8787841796875
0.5125,3.8487548828125,0.0450439453125,-4.3592529296875
0.513,3.3282470703125,0.7657470703125,-4.4793701171875
0.5135,2.4073486328125,1.7266845703125,-4.5194091796875
0.514,1.7266845703125,2.5274658203125,-4.5994873046875
0.5145,0.7257080078125,3.6485595703125,-4.6795654296875
0.515,-0.1951904296875,3.9688720703125,-4.1190185546875
0.5155,-0.6356201171875,4.4893798828125,-4.1590576171875
0.516,-1.7967529296875,4.4893798828125,-3.0780029296875
0.5165,-2.5574951171875,4.6895751953125,-2.4774169921875
0.517,-3.7186279296875,4.7296142578125,-1.4364013671875
0.5175,-4.4393310546875,4.6495361328125,-0.6356201171875
0.518,-4.6795654296875,4.1290283203125,0.1251220703125
0.5185,-4.9998779296875,3.9688720703125,0.6055908203125
0.519,-4.9598388671875,2.8477783203125,1.6866455078125
0.5195,-4.9998779296875,2.2471923828125,2.2872314453125
0.52,-5.1600341796875,1.1260986328125,3.4884033203125
0.5205,-4.6395263671875,0.1651611328125,3.9688720703125
0.521,-4.3992919921875,-0.6356201171875,4.4893798828125
0.5215,-3.5985107421875,-1.5565185546875,4.5694580078125
0.522,-2.7176513671875,-2.5574951171875,4.6495361328125
0.5225,-1.8768310546875,-3.3983154296875,4.6094970703125
0.523,-0.9158935546875,-4.4393310546875,4.6495361328125
0.5235,0.0050048828125,-4.6395263671875,3.9688720703125
0.524,0.5255126953125,-5.1199951171875,3.9288330078125
0.5245,1.8468017578125,-5.0799560546875,2.6075439453125
0.525,2.5274658203125,-5.1600341796875,2.0469970703125
0.5255,3.5684814453125,-5.1199951171875,0.9659423828125
0.526,4.0889892578125,-4.8797607421875,0.2452392578125
0.5265,4.2091064453125,-4.3592529296875,-0.3953857421875
0.527,4.3292236328125,-3.9989013671875,-0.9559326171875
0.5275,4.3292236328125,-2.9578857421875,-1.9168701171875
0.528,4.2091064453125,-2.3172607421875,-2.5174560546875
0.5285,4.3292236328125,-1.3563232421875,-3.4783935546875
0.529,3.7286376953125,-0.4354248046875,-3.7586669921875
0.5295,3.6085205078125,0.1651611328125,-4.1990966796875
0.53,2.6075439453125,1.0860595703125,-4.1590576171875
0.5305,2.0469970703125,1.9268798828125,-4.3592529296875
0.531,1.2061767578125,2.7276611328125,-4.3192138671875
0.5315,0.4454345703125,3.5284423828125,-4.2791748046875
0.532,-0.3153076171875,3.7286376953125,-3.7987060546875
0.5325,-0.7957763671875,4.1290283203125,-3.6785888671875
0.533,-1.9969482421875,4.1690673828125,-2.5574951171875
0.5335,-2.6375732421875,4.3292236328125,-2.0770263671875
0.534,-3.6785888671875,4.4493408203125,-1.1561279296875
0.5345,-3.9989013671875,4.1290283203125,-0.5155029296875
0.535,-4.3992919921875,3.8887939453125,0.0450439453125
0.5355,-4.4393310546875,3.2481689453125,0.6456298828125
0.536,-4.6395263671875,2.5274658203125,1.5665283203125
0.5365,-4.5594482421875,1.7667236328125,2.3673095703125
0.537,-4.7996826171875,1.0059814453125,3.2882080078125
0.5375,-4.1590576171875,0.0050048828125,3.6485595703125
0.538,-4.1590576171875,-0.5555419921875,4.1290283203125
0.5385,-3.0379638671875,-1.6766357421875,4.1290283203125
0.539,-2.5574951171875,-2.4774169921875,4.4493408203125
0.5395,-1.5565185546875,-3.3983154296875,4.3292236328125
0.54,-0.7957763671875,-4.0389404296875,4.2091064453125
0.5405,-0.1551513671875,-4.3192138671875,3.8087158203125
0.541,0.6055908203125,-4.6395263671875,3.4083251953125
0.5415,1.8468017578125,-4.7596435546875,2.3272705078125
0.542,2.4874267578125,-4.8397216796875,1.7266845703125
0.5425,3.4483642578125,-4.8397216796875,0.8858642578125
0.543,3.5684814453125,-4.4393310546875,0.2452392578125
0.5435,3.8487548828125,-4.2391357421875,-0.2352294921875
0.544,3.8087158203125,-3.3582763671875,-1.0760498046875
0.5445,4.0089111328125,-2.7576904296875,-1.7967529296875
0.545,3.8487548828125,-1.8768310546875,-2.5574951171875
0.5455,3.9688720703125,-1.1961669921875,-3.2381591796875
0.546,3.2882080078125,-0.3153076171875,-3.4383544921875
0.5465,3.2081298828125,0.1651611328125,-3.7987060546875
0.547,2.1671142578125,1.2462158203125,-3.7987060546875
0.5475,1.8067626953125,1.8868408203125,-4.0389404296875
0.548,0.9259033203125,2.7276611328125,-3.9989013671875
0.5485,0.2852783203125,3.1680908203125,-3.7987060546875
0.549,-0.2752685546875,3.4884033203125,-3.5584716796875
0.5495,-1.0760498046875,3.6885986328125,-2.9578857421875
0.55,-1.9969482421875,3.8887939453125,-2.2772216796875
0.5505,-2.6375732421875,3.9688720703125,-1.6365966796875
0.551,-3.3582763671875,4.0489501953125,-1.0760498046875
0.5515,-3.5584716796875,3.6085205078125,-0.5155029296875
0.552,-3.9989013671875,3.6485595703125,-0.1551513671875
0.5525,-3.9989013671875,2.7276611328125,0.8057861328125
0.553,-4.2791748046875,2.3673095703125,1.4864501953125
0.5535,-4.2791748046875,1.4464111328125,2.4073486328125
0.554,-4.3192138671875,0.8858642578125,2.9678955078125
0.5545,-3.8787841796875,0.0050048828125,3.3682861328125
0.555,-3.5985107421875,-0.6356201171875,3.6885986328125
0.5555,-2.7576904296875,-1.6766357421875,3.8887939453125
0.556,-2.2772216796875,-2.3973388671875,4.0489501953125
0.5565,-1.4764404296875,-3.2781982421875,4.1290283203125
0.557,-0.7957763671875,-3.6385498046875,3.8487548828125
0.5575,-0.2352294921875,-4.1190185546875,3.7286376953125
0.558,0.8858642578125,-4.2391357421875,2.8077392578125
0.5585,1.7667236328125,-4.5594482421875,2.2471923828125
0.559,2.5274658203125,-4.5194091796875,1.4063720703125
0.5595,3.1280517578125,-4.6395263671875,0.9259033203125
0.56,3.1680908203125,-4.1190185546875,0.2852783203125
0.5605,3.4884033203125,-3.8787841796875,-0.1551513671875
0.561,3.5684814453125,-2.9979248046875,-1.1561279296875
0.5615,3.7686767578125,-2.5174560546875,-1.7967529296875
0.562,3.7686767578125,-1.6365966796875,-2.5975341796875
0.5625,3.5284423828125,-0.9959716796875,-3.0379638671875
0.563,3.1680908203125,-0.3153076171875,-3.3582763671875
0.5635,2.6075439453125,0.4854736328125,-3.5184326171875
0.564,1.9669189453125,1.4063720703125,-3.7987060546875
0.5645,1.4063720703125,2.0469970703125,-3.7987060546875
0.565,0.7657470703125,2.7677001953125,-3.8787841796875
0.5655,0.1251220703125,2.9678955078125,-3.4783935546875
0.566,-0.4354248046875,3.4083251953125,-3.3582763671875
0.5665,-1.4764404296875,3.5284423828125,-2.3973388671875
0.567,-2.1971435546875,3.8087158203125,-1.9569091796875
0.5675,-2.9178466796875,3.7686767578125,-1.2762451171875
0.568,-3.3582763671875,3.7286376953125,-0.9158935546875
0.5685,-3.5584716796875,3.4483642578125,-0.3153076171875
0.569,-3.7186279296875,3.0479736328125,0.2452392578125
0.5695,-3.9588623046875,2.4073486328125,1.1661376953125
0.57,-4.0389404296875,1.7667236328125,1.7667236328125
0.5705,-4.1990966796875,1.1260986328125,2.6075439453125
0.571,-3.7987060546875,0.3653564453125,2.9278564453125
0.5715,-3.7186279296875,-0.2752685546875,3.4483642578125
0.572,-2.8778076171875,-1.1961669921875,3.5284423828125
0.5725,-2.4774169921875,-1.9969482421875,3.8887939453125
0.573,-1.7166748046875,-2.7176513671875,3.8487548828125
0.5735,-1.1961669921875,-3.3983154296875,3.9688720703125
0.574,-0.5155029296875,-3.6385498046875,3.5284423828125
0.5745,0.2052001953125,-4.0789794921875,3.2081298828125
0.575,1.3262939453125,-4.3192138671875,2.2872314453125
0.5755,2.0469970703125,-4.5194091796875,1.7667236328125
0.576,2.8077392578125,-4.5194091796875,1.0460205078125
0.5765,3.0479736328125,-4.2391357421875,0.6055908203125
0.577,3.3282470703125,-3.9188232421875,0.0450439453125
0.5775,3.4083251953125,-3.2781982421875,-0.6356201171875
0.578,3.7286376953125,-2.7176513671875,-1.5565185546875
0.5785,3.6085205078125,-1.9569091796875,-2.1971435546875
0.579,3.8087158203125,-1.3162841796875,-2.9178466796875
0.5795,3.1280517578125,-0.5155029296875,-3.0780029296875
0.58,3.0079345703125,0.0450439453125,-3.5184326171875
0.5805,2.0469970703125,1.1260986328125,-3.5985107421875
0.581,1.6866455078125,1.8468017578125,-3.8787841796875
0.5815,0.8858642578125,2.5274658203125,-3.7586669921875
0.582,0.3653564453125,3.0079345703125,-3.7586669921875
0.5825,-0.2752685546875,3.1680908203125,-3.2781982421875
0.583,-1.0760498046875,3.4884033203125,-2.8778076171875
0.5835,-2.1170654296875,3.7286376953125,-2.0369873046875
0.584,-2.7176513671875,3.6885986328125,-1.4764404296875
0.5845,-3.3582763671875,3.8487548828125,-0.9158935546875
0.585,-3.4783935546875,3.4483642578125,-0.3953857421875
0.5855,-3.7586669921875,3.2081298828125,0.1251220703125
0.586,-3.8387451171875,2.4473876953125,0.9659423828125
0.5865,-4.1590576171875,1.9669189453125,1.7667236328125
0.587,-3.9989013671875,1.1260986328125,2.4073486328125
0.5875,-4.1190185546875,0.6055908203125,3.0479736328125
0.588,-3.4783935546875,-0.2752685546875,3.2081298828125
0.5885,-3.2781982421875,-0.8758544921875,3.5684814453125
0.589,-2.3973388671875,-1.9969482421875,3.7686767578125
0.5895,-1.8768310546875,-2.6375732421875,3.8487548828125
0.59,-1.1561279296875,-3.3582763671875,3.8887939453125
0.5905,-0.5955810546875,-3.7186279296875,3.6885986328125
0.591,0.1251220703125,-4.0389404296875,3.2481689453125
0.5915,1.1260986328125,-4.2391357421875,2.5274658203125
0.592,2.1671142578125,-4.5994873046875,1.7667236328125
0.5925,2.6876220703125,-4.3592529296875,1.0860595703125
0.593,3.2481689453125,-4.5194091796875,0.6456298828125
0.5935,3.3282470703125,-3.8787841796875,0.0050048828125
0.594,3.5284423828125,-3.5985107421875,-0.5155029296875
0.5945,3.6885986328125,-2.7176513671875,-1.5164794921875
0.595,3.8487548828125,-2.1571044921875,-2.1971435546875
0.5955,3.6485595703125,-1.2762451171875,-2.8778076171875
0.596,3.5684814453125,-0.6756591796875,-3.3582763671875
0.5965,2.8878173828125,0.1651611328125,-3.4783935546875
0.597,2.4874267578125,0.8858642578125,-3.7987060546875
0.5975,1.6466064453125,1.9669189453125,-4.0389404296875
0.598,0.9659423828125,2.5274658203125,-3.8787841796875
0.5985,0.4053955078125,3.2081298828125,-3.9588623046875
0.599,-0.3153076171875,3.3682861328125,-3.4783935546875
0.5995,-1.0360107421875,3.6885986328125,-3.0780029296875
0.6,-2.1571044921875,3.8487548828125,-2.1971435546875
0.6005,-3.0780029296875,4.1290283203125,-1.4364013671875
0.601,-3.5184326171875,3.8087158203125,-0.7156982421875
0.6015,-3.9989013671875,3.8887939453125,-0.3153076171875
0.602,-3.9989013671875,3.1680908203125,0.4053955078125
0.6025,-4.1590576171875,2.7677001953125,0.9659423828125
0.603,-4.3592529296875,1.8868408203125,2.0469970703125
0.6035,-4.2391357421875,1.1260986328125,2.6475830078125
0.604,-4.1590576171875,0.3253173828125,3.3282470703125
0.6045,-3.7987060546875,-0.3553466796875,3.6085205078125
0.605,-3.1981201171875,-1.1561279296875,3.8087158203125
0.6055,-2.5574951171875,-1.9969482421875,3.9688720703125
0.606,-1.7567138671875,-3.0780029296875,4.2091064453125
0.6065,-0.9959716796875,-3.5184326171875,3.8487548828125
0.607,-0.5155029296875,-4.1990966796875,3.9688720703125
0.6075,0.3653564453125,-4.2391357421875,3.2081298828125
0.608,1.1260986328125,-4.5594482421875,2.7677001953125
0.6085,2.3673095703125,-4.7196044921875,1.7667236328125
0.609,3.1280517578125,-4.7596435546875,1.0460205078125
0.6095,3.5284423828125,-4.3992919921875,0.3253173828125
0.61,3.8487548828125,-4.3192138671875,-0.0750732421875
0.6105,3.8487548828125,-3.5584716796875,-0.8358154296875
0.611,3.9688720703125,-2.9979248046875,-1.4764404296875
0.6115,4.1690673828125,-2.1170654296875,-2.5975341796875
0.612,3.8487548828125,-1.2762451171875,-3.0780029296875
0.6125,3.8087158203125,-0.5155029296875,-3.7987060546875
0.613,3.1280517578125,0.2852783203125,-3.8387451171875
0.6135,2.6075439453125,1.0460205078125,-4.0389404296875
0.614,1.7667236328125,2.0469970703125,-4.1990966796875
0.6145,1.0059814453125,2.9678955078125,-4.3592529296875
0.615,0.2052001953125,3.3282470703125,-3.9188232421875
0.6155,-0.2752685546875,3.8887939453125,-3.9989013671875
0.616,-1.3162841796875,3.9288330078125,-3.0780029296875
0.6165,-2.0770263671875,4.2491455078125,-2.5574951171875
0.617,-3.3182373046875,4.4493408203125,-1.4764404296875
0.6175,-3.9188232421875,4.2891845703125,-0.7557373046875
0.618,-4.3192138671875,4.0089111328125,-0.1151123046875
0.6185,-4.5194091796875,3.6885986328125,0.4454345703125
0.619,-4.5594482421875,2.8477783203125,1.2862548828125
0.6195,-4.6395263671875,2.1671142578125,2.0469970703125
0.62,-4.8797607421875,1.2862548828125,3.1680908203125
0.6205,-4.3192138671875,0.2452392578125,3.5684814453125
0.621,-4.3192138671875,-0.3953857421875,4.1690673828125
0.6215,-3.3582763671875,-1.3963623046875,4.1690673828125
0.622,-2.8377685546875,-2.1971435546875,4.4093017578125
0.6225,-1.7967529296875,-3.2381591796875,4.4893798828125
0.623,-0.9959716796875,-4.1590576171875,4.4893798828125
0.6235,-0.1951904296875,-4.4793701171875,3.9288330078125
0.624,0.4053955078125,-4.9598388671875,3.8487548828125
0.6245,1.6466064453125,-4.9197998046875,2.6876220703125
0.625,2.3673095703125,-5.0799560546875,2.0870361328125
0.6255,3.5684814453125,-5.1600341796875,1.0059814453125
0.626,3.9688720703125,-4.7596435546875,0.2052001953125
0.6265,4.3292236328125,-4.5194091796875,-0.3553466796875
0.627,4.3692626953125,-3.8787841796875,-1.0360107421875
0.6275,4.4093017578125,-3.0379638671875,-1.9168701171875
0.628,4.3292236328125,-2.1971435546875,-2.6375732421875
0.6285,4.4893798828125,-1.3162841796875,-3.6785888671875
0.629,3.7286376953125,-0.2752685546875,-3.9188232421875
0.6295,3.6885986328125,0.2852783203125,-4.4393310546875
0.63,2.5274658203125,1.4063720703125,-4.3192138671875
0.6305,2.0069580078125,2.1671142578125,-4.5194091796875
0.631,0.9659423828125,3.1680908203125,-4.5194091796875
0.6315,0.1251220703125,3.8487548828125,-4.3592529296875
0.632,-0.6356201171875,4.0889892578125,-3.9188232421875
0.6325,-1.2762451171875,4.4893798828125,-3.5584716796875
0.633,-2.5174560546875,4.5294189453125,-2.3973388671875
0.6335,-3.1981201171875,4.6094970703125,-1.7967529296875
0.634,-4.3192138671875,4.7696533203125,-0.7957763671875
0.6345,-4.5594482421875,4.2091064453125,0.0050048828125
0.635,-4.9197998046875,4.0089111328125,0.4854736328125
0.6355,-4.9598388671875,3.1280517578125,1.3663330078125
0.636,-5.0399169921875,2.4073486328125,2.2471923828125
0.6365,-4.8797607421875,1.4063720703125,3.0479736328125
0.637,-4.9998779296875,0.5255126953125,3.9688720703125
0.6375,-4.1990966796875,-0.5955810546875,4.2091064453125
0.638,-4.1190185546875,-1.1561279296875,4.6495361328125
0.6385,-2.7576904296875,-2.4373779296875,4.6094970703125
0.639,-2.1971435546875,-3.1981201171875,4.7296142578125
0.6395,-1.1160888671875,-4.2791748046875,4.6094970703125
0.64,-0.1951904296875,-4.8797607421875,4.3292236328125
0.6405,0.5255126953125,-5.0399169921875,3.8487548828125
0.641,1.4063720703125,-5.3201904296875,3.2882080078125
0.6415,2.6876220703125,-5.4002685546875,2.0469970703125
0.642,3.3682861328125,-5.2401123046875,1.2862548828125
0.6425,4.4093017578125,-5.2801513671875,0.3253173828125
0.643,4.4893798828125,-4.5594482421875,-0.4754638671875
0.6435,4.6495361328125,-4.3192138671875,-0.9158935546875
0.644,4.6094970703125,-3.1981201171875,-1.9569091796875
0.6445,4.6495361328125,-2.4373779296875,-2.7176513671875
0.645,4.4093017578125,-1.3963623046875,-3.5184326171875
0.6455,4.3692626953125,-0.5555419921875,-4.2791748046875
0.646,3.4884033203125,0.4454345703125,-4.3592529296875
0.6465,3.2481689453125,1.0059814453125,-4.6395263671875
0.647,1.9268798828125,2.2872314453125,-4.5594482421875
0.6475,1.3262939453125,2.8878173828125,-4.6395263671875
0.648,0.2852783203125,3.8087158203125,-4.5194091796875
0.6485,-0.5155029296875,4.2491455078125,-4.1190185546875
0.649,-1.1160888671875,4.4893798828125,-3.7186279296875
0.6495,-2.1170654296875,4.6094970703125,-2.8778076171875
0.65,-3.1981201171875,4.7296142578125,-1.8768310546875
0.6505,-3.8387451171875,4.5294189453125,-1.1160888671875
0.651,-4.6395263671875,4.5694580078125,-0.3553466796875
0.6515,-4.7196044921875,3.8887939453125,0.4053955078125
0.652,-4.9998779296875,3.7286376953125,0.8458251953125
0.6525,-4.9197998046875,2.5274658203125,1.9669189453125
0.653,-5.0399169921875,1.9268798828125,2.6475830078125
0.6535,-4.8397216796875,0.8057861328125,3.5284423828125
0.654,-4.6795654296875,0.0450439453125,4.1690673828125
0.6545,-3.9588623046875,-0.9559326171875,4.3692626953125
0.655,-3.5985107421875,-1.6766357421875,4.6094970703125
0.6555,-2.3973388671875,-2.9578857421875,4.6895751953125
0.656,-1.7166748046875,-3.6385498046875,4.6094970703125
0.6565,-0.7156982421875,-4.5194091796875,4.5694580078125
0.657,0.1251220703125,-4.8397216796875,4.0889892578125
0.6575,0.7657470703125,-5.1199951171875,3.7286376953125
0.658,1.9669189453125,-5.2801513671875,2.6475830078125
0.6585,3.1280517578125,-5.4403076171875,1.7266845703125
0.659,3.7286376953125,-5.0799560546875,0.7657470703125
0.6595,4.4893798828125,-5.0799560546875,0.0450439453125
0.66,4.4093017578125,-4.2391357421875,-0.6756591796875
0.6605,4.5294189453125,-3.9188232421875,-1.1561279296875
0.661,4.5294189453125,-2.7176513671875,-2.3973388671875
0.6615,4.4893798828125,-2.0369873046875,-2.9578857421875
0.662,4.2091064453125,-0.9559326171875,-3.7987060546875
0.6625,3.8887939453125,-0.1551513671875,-4.1990966796875
0.663,3.1680908203125,0.6856689453125,-4.3192138671875
0.6635,2.6075439453125,1.4063720703125,-4.4393310546875
0.664,1.5264892578125,2.5675048828125,-4.5594482421875
0.6645,0.8057861328125,3.1280517578125,-4.2791748046875
0.665,0.0050048828125,3.8887939453125,-4.2791748046875
0.6655,-0.7156982421875,4.0889892578125,-3.6785888671875
0.666,-1.3162841796875,4.3292236328125,-3.3582763671875
0.6665,-2.5174560546875,4.3292236328125,-2.2371826171875
0.667,-3.3582763671875,4.4893798828125,-1.5565185546875
0.6675,-3.9188232421875,4.2091064453125,-0.6756591796875
0.668,-4.4393310546875,4.1290283203125,-0.1551513671875
0.6685,-4.4393310546875,3.5284423828125,0.5255126953125
0.669,-4.5594482421875,3.1680908203125,1.0059814453125
0.6695,-4.6795654296875,2.1270751953125,2.1270751953125
0.67,-4.5594482421875,1.4464111328125,2.6876220703125
0.6705,-4.5994873046875,0.6055908203125,3.5284423828125
0.671,-4.1190185546875,-0.2752685546875,3.8087158203125
0.6715,-3.7186279296875,-0.9959716796875,4.1290283203125
0.672,-2.9178466796875,-1.9569091796875,4.1290283203125
0.6725,-2.1571044921875,-2.9178466796875,4.4893798828125
0.673,-1.3563232421875,-3.4783935546875,4.2091064453125
0.6735,-0.6756591796875,-4.2791748046875,4.3292236328125
0.674,0.1251220703125,-4.4393310546875,3.6485595703125
0.6745,0.8057861328125,-4.7996826171875,3.3682861328125
0.675,2.1270751953125,-4.9197998046875,2.2071533203125
0.6755,2.8477783203125,-4.9998779296875,1.5665283203125
0.676,3.5284423828125,-4.7996826171875,0.6456298828125
0.6765,3.8887939453125,-4.6395263671875,0.1651611328125
0.677,3.9688720703125,-3.9989013671875,-0.5555419921875
0.6775,4.0889892578125,-3.4383544921875,-1.1561279296875
0.678,4.2891845703125,-2.5174560546875,-2.2772216796875
0.6785,4.0089111328125,-1.7567138671875,-2.7977294921875
0.679,4.0489501953125,-0.9959716796875,-3.6385498046875
0.6795,3.3682861328125,-0.1151123046875,-3.7586669921875
0.68,3.0479736328125,0.6055908203125,-4.0389404296875
0.6805,2.0870361328125,1.5665283203125,-4.0389404296875
0.681,1.4464111328125,2.4874267578125,-4.2791748046875
0.6815,0.6055908203125,3.0079345703125,-3.9188232421875
0.682,0.0450439453125,3.5684814453125,-3.9989013671875
0.6825,-0.6756591796875,3.6485595703125,-3.2781982421875
0.683,-1.3963623046875,3.8887939453125,-2.8778076171875
0.6835,-2.5975341796875,4.0889892578125,-1.9168701171875
0.684,-3.1580810546875,4.0089111328125,-1.2762451171875
0.6845,-3.7186279296875,3.9688720703125,-0.6356201171875
0.685,-3.8787841796875,3.6485595703125,-0.1951904296875
0.6855,-4.0789794921875,3.2481689453125,0.4053955078125
0.686,-4.1190185546875,2.5274658203125,1.1260986328125
0.6865,-4.3592529296875,1.9669189453125,2.0069580078125
0.687,-4.1190185546875,1.0860595703125,2.5274658203125
0.6875,-4.3192138671875,0.4854736328125,3.2081298828125
0.688,-3.5584716796875,-0.3553466796875,3.3682861328125
0.6885,-3.4383544921875,-0.9158935546875,3.7686767578125
0.689,-2.4774169921875,-1.9969482421875,3.8487548828125
0.6895,-1.9969482421875,-2.6375732421875,4.0889892578125
0.69,-1.1961669921875,-3.3582763671875,3.8887939453125
0.6905,-0.7156982421875,-3.8387451171875,3.8887939453125
0.691,0.1251220703125,-4.0389404296875,3.3282470703125
0.6915,0.9259033203125,-4.3592529296875,2.8477783203125
0.692,2.0469970703125,-4.6395263671875,1.9669189453125
0.6925,2.5675048828125,-4.5194091796875,1.2862548828125
0.693,3.2081298828125,-4.6395263671875,0.8057861328125
0.6935,3.3282470703125,-4.1190185546875,0.2052001953125
0.694,3.6485595703125,-3.8387451171875,-0.3553466796875
0.6945,3.7686767578125,-3.0379638671875,-1.3563232421875
0.695,3.9688720703125,-2.5174560546875,-2.0770263671875
0.6955,3.6885986328125,-1.5565185546875,-2.7176513671875
0.696,3.8087158203125,-0.9959716796875,-3.2381591796875
0.6965,3.0079345703125,0.0050048828125,-3.3983154296875
0.697,2.7276611328125,0.6055908203125,-3.7586669921875
0.6975,1.8468017578125,1.7266845703125,-3.9188232421875
0.698,1.2862548828125,2.2872314453125,-3.9188232421875
0.6985,0.6055908203125,2.9278564453125,-3.8787841796875
0.699,0.0050048828125,3.2081298828125,-3.5985107421875
0.6995,-0.7156982421875,3.4884033203125,-3.1580810546875
0.7,-1.6365966796875,3.7286376953125,-2.4373779296875
0.7005,-2.6375732421875,3.9688720703125,-1.7567138671875
0.701,-3.0780029296875,3.7286376953125,-1.0360107421875
0.7015,-3.5584716796875,3.8887939453125,-0.7156982421875
0.702,-3.5985107421875,3.2481689453125,0.0050048828125
0.7025,-3.9188232421875,2.8477783203125,0.5655517578125
0.703,-3.9989013671875,2.0870361328125,1.4063720703125
0.7035,-4.1590576171875,1.5665283203125,2.0870361328125
0.704,-3.9588623046875,0.7657470703125,2.7276611328125
0.7045,-3.8787841796875,0.2452392578125,3.1280517578125
0.705,-3.2781982421875,-0.6356201171875,3.3282470703125
0.7055,-2.8377685546875,-1.3162841796875,3.5684814453125
0.706,-2.1170654296875,-2.3172607421875,3.8887939453125
0.7065,-1.4764404296875,-2.7977294921875,3.6885986328125
0.707,-1.0360107421875,-3.4783935546875,3.8887939453125
0.7075,-0.3153076171875,-3.6385498046875,3.3282470703125
0.708,0.4053955078125,-4.0389404296875,3.0479736328125
0.7085,1.4464111328125,-4.2391357421875,2.1671142578125
0.709,2.2872314453125,-4.5194091796875,1.6065673828125
0.7095,2.7276611328125,-4.2391357421875,0.9259033203125
0.71,3.1280517578125,-4.3592529296875,0.6856689453125
0.7105,3.2081298828125,-3.7186279296875,-0.1551513671875
0.711,3.4884033203125,-3.3983154296875,-0.6356201171875
0.7115,3.7686767578125,-2.5975341796875,-1.7166748046875
0.712,3.6885986328125,-1.9569091796875,-2.2772216796875
0.7125,3.6885986328125,-1.2362060546875,-2.9578857421875
0.713,3.2481689453125,-0.5155029296875,-3.1981201171875
0.7135,2.8077392578125,0.2452392578125,-3.4783935546875
0.714,2.2071533203125,1.1260986328125,-3.7186279296875
0.7145,1.5665283203125,2.0469970703125,-3.9989013671875
0.715,0.8057861328125,2.5274658203125,-3.7186279296875
0.7155,0.4053955078125,3.1680908203125,-3.9188232421875
0.716,-0.4754638671875,3.2481689453125,-3.1981201171875
0.7165,-1.1561279296875,3.6485595703125,-2.8377685546875
0.717,-2.3172607421875,3.8487548828125,-1.9569091796875
0.7175,-2.9178466796875,3.8887939453125,-1.3563232421875
0.718,-3.3983154296875,3.7686767578125,-0.7156982421875
0.7185,-3.6385498046875,3.5684814453125,-0.3953857421875
0.719,-3.7586669921875,2.9678955078125,0.3253173828125
0.7195,-3.9188232421875,2.4073486328125,1.0059814453125
0.72,-4.2391357421875,1.7667236328125,2.0469970703125
0.7205,-3.9188232421875,0.9659423828125,2.5274658203125
0.721,-4.0389404296875,0.4053955078125,3.1680908203125
0.7215,-3.3582763671875,-0.4354248046875,3.2481689453125
0.722,-3.0780029296875,-1.1160888671875,3.5684814453125
0.7225,-2.2772216796875,-2.0770263671875,3.7686767578125
0.723,-1.6766357421875,-2.8377685546875,3.8887939453125
0.7235,-0.9959716796875,-3.2781982421875,3.6885986328125
0.724,-0.5955810546875,-3.7987060546875,3.7286376953125
0.7245,0.3653564453125,-3.8787841796875,2.9278564453125
0.725,1.1260986328125,-4.2391357421875,2.5274658203125
0.7255,2.2872314453125,-4.5194091796875,1.6065673828125
0.726,2.7276611328125,-4.3192138671875,0.9659423828125
0.7265,3.2081298828125,-4.3992919921875,0.5255126953125
0.727,3.2882080078125,-3.9188232421875,0.0050048828125
0.7275,3.4884033203125,-3.4783935546875,-0.6756591796875
0.728,3.6485595703125,-2.6776123046875,-1.4764404296875
0.7285,3.8887939453125,-2.0770263671875,-2.3572998046875
0.729,3.4884033203125,-1.1561279296875,-2.8377685546875
0.7295,3.6085205078125,-0.6756591796875,-3.3582763671875
0.73,2.7276611328125,0.2452392578125,-3.3983154296875
0.7305,2.4874267578125,0.9259033203125,-3.7987060546875
0.731,1.5665283203125,2.0069580078125,-3.9588623046875
0.7315,0.9659423828125,2.6075439453125,-3.9188232421875
0.732,0.3253173828125,3.1280517578125,-3.7987060546875
0.7325,-0.3153076171875,3.4483642578125,-3.5584716796875
0.733,-1.2362060546875,3.6485595703125,-2.7176513671875
0.7335,-2.0770263671875,3.8887939453125,-2.1971435546875
0.734,-3.1180419921875,4.1290283203125,-1.4364013671875
0.7345,-3.4783935546875,3.7686767578125,-0.7156982421875
0.735,-3.9588623046875,3.8487548828125,-0.3553466796875
0.7355,-4.0789794921875,3.0479736328125,0.4854736328125
0.736,-4.1990966796875,2.6876220703125,1.1260986328125
0.7365,-4.3192138671875,1.8067626953125,2.0469970703125
0.737,-4.4393310546875,1.1260986328125,2.8077392578125
0.7375,-3.9188232421875,0.2052001953125,3.2081298828125
0.738,-3.8787841796875,-0.3553466796875,3.6885986328125
0.7385,-2.8778076171875,-1.3563232421875,3.6885986328125
0.739,-2.5174560546875,-2.0770263671875,4.0089111328125
0.7395,-1.5965576171875,-3.1981201171875,4.1290283203125
0.74,-0.8358154296875,-3.6385498046875,3.8487548828125
0.7405,-0.3553466796875,-4.0789794921875,3.8087158203125
0.741,0.5655517578125,-4.3192138671875,3.1680908203125
0.7415,1.4464111328125,-4.4793701171875,2.4073486328125
0.742,2.3272705078125,-4.5594482421875,1.6466064453125
0.7425,3.2081298828125,-4.7996826171875,0.9259033203125
0.743,3.4483642578125,-4.2391357421875,0.2452392578125
0.7435,3.6885986328125,-4.3192138671875,-0.0750732421875
0.744,3.7286376953125,-3.2381591796875,-0.9959716796875
0.7445,3.8887939453125,-2.8377685546875,-1.5965576171875
0.745,3.9688720703125,-1.8768310546875,-2.5975341796875
0.7455,3.8887939453125,-1.1561279296875,-3.1981201171875
0.746,3.4483642578125,-0.3153076171875,-3.5985107421875
0.7465,3.1680908203125,0.2852783203125,-3.8387451171875
0.747,2.2071533203125,1.2862548828125,-3.8787841796875
0.7475,1.7266845703125,2.0469970703125,-4.1590576171875
0.748,0.8458251953125,3.0479736328125,-4.2391357421875
0.7485,0.1251220703125,3.4083251953125,-3.8387451171875
0.749,-0.3953857421875,3.8487548828125,-3.7987060546875
0.7495,-1.4764404296875,3.9688720703125,-2.8778076171875
0.75,-2.3172607421875,4.1690673828125,-2.2371826171875
0.7505,-3.1981201171875,4.1690673828125,-1.3963623046875
0.751,-3.9588623046875,4.2491455078125,-0.7557373046875
0.7515,-4.1590576171875,3.7286376953125,0.0050048828125
0.752,-4.4393310546875,3.6485595703125,0.3653564453125
0.7525,-4.4393310546875,2.5675048828125,1.4063720703125
0.753,-4.5594482421875,2.0469970703125,2.0469970703125
0.7535,-4.6395263671875,1.0860595703125,3.0880126953125
0.754,-4.3192138671875,0.2452392578125,3.6085205078125
0.7545,-3.9989013671875,-0.5555419921875,3.9688720703125
0.755,-3.3582763671875,-1.3563232421875,4.1290283203125
0.7555,-2.4774169921875,-2.4373779296875,4.3292236328125
0.756,-1.7567138671875,-3.1981201171875,4.2891845703125
0.7565,-0.9158935546875,-4.1190185546875,4.3692626953125
0.757,-0.1151123046875,-4.3592529296875,3.8487548828125
0.7575,0.4854736328125,-4.7996826171875,3.6885986328125
0.758,1.7667236328125,-4.8797607421875,2.4874267578125
0.7585,2.6075439453125,-5.0799560546875,1.7667236328125
0.759,3.4884033203125,-4.9197998046875,0.8057861328125
0.7595,4.0089111328125,-4.8397216796875,0.1651611328125
0.76,4.0889892578125,-4.1590576171875,-0.5155029296875
0.7605,4.2891845703125,-3.8387451171875,-0.9959716796875
0.761,4.3292236328125,-2.7176513671875,-2.1571044921875
0.7615,4.2491455078125,-1.9969482421875,-2.7176513671875
0.762,4.2491455078125,-1.0360107421875,-3.6785888671875
0.7625,3.6885986328125,-0.1551513671875,-3.9989013671875
0.763,3.2882080078125,0.5655517578125,-4.2791748046875
0.7635,2.4473876953125,1.5264892578125,-4.3592529296875
0.764,1.5665283203125,2.5274658203125,-4.4793701171875
0.7645,0.7657470703125,3.1680908203125,-4.2791748046875
0.765,0.0050048828125,3.9688720703125,-4.3192138671875
0.7655,-0.7957763671875,4.0889892578125,-3.6385498046875
0.766,-1.3563232421875,4.4493408203125,-3.3983154296875
0.7665,-2.7176513671875,4.4493408203125,-2.1170654296875
0.767,-3.4783935546875,4.4893798828125,-1.4364013671875
0.7675,-4.2391357421875,4.3292236328125,-0.5955810546875
0.768,-4.6395263671875,4.1290283203125,0.1251220703125
0.7685,-4.7196044921875,3.5684814453125,0.7257080078125
0.769,-4.8397216796875,3.0079345703125,1.4063720703125
0.7695,-4.9598388671875,1.9669189453125,2.5274658203125
0.77,-4.6795654296875,1.1661376953125,3.0880126953125
0.7705,-4.7996826171875,0.2852783203125,3.9688720703125
0.771,-4.0789794921875,-0.6756591796875,4.2091064453125
0.7715,-3.7186279296875,-1.3563232421875,4.4893798828125
0.772,-2.6375732421875,-2.5174560546875,4.5294189453125
0.7725,-1.8768310546875,-3.5184326171875,4.7296142578125
0.773,-0.9158935546875,-4.1190185546875,4.3692626953125
0.7735,-0.1951904296875,-4.8397216796875,4.4093017578125
0.774,0.6456298828125,-4.9197998046875,3.6485595703125
0.7745,1.3663330078125,-5.2801513671875,3.2081298828125
0.775,2.8878173828125,-5.4403076171875,1.8868408203125
0.7755,3.5684814453125,-5.3201904296875,1.0059814453125
0.776,4.3292236328125,-4.9998779296875,0.1251220703125
0.7765,4.6094970703125,-4.6795654296875,-0.5155029296875
0.777,4.6094970703125,-3.9989013671875,-1.1561279296875
0.7775,4.6094970703125,-3.1981201171875,-1.9569091796875
0.778,4.8096923828125,-2.1571044921875,-3.1180419921875
0.7785,4.3292236328125,-1.1961669921875,-3.5985107421875
0.779,4.3292236328125,-0.3153076171875,-4.4793701171875
0.7795,3.4083251953125,0.6456298828125,-4.4793701171875
0.78,2.9678955078125,1.2862548828125,-4.6395263671875
0.7805,1.8067626953125,2.5274658203125,-4.6795654296875
0.781,0.9659423828125,3.4483642578125,-4.7596435546875
0.7815,0.0050048828125,3.9688720703125,-4.2391357421875
0.782,-0.6356201171875,4.5294189453125,-4.2391357421875
0.7825,-1.4764404296875,4.4893798828125,-3.3582763671875
0.783,-2.2772216796875,4.6094970703125,-2.7977294921875
0.7835,-3.7186279296875,4.8096923828125,-1.5565185546875
0.784,-4.1990966796875,4.5294189453125,-0.6756591796875
0.7845,-4.8397216796875,4.3292236328125,0.0450439453125
0.785,-4.9598388671875,3.8487548828125,0.6456298828125
0.7855,-4.9998779296875,3.2481689453125,1.2862548828125
0.786,-4.9197998046875,2.2872314453125,2.1671142578125
0.7865,-5.1199951171875,1.4464111328125,3.2081298828125
0.787,-4.5594482421875,0.4454345703125,3.6485595703125
0.7875,-4.6395263671875,-0.3153076171875,4.4093017578125
0.788,-3.6785888671875,-1.2762451171875,4.3692626953125
0.7885,-3.3182373046875,-1.8768310546875,4.6094970703125
0.789,-2.1170654296875,-3.1580810546875,4.6094970703125
0.7895,-1.3162841796875,-3.9188232421875,4.6094970703125
0.79,-0.3953857421875,-4.5194091796875,4.2091064453125
0.7905,0.2452392578125,-4.9998779296875,4.1290283203125
0.791,1.0860595703125,-5.0799560546875,3.2882080078125
0.7915,1.9268798828125,-5.2801513671875,2.5675048828125
0.792,3.3682861328125,-5.4403076171875,1.4464111328125
0.7925,3.8487548828125,-4.9998779296875,0.6055908203125
0.793,4.4893798828125,-4.9998779296875,-0.0750732421875
0.7935,4.4893798828125,-4.3192138671875,-0.7957763671875
0.794,4.6094970703125,-3.7586669921875,-1.3963623046875
0.7945,4.6094970703125,-2.7176513671875,-2.4373779296875
0.795,4.7696533203125,-1.8367919921875,-3.3983154296875
0.7955,4.1290283203125,-0.7156982421875,-3.8787841796875
0.796,4.1290283203125,0.0050048828125,-4.5194091796875
0.7965,3.0479736328125,0.9659423828125,-4.3992919921875
0.797,2.6075439453125,1.6466064453125,-4.5994873046875
0.7975,1.4063720703125,2.9278564453125,-4.6795654296875
0.798,0.6055908203125,3.5684814453125,-4.4793701171875
0.7985,-0.2752685546875,4.0489501953125,-4.1590576171875
0.799,-0.9158935546875,4.4093017578125,-3.8387451171875
0.7995,-1.7967529296875,4.3692626953125,-3.0379638671875
0.8,-2.7176513671875,4.5294189453125,-2.1971435546875
0.8005,-3.9188232421875,4.7296142578125,-1.1561279296875
0.801,-4.2391357421875,4.1290283203125,-0.3153076171875
0.8015,-4.7596435546875,4.2091064453125,0.1651611328125
0.802,-4.6395263671875,3.3682861328125,0.8858642578125
0.8025,-4.7596435546875,2.8477783203125,1.4464111328125
0.803,-4.7996826171875,1.8067626953125,2.4874267578125
0.8035,-4.7596435546875,1.0460205078125,3.2081298828125
0.804,-4.2791748046875,0.0850830078125,3.6885986328125
0.8045,-4.1590576171875,-0.5155029296875,4.1290283203125
0.805,-3.2381591796875,-1.4364013671875,4.1290283203125
0.8055,-2.7576904296875,-2.1170654296875,4.3292236328125
0.806,-1.7567138671875,-3.3182373046875,4.4893798828125
0.8065,-0.9959716796875,-3.8387451171875,4.1290283203125
0.807,-0.3953857421875,-4.4393310546875,4.1290283203125
0.8075,0.3253173828125,-4.5994873046875,3.5284423828125
0.808,1.1661376953125,-4.7996826171875,2.9678955078125
0.8085,2.2071533203125,-4.8797607421875,2.0469970703125
0.809,3.2081298828125,-5.0799560546875,1.2862548828125
0.8095,3.5284423828125,-4.5594482421875,0.4454345703125
0.81,4.0489501953125,-4.6795654296875,0.0850830078125
0.8105,3.9688720703125,-3.7987060546875,-0.7156982421875
0.811,4.1690673828125,-3.3983154296875,-1.3162841796875
0.8115,4.2891845703125,-2.3572998046875,-2.4373779296875
0.812,4.1690673828125,-1.6365966796875,-3.0780029296875
0.8125,3.8887939453125,-0.6756591796875,-3.7186279296875
0.813,3.5684814453125,0.0050048828125,-3.9588623046875
0.8135,2.8077392578125,0.8858642578125,-4.0389404296875
0.814,2.2071533203125,1.6866455078125,-4.2391357421875
0.8145,1.3262939453125,2.7677001953125,-4.4793701171875
0.815,0.4454345703125,3.1680908203125,-4.0389404296875
0.8155,0.0050048828125,3.7686767578125,-4.1590576171875
0.816,-0.9559326171875,3.8887939453125,-3.2781982421875
0.8165,-1.7166748046875,4.1290283203125,-2.7977294921875
0.817,-2.8377685546875,4.2491455078125,-1.8367919921875
0.8175,-3.5985107421875,4.3292236328125,-1.1160888671875
0.818,-3.8787841796875,3.8487548828125,-0.3953857421875
0.8185,-4.2391357421875,3.8487548828125,0.0050048828125
0.819,-4.1990966796875,2.9678955078125,0.8057861328125
0.8195,-4.3592529296875,2.4874267578125,1.4063720703125
0.82,-4.5194091796875,1.5665283203125,2.4874267578125
0.8205,-4.1990966796875,0.7657470703125,2.9278564453125
0.821,-4.1590576171875,0.1251220703125,3.5284423828125
0.8215,-3.5584716796875,-0.6356201171875,3.6485595703125
0.822,-3.0379638671875,-1.3963623046875,3.8487548828125
0.8225,-2.2772216796875,-2.3172607421875,3.9688720703125
0.823,-1.5965576171875,-3.1981201171875,4.1290283203125
0.8235,-0.8358154296875,-3.5584716796875,3.6885986328125
0.824,-0.5155029296875,-4.0389404296875,3.8887939453125
0.8245,0.4854736328125,-4.0789794921875,3.0079345703125
0.825,1.2061767578125,-4.4393310546875,2.6475830078125
0.8255,2.3272705078125,-4.5994873046875,1.6466064453125
0.826,2.8477783203125,-4.5194091796875,1.0860595703125
0.8265,3.2882080078125,-4.3992919921875,0.5655517578125
0.827,3.4483642578125,-4.1590576171875,0.1251220703125
0.8275,3.5684814453125,-3.4783935546875,-0.6356201171875
0.828,3.7286376953125,-2.9178466796875,-1.3162841796875
0.8285,4.0089111328125,-2.1971435546875,-2.3172607421875
0.829,3.6485595703125,-1.3162841796875,-2.7576904296875
0.8295,3.7686767578125,-0.7957763671875,-3.3983154296875
0.83,2.9278564453125,0.0450439453125,-3.4783935546875
0.8305,2.6876220703125,0.7257080078125,-3.8787841796875
0.831,1.8067626953125,1.7667236328125,-3.9989013671875
0.8315,1.2061767578125,2.4874267578125,-4.1590576171875
0.832,0.5255126953125,2.9678955078125,-3.8387451171875
0.8325,0.0050048828125,3.4483642578125,-3.7987060546875
0.833,-0.9959716796875,3.5284423828125,-2.9178466796875
0.8335,-1.7967529296875,3.8887939453125,-2.4774169921875
0.834,-2.8778076171875,4.1290283203125,-1.6365966796875
0.8345,-3.2381591796875,3.8487548828125,-0.9959716796875
0.835,-3.7186279296875,3.8887939453125,-0.5555419921875
0.8355,-3.7987060546875,3.3282470703125,0.0450439453125
0.836,-3.9989013671875,2.8477783203125,0.8057861328125
0.8365,-4.1190185546875,2.0469970703125,1.6065673828125
0.837,-4.3592529296875,1.4063720703125,2.4473876953125
0.8375,-3.8787841796875,0.5255126953125,2.8477783203125
0.838,-3.9989013671875,0.0450439453125,3.4083251953125
0.8385,-3.0780029296875,-0.9959716796875,3.3682861328125
0.839,-2.7576904296875,-1.6365966796875,3.8087158203125
0.8395,-1.9569091796875,-2.5975341796875,3.8487548828125
0.84,-1.2762451171875,-3.1580810546875,3.8087158203125
0.8405,-0.7957763671875,-3.5584716796875,3.6885986328125
0.841,-0.1551513671875,-3.8387451171875,3.3682861328125
0.8415,0.8057861328125,-4.0789794921875,2.6475830078125
0.842,1.6466064453125,-4.2791748046875,2.0469970703125
0.8425,2.5274658203125,-4.5194091796875,1.3663330078125
0.843,2.8077392578125,-4.1190185546875,0.7657470703125
0.8435,3.2081298828125,-4.2791748046875,0.4854736328125
0.844,3.2081298828125,-3.4783935546875,-0.3153076171875
0.8445,3.5284423828125,-3.1981201171875,-0.8758544921875
0.845,3.6085205078125,-2.3572998046875,-1.7967529296875
0.8455,3.7286376953125,-1.7967529296875,-2.4373779296875
0.846,3.3282470703125,-0.9559326171875,-2.8778076171875
0.8465,3.2882080078125,-0.5555419921875,-3.2781982421875
0.847,2.4874267578125,0.4454345703125,-3.4383544921875
0.8475,2.2071533203125,1.2061767578125,-3.8387451171875
0.848,1.4063720703125,2.1671142578125,-3.9989013671875
0.8485,0.7657470703125,2.6075439453125,-3.7586669921875
0.849,0.2852783203125,3.1680908203125,-3.8387451171875
0.8495,-0.5955810546875,3.3282470703125,-3.1580810546875
0.85,-1.3963623046875,3.6885986328125,-2.6375732421875
0.8505,-2.3172607421875,3.8487548828125,-1.9168701171875
0.851,-3.0379638671875,4.0089111328125,-1.3563232421875
0.8515,-3.3582763671875,3.6885986328125,-0.7156982421875
0.852,-3.7586669921875,3.6885986328125,-0.3953857421875
0.8525,-3.7987060546875,2.8477783203125,0.5655517578125
0.853,-4.0789794921875,2.4874267578125,1.2061767578125
0.8535,-4.1990966796875,1.5665283203125,2.1671142578125
0.854,-4.0789794921875,0.9259033203125,2.6876220703125
0.8545,-3.8787841796875,0.1251220703125,3.1680908203125
0.855,-3.4783935546875,-0.5155029296875,3.3682861328125
0.8555,-2.8377685546875,-1.4764404296875,3.6085205078125
0.856,-2.2772216796875,-2.1971435546875,3.8087158203125
0.8565,-1.5565185546875,-3.0379638671875,3.9688720703125
0.857,-0.8358154296875,-3.3582763671875,3.6485595703125
0.8575,-0.3953857421875,-3.8787841796875,3.6885986328125
0.858,0.6856689453125,-3.9989013671875,2.7276611328125
0.8585,1.4063720703125,-4.3192138671875,2.2872314453125
0.859,2.3272705078125,-4.3592529296875,1.4063720703125
0.8595,2.8477783203125,-4.3592529296875,0.9259033203125
0.86,3.0880126953125,-4.0389404296875,0.3653564453125
0.8605,3.2882080078125,-3.8387451171875,0.0050048828125
0.861,3.4483642578125,-3.0780029296875,-0.9158935546875
0.8615,3.6085205078125,-2.5975341796875,-1.5565185546875
0.862,3.7686767578125,-1.7967529296875,-2.4774169921875
0.8625,3.4083251953125,-1.1160888671875,-2.8778076171875
0.863,3.3282470703125,-0.5155029296875,-3.3582763671875
0.8635,2.6475830078125,0.2852783203125,-3.4783935546875
0.864,2.2071533203125,1.2061767578125,-3.7586669921875
0.8645,1.4864501953125,1.9669189453125,-3.8387451171875
0.865,0.8858642578125,2.7276611328125,-3.9588623046875
0.8655,0.2452392578125,3.0079345703125,-3.5985107421875
0.866,-0.3153076171875,3.4884033203125,-3.5584716796875
0.8665,-1.4364013671875,3.5684814453125,-2.5174560546875
0.867,-2.1971435546875,3.8887939453125,-2.0770263671875
0.8675,-3.0780029296875,3.9288330078125,-1.2762451171875
0.868,-3.4783935546875,3.8087158203125,-0.7557373046875
0.8685,-3.7987060546875,3.6085205078125,-0.2752685546875
0.869,-3.8787841796875,3.1280517578125,0.3653564453125
0.8695,-4.1590576171875,2.4473876953125,1.2862548828125
0.87,-4.1590576171875,1.7667236328125,1.9669189453125
0.8705,-4.3592529296875,1.0059814453125,2.8477783203125
0.871,-3.8387451171875,0.1251220703125,3.1680908203125
0.8715,-3.8387451171875,-0.4754638671875,3.6485595703125
0.872,-2.8377685546875,-1.4764404296875,3.7286376953125
0.8725,-2.3572998046875,-2.2772216796875,4.0489501953125
0.873,-1.5164794921875,-3.0780029296875,3.9688720703125
0.8735,-0.9158935546875,-3.7186279296875,3.9688720703125
0.874,-0.2352294921875,-3.9188232421875,3.5284423828125
0.8745,0.4854736328125,-4.3592529296875,3.2081298828125
0.875,1.6866455078125,-4.5194091796875,2.1671142578125
0.8755,2.4073486328125,-4.5594482421875,1.5264892578125
0.876,3.2081298828125,-4.5594482421875,0.7657470703125
0.8765,3.4483642578125,-4.2391357421875,0.2452392578125
0.877,3.6885986328125,-3.9989013671875,-0.2752685546875
0.8775,3.6885986328125,-3.1981201171875,-1.0760498046875
0.878,3.9288330078125,-2.5574951171875,-1.9168701171875
0.8785,3.7686767578125,-1.7166748046875,-2.5975341796875
0.879,3.8487548828125,-1.0360107421875,-3.3582763671875
0.8795,3.1280517578125,-0.1951904296875,-3.5184326171875
0.88,3.0479736328125,0.4053955078125,-3.8387451171875
0.8805,1.9268798828125,1.5665283203125,-3.8787841796875
0.881,1.4864501953125,2.2471923828125,-4.1190185546875
0.8815,0.6055908203125,3.0079345703125,-3.9588623046875
0.882,0.0050048828125,3.4884033203125,-3.8387451171875
0.8825,-0.6356201171875,3.6885986328125,-3.3983154296875
0.883,-1.4764404296875,3.9288330078125,-2.8377685546875
0.8835,-2.6375732421875,4.1290283203125,-1.9168701171875
0.884,-3.1981201171875,4.0489501953125,-1.1961669921875
0.8845,-3.9588623046875,4.1290283203125,-0.5955810546875
0.885,-4.0389404296875,3.6085205078125,0.0450439453125
0.8855,-4.3592529296875,3.3682861328125,0.5255126953125
0.886,-4.3592529296875,2.4073486328125,1.5264892578125
0.8865,-4.5594482421875,1.7667236328125,2.2872314453125
0.887,-4.3192138671875,0.8057861328125,2.9678955078125
0.8875,-4.3592529296875,0.1251220703125,3.6485595703125
0.888,-3.5985107421875,-0.7156982421875,3.8087158203125
0.8885,-3.3582763671875,-1.3563232421875,4.1290283203125
0.889,-2.2772216796875,-2.5975341796875,4.2091064453125
0.8895,-1.5965576171875,-3.2781982421875,4.2091064453125
0.89,-0.7957763671875,-3.9989013671875,4.1290283203125
0.8905,-0.1151123046875,-4.3592529296875,3.8487548828125
0.891,0.6055908203125,-4.5994873046875,3.3682861328125
0.8915,1.6866455078125,-4.8397216796875,2.5274658203125
0.892,2.8477783203125,-5.0399169921875,1.5665283203125
0.8925,3.4083251953125,-4.6795654296875,0.6856689453125
0.893,4.0889892578125,-4.7996826171875,0.1251220703125
0.8935,4.0089111328125,-4.0389404296875,-0.5555419921875
0.894,4.2091064453125,-3.7186279296875,-1.0360107421875
0.8945,4.2891845703125,-2.5975341796875,-2.2371826171875
0.895,4.3292236328125,-1.9168701171875,-2.9578857421875
0.8955,3.9688720703125,-0.8758544921875,-3.6785888671875
0.896,3.8087158203125,-0.1551513671875,-4.1190185546875
0.8965,2.9678955078125,0.7257080078125,-4.1190185546875
0.897,2.4874267578125,1.4864501953125,-4.3192138671875
0.8975,1.4063720703125,2.7677001953125,-4.5194091796875
0.898,0.6055908203125,3.2882080078125,-4.1990966796875
0.8985,-0.1551513671875,3.9688720703125,-4.1590576171875
0.899,-0.8358154296875,4.1290283203125,-3.6385498046875
0.8995,-1.5965576171875,4.3292236328125,-3.0780029296875
0.9,-2.7576904296875,4.4893798828125,-2.0770263671875
0.9005,-3.8387451171875,4.6495361328125,-1.1961669921875
0.901,-4.1990966796875,4.1290283203125,-0.3153076171875
0.9015,-4.7996826171875,4.1690673828125,0.2052001953125
0.902,-4.6795654296875,3.3282470703125,0.9659423828125
0.9025,-4.7996826171875,2.8077392578125,1.5264892578125
0.903,-4.9197998046875,1.6866455078125,2.6876220703125
0.9035,-4.7596435546875,0.8858642578125,3.3282470703125
0.904,-4.4393310546875,0.0050048828125,3.9688720703125
0.9045,-4.1190185546875,-0.7957763671875,4.3292236328125
0.905,-3.2781982421875,-1.6365966796875,4.3692626953125
0.9055,-2.5975341796875,-2.4774169921875,4.4893798828125
0.906,-1.5965576171875,-3.7186279296875,4.6495361328125
0.9065,-0.6756591796875,-4.1590576171875,4.1690673828125
0.907,-0.0750732421875,-4.8397216796875,4.2891845703125
0.9075,0.8057861328125,-4.9197998046875,3.4884033203125
0.908,1.5665283203125,-5.1199951171875,2.9278564453125
0.9085,2.8477783203125,-5.2801513671875,1.7667236328125
0.909,3.8087158203125,-5.3201904296875,0.8858642578125
0.9095,4.1690673828125,-4.7596435546875,0.0050048828125
0.91,4.6094970703125,-4.7196044921875,-0.4754638671875
0.9105,4.4893798828125,-3.7987060546875,-1.3162841796875
0.911,4.5694580078125,-3.1981201171875,-1.9569091796875
0.9115,4.7696533203125,-2.0770263671875,-3.2781982421875
0.912,4.3692626953125,-1.0760498046875,-3.7987060546875
0.9125,4.0889892578125,-0.1551513671875,-4.4393310546875
0.913,3.5284423828125,0.6456298828125,-4.5594482421875
0.9135,2.6876220703125,1.5665283203125,-4.6395263671875
0.914,1.8868408203125,2.5274658203125,-4.6795654296875
0.9145,0.8057861328125,3.7286376953125,-4.8397216796875
0.915,-0.1951904296875,4.0489501953125,-4.1990966796875
0.9155,-0.6756591796875,4.6495361328125,-4.2791748046875
0.916,-1.7967529296875,4.6094970703125,-3.1981201171875
0.9165,-2.5574951171875,4.7696533203125,-2.5574951171875
0.917,-3.8387451171875,4.8497314453125,-1.3563232421875
0.9175,-4.5594482421875,4.7296142578125,-0.5155029296875
0.918,-4.8397216796875,4.1290283203125,0.2852783203125
0.9185,-5.1600341796875,3.9288330078125,0.7657470703125
0.919,-5.0399169921875,2.8477783203125,1.7266845703125
0.9195,-4.9998779296875,2.1671142578125,2.2872314453125
0.92,-5.2000732421875,1.1260986328125,3.5684814453125
0.9205,-4.5994873046875,0.1251220703125,3.9688720703125
0.921,-4.4393310546875,-0.6356201171875,4.5294189453125
0.9215,-3.5985107421875,-1.5565185546875,4.5294189453125
0.922,-2.8778076171875,-2.3973388671875,4.6094970703125
0.9225,-1.9168701171875,-3.3582763671875,4.6094970703125
0.923,-0.9959716796875,-4.3592529296875,4.7296142578125
0.9235,-0.0750732421875,-4.6395263671875,4.0089111328125
0.924,0.4053955078125,-5.1600341796875,4.1290283203125
0.9245,1.5665283203125,-5.1199951171875,2.8477783203125
0.925,2.2872314453125,-5.2801513671875,2.3673095703125
0.9255,3.5684814453125,-5.3201904296875,1.2061767578125
0.926,4.1290283203125,-5.0399169921875,0.3653564453125
0.9265,4.4093017578125,-4.7196044921875,-0.3153076171875
0.927,4.5694580078125,-4.3192138671875,-0.8758544921875
0.9275,4.5294189453125,-3.2781982421875,-1.7967529296875
0.928,4.5294189453125,-2.5574951171875,-2.4373779296875
0.9285,4.7296142578125,-1.5965576171875,-3.6785888671875
0.929,4.0889892578125,-0.5155029296875,-3.9989013671875
0.9295,3.9688720703125,0.1251220703125,-4.5594482421875
0.93,2.9678955078125,1.1260986328125,-4.5194091796875
0.9305,2.4073486328125,1.9669189453125,-4.6795654296875
0.931,1.3262939453125,3.0479736328125,-4.6795654296875
0.9315,0.4454345703125,3.8887939453125,-4.6795654296875
0.932,-0.4354248046875,4.1690673828125,-4.0389404296875
0.9325,-1.0360107421875,4.6495361328125,-3.9588623046875
0.933,-2.3172607421875,4.6094970703125,-2.6375732421875
0.9335,-2.9578857421875,4.7296142578125,-2.0770263671875
0.934,-4.0789794921875,4.8497314453125,-0.9959716796875
0.9345,-4.5594482421875,4.3292236328125,-0.2752685546875
0.935,-4.8797607421875,4.0089111328125,0.3653564453125
0.9355,-4.9598388671875,3.3682861328125,1.1260986328125
0.936,-4.9598388671875,2.5274658203125,2.0469970703125
0.9365,-4.8397216796875,1.6065673828125,2.7276611328125
0.937,-4.9998779296875,0.7657470703125,3.7686767578125
0.9375,-4.1990966796875,-0.3153076171875,3.9688720703125
0.938,-4.1990966796875,-0.8358154296875,4.4893798828125
0.9385,-2.9578857421875,-1.9969482421875,4.3292236328125
0.939,-2.4774169921875,-2.7176513671875,4.5294189453125
0.9395,-1.3563232421875,-3.6785888671875,4.4493408203125
0.94,-0.5955810546875,-4.3592529296875,4.2891845703125
0.9405,0.1251220703125,-4.5594482421875,3.8487548828125
0.941,0.7657470703125,-4.8797607421875,3.4884033203125
0.9415,1.9268798828125,-4.9197998046875,2.3673095703125
0.942,2.6075439453125,-5.0799560546875,1.6466064453125
0.9425,3.6485595703125,-5.1199951171875,0.8057861328125
0.943,3.8487548828125,-4.5594482421875,0.1251220703125
0.9435,4.1690673828125,-4.4793701171875,-0.3153076171875
0.944,4.1290283203125,-3.5584716796875,-1.1160888671875
0.9445,4.2891845703125,-3.0379638671875,-1.7967529296875
0.945,4.1690673828125,-2.0369873046875,-2.6375732421875
0.9455,4.3292236328125,-1.3162841796875,-3.4783935546875
0.946,3.5684814453125,-0.3153076171875,-3.7186279296875
0.9465,3.5684814453125,0.1651611328125,-4.1590576171875
0.947,2.4073486328125,1.3262939453125,-4.1190185546875
0.9475,2.0469970703125,2.0069580078125,-4.4393310546875
0.948,1.0059814453125,3.0479736328125,-4.3992919921875
0.9485,0.2852783203125,3.5284423828125,-4.1590576171875
0.949,-0.3553466796875,3.9288330078125,-3.8787841796875
0.9495,-1.2362060546875,4.1690673828125,-3.2781982421875
0.95,-2.2772216796875,4.2891845703125,-2.4373779296875
0.9505,-3.0379638671875,4.3292236328125,-1.7567138671875
0.951,-3.9188232421875,4.4493408203125,-0.9959716796875
0.9515,-4.1190185546875,3.9288330078125,-0.2752685546875
0.952,-4.5194091796875,3.8887939453125,0.2052001953125
0.9525,-4.4793701171875,2.8077392578125,1.2061767578125
0.953,-4.6395263671875,2.3673095703125,1.8868408203125
0.9535,-4.5194091796875,1.2862548828125,2.7677001953125
0.954,-4.5194091796875,0.6055908203125,3.4483642578125
0.9545,-3.9188232421875,-0.3153076171875,3.6885986328125
0.955,-3.6785888671875,-0.9158935546875,4.0089111328125
0.9555,-2.6375732421875,-2.0369873046875,4.0889892578125
0.956,-2.1170654296875,-2.7176513671875,4.1690673828125
0.9565,-1.2362060546875,-3.5584716796875,4.1690673828125
0.957,-0.5155029296875,-3.9188232421875,3.8087158203125
0.9575,0.0050048828125,-4.3192138671875,3.6885986328125
0.958,1.0059814453125,-4.4793701171875,2.7677001953125
0.9585,1.8868408203125,-4.6795654296875,2.1671142578125
0.959,2.6075439453125,-4.5594482421875,1.2862548828125
0.9595,3.2481689453125,-4.6395263671875,0.7657470703125
0.96,3.3682861328125,-4.1190185546875,0.1651611328125
0.9605,3.6885986328125,-4.0389404296875,-0.1551513671875
0.961,3.6885986328125,-3.0780029296875,-1.1561279296875
0.9615,3.8487548828125,-2.6776123046875,-1.7166748046875
0.962,3.8487548828125,-1.7567138671875,-2.6375732421875
0.9625,3.6885986328125,-1.1160888671875,-3.0780029296875
0.963,3.3282470703125,-0.3553466796875,-3.4783935546875
0.9635,2.8878173828125,0.2852783203125,-3.5985107421875
0.964,2.2471923828125,1.2462158203125,-3.8787841796875
0.9645,1.6466064453125,1.9268798828125,-3.9989013671875
0.965,0.9659423828125,2.8077392578125,-4.0789794921875
0.9655,0.2852783203125,3.0880126953125,-3.7186279296875
0.966,-0.2352294921875,3.5284423828125,-3.7586669921875
0.9665,-1.3162841796875,3.6485595703125,-2.7176513671875
0.967,-2.0770263671875,3.9688720703125,-2.3172607421875
0.9675,-2.9178466796875,3.9688720703125,-1.4364013671875
0.968,-3.4783935546875,4.0089111328125,-0.9959716796875
0.9685,-3.7186279296875,3.6885986328125,-0.3953857421875
0.969,-3.9588623046875,3.4083251953125,0.1251220703125
0.9695,-4.1590576171875,2.6075439453125,1.1260986328125
0.97,-4.2391357421875,2.0469970703125,1.7667236328125
0.9705,-4.3992919921875,1.2462158203125,2.6876220703125
0.971,-3.9989013671875,0.4854736328125,3.0479736328125
0.9715,-3.8787841796875,-0.2352294921875,3.5284423828125
0.972,-3.0780029296875,-1.1160888671875,3.6485595703125
0.9725,-2.5574951171875,-1.9969482421875,3.9688720703125
0.973,-1.7967529296875,-2.7176513671875,3.8887939453125
0.9735,-1.1961669921875,-3.4783935546875,3.9688720703125
0.974,-0.5155029296875,-3.7186279296875,3.5284423828125
0.9745,0.1251220703125,-4.1590576171875,3.3282470703125
0.975,1.2462158203125,-4.1990966796875,2.4073486328125
0.9755,1.9669189453125,-4.4793701171875,1.8868408203125
0.976,2.7276611328125,-4.3992919921875,1.1260986328125
0.9765,3.0479736328125,-4.2391357421875,0.6456298828125
0.977,3.2882080078125,-3.9989013671875,0.1251220703125
0.9775,3.3282470703125,-3.4383544921875,-0.4754638671875
0.978,3.6485595703125,-2.8377685546875,-1.3162841796875
0.9785,3.5284423828125,-2.1170654296875,-1.9569091796875
0.979,3.7686767578125,-1.4764404296875,-2.7576904296875
0.9795,3.1680908203125,-0.6756591796875,-2.9578857421875
0.98,3.1680908203125,-0.1951904296875,-3.3983154296875
0.9805,2.2471923828125,0.8057861328125,-3.4783935546875
0.981,1.9268798828125,1.5264892578125,-3.8387451171875
0.9815,1.1260986328125,2.2471923828125,-3.7186279296875
0.982,0.6456298828125,2.8077392578125,-3.8387451171875
0.9825,0.0050048828125,3.0479736328125,-3.4783935546875
0.983,-0.6356201171875,3.4483642578125,-3.1580810546875
0.9835,-1.7567138671875,3.6885986328125,-2.2772216796875
0.984,-2.3973388671875,3.8087158203125,-1.7967529296875
0.9845,-3.1580810546875,3.9288330078125,-1.1561279296875
0.985,-3.3582763671875,3.6485595703125,-0.6756591796875
0.9855,-3.7586669921875,3.5284423828125,-0.1951904296875
0.986,-3.7987060546875,2.7276611328125,0.6055908203125
0.9865,-4.1590576171875,2.2872314453125,1.4063720703125
0.987,-4.0389404296875,1.4864501953125,2.1270751953125
0.9875,-4.2391357421875,0.9259033203125,2.8077392578125
0.988,-3.6785888671875,0.0450439453125,3.1280517578125
0.9885,-3.5584716796875,-0.5155029296875,3.5284423828125
0.989,-2.5975341796875,-1.6365966796875,3.6885986328125
0.9895,-2.1971435546875,-2.3572998046875,3.9288330078125
0.99,-1.3963623046875,-3.1580810546875,3.8487548828125
0.9905,-0.8358154296875,-3.5985107421875,3.7686767578125
0.991,-0.2352294921875,-3.9588623046875,3.3682861328125
0.9915,0.7657470703125,-4.1190185546875,2.7677001953125
0.992,1.7667236328125,-4.4393310546875,2.0469970703125
0.9925,2.3673095703125,-4.3592529296875,1.3262939453125
0.993,3.0479736328125,-4.4793701171875,0.8858642578125
0.9935,3.1280517578125,-3.9188232421875,0.2852783203125
0.994,3.4083251953125,-3.7987060546875,-0.1951904296875
0.9945,3.4884033203125,-2.8778076171875,-1.1160888671875
0.995,3.6885986328125,-2.4373779296875,-1.7967529296875
0.9955,3.5284423828125,-1.5565185546875,-2.5174560546875
0.996,3.5284423828125,-0.9959716796875,-2.9979248046875
0.9965,2.9278564453125,-0.1951904296875,-3.1981201171875
0.997,2.6475830078125,0.4454345703125,-3.5184326171875
0.9975,1.8468017578125,1.5264892578125,-3.7186279296875
0.998,1.3262939453125,2.0469970703125,-3.7987060546875
0.9985,0.6856689453125,2.7677001953125,-3.8387451171875
0.999,0.0850830078125,3.0079345703125,-3.5584716796875
0.9995,-0.5555419921875,3.4483642578125,-3.1981201171875
