wavelength,x,y,z
0.0,2.74267578125,-2.74267578125,-0.46044921875
0.0005,2.30224609375,-2.98291015625,0.18017578125
0.001,1.58154296875,-3.18310546875,1.06103515625
0.0015,1.02099609375,-3.38330078125,1.74169921875
0.002,0.66064453125,-3.38330078125,2.26220703125
0.0025,0.30029296875,-3.34326171875,2.62255859375
0.003,-0.38037109375,-2.90283203125,2.78271484375
0.0035,-1.14111328125,-2.30224609375,2.94287109375
0.004,-1.90185546875,-1.70166015625,3.10302734375
0.0045,-2.46240234375,-1.26123046875,3.22314453125
0.005,-2.74267578125,-0.90087890625,3.14306640625
0.0055,-2.90283203125,-0.42041015625,2.82275390625
0.006,-2.94287109375,0.18017578125,2.30224609375
0.0065,-3.06298828125,0.98095703125,1.62158203125
0.007,-3.18310546875,1.66162109375,1.10107421875
0.0075,-3.26318359375,2.26220703125,0.66064453125
0.008,-3.18310546875,2.54248046875,0.26025390625
0.0085,-2.74267578125,2.70263671875,-0.34033203125
0.009,-2.14208984375,2.86279296875,-1.22119140625
0.0095,-1.46142578125,3.06298828125,-2.06201171875
0.01,-0.98095703125,3.26318359375,-2.66259765625
0.0105,-0.58056640625,3.22314453125,-3.06298828125
0.011,-0.10009765625,3.06298828125,-3.34326171875
0.0115,0.66064453125,2.50244140625,-3.50341796875
0.012,1.42138671875,1.78173828125,-3.58349609375
0.0125,2.10205078125,1.22119140625,-3.66357421875
0.013,2.58251953125,0.82080078125,-3.74365234375
0.0135,2.74267578125,0.46044921875,-3.58349609375
0.014,2.82275390625,-0.10009765625,-3.14306640625
0.0145,2.86279296875,-0.78076171875,-2.54248046875
0.015,2.90283203125,-1.58154296875,-1.78173828125
0.0155,3.06298828125,-2.18212890625,-1.34130859375
0.016,3.02294921875,-2.58251953125,-0.90087890625
0.0165,2.90283203125,-2.86279296875,-0.54052734375
0.017,2.30224609375,-3.02294921875,0.14013671875
0.0175,1.66162109375,-3.14306640625,0.94091796875
0.018,1.06103515625,-3.22314453125,1.74169921875
0.0185,0.66064453125,-3.38330078125,2.26220703125
0.019,0.26025390625,-3.34326171875,2.58251953125
0.0195,-0.30029296875,-3.06298828125,2.82275390625
0.02,-0.98095703125,-2.50244140625,2.94287109375
0.0205,-1.78173828125,-1.78173828125,3.10302734375
0.021,-2.38232421875,-1.30126953125,3.18310546875
0.0215,-2.78271484375,-0.94091796875,3.18310546875
0.022,-2.94287109375,-0.58056640625,3.02294921875
0.0225,-2.98291015625,0.06005859375,2.46240234375
0.023,-3.06298828125,0.78076171875,1.90185546875
0.0235,-3.18310546875,1.58154296875,1.22119140625
0.024,-3.26318359375,2.18212890625,0.74072265625
0.0245,-3.22314453125,2.50244140625,0.30029296875
0.025,-2.94287109375,2.70263671875,-0.18017578125
0.0255,-2.38232421875,2.86279296875,-0.98095703125
0.026,-1.66162109375,3.06298828125,-1.78173828125
0.0265,-1.10107421875,3.22314453125,-2.54248046875
0.027,-0.70068359375,3.38330078125,-3.06298828125
0.0275,-0.26025390625,3.22314453125,-3.34326171875
0.028,0.42041015625,2.74267578125,-3.50341796875
0.0285,1.22119140625,2.10205078125,-3.70361328125
0.029,2.06201171875,1.34130859375,-3.82373046875
0.0295,2.54248046875,0.94091796875,-3.82373046875
0.03,2.86279296875,0.50048828125,-3.74365234375
0.0305,2.94287109375,0.10009765625,-3.46337890625
0.031,2.94287109375,-0.62060546875,-2.74267578125
0.0315,3.02294921875,-1.42138671875,-2.02197265625
0.032,3.14306640625,-2.22216796875,-1.38134765625
0.0325,3.22314453125,-2.82275390625,-1.02099609375
0.033,2.98291015625,-3.02294921875,-0.50048828125
0.0335,2.54248046875,-3.14306640625,0.06005859375
0.034,1.82177734375,-3.26318359375,0.94091796875
0.0345,1.10107421875,-3.34326171875,1.82177734375
0.035,0.62060546875,-3.42333984375,2.38232421875
0.0355,0.22021484375,-3.46337890625,2.78271484375
0.036,-0.34033203125,-3.18310546875,2.98291015625
0.0365,-1.06103515625,-2.50244140625,3.06298828125
0.037,-1.78173828125,-1.86181640625,3.14306640625
0.0375,-2.50244140625,-1.22119140625,3.18310546875
0.038,-2.86279296875,-0.86083984375,3.22314453125
0.0385,-3.02294921875,-0.50048828125,2.94287109375
0.039,-3.06298828125,0.02001953125,2.58251953125
0.0395,-3.06298828125,0.70068359375,1.90185546875
0.04,-3.06298828125,1.42138671875,1.22119140625
0.0405,-3.18310546875,2.06201171875,0.70068359375
0.041,-3.18310546875,2.46240234375,0.30029296875
0.0415,-3.02294921875,2.62255859375,-0.14013671875
0.042,-2.46240234375,2.82275390625,-0.70068359375
0.0425,-1.86181640625,3.02294921875,-1.54150390625
0.043,-1.22119140625,3.14306640625,-2.34228515625
0.0435,-0.78076171875,3.22314453125,-2.86279296875
0.044,-0.38037109375,3.22314453125,-3.22314453125
0.0445,0.14013671875,2.98291015625,-3.46337890625
0.045,0.90087890625,2.30224609375,-3.54345703125
0.0455,1.58154296875,1.70166015625,-3.66357421875
0.046,2.30224609375,1.10107421875,-3.74365234375
0.0465,2.70263671875,0.78076171875,-3.82373046875
0.047,2.86279296875,0.34033203125,-3.58349609375
0.0475,2.94287109375,-0.26025390625,-3.10302734375
0.048,3.02294921875,-0.98095703125,-2.46240234375
0.0485,3.10302734375,-1.90185546875,-1.74169921875
0.049,3.18310546875,-2.46240234375,-1.26123046875
0.0495,3.18310546875,-2.90283203125,-0.82080078125
0.05,2.86279296875,-3.06298828125,-0.30029296875
0.0505,2.18212890625,-3.18310546875,0.50048828125
0.051,1.54150390625,-3.34326171875,1.38134765625
0.0515,0.82080078125,-3.50341796875,2.22216796875
0.052,0.46044921875,-3.58349609375,2.62255859375
0.0525,-0.06005859375,-3.34326171875,2.94287109375
0.053,-0.70068359375,-2.86279296875,3.14306640625
0.0535,-1.62158203125,-2.10205078125,3.22314453125
0.054,-2.34228515625,-1.46142578125,3.30322265625
0.0545,-2.86279296875,-0.94091796875,3.26318359375
0.055,-3.10302734375,-0.62060546875,3.22314453125
0.0555,-3.14306640625,-0.10009765625,2.74267578125
0.056,-3.10302734375,0.62060546875,2.06201171875
0.0565,-3.18310546875,1.34130859375,1.38134765625
0.057,-3.22314453125,2.06201171875,0.74072265625
0.0575,-3.22314453125,2.46240234375,0.34033203125
0.058,-3.06298828125,2.78271484375,-0.14013671875
0.0585,-2.62255859375,2.90283203125,-0.66064453125
0.059,-1.86181640625,2.98291015625,-1.54150390625
0.0595,-1.26123046875,3.10302734375,-2.26220703125
0.06,-0.70068359375,3.18310546875,-2.86279296875
0.0605,-0.38037109375,3.26318359375,-3.22314453125
0.061,0.14013671875,2.90283203125,-3.42333984375
0.0615,0.78076171875,2.38232421875,-3.54345703125
0.062,1.54150390625,1.74169921875,-3.62353515625
0.0625,2.22216796875,1.14111328125,-3.70361328125
0.063,2.58251953125,0.74072265625,-3.70361328125
0.0635,2.86279296875,0.38037109375,-3.58349609375
0.064,2.90283203125,-0.06005859375,-3.22314453125
0.0645,2.86279296875,-0.82080078125,-2.54248046875
0.065,2.94287109375,-1.54150390625,-1.94189453125
0.0655,3.06298828125,-2.30224609375,-1.34130859375
0.066,3.18310546875,-2.70263671875,-0.98095703125
0.0665,2.94287109375,-2.94287109375,-0.50048828125
0.067,2.50244140625,-3.14306640625,0.14013671875
0.0675,1.78173828125,-3.26318359375,1.02099609375
0.068,1.14111328125,-3.42333984375,1.86181640625
0.0685,0.62060546875,-3.54345703125,2.42236328125
0.069,0.30029296875,-3.58349609375,2.86279296875
0.0695,-0.38037109375,-3.18310546875,3.06298828125
0.07,-1.14111328125,-2.54248046875,3.18310546875
0.0705,-1.94189453125,-1.82177734375,3.30322265625
0.071,-2.70263671875,-1.22119140625,3.38330078125
0.0715,-3.02294921875,-0.86083984375,3.34326171875
0.072,-3.18310546875,-0.38037109375,3.06298828125
0.0725,-3.22314453125,0.26025390625,2.54248046875
0.073,-3.22314453125,1.10107421875,1.66162109375
0.0735,-3.34326171875,1.82177734375,1.02099609375
0.074,-3.38330078125,2.54248046875,0.50048828125
0.0745,-3.34326171875,2.86279296875,0.14013671875
0.075,-2.86279296875,2.94287109375,-0.50048828125
0.0755,-2.18212890625,3.10302734375,-1.30126953125
0.076,-1.42138671875,3.22314453125,-2.22216796875
0.0765,-0.78076171875,3.34326171875,-2.90283203125
0.077,-0.34033203125,3.30322265625,-3.30322265625
0.0775,0.06005859375,3.14306640625,-3.58349609375
0.078,0.78076171875,2.58251953125,-3.74365234375
0.0785,1.62158203125,1.78173828125,-3.74365234375
0.079,2.26220703125,1.14111328125,-3.78369140625
0.0795,2.82275390625,0.62060546875,-3.82373046875
0.08,2.98291015625,0.34033203125,-3.66357421875
0.0805,2.98291015625,-0.22021484375,-3.22314453125
0.081,2.98291015625,-0.86083984375,-2.62255859375
0.0815,3.02294921875,-1.66162109375,-1.86181640625
0.082,3.06298828125,-2.30224609375,-1.26123046875
0.0825,3.10302734375,-2.74267578125,-0.78076171875
0.083,3.02294921875,-3.06298828125,-0.50048828125
0.0835,2.54248046875,-3.14306640625,0.14013671875
0.084,1.82177734375,-3.18310546875,0.98095703125
0.0845,1.10107421875,-3.34326171875,1.78173828125
0.085,0.62060546875,-3.50341796875,2.42236328125
0.0855,0.22021484375,-3.46337890625,2.78271484375
0.086,-0.30029296875,-3.22314453125,3.06298828125
0.0865,-0.98095703125,-2.70263671875,3.18310546875
0.087,-1.86181640625,-1.94189453125,3.26318359375
0.0875,-2.50244140625,-1.30126953125,3.30322265625
0.088,-2.98291015625,-0.82080078125,3.34326171875
0.0885,-3.18310546875,-0.58056640625,3.18310546875
0.089,-3.22314453125,0.02001953125,2.70263671875
0.0895,-3.26318359375,0.70068359375,1.98193359375
0.09,-3.30322265625,1.62158203125,1.30126953125
0.0905,-3.42333984375,2.34228515625,0.70068359375
0.091,-3.34326171875,2.74267578125,0.30029296875
0.0915,-3.18310546875,2.98291015625,-0.22021484375
0.092,-2.58251953125,3.14306640625,-0.98095703125
0.0925,-1.74169921875,3.22314453125,-1.86181640625
0.093,-1.06103515625,3.34326171875,-2.66259765625
0.0935,-0.62060546875,3.46337890625,-3.22314453125
0.094,-0.18017578125,3.34326171875,-3.54345703125
0.0945,0.46044921875,2.90283203125,-3.70361328125
0.095,1.26123046875,2.22216796875,-3.82373046875
0.0955,2.14208984375,1.42138671875,-3.86376953125
0.096,2.66259765625,0.82080078125,-3.86376953125
0.0965,2.98291015625,0.42041015625,-3.78369140625
0.097,3.14306640625,0.06005859375,-3.58349609375
0.0975,3.06298828125,-0.66064453125,-2.90283203125
0.098,3.06298828125,-1.34130859375,-2.14208984375
0.0985,3.10302734375,-2.14208984375,-1.42138671875
0.099,3.18310546875,-2.70263671875,-0.98095703125
0.0995,3.06298828125,-2.98291015625,-0.58056640625
0.1,2.70263671875,-3.14306640625,0.02001953125
0.1005,2.06201171875,-3.22314453125,0.70068359375
0.101,1.26123046875,-3.34326171875,1.62158203125
0.1015,0.70068359375,-3.38330078125,2.26220703125
0.102,0.30029296875,-3.50341796875,2.70263671875
0.1025,-0.10009765625,-3.34326171875,2.98291015625
0.103,-0.74072265625,-2.82275390625,3.06298828125
0.1035,-1.50146484375,-2.18212890625,3.18310546875
0.104,-2.30224609375,-1.42138671875,3.22314453125
0.1045,-2.86279296875,-1.02099609375,3.26318359375
0.105,-3.06298828125,-0.62060546875,3.18310546875
0.1055,-3.18310546875,-0.26025390625,2.86279296875
0.106,-3.14306640625,0.46044921875,2.26220703125
0.1065,-3.18310546875,1.26123046875,1.54150390625
0.107,-3.26318359375,1.94189453125,0.94091796875
0.1075,-3.34326171875,2.50244140625,0.46044921875
0.108,-3.22314453125,2.82275390625,0.06005859375
0.1085,-2.78271484375,2.90283203125,-0.50048828125
0.109,-2.18212890625,3.06298828125,-1.30126953125
0.1095,-1.38134765625,3.18310546875,-2.22216796875
0.11,-0.90087890625,3.30322265625,-2.82275390625
0.1105,-0.50048828125,3.34326171875,-3.22314453125
0.111,0.02001953125,3.18310546875,-3.54345703125
0.1115,0.70068359375,2.54248046875,-3.58349609375
0.112,1.46142578125,1.90185546875,-3.70361328125
0.1125,2.26220703125,1.14111328125,-3.82373046875
0.113,2.70263671875,0.78076171875,-3.86376953125
0.1135,2.86279296875,0.38037109375,-3.70361328125
0.114,2.94287109375,-0.10009765625,-3.26318359375
0.1145,3.02294921875,-0.78076171875,-2.62255859375
0.115,3.02294921875,-1.62158203125,-1.86181640625
0.1155,3.14306640625,-2.26220703125,-1.34130859375
0.116,3.14306640625,-2.70263671875,-0.90087890625
0.1165,2.94287109375,-2.94287109375,-0.50048828125
0.117,2.38232421875,-3.02294921875,0.18017578125
0.1175,1.74169921875,-3.18310546875,0.98095703125
0.118,1.02099609375,-3.34326171875,1.86181640625
0.1185,0.62060546875,-3.42333984375,2.34228515625
0.119,0.26025390625,-3.34326171875,2.70263671875
0.1195,-0.30029296875,-3.10302734375,2.90283203125
0.12,-1.06103515625,-2.46240234375,3.02294921875
0.1205,-1.78173828125,-1.86181640625,3.06298828125
0.121,-2.42236328125,-1.26123046875,3.18310546875
0.1215,-2.82275390625,-0.98095703125,3.18310546875
0.122,-2.90283203125,-0.54052734375,3.02294921875
0.1225,-2.98291015625,0.06005859375,2.50244140625
0.123,-3.06298828125,0.70068359375,1.94189453125
0.1235,-3.14306640625,1.54150390625,1.18115234375
0.124,-3.18310546875,2.06201171875,0.78076171875
0.1245,-3.18310546875,2.54248046875,0.30029296875
0.125,-2.98291015625,2.70263671875,-0.14013671875
0.1255,-2.38232421875,2.86279296875,-0.82080078125
0.126,-1.78173828125,3.02294921875,-1.62158203125
0.1265,-1.14111328125,3.18310546875,-2.42236328125
0.127,-0.78076171875,3.26318359375,-2.90283203125
0.1275,-0.34033203125,3.18310546875,-3.18310546875
0.128,0.22021484375,2.82275390625,-3.38330078125
0.1285,0.98095703125,2.18212890625,-3.58349609375
0.129,1.78173828125,1.50146484375,-3.66357421875
0.1295,2.30224609375,1.02099609375,-3.78369140625
0.13,2.66259765625,0.70068359375,-3.70361328125
0.1305,2.82275390625,0.30029296875,-3.50341796875
0.131,2.82275390625,-0.34033203125,-2.86279296875
0.1315,2.90283203125,-1.06103515625,-2.26220703125
0.132,3.02294921875,-1.86181640625,-1.62158203125
0.1325,3.10302734375,-2.34228515625,-1.22119140625
0.133,3.02294921875,-2.70263671875,-0.78076171875
0.1335,2.70263671875,-2.90283203125,-0.30029296875
0.134,2.06201171875,-3.02294921875,0.54052734375
0.1345,1.42138671875,-3.18310546875,1.34130859375
0.135,0.90087890625,-3.30322265625,1.98193359375
0.1355,0.54052734375,-3.46337890625,2.42236328125
0.136,0.06005859375,-3.22314453125,2.70263671875
0.1365,-0.58056640625,-2.78271484375,2.82275390625
0.137,-1.30126953125,-2.22216796875,2.98291015625
0.1375,-2.10205078125,-1.58154296875,3.06298828125
0.138,-2.50244140625,-1.18115234375,3.18310546875
0.1385,-2.74267578125,-0.78076171875,3.06298828125
0.139,-2.90283203125,-0.38037109375,2.78271484375
0.1395,-2.90283203125,0.34033203125,2.14208984375
0.14,-3.02294921875,1.06103515625,1.54150390625
0.1405,-3.14306640625,1.74169921875,1.02099609375
0.141,-3.18310546875,2.22216796875,0.62060546875
0.1415,-3.06298828125,2.50244140625,0.18017578125
0.142,-2.62255859375,2.66259765625,-0.46044921875
0.1425,-2.06201171875,2.86279296875,-1.22119140625
0.143,-1.42138671875,3.02294921875,-1.98193359375
0.1435,-0.98095703125,3.14306640625,-2.54248046875
0.144,-0.62060546875,3.22314453125,-2.94287109375
0.1445,-0.14013671875,2.94287109375,-3.22314453125
0.145,0.58056640625,2.38232421875,-3.34326171875
0.1455,1.30126953125,1.82177734375,-3.54345703125
0.146,1.98193359375,1.30126953125,-3.62353515625
0.1465,2.38232421875,0.98095703125,-3.70361328125
0.147,2.58251953125,0.58056640625,-3.54345703125
0.1475,2.70263671875,0.02001953125,-3.14306640625
0.148,2.82275390625,-0.62060546875,-2.54248046875
0.1485,2.86279296875,-1.38134765625,-1.94189453125
0.149,3.06298828125,-2.02197265625,-1.46142578125
0.1495,3.06298828125,-2.50244140625,-1.02099609375
0.15,2.86279296875,-2.70263671875,-0.62060546875
0.1505,2.30224609375,-2.86279296875,0.10009765625
0.151,1.78173828125,-3.06298828125,0.90087890625
0.1515,1.14111328125,-3.26318359375,1.66162109375
0.152,0.78076171875,-3.34326171875,2.10205078125
0.1525,0.38037109375,-3.34326171875,2.50244140625
0.153,-0.18017578125,-3.06298828125,2.70263671875
0.1535,-0.98095703125,-2.42236328125,2.82275390625
0.154,-1.66162109375,-1.82177734375,3.02294921875
0.1545,-2.26220703125,-1.30126953125,3.06298828125
0.155,-2.58251953125,-1.02099609375,3.18310546875
0.1555,-2.74267578125,-0.62060546875,2.86279296875
0.156,-2.86279296875,0.02001953125,2.38232421875
0.1565,-2.94287109375,0.66064453125,1.86181640625
0.157,-3.06298828125,1.42138671875,1.26123046875
0.1575,-3.18310546875,1.94189453125,0.82080078125
0.158,-3.10302734375,2.34228515625,0.38037109375
0.1585,-2.86279296875,2.54248046875,-0.10009765625
0.159,-2.26220703125,2.66259765625,-0.82080078125
0.1595,-1.74169921875,2.90283203125,-1.58154296875
0.16,-1.18115234375,3.10302734375,-2.26220703125
0.1605,-0.82080078125,3.18310546875,-2.74267578125
0.161,-0.38037109375,2.98291015625,-3.06298828125
0.1615,0.22021484375,2.62255859375,-3.26318359375
0.162,0.98095703125,2.06201171875,-3.46337890625
0.1625,1.66162109375,1.54150390625,-3.58349609375
0.163,2.18212890625,1.10107421875,-3.66357421875
0.1635,2.54248046875,0.74072265625,-3.66357421875
0.164,2.66259765625,0.30029296875,-3.34326171875
0.1645,2.70263671875,-0.34033203125,-2.74267578125
0.165,2.86279296875,-1.02099609375,-2.22216796875
0.1655,2.98291015625,-1.82177734375,-1.62158203125
0.166,3.06298828125,-2.26220703125,-1.26123046875
0.1665,2.90283203125,-2.58251953125,-0.78076171875
0.167,2.58251953125,-2.82275390625,-0.26025390625
0.1675,1.94189453125,-2.98291015625,0.62060546875
0.168,1.34130859375,-3.18310546875,1.34130859375
0.1685,0.90087890625,-3.34326171875,1.94189453125
0.169,0.58056640625,-3.46337890625,2.42236328125
0.1695,0.02001953125,-3.18310546875,2.62255859375
0.17,-0.70068359375,-2.58251953125,2.82275390625
0.1705,-1.42138671875,-2.02197265625,2.98291015625
0.171,-2.14208984375,-1.46142578125,3.14306640625
0.1715,-2.50244140625,-1.14111328125,3.18310546875
0.172,-2.74267578125,-0.70068359375,2.98291015625
0.1725,-2.86279296875,-0.22021484375,2.62255859375
0.173,-2.90283203125,0.54052734375,1.94189453125
0.1735,-3.06298828125,1.26123046875,1.38134765625
0.174,-3.18310546875,1.94189453125,0.90087890625
0.1745,-3.18310546875,2.30224609375,0.54052734375
0.175,-2.90283203125,2.54248046875,0.02001953125
0.1755,-2.46240234375,2.70263671875,-0.66064453125
0.176,-1.82177734375,2.90283203125,-1.46142578125
0.1765,-1.26123046875,3.06298828125,-2.22216796875
0.177,-0.86083984375,3.14306640625,-2.70263671875
0.1775,-0.50048828125,3.14306640625,-3.06298828125
0.178,0.14013671875,2.82275390625,-3.26318359375
0.1785,0.90087890625,2.18212890625,-3.38330078125
0.179,1.58154296875,1.58154296875,-3.54345703125
0.1795,2.22216796875,1.14111328125,-3.66357421875
0.18,2.50244140625,0.82080078125,-3.66357421875
0.1805,2.62255859375,0.38037109375,-3.38330078125
0.181,2.70263671875,-0.22021484375,-2.90283203125
0.1815,2.82275390625,-0.98095703125,-2.26220703125
0.182,2.90283203125,-1.62158203125,-1.74169921875
0.1825,3.02294921875,-2.18212890625,-1.30126953125
0.183,3.02294921875,-2.58251953125,-0.90087890625
0.1835,2.66259765625,-2.78271484375,-0.38037109375
0.184,2.10205078125,-2.94287109375,0.38037109375
0.1845,1.50146484375,-3.18310546875,1.18115234375
0.185,0.98095703125,-3.38330078125,1.86181640625
0.1855,0.62060546875,-3.46337890625,2.26220703125
0.186,0.18017578125,-3.22314453125,2.62255859375
0.1865,-0.50048828125,-2.86279296875,2.86279296875
0.187,-1.30126953125,-2.18212890625,2.98291015625
0.1875,-1.94189453125,-1.62158203125,3.10302734375
0.188,-2.50244140625,-1.14111328125,3.18310546875
0.1885,-2.78271484375,-0.86083984375,3.14306640625
0.189,-2.86279296875,-0.34033203125,2.74267578125
0.1895,-2.94287109375,0.30029296875,2.18212890625
0.19,-3.06298828125,1.10107421875,1.58154296875
0.1905,-3.18310546875,1.78173828125,0.98095703125
0.191,-3.18310546875,2.22216796875,0.62060546875
0.1915,-3.10302734375,2.54248046875,0.18017578125
0.192,-2.66259765625,2.70263671875,-0.46044921875
0.1925,-1.98193359375,2.86279296875,-1.26123046875
0.193,-1.42138671875,3.02294921875,-2.06201171875
0.1935,-0.98095703125,3.18310546875,-2.70263671875
0.194,-0.58056640625,3.22314453125,-3.02294921875
0.1945,0.02001953125,2.90283203125,-3.26318359375
0.195,0.66064453125,2.42236328125,-3.46337890625
0.1955,1.50146484375,1.74169921875,-3.58349609375
0.196,2.10205078125,1.22119140625,-3.70361328125
0.1965,2.50244140625,0.82080078125,-3.70361328125
0.197,2.74267578125,0.50048828125,-3.58349609375
0.1975,2.82275390625,-0.14013671875,-3.10302734375
0.198,2.86279296875,-0.82080078125,-2.42236328125
0.1985,2.94287109375,-1.58154296875,-1.82177734375
0.199,3.10302734375,-2.26220703125,-1.30126953125
0.1995,3.06298828125,-2.58251953125,-0.98095703125
0.2,2.82275390625,-2.82275390625,-0.46044921875
0.2005,2.30224609375,-3.06298828125,0.22021484375
0.201,1.58154296875,-3.18310546875,1.10107421875
0.2015,1.02099609375,-3.34326171875,1.78173828125
0.202,0.62060546875,-3.38330078125,2.34228515625
0.2025,0.26025390625,-3.38330078125,2.66259765625
0.203,-0.38037109375,-2.90283203125,2.82275390625
0.2035,-1.14111328125,-2.34228515625,3.02294921875
0.204,-1.94189453125,-1.66162109375,3.10302734375
0.2045,-2.50244140625,-1.22119140625,3.18310546875
0.205,-2.78271484375,-0.86083984375,3.14306640625
0.2055,-2.94287109375,-0.46044921875,2.86279296875
0.206,-2.94287109375,0.18017578125,2.38232421875
0.2065,-3.02294921875,0.94091796875,1.66162109375
0.207,-3.18310546875,1.66162109375,1.10107421875
0.2075,-3.26318359375,2.22216796875,0.62060546875
0.208,-3.18310546875,2.54248046875,0.26025390625
0.2085,-2.78271484375,2.70263671875,-0.30029296875
0.209,-2.22216796875,2.86279296875,-1.10107421875
0.2095,-1.54150390625,3.02294921875,-1.94189453125
0.21,-1.02099609375,3.18310546875,-2.54248046875
0.2105,-0.62060546875,3.22314453125,-2.98291015625
0.211,-0.22021484375,3.14306640625,-3.26318359375
0.2115,0.50048828125,2.58251953125,-3.46337890625
0.212,1.30126953125,1.94189453125,-3.58349609375
0.2125,2.02197265625,1.30126953125,-3.70361328125
0.213,2.54248046875,0.90087890625,-3.82373046875
0.2135,2.74267578125,0.58056640625,-3.70361328125
0.214,2.82275390625,0.06005859375,-3.26318359375
0.2145,2.86279296875,-0.62060546875,-2.70263671875
0.215,2.94287109375,-1.46142578125,-1.94189453125
0.2155,3.10302734375,-2.10205078125,-1.42138671875
0.216,3.14306640625,-2.58251953125,-0.98095703125
0.2165,3.02294921875,-2.90283203125,-0.62060546875
0.217,2.46240234375,-3.06298828125,0.06005859375
0.2175,1.82177734375,-3.18310546875,0.86083984375
0.218,1.14111328125,-3.34326171875,1.74169921875
0.2185,0.66064453125,-3.46337890625,2.30224609375
0.219,0.30029296875,-3.42333984375,2.66259765625
0.2195,-0.26025390625,-3.18310546875,2.90283203125
0.22,-1.02099609375,-2.54248046875,3.06298828125
0.2205,-1.86181640625,-1.82177734375,3.18310546875
0.221,-2.50244140625,-1.22119140625,3.22314453125
0.2215,-2.90283203125,-0.86083984375,3.26318359375
0.222,-3.06298828125,-0.50048828125,3.06298828125
0.2225,-3.06298828125,0.14013671875,2.54248046875
0.223,-3.14306640625,0.86083984375,1.90185546875
0.2235,-3.18310546875,1.66162109375,1.14111328125
0.224,-3.30322265625,2.26220703125,0.66064453125
0.2245,-3.22314453125,2.58251953125,0.22021484375
0.225,-2.98291015625,2.78271484375,-0.26025390625
0.2255,-2.34228515625,2.86279296875,-0.98095703125
0.226,-1.62158203125,3.06298828125,-1.82177734375
0.2265,-0.98095703125,3.18310546875,-2.58251953125
0.227,-0.62060546875,3.30322265625,-3.06298828125
0.2275,-0.22021484375,3.18310546875,-3.34326171875
0.228,0.38037109375,2.74267578125,-3.50341796875
0.2285,1.22119140625,2.10205078125,-3.62353515625
0.229,1.98193359375,1.38134765625,-3.70361328125
0.2295,2.50244140625,0.90087890625,-3.74365234375
0.23,2.82275390625,0.58056640625,-3.70361328125
0.2305,2.90283203125,0.18017578125,-3.46337890625
0.231,2.86279296875,-0.50048828125,-2.82275390625
0.2315,2.94287109375,-1.22119140625,-2.18212890625
0.232,3.06298828125,-1.98193359375,-1.50146484375
0.2325,3.18310546875,-2.54248046875,-1.14111328125
0.233,3.06298828125,-2.86279296875,-0.70068359375
0.2335,2.70263671875,-3.06298828125,-0.22021484375
0.234,2.06201171875,-3.14306640625,0.62060546875
0.2345,1.34130859375,-3.26318359375,1.46142578125
0.235,0.78076171875,-3.38330078125,2.14208984375
0.2355,0.46044921875,-3.54345703125,2.62255859375
0.236,0.02001953125,-3.34326171875,2.86279296875
0.2365,-0.70068359375,-2.78271484375,3.02294921875
0.237,-1.50146484375,-2.14208984375,3.18310546875
0.2375,-2.30224609375,-1.42138671875,3.26318359375
0.238,-2.74267578125,-1.02099609375,3.34326171875
0.2385,-3.06298828125,-0.62060546875,3.18310546875
0.239,-3.14306640625,-0.18017578125,2.82275390625
0.2395,-3.14306640625,0.58056640625,2.10205078125
0.24,-3.18310546875,1.34130859375,1.42138671875
0.2405,-3.30322265625,2.06201171875,0.78076171875
0.241,-3.34326171875,2.54248046875,0.42041015625
0.2415,-3.14306640625,2.74267578125,-0.10009765625
0.242,-2.62255859375,2.90283203125,-0.66064453125
0.2425,-1.94189453125,3.10302734375,-1.54150390625
0.243,-1.22119140625,3.18310546875,-2.42236328125
0.2435,-0.70068359375,3.26318359375,-2.94287109375
0.244,-0.34033203125,3.30322265625,-3.30322265625
0.2445,0.26025390625,2.94287109375,-3.54345703125
0.245,0.98095703125,2.26220703125,-3.58349609375
0.2455,1.74169921875,1.62158203125,-3.70361328125
0.246,2.42236328125,0.98095703125,-3.78369140625
0.2465,2.78271484375,0.66064453125,-3.78369140625
0.247,2.90283203125,0.26025390625,-3.54345703125
0.2475,2.94287109375,-0.30029296875,-3.06298828125
0.248,2.94287109375,-1.02099609375,-2.34228515625
0.2485,3.02294921875,-1.86181640625,-1.62158203125
0.249,3.06298828125,-2.46240234375,-1.18115234375
0.2495,3.10302734375,-2.86279296875,-0.78076171875
0.25,2.82275390625,-2.94287109375,-0.30029296875
0.2505,2.18212890625,-3.06298828125,0.38037109375
0.251,1.58154296875,-3.22314453125,1.22119140625
0.2515,0.90087890625,-3.38330078125,2.02197265625
0.252,0.50048828125,-3.46337890625,2.42236328125
0.2525,0.10009765625,-3.34326171875,2.78271484375
0.253,-0.50048828125,-3.02294921875,2.94287109375
0.2535,-1.26123046875,-2.30224609375,3.06298828125
0.254,-1.98193359375,-1.66162109375,3.18310546875
0.2545,-2.62255859375,-1.10107421875,3.22314453125
0.255,-2.94287109375,-0.78076171875,3.26318359375
0.2555,-3.06298828125,-0.38037109375,2.94287109375
0.256,-3.10302734375,0.30029296875,2.38232421875
0.2565,-3.18310546875,0.98095703125,1.74169921875
0.257,-3.22314453125,1.82177734375,1.02099609375
0.2575,-3.34326171875,2.30224609375,0.58056640625
0.258,-3.26318359375,2.74267578125,0.14013671875
0.2585,-2.94287109375,2.90283203125,-0.38037109375
0.259,-2.18212890625,3.02294921875,-1.26123046875
0.2595,-1.54150390625,3.18310546875,-2.10205078125
0.26,-0.90087890625,3.34326171875,-2.86279296875
0.2605,-0.50048828125,3.38330078125,-3.26318359375
0.261,0.02001953125,3.14306640625,-3.54345703125
0.2615,0.70068359375,2.62255859375,-3.70361328125
0.262,1.58154296875,1.86181640625,-3.78369140625
0.2625,2.30224609375,1.18115234375,-3.82373046875
0.263,2.78271484375,0.70068359375,-3.82373046875
0.2635,3.06298828125,0.38037109375,-3.78369140625
0.264,3.06298828125,-0.18017578125,-3.26318359375
0.2645,3.02294921875,-0.98095703125,-2.54248046875
0.265,3.10302734375,-1.78173828125,-1.90185546875
0.2655,3.18310546875,-2.50244140625,-1.22119140625
0.266,3.18310546875,-2.82275390625,-0.82080078125
0.2665,2.94287109375,-3.06298828125,-0.34033203125
0.267,2.42236328125,-3.18310546875,0.30029296875
0.2675,1.58154296875,-3.26318359375,1.26123046875
0.268,0.94091796875,-3.38330078125,1.98193359375
0.2685,0.46044921875,-3.46337890625,2.58251953125
0.269,0.10009765625,-3.50341796875,2.94287109375
0.2695,-0.50048828125,-3.06298828125,3.06298828125
0.27,-1.26123046875,-2.42236328125,3.18310546875
0.2705,-2.06201171875,-1.66162109375,3.22314453125
0.271,-2.70263671875,-1.10107421875,3.34326171875
0.2715,-3.06298828125,-0.70068359375,3.22314453125
0.272,-3.18310546875,-0.34033203125,3.06298828125
0.2725,-3.22314453125,0.22021484375,2.54248046875
0.273,-3.18310546875,0.98095703125,1.74169921875
0.2735,-3.26318359375,1.78173828125,1.10107421875
0.274,-3.34326171875,2.50244140625,0.54052734375
0.2745,-3.34326171875,2.82275390625,0.18017578125
0.275,-2.94287109375,2.94287109375,-0.38037109375
0.2755,-2.42236328125,3.06298828125,-1.06103515625
0.276,-1.58154296875,3.22314453125,-1.98193359375
0.2765,-0.98095703125,3.30322265625,-2.74267578125
0.277,-0.50048828125,3.34326171875,-3.22314453125
0.2775,-0.14013671875,3.34326171875,-3.58349609375
0.278,0.58056640625,2.82275390625,-3.74365234375
0.2785,1.38134765625,2.06201171875,-3.82373046875
0.279,2.18212890625,1.34130859375,-3.86376953125
0.2795,2.78271484375,0.78076171875,-3.90380859375
0.28,3.02294921875,0.46044921875,-3.82373046875
0.2805,3.10302734375,-0.06005859375,-3.54345703125
0.281,3.14306640625,-0.74072265625,-2.90283203125
0.2815,3.14306640625,-1.54150390625,-2.02197265625
0.282,3.18310546875,-2.26220703125,-1.38134765625
0.2825,3.22314453125,-2.82275390625,-0.90087890625
0.283,3.14306640625,-3.14306640625,-0.50048828125
0.2835,2.62255859375,-3.18310546875,0.10009765625
0.284,1.94189453125,-3.26318359375,0.90087890625
0.2845,1.14111328125,-3.38330078125,1.82177734375
0.285,0.58056640625,-3.50341796875,2.42236328125
0.2855,0.18017578125,-3.46337890625,2.82275390625
0.286,-0.26025390625,-3.26318359375,3.06298828125
0.2865,-0.98095703125,-2.70263671875,3.18310546875
0.287,-1.82177734375,-1.94189453125,3.22314453125
0.2875,-2.50244140625,-1.26123046875,3.26318359375
0.288,-2.98291015625,-0.82080078125,3.30322265625
0.2885,-3.18310546875,-0.58056640625,3.18310546875
0.289,-3.18310546875,-0.06005859375,2.66259765625
0.2895,-3.18310546875,0.66064453125,2.10205078125
0.29,-3.18310546875,1.50146484375,1.30126953125
0.2905,-3.26318359375,2.18212890625,0.74072265625
0.291,-3.26318359375,2.58251953125,0.30029296875
0.2915,-3.18310546875,2.86279296875,-0.10009765625
0.292,-2.62255859375,2.94287109375,-0.70068359375
0.2925,-1.94189453125,3.06298828125,-1.54150390625
0.293,-1.22119140625,3.18310546875,-2.38232421875
0.2935,-0.70068359375,3.34326171875,-2.98291015625
0.294,-0.34033203125,3.34326171875,-3.34326171875
0.2945,0.18017578125,3.02294921875,-3.54345703125
0.295,0.90087890625,2.46240234375,-3.70361328125
0.2955,1.74169921875,1.70166015625,-3.78369140625
0.296,2.38232421875,1.10107421875,-3.82373046875
0.2965,2.82275390625,0.62060546875,-3.82373046875
0.297,3.02294921875,0.30029296875,-3.70361328125
0.2975,2.98291015625,-0.26025390625,-3.14306640625
0.298,3.02294921875,-0.98095703125,-2.50244140625
0.2985,3.10302734375,-1.78173828125,-1.74169921875
0.299,3.18310546875,-2.46240234375,-1.22119140625
0.2995,3.14306640625,-2.78271484375,-0.78076171875
0.3,2.90283203125,-3.06298828125,-0.34033203125
0.3005,2.30224609375,-3.18310546875,0.34033203125
0.301,1.58154296875,-3.26318359375,1.26123046875
0.3015,0.94091796875,-3.38330078125,1.98193359375
0.302,0.50048828125,-3.54345703125,2.50244140625
0.3025,0.14013671875,-3.42333984375,2.82275390625
0.303,-0.50048828125,-3.02294921875,2.94287109375
0.3035,-1.22119140625,-2.38232421875,3.10302734375
0.304,-2.02197265625,-1.62158203125,3.18310546875
0.3045,-2.58251953125,-1.22119140625,3.18310546875
0.305,-2.86279296875,-0.82080078125,3.18310546875
0.3055,-3.06298828125,-0.46044921875,2.98291015625
0.306,-3.06298828125,0.18017578125,2.38232421875
0.3065,-3.06298828125,0.94091796875,1.74169921875
0.307,-3.18310546875,1.66162109375,1.10107421875
0.3075,-3.26318359375,2.26220703125,0.62060546875
0.308,-3.18310546875,2.54248046875,0.26025390625
0.3085,-2.86279296875,2.74267578125,-0.30029296875
0.309,-2.30224609375,2.90283203125,-0.98095703125
0.3095,-1.58154296875,3.02294921875,-1.86181640625
0.31,-1.06103515625,3.18310546875,-2.50244140625
0.3105,-0.66064453125,3.26318359375,-2.98291015625
0.311,-0.30029296875,3.18310546875,-3.26318359375
0.3115,0.38037109375,2.70263671875,-3.42333984375
0.312,1.22119140625,2.18212890625,-3.58349609375
0.3125,1.94189453125,1.38134765625,-3.70361328125
0.313,2.46240234375,0.98095703125,-3.82373046875
0.3135,2.70263671875,0.62060546875,-3.70361328125
0.314,2.86279296875,0.22021484375,-3.42333984375
0.3145,2.90283203125,-0.46044921875,-2.82275390625
0.315,2.94287109375,-1.26123046875,-2.10205078125
0.3155,3.10302734375,-1.98193359375,-1.58154296875
0.316,3.18310546875,-2.54248046875,-1.10107421875
0.3165,3.06298828125,-2.82275390625,-0.70068359375
0.317,2.58251953125,-2.94287109375,-0.14013671875
0.3175,1.98193359375,-3.14306640625,0.70068359375
0.318,1.22119140625,-3.26318359375,1.58154296875
0.3185,0.78076171875,-3.38330078125,2.18212890625
0.319,0.38037109375,-3.46337890625,2.54248046875
0.3195,-0.10009765625,-3.22314453125,2.82275390625
0.32,-0.78076171875,-2.54248046875,2.98291015625
0.3205,-1.58154296875,-1.98193359375,3.06298828125
0.321,-2.26220703125,-1.38134765625,3.14306640625
0.3215,-2.70263671875,-1.02099609375,3.18310546875
0.322,-2.86279296875,-0.66064453125,3.06298828125
0.3225,-2.94287109375,-0.14013671875,2.58251953125
0.323,-2.98291015625,0.54052734375,2.02197265625
0.3235,-3.06298828125,1.30126953125,1.30126953125
0.324,-3.18310546875,1.94189453125,0.86083984375
0.3245,-3.18310546875,2.34228515625,0.46044921875
0.325,-3.02294921875,2.58251953125,0.06005859375
0.3255,-2.50244140625,2.66259765625,-0.58056640625
0.326,-1.90185546875,2.86279296875,-1.34130859375
0.3265,-1.26123046875,3.02294921875,-2.14208984375
0.327,-0.90087890625,3.18310546875,-2.66259765625
0.3275,-0.50048828125,3.14306640625,-2.98291015625
0.328,-0.10009765625,2.86279296875,-3.18310546875
0.3285,0.66064453125,2.30224609375,-3.38330078125
0.329,1.42138671875,1.82177734375,-3.46337890625
0.3295,1.98193359375,1.26123046875,-3.62353515625
0.33,2.42236328125,0.90087890625,-3.70361328125
0.3305,2.58251953125,0.54052734375,-3.54345703125
0.331,2.70263671875,-0.06005859375,-3.06298828125
0.3315,2.82275390625,-0.66064453125,-2.54248046875
0.332,2.94287109375,-1.46142578125,-1.90185546875
0.3325,3.06298828125,-2.06201171875,-1.42138671875
0.333,3.06298828125,-2.46240234375,-1.02099609375
0.3335,2.86279296875,-2.74267578125,-0.58056640625
0.334,2.30224609375,-2.90283203125,0.14013671875
0.3345,1.70166015625,-3.10302734375,0.94091796875
0.335,1.14111328125,-3.26318359375,1.66162109375
0.3355,0.78076171875,-3.46337890625,2.22216796875
0.336,0.30029296875,-3.34326171875,2.54248046875
0.3365,-0.26025390625,-2.98291015625,2.70263671875
0.337,-0.98095703125,-2.38232421875,2.94287109375
0.3375,-1.86181640625,-1.78173828125,3.06298828125
0.338,-2.34228515625,-1.34130859375,3.18310546875
0.3385,-2.70263671875,-0.98095703125,3.14306640625
0.339,-2.86279296875,-0.58056640625,2.90283203125
0.3395,-2.86279296875,0.14013671875,2.30224609375
0.34,-3.02294921875,0.86083984375,1.74169921875
0.3405,-3.14306640625,1.58154296875,1.14111328125
0.341,-3.22314453125,2.10205078125,0.74072265625
0.3415,-3.10302734375,2.42236328125,0.30029296875
0.342,-2.74267578125,2.62255859375,-0.30029296875
0.3425,-2.18212890625,2.78271484375,-1.02099609375
0.343,-1.54150390625,2.94287109375,-1.86181640625
0.3435,-1.02099609375,3.10302734375,-2.42236328125
0.344,-0.74072265625,3.14306640625,-2.86279296875
0.3445,-0.26025390625,2.90283203125,-3.10302734375
0.345,0.46044921875,2.46240234375,-3.26318359375
0.3455,1.14111328125,1.94189453125,-3.42333984375
0.346,1.86181640625,1.34130859375,-3.54345703125
0.3465,2.26220703125,1.02099609375,-3.58349609375
0.347,2.50244140625,0.62060546875,-3.50341796875
0.3475,2.62255859375,0.18017578125,-3.18310546875
0.348,2.70263671875,-0.46044921875,-2.62255859375
0.3485,2.78271484375,-1.18115234375,-2.06201171875
0.349,2.94287109375,-1.82177734375,-1.58154296875
0.3495,3.02294921875,-2.30224609375,-1.18115234375
0.35,2.86279296875,-2.54248046875,-0.78076171875
0.3505,2.42236328125,-2.74267578125,-0.18017578125
0.351,1.94189453125,-2.94287109375,0.58056640625
0.3515,1.30126953125,-3.14306640625,1.38134765625
0.352,0.94091796875,-3.34326171875,1.90185546875
0.3525,0.50048828125,-3.38330078125,2.30224609375
0.353,0.02001953125,-3.18310546875,2.58251953125
0.3535,-0.70068359375,-2.58251953125,2.78271484375
0.354,-1.42138671875,-2.06201171875,2.94287109375
0.3545,-2.10205078125,-1.50146484375,3.10302734375
0.355,-2.50244140625,-1.18115234375,3.18310546875
0.3555,-2.70263671875,-0.78076171875,2.98291015625
0.356,-2.86279296875,-0.18017578125,2.54248046875
0.3565,-2.98291015625,0.50048828125,2.02197265625
0.357,-3.06298828125,1.30126953125,1.38134765625
0.3575,-3.18310546875,1.90185546875,0.94091796875
0.358,-3.22314453125,2.34228515625,0.54052734375
0.3585,-2.94287109375,2.58251953125,0.02001953125
0.359,-2.38232421875,2.70263671875,-0.74072265625
0.3595,-1.82177734375,2.94287109375,-1.54150390625
0.36,-1.22119140625,3.10302734375,-2.30224609375
0.3605,-0.82080078125,3.22314453125,-2.82275390625
0.361,-0.42041015625,3.06298828125,-3.14306640625
0.3615,0.26025390625,2.70263671875,-3.34326171875
0.362,1.02099609375,2.06201171875,-3.46337890625
0.3625,1.74169921875,1.50146484375,-3.58349609375
0.363,2.26220703125,1.02099609375,-3.66357421875
0.3635,2.58251953125,0.70068359375,-3.66357421875
0.364,2.70263671875,0.26025390625,-3.30322265625
0.3645,2.70263671875,-0.42041015625,-2.70263671875
0.365,2.86279296875,-1.14111328125,-2.14208984375
0.3655,2.98291015625,-1.90185546875,-1.54150390625
0.366,3.02294921875,-2.30224609375,-1.18115234375
0.3665,2.90283203125,-2.62255859375,-0.70068359375
0.367,2.54248046875,-2.86279296875,-0.22021484375
0.3675,1.90185546875,-2.94287109375,0.62060546875
0.368,1.30126953125,-3.18310546875,1.30126953125
0.3685,0.82080078125,-3.30322265625,1.94189453125
0.369,0.50048828125,-3.42333984375,2.38232421875
0.3695,0.02001953125,-3.14306640625,2.62255859375
0.37,-0.62060546875,-2.62255859375,2.78271484375
0.3705,-1.34130859375,-2.06201171875,2.90283203125
0.371,-2.06201171875,-1.46142578125,3.06298828125
0.3715,-2.42236328125,-1.14111328125,3.10302734375
0.372,-2.74267578125,-0.78076171875,3.02294921875
0.3725,-2.86279296875,-0.30029296875,2.70263671875
0.373,-2.86279296875,0.38037109375,2.06201171875
0.3735,-3.02294921875,1.10107421875,1.54150390625
0.374,-3.18310546875,1.78173828125,0.98095703125
0.3745,-3.22314453125,2.26220703125,0.62060546875
0.375,-3.02294921875,2.50244140625,0.14013671875
0.3755,-2.62255859375,2.70263671875,-0.50048828125
0.376,-1.98193359375,2.86279296875,-1.26123046875
0.3765,-1.42138671875,3.06298828125,-2.06201171875
0.377,-0.98095703125,3.14306640625,-2.62255859375
0.3775,-0.62060546875,3.26318359375,-3.06298828125
0.378,0.02001953125,2.94287109375,-3.26318359375
0.3785,0.70068359375,2.34228515625,-3.42333984375
0.379,1.46142578125,1.78173828125,-3.58349609375
0.3795,2.18212890625,1.18115234375,-3.70361328125
0.38,2.50244140625,0.90087890625,-3.70361328125
0.3805,2.70263671875,0.42041015625,-3.50341796875
0.381,2.82275390625,-0.14013671875,-3.06298828125
0.3815,2.86279296875,-0.94091796875,-2.38232421875
0.382,2.98291015625,-1.62158203125,-1.78173828125
0.3825,3.06298828125,-2.26220703125,-1.26123046875
0.383,3.10302734375,-2.62255859375,-0.94091796875
0.3835,2.70263671875,-2.82275390625,-0.38037109375
0.384,2.18212890625,-3.02294921875,0.34033203125
0.3845,1.46142578125,-3.18310546875,1.22119140625
0.385,0.98095703125,-3.38330078125,1.86181640625
0.3855,0.58056640625,-3.34326171875,2.30224609375
0.386,0.14013671875,-3.26318359375,2.66259765625
0.3865,-0.50048828125,-2.86279296875,2.86279296875
0.387,-1.30126953125,-2.18212890625,2.94287109375
0.3875,-1.98193359375,-1.58154296875,3.06298828125
0.388,-2.54248046875,-1.10107421875,3.18310546875
0.3885,-2.82275390625,-0.82080078125,3.14306640625
0.389,-2.86279296875,-0.34033203125,2.74267578125
0.3895,-2.94287109375,0.30029296875,2.22216796875
0.39,-3.02294921875,1.02099609375,1.54150390625
0.3905,-3.14306640625,1.74169921875,0.98095703125
0.391,-3.18310546875,2.22216796875,0.62060546875
0.3915,-3.14306640625,2.54248046875,0.18017578125
0.392,-2.70263671875,2.66259765625,-0.38037109375
0.3925,-2.06201171875,2.78271484375,-1.14111328125
0.393,-1.50146484375,2.94287109375,-1.94189453125
0.3935,-0.98095703125,3.18310546875,-2.58251953125
0.394,-0.62060546875,3.22314453125,-2.94287109375
0.3945,-0.14013671875,3.02294921875,-3.22314453125
0.395,0.50048828125,2.54248046875,-3.46337890625
0.3955,1.30126953125,1.90185546875,-3.54345703125
0.396,1.98193359375,1.30126953125,-3.66357421875
0.3965,2.42236328125,0.90087890625,-3.70361328125
0.397,2.74267578125,0.58056640625,-3.70361328125
0.3975,2.82275390625,0.06005859375,-3.18310546875
0.398,2.86279296875,-0.66064453125,-2.58251953125
0.3985,2.94287109375,-1.42138671875,-1.94189453125
0.399,3.14306640625,-2.14208984375,-1.42138671875
0.3995,3.14306640625,-2.54248046875,-1.02099609375
0.4,2.94287109375,-2.90283203125,-0.58056640625
0.4005,2.46240234375,-3.06298828125,0.14013671875
0.401,1.74169921875,-3.22314453125,0.98095703125
0.4015,1.14111328125,-3.34326171875,1.78173828125
0.402,0.66064453125,-3.50341796875,2.34228515625
0.4025,0.30029296875,-3.50341796875,2.70263671875
0.403,-0.30029296875,-3.06298828125,2.90283203125
0.4035,-1.10107421875,-2.46240234375,3.06298828125
0.404,-1.94189453125,-1.74169921875,3.18310546875
0.4045,-2.54248046875,-1.18115234375,3.26318359375
0.405,-2.86279296875,-0.82080078125,3.18310546875
0.4055,-3.06298828125,-0.42041015625,3.02294921875
0.406,-3.06298828125,0.26025390625,2.42236328125
0.4065,-3.10302734375,0.98095703125,1.66162109375
0.407,-3.22314453125,1.78173828125,1.06103515625
0.4075,-3.34326171875,2.38232421875,0.58056640625
0.408,-3.22314453125,2.62255859375,0.18017578125
0.4085,-2.86279296875,2.74267578125,-0.38037109375
0.409,-2.26220703125,2.90283203125,-1.14111328125
0.4095,-1.46142578125,3.14306640625,-2.02197265625
0.41,-0.90087890625,3.22314453125,-2.70263671875
0.4105,-0.50048828125,3.30322265625,-3.14306640625
0.411,-0.14013671875,3.18310546875,-3.42333984375
0.4115,0.58056640625,2.62255859375,-3.54345703125
0.412,1.38134765625,1.94189453125,-3.66357421875
0.4125,2.10205078125,1.26123046875,-3.70361328125
0.413,2.62255859375,0.78076171875,-3.82373046875
0.4135,2.82275390625,0.46044921875,-3.66357421875
0.414,2.90283203125,0.02001953125,-3.34326171875
0.4145,2.90283203125,-0.62060546875,-2.70263671875
0.415,2.94287109375,-1.42138671875,-1.94189453125
0.4155,3.06298828125,-2.10205078125,-1.42138671875
0.416,3.10302734375,-2.66259765625,-0.98095703125
0.4165,3.06298828125,-2.94287109375,-0.62060546875
0.417,2.54248046875,-3.06298828125,0.02001953125
0.4175,1.94189453125,-3.18310546875,0.78076171875
0.418,1.18115234375,-3.26318359375,1.62158203125
0.4185,0.70068359375,-3.42333984375,2.22216796875
0.419,0.34033203125,-3.42333984375,2.62255859375
0.4195,-0.14013671875,-3.26318359375,2.86279296875
0.42,-0.82080078125,-2.66259765625,2.98291015625
0.4205,-1.58154296875,-1.98193359375,3.10302734375
0.421,-2.30224609375,-1.38134765625,3.18310546875
0.4215,-2.78271484375,-0.98095703125,3.30322265625
0.422,-2.98291015625,-0.62060546875,3.14306640625
0.4225,-3.06298828125,-0.10009765625,2.70263671875
0.423,-3.14306640625,0.58056640625,2.10205078125
0.4235,-3.18310546875,1.42138671875,1.34130859375
0.424,-3.26318359375,2.06201171875,0.82080078125
0.4245,-3.30322265625,2.54248046875,0.38037109375
0.425,-3.18310546875,2.74267578125,-0.06005859375
0.4255,-2.54248046875,2.90283203125,-0.74072265625
0.426,-1.90185546875,3.10302734375,-1.58154296875
0.4265,-1.14111328125,3.22314453125,-2.46240234375
0.427,-0.74072265625,3.38330078125,-3.02294921875
0.4275,-0.34033203125,3.26318359375,-3.34326171875
0.428,0.26025390625,2.94287109375,-3.54345703125
0.4285,1.10107421875,2.26220703125,-3.70361328125
0.429,1.90185546875,1.54150390625,-3.78369140625
0.4295,2.50244140625,0.98095703125,-3.82373046875
0.43,2.86279296875,0.62060546875,-3.82373046875
0.4305,2.98291015625,0.22021484375,-3.54345703125
0.431,2.94287109375,-0.46044921875,-2.90283203125
0.4315,3.02294921875,-1.22119140625,-2.26220703125
0.432,3.06298828125,-2.06201171875,-1.50146484375
0.4325,3.18310546875,-2.58251953125,-1.06103515625
0.433,3.06298828125,-2.94287109375,-0.66064453125
0.4335,2.74267578125,-3.06298828125,-0.18017578125
0.434,2.06201171875,-3.18310546875,0.62060546875
0.4345,1.34130859375,-3.26318359375,1.50146484375
0.435,0.74072265625,-3.34326171875,2.18212890625
0.4355,0.38037109375,-3.50341796875,2.62255859375
0.436,-0.06005859375,-3.26318359375,2.86279296875
0.4365,-0.66064453125,-2.82275390625,3.02294921875
0.437,-1.46142578125,-2.18212890625,3.14306640625
0.4375,-2.26220703125,-1.42138671875,3.18310546875
0.438,-2.70263671875,-1.02099609375,3.22314453125
0.4385,-2.98291015625,-0.62060546875,3.14306640625
0.439,-3.06298828125,-0.30029296875,2.86279296875
0.4395,-3.06298828125,0.38037109375,2.22216796875
0.44,-3.14306640625,1.10107421875,1.54150390625
0.4405,-3.22314453125,1.86181640625,0.94091796875
0.441,-3.30322265625,2.38232421875,0.50048828125
0.4415,-3.18310546875,2.70263671875,0.10009765625
0.442,-2.82275390625,2.86279296875,-0.50048828125
0.4425,-2.18212890625,3.06298828125,-1.26123046875
0.443,-1.42138671875,3.18310546875,-2.14208984375
0.4435,-0.90087890625,3.26318359375,-2.74267578125
0.444,-0.50048828125,3.38330078125,-3.22314453125
0.4445,0.02001953125,3.18310546875,-3.50341796875
0.445,0.70068359375,2.54248046875,-3.58349609375
0.4455,1.50146484375,1.94189453125,-3.78369140625
0.446,2.30224609375,1.18115234375,-3.86376953125
0.4465,2.74267578125,0.78076171875,-3.90380859375
0.447,3.02294921875,0.38037109375,-3.74365234375
0.4475,3.06298828125,-0.14013671875,-3.34326171875
0.448,3.10302734375,-0.98095703125,-2.58251953125
0.4485,3.14306640625,-1.82177734375,-1.82177734375
0.449,3.22314453125,-2.54248046875,-1.26123046875
0.4495,3.30322265625,-2.94287109375,-0.82080078125
0.45,2.98291015625,-3.14306640625,-0.30029296875
0.4505,2.38232421875,-3.22314453125,0.42041015625
0.451,1.58154296875,-3.42333984375,1.34130859375
0.4515,0.86083984375,-3.54345703125,2.18212890625
0.452,0.38037109375,-3.54345703125,2.66259765625
0.4525,0.02001953125,-3.46337890625,2.98291015625
0.453,-0.66064453125,-3.02294921875,3.18310546875
0.4535,-1.50146484375,-2.22216796875,3.22314453125
0.454,-2.22216796875,-1.58154296875,3.26318359375
0.4545,-2.86279296875,-0.94091796875,3.30322265625
0.455,-3.14306640625,-0.62060546875,3.26318359375
0.4555,-3.18310546875,-0.14013671875,2.86279296875
0.456,-3.18310546875,0.38037109375,2.30224609375
0.4565,-3.22314453125,1.22119140625,1.58154296875
0.457,-3.22314453125,1.94189453125,0.82080078125
0.4575,-3.26318359375,2.50244140625,0.38037109375
0.458,-3.22314453125,2.86279296875,0.02001953125
0.4585,-2.86279296875,2.94287109375,-0.50048828125
0.459,-2.18212890625,3.02294921875,-1.26123046875
0.4595,-1.46142578125,3.18310546875,-2.10205078125
0.46,-0.82080078125,3.26318359375,-2.86279296875
0.4605,-0.46044921875,3.34326171875,-3.26318359375
0.461,0.02001953125,3.18310546875,-3.54345703125
0.4615,0.62060546875,2.74267578125,-3.70361328125
0.462,1.46142578125,1.94189453125,-3.78369140625
0.4625,2.18212890625,1.30126953125,-3.82373046875
0.463,2.74267578125,0.74072265625,-3.82373046875
0.4635,3.06298828125,0.46044921875,-3.82373046875
0.464,3.10302734375,-0.06005859375,-3.46337890625
0.4645,3.06298828125,-0.78076171875,-2.82275390625
0.465,3.18310546875,-1.58154296875,-2.10205078125
0.4655,3.22314453125,-2.38232421875,-1.30126953125
0.466,3.26318359375,-2.82275390625,-0.94091796875
0.4665,3.14306640625,-3.18310546875,-0.46044921875
0.467,2.70263671875,-3.30322265625,0.14013671875
0.4675,1.86181640625,-3.34326171875,1.06103515625
0.468,1.14111328125,-3.54345703125,1.94189453125
0.4685,0.54052734375,-3.58349609375,2.58251953125
0.469,0.18017578125,-3.62353515625,2.98291015625
0.4695,-0.42041015625,-3.22314453125,3.18310546875
0.47,-1.14111328125,-2.62255859375,3.30322265625
0.4705,-2.06201171875,-1.82177734375,3.38330078125
0.471,-2.74267578125,-1.14111328125,3.38330078125
0.4715,-3.14306640625,-0.66064453125,3.34326171875
0.472,-3.34326171875,-0.38037109375,3.18310546875
0.4725,-3.26318359375,0.22021484375,2.62255859375
0.473,-3.22314453125,0.94091796875,1.78173828125
0.4735,-3.26318359375,1.78173828125,1.10107421875
0.474,-3.34326171875,2.46240234375,0.50048828125
0.4745,-3.26318359375,2.74267578125,0.14013671875
0.475,-2.98291015625,2.94287109375,-0.34033203125
0.4755,-2.42236328125,3.06298828125,-0.98095703125
0.476,-1.58154296875,3.14306640625,-1.94189453125
0.4765,-0.98095703125,3.22314453125,-2.62255859375
0.477,-0.50048828125,3.26318359375,-3.14306640625
0.4775,-0.18017578125,3.26318359375,-3.46337890625
0.478,0.46044921875,2.82275390625,-3.58349609375
0.4785,1.18115234375,2.18212890625,-3.70361328125
0.479,1.94189453125,1.46142578125,-3.74365234375
0.4795,2.54248046875,0.90087890625,-3.78369140625
0.48,2.86279296875,0.50048828125,-3.78369140625
0.4805,3.02294921875,0.14013671875,-3.58349609375
0.481,3.02294921875,-0.46044921875,-3.14306640625
0.4815,3.02294921875,-1.14111328125,-2.30224609375
0.482,3.10302734375,-1.90185546875,-1.66162109375
0.4825,3.18310546875,-2.58251953125,-1.10107421875
0.483,3.18310546875,-2.90283203125,-0.78076171875
0.4835,2.86279296875,-3.10302734375,-0.26025390625
0.484,2.30224609375,-3.22314453125,0.50048828125
0.4845,1.50146484375,-3.34326171875,1.42138671875
0.485,0.86083984375,-3.50341796875,2.14208984375
0.4855,0.42041015625,-3.54345703125,2.62255859375
0.486,0.06005859375,-3.54345703125,2.94287109375
0.4865,-0.62060546875,-3.02294921875,3.14306640625
0.487,-1.42138671875,-2.26220703125,3.22314453125
0.4875,-2.22216796875,-1.58154296875,3.30322265625
0.488,-2.82275390625,-1.06103515625,3.38330078125
0.4885,-3.06298828125,-0.70068359375,3.26318359375
0.489,-3.18310546875,-0.30029296875,2.86279296875
0.4895,-3.18310546875,0.38037109375,2.34228515625
0.49,-3.18310546875,1.26123046875,1.54150390625
0.4905,-3.26318359375,1.94189453125,0.94091796875
0.491,-3.34326171875,2.50244140625,0.42041015625
0.4915,-3.22314453125,2.78271484375,0.06005859375
0.492,-2.70263671875,2.86279296875,-0.58056640625
0.4925,-2.06201171875,3.02294921875,-1.34130859375
0.493,-1.30126953125,3.14306640625,-2.22216796875
0.4935,-0.82080078125,3.26318359375,-2.82275390625
0.494,-0.46044921875,3.22314453125,-3.18310546875
0.4945,0.02001953125,3.06298828125,-3.42333984375
0.495,0.70068359375,2.50244140625,-3.54345703125
0.4955,1.46142578125,1.78173828125,-3.58349609375
0.496,2.14208984375,1.14111328125,-3.70361328125
0.4965,2.58251953125,0.70068359375,-3.70361328125
0.497,2.78271484375,0.46044921875,-3.70361328125
0.4975,2.86279296875,0.02001953125,-3.18310546875
0.498,2.86279296875,-0.62060546875,-2.62255859375
0.4985,2.90283203125,-1.42138671875,-1.94189453125
0.499,3.02294921875,-2.10205078125,-1.38134765625
0.4995,3.06298828125,-2.54248046875,-0.98095703125
0.5,2.94287109375,-2.86279296875,-0.62060546875
0.5005,2.50244140625,-2.98291015625,0.02001953125
0.501,1.86181640625,-3.10302734375,0.82080078125
0.5015,1.22119140625,-3.26318359375,1.58154296875
0.502,0.78076171875,-3.46337890625,2.22216796875
0.5025,0.38037109375,-3.46337890625,2.58251953125
0.503,-0.14013671875,-3.18310546875,2.86279296875
0.5035,-0.82080078125,-2.70263671875,3.02294921875
0.504,-1.62158203125,-1.98193359375,3.14306640625
0.5045,-2.30224609375,-1.46142578125,3.22314453125
0.505,-2.74267578125,-1.06103515625,3.18310546875
0.5055,-2.98291015625,-0.66064453125,3.14306640625
0.506,-3.02294921875,-0.10009765625,2.66259765625
0.5065,-3.06298828125,0.62060546875,2.02197265625
0.507,-3.18310546875,1.42138671875,1.34130859375
0.5075,-3.30322265625,2.06201171875,0.82080078125
0.508,-3.22314453125,2.46240234375,0.42041015625
0.5085,-3.02294921875,2.70263671875,-0.10009765625
0.509,-2.50244140625,2.86279296875,-0.78076171875
0.5095,-1.78173828125,3.02294921875,-1.62158203125
0.51,-1.18115234375,3.14306640625,-2.38232421875
0.5105,-0.78076171875,3.26318359375,-2.90283203125
0.511,-0.38037109375,3.18310546875,-3.18310546875
0.5115,0.26025390625,2.74267578125,-3.34326171875
0.512,1.02099609375,2.10205078125,-3.54345703125
0.5125,1.78173828125,1.42138671875,-3.66357421875
0.513,2.30224609375,0.98095703125,-3.74365234375
0.5135,2.58251953125,0.66064453125,-3.62353515625
0.514,2.74267578125,0.30029296875,-3.42333984375
0.5145,2.74267578125,-0.34033203125,-2.86279296875
0.515,2.82275390625,-1.02099609375,-2.22216796875
0.5155,2.94287109375,-1.78173828125,-1.62158203125
0.516,3.02294921875,-2.30224609375,-1.22119140625
0.5165,2.94287109375,-2.58251953125,-0.82080078125
0.517,2.62255859375,-2.78271484375,-0.30029296875
0.5175,2.10205078125,-2.94287109375,0.38037109375
0.518,1.42138671875,-3.10302734375,1.22119140625
0.5185,0.94091796875,-3.22314453125,1.82177734375
0.519,0.58056640625,-3.34326171875,2.26220703125
0.5195,0.18017578125,-3.22314453125,2.58251953125
0.52,-0.46044921875,-2.82275390625,2.70263671875
0.5205,-1.14111328125,-2.30224609375,2.86279296875
0.521,-1.90185546875,-1.70166015625,3.02294921875
0.5215,-2.38232421875,-1.26123046875,3.18310546875
0.522,-2.62255859375,-0.98095703125,3.06298828125
0.5225,-2.86279296875,-0.50048828125,2.82275390625
0.523,-2.90283203125,0.14013671875,2.34228515625
0.5235,-2.98291015625,0.90087890625,1.66162109375
0.524,-3.14306640625,1.58154296875,1.22119140625
0.5245,-3.22314453125,2.10205078125,0.74072265625
0.525,-3.14306640625,2.42236328125,0.30029296875
0.5255,-2.70263671875,2.58251953125,-0.30029296875
0.526,-2.22216796875,2.86279296875,-1.02099609375
0.5265,-1.54150390625,3.06298828125,-1.86181640625
0.527,-1.14111328125,3.18310546875,-2.42236328125
0.5275,-0.70068359375,3.22314453125,-2.90283203125
0.528,-0.26025390625,3.02294921875,-3.18310546875
0.5285,0.50048828125,2.50244140625,-3.34326171875
0.529,1.26123046875,1.86181640625,-3.54345703125
0.5295,1.94189453125,1.34130859375,-3.66357421875
0.53,2.38232421875,0.98095703125,-3.70361328125
0.5305,2.58251953125,0.62060546875,-3.58349609375
0.531,2.70263671875,0.06005859375,-3.14306640625
0.5315,2.82275390625,-0.62060546875,-2.62255859375
0.532,2.90283203125,-1.42138671875,-1.90185546875
0.5325,3.02294921875,-2.02197265625,-1.46142578125
0.533,3.02294921875,-2.42236328125,-1.02099609375
0.5335,2.86279296875,-2.70263671875,-0.62060546875
0.534,2.26220703125,-2.82275390625,0.10009765625
0.5345,1.70166015625,-3.06298828125,0.90087890625
0.535,1.10107421875,-3.18310546875,1.62158203125
0.5355,0.74072265625,-3.34326171875,2.14208984375
0.536,0.34033203125,-3.34326171875,2.46240234375
0.5365,-0.22021484375,-3.02294921875,2.66259765625
0.537,-0.98095703125,-2.46240234375,2.82275390625
0.5375,-1.66162109375,-1.78173828125,2.98291015625
0.538,-2.22216796875,-1.34130859375,3.06298828125
0.5385,-2.58251953125,-0.98095703125,3.06298828125
0.539,-2.74267578125,-0.62060546875,2.86279296875
0.5395,-2.82275390625,0.02001953125,2.38232421875
0.54,-2.90283203125,0.62060546875,1.86181640625
0.5405,-3.06298828125,1.38134765625,1.26123046875
0.541,-3.14306640625,1.94189453125,0.82080078125
0.5415,-3.10302734375,2.26220703125,0.42041015625
0.542,-2.86279296875,2.54248046875,-0.06005859375
0.5425,-2.34228515625,2.70263671875,-0.78076171875
0.543,-1.78173828125,2.90283203125,-1.54150390625
0.5435,-1.22119140625,3.10302734375,-2.22216796875
0.544,-0.86083984375,3.18310546875,-2.74267578125
0.5445,-0.46044921875,3.06298828125,-3.06298828125
0.545,0.18017578125,2.62255859375,-3.26318359375
0.5455,0.90087890625,2.18212890625,-3.46337890625
0.546,1.70166015625,1.54150390625,-3.58349609375
0.5465,2.18212890625,1.14111328125,-3.70361328125
0.547,2.54248046875,0.78076171875,-3.66357421875
0.5475,2.70263671875,0.34033203125,-3.38330078125
0.548,2.74267578125,-0.30029296875,-2.82275390625
0.5485,2.86279296875,-1.10107421875,-2.22216796875
0.549,3.06298828125,-1.78173828125,-1.62158203125
0.5495,3.14306640625,-2.34228515625,-1.22119140625
0.55,2.98291015625,-2.62255859375,-0.78076171875
0.5505,2.54248046875,-2.86279296875,-0.18017578125
0.551,1.98193359375,-3.06298828125,0.62060546875
0.5515,1.30126953125,-3.22314453125,1.46142578125
0.552,0.90087890625,-3.38330078125,1.98193359375
0.5525,0.50048828125,-3.50341796875,2.46240234375
0.553,-0.06005859375,-3.18310546875,2.70263671875
0.5535,-0.78076171875,-2.54248046875,2.86279296875
0.554,-1.54150390625,-1.98193359375,3.02294921875
0.5545,-2.26220703125,-1.38134765625,3.14306640625
0.555,-2.58251953125,-1.06103515625,3.18310546875
0.5555,-2.78271484375,-0.62060546875,2.94287109375
0.556,-2.86279296875,-0.14013671875,2.54248046875
0.5565,-2.94287109375,0.58056640625,1.94189453125
0.557,-3.02294921875,1.30126953125,1.30126953125
0.5575,-3.14306640625,1.94189453125,0.82080078125
0.558,-3.18310546875,2.34228515625,0.46044921875
0.5585,-2.90283203125,2.54248046875,0.02001953125
0.559,-2.38232421875,2.66259765625,-0.66064453125
0.5595,-1.82177734375,2.86279296875,-1.42138671875
0.56,-1.22119140625,3.02294921875,-2.26220703125
0.5605,-0.82080078125,3.14306640625,-2.70263671875
0.561,-0.46044921875,3.06298828125,-3.06298828125
0.5615,0.10009765625,2.82275390625,-3.26318359375
0.562,0.82080078125,2.22216796875,-3.42333984375
0.5625,1.54150390625,1.62158203125,-3.54345703125
0.563,2.10205078125,1.14111328125,-3.62353515625
0.5635,2.50244140625,0.82080078125,-3.70361328125
0.564,2.62255859375,0.46044921875,-3.46337890625
0.5645,2.70263671875,-0.18017578125,-2.94287109375
0.565,2.86279296875,-0.82080078125,-2.42236328125
0.5655,2.94287109375,-1.62158203125,-1.74169921875
0.566,3.06298828125,-2.14208984375,-1.34130859375
0.5665,3.02294921875,-2.58251953125,-0.90087890625
0.567,2.78271484375,-2.82275390625,-0.46044921875
0.5675,2.18212890625,-2.94287109375,0.34033203125
0.568,1.58154296875,-3.18310546875,1.10107421875
0.5685,0.98095703125,-3.34326171875,1.86181640625
0.569,0.66064453125,-3.50341796875,2.30224609375
0.5695,0.18017578125,-3.26318359375,2.62255859375
0.57,-0.50048828125,-2.86279296875,2.86279296875
0.5705,-1.26123046875,-2.26220703125,3.02294921875
0.571,-2.02197265625,-1.62158203125,3.14306640625
0.5715,-2.50244140625,-1.18115234375,3.18310546875
0.572,-2.86279296875,-0.82080078125,3.18310546875
0.5725,-2.94287109375,-0.34033203125,2.82275390625
0.573,-2.94287109375,0.34033203125,2.18212890625
0.5735,-3.06298828125,1.10107421875,1.58154296875
0.574,-3.22314453125,1.90185546875,0.98095703125
0.5745,-3.26318359375,2.30224609375,0.58056640625
0.575,-3.06298828125,2.58251953125,0.10009765625
0.5755,-2.62255859375,2.82275390625,-0.50048828125
0.576,-1.94189453125,2.90283203125,-1.42138671875
0.5765,-1.30126953125,3.06298828125,-2.18212890625
0.577,-0.82080078125,3.14306640625,-2.82275390625
0.5775,-0.50048828125,3.26318359375,-3.18310546875
0.578,0.14013671875,2.86279296875,-3.34326171875
0.5785,0.82080078125,2.30224609375,-3.46337890625
0.579,1.58154296875,1.66162109375,-3.58349609375
0.5795,2.26220703125,1.10107421875,-3.70361328125
0.58,2.54248046875,0.74072265625,-3.66357421875
0.5805,2.74267578125,0.38037109375,-3.50341796875
0.581,2.82275390625,-0.14013671875,-3.06298828125
0.5815,2.82275390625,-0.90087890625,-2.38232421875
0.582,2.90283203125,-1.58154296875,-1.78173828125
0.5825,3.02294921875,-2.26220703125,-1.26123046875
0.583,3.06298828125,-2.62255859375,-0.90087890625
0.5835,2.74267578125,-2.82275390625,-0.42041015625
0.584,2.26220703125,-2.98291015625,0.22021484375
0.5845,1.58154296875,-3.14306640625,1.02099609375
0.585,1.02099609375,-3.22314453125,1.78173828125
0.5855,0.62060546875,-3.34326171875,2.26220703125
0.586,0.26025390625,-3.34326171875,2.66259765625
0.5865,-0.34033203125,-3.02294921875,2.86279296875
0.587,-1.10107421875,-2.38232421875,2.94287109375
0.5875,-1.78173828125,-1.78173828125,3.06298828125
0.588,-2.46240234375,-1.26123046875,3.22314453125
0.5885,-2.74267578125,-0.98095703125,3.18310546875
0.589,-2.90283203125,-0.50048828125,2.94287109375
0.5895,-3.02294921875,0.06005859375,2.46240234375
0.59,-3.06298828125,0.86083984375,1.78173828125
0.5905,-3.18310546875,1.58154296875,1.18115234375
0.591,-3.26318359375,2.18212890625,0.70068359375
0.5915,-3.26318359375,2.58251953125,0.30029296875
0.592,-2.86279296875,2.70263671875,-0.30029296875
0.5925,-2.26220703125,2.86279296875,-1.02099609375
0.593,-1.58154296875,3.10302734375,-1.94189453125
0.5935,-1.02099609375,3.30322265625,-2.62255859375
0.594,-0.62060546875,3.34326171875,-3.06298828125
0.5945,-0.14013671875,3.18310546875,-3.34326171875
0.595,0.58056640625,2.70263671875,-3.54345703125
0.5955,1.42138671875,1.94189453125,-3.70361328125
0.596,2.10205078125,1.30126953125,-3.78369140625
0.5965,2.62255859375,0.82080078125,-3.82373046875
0.597,2.86279296875,0.50048828125,-3.74365234375
0.5975,2.90283203125,-0.06005859375,-3.22314453125
0.598,2.94287109375,-0.78076171875,-2.62255859375
0.5985,3.02294921875,-1.58154296875,-1.90185546875
0.599,3.14306640625,-2.26220703125,-1.30126953125
0.5995,3.10302734375,-2.70263671875,-0.86083984375
0.6,2.94287109375,-3.06298828125,-0.46044921875
0.6005,2.42236328125,-3.18310546875,0.22021484375
0.601,1.66162109375,-3.22314453125,1.10107421875
0.6015,0.98095703125,-3.34326171875,1.90185546875
0.602,0.54052734375,-3.46337890625,2.46240234375
0.6025,0.14013671875,-3.38330078125,2.78271484375
0.603,-0.38037109375,-3.06298828125,2.94287109375
0.6035,-1.10107421875,-2.46240234375,3.06298828125
0.604,-1.94189453125,-1.70166015625,3.14306640625
0.6045,-2.54248046875,-1.14111328125,3.18310546875
0.605,-2.86279296875,-0.78076171875,3.14306640625
0.6055,-3.06298828125,-0.46044921875,3.02294921875
0.606,-3.06298828125,0.14013671875,2.46240234375
0.6065,-3.06298828125,0.82080078125,1.78173828125
0.607,-3.14306640625,1.58154296875,1.14111328125
0.6075,-3.22314453125,2.22216796875,0.66064453125
0.608,-3.18310546875,2.50244140625,0.30029296875
0.6085,-2.90283203125,2.70263671875,-0.22021484375
0.609,-2.46240234375,2.86279296875,-0.82080078125
0.6095,-1.74169921875,3.02294921875,-1.66162109375
0.61,-1.14111328125,3.18310546875,-2.42236328125
0.6105,-0.70068359375,3.26318359375,-2.94287109375
0.611,-0.34033203125,3.26318359375,-3.30322265625
0.6115,0.26025390625,2.86279296875,-3.50341796875
0.612,0.98095703125,2.26220703125,-3.62353515625
0.6125,1.82177734375,1.58154296875,-3.74365234375
0.613,2.42236328125,1.06103515625,-3.82373046875
0.6135,2.74267578125,0.70068359375,-3.78369140625
0.614,2.94287109375,0.30029296875,-3.58349609375
0.6145,3.02294921875,-0.34033203125,-3.02294921875
0.615,3.02294921875,-1.14111328125,-2.30224609375
0.6155,3.14306640625,-1.94189453125,-1.62158203125
0.616,3.22314453125,-2.62255859375,-1.14111328125
0.6165,3.18310546875,-2.94287109375,-0.74072265625
0.617,2.74267578125,-3.06298828125,-0.14013671875
0.6175,2.14208984375,-3.22314453125,0.66064453125
0.618,1.30126953125,-3.38330078125,1.62158203125
0.6185,0.78076171875,-3.54345703125,2.26220703125
0.619,0.34033203125,-3.54345703125,2.70263671875
0.6195,-0.14013671875,-3.38330078125,3.02294921875
0.62,-0.90087890625,-2.74267578125,3.14306640625
0.6205,-1.74169921875,-2.06201171875,3.26318359375
0.621,-2.50244140625,-1.30126953125,3.30322265625
0.6215,-2.94287109375,-0.90087890625,3.34326171875
0.622,-3.14306640625,-0.50048828125,3.14306640625
0.6225,-3.18310546875,0.02001953125,2.70263671875
0.623,-3.18310546875,0.70068359375,2.06201171875
0.6235,-3.14306640625,1.54150390625,1.18115234375
0.624,-3.22314453125,2.10205078125,0.66064453125
0.6245,-3.26318359375,2.58251953125,0.22021484375
0.625,-3.06298828125,2.82275390625,-0.14013671875
0.6255,-2.50244140625,2.86279296875,-0.78076171875
0.626,-1.86181640625,3.02294921875,-1.58154296875
0.6265,-1.10107421875,3.18310546875,-2.42236328125
0.627,-0.66064453125,3.22314453125,-2.94287109375
0.6275,-0.30029296875,3.18310546875,-3.26318359375
0.628,0.18017578125,2.94287109375,-3.50341796875
0.6285,0.90087890625,2.30224609375,-3.58349609375
0.629,1.62158203125,1.62158203125,-3.66357421875
0.6295,2.26220703125,1.06103515625,-3.70361328125
0.63,2.70263671875,0.70068359375,-3.78369140625
0.6305,2.86279296875,0.38037109375,-3.58349609375
0.631,2.90283203125,-0.18017578125,-3.14306640625
0.6315,3.06298828125,-0.78076171875,-2.58251953125
0.632,3.02294921875,-1.70166015625,-1.78173828125
0.6325,3.18310546875,-2.34228515625,-1.30126953125
0.633,3.18310546875,-2.74267578125,-0.86083984375
0.6335,2.98291015625,-3.06298828125,-0.46044921875
0.634,2.42236328125,-3.14306640625,0.30029296875
0.6345,1.70166015625,-3.30322265625,1.14111328125
0.635,0.98095703125,-3.46337890625,1.94189453125
0.6355,0.62060546875,-3.58349609375,2.54248046875
0.636,0.14013671875,-3.54345703125,2.86279296875
0.6365,-0.46044921875,-3.18310546875,3.10302734375
0.637,-1.30126953125,-2.50244140625,3.26318359375
0.6375,-2.18212890625,-1.66162109375,3.34326171875
0.638,-2.74267578125,-1.14111328125,3.38330078125
0.6385,-3.14306640625,-0.74072265625,3.38330078125
0.639,-3.22314453125,-0.30029296875,3.06298828125
0.6395,-3.26318359375,0.46044921875,2.42236328125
0.64,-3.34326171875,1.22119140625,1.62158203125
0.6405,-3.46337890625,2.10205078125,0.94091796875
0.641,-3.42333984375,2.58251953125,0.46044921875
0.6415,-3.22314453125,2.90283203125,0.02001953125
0.642,-2.86279296875,3.06298828125,-0.62060546875
0.6425,-2.02197265625,3.14306640625,-1.54150390625
0.643,-1.30126953125,3.30322265625,-2.38232421875
0.6435,-0.66064453125,3.34326171875,-3.06298828125
0.644,-0.34033203125,3.38330078125,-3.42333984375
0.6445,0.26025390625,3.02294921875,-3.62353515625
0.645,0.90087890625,2.42236328125,-3.70361328125
0.6455,1.70166015625,1.74169921875,-3.78369140625
0.646,2.42236328125,1.02099609375,-3.82373046875
0.6465,2.82275390625,0.62060546875,-3.74365234375
0.647,3.02294921875,0.22021484375,-3.58349609375
0.6475,2.98291015625,-0.30029296875,-3.26318359375
0.648,2.94287109375,-0.98095703125,-2.50244140625
0.6485,2.86279296875,-1.66162109375,-1.70166015625
0.649,3.06298828125,-2.42236328125,-1.14111328125
0.6495,3.14306640625,-2.82275390625,-0.78076171875
0.65,2.90283203125,-3.06298828125,-0.34033203125
0.6505,2.50244140625,-3.18310546875,0.22021484375
0.651,1.78173828125,-3.30322265625,1.10107421875
0.6515,1.02099609375,-3.38330078125,1.94189453125
0.652,0.54052734375,-3.46337890625,2.50244140625
0.6525,0.18017578125,-3.54345703125,2.86279296875
0.653,-0.34033203125,-3.22314453125,3.10302734375
0.6535,-1.10107421875,-2.58251953125,3.18310546875
0.654,-1.86181640625,-1.94189453125,3.30322265625
0.6545,-2.62255859375,-1.22119140625,3.38330078125
0.655,-3.02294921875,-0.86083984375,3.38330078125
0.6555,-3.18310546875,-0.42041015625,3.14306640625
0.656,-3.30322265625,0.06005859375,2.70263671875
0.6565,-3.26318359375,0.82080078125,1.82177734375
0.657,-3.34326171875,1.78173828125,1.18115234375
0.6575,-3.46337890625,2.50244140625,0.58056640625
0.658,-3.50341796875,2.90283203125,0.18017578125
0.6585,-3.06298828125,3.06298828125,-0.34033203125
0.659,-2.42236328125,3.18310546875,-1.14111328125
0.6595,-1.66162109375,3.34326171875,-2.02197265625
0.66,-0.94091796875,3.42333984375,-2.86279296875
0.6605,-0.50048828125,3.38330078125,-3.30322265625
0.661,-0.06005859375,3.30322265625,-3.62353515625
0.6615,0.66064453125,2.82275390625,-3.82373046875
0.662,1.54150390625,1.94189453125,-3.82373046875
0.6625,2.26220703125,1.30126953125,-3.86376953125
0.663,2.82275390625,0.66064453125,-3.86376953125
0.6635,3.06298828125,0.34033203125,-3.78369140625
0.664,3.06298828125,-0.18017578125,-3.34326171875
0.6645,3.06298828125,-0.82080078125,-2.78271484375
0.665,3.06298828125,-1.58154296875,-1.94189453125
0.6655,3.10302734375,-2.26220703125,-1.30126953125
0.666,3.10302734375,-2.74267578125,-0.82080078125
0.6665,3.06298828125,-3.06298828125,-0.46044921875
0.667,2.58251953125,-3.14306640625,0.10009765625
0.6675,1.86181640625,-3.18310546875,0.86083984375
0.668,1.22119140625,-3.30322265625,1.66162109375
0.6685,0.58056640625,-3.38330078125,2.34228515625
0.669,0.26025390625,-3.46337890625,2.70263671875
0.6695,-0.22021484375,-3.22314453125,2.94287109375
0.67,-0.82080078125,-2.78271484375,3.10302734375
0.6705,-1.62158203125,-2.02197265625,3.18310546875
0.671,-2.30224609375,-1.38134765625,3.22314453125
0.6715,-2.86279296875,-0.98095703125,3.22314453125
0.672,-3.10302734375,-0.66064453125,3.22314453125
0.6725,-3.14306640625,-0.22021484375,2.78271484375
0.673,-3.14306640625,0.50048828125,2.22216796875
0.6735,-3.18310546875,1.26123046875,1.54150390625
0.674,-3.30322265625,2.02197265625,0.86083984375
0.6745,-3.34326171875,2.50244140625,0.50048828125
0.675,-3.18310546875,2.82275390625,0.02001953125
0.6755,-2.82275390625,2.98291015625,-0.54052734375
0.676,-2.06201171875,3.06298828125,-1.42138671875
0.6765,-1.38134765625,3.22314453125,-2.22216796875
0.677,-0.82080078125,3.34326171875,-2.90283203125
0.6775,-0.50048828125,3.38330078125,-3.26318359375
0.678,0.10009765625,3.06298828125,-3.50341796875
0.6785,0.78076171875,2.54248046875,-3.66357421875
0.679,1.62158203125,1.78173828125,-3.78369140625
0.6795,2.26220703125,1.14111328125,-3.86376953125
0.68,2.66259765625,0.70068359375,-3.78369140625
0.6805,2.90283203125,0.34033203125,-3.70361328125
0.681,2.98291015625,-0.18017578125,-3.18310546875
0.6815,2.94287109375,-0.90087890625,-2.50244140625
0.682,3.02294921875,-1.62158203125,-1.86181640625
0.6825,3.18310546875,-2.38232421875,-1.26123046875
0.683,3.14306640625,-2.70263671875,-0.90087890625
0.6835,2.82275390625,-2.90283203125,-0.38037109375
0.684,2.38232421875,-3.06298828125,0.26025390625
0.6845,1.58154296875,-3.18310546875,1.18115234375
0.685,0.98095703125,-3.30322265625,1.90185546875
0.6855,0.54052734375,-3.38330078125,2.38232421875
0.686,0.22021484375,-3.38330078125,2.74267578125
0.6865,-0.38037109375,-2.94287109375,2.86279296875
0.687,-1.14111328125,-2.38232421875,3.02294921875
0.6875,-1.90185546875,-1.74169921875,3.14306640625
0.688,-2.50244140625,-1.22119140625,3.18310546875
0.6885,-2.74267578125,-0.94091796875,3.14306640625
0.689,-2.94287109375,-0.46044921875,2.90283203125
0.6895,-3.02294921875,0.10009765625,2.50244140625
0.69,-3.02294921875,0.82080078125,1.78173828125
0.6905,-3.14306640625,1.54150390625,1.18115234375
0.691,-3.18310546875,2.18212890625,0.66064453125
0.6915,-3.18310546875,2.54248046875,0.30029296875
0.692,-2.86279296875,2.66259765625,-0.22021484375
0.6925,-2.38232421875,2.86279296875,-0.90087890625
0.693,-1.66162109375,3.06298828125,-1.74169921875
0.6935,-1.14111328125,3.18310546875,-2.42236328125
0.694,-0.74072265625,3.26318359375,-2.90283203125
0.6945,-0.34033203125,3.18310546875,-3.22314453125
0.695,0.30029296875,2.78271484375,-3.42333984375
0.6955,1.06103515625,2.10205078125,-3.54345703125
0.696,1.78173828125,1.46142578125,-3.66357421875
0.6965,2.38232421875,0.98095703125,-3.82373046875
0.697,2.62255859375,0.70068359375,-3.70361328125
0.6975,2.78271484375,0.26025390625,-3.34326171875
0.698,2.82275390625,-0.38037109375,-2.86279296875
0.6985,2.90283203125,-1.14111328125,-2.18212890625
0.699,3.02294921875,-1.86181640625,-1.62158203125
0.6995,3.10302734375,-2.38232421875,-1.14111328125
0.7,3.06298828125,-2.74267578125,-0.78076171875
0.7005,2.58251953125,-2.86279296875,-0.18017578125
0.701,1.98193359375,-3.06298828125,0.62060546875
0.7015,1.34130859375,-3.22314453125,1.42138671875
0.702,0.90087890625,-3.38330078125,2.06201171875
0.7025,0.50048828125,-3.38330078125,2.42236328125
0.703,0.02001953125,-3.18310546875,2.70263671875
0.7035,-0.66064453125,-2.74267578125,2.90283203125
0.704,-1.46142578125,-2.06201171875,3.02294921875
0.7045,-2.14208984375,-1.54150390625,3.06298828125
0.705,-2.58251953125,-1.06103515625,3.18310546875
0.7055,-2.82275390625,-0.78076171875,3.06298828125
0.706,-2.86279296875,-0.26025390625,2.62255859375
0.7065,-2.94287109375,0.42041015625,2.06201171875
0.707,-3.06298828125,1.22119140625,1.42138671875
0.7075,-3.18310546875,1.86181640625,0.94091796875
0.708,-3.18310546875,2.26220703125,0.54052734375
0.7085,-3.02294921875,2.54248046875,0.10009765625
0.709,-2.58251953125,2.70263671875,-0.50048828125
0.7095,-1.94189453125,2.86279296875,-1.30126953125
0.71,-1.34130859375,3.02294921875,-2.06201171875
0.7105,-0.94091796875,3.18310546875,-2.62255859375
0.711,-0.58056640625,3.18310546875,-3.02294921875
0.7115,0.02001953125,2.86279296875,-3.22314453125
0.712,0.62060546875,2.38232421875,-3.38330078125
0.7125,1.42138671875,1.66162109375,-3.54345703125
0.713,2.02197265625,1.26123046875,-3.66357421875
0.7135,2.42236328125,0.90087890625,-3.66357421875
0.714,2.66259765625,0.54052734375,-3.54345703125
0.7145,2.70263671875,-0.06005859375,-3.06298828125
0.715,2.78271484375,-0.70068359375,-2.50244140625
0.7155,2.94287109375,-1.46142578125,-1.90185546875
0.716,3.06298828125,-2.10205078125,-1.42138671875
0.7165,3.06298828125,-2.50244140625,-1.02099609375
0.717,2.78271484375,-2.74267578125,-0.50048828125
0.7175,2.34228515625,-2.90283203125,0.14013671875
0.718,1.62158203125,-3.10302734375,0.98095703125
0.7185,1.14111328125,-3.26318359375,1.66162109375
0.719,0.74072265625,-3.38330078125,2.22216796875
0.7195,0.34033203125,-3.38330078125,2.54248046875
0.72,-0.30029296875,-2.94287109375,2.70263671875
0.7205,-1.02099609375,-2.46240234375,2.86279296875
0.721,-1.82177734375,-1.78173828125,3.06298828125
0.7215,-2.34228515625,-1.30126953125,3.18310546875
0.722,-2.62255859375,-0.98095703125,3.10302734375
0.7225,-2.82275390625,-0.54052734375,2.86279296875
0.723,-2.86279296875,0.10009765625,2.34228515625
0.7235,-2.94287109375,0.82080078125,1.66162109375
0.724,-3.14306640625,1.54150390625,1.18115234375
0.7245,-3.18310546875,2.06201171875,0.70068359375
0.725,-3.14306640625,2.42236328125,0.34033203125
0.7255,-2.74267578125,2.58251953125,-0.26025390625
0.726,-2.26220703125,2.78271484375,-0.98095703125
0.7265,-1.58154296875,2.98291015625,-1.78173828125
0.727,-1.14111328125,3.14306640625,-2.42236328125
0.7275,-0.74072265625,3.14306640625,-2.86279296875
0.728,-0.30029296875,2.98291015625,-3.14306640625
0.7285,0.38037109375,2.50244140625,-3.30322265625
0.729,1.14111328125,1.94189453125,-3.46337890625
0.7295,1.86181640625,1.34130859375,-3.54345703125
0.73,2.30224609375,1.02099609375,-3.70361328125
0.7305,2.54248046875,0.70068359375,-3.54345703125
0.731,2.66259765625,0.18017578125,-3.18310546875
0.7315,2.74267578125,-0.42041015625,-2.70263671875
0.732,2.82275390625,-1.22119140625,-2.06201171875
0.7325,2.98291015625,-1.86181640625,-1.58154296875
0.733,3.02294921875,-2.34228515625,-1.14111328125
0.7335,2.90283203125,-2.62255859375,-0.74072265625
0.734,2.42236328125,-2.82275390625,-0.14013671875
0.7345,1.94189453125,-3.02294921875,0.66064453125
0.735,1.26123046875,-3.18310546875,1.46142578125
0.7355,0.90087890625,-3.38330078125,1.98193359375
0.736,0.50048828125,-3.38330078125,2.38232421875
0.7365,0.02001953125,-3.18310546875,2.62255859375
0.737,-0.78076171875,-2.58251953125,2.86279296875
0.7375,-1.50146484375,-1.94189453125,2.98291015625
0.738,-2.18212890625,-1.46142578125,3.14306640625
0.7385,-2.58251953125,-1.10107421875,3.18310546875
0.739,-2.78271484375,-0.70068359375,3.02294921875
0.7395,-2.86279296875,-0.14013671875,2.54248046875
0.74,-2.94287109375,0.58056640625,1.98193359375
0.7405,-3.10302734375,1.34130859375,1.34130859375
0.741,-3.22314453125,1.94189453125,0.90087890625
0.7415,-3.18310546875,2.38232421875,0.46044921875
0.742,-2.94287109375,2.62255859375,0.02001953125
0.7425,-2.38232421875,2.74267578125,-0.78076171875
0.743,-1.78173828125,2.98291015625,-1.58154296875
0.7435,-1.22119140625,3.06298828125,-2.34228515625
0.744,-0.82080078125,3.22314453125,-2.86279296875
0.7445,-0.38037109375,3.06298828125,-3.18310546875
0.745,0.22021484375,2.74267578125,-3.34326171875
0.7455,0.98095703125,2.18212890625,-3.50341796875
0.746,1.78173828125,1.46142578125,-3.62353515625
0.7465,2.26220703125,1.06103515625,-3.70361328125
0.747,2.58251953125,0.66064453125,-3.62353515625
0.7475,2.70263671875,0.30029296875,-3.38330078125
0.748,2.74267578125,-0.38037109375,-2.78271484375
0.7485,2.86279296875,-1.10107421875,-2.18212890625
0.749,2.98291015625,-1.86181640625,-1.58154296875
0.7495,3.06298828125,-2.34228515625,-1.18115234375
0.75,2.90283203125,-2.62255859375,-0.78076171875
0.7505,2.58251953125,-2.86279296875,-0.22021484375
0.751,1.98193359375,-3.02294921875,0.54052734375
0.7515,1.34130859375,-3.22314453125,1.34130859375
0.752,0.90087890625,-3.34326171875,1.94189453125
0.7525,0.50048828125,-3.46337890625,2.42236328125
0.753,0.06005859375,-3.18310546875,2.70263671875
0.7535,-0.62060546875,-2.70263671875,2.82275390625
0.754,-1.34130859375,-2.14208984375,2.98291015625
0.7545,-2.10205078125,-1.50146484375,3.10302734375
0.755,-2.54248046875,-1.14111328125,3.18310546875
0.7555,-2.74267578125,-0.78076171875,3.02294921875
0.756,-2.90283203125,-0.30029296875,2.70263671875
0.7565,-2.90283203125,0.42041015625,2.10205078125
0.757,-3.06298828125,1.14111328125,1.46142578125
0.7575,-3.18310546875,1.82177734375,0.98095703125
0.758,-3.22314453125,2.26220703125,0.58056640625
0.7585,-3.02294921875,2.54248046875,0.14013671875
0.759,-2.58251953125,2.70263671875,-0.54052734375
0.7595,-2.02197265625,2.86279296875,-1.30126953125
0.76,-1.34130859375,3.06298828125,-2.14208984375
0.7605,-0.94091796875,3.18310546875,-2.70263671875
0.761,-0.54052734375,3.22314453125,-3.06298828125
0.7615,0.02001953125,2.98291015625,-3.34326171875
0.762,0.78076171875,2.34228515625,-3.46337890625
0.7625,1.50146484375,1.78173828125,-3.58349609375
0.763,2.18212890625,1.18115234375,-3.70361328125
0.7635,2.54248046875,0.86083984375,-3.78369140625
0.764,2.70263671875,0.42041015625,-3.50341796875
0.7645,2.78271484375,-0.18017578125,-3.02294921875
0.765,2.90283203125,-0.90087890625,-2.42236328125
0.7655,2.98291015625,-1.66162109375,-1.74169921875
0.766,3.10302734375,-2.26220703125,-1.30126953125
0.7665,3.10302734375,-2.70263671875,-0.86083984375
0.767,2.82275390625,-2.86279296875,-0.38037109375
0.7675,2.18212890625,-3.06298828125,0.38037109375
0.768,1.58154296875,-3.22314453125,1.14111328125
0.7685,0.94091796875,-3.42333984375,1.94189453125
0.769,0.58056640625,-3.46337890625,2.42236328125
0.7695,0.14013671875,-3.26318359375,2.70263671875
0.77,-0.50048828125,-2.90283203125,2.90283203125
0.7705,-1.30126953125,-2.22216796875,3.02294921875
0.771,-2.06201171875,-1.58154296875,3.14306640625
0.7715,-2.58251953125,-1.10107421875,3.18310546875
0.772,-2.86279296875,-0.78076171875,3.18310546875
0.7725,-2.94287109375,-0.34033203125,2.82275390625
0.773,-2.94287109375,0.30029296875,2.22216796875
0.7735,-3.06298828125,1.06103515625,1.58154296875
0.774,-3.18310546875,1.82177734375,0.98095703125
0.7745,-3.18310546875,2.26220703125,0.62060546875
0.775,-3.10302734375,2.58251953125,0.14013671875
0.7755,-2.78271484375,2.74267578125,-0.42041015625
0.776,-2.06201171875,2.86279296875,-1.26123046875
0.7765,-1.46142578125,3.06298828125,-2.06201171875
0.777,-0.94091796875,3.22314453125,-2.70263671875
0.7775,-0.58056640625,3.30322265625,-3.14306640625
0.778,-0.06005859375,3.02294921875,-3.34326171875
0.7785,0.62060546875,2.54248046875,-3.50341796875
0.779,1.42138671875,1.86181640625,-3.66357421875
0.7795,2.10205078125,1.26123046875,-3.70361328125
0.78,2.54248046875,0.82080078125,-3.74365234375
0.7805,2.82275390625,0.50048828125,-3.62353515625
0.781,2.86279296875,0.02001953125,-3.26318359375
0.7815,2.86279296875,-0.70068359375,-2.54248046875
0.782,2.98291015625,-1.46142578125,-1.94189453125
0.7825,3.14306640625,-2.26220703125,-1.34130859375
0.783,3.18310546875,-2.66259765625,-0.98095703125
0.7835,2.90283203125,-2.94287109375,-0.50048828125
0.784,2.50244140625,-3.14306640625,0.14013671875
0.7845,1.66162109375,-3.30322265625,1.02099609375
0.785,1.10107421875,-3.38330078125,1.86181640625
0.7855,0.62060546875,-3.46337890625,2.42236328125
0.786,0.26025390625,-3.54345703125,2.82275390625
0.7865,-0.38037109375,-3.10302734375,2.98291015625
0.787,-1.14111328125,-2.42236328125,3.10302734375
0.7875,-1.94189453125,-1.78173828125,3.22314453125
0.788,-2.66259765625,-1.18115234375,3.34326171875
0.7885,-2.94287109375,-0.82080078125,3.26318359375
0.789,-3.14306640625,-0.38037109375,3.02294921875
0.7895,-3.18310546875,0.26025390625,2.46240234375
0.79,-3.18310546875,1.10107421875,1.66162109375
0.7905,-3.26318359375,1.82177734375,1.02099609375
0.791,-3.34326171875,2.46240234375,0.50048828125
0.7915,-3.26318359375,2.70263671875,0.14013671875
0.792,-2.82275390625,2.86279296875,-0.46044921875
0.7925,-2.26220703125,2.94287109375,-1.22119140625
0.793,-1.46142578125,3.18310546875,-2.06201171875
0.7935,-0.90087890625,3.26318359375,-2.78271484375
0.794,-0.50048828125,3.22314453125,-3.18310546875
0.7945,-0.06005859375,3.14306640625,-3.46337890625
0.795,0.62060546875,2.58251953125,-3.58349609375
0.7955,1.38134765625,1.90185546875,-3.66357421875
0.796,2.06201171875,1.26123046875,-3.70361328125
0.7965,2.62255859375,0.78076171875,-3.78369140625
0.797,2.82275390625,0.50048828125,-3.70361328125
0.7975,2.86279296875,0.02001953125,-3.26318359375
0.798,2.86279296875,-0.62060546875,-2.70263671875
0.7985,2.94287109375,-1.42138671875,-1.98193359375
0.799,3.06298828125,-2.10205078125,-1.42138671875
0.7995,3.06298828125,-2.58251953125,-0.98095703125
0.8,3.06298828125,-2.94287109375,-0.62060546875
0.8005,2.58251953125,-3.06298828125,-0.10009765625
0.801,1.94189453125,-3.18310546875,0.78076171875
0.8015,1.26123046875,-3.34326171875,1.58154296875
0.802,0.78076171875,-3.46337890625,2.26220703125
0.8025,0.38037109375,-3.50341796875,2.62255859375
0.803,-0.14013671875,-3.26318359375,2.90283203125
0.8035,-0.78076171875,-2.78271484375,3.10302734375
0.804,-1.66162109375,-1.98193359375,3.18310546875
0.8045,-2.34228515625,-1.42138671875,3.26318359375
0.805,-2.86279296875,-0.98095703125,3.30322265625
0.8055,-3.10302734375,-0.62060546875,3.22314453125
0.806,-3.14306640625,-0.10009765625,2.74267578125
0.8065,-3.18310546875,0.66064453125,2.10205078125
0.807,-3.26318359375,1.50146484375,1.34130859375
0.8075,-3.38330078125,2.18212890625,0.78076171875
0.808,-3.34326171875,2.58251953125,0.34033203125
0.8085,-3.18310546875,2.86279296875,-0.18017578125
0.809,-2.58251953125,3.06298828125,-0.86083984375
0.8095,-1.78173828125,3.18310546875,-1.78173828125
0.81,-1.14111328125,3.30322265625,-2.58251953125
0.8105,-0.62060546875,3.42333984375,-3.14306640625
0.811,-0.26025390625,3.34326171875,-3.46337890625
0.8115,0.38037109375,2.86279296875,-3.58349609375
0.812,1.18115234375,2.22216796875,-3.74365234375
0.8125,2.02197265625,1.42138671875,-3.78369140625
0.813,2.58251953125,0.90087890625,-3.82373046875
0.8135,2.86279296875,0.50048828125,-3.70361328125
0.814,3.02294921875,0.14013671875,-3.54345703125
0.8145,2.94287109375,-0.54052734375,-2.86279296875
0.815,2.94287109375,-1.26123046875,-2.18212890625
0.8155,3.06298828125,-2.06201171875,-1.50146484375
0.816,3.14306640625,-2.62255859375,-1.02099609375
0.8165,3.02294921875,-2.90283203125,-0.66064453125
0.817,2.70263671875,-3.02294921875,-0.14013671875
0.8175,2.10205078125,-3.14306640625,0.58056640625
0.818,1.34130859375,-3.22314453125,1.42138671875
0.8185,0.78076171875,-3.34326171875,2.10205078125
0.819,0.38037109375,-3.42333984375,2.58251953125
0.8195,0.02001953125,-3.34326171875,2.86279296875
0.82,-0.62060546875,-2.86279296875,2.94287109375
0.8205,-1.34130859375,-2.26220703125,3.10302734375
0.821,-2.14208984375,-1.58154296875,3.18310546875
0.8215,-2.70263671875,-1.10107421875,3.26318359375
0.822,-2.94287109375,-0.70068359375,3.18310546875
0.8225,-3.10302734375,-0.34033203125,2.94287109375
0.823,-3.14306640625,0.30029296875,2.38232421875
0.8235,-3.14306640625,1.10107421875,1.62158203125
0.824,-3.26318359375,1.86181640625,1.02099609375
0.8245,-3.38330078125,2.42236328125,0.50048828125
0.825,-3.26318359375,2.74267578125,0.14013671875
0.8255,-2.86279296875,2.94287109375,-0.50048828125
0.826,-2.26220703125,3.14306640625,-1.26123046875
0.8265,-1.42138671875,3.26318359375,-2.22216796875
0.827,-0.90087890625,3.38330078125,-2.86279296875
0.8275,-0.50048828125,3.42333984375,-3.34326171875
0.828,0.02001953125,3.22314453125,-3.58349609375
0.8285,0.82080078125,2.54248046875,-3.70361328125
0.829,1.62158203125,1.86181640625,-3.82373046875
0.8295,2.46240234375,1.10107421875,-3.90380859375
0.83,2.86279296875,0.70068359375,-3.94384765625
0.8305,3.06298828125,0.30029296875,-3.70361328125
0.831,3.10302734375,-0.26025390625,-3.22314453125
0.8315,3.10302734375,-1.10107421875,-2.50244140625
0.832,3.14306640625,-1.94189453125,-1.66162109375
0.8325,3.18310546875,-2.58251953125,-1.14111328125
0.833,3.18310546875,-2.94287109375,-0.70068359375
0.8335,2.94287109375,-3.18310546875,-0.26025390625
0.834,2.26220703125,-3.18310546875,0.46044921875
0.8345,1.54150390625,-3.34326171875,1.34130859375
0.835,0.78076171875,-3.46337890625,2.26220703125
0.8355,0.38037109375,-3.54345703125,2.70263671875
0.836,-0.06005859375,-3.34326171875,2.98291015625
0.8365,-0.62060546875,-3.02294921875,3.14306640625
0.837,-1.42138671875,-2.26220703125,3.18310546875
0.8375,-2.18212890625,-1.54150390625,3.26318359375
0.838,-2.82275390625,-0.98095703125,3.26318359375
0.8385,-3.14306640625,-0.62060546875,3.26318359375
0.839,-3.18310546875,-0.26025390625,2.94287109375
0.8395,-3.18310546875,0.30029296875,2.38232421875
0.84,-3.18310546875,1.06103515625,1.74169921875
0.8405,-3.22314453125,1.90185546875,0.94091796875
0.841,-3.34326171875,2.42236328125,0.50048828125
0.8415,-3.22314453125,2.82275390625,0.02001953125
0.842,-2.94287109375,2.98291015625,-0.38037109375
0.8425,-2.26220703125,3.06298828125,-1.14111328125
0.843,-1.58154296875,3.18310546875,-2.02197265625
0.8435,-0.90087890625,3.34326171875,-2.82275390625
0.844,-0.54052734375,3.46337890625,-3.26318359375
0.8445,-0.06005859375,3.22314453125,-3.54345703125
0.845,0.58056640625,2.82275390625,-3.70361328125
0.8455,1.42138671875,2.06201171875,-3.82373046875
0.846,2.22216796875,1.34130859375,-3.86376953125
0.8465,2.74267578125,0.78076171875,-3.86376953125
0.847,3.06298828125,0.46044921875,-3.86376953125
0.8475,3.14306640625,0.02001953125,-3.54345703125
0.848,3.06298828125,-0.78076171875,-2.82275390625
0.8485,3.14306640625,-1.58154296875,-2.10205078125
0.849,3.22314453125,-2.38232421875,-1.34130859375
0.8495,3.26318359375,-2.82275390625,-0.94091796875
0.85,3.06298828125,-3.14306640625,-0.46044921875
0.8505,2.66259765625,-3.22314453125,0.14013671875
0.851,1.82177734375,-3.34326171875,1.02099609375
0.8515,1.14111328125,-3.46337890625,1.86181640625
0.852,0.54052734375,-3.54345703125,2.50244140625
0.8525,0.22021484375,-3.58349609375,2.86279296875
0.853,-0.38037109375,-3.18310546875,3.06298828125
0.8535,-1.06103515625,-2.58251953125,3.18310546875
0.854,-1.86181640625,-1.90185546875,3.26318359375
0.8545,-2.58251953125,-1.22119140625,3.30322265625
0.855,-2.94287109375,-0.78076171875,3.22314453125
0.8555,-3.18310546875,-0.46044921875,3.10302734375
0.856,-3.18310546875,0.02001953125,2.70263671875
0.8565,-3.14306640625,0.74072265625,1.86181640625
0.857,-3.18310546875,1.54150390625,1.26123046875
0.8575,-3.26318359375,2.26220703125,0.62060546875
0.858,-3.30322265625,2.66259765625,0.30029296875
0.8585,-3.02294921875,2.86279296875,-0.26025390625
0.859,-2.54248046875,2.98291015625,-0.82080078125
0.8595,-1.82177734375,3.14306640625,-1.66162109375
0.86,-1.14111328125,3.22314453125,-2.50244140625
0.8605,-0.62060546875,3.26318359375,-3.02294921875
0.861,-0.30029296875,3.34326171875,-3.38330078125
0.8615,0.30029296875,2.94287109375,-3.58349609375
0.862,0.98095703125,2.26220703125,-3.62353515625
0.8625,1.74169921875,1.62158203125,-3.70361328125
0.863,2.46240234375,0.98095703125,-3.82373046875
0.8635,2.74267578125,0.66064453125,-3.82373046875
0.864,2.94287109375,0.18017578125,-3.58349609375
0.8645,2.98291015625,-0.34033203125,-3.14306640625
0.865,2.98291015625,-1.02099609375,-2.34228515625
0.8655,3.02294921875,-1.78173828125,-1.66162109375
0.866,3.14306640625,-2.42236328125,-1.14111328125
0.8665,3.18310546875,-2.86279296875,-0.78076171875
0.867,2.82275390625,-3.02294921875,-0.30029296875
0.8675,2.22216796875,-3.14306640625,0.46044921875
0.868,1.58154296875,-3.34326171875,1.30126953125
0.8685,0.90087890625,-3.46337890625,2.06201171875
0.869,0.50048828125,-3.46337890625,2.50244140625
0.8695,0.10009765625,-3.38330078125,2.82275390625
0.87,-0.50048828125,-3.02294921875,3.02294921875
0.8705,-1.30126953125,-2.26220703125,3.10302734375
0.871,-2.02197265625,-1.62158203125,3.18310546875
0.8715,-2.62255859375,-1.14111328125,3.22314453125
0.872,-2.90283203125,-0.86083984375,3.18310546875
0.8725,-2.98291015625,-0.38037109375,2.82275390625
0.873,-3.06298828125,0.30029296875,2.30224609375
0.8735,-3.10302734375,1.02099609375,1.62158203125
0.874,-3.18310546875,1.78173828125,1.02099609375
0.8745,-3.22314453125,2.26220703125,0.58056640625
0.875,-3.22314453125,2.66259765625,0.18017578125
0.8755,-2.82275390625,2.78271484375,-0.38037109375
0.876,-2.14208984375,2.90283203125,-1.14111328125
0.8765,-1.50146484375,3.10302734375,-1.98193359375
0.877,-0.98095703125,3.22314453125,-2.70263671875
0.8775,-0.62060546875,3.26318359375,-3.06298828125
0.878,-0.14013671875,3.06298828125,-3.30322265625
0.8785,0.54052734375,2.62255859375,-3.54345703125
0.879,1.34130859375,1.94189453125,-3.58349609375
0.8795,2.02197265625,1.30126953125,-3.70361328125
0.88,2.50244140625,0.82080078125,-3.74365234375
0.8805,2.78271484375,0.50048828125,-3.74365234375
0.881,2.86279296875,0.06005859375,-3.26318359375
0.8815,2.82275390625,-0.62060546875,-2.62255859375
0.882,2.94287109375,-1.34130859375,-2.02197265625
0.8825,3.06298828125,-2.10205078125,-1.42138671875
0.883,3.10302734375,-2.54248046875,-1.06103515625
0.8835,2.94287109375,-2.86279296875,-0.58056640625
0.884,2.54248046875,-2.98291015625,0.02001953125
0.8845,1.78173828125,-3.10302734375,0.82080078125
0.885,1.22119140625,-3.26318359375,1.58154296875
0.8855,0.74072265625,-3.38330078125,2.22216796875
0.886,0.38037109375,-3.46337890625,2.58251953125
0.8865,-0.18017578125,-3.14306640625,2.82275390625
0.887,-0.82080078125,-2.58251953125,2.94287109375
0.8875,-1.62158203125,-1.94189453125,3.06298828125
0.888,-2.26220703125,-1.42138671875,3.14306640625
0.8885,-2.62255859375,-1.06103515625,3.14306640625
0.889,-2.86279296875,-0.62060546875,3.02294921875
0.8895,-2.94287109375,-0.14013671875,2.58251953125
0.89,-2.94287109375,0.62060546875,1.94189453125
0.8905,-3.06298828125,1.30126953125,1.34130859375
0.891,-3.18310546875,1.98193359375,0.82080078125
0.8915,-3.18310546875,2.34228515625,0.50048828125
0.892,-2.90283203125,2.58251953125,0.02001953125
0.8925,-2.50244140625,2.74267578125,-0.66064453125
0.893,-1.82177734375,2.94287109375,-1.50146484375
0.8935,-1.26123046875,3.06298828125,-2.22216796875
0.894,-0.86083984375,3.18310546875,-2.70263671875
0.8945,-0.50048828125,3.22314453125,-3.10302734375
0.895,0.10009765625,2.86279296875,-3.26318359375
0.8955,0.82080078125,2.22216796875,-3.46337890625
0.896,1.54150390625,1.58154296875,-3.54345703125
0.8965,2.18212890625,1.18115234375,-3.70361328125
0.897,2.46240234375,0.86083984375,-3.66357421875
0.8975,2.62255859375,0.46044921875,-3.38330078125
0.898,2.70263671875,-0.14013671875,-2.98291015625
0.8985,2.82275390625,-0.90087890625,-2.34228515625
0.899,2.90283203125,-1.58154296875,-1.78173828125
0.8995,3.02294921875,-2.18212890625,-1.30126953125
0.9,3.06298828125,-2.58251953125,-0.98095703125
0.9005,2.70263671875,-2.74267578125,-0.38037109375
0.901,2.18212890625,-2.90283203125,0.30029296875
0.9015,1.54150390625,-3.14306640625,1.14111328125
0.902,1.06103515625,-3.30322265625,1.78173828125
0.9025,0.66064453125,-3.38330078125,2.26220703125
0.903,0.26025390625,-3.26318359375,2.58251953125
0.9035,-0.42041015625,-2.90283203125,2.78271484375
0.904,-1.14111328125,-2.30224609375,2.90283203125
0.9045,-1.86181640625,-1.66162109375,3.06298828125
0.905,-2.42236328125,-1.26123046875,3.18310546875
0.9055,-2.70263671875,-0.98095703125,3.14306640625
0.906,-2.82275390625,-0.46044921875,2.74267578125
0.9065,-2.86279296875,0.18017578125,2.26220703125
0.907,-2.98291015625,0.98095703125,1.58154296875
0.9075,-3.14306640625,1.62158203125,1.10107421875
0.908,-3.18310546875,2.10205078125,0.70068359375
0.9085,-3.10302734375,2.46240234375,0.30029296875
0.909,-2.70263671875,2.62255859375,-0.30029296875
0.9095,-2.10205078125,2.78271484375,-1.10107421875
0.91,-1.50146484375,2.98291015625,-1.86181640625
0.9105,-1.10107421875,3.18310546875,-2.50244140625
0.911,-0.70068359375,3.18310546875,-2.86279296875
0.9115,-0.18017578125,2.90283203125,-3.14306640625
0.912,0.46044921875,2.50244140625,-3.34326171875
0.9125,1.22119140625,1.86181640625,-3.46337890625
0.913,1.86181640625,1.34130859375,-3.54345703125
0.9135,2.26220703125,0.98095703125,-3.58349609375
0.914,2.54248046875,0.62060546875,-3.54345703125
0.9145,2.62255859375,0.14013671875,-3.10302734375
0.915,2.70263671875,-0.58056640625,-2.58251953125
0.9155,2.86279296875,-1.26123046875,-1.98193359375
0.916,3.02294921875,-1.94189453125,-1.54150390625
0.9165,3.02294921875,-2.30224609375,-1.14111328125
0.917,2.86279296875,-2.62255859375,-0.66064453125
0.9175,2.42236328125,-2.86279296875,-0.06005859375
0.918,1.78173828125,-3.02294921875,0.74072265625
0.9185,1.26123046875,-3.18310546875,1.46142578125
0.919,0.86083984375,-3.34326171875,2.06201171875
0.9195,0.50048828125,-3.42333984375,2.42236328125
0.92,-0.10009765625,-3.06298828125,2.66259765625
0.9205,-0.78076171875,-2.54248046875,2.86279296875
0.921,-1.62158203125,-1.90185546875,3.02294921875
0.9215,-2.22216796875,-1.42138671875,3.14306640625
0.922,-2.54248046875,-1.06103515625,3.14306640625
0.9225,-2.82275390625,-0.66064453125,2.98291015625
0.923,-2.86279296875,-0.10009765625,2.46240234375
0.9235,-2.94287109375,0.66064453125,1.90185546875
0.924,-3.10302734375,1.38134765625,1.30126953125
0.9245,-3.22314453125,1.98193359375,0.82080078125
0.925,-3.18310546875,2.34228515625,0.42041015625
0.9255,-2.86279296875,2.58251953125,-0.14013671875
0.926,-2.34228515625,2.78271484375,-0.82080078125
0.9265,-1.70166015625,2.98291015625,-1.66162109375
0.927,-1.14111328125,3.14306640625,-2.38232421875
0.9275,-0.78076171875,3.18310546875,-2.86279296875
0.928,-0.34033203125,3.10302734375,-3.18310546875
0.9285,0.34033203125,2.62255859375,-3.34326171875
0.929,1.06103515625,2.06201171875,-3.46337890625
0.9295,1.86181640625,1.42138671875,-3.58349609375
0.93,2.30224609375,1.02099609375,-3.70361328125
0.9305,2.54248046875,0.66064453125,-3.58349609375
0.931,2.70263671875,0.22021484375,-3.26318359375
0.9315,2.74267578125,-0.42041015625,-2.74267578125
0.932,2.82275390625,-1.18115234375,-2.06201171875
0.9325,2.94287109375,-1.86181640625,-1.58154296875
0.933,3.06298828125,-2.34228515625,-1.14111328125
0.9335,2.90283203125,-2.66259765625,-0.78076171875
0.934,2.50244140625,-2.82275390625,-0.14013671875
0.9345,1.94189453125,-3.02294921875,0.62060546875
0.935,1.30126953125,-3.18310546875,1.42138671875
0.9355,0.90087890625,-3.38330078125,1.98193359375
0.936,0.50048828125,-3.38330078125,2.38232421875
0.9365,0.02001953125,-3.18310546875,2.66259765625
0.937,-0.62060546875,-2.62255859375,2.82275390625
0.9375,-1.42138671875,-2.02197265625,2.94287109375
0.938,-2.10205078125,-1.46142578125,3.06298828125
0.9385,-2.58251953125,-1.14111328125,3.18310546875
0.939,-2.74267578125,-0.78076171875,3.06298828125
0.9395,-2.86279296875,-0.26025390625,2.58251953125
0.94,-2.94287109375,0.42041015625,2.10205078125
0.9405,-3.06298828125,1.26123046875,1.42138671875
0.941,-3.18310546875,1.86181640625,0.98095703125
0.9415,-3.18310546875,2.30224609375,0.54052734375
0.942,-3.06298828125,2.58251953125,0.10009765625
0.9425,-2.54248046875,2.74267578125,-0.62060546875
0.943,-1.82177734375,2.94287109375,-1.46142578125
0.9435,-1.30126953125,3.10302734375,-2.26220703125
0.944,-0.90087890625,3.26318359375,-2.78271484375
0.9445,-0.50048828125,3.18310546875,-3.14306640625
0.945,0.06005859375,2.90283203125,-3.34326171875
0.9455,0.82080078125,2.26220703125,-3.50341796875
0.946,1.66162109375,1.58154296875,-3.58349609375
0.9465,2.22216796875,1.14111328125,-3.70361328125
0.947,2.54248046875,0.78076171875,-3.70361328125
0.9475,2.70263671875,0.38037109375,-3.50341796875
0.948,2.74267578125,-0.26025390625,-2.86279296875
0.9485,2.86279296875,-0.98095703125,-2.30224609375
0.949,2.98291015625,-1.78173828125,-1.66162109375
0.9495,3.06298828125,-2.26220703125,-1.26123046875
0.95,2.98291015625,-2.62255859375,-0.82080078125
0.9505,2.70263671875,-2.86279296875,-0.34033203125
0.951,2.06201171875,-2.94287109375,0.54052734375
0.9515,1.42138671875,-3.18310546875,1.26123046875
0.952,0.90087890625,-3.34326171875,1.94189453125
0.9525,0.58056640625,-3.46337890625,2.42236328125
0.953,0.10009765625,-3.26318359375,2.66259765625
0.9535,-0.54052734375,-2.78271484375,2.82275390625
0.954,-1.30126953125,-2.22216796875,2.98291015625
0.9545,-2.06201171875,-1.54150390625,3.14306640625
0.955,-2.54248046875,-1.14111328125,3.18310546875
0.9555,-2.82275390625,-0.78076171875,3.06298828125
0.956,-2.90283203125,-0.34033203125,2.82275390625
0.9565,-2.90283203125,0.34033203125,2.14208984375
0.957,-3.06298828125,1.06103515625,1.54150390625
0.9575,-3.18310546875,1.78173828125,0.98095703125
0.958,-3.26318359375,2.26220703125,0.58056640625
0.9585,-3.06298828125,2.54248046875,0.14013671875
0.959,-2.66259765625,2.62255859375,-0.50048828125
0.9595,-2.06201171875,2.86279296875,-1.26123046875
0.96,-1.54150390625,2.94287109375,-2.06201171875
0.9605,-0.98095703125,3.18310546875,-2.62255859375
0.961,-0.58056640625,3.26318359375,-3.06298828125
0.9615,-0.06005859375,3.02294921875,-3.30322265625
0.962,0.66064453125,2.42236328125,-3.42333984375
0.9625,1.38134765625,1.86181640625,-3.58349609375
0.963,2.10205078125,1.22119140625,-3.70361328125
0.9635,2.54248046875,0.90087890625,-3.78369140625
0.964,2.74267578125,0.46044921875,-3.54345703125
0.9645,2.82275390625,-0.06005859375,-3.18310546875
0.965,2.86279296875,-0.78076171875,-2.50244140625
0.9655,2.94287109375,-1.58154296875,-1.82177734375
0.966,3.10302734375,-2.26220703125,-1.30126953125
0.9665,3.14306640625,-2.66259765625,-0.98095703125
0.967,2.90283203125,-2.86279296875,-0.50048828125
0.9675,2.30224609375,-3.06298828125,0.22021484375
0.968,1.70166015625,-3.34326171875,0.94091796875
0.9685,1.02099609375,-3.34326171875,1.86181640625
0.969,0.62060546875,-3.46337890625,2.34228515625
0.9695,0.18017578125,-3.34326171875,2.70263671875
0.97,-0.38037109375,-3.06298828125,2.90283203125
0.9705,-1.22119140625,-2.30224609375,3.06298828125
0.971,-1.94189453125,-1.66162109375,3.14306640625
0.9715,-2.58251953125,-1.14111328125,3.22314453125
0.972,-2.86279296875,-0.82080078125,3.22314453125
0.9725,-3.02294921875,-0.38037109375,2.86279296875
0.973,-3.06298828125,0.30029296875,2.34228515625
0.9735,-3.14306640625,1.02099609375,1.66162109375
0.974,-3.22314453125,1.82177734375,0.98095703125
0.9745,-3.26318359375,2.34228515625,0.58056640625
0.975,-3.22314453125,2.66259765625,0.14013671875
0.9755,-2.86279296875,2.82275390625,-0.38037109375
0.976,-2.10205078125,2.94287109375,-1.22119140625
0.9765,-1.50146484375,3.14306640625,-2.02197265625
0.977,-0.90087890625,3.26318359375,-2.78271484375
0.9775,-0.54052734375,3.34326171875,-3.18310546875
0.978,0.02001953125,3.06298828125,-3.42333984375
0.9785,0.66064453125,2.58251953125,-3.58349609375
0.979,1.50146484375,1.86181640625,-3.70361328125
0.9795,2.18212890625,1.22119140625,-3.78369140625
0.98,2.62255859375,0.70068359375,-3.74365234375
0.9805,2.90283203125,0.42041015625,-3.70361328125
0.981,2.90283203125,-0.06005859375,-3.26318359375
0.9815,2.90283203125,-0.78076171875,-2.54248046875
0.982,3.02294921875,-1.50146484375,-1.94189453125
0.9825,3.10302734375,-2.26220703125,-1.30126953125
0.983,3.14306640625,-2.70263671875,-0.98095703125
0.9835,2.90283203125,-3.02294921875,-0.50048828125
0.984,2.50244140625,-3.14306640625,0.10009765625
0.9845,1.74169921875,-3.18310546875,0.98095703125
0.985,1.10107421875,-3.30322265625,1.74169921875
0.9855,0.62060546875,-3.42333984375,2.34228515625
0.986,0.30029296875,-3.46337890625,2.74267578125
0.9865,-0.30029296875,-3.10302734375,2.90283203125
0.987,-0.98095703125,-2.54248046875,3.06298828125
0.9875,-1.78173828125,-1.86181640625,3.14306640625
0.988,-2.42236328125,-1.30126953125,3.22314453125
0.9885,-2.82275390625,-0.94091796875,3.22314453125
0.989,-3.02294921875,-0.50048828125,3.06298828125
0.9895,-3.10302734375,0.02001953125,2.62255859375
0.99,-3.06298828125,0.74072265625,1.90185546875
0.9905,-3.18310546875,1.46142578125,1.30126953125
0.991,-3.26318359375,2.18212890625,0.74072265625
0.9915,-3.30322265625,2.54248046875,0.34033203125
0.992,-3.02294921875,2.70263671875,-0.22021484375
0.9925,-2.50244140625,2.94287109375,-0.82080078125
0.993,-1.74169921875,3.10302734375,-1.74169921875
0.9935,-1.14111328125,3.22314453125,-2.50244140625
0.994,-0.66064453125,3.30322265625,-3.02294921875
0.9945,-0.30029296875,3.34326171875,-3.38330078125
0.995,0.38037109375,2.86279296875,-3.58349609375
0.9955,1.14111328125,2.18212890625,-3.66357421875
0.996,1.94189453125,1.46142578125,-3.74365234375
0.9965,2.54248046875,0.94091796875,-3.86376953125
0.997,2.82275390625,0.62060546875,-3.78369140625
0.9975,2.94287109375,0.14013671875,-3.50341796875
0.998,3.02294921875,-0.50048828125,-2.90283203125
0.9985,3.02294921875,-1.30126953125,-2.14208984375
0.999,3.06298828125,-2.06201171875,-1.54150390625
0.9995,3.14306640625,-2.66259765625,-0.98095703125
