wavelength,x,y,z
0.0,2.8828125,-2.9228515625,-0.48046875
0.0005,2.40234375,-3.1630859375,0.2001953125
0.001,1.681640625,-3.4033203125,1.12109375
0.0015,1.1611328125,-3.5634765625,1.76171875
0.002,0.6806640625,-3.5634765625,2.3623046875
0.0025,0.2802734375,-3.443359375,2.6025390625
0.003,-0.400390625,-2.8828125,2.72265625
0.0035,-1.1611328125,-2.3623046875,2.962890625
0.004,-2.001953125,-1.7216796875,3.1630859375
0.0045,-2.5625,-1.28125,3.2431640625
0.005,-2.8427734375,-0.80078125,3.123046875
0.0055,-2.962890625,-0.3603515625,2.802734375
0.006,-3.0830078125,0.3203125,2.2421875
0.0065,-3.283203125,1.1611328125,1.6416015625
0.007,-3.4033203125,1.841796875,1.1611328125
0.0075,-3.4833984375,2.3623046875,0.640625
0.008,-3.283203125,2.642578125,0.2802734375
0.0085,-2.7626953125,2.6826171875,-0.400390625
0.009,-2.2421875,2.8828125,-1.1611328125
0.0095,-1.5615234375,3.123046875,-2.08203125
0.01,-1.12109375,3.2431640625,-2.6025390625
0.0105,-0.6806640625,3.2431640625,-3.0029296875
0.011,-0.240234375,3.0029296875,-3.203125
0.0115,0.48046875,2.40234375,-3.283203125
0.012,1.28125,1.841796875,-3.5234375
0.0125,1.9619140625,1.28125,-3.68359375
0.013,2.482421875,0.880859375,-3.7236328125
0.0135,2.642578125,0.48046875,-3.5634765625
0.014,2.6826171875,0.0,-3.0830078125
0.0145,2.8427734375,-0.640625,-2.642578125
0.015,3.04296875,-1.521484375,-2.001953125
0.0155,3.1630859375,-2.1220703125,-1.5615234375
0.016,3.1630859375,-2.6025390625,-1.1611328125
0.0165,3.0029296875,-2.8828125,-0.720703125
0.017,2.40234375,-2.9228515625,-0.080078125
0.0175,1.921875,-3.203125,0.6806640625
0.018,1.3212890625,-3.3232421875,1.521484375
0.0185,0.9208984375,-3.4833984375,2.0419921875
0.019,0.48046875,-3.4033203125,2.40234375
0.0195,0.0,-3.0830078125,2.5625
0.02,-0.6806640625,-2.6025390625,2.72265625
0.0205,-1.5615234375,-1.9619140625,3.0029296875
0.021,-2.1220703125,-1.521484375,3.123046875
0.0215,-2.6025390625,-1.12109375,3.1630859375
0.022,-2.802734375,-0.6806640625,2.962890625
0.0225,-2.8828125,-0.1201171875,2.482421875
0.023,-3.0830078125,0.560546875,2.0419921875
0.0235,-3.283203125,1.4013671875,1.44140625
0.024,-3.4033203125,1.9619140625,1.0009765625
0.0245,-3.36328125,2.322265625,0.560546875
0.025,-3.0830078125,2.5224609375,0.0400390625
0.0255,-2.5224609375,2.6826171875,-0.6806640625
0.026,-1.9619140625,3.04296875,-1.4814453125
0.0265,-1.44140625,3.1630859375,-2.2021484375
0.027,-1.0009765625,3.3232421875,-2.72265625
0.0275,-0.6005859375,3.1630859375,-3.0029296875
0.028,0.0400390625,2.6826171875,-3.123046875
0.0285,0.7607421875,2.2421875,-3.4033203125
0.029,1.6416015625,1.5615234375,-3.6435546875
0.0295,2.162109375,1.1611328125,-3.7236328125
0.03,2.5224609375,0.720703125,-3.6435546875
0.0305,2.6826171875,0.2802734375,-3.36328125
0.031,2.7626953125,-0.3603515625,-2.8427734375
0.0315,3.0029296875,-1.1611328125,-2.322265625
0.032,3.1630859375,-1.8818359375,-1.8017578125
0.0325,3.2431640625,-2.482421875,-1.361328125
0.033,3.0830078125,-2.7626953125,-0.9609375
0.0335,2.6826171875,-2.9228515625,-0.3603515625
0.034,2.162109375,-3.0830078125,0.400390625
0.0345,1.4814453125,-3.283203125,1.28125
0.035,1.0009765625,-3.4033203125,1.921875
0.0355,0.6005859375,-3.4833984375,2.3623046875
0.036,0.16015625,-3.203125,2.5625
0.0365,-0.560546875,-2.642578125,2.642578125
0.037,-1.3212890625,-2.162109375,2.8828125
0.0375,-2.08203125,-1.5615234375,3.123046875
0.038,-2.5224609375,-1.201171875,3.1630859375
0.0385,-2.7626953125,-0.720703125,2.962890625
0.039,-2.8828125,-0.2802734375,2.6025390625
0.0395,-3.0029296875,0.400390625,2.08203125
0.04,-3.203125,1.201171875,1.5615234375
0.0405,-3.36328125,1.76171875,1.0810546875
0.041,-3.4033203125,2.2822265625,0.640625
0.0415,-3.1630859375,2.5224609375,0.2001953125
0.042,-2.642578125,2.642578125,-0.48046875
0.0425,-2.162109375,2.9228515625,-1.201171875
0.043,-1.5615234375,3.123046875,-2.001953125
0.0435,-1.1611328125,3.203125,-2.5625
0.044,-0.6806640625,3.1630859375,-2.9228515625
0.0445,-0.240234375,2.8828125,-3.0830078125
0.045,0.48046875,2.3623046875,-3.2431640625
0.0455,1.28125,1.841796875,-3.5234375
0.046,1.921875,1.3212890625,-3.603515625
0.0465,2.3623046875,0.9609375,-3.7236328125
0.047,2.5224609375,0.5205078125,-3.443359375
0.0475,2.6025390625,0.0,-3.04296875
0.048,2.8427734375,-0.720703125,-2.6025390625
0.0485,3.0830078125,-1.5615234375,-2.08203125
0.049,3.1630859375,-2.1220703125,-1.6416015625
0.0495,3.1630859375,-2.5224609375,-1.1611328125
0.05,2.8828125,-2.72265625,-0.6806640625
0.0505,2.3623046875,-2.8828125,0.0
0.051,1.8818359375,-3.203125,0.80078125
0.0515,1.28125,-3.3232421875,1.5615234375
0.052,0.880859375,-3.4833984375,2.0419921875
0.0525,0.4404296875,-3.283203125,2.3623046875
0.053,-0.1201171875,-2.9228515625,2.5224609375
0.0535,-0.8408203125,-2.4423828125,2.72265625
0.054,-1.6416015625,-1.8818359375,3.0029296875
0.0545,-2.2021484375,-1.44140625,3.0830078125
0.055,-2.6025390625,-1.041015625,3.0830078125
0.0555,-2.72265625,-0.6005859375,2.802734375
0.056,-2.8828125,0.0400390625,2.322265625
0.0565,-3.123046875,0.720703125,1.8818359375
0.057,-3.283203125,1.4814453125,1.3212890625
0.0575,-3.36328125,2.001953125,0.9208984375
0.058,-3.2431640625,2.3623046875,0.4404296875
0.0585,-2.8828125,2.5224609375,-0.080078125
0.059,-2.322265625,2.72265625,-0.8408203125
0.0595,-1.8017578125,3.0029296875,-1.6416015625
0.06,-1.3212890625,3.1630859375,-2.2822265625
0.0605,-0.9609375,3.2431640625,-2.72265625
0.061,-0.48046875,2.962890625,-2.9228515625
0.0615,0.16015625,2.5224609375,-3.0830078125
0.062,0.9208984375,2.0419921875,-3.36328125
0.0625,1.6416015625,1.521484375,-3.5634765625
0.063,2.08203125,1.12109375,-3.6435546875
0.0635,2.40234375,0.6806640625,-3.5634765625
0.064,2.5625,0.240234375,-3.203125
0.0645,2.6826171875,-0.48046875,-2.72265625
0.065,2.9228515625,-1.1611328125,-2.2822265625
0.0655,3.123046875,-1.8017578125,-1.8017578125
0.066,3.1630859375,-2.322265625,-1.361328125
0.0665,2.9228515625,-2.5625,-0.9208984375
0.067,2.5625,-2.7626953125,-0.3603515625
0.0675,2.0419921875,-3.0029296875,0.4404296875
0.068,1.521484375,-3.203125,1.201171875
0.0685,1.0810546875,-3.36328125,1.76171875
0.069,0.6806640625,-3.36328125,2.2021484375
0.0695,0.2001953125,-3.0830078125,2.40234375
0.07,-0.5205078125,-2.6025390625,2.5625
0.0705,-1.28125,-2.162109375,2.8427734375
0.071,-1.9619140625,-1.6416015625,3.04296875
0.0715,-2.40234375,-1.28125,3.123046875
0.072,-2.6025390625,-0.80078125,2.8828125
0.0725,-2.7626953125,-0.3203125,2.5224609375
0.073,-2.962890625,0.3603515625,2.0419921875
0.0735,-3.203125,1.1611328125,1.6015625
0.074,-3.36328125,1.76171875,1.12109375
0.0745,-3.36328125,2.2421875,0.6806640625
0.075,-3.0830078125,2.4423828125,0.2001953125
0.0755,-2.5625,2.642578125,-0.5205078125
0.076,-2.08203125,2.9228515625,-1.28125
0.0765,-1.521484375,3.1630859375,-2.0419921875
0.077,-1.12109375,3.2431640625,-2.5625
0.0775,-0.640625,3.123046875,-2.8828125
0.078,-0.080078125,2.7626953125,-3.0830078125
0.0785,0.640625,2.2021484375,-3.283203125
0.079,1.44140625,1.681640625,-3.5634765625
0.0795,2.0419921875,1.201171875,-3.6435546875
0.08,2.40234375,0.8408203125,-3.68359375
0.0805,2.5224609375,0.2802734375,-3.3232421875
0.081,2.6826171875,-0.3203125,-2.8828125
0.0815,2.9228515625,-1.0009765625,-2.3623046875
0.082,3.123046875,-1.76171875,-1.841796875
0.0825,3.1630859375,-2.2421875,-1.44140625
0.083,3.123046875,-2.6025390625,-1.0009765625
0.0835,2.6826171875,-2.7626953125,-0.48046875
0.084,2.08203125,-2.9228515625,0.3203125
0.0845,1.5615234375,-3.203125,1.12109375
0.085,1.0810546875,-3.36328125,1.8017578125
0.0855,0.6806640625,-3.443359375,2.2421875
0.086,0.2001953125,-3.1630859375,2.4423828125
0.0865,-0.4404296875,-2.72265625,2.6025390625
0.087,-1.28125,-2.162109375,2.8427734375
0.0875,-1.9619140625,-1.6416015625,3.04296875
0.088,-2.5625,-1.3212890625,3.0830078125
0.0885,-2.72265625,-0.880859375,3.0029296875
0.089,-2.8427734375,-0.3603515625,2.5625
0.0895,-2.9228515625,0.3603515625,2.1220703125
0.09,-3.203125,1.12109375,1.6015625
0.0905,-3.36328125,1.841796875,1.12109375
0.091,-3.36328125,2.2421875,0.6806640625
0.0915,-3.1630859375,2.5224609375,0.2001953125
0.092,-2.6826171875,2.6826171875,-0.400390625
0.0925,-2.08203125,2.8828125,-1.2412109375
0.093,-1.6015625,3.123046875,-1.9619140625
0.0935,-1.12109375,3.203125,-2.5625
0.094,-0.720703125,3.2431640625,-2.962890625
0.0945,-0.16015625,2.8427734375,-3.0830078125
0.095,0.5205078125,2.3623046875,-3.283203125
0.0955,1.361328125,1.76171875,-3.5634765625
0.096,1.921875,1.12109375,-3.763671875
0.0965,2.40234375,0.8408203125,-3.7236328125
0.097,2.6025390625,0.3603515625,-3.603515625
0.0975,2.6826171875,-0.16015625,-3.04296875
0.098,2.8427734375,-0.8408203125,-2.482421875
0.0985,3.123046875,-1.6015625,-2.001953125
0.099,3.203125,-2.2822265625,-1.4814453125
0.0995,3.203125,-2.6025390625,-1.12109375
0.1,2.802734375,-2.802734375,-0.6005859375
0.1005,2.322265625,-2.962890625,0.1201171875
0.101,1.7216796875,-3.203125,1.0009765625
0.1015,1.201171875,-3.36328125,1.681640625
0.102,0.7607421875,-3.443359375,2.162109375
0.1025,0.3603515625,-3.36328125,2.482421875
0.103,-0.3203125,-2.8828125,2.6025390625
0.1035,-1.0009765625,-2.322265625,2.802734375
0.104,-1.8017578125,-1.841796875,3.0029296875
0.1045,-2.4423828125,-1.3212890625,3.1630859375
0.105,-2.8427734375,-1.0810546875,3.0830078125
0.1055,-2.8828125,-0.4404296875,2.7626953125
0.106,-2.962890625,0.2001953125,2.2822265625
0.1065,-3.203125,1.0009765625,1.76171875
0.107,-3.36328125,1.7216796875,1.2412109375
0.1075,-3.4033203125,2.2421875,0.7607421875
0.108,-3.36328125,2.5625,0.3203125
0.1085,-2.8427734375,2.6826171875,-0.2802734375
0.109,-2.2822265625,2.8828125,-1.041015625
0.1095,-1.6416015625,3.1630859375,-1.921875
0.11,-1.1611328125,3.283203125,-2.5625
0.1105,-0.80078125,3.283203125,-2.9228515625
0.111,-0.3203125,3.04296875,-3.203125
0.1115,0.400390625,2.5224609375,-3.3232421875
0.112,1.2412109375,1.921875,-3.5234375
0.1125,1.921875,1.28125,-3.68359375
0.113,2.5224609375,0.80078125,-3.84375
0.1135,2.6826171875,0.5205078125,-3.603515625
0.114,2.72265625,0.0,-3.123046875
0.1145,2.8427734375,-0.6806640625,-2.642578125
0.115,3.0830078125,-1.5615234375,-2.001953125
0.1155,3.203125,-2.162109375,-1.5615234375
0.116,3.203125,-2.6025390625,-1.1611328125
0.1165,3.0029296875,-2.8427734375,-0.6806640625
0.117,2.482421875,-2.9228515625,0.0
0.1175,1.921875,-3.1630859375,0.7607421875
0.118,1.28125,-3.3232421875,1.521484375
0.1185,0.8408203125,-3.4833984375,2.08203125
0.119,0.48046875,-3.4033203125,2.40234375
0.1195,-0.080078125,-3.04296875,2.5625
0.12,-0.80078125,-2.6025390625,2.7626953125
0.1205,-1.6416015625,-1.9619140625,3.04296875
0.121,-2.2421875,-1.4814453125,3.123046875
0.1215,-2.6826171875,-1.0009765625,3.123046875
0.122,-2.8828125,-0.640625,2.962890625
0.1225,-2.9228515625,0.0,2.4423828125
0.123,-3.123046875,0.6806640625,1.9619140625
0.1235,-3.36328125,1.4814453125,1.4013671875
0.124,-3.5234375,2.162109375,0.9208984375
0.1245,-3.4033203125,2.482421875,0.48046875
0.125,-3.0830078125,2.72265625,0.0
0.1255,-2.5625,2.8427734375,-0.720703125
0.126,-1.8818359375,3.1630859375,-1.681640625
0.1265,-1.3212890625,3.283203125,-2.40234375
0.127,-0.880859375,3.443359375,-2.9228515625
0.1275,-0.48046875,3.2431640625,-3.203125
0.128,0.2001953125,2.6826171875,-3.36328125
0.1285,0.9609375,2.1220703125,-3.5634765625
0.129,1.921875,1.4013671875,-3.84375
0.1295,2.482421875,1.0009765625,-3.8837890625
0.13,2.802734375,0.560546875,-3.7236328125
0.1305,2.9228515625,0.080078125,-3.4033203125
0.131,2.962890625,-0.6806640625,-2.7626953125
0.1315,3.1630859375,-1.4814453125,-2.162109375
0.132,3.3232421875,-2.2822265625,-1.6015625
0.1325,3.4033203125,-2.802734375,-1.1611328125
0.133,3.1630859375,-3.04296875,-0.6806640625
0.1335,2.6025390625,-3.0830078125,0.0
0.134,2.001953125,-3.283203125,0.7607421875
0.1345,1.2412109375,-3.4833984375,1.7216796875
0.135,0.7607421875,-3.5634765625,2.2421875
0.1355,0.3203125,-3.5234375,2.6826171875
0.136,-0.16015625,-3.2431640625,2.802734375
0.1365,-0.880859375,-2.5625,2.8427734375
0.137,-1.7216796875,-1.9619140625,3.04296875
0.1375,-2.4423828125,-1.28125,3.203125
0.138,-2.8828125,-0.9208984375,3.2431640625
0.1385,-3.04296875,-0.48046875,2.962890625
0.139,-3.0830078125,0.0400390625,2.5224609375
0.1395,-3.1630859375,0.720703125,1.921875
0.14,-3.36328125,1.5615234375,1.3212890625
0.1405,-3.4833984375,2.162109375,0.880859375
0.141,-3.443359375,2.5625,0.4404296875
0.1415,-3.203125,2.7626953125,0.0
0.142,-2.6025390625,2.802734375,-0.640625
0.1425,-2.0419921875,3.0830078125,-1.44140625
0.143,-1.361328125,3.2431640625,-2.322265625
0.1435,-0.9609375,3.36328125,-2.8427734375
0.144,-0.5205078125,3.2431640625,-3.203125
0.1445,0.0,2.9228515625,-3.36328125
0.145,0.720703125,2.2822265625,-3.5234375
0.1455,1.5615234375,1.7216796875,-3.7236328125
0.146,2.2421875,1.1611328125,-3.84375
0.1465,2.72265625,0.7607421875,-3.8837890625
0.147,2.8427734375,0.3203125,-3.603515625
0.1475,2.9228515625,-0.3203125,-3.0830078125
0.148,3.123046875,-1.041015625,-2.5625
0.1485,3.3232421875,-1.9619140625,-1.8818359375
0.149,3.4033203125,-2.5625,-1.361328125
0.1495,3.3232421875,-2.962890625,-0.9208984375
0.15,3.0029296875,-3.1630859375,-0.400390625
0.1505,2.2822265625,-3.203125,0.400390625
0.151,1.6416015625,-3.4833984375,1.3212890625
0.1515,0.9609375,-3.603515625,2.1220703125
0.152,0.6005859375,-3.7236328125,2.5625
0.1525,0.080078125,-3.443359375,2.802734375
0.153,-0.6005859375,-2.9228515625,2.8427734375
0.1535,-1.44140625,-2.2421875,3.0830078125
0.154,-2.2822265625,-1.5615234375,3.2431640625
0.1545,-2.802734375,-1.0009765625,3.2431640625
0.155,-3.0830078125,-0.640625,3.203125
0.1555,-3.1630859375,-0.16015625,2.72265625
0.156,-3.123046875,0.6005859375,2.08203125
0.1565,-3.36328125,1.3212890625,1.5615234375
0.157,-3.4833984375,2.08203125,0.9609375
0.1575,-3.5234375,2.5224609375,0.5205078125
0.158,-3.203125,2.802734375,0.0400390625
0.1585,-2.802734375,2.8427734375,-0.5205078125
0.159,-2.08203125,3.0029296875,-1.3212890625
0.1595,-1.4814453125,3.203125,-2.162109375
0.16,-0.9609375,3.203125,-2.7626953125
0.1605,-0.6005859375,3.3232421875,-3.203125
0.161,-0.080078125,2.8828125,-3.3232421875
0.1615,0.560546875,2.40234375,-3.36328125
0.162,1.3212890625,1.841796875,-3.603515625
0.1625,2.08203125,1.2412109375,-3.7236328125
0.163,2.5224609375,0.80078125,-3.763671875
0.1635,2.8427734375,0.400390625,-3.603515625
0.164,2.8828125,0.0,-3.2431640625
0.1645,2.8828125,-0.720703125,-2.6025390625
0.165,3.1630859375,-1.521484375,-2.08203125
0.1655,3.283203125,-2.2822265625,-1.5615234375
0.166,3.3232421875,-2.72265625,-1.1611328125
0.1665,3.04296875,-2.9228515625,-0.640625
0.167,2.5625,-3.0830078125,0.0
0.1675,1.9619140625,-3.2431640625,0.7607421875
0.168,1.28125,-3.4833984375,1.6015625
0.1685,0.8408203125,-3.5634765625,2.162109375
0.169,0.4404296875,-3.603515625,2.5625
0.1695,-0.1201171875,-3.203125,2.72265625
0.17,-0.8408203125,-2.5625,2.8427734375
0.1705,-1.6416015625,-2.001953125,3.123046875
0.171,-2.4423828125,-1.44140625,3.283203125
0.1715,-2.802734375,-1.041015625,3.283203125
0.172,-2.962890625,-0.5205078125,3.0029296875
0.1725,-3.0830078125,0.0400390625,2.5224609375
0.173,-3.203125,0.80078125,1.921875
0.1735,-3.443359375,1.6015625,1.361328125
0.174,-3.5634765625,2.2421875,0.880859375
0.1745,-3.5234375,2.642578125,0.4404296875
0.175,-3.0830078125,2.802734375,-0.16015625
0.1755,-2.482421875,2.8828125,-0.9208984375
0.176,-1.8818359375,3.1630859375,-1.8017578125
0.1765,-1.2412109375,3.283203125,-2.5224609375
0.177,-0.80078125,3.283203125,-3.0029296875
0.1775,-0.3603515625,3.1630859375,-3.2431640625
0.178,0.240234375,2.6826171875,-3.36328125
0.1785,1.041015625,2.0419921875,-3.4833984375
0.179,1.841796875,1.44140625,-3.7236328125
0.1795,2.4423828125,0.9609375,-3.763671875
0.18,2.72265625,0.6005859375,-3.7236328125
0.1805,2.802734375,0.080078125,-3.283203125
0.181,2.8427734375,-0.5205078125,-2.7626953125
0.1815,3.04296875,-1.3212890625,-2.2421875
0.182,3.203125,-2.0419921875,-1.6416015625
0.1825,3.203125,-2.5625,-1.2412109375
0.183,3.1630859375,-2.8828125,-0.80078125
0.1835,2.6826171875,-2.962890625,-0.2802734375
0.184,2.0419921875,-3.1630859375,0.5205078125
0.1845,1.44140625,-3.4033203125,1.3212890625
0.185,0.9208984375,-3.5634765625,2.001953125
0.1855,0.560546875,-3.5234375,2.4423828125
0.186,0.0400390625,-3.2431640625,2.642578125
0.1865,-0.560546875,-2.7626953125,2.7626953125
0.187,-1.4013671875,-2.1220703125,3.0029296875
0.1875,-2.1220703125,-1.6015625,3.1630859375
0.188,-2.642578125,-1.12109375,3.203125
0.1885,-2.9228515625,-0.720703125,3.1630859375
0.189,-2.962890625,-0.240234375,2.6826171875
0.1895,-3.0830078125,0.48046875,2.162109375
0.19,-3.3232421875,1.28125,1.6015625
0.1905,-3.4833984375,1.9619140625,1.041015625
0.191,-3.4833984375,2.40234375,0.6005859375
0.1915,-3.203125,2.6826171875,0.1201171875
0.192,-2.7626953125,2.7626953125,-0.5205078125
0.1925,-2.08203125,2.9228515625,-1.3212890625
0.193,-1.5615234375,3.1630859375,-2.1220703125
0.1935,-1.041015625,3.3232421875,-2.72265625
0.194,-0.640625,3.3232421875,-3.0830078125
0.1945,-0.1201171875,2.8828125,-3.203125
0.195,0.6005859375,2.40234375,-3.36328125
0.1955,1.44140625,1.76171875,-3.603515625
0.196,2.08203125,1.2412109375,-3.763671875
0.1965,2.5224609375,0.80078125,-3.7236328125
0.197,2.72265625,0.4404296875,-3.5634765625
0.1975,2.802734375,-0.2001953125,-3.04296875
0.198,2.8828125,-0.9208984375,-2.482421875
0.1985,3.1630859375,-1.681640625,-1.9619140625
0.199,3.283203125,-2.3623046875,-1.44140625
0.1995,3.2431640625,-2.72265625,-1.0810546875
0.2,2.8427734375,-2.9228515625,-0.560546875
0.2005,2.40234375,-3.0830078125,0.1201171875
0.201,1.7216796875,-3.283203125,1.0009765625
0.2015,1.1611328125,-3.4033203125,1.76171875
0.202,0.6806640625,-3.4833984375,2.2421875
0.2025,0.3203125,-3.4033203125,2.5625
0.203,-0.3203125,-2.9228515625,2.642578125
0.2035,-1.041015625,-2.40234375,2.8427734375
0.204,-1.8818359375,-1.8017578125,3.0830078125
0.2045,-2.4423828125,-1.28125,3.1630859375
0.205,-2.7626953125,-0.9208984375,3.123046875
0.2055,-2.9228515625,-0.4404296875,2.802734375
0.206,-3.0029296875,0.16015625,2.3623046875
0.2065,-3.203125,0.9609375,1.76171875
0.207,-3.36328125,1.6416015625,1.28125
0.2075,-3.443359375,2.2421875,0.7607421875
0.208,-3.36328125,2.5224609375,0.3603515625
0.2085,-2.8828125,2.642578125,-0.2001953125
0.209,-2.40234375,2.8427734375,-1.0009765625
0.2095,-1.76171875,3.123046875,-1.8017578125
0.21,-1.2412109375,3.203125,-2.4423828125
0.2105,-0.80078125,3.2431640625,-2.8828125
0.211,-0.400390625,3.0830078125,-3.123046875
0.2115,0.240234375,2.5625,-3.203125
0.212,1.0009765625,2.001953125,-3.443359375
0.2125,1.76171875,1.4814453125,-3.6435546875
0.213,2.2822265625,1.0009765625,-3.7236328125
0.2135,2.5625,0.640625,-3.6435546875
0.214,2.642578125,0.16015625,-3.203125
0.2145,2.802734375,-0.48046875,-2.7626953125
0.215,3.0029296875,-1.28125,-2.2021484375
0.2155,3.1630859375,-1.9619140625,-1.7216796875
0.216,3.1630859375,-2.482421875,-1.28125
0.2165,3.0830078125,-2.7626953125,-0.8408203125
0.217,2.5625,-2.8828125,-0.3203125
0.2175,2.0419921875,-3.0830078125,0.5205078125
0.218,1.4814453125,-3.283203125,1.3212890625
0.2185,1.0009765625,-3.4833984375,1.9619140625
0.219,0.6005859375,-3.443359375,2.322265625
0.2195,0.1201171875,-3.1630859375,2.5224609375
0.22,-0.6005859375,-2.72265625,2.6826171875
0.2205,-1.44140625,-2.08203125,2.962890625
0.221,-2.08203125,-1.6015625,3.123046875
0.2215,-2.6025390625,-1.1611328125,3.1630859375
0.222,-2.8427734375,-0.7607421875,3.04296875
0.2225,-2.8828125,-0.16015625,2.5224609375
0.223,-3.0830078125,0.48046875,2.0419921875
0.2235,-3.3232421875,1.3212890625,1.521484375
0.224,-3.443359375,1.921875,1.0009765625
0.2245,-3.36328125,2.322265625,0.560546875
0.225,-3.1630859375,2.5625,0.080078125
0.2255,-2.5625,2.72265625,-0.6005859375
0.226,-1.9619140625,3.0029296875,-1.44140625
0.2265,-1.44140625,3.1630859375,-2.2021484375
0.227,-1.0009765625,3.3232421875,-2.72265625
0.2275,-0.640625,3.1630859375,-3.04296875
0.228,0.0,2.72265625,-3.1630859375
0.2285,0.6806640625,2.2421875,-3.36328125
0.229,1.5615234375,1.6015625,-3.603515625
0.2295,2.1220703125,1.201171875,-3.7236328125
0.23,2.482421875,0.7607421875,-3.6435546875
0.2305,2.642578125,0.3203125,-3.4033203125
0.231,2.6826171875,-0.3203125,-2.8828125
0.2315,2.8828125,-1.0009765625,-2.40234375
0.232,3.04296875,-1.76171875,-1.8818359375
0.2325,3.203125,-2.3623046875,-1.4013671875
0.233,3.0830078125,-2.642578125,-1.041015625
0.2335,2.6826171875,-2.7626953125,-0.48046875
0.234,2.2421875,-2.962890625,0.16015625
0.2345,1.6015625,-3.1630859375,1.041015625
0.235,1.1611328125,-3.283203125,1.6416015625
0.2355,0.7607421875,-3.36328125,2.162109375
0.236,0.3603515625,-3.2431640625,2.40234375
0.2365,-0.3203125,-2.7626953125,2.5224609375
0.237,-1.0009765625,-2.322265625,2.72265625
0.2375,-1.76171875,-1.8017578125,3.0029296875
0.238,-2.2822265625,-1.361328125,3.123046875
0.2385,-2.5625,-1.0009765625,3.0029296875
0.239,-2.7626953125,-0.5205078125,2.72265625
0.2395,-2.8828125,0.080078125,2.2822265625
0.24,-3.123046875,0.80078125,1.76171875
0.2405,-3.283203125,1.44140625,1.3212890625
0.241,-3.4033203125,2.0419921875,0.8408203125
0.2415,-3.2431640625,2.40234375,0.4404296875
0.242,-2.8427734375,2.5224609375,-0.16015625
0.2425,-2.3623046875,2.8427734375,-0.880859375
0.243,-1.8017578125,3.0830078125,-1.76171875
0.2435,-1.3212890625,3.203125,-2.322265625
0.244,-0.9208984375,3.2431640625,-2.7626953125
0.2445,-0.4404296875,3.0029296875,-3.0029296875
0.245,0.2802734375,2.5224609375,-3.203125
0.2455,1.0810546875,1.9619140625,-3.4833984375
0.246,1.76171875,1.4814453125,-3.6435546875
0.2465,2.2421875,1.0810546875,-3.7236328125
0.247,2.5224609375,0.640625,-3.5634765625
0.2475,2.6025390625,0.080078125,-3.123046875
0.248,2.802734375,-0.640625,-2.72265625
0.2485,3.04296875,-1.44140625,-2.1220703125
0.249,3.1630859375,-2.08203125,-1.681640625
0.2495,3.1630859375,-2.482421875,-1.2412109375
0.25,2.9228515625,-2.6826171875,-0.7607421875
0.2505,2.40234375,-2.802734375,-0.080078125
0.251,1.8818359375,-3.0830078125,0.6806640625
0.2515,1.3212890625,-3.2431640625,1.44140625
0.252,0.9208984375,-3.4033203125,1.9619140625
0.2525,0.48046875,-3.283203125,2.2822265625
0.253,0.0,-2.9228515625,2.4423828125
0.2535,-0.720703125,-2.482421875,2.642578125
0.254,-1.4814453125,-1.921875,2.8427734375
0.2545,-2.08203125,-1.4814453125,3.0029296875
0.255,-2.482421875,-1.0810546875,3.04296875
0.2555,-2.642578125,-0.6806640625,2.802734375
0.256,-2.72265625,-0.16015625,2.322265625
0.2565,-2.962890625,0.48046875,1.921875
0.257,-3.203125,1.2412109375,1.4013671875
0.2575,-3.283203125,1.841796875,1.0009765625
0.258,-3.203125,2.162109375,0.6005859375
0.2585,-2.962890625,2.40234375,0.1201171875
0.259,-2.5224609375,2.6025390625,-0.560546875
0.2595,-2.001953125,2.8427734375,-1.3212890625
0.26,-1.521484375,3.04296875,-1.9619140625
0.2605,-1.1611328125,3.203125,-2.5224609375
0.261,-0.6806640625,3.04296875,-2.802734375
0.2615,-0.16015625,2.6826171875,-2.962890625
0.262,0.6005859375,2.2822265625,-3.283203125
0.2625,1.4013671875,1.76171875,-3.5234375
0.263,1.921875,1.3212890625,-3.6435546875
0.2635,2.2822265625,0.9208984375,-3.603515625
0.264,2.5224609375,0.400390625,-3.4033203125
0.2645,2.642578125,-0.2001953125,-2.9228515625
0.265,2.9228515625,-1.0009765625,-2.5224609375
0.2655,3.1630859375,-1.6416015625,-1.9619140625
0.266,3.2431640625,-2.2421875,-1.521484375
0.2665,3.123046875,-2.5625,-1.041015625
0.267,2.6826171875,-2.72265625,-0.48046875
0.2675,2.2421875,-3.04296875,0.2802734375
0.268,1.5615234375,-3.2431640625,1.1611328125
0.2685,1.12109375,-3.443359375,1.76171875
0.269,0.6806640625,-3.4833984375,2.2421875
0.2695,0.240234375,-3.203125,2.482421875
0.27,-0.5205078125,-2.642578125,2.6025390625
0.2705,-1.3212890625,-2.162109375,2.9228515625
0.271,-2.08203125,-1.6015625,3.123046875
0.2715,-2.5224609375,-1.201171875,3.1630859375
0.272,-2.72265625,-0.7607421875,2.9228515625
0.2725,-2.8427734375,-0.2802734375,2.5224609375
0.273,-3.04296875,0.48046875,1.9619140625
0.2735,-3.2431640625,1.28125,1.4814453125
0.274,-3.36328125,1.921875,1.0009765625
0.2745,-3.36328125,2.3623046875,0.6005859375
0.275,-3.0830078125,2.5224609375,0.1201171875
0.2755,-2.5224609375,2.642578125,-0.6005859375
0.276,-2.001953125,2.962890625,-1.4013671875
0.2765,-1.361328125,3.1630859375,-2.162109375
0.277,-1.0009765625,3.203125,-2.642578125
0.2775,-0.6005859375,3.123046875,-2.962890625
0.278,0.0,2.7626953125,-3.123046875
0.2785,0.6806640625,2.2021484375,-3.283203125
0.279,1.44140625,1.6416015625,-3.5234375
0.2795,2.0419921875,1.1611328125,-3.603515625
0.28,2.4423828125,0.7607421875,-3.68359375
0.2805,2.5625,0.3203125,-3.36328125
0.281,2.642578125,-0.2802734375,-2.9228515625
0.2815,2.8427734375,-0.9208984375,-2.4423828125
0.282,3.0830078125,-1.681640625,-1.8818359375
0.2825,3.1630859375,-2.2421875,-1.4814453125
0.283,3.1630859375,-2.642578125,-1.0009765625
0.2835,2.802734375,-2.802734375,-0.560546875
0.284,2.2421875,-2.9228515625,0.2001953125
0.2845,1.7216796875,-3.203125,0.9609375
0.285,1.1611328125,-3.36328125,1.7216796875
0.2855,0.7607421875,-3.5234375,2.2021484375
0.286,0.3203125,-3.283203125,2.4423828125
0.2865,-0.3203125,-2.8828125,2.6025390625
0.287,-1.0810546875,-2.322265625,2.8427734375
0.2875,-1.8818359375,-1.8017578125,3.0830078125
0.288,-2.40234375,-1.361328125,3.1630859375
0.2885,-2.7626953125,-0.9609375,3.123046875
0.289,-2.8828125,-0.5205078125,2.6826171875
0.2895,-2.9228515625,0.2802734375,2.2021484375
0.29,-3.203125,1.0009765625,1.76171875
0.2905,-3.4033203125,1.8017578125,1.1611328125
0.291,-3.4833984375,2.2421875,0.7607421875
0.2915,-3.203125,2.5224609375,0.2802734375
0.292,-2.802734375,2.72265625,-0.3603515625
0.2925,-2.2021484375,2.8828125,-1.1611328125
0.293,-1.6015625,3.1630859375,-2.001953125
0.2935,-1.12109375,3.2431640625,-2.6025390625
0.294,-0.720703125,3.3232421875,-3.04296875
0.2945,-0.16015625,2.9228515625,-3.203125
0.295,0.560546875,2.3623046875,-3.283203125
0.2955,1.361328125,1.76171875,-3.5634765625
0.296,2.08203125,1.201171875,-3.763671875
0.2965,2.482421875,0.7607421875,-3.7236328125
0.297,2.72265625,0.3203125,-3.5634765625
0.2975,2.802734375,-0.2001953125,-3.0830078125
0.298,2.8828125,-0.9208984375,-2.4423828125
0.2985,3.123046875,-1.681640625,-1.9619140625
0.299,3.2431640625,-2.322265625,-1.44140625
0.2995,3.2431640625,-2.72265625,-1.041015625
0.3,2.8427734375,-2.8828125,-0.5205078125
0.3005,2.322265625,-3.0029296875,0.16015625
0.301,1.7216796875,-3.203125,1.0009765625
0.3015,1.12109375,-3.4033203125,1.76171875
0.302,0.6806640625,-3.4833984375,2.2421875
0.3025,0.3203125,-3.36328125,2.5625
0.303,-0.2802734375,-2.9228515625,2.642578125
0.3035,-1.0009765625,-2.322265625,2.802734375
0.304,-1.8017578125,-1.8818359375,3.04296875
0.3045,-2.40234375,-1.3212890625,3.123046875
0.305,-2.72265625,-1.0009765625,3.0830078125
0.3055,-2.8427734375,-0.48046875,2.802734375
0.306,-2.9228515625,0.1201171875,2.3623046875
0.3065,-3.123046875,0.880859375,1.8017578125
0.307,-3.283203125,1.5615234375,1.28125
0.3075,-3.4033203125,2.1220703125,0.80078125
0.308,-3.36328125,2.5224609375,0.4404296875
0.3085,-2.962890625,2.642578125,-0.16015625
0.309,-2.40234375,2.802734375,-0.8408203125
0.3095,-1.8818359375,3.123046875,-1.681640625
0.31,-1.3212890625,3.2431640625,-2.3623046875
0.3105,-0.9208984375,3.3232421875,-2.8427734375
0.311,-0.4404296875,3.1630859375,-3.123046875
0.3115,0.16015625,2.6826171875,-3.283203125
0.312,1.0009765625,2.0419921875,-3.5234375
0.3125,1.76171875,1.521484375,-3.763671875
0.313,2.3623046875,0.9609375,-3.84375
0.3135,2.6826171875,0.640625,-3.763671875
0.314,2.7626953125,0.1201171875,-3.3232421875
0.3145,2.8828125,-0.560546875,-2.8427734375
0.315,3.1630859375,-1.44140625,-2.2021484375
0.3155,3.3232421875,-2.162109375,-1.6416015625
0.316,3.3232421875,-2.642578125,-1.201171875
0.3165,3.1630859375,-2.962890625,-0.720703125
0.317,2.6025390625,-3.0830078125,0.0
0.3175,1.921875,-3.203125,0.80078125
0.318,1.28125,-3.4833984375,1.681640625
0.3185,0.7607421875,-3.603515625,2.2822265625
0.319,0.3603515625,-3.5634765625,2.642578125
0.3195,-0.2001953125,-3.1630859375,2.802734375
0.32,-0.9609375,-2.6025390625,2.9228515625
0.3205,-1.8818359375,-1.841796875,3.123046875
0.321,-2.5224609375,-1.3212890625,3.203125
0.3215,-2.9228515625,-0.8408203125,3.203125
0.322,-3.123046875,-0.4404296875,3.04296875
0.3225,-3.0830078125,0.2001953125,2.40234375
0.323,-3.203125,0.9208984375,1.8017578125
0.3235,-3.4033203125,1.76171875,1.201171875
0.324,-3.5234375,2.3623046875,0.720703125
0.3245,-3.36328125,2.6826171875,0.2802734375
0.325,-3.04296875,2.8427734375,-0.2001953125
0.3255,-2.4423828125,2.9228515625,-0.9208984375
0.326,-1.76171875,3.0830078125,-1.8017578125
0.3265,-1.201171875,3.2431640625,-2.482421875
0.327,-0.720703125,3.3232421875,-2.962890625
0.3275,-0.3603515625,3.203125,-3.2431640625
0.328,0.240234375,2.6025390625,-3.3232421875
0.3285,0.9208984375,2.08203125,-3.4833984375
0.329,1.8017578125,1.4013671875,-3.7236328125
0.3295,2.3623046875,1.0009765625,-3.763671875
0.33,2.6826171875,0.6005859375,-3.7236328125
0.3305,2.8427734375,0.2001953125,-3.4833984375
0.331,2.8828125,-0.4404296875,-2.9228515625
0.3315,3.04296875,-1.201171875,-2.322265625
0.332,3.2431640625,-1.9619140625,-1.8017578125
0.3325,3.36328125,-2.6025390625,-1.28125
0.333,3.283203125,-2.9228515625,-0.880859375
0.3335,2.8427734375,-3.0830078125,-0.3203125
0.334,2.2822265625,-3.203125,0.4404296875
0.3345,1.5615234375,-3.4833984375,1.4013671875
0.335,1.0009765625,-3.5634765625,2.0419921875
0.3355,0.560546875,-3.6435546875,2.5625
0.336,0.1201171875,-3.5234375,2.8427734375
0.3365,-0.6005859375,-2.8828125,2.8828125
0.337,-1.44140625,-2.2822265625,3.123046875
0.3375,-2.322265625,-1.5615234375,3.3232421875
0.338,-2.8828125,-1.041015625,3.36328125
0.3385,-3.123046875,-0.640625,3.203125
0.339,-3.203125,-0.1201171875,2.7626953125
0.3395,-3.283203125,0.640625,2.162109375
0.34,-3.4833984375,1.5615234375,1.44140625
0.3405,-3.5634765625,2.2421875,0.9208984375
0.341,-3.5634765625,2.72265625,0.4404296875
0.3415,-3.3232421875,2.9228515625,0.0
0.342,-2.642578125,2.962890625,-0.720703125
0.3425,-2.001953125,3.1630859375,-1.6015625
0.343,-1.28125,3.3232421875,-2.5224609375
0.3435,-0.80078125,3.36328125,-2.962890625
0.344,-0.400390625,3.203125,-3.3232421875
0.3445,0.080078125,2.8828125,-3.4033203125
0.345,0.880859375,2.162109375,-3.5634765625
0.3455,1.681640625,1.5615234375,-3.68359375
0.346,2.3623046875,1.0009765625,-3.7236328125
0.3465,2.7626953125,0.6005859375,-3.8037109375
0.347,2.8427734375,0.16015625,-3.5234375
0.3475,2.8427734375,-0.3603515625,-2.962890625
0.348,3.0029296875,-1.0009765625,-2.4423828125
0.3485,3.1630859375,-1.8818359375,-1.8017578125
0.349,3.2431640625,-2.4423828125,-1.3212890625
0.3495,3.203125,-2.8828125,-0.9208984375
0.35,3.0029296875,-3.04296875,-0.5205078125
0.3505,2.3623046875,-3.0830078125,0.2001953125
0.351,1.76171875,-3.2431640625,0.9609375
0.3515,1.12109375,-3.443359375,1.8017578125
0.352,0.720703125,-3.5634765625,2.322265625
0.3525,0.3203125,-3.4833984375,2.6025390625
0.353,-0.240234375,-3.0830078125,2.7626953125
0.3535,-0.9609375,-2.5625,2.9228515625
0.354,-1.8017578125,-1.8818359375,3.123046875
0.3545,-2.4423828125,-1.361328125,3.2431640625
0.355,-2.8828125,-0.9609375,3.2431640625
0.3555,-3.04296875,-0.5205078125,3.0029296875
0.356,-3.0830078125,0.1201171875,2.4423828125
0.3565,-3.2431640625,0.8408203125,1.921875
0.357,-3.4833984375,1.7216796875,1.28125
0.3575,-3.5634765625,2.2822265625,0.8408203125
0.358,-3.4033203125,2.642578125,0.3203125
0.3585,-3.0830078125,2.8427734375,-0.16015625
0.359,-2.4423828125,2.9228515625,-0.9609375
0.3595,-1.8017578125,3.203125,-1.8818359375
0.36,-1.2412109375,3.283203125,-2.5625
0.3605,-0.8408203125,3.443359375,-3.0830078125
0.361,-0.3203125,3.1630859375,-3.2431640625
0.3615,0.3203125,2.6025390625,-3.36328125
0.362,1.1611328125,2.0419921875,-3.603515625
0.3625,2.001953125,1.4013671875,-3.8037109375
0.363,2.482421875,0.9208984375,-3.84375
0.3635,2.802734375,0.48046875,-3.7236328125
0.364,2.8427734375,0.0400390625,-3.283203125
0.3645,2.8828125,-0.6806640625,-2.642578125
0.365,3.123046875,-1.4814453125,-2.1220703125
0.3655,3.2431640625,-2.2421875,-1.5615234375
0.366,3.3232421875,-2.72265625,-1.1611328125
0.3665,3.04296875,-2.9228515625,-0.6806640625
0.367,2.5625,-3.0029296875,-0.080078125
0.3675,1.9619140625,-3.203125,0.720703125
0.368,1.28125,-3.4033203125,1.5615234375
0.3685,0.80078125,-3.5234375,2.1220703125
0.369,0.400390625,-3.4833984375,2.5224609375
0.3695,-0.080078125,-3.203125,2.6826171875
0.37,-0.7607421875,-2.5625,2.7626953125
0.3705,-1.5615234375,-2.0419921875,3.0029296875
0.371,-2.2822265625,-1.44140625,3.1630859375
0.3715,-2.72265625,-1.0009765625,3.203125
0.372,-2.9228515625,-0.6005859375,3.0029296875
0.3725,-3.04296875,-0.1201171875,2.6025390625
0.373,-3.1630859375,0.6005859375,2.0419921875
0.3735,-3.3232421875,1.4013671875,1.4814453125
0.374,-3.4833984375,2.0419921875,0.9609375
0.3745,-3.5234375,2.5224609375,0.5205078125
0.375,-3.203125,2.72265625,0.0400390625
0.3755,-2.6025390625,2.8427734375,-0.640625
0.376,-2.08203125,3.0830078125,-1.44140625
0.3765,-1.4013671875,3.2431640625,-2.322265625
0.377,-1.0009765625,3.36328125,-2.8427734375
0.3775,-0.560546875,3.283203125,-3.203125
0.378,0.0,2.9228515625,-3.36328125
0.3785,0.80078125,2.2421875,-3.4833984375
0.379,1.6015625,1.681640625,-3.7236328125
0.3795,2.2822265625,1.12109375,-3.84375
0.38,2.6826171875,0.720703125,-3.84375
0.3805,2.802734375,0.240234375,-3.4833984375
0.381,2.8427734375,-0.3603515625,-2.9228515625
0.3815,3.04296875,-1.12109375,-2.40234375
0.382,3.203125,-1.921875,-1.8017578125
0.3825,3.283203125,-2.4423828125,-1.3212890625
0.383,3.203125,-2.8427734375,-0.9208984375
0.3835,2.802734375,-2.962890625,-0.3603515625
0.384,2.162109375,-3.0830078125,0.3603515625
0.3845,1.5615234375,-3.36328125,1.2412109375
0.385,1.0009765625,-3.4833984375,1.921875
0.3855,0.6005859375,-3.5234375,2.3623046875
0.386,0.16015625,-3.2431640625,2.5625
0.3865,-0.48046875,-2.802734375,2.72265625
0.387,-1.28125,-2.2021484375,2.8828125
0.3875,-1.9619140625,-1.6416015625,3.0830078125
0.388,-2.5625,-1.1611328125,3.123046875
0.3885,-2.8828125,-0.80078125,3.123046875
0.389,-2.9228515625,-0.3203125,2.72265625
0.3895,-2.962890625,0.3203125,2.2021484375
0.39,-3.203125,1.041015625,1.7216796875
0.3905,-3.36328125,1.8017578125,1.12109375
0.391,-3.4033203125,2.2822265625,0.720703125
0.3915,-3.2431640625,2.5625,0.16015625
0.392,-2.8828125,2.6826171875,-0.3203125
0.3925,-2.2421875,2.8427734375,-1.12109375
0.393,-1.6416015625,3.1630859375,-1.8818359375
0.3935,-1.1611328125,3.2431640625,-2.5625
0.394,-0.80078125,3.3232421875,-2.962890625
0.3945,-0.2802734375,3.0029296875,-3.1630859375
0.395,0.3603515625,2.5224609375,-3.283203125
0.3955,1.201171875,1.921875,-3.5634765625
0.396,1.921875,1.4013671875,-3.7236328125
0.3965,2.40234375,0.9609375,-3.7236328125
0.397,2.6826171875,0.560546875,-3.603515625
0.3975,2.7626953125,0.0400390625,-3.203125
0.398,2.8427734375,-0.6806640625,-2.642578125
0.3985,3.0830078125,-1.44140625,-2.162109375
0.399,3.2431640625,-2.162109375,-1.6015625
0.3995,3.1630859375,-2.642578125,-1.1611328125
0.4,2.962890625,-2.8828125,-0.6806640625
0.4005,2.482421875,-3.0029296875,-0.080078125
0.401,1.921875,-3.1630859375,0.7607421875
0.4015,1.3212890625,-3.36328125,1.521484375
0.402,0.880859375,-3.443359375,2.08203125
0.4025,0.48046875,-3.443359375,2.4423828125
0.403,-0.080078125,-3.04296875,2.5625
0.4035,-0.80078125,-2.482421875,2.72265625
0.404,-1.6015625,-1.9619140625,3.0029296875
0.4045,-2.2421875,-1.4013671875,3.123046875
0.405,-2.6025390625,-1.0810546875,3.123046875
0.4055,-2.802734375,-0.6005859375,2.8427734375
0.406,-2.8828125,-0.080078125,2.4423828125
0.4065,-3.0830078125,0.6806640625,1.921875
0.407,-3.283203125,1.4013671875,1.4013671875
0.4075,-3.283203125,1.9619140625,0.8408203125
0.408,-3.36328125,2.40234375,0.48046875
0.4085,-2.962890625,2.5224609375,0.0
0.409,-2.482421875,2.72265625,-0.6806640625
0.4095,-1.9619140625,3.04296875,-1.521484375
0.41,-1.361328125,3.1630859375,-2.2421875
0.4105,-1.0009765625,3.2431640625,-2.72265625
0.411,-0.5205078125,3.1630859375,-3.04296875
0.4115,0.0400390625,2.72265625,-3.203125
0.412,0.80078125,2.162109375,-3.36328125
0.4125,1.5615234375,1.6015625,-3.603515625
0.413,2.2021484375,1.12109375,-3.7236328125
0.4135,2.5224609375,0.7607421875,-3.68359375
0.414,2.642578125,0.2802734375,-3.3232421875
0.4145,2.802734375,-0.3203125,-2.8828125
0.415,3.0029296875,-1.1611328125,-2.322265625
0.4155,3.1630859375,-1.841796875,-1.8017578125
0.416,3.203125,-2.4423828125,-1.361328125
0.4165,3.2431640625,-2.72265625,-1.0009765625
0.417,2.6826171875,-2.8828125,-0.3603515625
0.4175,2.1220703125,-3.04296875,0.4404296875
0.418,1.521484375,-3.283203125,1.2412109375
0.4185,1.0009765625,-3.4833984375,1.921875
0.419,0.640625,-3.4833984375,2.322265625
0.4195,0.1201171875,-3.203125,2.5224609375
0.42,-0.5205078125,-2.72265625,2.6826171875
0.4205,-1.3212890625,-2.08203125,2.9228515625
0.421,-2.001953125,-1.6015625,3.0830078125
0.4215,-2.5224609375,-1.1611328125,3.123046875
0.422,-2.7626953125,-0.80078125,3.0029296875
0.4225,-2.8427734375,-0.240234375,2.5224609375
0.423,-2.962890625,0.400390625,2.08203125
0.4235,-3.203125,1.1611328125,1.5615234375
0.424,-3.3232421875,1.76171875,1.0810546875
0.4245,-3.283203125,2.2421875,0.640625
0.425,-3.0830078125,2.482421875,0.2001953125
0.4255,-2.642578125,2.6025390625,-0.400390625
0.426,-2.08203125,2.8427734375,-1.201171875
0.4265,-1.5615234375,3.04296875,-1.921875
0.427,-1.1611328125,3.1630859375,-2.5224609375
0.4275,-0.7607421875,3.1630859375,-2.8427734375
0.428,-0.240234375,2.802734375,-3.0029296875
0.4285,0.400390625,2.40234375,-3.203125
0.429,1.2412109375,1.841796875,-3.4833984375
0.4295,1.841796875,1.361328125,-3.5634765625
0.43,2.2421875,0.9609375,-3.6435546875
0.4305,2.5224609375,0.560546875,-3.4833984375
0.431,2.6025390625,0.0400390625,-3.0830078125
0.4315,2.802734375,-0.720703125,-2.642578125
0.432,3.04296875,-1.44140625,-2.162109375
0.4325,3.123046875,-2.1220703125,-1.6416015625
0.433,3.1630859375,-2.4423828125,-1.2412109375
0.4335,2.8828125,-2.6826171875,-0.720703125
0.434,2.482421875,-2.8828125,-0.1201171875
0.4345,1.8818359375,-3.1630859375,0.7607421875
0.435,1.3212890625,-3.283203125,1.44140625
0.4355,0.9609375,-3.443359375,2.001953125
0.436,0.48046875,-3.36328125,2.3623046875
0.4365,-0.1201171875,-2.9228515625,2.5224609375
0.437,-0.80078125,-2.482421875,2.72265625
0.4375,-1.6015625,-1.9619140625,3.0029296875
0.438,-2.2021484375,-1.44140625,3.123046875
0.4385,-2.5625,-1.0810546875,3.0830078125
0.439,-2.72265625,-0.6005859375,2.8427734375
0.4395,-2.8828125,0.0,2.3623046875
0.44,-3.0830078125,0.720703125,1.841796875
0.4405,-3.283203125,1.4013671875,1.3212890625
0.441,-3.36328125,2.0419921875,0.9208984375
0.4415,-3.283203125,2.3623046875,0.48046875
0.442,-2.8427734375,2.5224609375,-0.16015625
0.4425,-2.40234375,2.72265625,-0.80078125
0.443,-1.8017578125,3.0029296875,-1.6416015625
0.4435,-1.3212890625,3.123046875,-2.2822265625
0.444,-0.9609375,3.1630859375,-2.6826171875
0.4445,-0.5205078125,3.0029296875,-2.9228515625
0.445,0.16015625,2.5224609375,-3.0830078125
0.4455,0.9208984375,2.001953125,-3.283203125
0.446,1.5615234375,1.5615234375,-3.5234375
0.4465,2.08203125,1.12109375,-3.603515625
0.447,2.3623046875,0.720703125,-3.5634765625
0.4475,2.482421875,0.2001953125,-3.1630859375
0.448,2.6826171875,-0.3603515625,-2.7626953125
0.4485,2.8828125,-1.201171875,-2.322265625
0.449,3.04296875,-1.76171875,-1.8017578125
0.4495,3.123046875,-2.2421875,-1.4013671875
0.45,3.0029296875,-2.5625,-0.9609375
0.4505,2.5625,-2.72265625,-0.400390625
0.451,2.08203125,-2.962890625,0.3603515625
0.4515,1.5615234375,-3.203125,1.12109375
0.452,1.12109375,-3.36328125,1.76171875
0.4525,0.720703125,-3.36328125,2.1220703125
0.453,0.240234375,-3.0830078125,2.3623046875
0.4535,-0.400390625,-2.72265625,2.6025390625
0.454,-1.28125,-2.162109375,2.8828125
0.4545,-1.8818359375,-1.681640625,3.04296875
0.455,-2.40234375,-1.28125,3.123046875
0.4555,-2.642578125,-0.9208984375,2.962890625
0.456,-2.7626953125,-0.3203125,2.5224609375
0.4565,-3.0029296875,0.3203125,2.08203125
0.457,-3.2431640625,1.201171875,1.5615234375
0.4575,-3.4033203125,1.841796875,1.12109375
0.458,-3.36328125,2.2421875,0.6806640625
0.4585,-3.0830078125,2.482421875,0.16015625
0.459,-2.6025390625,2.6826171875,-0.5205078125
0.4595,-2.0419921875,2.962890625,-1.361328125
0.46,-1.4814453125,3.1630859375,-2.08203125
0.4605,-1.0810546875,3.3232421875,-2.642578125
0.461,-0.640625,3.1630859375,-2.962890625
0.4615,0.0,2.6826171875,-3.0830078125
0.462,0.720703125,2.2421875,-3.36328125
0.4625,1.6015625,1.5615234375,-3.603515625
0.463,2.162109375,1.1611328125,-3.7236328125
0.4635,2.5224609375,0.6806640625,-3.603515625
0.464,2.642578125,0.2802734375,-3.36328125
0.4645,2.72265625,-0.4404296875,-2.8427734375
0.465,2.9228515625,-1.1611328125,-2.2822265625
0.4655,3.1630859375,-1.8818359375,-1.8017578125
0.466,3.2431640625,-2.4423828125,-1.3212890625
0.4665,3.0830078125,-2.72265625,-0.9208984375
0.467,2.642578125,-2.8427734375,-0.3203125
0.4675,2.1220703125,-3.04296875,0.400390625
0.468,1.44140625,-3.2431640625,1.3212890625
0.4685,1.0009765625,-3.36328125,1.921875
0.469,0.6005859375,-3.4033203125,2.3623046875
0.4695,0.16015625,-3.203125,2.5625
0.47,-0.5205078125,-2.642578125,2.642578125
0.4705,-1.3212890625,-2.1220703125,2.8828125
0.471,-2.0419921875,-1.5615234375,3.0830078125
0.4715,-2.5625,-1.2412109375,3.1630859375
0.472,-2.7626953125,-0.80078125,3.0029296875
0.4725,-2.8828125,-0.3203125,2.5625
0.473,-3.04296875,0.3603515625,2.08203125
0.4735,-3.203125,1.201171875,1.5615234375
0.474,-3.36328125,1.841796875,1.12109375
0.4745,-3.4033203125,2.3623046875,0.640625
0.475,-3.203125,2.5625,0.2001953125
0.4755,-2.6826171875,2.6826171875,-0.48046875
0.476,-2.2021484375,2.962890625,-1.2412109375
0.4765,-1.5615234375,3.1630859375,-2.0419921875
0.477,-1.12109375,3.283203125,-2.6025390625
0.4775,-0.6806640625,3.203125,-2.962890625
0.478,-0.240234375,2.9228515625,-3.1630859375
0.4785,0.560546875,2.40234375,-3.3232421875
0.479,1.361328125,1.8017578125,-3.5634765625
0.4795,2.0419921875,1.2412109375,-3.7236328125
0.48,2.482421875,0.80078125,-3.8037109375
0.4805,2.642578125,0.400390625,-3.5634765625
0.481,2.72265625,-0.16015625,-3.04296875
0.4815,2.962890625,-0.8408203125,-2.6025390625
0.482,3.1630859375,-1.7216796875,-1.9619140625
0.4825,3.283203125,-2.2822265625,-1.521484375
0.483,3.203125,-2.72265625,-1.0009765625
0.4835,2.9228515625,-2.9228515625,-0.6005859375
0.484,2.2822265625,-3.04296875,0.240234375
0.4845,1.76171875,-3.283203125,1.0810546875
0.485,1.12109375,-3.4833984375,1.841796875
0.4855,0.6806640625,-3.5634765625,2.3623046875
0.486,0.240234375,-3.36328125,2.5625
0.4865,-0.3603515625,-2.8828125,2.6826171875
0.487,-1.1611328125,-2.2822265625,2.9228515625
0.4875,-2.001953125,-1.7216796875,3.1630859375
0.488,-2.5625,-1.2412109375,3.1630859375
0.4885,-2.8828125,-0.8408203125,3.123046875
0.489,-2.962890625,-0.3203125,2.7626953125
0.4895,-2.962890625,0.3203125,2.162109375
0.49,-3.203125,1.0810546875,1.681640625
0.4905,-3.36328125,1.8818359375,1.0810546875
0.491,-3.443359375,2.322265625,0.6806640625
0.4915,-3.203125,2.5625,0.2001953125
0.492,-2.802734375,2.72265625,-0.3203125
0.4925,-2.2021484375,2.8427734375,-1.12109375
0.493,-1.6015625,3.0830078125,-1.9619140625
0.4935,-1.12109375,3.1630859375,-2.5625
0.494,-0.720703125,3.2431640625,-2.962890625
0.4945,-0.2802734375,2.9228515625,-3.123046875
0.495,0.3603515625,2.4423828125,-3.203125
0.4955,1.12109375,1.921875,-3.4833984375
0.496,1.8818359375,1.28125,-3.68359375
0.4965,2.2822265625,0.9208984375,-3.7236328125
0.497,2.6025390625,0.560546875,-3.5634765625
0.4975,2.72265625,0.080078125,-3.2431640625
0.498,2.802734375,-0.6005859375,-2.6826171875
0.4985,3.04296875,-1.361328125,-2.2021484375
0.499,3.203125,-2.08203125,-1.6416015625
0.4995,3.3232421875,-2.5625,-1.28125
0.5,3.04296875,-2.802734375,-0.80078125
0.5005,2.5625,-2.962890625,-0.16015625
0.501,2.0419921875,-3.203125,0.640625
0.5015,1.4013671875,-3.4033203125,1.521484375
0.502,0.9609375,-3.5634765625,2.08203125
0.5025,0.48046875,-3.5634765625,2.5224609375
0.503,0.0,-3.203125,2.6826171875
0.5035,-0.80078125,-2.642578125,2.8427734375
0.504,-1.6416015625,-2.08203125,3.1630859375
0.5045,-2.4423828125,-1.4814453125,3.2431640625
0.505,-2.8427734375,-1.0009765625,3.3232421875
0.5055,-3.04296875,-0.5205078125,3.0029296875
0.506,-3.123046875,0.1201171875,2.5224609375
0.5065,-3.283203125,0.9609375,1.921875
0.507,-3.5234375,1.76171875,1.28125
0.5075,-3.603515625,2.40234375,0.7607421875
0.508,-3.5634765625,2.802734375,0.3203125
0.5085,-3.0029296875,2.8828125,-0.3203125
0.509,-2.322265625,3.0029296875,-1.0810546875
0.5095,-1.681640625,3.2431640625,-2.001953125
0.51,-1.12109375,3.36328125,-2.72265625
0.5105,-0.640625,3.36328125,-3.1630859375
0.511,-0.16015625,3.123046875,-3.36328125
0.5115,0.5205078125,2.5224609375,-3.4833984375
0.512,1.3212890625,1.8017578125,-3.603515625
0.5125,2.0419921875,1.2412109375,-3.8037109375
0.513,2.6025390625,0.720703125,-3.8037109375
0.5135,2.8828125,0.400390625,-3.68359375
0.514,2.8427734375,-0.16015625,-3.203125
0.5145,2.8828125,-0.7607421875,-2.6025390625
0.515,3.04296875,-1.5615234375,-2.001953125
0.5155,3.203125,-2.2421875,-1.4814453125
0.516,3.203125,-2.642578125,-1.041015625
0.5165,3.0830078125,-2.962890625,-0.640625
0.517,2.5625,-3.0029296875,-0.16015625
0.5175,1.921875,-3.0830078125,0.640625
0.518,1.361328125,-3.3232421875,1.44140625
0.5185,0.80078125,-3.443359375,2.08203125
0.519,0.48046875,-3.4833984375,2.5224609375
0.5195,0.0,-3.203125,2.6826171875
0.52,-0.640625,-2.7626953125,2.802734375
0.5205,-1.4814453125,-2.2021484375,2.962890625
0.521,-2.162109375,-1.6015625,3.1630859375
0.5215,-2.6826171875,-1.0810546875,3.203125
0.522,-3.0029296875,-0.720703125,3.1630859375
0.5225,-3.0830078125,-0.2001953125,2.6826171875
0.523,-3.1630859375,0.48046875,2.2021484375
0.5235,-3.443359375,1.28125,1.6416015625
0.524,-3.5634765625,2.08203125,1.041015625
0.5245,-3.5634765625,2.5625,0.6005859375
0.525,-3.283203125,2.802734375,0.080078125
0.5255,-2.802734375,2.962890625,-0.6005859375
0.526,-2.1220703125,3.1630859375,-1.4814453125
0.5265,-1.4814453125,3.36328125,-2.322265625
0.527,-0.9609375,3.4833984375,-2.962890625
0.5275,-0.6005859375,3.36328125,-3.36328125
0.528,0.080078125,2.8828125,-3.4033203125
0.5285,0.880859375,2.2822265625,-3.6435546875
0.529,1.841796875,1.5615234375,-3.84375
0.5295,2.4423828125,1.0810546875,-3.923828125
0.53,2.8427734375,0.6005859375,-3.84375
0.5305,3.0029296875,0.1201171875,-3.5634765625
0.531,3.04296875,-0.560546875,-2.8828125
0.5315,3.0830078125,-1.3212890625,-2.2421875
0.532,3.3232421875,-2.1220703125,-1.681640625
0.5325,3.36328125,-2.72265625,-1.1611328125
0.533,3.203125,-3.0029296875,-0.7607421875
0.5335,2.72265625,-3.0830078125,-0.2001953125
0.534,2.1220703125,-3.203125,0.560546875
0.5345,1.4013671875,-3.36328125,1.4814453125
0.535,0.880859375,-3.4833984375,2.08203125
0.5355,0.4404296875,-3.5234375,2.5224609375
0.536,0.0400390625,-3.36328125,2.72265625
0.5365,-0.640625,-2.7626953125,2.72265625
0.537,-1.3212890625,-2.1220703125,2.9228515625
0.5375,-2.1220703125,-1.5615234375,3.123046875
0.538,-2.642578125,-1.0810546875,3.1630859375
0.5385,-2.9228515625,-0.6806640625,3.0830078125
0.539,-3.0029296875,-0.2802734375,2.72265625
0.5395,-3.0830078125,0.3203125,2.2421875
0.54,-3.203125,1.12109375,1.6416015625
0.5405,-3.36328125,1.8017578125,1.1611328125
0.541,-3.443359375,2.3623046875,0.640625
0.5415,-3.36328125,2.6826171875,0.2802734375
0.542,-2.8828125,2.7626953125,-0.3203125
0.5425,-2.3623046875,2.9228515625,-1.0009765625
0.543,-1.76171875,3.203125,-1.8818359375
0.5435,-1.2412109375,3.2431640625,-2.5625
0.544,-0.80078125,3.3232421875,-3.0029296875
0.5445,-0.3603515625,3.123046875,-3.283203125
0.545,0.3203125,2.642578125,-3.4033203125
0.5455,1.1611328125,2.0419921875,-3.603515625
0.546,1.921875,1.4814453125,-3.8037109375
0.5465,2.5224609375,0.9609375,-3.8837890625
0.547,2.7626953125,0.6005859375,-3.763671875
0.5475,2.8427734375,0.0400390625,-3.283203125
0.548,3.0029296875,-0.640625,-2.8427734375
0.5485,3.2431640625,-1.6015625,-2.1220703125
0.549,3.36328125,-2.2421875,-1.6416015625
0.5495,3.36328125,-2.7626953125,-1.1611328125
0.55,3.1630859375,-3.0029296875,-0.6806640625
0.5505,2.5625,-3.0830078125,0.0
0.551,1.921875,-3.283203125,0.880859375
0.5515,1.2412109375,-3.5634765625,1.76171875
0.552,0.7607421875,-3.68359375,2.322265625
0.5525,0.3203125,-3.5634765625,2.6025390625
0.553,-0.2001953125,-3.0830078125,2.802734375
0.5535,-1.0009765625,-2.482421875,2.9228515625
0.554,-1.921875,-1.8017578125,3.1630859375
0.5545,-2.482421875,-1.28125,3.203125
0.555,-2.9228515625,-0.8408203125,3.203125
0.5555,-3.04296875,-0.4404296875,2.9228515625
0.556,-3.0029296875,0.2001953125,2.322265625
0.5565,-3.1630859375,0.880859375,1.841796875
0.557,-3.36328125,1.76171875,1.201171875
0.5575,-3.4833984375,2.2421875,0.720703125
0.558,-3.283203125,2.5625,0.2802734375
0.5585,-3.0029296875,2.72265625,-0.16015625
0.559,-2.40234375,2.8427734375,-0.9208984375
0.5595,-1.8017578125,3.04296875,-1.7216796875
0.56,-1.2412109375,3.1630859375,-2.4423828125
0.5605,-0.80078125,3.2431640625,-2.962890625
0.561,-0.400390625,3.123046875,-3.203125
0.5615,0.16015625,2.642578125,-3.2431640625
0.562,0.8408203125,2.2021484375,-3.4833984375
0.5625,1.76171875,1.521484375,-3.68359375
0.563,2.2822265625,1.0810546875,-3.763671875
0.5635,2.642578125,0.640625,-3.7236328125
0.564,2.802734375,0.240234375,-3.443359375
0.5645,2.8427734375,-0.400390625,-2.8828125
0.565,3.04296875,-1.1611328125,-2.40234375
0.5655,3.2431640625,-1.9619140625,-1.841796875
0.566,3.36328125,-2.5224609375,-1.3212890625
0.5665,3.203125,-2.8427734375,-0.9208984375
0.567,2.802734375,-3.0029296875,-0.3203125
0.5675,2.2822265625,-3.203125,0.3603515625
0.568,1.5615234375,-3.4833984375,1.3212890625
0.5685,1.0009765625,-3.5634765625,1.921875
0.569,0.6005859375,-3.603515625,2.482421875
0.5695,0.1201171875,-3.36328125,2.6826171875
0.57,-0.6005859375,-2.7626953125,2.802734375
0.5705,-1.361328125,-2.2021484375,3.04296875
0.571,-2.2421875,-1.5615234375,3.203125
0.5715,-2.72265625,-1.1611328125,3.283203125
0.572,-2.9228515625,-0.640625,3.0830078125
0.5725,-3.04296875,-0.2001953125,2.6826171875
0.573,-3.1630859375,0.560546875,2.08203125
0.5735,-3.3232421875,1.4013671875,1.521484375
0.574,-3.443359375,2.001953125,0.9609375
0.5745,-3.4833984375,2.5224609375,0.560546875
0.575,-3.203125,2.6826171875,0.080078125
0.5755,-2.6025390625,2.72265625,-0.6005859375
0.576,-2.08203125,2.962890625,-1.361328125
0.5765,-1.44140625,3.1630859375,-2.2822265625
0.577,-1.0009765625,3.2431640625,-2.72265625
0.5775,-0.560546875,3.1630859375,-3.0830078125
0.578,-0.1201171875,2.8828125,-3.203125
0.5785,0.640625,2.2822265625,-3.3232421875
0.579,1.4013671875,1.7216796875,-3.5634765625
0.5795,2.08203125,1.201171875,-3.68359375
0.58,2.5224609375,0.80078125,-3.7236328125
0.5805,2.6826171875,0.400390625,-3.4833984375
0.581,2.72265625,-0.16015625,-3.04296875
0.5815,2.8828125,-0.80078125,-2.5625
0.582,3.123046875,-1.6015625,-1.9619140625
0.5825,3.203125,-2.2021484375,-1.521484375
0.583,3.203125,-2.642578125,-1.041015625
0.5835,2.9228515625,-2.8828125,-0.640625
0.584,2.40234375,-2.962890625,0.0400390625
0.5845,1.921875,-3.2431640625,0.80078125
0.585,1.2412109375,-3.36328125,1.6015625
0.5855,0.8408203125,-3.5234375,2.162109375
0.586,0.400390625,-3.36328125,2.482421875
0.5865,-0.16015625,-3.04296875,2.6025390625
0.587,-0.880859375,-2.5224609375,2.8427734375
0.5875,-1.681640625,-1.921875,3.04296875
0.588,-2.2822265625,-1.44140625,3.1630859375
0.5885,-2.72265625,-1.0009765625,3.1630859375
0.589,-2.8427734375,-0.6005859375,2.8828125
0.5895,-2.9228515625,0.0400390625,2.40234375
0.59,-3.203125,0.7607421875,1.921875
0.5905,-3.36328125,1.5615234375,1.361328125
0.591,-3.4833984375,2.08203125,0.9208984375
0.5915,-3.283203125,2.4423828125,0.400390625
0.592,-2.962890625,2.6025390625,-0.1201171875
0.5925,-2.40234375,2.7626953125,-0.9208984375
0.593,-1.8017578125,3.123046875,-1.681640625
0.5935,-1.28125,3.203125,-2.3623046875
0.594,-0.9208984375,3.3232421875,-2.8828125
0.5945,-0.400390625,3.04296875,-3.0830078125
0.595,0.240234375,2.5625,-3.203125
0.5955,1.0009765625,2.0419921875,-3.4833984375
0.596,1.76171875,1.44140625,-3.6435546875
0.5965,2.2421875,1.041015625,-3.7236328125
0.597,2.5625,0.6005859375,-3.5634765625
0.5975,2.6826171875,0.16015625,-3.2431640625
0.598,2.7626953125,-0.5205078125,-2.72265625
0.5985,3.0029296875,-1.28125,-2.2021484375
0.599,3.1630859375,-2.001953125,-1.6416015625
0.5995,3.203125,-2.5224609375,-1.28125
0.6,3.0029296875,-2.72265625,-0.80078125
0.6005,2.5625,-2.9228515625,-0.2802734375
0.601,2.001953125,-3.0830078125,0.560546875
0.6015,1.4013671875,-3.2431640625,1.361328125
0.602,0.9609375,-3.4033203125,1.921875
0.6025,0.560546875,-3.443359375,2.3623046875
0.603,0.080078125,-3.0830078125,2.5224609375
0.6035,-0.640625,-2.6025390625,2.6826171875
0.604,-1.361328125,-2.08203125,2.9228515625
0.6045,-2.1220703125,-1.521484375,3.123046875
0.605,-2.5625,-1.1611328125,3.1630859375
0.6055,-2.7626953125,-0.720703125,2.9228515625
0.606,-2.8828125,-0.2001953125,2.5224609375
0.6065,-3.04296875,0.48046875,2.0419921875
0.607,-3.2431640625,1.28125,1.521484375
0.6075,-3.4033203125,1.841796875,1.041015625
0.608,-3.4033203125,2.2822265625,0.6005859375
0.6085,-3.0830078125,2.482421875,0.080078125
0.609,-2.6025390625,2.6826171875,-0.5205078125
0.6095,-2.08203125,3.0029296875,-1.3212890625
0.61,-1.4814453125,3.1630859375,-2.1220703125
0.6105,-1.0810546875,3.2431640625,-2.6025390625
0.611,-0.640625,3.1630859375,-2.9228515625
0.6115,-0.16015625,2.802734375,-3.0830078125
0.612,0.6005859375,2.2421875,-3.283203125
0.6125,1.4013671875,1.76171875,-3.5634765625
0.613,2.001953125,1.2412109375,-3.68359375
0.6135,2.40234375,0.9208984375,-3.7236328125
0.614,2.5224609375,0.4404296875,-3.36328125
0.6145,2.6826171875,-0.16015625,-2.9228515625
0.615,2.8828125,-0.880859375,-2.5224609375
0.6155,3.0830078125,-1.6416015625,-1.9619140625
0.616,3.1630859375,-2.2021484375,-1.5615234375
0.6165,3.123046875,-2.6025390625,-1.0810546875
0.617,2.802734375,-2.72265625,-0.6005859375
0.6175,2.2421875,-2.8828125,0.1201171875
0.618,1.76171875,-3.203125,0.9208984375
0.6185,1.201171875,-3.36328125,1.6416015625
0.619,0.80078125,-3.443359375,2.08203125
0.6195,0.3203125,-3.203125,2.3623046875
0.62,-0.2802734375,-2.8828125,2.5625
0.6205,-1.0009765625,-2.322265625,2.802734375
0.621,-1.76171875,-1.8017578125,3.0029296875
0.6215,-2.2822265625,-1.361328125,3.0830078125
0.622,-2.6025390625,-1.0009765625,3.0830078125
0.6225,-2.72265625,-0.5205078125,2.72265625
0.623,-2.8828125,0.1201171875,2.2421875
0.6235,-3.1630859375,0.8408203125,1.841796875
0.624,-3.283203125,1.5615234375,1.28125
0.6245,-3.36328125,2.001953125,0.8408203125
0.625,-3.203125,2.3623046875,0.3603515625
0.6255,-2.802734375,2.5625,-0.2001953125
0.626,-2.2822265625,2.802734375,-0.9609375
0.6265,-1.7216796875,3.04296875,-1.7216796875
0.627,-1.28125,3.1630859375,-2.322265625
0.6275,-0.9208984375,3.2431640625,-2.7626953125
0.628,-0.3603515625,2.8828125,-2.962890625
0.6285,0.240234375,2.482421875,-3.1630859375
0.629,1.041015625,1.9619140625,-3.443359375
0.6295,1.7216796875,1.4814453125,-3.5634765625
0.63,2.162109375,1.0810546875,-3.603515625
0.6305,2.4423828125,0.640625,-3.4833984375
0.631,2.5625,0.1201171875,-3.1630859375
0.6315,2.6826171875,-0.6005859375,-2.6826171875
0.632,2.962890625,-1.28125,-2.2421875
0.6325,3.123046875,-1.9619140625,-1.76171875
0.633,3.1630859375,-2.40234375,-1.3212890625
0.6335,2.8427734375,-2.5625,-0.80078125
0.634,2.482421875,-2.7626953125,-0.240234375
0.6345,1.9619140625,-3.04296875,0.6005859375
0.635,1.4013671875,-3.203125,1.28125
0.6355,1.0009765625,-3.36328125,1.841796875
0.636,0.6005859375,-3.36328125,2.2421875
0.6365,0.0400390625,-2.962890625,2.40234375
0.637,-0.640625,-2.5625,2.6025390625
0.6375,-1.361328125,-2.08203125,2.8828125
0.638,-2.0419921875,-1.5615234375,3.04296875
0.6385,-2.4423828125,-1.201171875,3.0830078125
0.639,-2.642578125,-0.720703125,2.8427734375
0.6395,-2.802734375,-0.240234375,2.4423828125
0.64,-3.04296875,0.48046875,1.9619140625
0.6405,-3.2431640625,1.2412109375,1.4814453125
0.641,-3.36328125,1.8818359375,1.0810546875
0.6415,-3.36328125,2.2822265625,0.6005859375
0.642,-2.962890625,2.482421875,0.0400390625
0.6425,-2.482421875,2.6826171875,-0.640625
0.643,-1.9619140625,3.0029296875,-1.44140625
0.6435,-1.44140625,3.1630859375,-2.162109375
0.644,-1.041015625,3.2431640625,-2.642578125
0.6445,-0.6005859375,3.0830078125,-2.9228515625
0.645,0.080078125,2.6826171875,-3.123046875
0.6455,0.80078125,2.1220703125,-3.36328125
0.646,1.5615234375,1.6015625,-3.5634765625
0.6465,2.1220703125,1.12109375,-3.68359375
0.647,2.482421875,0.7607421875,-3.6435546875
0.6475,2.5625,0.240234375,-3.2431640625
0.648,2.72265625,-0.400390625,-2.8427734375
0.6485,2.962890625,-1.2412109375,-2.322265625
0.649,3.1630859375,-1.841796875,-1.8017578125
0.6495,3.203125,-2.322265625,-1.361328125
0.65,3.04296875,-2.6826171875,-0.9208984375
0.6505,2.6025390625,-2.802734375,-0.3203125
0.651,2.0419921875,-3.04296875,0.48046875
0.6515,1.4814453125,-3.283203125,1.28125
0.652,1.0009765625,-3.443359375,1.921875
0.6525,0.6005859375,-3.443359375,2.2822265625
0.653,0.1201171875,-3.123046875,2.5224609375
0.6535,-0.6005859375,-2.642578125,2.6826171875
0.654,-1.44140625,-2.0419921875,2.9228515625
0.6545,-2.08203125,-1.5615234375,3.123046875
0.655,-2.5625,-1.1611328125,3.123046875
0.6555,-2.8427734375,-0.80078125,2.962890625
0.656,-2.8828125,-0.2001953125,2.482421875
0.6565,-3.04296875,0.48046875,1.9619140625
0.657,-3.283203125,1.28125,1.521484375
0.6575,-3.4033203125,1.9619140625,1.0009765625
0.658,-3.36328125,2.3623046875,0.6005859375
0.6585,-3.0830078125,2.5625,0.080078125
0.659,-2.5625,2.72265625,-0.6005859375
0.6595,-1.9619140625,2.962890625,-1.44140625
0.66,-1.44140625,3.1630859375,-2.1220703125
0.6605,-1.0009765625,3.283203125,-2.72265625
0.661,-0.6005859375,3.203125,-3.04296875
0.6615,0.0,2.72265625,-3.1630859375
0.662,0.720703125,2.2421875,-3.36328125
0.6625,1.5615234375,1.6015625,-3.603515625
0.663,2.1220703125,1.201171875,-3.7236328125
0.6635,2.482421875,0.720703125,-3.68359375
0.664,2.642578125,0.2802734375,-3.4033203125
0.6645,2.72265625,-0.2802734375,-2.8828125
0.665,2.9228515625,-1.0009765625,-2.40234375
0.6655,3.1630859375,-1.76171875,-1.921875
0.666,3.2431640625,-2.3623046875,-1.4013671875
0.6665,3.1630859375,-2.6826171875,-1.0009765625
0.667,2.72265625,-2.8427734375,-0.4404296875
0.6675,2.2421875,-3.04296875,0.240234375
0.668,1.6015625,-3.283203125,1.1611328125
0.6685,1.12109375,-3.4033203125,1.76171875
0.669,0.6806640625,-3.4833984375,2.2421875
0.6695,0.2802734375,-3.3232421875,2.5224609375
0.67,-0.400390625,-2.7626953125,2.642578125
0.6705,-1.1611328125,-2.2822265625,2.8828125
0.671,-1.9619140625,-1.681640625,3.123046875
0.6715,-2.5224609375,-1.28125,3.203125
0.672,-2.802734375,-0.9208984375,3.0830078125
0.6725,-2.9228515625,-0.3203125,2.72265625
0.673,-3.0830078125,0.3203125,2.2421875
0.6735,-3.283203125,1.201171875,1.6416015625
0.674,-3.443359375,1.8818359375,1.12109375
0.6745,-3.4833984375,2.40234375,0.640625
0.675,-3.283203125,2.6826171875,0.240234375
0.6755,-2.72265625,2.72265625,-0.4404296875
0.676,-2.2021484375,3.0029296875,-1.2412109375
0.6765,-1.521484375,3.203125,-2.1220703125
0.677,-1.0810546875,3.3232421875,-2.72265625
0.6775,-0.640625,3.2431640625,-3.0830078125
0.678,-0.16015625,3.0029296875,-3.2431640625
0.6785,0.6005859375,2.3623046875,-3.36328125
0.679,1.44140625,1.76171875,-3.603515625
0.6795,2.1220703125,1.201171875,-3.7236328125
0.68,2.5625,0.7607421875,-3.8037109375
0.6805,2.72265625,0.400390625,-3.5634765625
0.681,2.72265625,-0.2001953125,-3.0029296875
0.6815,2.8828125,-0.880859375,-2.5224609375
0.682,3.123046875,-1.7216796875,-1.921875
0.6825,3.203125,-2.2822265625,-1.44140625
0.683,3.1630859375,-2.6826171875,-1.0009765625
0.6835,2.8828125,-2.8828125,-0.6005859375
0.684,2.322265625,-2.9228515625,0.1201171875
0.6845,1.76171875,-3.203125,0.9208984375
0.685,1.201171875,-3.36328125,1.6416015625
0.6855,0.7607421875,-3.4833984375,2.2021484375
0.686,0.3603515625,-3.3232421875,2.4423828125
0.6865,-0.16015625,-2.962890625,2.6025390625
0.687,-0.880859375,-2.5224609375,2.802734375
0.6875,-1.76171875,-1.8818359375,3.04296875
0.688,-2.2822265625,-1.44140625,3.1630859375
0.6885,-2.72265625,-1.0009765625,3.1630859375
0.689,-2.8828125,-0.6005859375,2.8828125
0.6895,-2.9228515625,0.080078125,2.40234375
0.69,-3.203125,0.7607421875,1.921875
0.6905,-3.36328125,1.6015625,1.361328125
0.691,-3.5234375,2.162109375,0.880859375
0.6915,-3.4033203125,2.5224609375,0.4404296875
0.692,-3.04296875,2.72265625,-0.1201171875
0.6925,-2.482421875,2.8828125,-0.880859375
0.693,-1.841796875,3.1630859375,-1.76171875
0.6935,-1.28125,3.3232421875,-2.4423828125
0.694,-0.8408203125,3.443359375,-3.0029296875
0.6945,-0.3603515625,3.1630859375,-3.203125
0.695,0.2802734375,2.642578125,-3.36328125
0.6955,1.12109375,2.0419921875,-3.6435546875
0.696,2.001953125,1.361328125,-3.84375
0.6965,2.5224609375,0.9609375,-3.8837890625
0.697,2.8427734375,0.48046875,-3.7236328125
0.6975,2.8828125,0.0,-3.36328125
0.698,2.962890625,-0.7607421875,-2.642578125
0.6985,3.203125,-1.6015625,-2.08203125
0.699,3.3232421875,-2.3623046875,-1.4814453125
0.6995,3.36328125,-2.8427734375,-1.0810546875
0.7,3.04296875,-3.04296875,-0.6005859375
0.7005,2.5224609375,-3.0830078125,0.080078125
0.701,1.841796875,-3.283203125,0.9609375
0.7015,1.1611328125,-3.5234375,1.841796875
0.702,0.640625,-3.5234375,2.322265625
0.7025,0.2802734375,-3.4833984375,2.6826171875
0.703,-0.2802734375,-3.0830078125,2.962890625
0.7035,-1.0009765625,-2.4423828125,2.8427734375
0.704,-1.8017578125,-1.8818359375,3.04296875
0.7045,-2.5224609375,-1.2412109375,3.203125
0.705,-2.8828125,-0.8408203125,3.203125
0.7055,-3.04296875,-0.400390625,2.8427734375
0.706,-3.0830078125,0.1201171875,2.40234375
0.7065,-3.1630859375,0.8408203125,1.8818359375
0.707,-3.3232421875,1.6015625,1.28125
0.7075,-3.443359375,2.2021484375,0.7607421875
0.708,-3.443359375,2.6025390625,0.3603515625
0.7085,-3.0830078125,2.72265625,-0.1201171875
0.709,-2.482421875,2.802734375,-0.80078125
0.7095,-1.9619140625,3.123046875,-1.6015625
0.71,-1.28125,3.283203125,-2.40234375
0.7105,-0.880859375,3.3232421875,-2.8828125
0.711,-0.400390625,3.3232421875,-3.203125
0.7115,0.080078125,2.8427734375,-3.36328125
0.712,0.880859375,2.2021484375,-3.5234375
0.7125,1.7216796875,1.6416015625,-3.7236328125
0.713,2.3623046875,1.0810546875,-3.84375
0.7135,2.7626953125,0.6806640625,-3.84375
0.714,2.8427734375,0.240234375,-3.5234375
0.7145,2.9228515625,-0.400390625,-2.962890625
0.715,3.1630859375,-1.2412109375,-2.4423828125
0.7155,3.3232421875,-2.08203125,-1.8017578125
0.716,3.443359375,-2.6025390625,-1.3212890625
0.7165,3.3232421875,-3.04296875,-0.8408203125
0.717,2.8828125,-3.1630859375,-0.2802734375
0.7175,2.162109375,-3.203125,0.6005859375
0.718,1.521484375,-3.5634765625,1.4814453125
0.7185,0.880859375,-3.603515625,2.2421875
0.719,0.400390625,-3.7236328125,2.72265625
0.7195,0.0,-3.36328125,2.802734375
0.72,-0.80078125,-2.72265625,3.0029296875
0.7205,-1.6416015625,-2.0419921875,3.1630859375
0.721,-2.40234375,-1.44140625,3.3232421875
0.7215,-2.9228515625,-0.9208984375,3.283203125
0.722,-3.1630859375,-0.560546875,3.1630859375
0.7225,-3.1630859375,0.0400390625,2.6025390625
0.723,-3.1630859375,0.7607421875,1.9619140625
0.7235,-3.36328125,1.5615234375,1.4013671875
0.724,-3.4833984375,2.2421875,0.8408203125
0.7245,-3.4833984375,2.6025390625,0.4404296875
0.725,-3.1630859375,2.802734375,-0.080078125
0.7255,-2.642578125,2.8828125,-0.720703125
0.726,-1.9619140625,3.0029296875,-1.5615234375
0.7265,-1.3212890625,3.203125,-2.2822265625
0.727,-0.880859375,3.1630859375,-2.8828125
0.7275,-0.5205078125,3.2431640625,-3.203125
0.728,0.0,2.8427734375,-3.203125
0.7285,0.6806640625,2.2822265625,-3.4033203125
0.729,1.4814453125,1.7216796875,-3.6435546875
0.7295,2.2021484375,1.1611328125,-3.7236328125
0.73,2.5625,0.7607421875,-3.7236328125
0.7305,2.802734375,0.3203125,-3.5634765625
0.731,2.8427734375,-0.2001953125,-3.123046875
0.7315,2.9228515625,-0.880859375,-2.5625
0.732,3.1630859375,-1.6416015625,-2.0419921875
0.7325,3.283203125,-2.322265625,-1.4814453125
0.733,3.3232421875,-2.7626953125,-1.0810546875
0.7335,2.962890625,-2.9228515625,-0.6005859375
0.734,2.5224609375,-3.0830078125,0.0400390625
0.7345,1.921875,-3.283203125,0.9208984375
0.735,1.28125,-3.5634765625,1.681640625
0.7355,0.7607421875,-3.603515625,2.2421875
0.736,0.3203125,-3.5634765625,2.6826171875
0.7365,-0.2001953125,-3.0830078125,2.7626953125
0.737,-1.0009765625,-2.5224609375,2.9228515625
0.7375,-1.8017578125,-1.9619140625,3.1630859375
0.738,-2.5224609375,-1.3212890625,3.3232421875
0.7385,-2.8828125,-0.9609375,3.283203125
0.739,-3.04296875,-0.4404296875,2.962890625
0.7395,-3.1630859375,0.2001953125,2.482421875
0.74,-3.283203125,1.0009765625,1.8017578125
0.7405,-3.5234375,1.76171875,1.28125
0.741,-3.5634765625,2.40234375,0.720703125
0.7415,-3.4833984375,2.7626953125,0.2802734375
0.742,-2.962890625,2.8427734375,-0.3203125
0.7425,-2.322265625,3.0029296875,-1.12109375
0.743,-1.6416015625,3.203125,-2.08203125
0.7435,-1.12109375,3.3232421875,-2.72265625
0.744,-0.6806640625,3.283203125,-3.123046875
0.7445,-0.2001953125,3.123046875,-3.283203125
0.745,0.48046875,2.5224609375,-3.36328125
0.7455,1.28125,1.841796875,-3.5634765625
0.746,2.0419921875,1.28125,-3.7236328125
0.7465,2.5625,0.80078125,-3.763671875
0.747,2.7626953125,0.4404296875,-3.6435546875
0.7475,2.802734375,-0.080078125,-3.1630859375
0.748,2.8828125,-0.720703125,-2.642578125
0.7485,3.0830078125,-1.5615234375,-2.001953125
0.749,3.203125,-2.162109375,-1.521484375
0.7495,3.203125,-2.6025390625,-1.0810546875
0.75,3.0830078125,-2.8828125,-0.6806640625
0.7505,2.5625,-2.962890625,0.0
0.751,1.9619140625,-3.1630859375,0.640625
0.7515,1.361328125,-3.4033203125,1.44140625
0.752,0.8408203125,-3.5634765625,2.08203125
0.7525,0.48046875,-3.4833984375,2.5224609375
0.753,0.0,-3.1630859375,2.6826171875
0.7535,-0.640625,-2.72265625,2.8427734375
0.754,-1.521484375,-2.08203125,3.04296875
0.7545,-2.2021484375,-1.5615234375,3.1630859375
0.755,-2.72265625,-1.0810546875,3.203125
0.7555,-2.9228515625,-0.6806640625,3.123046875
0.756,-3.0029296875,-0.16015625,2.6025390625
0.7565,-3.1630859375,0.560546875,2.1220703125
0.757,-3.4033203125,1.4013671875,1.521484375
0.7575,-3.5234375,2.0419921875,1.0009765625
0.758,-3.4833984375,2.482421875,0.6005859375
0.7585,-3.203125,2.72265625,0.080078125
0.759,-2.642578125,2.8427734375,-0.640625
0.7595,-2.001953125,3.04296875,-1.521484375
0.76,-1.44140625,3.203125,-2.2822265625
0.7605,-1.0009765625,3.4033203125,-2.8427734375
0.761,-0.6005859375,3.3232421875,-3.1630859375
0.7615,0.0400390625,2.8427734375,-3.283203125
0.762,0.7607421875,2.2822265625,-3.4833984375
0.7625,1.681640625,1.6015625,-3.7236328125
0.763,2.2421875,1.12109375,-3.8037109375
0.7635,2.642578125,0.6806640625,-3.7236328125
0.764,2.7626953125,0.2802734375,-3.4833984375
0.7645,2.802734375,-0.400390625,-2.8828125
0.765,3.0029296875,-1.12109375,-2.3623046875
0.7655,3.1630859375,-1.8818359375,-1.8017578125
0.766,3.3232421875,-2.5224609375,-1.3212890625
0.7665,3.1630859375,-2.7626953125,-0.9208984375
0.767,2.7626953125,-2.962890625,-0.400390625
0.7675,2.2421875,-3.0830078125,0.3203125
0.768,1.5615234375,-3.36328125,1.2412109375
0.7685,1.041015625,-3.4033203125,1.8818359375
0.769,0.6005859375,-3.4833984375,2.3623046875
0.7695,0.2001953125,-3.3232421875,2.6025390625
0.77,-0.48046875,-2.7626953125,2.642578125
0.7705,-1.1611328125,-2.2822265625,2.8828125
0.771,-1.9619140625,-1.6416015625,3.0830078125
0.7715,-2.5625,-1.201171875,3.1630859375
0.772,-2.7626953125,-0.80078125,3.04296875
0.7725,-2.8828125,-0.3603515625,2.72265625
0.773,-3.0029296875,0.2802734375,2.2421875
0.7735,-3.203125,1.041015625,1.681640625
0.774,-3.36328125,1.7216796875,1.201171875
0.7745,-3.443359375,2.2822265625,0.720703125
0.775,-3.283203125,2.482421875,0.2802734375
0.7755,-2.8427734375,2.6025390625,-0.3203125
0.776,-2.3623046875,2.8427734375,-1.0009765625
0.7765,-1.681640625,3.123046875,-1.8818359375
0.777,-1.2412109375,3.2431640625,-2.4423828125
0.7775,-0.80078125,3.2431640625,-2.8828125
0.778,-0.3603515625,3.04296875,-3.0830078125
0.7785,0.2802734375,2.5224609375,-3.203125
0.779,1.0810546875,1.9619140625,-3.4833984375
0.7795,1.76171875,1.4814453125,-3.6435546875
0.78,2.322265625,1.0009765625,-3.763671875
0.7805,2.5625,0.640625,-3.603515625
0.781,2.642578125,0.1201171875,-3.203125
0.7815,2.8427734375,-0.5205078125,-2.7626953125
0.782,3.04296875,-1.361328125,-2.2021484375
0.7825,3.203125,-2.001953125,-1.76171875
0.783,3.2431640625,-2.5224609375,-1.28125
0.7835,3.04296875,-2.802734375,-0.8408203125
0.784,2.5224609375,-2.9228515625,-0.2001953125
0.7845,2.001953125,-3.1630859375,0.6005859375
0.785,1.4013671875,-3.36328125,1.44140625
0.7855,0.9609375,-3.5234375,2.0419921875
0.786,0.560546875,-3.4033203125,2.3623046875
0.7865,0.0400390625,-3.0830078125,2.5224609375
0.787,-0.6806640625,-2.6025390625,2.7626953125
0.7875,-1.5615234375,-2.001953125,3.0029296875
0.788,-2.2021484375,-1.521484375,3.1630859375
0.7885,-2.642578125,-1.041015625,3.1630859375
0.789,-2.8427734375,-0.640625,2.9228515625
0.7895,-2.8828125,0.0,2.40234375
0.79,-3.123046875,0.640625,1.9619140625
0.7905,-3.36328125,1.4814453125,1.361328125
0.791,-3.443359375,2.001953125,0.9208984375
0.7915,-3.36328125,2.3623046875,0.48046875
0.792,-3.04296875,2.5625,0.0
0.7925,-2.4423828125,2.72265625,-0.720703125
0.793,-1.8818359375,3.04296875,-1.6015625
0.7935,-1.3212890625,3.1630859375,-2.2822265625
0.794,-0.9609375,3.3232421875,-2.802734375
0.7945,-0.5205078125,3.0830078125,-3.04296875
0.795,0.1201171875,2.6025390625,-3.1630859375
0.7955,0.8408203125,2.162109375,-3.36328125
0.796,1.6416015625,1.5615234375,-3.5634765625
0.7965,2.162109375,1.12109375,-3.68359375
0.797,2.482421875,0.6806640625,-3.5634765625
0.7975,2.6025390625,0.2802734375,-3.3232421875
0.798,2.6826171875,-0.3603515625,-2.802734375
0.7985,2.8828125,-1.041015625,-2.322265625
0.799,3.0830078125,-1.8017578125,-1.8017578125
0.7995,3.203125,-2.3623046875,-1.44140625
0.8,3.04296875,-2.642578125,-1.0009765625
0.8005,2.642578125,-2.7626953125,-0.400390625
0.801,2.2021484375,-2.962890625,0.2802734375
0.8015,1.5615234375,-3.203125,1.12109375
0.802,1.12109375,-3.36328125,1.7216796875
0.8025,0.720703125,-3.4033203125,2.2021484375
0.803,0.2802734375,-3.203125,2.40234375
0.8035,-0.3603515625,-2.72265625,2.5224609375
0.804,-1.0810546875,-2.2822265625,2.8427734375
0.8045,-1.841796875,-1.76171875,3.04296875
0.805,-2.3623046875,-1.3212890625,3.123046875
0.8055,-2.6025390625,-0.9208984375,3.0029296875
0.806,-2.7626953125,-0.4404296875,2.6826171875
0.8065,-2.962890625,0.2001953125,2.2421875
0.807,-3.203125,0.9609375,1.7216796875
0.8075,-3.36328125,1.6015625,1.2412109375
0.808,-3.443359375,2.162109375,0.7607421875
0.8085,-3.203125,2.4423828125,0.3203125
0.809,-2.72265625,2.5625,-0.3603515625
0.8095,-2.2822265625,2.8828125,-1.0810546875
0.81,-1.6416015625,3.1630859375,-1.9619140625
0.8105,-1.2412109375,3.2431640625,-2.5224609375
0.811,-0.7607421875,3.203125,-2.8828125
0.8115,-0.3203125,2.9228515625,-3.0830078125
0.812,0.48046875,2.3623046875,-3.2431640625
0.8125,1.28125,1.841796875,-3.5234375
0.813,1.921875,1.3212890625,-3.6435546875
0.8135,2.3623046875,0.9609375,-3.7236328125
0.814,2.5224609375,0.48046875,-3.443359375
0.8145,2.6025390625,-0.080078125,-3.0029296875
0.815,2.8427734375,-0.80078125,-2.5625
0.8155,3.04296875,-1.6015625,-2.001953125
0.816,3.1630859375,-2.162109375,-1.6015625
0.8165,3.123046875,-2.5625,-1.12109375
0.817,2.8427734375,-2.72265625,-0.640625
0.8175,2.2421875,-2.8427734375,0.0400390625
0.818,1.76171875,-3.123046875,0.8408203125
0.8185,1.2412109375,-3.283203125,1.5615234375
0.819,0.880859375,-3.4033203125,2.0419921875
0.8195,0.400390625,-3.203125,2.2822265625
0.82,-0.16015625,-2.8828125,2.482421875
0.8205,-0.8408203125,-2.3623046875,2.6826171875
0.821,-1.6015625,-1.8818359375,2.9228515625
0.8215,-2.1220703125,-1.44140625,3.04296875
0.822,-2.5224609375,-1.041015625,3.04296875
0.8225,-2.642578125,-0.640625,2.7626953125
0.823,-2.7626953125,-0.080078125,2.2822265625
0.8235,-3.0830078125,0.6005859375,1.921875
0.824,-3.203125,1.28125,1.361328125
0.8245,-3.3232421875,1.921875,1.0009765625
0.825,-3.203125,2.2421875,0.560546875
0.8255,-2.9228515625,2.482421875,0.0
0.826,-2.4423828125,2.6826171875,-0.6806640625
0.8265,-1.9619140625,2.962890625,-1.4814453125
0.827,-1.44140625,3.1630859375,-2.1220703125
0.8275,-1.041015625,3.2431640625,-2.6025390625
0.828,-0.6005859375,3.04296875,-2.8828125
0.8285,0.0400390625,2.6025390625,-3.0830078125
0.829,0.7607421875,2.162109375,-3.36328125
0.8295,1.5615234375,1.6015625,-3.603515625
0.83,2.0419921875,1.2412109375,-3.7236328125
0.8305,2.40234375,0.7607421875,-3.5634765625
0.831,2.5625,0.2802734375,-3.283203125
0.8315,2.6826171875,-0.4404296875,-2.802734375
0.832,3.0029296875,-1.2412109375,-2.3623046875
0.8325,3.1630859375,-1.8818359375,-1.8017578125
0.833,3.2431640625,-2.40234375,-1.361328125
0.8335,3.0029296875,-2.6025390625,-0.880859375
0.834,2.5625,-2.802734375,-0.2802734375
0.8345,2.0419921875,-3.0830078125,0.560546875
0.835,1.44140625,-3.283203125,1.3212890625
0.8355,1.0009765625,-3.4033203125,1.921875
0.836,0.6005859375,-3.4033203125,2.322265625
0.8365,0.0400390625,-3.0830078125,2.482421875
0.837,-0.6806640625,-2.5224609375,2.6826171875
0.8375,-1.4814453125,-2.001953125,2.9228515625
0.838,-2.162109375,-1.4814453125,3.123046875
0.8385,-2.5625,-1.12109375,3.1630859375
0.839,-2.72265625,-0.6806640625,2.8427734375
0.8395,-2.8828125,-0.16015625,2.40234375
0.84,-3.0830078125,0.6005859375,1.921875
0.8405,-3.2431640625,1.4013671875,1.4013671875
0.841,-3.36328125,1.9619140625,0.9609375
0.8415,-3.36328125,2.40234375,0.5205078125
0.842,-2.962890625,2.5224609375,0.0
0.8425,-2.4423828125,2.6826171875,-0.6806640625
0.843,-1.921875,3.0029296875,-1.521484375
0.8435,-1.361328125,3.1630859375,-2.2421875
0.844,-0.9609375,3.2431640625,-2.72265625
0.8445,-0.5205078125,3.04296875,-3.0029296875
0.845,0.080078125,2.6826171875,-3.203125
0.8455,0.8408203125,2.08203125,-3.36328125
0.846,1.5615234375,1.5615234375,-3.603515625
0.8465,2.2021484375,1.12109375,-3.68359375
0.847,2.5224609375,0.6806640625,-3.7236328125
0.8475,2.6025390625,0.240234375,-3.283203125
0.848,2.72265625,-0.400390625,-2.8828125
0.8485,3.0029296875,-1.12109375,-2.3623046875
0.849,3.1630859375,-1.841796875,-1.8017578125
0.8495,3.203125,-2.322265625,-1.4013671875
0.85,3.123046875,-2.72265625,-0.9208984375
0.8505,2.72265625,-2.8828125,-0.400390625
0.851,2.1220703125,-3.04296875,0.400390625
0.8515,1.5615234375,-3.283203125,1.2412109375
0.852,1.041015625,-3.443359375,1.921875
0.8525,0.640625,-3.5234375,2.322265625
0.853,0.16015625,-3.203125,2.5224609375
0.8535,-0.5205078125,-2.72265625,2.6826171875
0.854,-1.361328125,-2.1220703125,2.9228515625
0.8545,-2.08203125,-1.6015625,3.123046875
0.855,-2.5625,-1.2412109375,3.1630859375
0.8555,-2.8427734375,-0.80078125,3.04296875
0.856,-2.8828125,-0.2802734375,2.5625
0.8565,-3.0029296875,0.4404296875,2.08203125
0.857,-3.283203125,1.28125,1.5615234375
0.8575,-3.4033203125,1.921875,1.041015625
0.858,-3.4033203125,2.3623046875,0.640625
0.8585,-3.123046875,2.6025390625,0.1201171875
0.859,-2.6025390625,2.72265625,-0.5205078125
0.8595,-2.001953125,2.962890625,-1.361328125
0.86,-1.44140625,3.1630859375,-2.1220703125
0.8605,-1.0009765625,3.2431640625,-2.72265625
0.861,-0.640625,3.2431640625,-3.0830078125
0.8615,0.0,2.802734375,-3.1630859375
0.862,0.640625,2.2822265625,-3.36328125
0.8625,1.521484375,1.6416015625,-3.5634765625
0.863,2.1220703125,1.1611328125,-3.7236328125
0.8635,2.482421875,0.720703125,-3.68359375
0.864,2.6826171875,0.2802734375,-3.5234375
0.8645,2.7626953125,-0.2802734375,-2.962890625
0.865,2.8828125,-1.0009765625,-2.40234375
0.8655,3.1630859375,-1.7216796875,-1.921875
0.866,3.2431640625,-2.3623046875,-1.4013671875
0.8665,3.2431640625,-2.72265625,-1.0009765625
0.867,2.802734375,-2.8427734375,-0.5205078125
0.8675,2.2822265625,-3.0029296875,0.240234375
0.868,1.6416015625,-3.2431640625,1.12109375
0.8685,1.12109375,-3.36328125,1.76171875
0.869,0.6806640625,-3.4833984375,2.2421875
0.8695,0.2802734375,-3.36328125,2.5224609375
0.87,-0.3603515625,-2.8427734375,2.642578125
0.8705,-1.0810546875,-2.2822265625,2.8427734375
0.871,-1.8818359375,-1.76171875,3.04296875
0.8715,-2.482421875,-1.28125,3.1630859375
0.872,-2.7626953125,-0.9609375,3.0830078125
0.8725,-2.8828125,-0.400390625,2.72265625
0.873,-2.962890625,0.2001953125,2.2822265625
0.8735,-3.203125,1.0009765625,1.7216796875
0.874,-3.36328125,1.6416015625,1.2412109375
0.8745,-3.4033203125,2.2421875,0.7607421875
0.875,-3.283203125,2.5224609375,0.3203125
0.8755,-2.8427734375,2.642578125,-0.3203125
0.876,-2.2822265625,2.8427734375,-1.0009765625
0.8765,-1.681640625,3.123046875,-1.921875
0.877,-1.201171875,3.283203125,-2.5224609375
0.8775,-0.80078125,3.283203125,-2.9228515625
0.878,-0.3203125,3.04296875,-3.1630859375
0.8785,0.3603515625,2.5224609375,-3.283203125
0.879,1.201171875,1.921875,-3.5634765625
0.8795,1.921875,1.361328125,-3.7236328125
0.88,2.482421875,0.880859375,-3.84375
0.8805,2.72265625,0.5205078125,-3.68359375
0.881,2.802734375,0.0,-3.203125
0.8815,2.9228515625,-0.6806640625,-2.6826171875
0.882,3.1630859375,-1.6015625,-2.08203125
0.8825,3.3232421875,-2.2421875,-1.6015625
0.883,3.283203125,-2.72265625,-1.12109375
0.8835,3.0830078125,-2.962890625,-0.640625
0.884,2.482421875,-3.04296875,0.0400390625
0.8845,1.841796875,-3.2431640625,0.9208984375
0.885,1.201171875,-3.4833984375,1.76171875
0.8855,0.7607421875,-3.603515625,2.3623046875
0.886,0.3203125,-3.4833984375,2.642578125
0.8865,-0.2802734375,-3.0830078125,2.7626953125
0.887,-1.041015625,-2.5224609375,2.9228515625
0.8875,-1.9619140625,-1.8017578125,3.1630859375
0.888,-2.5625,-1.3212890625,3.2431640625
0.8885,-2.962890625,-0.80078125,3.203125
0.889,-3.0830078125,-0.400390625,2.962890625
0.8895,-3.0830078125,0.2802734375,2.322265625
0.89,-3.203125,1.0009765625,1.76171875
0.8905,-3.4833984375,1.841796875,1.1611328125
0.891,-3.5634765625,2.40234375,0.720703125
0.8915,-3.36328125,2.6826171875,0.240234375
0.892,-2.962890625,2.8427734375,-0.2802734375
0.8925,-2.322265625,2.9228515625,-1.041015625
0.893,-1.681640625,3.1630859375,-1.9619140625
0.8935,-1.12109375,3.2431640625,-2.5625
0.894,-0.720703125,3.3232421875,-3.0830078125
0.8945,-0.2802734375,3.123046875,-3.2431640625
0.895,0.3603515625,2.5224609375,-3.36328125
0.8955,1.12109375,1.9619140625,-3.5634765625
0.896,1.921875,1.28125,-3.763671875
0.8965,2.482421875,0.9208984375,-3.8037109375
0.897,2.72265625,0.48046875,-3.68359375
0.8975,2.8427734375,0.080078125,-3.36328125
0.898,2.8828125,-0.6005859375,-2.7626953125
0.8985,3.04296875,-1.361328125,-2.2021484375
0.899,3.2431640625,-2.08203125,-1.681640625
0.8995,3.3232421875,-2.642578125,-1.201171875
0.9,3.1630859375,-2.9228515625,-0.80078125
0.9005,2.6826171875,-3.04296875,-0.2001953125
0.901,2.162109375,-3.203125,0.6005859375
0.9015,1.4013671875,-3.443359375,1.521484375
0.902,0.9208984375,-3.5634765625,2.162109375
0.9025,0.48046875,-3.603515625,2.6025390625
0.903,0.0,-3.36328125,2.802734375
0.9035,-0.720703125,-2.72265625,2.8427734375
0.904,-1.6015625,-2.2021484375,3.123046875
0.9045,-2.4423828125,-1.44140625,3.3232421875
0.905,-2.8828125,-1.041015625,3.36328125
0.9055,-3.123046875,-0.560546875,3.123046875
0.906,-3.1630859375,0.0,2.6826171875
0.9065,-3.283203125,0.7607421875,2.0419921875
0.907,-3.4833984375,1.6416015625,1.4013671875
0.9075,-3.5634765625,2.2822265625,0.880859375
0.908,-3.5634765625,2.7626953125,0.400390625
0.9085,-3.203125,2.8828125,-0.16015625
0.909,-2.5625,2.9228515625,-0.8408203125
0.9095,-1.9619140625,3.1630859375,-1.681640625
0.91,-1.2412109375,3.36328125,-2.5625
0.9105,-0.80078125,3.4033203125,-3.0830078125
0.911,-0.3603515625,3.203125,-3.36328125
0.9115,0.240234375,2.802734375,-3.4833984375
0.912,1.0009765625,2.0419921875,-3.5634765625
0.9125,1.841796875,1.521484375,-3.7236328125
0.913,2.4423828125,0.9208984375,-3.8037109375
0.9135,2.802734375,0.6005859375,-3.8037109375
0.914,2.8828125,0.1201171875,-3.4033203125
0.9145,2.8828125,-0.5205078125,-2.8828125
0.915,3.04296875,-1.1611328125,-2.3623046875
0.9155,3.203125,-2.001953125,-1.681640625
0.916,3.2431640625,-2.5224609375,-1.28125
0.9165,3.203125,-2.8828125,-0.80078125
0.917,2.8427734375,-3.04296875,-0.3603515625
0.9175,2.2021484375,-3.0830078125,0.3603515625
0.918,1.6015625,-3.3232421875,1.1611328125
0.9185,1.0009765625,-3.4833984375,1.921875
0.919,0.6005859375,-3.603515625,2.40234375
0.9195,0.16015625,-3.36328125,2.642578125
0.92,-0.400390625,-2.962890625,2.72265625
0.9205,-1.1611328125,-2.3623046875,2.962890625
0.921,-1.9619140625,-1.76171875,3.1630859375
0.9215,-2.5625,-1.28125,3.2431640625
0.922,-2.9228515625,-0.8408203125,3.203125
0.9225,-3.04296875,-0.3603515625,2.8828125
0.923,-3.0830078125,0.2802734375,2.2822265625
0.9235,-3.283203125,1.0009765625,1.841796875
0.924,-3.4833984375,1.841796875,1.201171875
0.9245,-3.5634765625,2.3623046875,0.7607421875
0.925,-3.36328125,2.6826171875,0.2802734375
0.9255,-2.962890625,2.8427734375,-0.3203125
0.926,-2.2822265625,2.962890625,-1.12109375
0.9265,-1.681640625,3.203125,-1.9619140625
0.927,-1.1611328125,3.3232421875,-2.6025390625
0.9275,-0.720703125,3.4033203125,-3.1630859375
0.928,-0.240234375,3.0029296875,-3.3232421875
0.9285,0.48046875,2.5224609375,-3.4033203125
0.929,1.3212890625,1.921875,-3.6435546875
0.9295,2.08203125,1.28125,-3.84375
0.93,2.5224609375,0.880859375,-3.8037109375
0.9305,2.8427734375,0.4404296875,-3.68359375
0.931,2.8828125,-0.1201171875,-3.203125
0.9315,2.9228515625,-0.8408203125,-2.5625
0.932,3.1630859375,-1.6416015625,-2.0419921875
0.9325,3.283203125,-2.322265625,-1.4814453125
0.933,3.3232421875,-2.7626953125,-1.0810546875
0.9335,2.962890625,-2.9228515625,-0.5205078125
0.934,2.4423828125,-3.04296875,0.080078125
0.9345,1.76171875,-3.2431640625,0.9609375
0.935,1.12109375,-3.4833984375,1.76171875
0.9355,0.6806640625,-3.5234375,2.2822265625
0.936,0.2802734375,-3.5634765625,2.5625
0.9365,-0.2802734375,-3.04296875,2.72265625
0.937,-1.0009765625,-2.4423828125,2.8427734375
0.9375,-1.8017578125,-1.8818359375,3.0830078125
0.938,-2.4423828125,-1.28125,3.203125
0.9385,-2.8427734375,-0.9208984375,3.203125
0.939,-3.0029296875,-0.48046875,2.8828125
0.9395,-3.0830078125,0.080078125,2.482421875
0.94,-3.203125,0.8408203125,1.921875
0.9405,-3.36328125,1.6015625,1.3212890625
0.941,-3.4833984375,2.2421875,0.80078125
0.9415,-3.4833984375,2.6826171875,0.400390625
0.942,-3.04296875,2.7626953125,-0.16015625
0.9425,-2.482421875,2.8828125,-0.880859375
0.943,-1.8818359375,3.1630859375,-1.76171875
0.9435,-1.28125,3.2431640625,-2.482421875
0.944,-0.8408203125,3.283203125,-2.962890625
0.9445,-0.400390625,3.203125,-3.2431640625
0.945,0.240234375,2.72265625,-3.36328125
0.9455,1.0009765625,2.08203125,-3.5234375
0.946,1.76171875,1.521484375,-3.7236328125
0.9465,2.40234375,0.9609375,-3.8037109375
0.947,2.6826171875,0.6005859375,-3.763671875
0.9475,2.802734375,0.1201171875,-3.3232421875
0.948,2.8828125,-0.5205078125,-2.8427734375
0.9485,3.04296875,-1.28125,-2.2421875
0.949,3.203125,-1.9619140625,-1.7216796875
0.9495,3.2431640625,-2.5224609375,-1.2412109375
0.95,3.1630859375,-2.8828125,-0.80078125
0.9505,2.6826171875,-2.9228515625,-0.2802734375
0.951,2.0419921875,-3.0830078125,0.48046875
0.9515,1.521484375,-3.36328125,1.28125
0.952,0.9609375,-3.5234375,1.9619140625
0.9525,0.560546875,-3.4833984375,2.40234375
0.953,0.080078125,-3.203125,2.6025390625
0.9535,-0.560546875,-2.72265625,2.72265625
0.954,-1.361328125,-2.1220703125,2.9228515625
0.9545,-2.0419921875,-1.6015625,3.123046875
0.955,-2.6025390625,-1.1611328125,3.1630859375
0.9555,-2.8828125,-0.80078125,3.123046875
0.956,-2.9228515625,-0.2802734375,2.642578125
0.9565,-3.04296875,0.400390625,2.162109375
0.957,-3.283203125,1.201171875,1.6015625
0.9575,-3.4033203125,1.921875,1.0810546875
0.958,-3.4033203125,2.322265625,0.640625
0.9585,-3.203125,2.6025390625,0.16015625
0.959,-2.72265625,2.6826171875,-0.48046875
0.9595,-2.1220703125,2.9228515625,-1.28125
0.96,-1.5615234375,3.1630859375,-2.0419921875
0.9605,-1.0810546875,3.283203125,-2.642578125
0.961,-0.6806640625,3.3232421875,-3.04296875
0.9615,-0.16015625,2.8828125,-3.1630859375
0.962,0.5205078125,2.40234375,-3.36328125
0.9625,1.4013671875,1.8017578125,-3.5634765625
0.963,2.001953125,1.28125,-3.7236328125
0.9635,2.482421875,0.880859375,-3.7236328125
0.964,2.6826171875,0.48046875,-3.5634765625
0.9645,2.72265625,-0.16015625,-3.0830078125
0.965,2.8427734375,-0.80078125,-2.5625
0.9655,3.123046875,-1.5615234375,-2.001953125
0.966,3.203125,-2.2421875,-1.521484375
0.9665,3.203125,-2.6025390625,-1.1611328125
0.967,2.8427734375,-2.802734375,-0.640625
0.9675,2.40234375,-2.962890625,0.0400390625
0.968,1.76171875,-3.1630859375,0.880859375
0.9685,1.28125,-3.3232421875,1.5615234375
0.969,0.80078125,-3.443359375,2.08203125
0.9695,0.4404296875,-3.36328125,2.40234375
0.97,-0.2001953125,-2.8828125,2.5224609375
0.9705,-0.8408203125,-2.4423828125,2.72265625
0.971,-1.6416015625,-1.8818359375,3.0029296875
0.9715,-2.2822265625,-1.4013671875,3.123046875
0.972,-2.6025390625,-1.041015625,3.123046875
0.9725,-2.7626953125,-0.6005859375,2.8427734375
0.973,-2.8828125,0.0,2.40234375
0.9735,-3.0830078125,0.7607421875,1.8818359375
0.974,-3.283203125,1.44140625,1.4013671875
0.9745,-3.4033203125,2.0419921875,0.9208984375
0.975,-3.36328125,2.3623046875,0.48046875
0.9755,-2.9228515625,2.5224609375,-0.080078125
0.976,-2.4423828125,2.802734375,-0.80078125
0.9765,-1.8818359375,3.04296875,-1.6416015625
0.977,-1.3212890625,3.203125,-2.322265625
0.9775,-0.9609375,3.283203125,-2.7626953125
0.978,-0.48046875,3.0830078125,-3.0830078125
0.9785,0.16015625,2.6025390625,-3.203125
0.979,0.9609375,2.0419921875,-3.443359375
0.9795,1.7216796875,1.5615234375,-3.68359375
0.98,2.2822265625,1.0810546875,-3.763671875
0.9805,2.5625,0.6806640625,-3.6435546875
0.981,2.642578125,0.16015625,-3.2431640625
0.9815,2.802734375,-0.48046875,-2.802734375
0.982,3.04296875,-1.3212890625,-2.2021484375
0.9825,3.1630859375,-1.9619140625,-1.7216796875
0.983,3.203125,-2.5224609375,-1.28125
0.9835,3.04296875,-2.802734375,-0.8408203125
0.984,2.5224609375,-2.8828125,-0.2001953125
0.9845,1.9619140625,-3.0830078125,0.6005859375
0.985,1.361328125,-3.283203125,1.4013671875
0.9855,0.9609375,-3.4833984375,2.001953125
0.986,0.5205078125,-3.36328125,2.3623046875
0.9865,0.0400390625,-3.0830078125,2.5224609375
0.987,-0.640625,-2.6025390625,2.6826171875
0.9875,-1.4814453125,-1.9619140625,2.9228515625
0.988,-2.08203125,-1.521484375,3.04296875
0.9885,-2.5625,-1.12109375,3.123046875
0.989,-2.72265625,-0.720703125,2.9228515625
0.9895,-2.802734375,-0.16015625,2.4423828125
0.99,-2.962890625,0.48046875,2.001953125
0.9905,-3.203125,1.28125,1.521484375
0.991,-3.36328125,1.841796875,1.041015625
0.9915,-3.283203125,2.2021484375,0.6005859375
0.992,-3.04296875,2.482421875,0.1201171875
0.9925,-2.5625,2.6025390625,-0.5205078125
0.993,-2.001953125,2.8828125,-1.28125
0.9935,-1.521484375,3.04296875,-1.9619140625
0.994,-1.12109375,3.203125,-2.5625
0.9945,-0.720703125,3.1630859375,-2.8828125
0.995,-0.16015625,2.7626953125,-3.04296875
0.9955,0.48046875,2.3623046875,-3.2431640625
0.996,1.3212890625,1.76171875,-3.5234375
0.9965,1.921875,1.3212890625,-3.603515625
0.997,2.322265625,0.9208984375,-3.6435546875
0.9975,2.5224609375,0.5205078125,-3.443359375
0.998,2.642578125,0.0,-3.0029296875
0.9985,2.7626953125,-0.8408203125,-2.4423828125
0.999,3.0830078125,-1.6015625,-2.08203125
0.9995,3.203125,-2.2421875,-1.6015625
