wavelength,x,y,z
0.0,-0.90087890625,-1.78173828125,2.98291015625
0.0005,-1.66162109375,-1.06103515625,3.14306640625
0.001,-2.30224609375,-0.54052734375,3.26318359375
0.0015,-2.70263671875,-0.18017578125,3.26318359375
0.002,-2.86279296875,0.26025390625,3.14306640625
0.0025,-2.82275390625,0.62060546875,2.66259765625
0.003,-2.70263671875,1.22119140625,1.94189453125
0.0035,-2.82275390625,1.82177734375,1.34130859375
0.004,-2.98291015625,2.42236328125,0.78076171875
0.0045,-2.94287109375,2.62255859375,0.46044921875
0.005,-2.70263671875,2.66259765625,-0.10009765625
0.0055,-2.22216796875,2.62255859375,-0.66064453125
0.006,-1.54150390625,2.66259765625,-1.46142578125
0.0065,-1.06103515625,2.74267578125,-2.22216796875
0.007,-0.62060546875,2.78271484375,-2.82275390625
0.0075,-0.30029296875,2.70263671875,-3.18310546875
0.008,0.30029296875,2.26220703125,-3.34326171875
0.0085,0.98095703125,1.54150390625,-3.46337890625
0.009,1.74169921875,0.90087890625,-3.62353515625
0.0095,2.42236328125,0.38037109375,-3.86376953125
0.01,2.74267578125,0.10009765625,-3.86376953125
0.0105,2.86279296875,-0.34033203125,-3.58349609375
0.011,2.86279296875,-0.82080078125,-3.06298828125
0.0115,2.82275390625,-1.46142578125,-2.30224609375
0.012,2.94287109375,-2.10205078125,-1.74169921875
0.0125,3.14306640625,-2.62255859375,-1.22119140625
0.013,3.06298828125,-2.82275390625,-0.82080078125
0.0135,2.66259765625,-2.86279296875,-0.30029296875
0.014,2.06201171875,-2.82275390625,0.50048828125
0.0145,1.38134765625,-2.86279296875,1.38134765625
0.015,0.90087890625,-2.94287109375,2.10205078125
0.0155,0.46044921875,-2.90283203125,2.62255859375
0.016,0.06005859375,-2.66259765625,2.86279296875
0.0165,-0.70068359375,-2.06201171875,3.02294921875
0.017,-1.46142578125,-1.30126953125,3.10302734375
0.0175,-2.18212890625,-0.66064453125,3.18310546875
0.018,-2.70263671875,-0.26025390625,3.34326171875
0.0185,-2.86279296875,0.14013671875,3.22314453125
0.019,-2.82275390625,0.54052734375,2.78271484375
0.0195,-2.74267578125,1.02099609375,2.18212890625
0.02,-2.74267578125,1.74169921875,1.42138671875
0.0205,-2.90283203125,2.22216796875,0.98095703125
0.021,-2.94287109375,2.54248046875,0.50048828125
0.0215,-2.82275390625,2.66259765625,0.14013671875
0.022,-2.34228515625,2.58251953125,-0.50048828125
0.0225,-1.74169921875,2.58251953125,-1.22119140625
0.023,-1.14111328125,2.66259765625,-1.94189453125
0.0235,-0.78076171875,2.74267578125,-2.58251953125
0.024,-0.42041015625,2.66259765625,-2.98291015625
0.0245,0.06005859375,2.38232421875,-3.18310546875
0.025,0.66064453125,1.78173828125,-3.34326171875
0.0255,1.42138671875,1.10107421875,-3.50341796875
0.026,2.06201171875,0.62060546875,-3.70361328125
0.0265,2.54248046875,0.26025390625,-3.82373046875
0.027,2.74267578125,-0.14013671875,-3.70361328125
0.0275,2.74267578125,-0.54052734375,-3.26318359375
0.028,2.74267578125,-1.14111328125,-2.66259765625
0.0285,2.86279296875,-1.78173828125,-1.98193359375
0.029,3.06298828125,-2.34228515625,-1.50146484375
0.0295,3.10302734375,-2.66259765625,-1.10107421875
0.03,2.86279296875,-2.78271484375,-0.62060546875
0.0305,2.38232421875,-2.82275390625,0.06005859375
0.031,1.74169921875,-2.82275390625,0.90087890625
0.0315,1.14111328125,-2.90283203125,1.74169921875
0.032,0.78076171875,-3.02294921875,2.42236328125
0.0325,0.34033203125,-2.90283203125,2.74267578125
0.033,-0.30029296875,-2.42236328125,2.90283203125
0.0335,-1.06103515625,-1.78173828125,3.06298828125
0.034,-1.94189453125,-0.98095703125,3.26318359375
0.0345,-2.54248046875,-0.46044921875,3.42333984375
0.035,-2.86279296875,0.02001953125,3.42333984375
0.0355,-2.94287109375,0.34033203125,3.14306640625
0.036,-2.86279296875,0.90087890625,2.46240234375
0.0365,-2.86279296875,1.54150390625,1.78173828125
0.037,-2.94287109375,2.22216796875,1.02099609375
0.0375,-3.10302734375,2.66259765625,0.62060546875
0.038,-2.90283203125,2.78271484375,0.14013671875
0.0385,-2.54248046875,2.74267578125,-0.42041015625
0.039,-1.90185546875,2.70263671875,-1.14111328125
0.0395,-1.22119140625,2.70263671875,-1.98193359375
0.04,-0.66064453125,2.78271484375,-2.66259765625
0.0405,-0.30029296875,2.70263671875,-3.14306640625
0.041,0.14013671875,2.42236328125,-3.34326171875
0.0415,0.70068359375,1.78173828125,-3.42333984375
0.042,1.42138671875,1.18115234375,-3.54345703125
0.0425,2.22216796875,0.50048828125,-3.66357421875
0.043,2.66259765625,0.18017578125,-3.82373046875
0.0435,2.78271484375,-0.22021484375,-3.62353515625
0.044,2.82275390625,-0.58056640625,-3.34326171875
0.0445,2.78271484375,-1.10107421875,-2.66259765625
0.045,2.74267578125,-1.66162109375,-1.98193359375
0.0455,2.90283203125,-2.26220703125,-1.46142578125
0.046,3.02294921875,-2.66259765625,-1.02099609375
0.0465,2.86279296875,-2.74267578125,-0.66064453125
0.047,2.42236328125,-2.70263671875,-0.14013671875
0.0475,1.90185546875,-2.74267578125,0.62060546875
0.048,1.26123046875,-2.82275390625,1.50146484375
0.0485,0.82080078125,-2.90283203125,2.18212890625
0.049,0.46044921875,-2.86279296875,2.62255859375
0.0495,0.02001953125,-2.62255859375,2.86279296875
0.05,-0.70068359375,-1.94189453125,2.94287109375
0.0505,-1.46142578125,-1.26123046875,3.14306640625
0.051,-2.26220703125,-0.62060546875,3.30322265625
0.0515,-2.70263671875,-0.30029296875,3.46337890625
0.052,-2.86279296875,0.14013671875,3.26318359375
0.0525,-2.90283203125,0.62060546875,2.82275390625
0.053,-2.90283203125,1.22119140625,2.18212890625
0.0535,-2.94287109375,1.94189453125,1.42138671875
0.054,-3.14306640625,2.50244140625,0.90087890625
0.0545,-3.14306640625,2.82275390625,0.46044921875
0.055,-2.86279296875,2.86279296875,0.02001953125
0.0555,-2.26220703125,2.74267578125,-0.78076171875
0.056,-1.62158203125,2.82275390625,-1.58154296875
0.0565,-0.98095703125,2.90283203125,-2.46240234375
0.057,-0.58056640625,2.90283203125,-3.06298828125
0.0575,-0.14013671875,2.62255859375,-3.38330078125
0.058,0.46044921875,2.26220703125,-3.54345703125
0.0585,1.30126953125,1.42138671875,-3.62353515625
0.059,2.06201171875,0.78076171875,-3.78369140625
0.0595,2.66259765625,0.22021484375,-3.86376953125
0.06,2.94287109375,-0.14013671875,-3.86376953125
0.0605,2.94287109375,-0.50048828125,-3.54345703125
0.061,2.86279296875,-1.02099609375,-2.82275390625
0.0615,2.82275390625,-1.62158203125,-2.18212890625
0.062,2.90283203125,-2.30224609375,-1.42138671875
0.0625,3.02294921875,-2.66259765625,-1.02099609375
0.063,2.90283203125,-2.86279296875,-0.62060546875
0.0635,2.54248046875,-2.82275390625,-0.14013671875
0.064,1.90185546875,-2.70263671875,0.62060546875
0.0645,1.30126953125,-2.78271484375,1.42138671875
0.065,0.74072265625,-2.86279296875,2.18212890625
0.0655,0.38037109375,-2.86279296875,2.62255859375
0.066,0.02001953125,-2.54248046875,2.82275390625
0.0665,-0.62060546875,-1.98193359375,2.90283203125
0.067,-1.34130859375,-1.30126953125,3.06298828125
0.0675,-2.10205078125,-0.66064453125,3.18310546875
0.068,-2.58251953125,-0.26025390625,3.34326171875
0.0685,-2.86279296875,0.14013671875,3.26318359375
0.069,-2.90283203125,0.46044921875,2.94287109375
0.0695,-2.78271484375,0.98095703125,2.30224609375
0.07,-2.86279296875,1.58154296875,1.66162109375
0.0705,-2.98291015625,2.26220703125,1.02099609375
0.071,-3.10302734375,2.62255859375,0.62060546875
0.0715,-2.94287109375,2.78271484375,0.18017578125
0.072,-2.58251953125,2.78271484375,-0.42041015625
0.0725,-1.94189453125,2.70263671875,-1.22119140625
0.073,-1.26123046875,2.78271484375,-2.06201171875
0.0735,-0.78076171875,2.86279296875,-2.78271484375
0.074,-0.42041015625,2.90283203125,-3.22314453125
0.0745,0.14013671875,2.50244140625,-3.46337890625
0.075,0.90087890625,1.82177734375,-3.58349609375
0.0755,1.66162109375,1.14111328125,-3.70361328125
0.076,2.50244140625,0.50048828125,-3.98388671875
0.0765,2.86279296875,0.14013671875,-3.98388671875
0.077,3.06298828125,-0.34033203125,-3.82373046875
0.0775,3.06298828125,-0.78076171875,-3.30322265625
0.078,2.94287109375,-1.46142578125,-2.46240234375
0.0785,3.02294921875,-2.14208984375,-1.78173828125
0.079,3.18310546875,-2.74267578125,-1.14111328125
0.0795,3.18310546875,-3.02294921875,-0.70068359375
0.08,2.78271484375,-3.02294921875,-0.22021484375
0.0805,2.10205078125,-2.90283203125,0.54052734375
0.081,1.34130859375,-2.94287109375,1.46142578125
0.0815,0.74072265625,-3.06298828125,2.26220703125
0.082,0.30029296875,-2.90283203125,2.82275390625
0.0825,-0.18017578125,-2.70263671875,3.10302734375
0.083,-0.74072265625,-2.06201171875,3.18310546875
0.0835,-1.54150390625,-1.26123046875,3.22314453125
0.084,-2.26220703125,-0.58056640625,3.26318359375
0.0845,-2.86279296875,0.02001953125,3.38330078125
0.085,-3.06298828125,0.30029296875,3.34326171875
0.0855,-3.06298828125,0.62060546875,2.90283203125
0.086,-2.90283203125,1.10107421875,2.30224609375
0.0865,-2.86279296875,1.74169921875,1.50146484375
0.087,-2.90283203125,2.30224609375,0.90087890625
0.0875,-2.98291015625,2.70263671875,0.38037109375
0.088,-2.94287109375,2.86279296875,0.02001953125
0.0885,-2.54248046875,2.74267578125,-0.50048828125
0.089,-1.90185546875,2.62255859375,-1.14111328125
0.0895,-1.22119140625,2.62255859375,-1.98193359375
0.09,-0.70068359375,2.82275390625,-2.74267578125
0.0905,-0.30029296875,2.74267578125,-3.18310546875
0.091,0.14013671875,2.54248046875,-3.46337890625
0.0915,0.70068359375,1.98193359375,-3.54345703125
0.092,1.46142578125,1.22119140625,-3.66357421875
0.0925,2.18212890625,0.62060546875,-3.82373046875
0.093,2.78271484375,0.14013671875,-3.98388671875
0.0935,3.06298828125,-0.22021484375,-3.94384765625
0.094,3.02294921875,-0.62060546875,-3.54345703125
0.0945,2.98291015625,-1.18115234375,-2.86279296875
0.095,3.02294921875,-1.90185546875,-2.10205078125
0.0955,3.18310546875,-2.54248046875,-1.46142578125
0.096,3.22314453125,-2.90283203125,-0.98095703125
0.0965,3.06298828125,-3.06298828125,-0.54052734375
0.097,2.58251953125,-3.06298828125,0.14013671875
0.0975,1.78173828125,-3.02294921875,0.98095703125
0.098,1.10107421875,-2.94287109375,1.86181640625
0.0985,0.62060546875,-3.14306640625,2.58251953125
0.099,0.18017578125,-2.94287109375,3.02294921875
0.0995,-0.38037109375,-2.50244140625,3.18310546875
0.1,-1.14111328125,-1.78173828125,3.26318359375
0.1005,-2.02197265625,-0.90087890625,3.38330078125
0.101,-2.70263671875,-0.34033203125,3.50341796875
0.1015,-3.06298828125,0.14013671875,3.50341796875
0.102,-3.18310546875,0.46044921875,3.26318359375
0.1025,-3.06298828125,0.94091796875,2.58251953125
0.103,-2.90283203125,1.54150390625,1.86181640625
0.1035,-2.94287109375,2.22216796875,1.02099609375
0.104,-3.10302734375,2.70263671875,0.54052734375
0.1045,-2.94287109375,2.86279296875,0.14013671875
0.105,-2.66259765625,2.82275390625,-0.38037109375
0.1055,-2.06201171875,2.70263671875,-1.02099609375
0.106,-1.30126953125,2.70263671875,-1.86181640625
0.1065,-0.70068359375,2.70263671875,-2.58251953125
0.107,-0.34033203125,2.78271484375,-3.14306640625
0.1075,0.06005859375,2.58251953125,-3.42333984375
0.108,0.58056640625,2.06201171875,-3.50341796875
0.1085,1.26123046875,1.34130859375,-3.54345703125
0.109,2.02197265625,0.62060546875,-3.66357421875
0.1095,2.58251953125,0.26025390625,-3.82373046875
0.11,2.86279296875,-0.14013671875,-3.82373046875
0.1105,2.94287109375,-0.50048828125,-3.58349609375
0.111,2.86279296875,-0.94091796875,-2.98291015625
0.1115,2.82275390625,-1.54150390625,-2.30224609375
0.112,2.90283203125,-2.10205078125,-1.66162109375
0.1125,3.10302734375,-2.66259765625,-1.22119140625
0.113,3.02294921875,-2.86279296875,-0.78076171875
0.1135,2.70263671875,-2.90283203125,-0.34033203125
0.114,2.18212890625,-2.82275390625,0.34033203125
0.1145,1.46142578125,-2.82275390625,1.26123046875
0.115,0.98095703125,-2.90283203125,1.94189453125
0.1155,0.58056640625,-2.94287109375,2.54248046875
0.116,0.18017578125,-2.78271484375,2.86279296875
0.1165,-0.50048828125,-2.22216796875,2.94287109375
0.117,-1.22119140625,-1.54150390625,3.14306640625
0.1175,-2.06201171875,-0.78076171875,3.30322265625
0.118,-2.66259765625,-0.38037109375,3.54345703125
0.1185,-2.86279296875,0.06005859375,3.38330078125
0.119,-2.98291015625,0.46044921875,3.06298828125
0.1195,-2.90283203125,0.98095703125,2.42236328125
0.12,-2.90283203125,1.70166015625,1.62158203125
0.1205,-3.06298828125,2.26220703125,1.06103515625
0.121,-3.18310546875,2.70263671875,0.58056640625
0.1215,-3.02294921875,2.82275390625,0.14013671875
0.122,-2.46240234375,2.78271484375,-0.50048828125
0.1225,-1.86181640625,2.78271484375,-1.26123046875
0.123,-1.14111328125,2.86279296875,-2.18212890625
0.1235,-0.66064453125,2.90283203125,-2.86279296875
0.124,-0.26025390625,2.82275390625,-3.22314453125
0.1245,0.22021484375,2.42236328125,-3.46337890625
0.125,0.94091796875,1.70166015625,-3.54345703125
0.1255,1.70166015625,0.98095703125,-3.70361328125
0.126,2.42236328125,0.42041015625,-3.78369140625
0.1265,2.86279296875,0.06005859375,-3.86376953125
0.127,2.90283203125,-0.30029296875,-3.66357421875
0.1275,2.86279296875,-0.74072265625,-3.18310546875
0.128,2.82275390625,-1.30126953125,-2.54248046875
0.1285,2.86279296875,-2.06201171875,-1.74169921875
0.129,3.02294921875,-2.54248046875,-1.26123046875
0.1295,2.98291015625,-2.82275390625,-0.86083984375
0.13,2.78271484375,-2.82275390625,-0.46044921875
0.1305,2.18212890625,-2.70263671875,0.26025390625
0.131,1.58154296875,-2.74267578125,0.98095703125
0.1315,0.98095703125,-2.82275390625,1.86181640625
0.132,0.62060546875,-2.90283203125,2.42236328125
0.1325,0.22021484375,-2.70263671875,2.74267578125
0.133,-0.30029296875,-2.34228515625,2.90283203125
0.1335,-0.98095703125,-1.66162109375,3.06298828125
0.134,-1.82177734375,-0.98095703125,3.18310546875
0.1345,-2.42236328125,-0.46044921875,3.34326171875
0.135,-2.82275390625,-0.10009765625,3.38330078125
0.1355,-2.90283203125,0.26025390625,3.18310546875
0.136,-2.82275390625,0.78076171875,2.58251953125
0.1365,-2.82275390625,1.30126953125,1.94189453125
0.137,-2.94287109375,1.98193359375,1.22119140625
0.1375,-3.14306640625,2.50244140625,0.78076171875
0.138,-3.02294921875,2.74267578125,0.34033203125
0.1385,-2.74267578125,2.78271484375,-0.14013671875
0.139,-2.10205078125,2.70263671875,-0.82080078125
0.1395,-1.50146484375,2.74267578125,-1.66162109375
0.14,-0.94091796875,2.82275390625,-2.42236328125
0.1405,-0.58056640625,2.90283203125,-3.02294921875
0.141,-0.14013671875,2.62255859375,-3.26318359375
0.1415,0.50048828125,2.10205078125,-3.38330078125
0.142,1.26123046875,1.42138671875,-3.54345703125
0.1425,2.06201171875,0.74072265625,-3.78369140625
0.143,2.58251953125,0.30029296875,-3.86376953125
0.1435,2.86279296875,-0.10009765625,-3.78369140625
0.144,2.86279296875,-0.46044921875,-3.50341796875
0.1445,2.78271484375,-1.10107421875,-2.78271484375
0.145,2.82275390625,-1.70166015625,-2.14208984375
0.1455,2.94287109375,-2.38232421875,-1.54150390625
0.146,3.10302734375,-2.70263671875,-1.10107421875
0.1465,2.86279296875,-2.82275390625,-0.62060546875
0.147,2.50244140625,-2.74267578125,-0.14013671875
0.1475,1.78173828125,-2.74267578125,0.70068359375
0.148,1.22119140625,-2.82275390625,1.54150390625
0.1485,0.70068359375,-2.86279296875,2.22216796875
0.149,0.38037109375,-2.86279296875,2.66259765625
0.1495,-0.14013671875,-2.50244140625,2.86279296875
0.15,-0.78076171875,-1.82177734375,2.90283203125
0.1505,-1.46142578125,-1.22119140625,3.06298828125
0.151,-2.26220703125,-0.58056640625,3.22314453125
0.1515,-2.70263671875,-0.26025390625,3.34326171875
0.152,-2.82275390625,0.18017578125,3.14306640625
0.1525,-2.86279296875,0.54052734375,2.82275390625
0.153,-2.74267578125,1.14111328125,2.06201171875
0.1535,-2.86279296875,1.74169921875,1.42138671875
0.154,-2.98291015625,2.38232421875,0.86083984375
0.1545,-3.06298828125,2.70263671875,0.46044921875
0.155,-2.82275390625,2.70263671875,0.06005859375
0.1555,-2.26220703125,2.70263671875,-0.62060546875
0.156,-1.66162109375,2.70263671875,-1.38134765625
0.1565,-1.10107421875,2.78271484375,-2.26220703125
0.157,-0.66064453125,2.82275390625,-2.82275390625
0.1575,-0.30029296875,2.70263671875,-3.18310546875
0.158,0.26025390625,2.30224609375,-3.38330078125
0.1585,0.98095703125,1.58154296875,-3.46337890625
0.159,1.74169921875,0.98095703125,-3.66357421875
0.1595,2.42236328125,0.42041015625,-3.82373046875
0.16,2.82275390625,0.06005859375,-3.90380859375
0.1605,2.86279296875,-0.34033203125,-3.58349609375
0.161,2.82275390625,-0.82080078125,-3.06298828125
0.1615,2.82275390625,-1.46142578125,-2.42236328125
0.162,2.90283203125,-2.06201171875,-1.74169921875
0.1625,3.06298828125,-2.58251953125,-1.26123046875
0.163,3.02294921875,-2.78271484375,-0.82080078125
0.1635,2.70263671875,-2.82275390625,-0.34033203125
0.164,2.06201171875,-2.70263671875,0.38037109375
0.1645,1.46142578125,-2.78271484375,1.18115234375
0.165,0.94091796875,-2.90283203125,1.98193359375
0.1655,0.54052734375,-2.86279296875,2.54248046875
0.166,0.10009765625,-2.62255859375,2.78271484375
0.1665,-0.50048828125,-2.18212890625,2.90283203125
0.167,-1.30126953125,-1.38134765625,3.02294921875
0.1675,-1.98193359375,-0.78076171875,3.18310546875
0.168,-2.54248046875,-0.34033203125,3.30322265625
0.1685,-2.86279296875,0.02001953125,3.34326171875
0.169,-2.82275390625,0.34033203125,2.94287109375
0.1695,-2.74267578125,0.86083984375,2.30224609375
0.17,-2.78271484375,1.54150390625,1.62158203125
0.1705,-2.94287109375,2.18212890625,1.02099609375
0.171,-3.02294921875,2.54248046875,0.62060546875
0.1715,-2.86279296875,2.70263671875,0.18017578125
0.172,-2.54248046875,2.70263671875,-0.34033203125
0.1725,-1.86181640625,2.62255859375,-1.14111328125
0.173,-1.26123046875,2.70263671875,-1.90185546875
0.1735,-0.78076171875,2.82275390625,-2.62255859375
0.174,-0.46044921875,2.82275390625,-3.10302734375
0.1745,0.06005859375,2.46240234375,-3.26318359375
0.175,0.70068359375,1.90185546875,-3.42333984375
0.1755,1.50146484375,1.14111328125,-3.54345703125
0.176,2.22216796875,0.62060546875,-3.78369140625
0.1765,2.62255859375,0.14013671875,-3.82373046875
0.177,2.86279296875,-0.22021484375,-3.74365234375
0.1775,2.86279296875,-0.62060546875,-3.34326171875
0.178,2.78271484375,-1.18115234375,-2.58251953125
0.1785,2.86279296875,-1.78173828125,-1.94189453125
0.179,3.06298828125,-2.46240234375,-1.38134765625
0.1795,3.06298828125,-2.74267578125,-0.98095703125
0.18,2.82275390625,-2.78271484375,-0.50048828125
0.1805,2.34228515625,-2.74267578125,0.10009765625
0.181,1.62158203125,-2.74267578125,0.98095703125
0.1815,1.10107421875,-2.86279296875,1.74169921875
0.182,0.62060546875,-2.86279296875,2.38232421875
0.1825,0.30029296875,-2.82275390625,2.74267578125
0.183,-0.30029296875,-2.30224609375,2.86279296875
0.1835,-0.98095703125,-1.66162109375,2.98291015625
0.184,-1.74169921875,-0.98095703125,3.06298828125
0.1845,-2.42236328125,-0.50048828125,3.30322265625
0.185,-2.70263671875,-0.14013671875,3.26318359375
0.1855,-2.82275390625,0.22021484375,3.02294921875
0.186,-2.78271484375,0.70068359375,2.54248046875
0.1865,-2.70263671875,1.30126953125,1.78173828125
0.187,-2.82275390625,1.90185546875,1.26123046875
0.1875,-2.94287109375,2.42236328125,0.74072265625
0.188,-2.94287109375,2.62255859375,0.38037109375
0.1885,-2.58251953125,2.58251953125,-0.14013671875
0.189,-2.06201171875,2.58251953125,-0.74072265625
0.1895,-1.46142578125,2.62255859375,-1.54150390625
0.19,-1.02099609375,2.74267578125,-2.30224609375
0.1905,-0.62060546875,2.74267578125,-2.82275390625
0.191,-0.26025390625,2.62255859375,-3.14306640625
0.1915,0.34033203125,2.14208984375,-3.34326171875
0.192,1.06103515625,1.46142578125,-3.42333984375
0.1925,1.78173828125,0.86083984375,-3.58349609375
0.193,2.42236328125,0.38037109375,-3.82373046875
0.1935,2.66259765625,0.06005859375,-3.82373046875
0.194,2.74267578125,-0.34033203125,-3.54345703125
0.1945,2.78271484375,-0.86083984375,-2.94287109375
0.195,2.82275390625,-1.54150390625,-2.26220703125
0.1955,2.98291015625,-2.14208984375,-1.70166015625
0.196,3.10302734375,-2.58251953125,-1.26123046875
0.1965,3.02294921875,-2.82275390625,-0.82080078125
0.197,2.62255859375,-2.78271484375,-0.30029296875
0.1975,1.98193359375,-2.78271484375,0.58056640625
0.198,1.30126953125,-2.86279296875,1.42138671875
0.1985,0.90087890625,-3.02294921875,2.18212890625
0.199,0.46044921875,-2.90283203125,2.62255859375
0.1995,0.02001953125,-2.58251953125,2.86279296875
0.2,-0.74072265625,-1.94189453125,2.98291015625
0.2005,-1.58154296875,-1.22119140625,3.14306640625
0.201,-2.26220703125,-0.62060546875,3.30322265625
0.2015,-2.70263671875,-0.30029296875,3.34326171875
0.202,-2.86279296875,0.14013671875,3.22314453125
0.2025,-2.82275390625,0.58056640625,2.70263671875
0.203,-2.74267578125,1.14111328125,2.06201171875
0.2035,-2.78271484375,1.86181640625,1.30126953125
0.204,-2.94287109375,2.34228515625,0.82080078125
0.2045,-2.90283203125,2.58251953125,0.42041015625
0.205,-2.70263671875,2.66259765625,0.02001953125
0.2055,-2.18212890625,2.58251953125,-0.62060546875
0.206,-1.58154296875,2.58251953125,-1.34130859375
0.2065,-1.02099609375,2.62255859375,-2.06201171875
0.207,-0.66064453125,2.70263671875,-2.66259765625
0.2075,-0.34033203125,2.58251953125,-3.02294921875
0.208,0.14013671875,2.22216796875,-3.14306640625
0.2085,0.78076171875,1.62158203125,-3.26318359375
0.209,1.54150390625,0.98095703125,-3.42333984375
0.2095,2.10205078125,0.54052734375,-3.66357421875
0.21,2.46240234375,0.26025390625,-3.66357421875
0.2105,2.62255859375,-0.14013671875,-3.54345703125
0.211,2.62255859375,-0.62060546875,-3.14306640625
0.2115,2.66259765625,-1.14111328125,-2.54248046875
0.212,2.82275390625,-1.74169921875,-1.98193359375
0.2125,2.98291015625,-2.26220703125,-1.50146484375
0.213,2.98291015625,-2.54248046875,-1.14111328125
0.2135,2.74267578125,-2.62255859375,-0.62060546875
0.214,2.30224609375,-2.70263671875,0.02001953125
0.2145,1.74169921875,-2.70263671875,0.78076171875
0.215,1.26123046875,-2.86279296875,1.58154296875
0.2155,0.82080078125,-2.94287109375,2.22216796875
0.216,0.50048828125,-2.86279296875,2.58251953125
0.2165,-0.14013671875,-2.42236328125,2.78271484375
0.217,-0.90087890625,-1.78173828125,2.98291015625
0.2175,-1.82177734375,-1.06103515625,3.18310546875
0.218,-2.42236328125,-0.62060546875,3.46337890625
0.2185,-2.74267578125,-0.22021484375,3.34326171875
0.219,-2.86279296875,0.26025390625,3.14306640625
0.2195,-2.82275390625,0.82080078125,2.50244140625
0.22,-2.86279296875,1.54150390625,1.74169921875
0.2205,-2.98291015625,2.18212890625,1.14111328125
0.221,-3.14306640625,2.62255859375,0.66064453125
0.2215,-2.98291015625,2.78271484375,0.22021484375
0.222,-2.50244140625,2.70263671875,-0.42041015625
0.2225,-1.90185546875,2.70263671875,-1.14111328125
0.223,-1.18115234375,2.82275390625,-2.06201171875
0.2235,-0.70068359375,2.86279296875,-2.74267578125
0.224,-0.30029296875,2.74267578125,-3.14306640625
0.2245,0.14013671875,2.38232421875,-3.34326171875
0.225,0.82080078125,1.62158203125,-3.38330078125
0.2255,1.58154296875,0.98095703125,-3.54345703125
0.226,2.26220703125,0.42041015625,-3.66357421875
0.2265,2.70263671875,0.10009765625,-3.78369140625
0.227,2.78271484375,-0.30029296875,-3.54345703125
0.2275,2.74267578125,-0.66064453125,-3.14306640625
0.228,2.70263671875,-1.14111328125,-2.50244140625
0.2285,2.70263671875,-1.82177734375,-1.78173828125
0.229,2.86279296875,-2.30224609375,-1.30126953125
0.2295,2.90283203125,-2.58251953125,-0.94091796875
0.23,2.74267578125,-2.70263671875,-0.54052734375
0.2305,2.26220703125,-2.58251953125,0.06005859375
0.231,1.70166015625,-2.66259765625,0.78076171875
0.2315,1.10107421875,-2.70263671875,1.58154296875
0.232,0.78076171875,-2.82275390625,2.22216796875
0.2325,0.38037109375,-2.74267578125,2.58251953125
0.233,-0.10009765625,-2.46240234375,2.78271484375
0.2335,-0.78076171875,-1.86181640625,2.90283203125
0.234,-1.54150390625,-1.14111328125,3.06298828125
0.2345,-2.22216796875,-0.62060546875,3.26318359375
0.235,-2.66259765625,-0.30029296875,3.38330078125
0.2355,-2.82275390625,0.14013671875,3.22314453125
0.236,-2.82275390625,0.62060546875,2.70263671875
0.2365,-2.82275390625,1.22119140625,2.10205078125
0.237,-2.94287109375,1.94189453125,1.38134765625
0.2375,-3.14306640625,2.46240234375,0.94091796875
0.238,-3.06298828125,2.70263671875,0.50048828125
0.2385,-2.86279296875,2.82275390625,0.02001953125
0.239,-2.22216796875,2.70263671875,-0.74072265625
0.2395,-1.58154296875,2.82275390625,-1.62158203125
0.24,-0.98095703125,2.86279296875,-2.42236328125
0.2405,-0.62060546875,2.94287109375,-3.06298828125
0.241,-0.14013671875,2.62255859375,-3.34326171875
0.2415,0.50048828125,2.10205078125,-3.54345703125
0.242,1.30126953125,1.42138671875,-3.62353515625
0.2425,2.18212890625,0.70068359375,-3.82373046875
0.243,2.70263671875,0.26025390625,-3.90380859375
0.2435,2.94287109375,-0.14013671875,-3.82373046875
0.244,2.98291015625,-0.54052734375,-3.50341796875
0.2445,2.82275390625,-1.10107421875,-2.70263671875
0.245,2.86279296875,-1.74169921875,-2.06201171875
0.2455,2.98291015625,-2.42236328125,-1.34130859375
0.246,3.06298828125,-2.78271484375,-0.98095703125
0.2465,2.82275390625,-2.82275390625,-0.50048828125
0.247,2.42236328125,-2.74267578125,0.02001953125
0.2475,1.66162109375,-2.70263671875,0.82080078125
0.248,1.10107421875,-2.78271484375,1.62158203125
0.2485,0.58056640625,-2.86279296875,2.30224609375
0.249,0.26025390625,-2.82275390625,2.70263671875
0.2495,-0.26025390625,-2.46240234375,2.86279296875
0.25,-0.82080078125,-1.74169921875,2.90283203125
0.2505,-1.54150390625,-1.14111328125,3.06298828125
0.251,-2.26220703125,-0.50048828125,3.18310546875
0.2515,-2.66259765625,-0.14013671875,3.26318359375
0.252,-2.82275390625,0.26025390625,3.10302734375
0.2525,-2.86279296875,0.58056640625,2.82275390625
0.253,-2.74267578125,1.14111328125,2.06201171875
0.2535,-2.82275390625,1.74169921875,1.42138671875
0.254,-2.90283203125,2.30224609375,0.90087890625
0.2545,-3.06298828125,2.62255859375,0.50048828125
0.255,-2.82275390625,2.70263671875,0.10009765625
0.2555,-2.38232421875,2.66259765625,-0.50048828125
0.256,-1.78173828125,2.70263671875,-1.26123046875
0.2565,-1.18115234375,2.74267578125,-2.10205078125
0.257,-0.78076171875,2.86279296875,-2.70263671875
0.2575,-0.42041015625,2.74267578125,-3.18310546875
0.258,0.14013671875,2.46240234375,-3.42333984375
0.2585,0.90087890625,1.74169921875,-3.54345703125
0.259,1.66162109375,1.14111328125,-3.70361328125
0.2595,2.50244140625,0.50048828125,-3.94384765625
0.26,2.86279296875,0.14013671875,-4.06396484375
0.2605,2.94287109375,-0.30029296875,-3.78369140625
0.261,3.02294921875,-0.82080078125,-3.22314453125
0.2615,2.98291015625,-1.54150390625,-2.46240234375
0.262,3.10302734375,-2.26220703125,-1.74169921875
0.2625,3.22314453125,-2.74267578125,-1.22119140625
0.263,3.18310546875,-3.06298828125,-0.74072265625
0.2635,2.74267578125,-3.02294921875,-0.22021484375
0.264,2.06201171875,-2.90283203125,0.62060546875
0.2645,1.34130859375,-2.98291015625,1.54150390625
0.265,0.74072265625,-3.14306640625,2.38232421875
0.2655,0.26025390625,-3.06298828125,2.86279296875
0.266,-0.26025390625,-2.62255859375,3.14306640625
0.2665,-0.90087890625,-2.02197265625,3.26318359375
0.267,-1.78173828125,-1.14111328125,3.26318359375
0.2675,-2.46240234375,-0.50048828125,3.38330078125
0.268,-2.98291015625,0.06005859375,3.46337890625
0.2685,-3.18310546875,0.38037109375,3.34326171875
0.269,-3.06298828125,0.78076171875,2.82275390625
0.2695,-2.90283203125,1.30126953125,2.06201171875
0.27,-2.86279296875,1.94189453125,1.30126953125
0.2705,-2.94287109375,2.50244140625,0.66064453125
0.271,-2.94287109375,2.78271484375,0.22021484375
0.2715,-2.82275390625,2.86279296875,-0.22021484375
0.272,-2.34228515625,2.74267578125,-0.70068359375
0.2725,-1.58154296875,2.54248046875,-1.42138671875
0.273,-0.98095703125,2.58251953125,-2.22216796875
0.2735,-0.50048828125,2.66259765625,-2.90283203125
0.274,-0.18017578125,2.70263671875,-3.26318359375
0.2745,0.30029296875,2.26220703125,-3.42333984375
0.275,0.86083984375,1.74169921875,-3.54345703125
0.2755,1.62158203125,0.98095703125,-3.62353515625
0.276,2.30224609375,0.46044921875,-3.78369140625
0.2765,2.74267578125,0.06005859375,-3.82373046875
0.277,2.98291015625,-0.30029296875,-3.78369140625
0.2775,2.94287109375,-0.66064453125,-3.38330078125
0.278,2.86279296875,-1.26123046875,-2.66259765625
0.2785,2.90283203125,-1.86181640625,-2.02197265625
0.279,3.10302734375,-2.54248046875,-1.42138671875
0.2795,3.18310546875,-2.86279296875,-1.02099609375
0.28,2.94287109375,-2.90283203125,-0.58056640625
0.2805,2.50244140625,-2.94287109375,0.10009765625
0.281,1.78173828125,-2.94287109375,0.94091796875
0.2815,1.14111328125,-3.06298828125,1.78173828125
0.282,0.66064453125,-3.06298828125,2.54248046875
0.2825,0.30029296875,-2.98291015625,2.98291015625
0.283,-0.34033203125,-2.46240234375,3.10302734375
0.2835,-1.14111328125,-1.78173828125,3.22314453125
0.284,-2.02197265625,-0.94091796875,3.34326171875
0.2845,-2.70263671875,-0.38037109375,3.54345703125
0.285,-3.06298828125,0.06005859375,3.50341796875
0.2855,-3.14306640625,0.46044921875,3.22314453125
0.286,-3.06298828125,0.98095703125,2.58251953125
0.2865,-2.94287109375,1.62158203125,1.78173828125
0.287,-3.02294921875,2.30224609375,1.02099609375
0.2875,-3.18310546875,2.82275390625,0.50048828125
0.288,-3.06298828125,2.98291015625,0.06005859375
0.2885,-2.54248046875,2.82275390625,-0.50048828125
0.289,-1.94189453125,2.74267578125,-1.18115234375
0.2895,-1.14111328125,2.70263671875,-2.10205078125
0.29,-0.62060546875,2.78271484375,-2.82275390625
0.2905,-0.18017578125,2.74267578125,-3.26318359375
0.291,0.22021484375,2.50244140625,-3.54345703125
0.2915,0.78076171875,1.86181640625,-3.54345703125
0.292,1.54150390625,1.10107421875,-3.58349609375
0.2925,2.26220703125,0.46044921875,-3.70361328125
0.293,2.78271484375,0.02001953125,-3.82373046875
0.2935,2.94287109375,-0.30029296875,-3.70361328125
0.294,2.90283203125,-0.62060546875,-3.34326171875
0.2945,2.82275390625,-1.06103515625,-2.74267578125
0.295,2.74267578125,-1.66162109375,-1.98193359375
0.2955,2.86279296875,-2.26220703125,-1.46142578125
0.296,2.98291015625,-2.66259765625,-1.02099609375
0.2965,2.94287109375,-2.86279296875,-0.66064453125
0.297,2.54248046875,-2.78271484375,-0.18017578125
0.2975,1.94189453125,-2.74267578125,0.54052734375
0.298,1.30126953125,-2.74267578125,1.34130859375
0.2985,0.86083984375,-2.86279296875,2.10205078125
0.299,0.50048828125,-2.86279296875,2.54248046875
0.2995,0.14013671875,-2.66259765625,2.86279296875
0.3,-0.58056640625,-2.10205078125,2.98291015625
0.3005,-1.30126953125,-1.34130859375,3.10302734375
0.301,-2.06201171875,-0.78076171875,3.30322265625
0.3015,-2.66259765625,-0.34033203125,3.46337890625
0.302,-2.90283203125,0.02001953125,3.42333984375
0.3025,-2.90283203125,0.50048828125,2.98291015625
0.303,-2.90283203125,1.02099609375,2.38232421875
0.3035,-2.94287109375,1.78173828125,1.58154296875
0.304,-3.14306640625,2.38232421875,1.02099609375
0.3045,-3.14306640625,2.70263671875,0.58056640625
0.305,-3.02294921875,2.82275390625,0.14013671875
0.3055,-2.46240234375,2.74267578125,-0.58056640625
0.306,-1.78173828125,2.82275390625,-1.38134765625
0.3065,-1.14111328125,2.86279296875,-2.26220703125
0.307,-0.66064453125,2.94287109375,-2.90283203125
0.3075,-0.26025390625,2.78271484375,-3.26318359375
0.308,0.30029296875,2.38232421875,-3.46337890625
0.3085,1.02099609375,1.66162109375,-3.58349609375
0.309,1.90185546875,0.90087890625,-3.70361328125
0.3095,2.54248046875,0.38037109375,-3.86376953125
0.31,2.86279296875,0.02001953125,-3.86376953125
0.3105,2.94287109375,-0.34033203125,-3.66357421875
0.311,2.82275390625,-0.90087890625,-2.94287109375
0.3115,2.82275390625,-1.42138671875,-2.30224609375
0.312,2.86279296875,-2.14208984375,-1.58154296875
0.3125,3.02294921875,-2.66259765625,-1.14111328125
0.313,2.90283203125,-2.82275390625,-0.66064453125
0.3135,2.58251953125,-2.86279296875,-0.30029296875
0.314,2.02197265625,-2.70263671875,0.42041015625
0.3145,1.34130859375,-2.74267578125,1.26123046875
0.315,0.82080078125,-2.78271484375,1.98193359375
0.3155,0.46044921875,-2.82275390625,2.54248046875
0.316,0.14013671875,-2.62255859375,2.78271484375
0.3165,-0.46044921875,-2.10205078125,2.86279296875
0.317,-1.14111328125,-1.50146484375,3.02294921875
0.3175,-1.94189453125,-0.74072265625,3.14306640625
0.318,-2.50244140625,-0.34033203125,3.30322265625
0.3185,-2.78271484375,0.06005859375,3.26318359375
0.319,-2.86279296875,0.34033203125,3.06298828125
0.3195,-2.74267578125,0.86083984375,2.42236328125
0.32,-2.78271484375,1.42138671875,1.78173828125
0.3205,-2.90283203125,2.06201171875,1.18115234375
0.321,-3.06298828125,2.54248046875,0.70068359375
0.3215,-3.02294921875,2.62255859375,0.30029296875
0.322,-2.62255859375,2.70263671875,-0.26025390625
0.3225,-2.06201171875,2.70263671875,-0.94091796875
0.323,-1.42138671875,2.74267578125,-1.78173828125
0.3235,-0.94091796875,2.86279296875,-2.50244140625
0.324,-0.58056640625,2.86279296875,-3.06298828125
0.3245,-0.14013671875,2.62255859375,-3.30322265625
0.325,0.54052734375,1.98193359375,-3.38330078125
0.3255,1.30126953125,1.38134765625,-3.58349609375
0.326,2.18212890625,0.66064453125,-3.82373046875
0.3265,2.66259765625,0.30029296875,-3.94384765625
0.327,2.86279296875,-0.14013671875,-3.82373046875
0.3275,2.90283203125,-0.54052734375,-3.46337890625
0.328,2.86279296875,-1.14111328125,-2.74267578125
0.3285,2.90283203125,-1.86181640625,-1.98193359375
0.329,3.06298828125,-2.50244140625,-1.38134765625
0.3295,3.14306640625,-2.86279296875,-1.02099609375
0.33,2.90283203125,-2.86279296875,-0.58056640625
0.3305,2.34228515625,-2.78271484375,0.10009765625
0.331,1.74169921875,-2.82275390625,0.90087890625
0.3315,1.06103515625,-2.86279296875,1.78173828125
0.332,0.62060546875,-2.94287109375,2.42236328125
0.3325,0.26025390625,-2.78271484375,2.78271484375
0.333,-0.30029296875,-2.42236328125,2.94287109375
0.3335,-1.02099609375,-1.62158203125,3.02294921875
0.334,-1.78173828125,-0.98095703125,3.18310546875
0.3345,-2.50244140625,-0.38037109375,3.26318359375
0.335,-2.86279296875,0.02001953125,3.34326171875
0.3355,-2.86279296875,0.30029296875,3.06298828125
0.336,-2.82275390625,0.74072265625,2.54248046875
0.3365,-2.82275390625,1.30126953125,1.90185546875
0.337,-2.86279296875,1.94189453125,1.14111328125
0.3375,-3.02294921875,2.42236328125,0.70068359375
0.338,-2.94287109375,2.70263671875,0.30029296875
0.3385,-2.70263671875,2.74267578125,-0.14013671875
0.339,-2.10205078125,2.58251953125,-0.78076171875
0.3395,-1.50146484375,2.62255859375,-1.58154296875
0.34,-0.94091796875,2.74267578125,-2.42236328125
0.3405,-0.58056640625,2.82275390625,-2.90283203125
0.341,-0.18017578125,2.54248046875,-3.18310546875
0.3415,0.34033203125,2.22216796875,-3.38330078125
0.342,1.10107421875,1.50146484375,-3.50341796875
0.3425,1.86181640625,0.82080078125,-3.66357421875
0.343,2.46240234375,0.34033203125,-3.82373046875
0.3435,2.82275390625,0.02001953125,-3.86376953125
0.344,2.86279296875,-0.38037109375,-3.58349609375
0.3445,2.74267578125,-0.94091796875,-2.90283203125
0.345,2.86279296875,-1.50146484375,-2.38232421875
0.3455,2.94287109375,-2.26220703125,-1.66162109375
0.346,3.10302734375,-2.58251953125,-1.22119140625
0.3465,2.94287109375,-2.78271484375,-0.78076171875
0.347,2.66259765625,-2.82275390625,-0.30029296875
0.3475,1.98193359375,-2.74267578125,0.50048828125
0.348,1.42138671875,-2.86279296875,1.30126953125
0.3485,0.90087890625,-2.90283203125,2.06201171875
0.349,0.50048828125,-2.94287109375,2.58251953125
0.3495,0.06005859375,-2.58251953125,2.82275390625
0.35,-0.62060546875,-2.02197265625,2.90283203125
0.3505,-1.38134765625,-1.30126953125,3.06298828125
0.351,-2.14208984375,-0.66064453125,3.26318359375
0.3515,-2.62255859375,-0.30029296875,3.34326171875
0.352,-2.86279296875,0.10009765625,3.26318359375
0.3525,-2.86279296875,0.42041015625,2.86279296875
0.353,-2.74267578125,0.98095703125,2.14208984375
0.3535,-2.82275390625,1.62158203125,1.50146484375
0.354,-2.94287109375,2.30224609375,0.90087890625
0.3545,-3.02294921875,2.62255859375,0.50048828125
0.355,-2.78271484375,2.70263671875,0.06005859375
0.3555,-2.34228515625,2.66259765625,-0.50048828125
0.356,-1.70166015625,2.62255859375,-1.30126953125
0.3565,-1.10107421875,2.70263671875,-2.10205078125
0.357,-0.62060546875,2.78271484375,-2.74267578125
0.3575,-0.30029296875,2.74267578125,-3.14306640625
0.358,0.18017578125,2.34228515625,-3.34326171875
0.3585,0.86083984375,1.66162109375,-3.38330078125
0.359,1.58154296875,1.02099609375,-3.54345703125
0.3595,2.34228515625,0.46044921875,-3.78369140625
0.36,2.70263671875,0.14013671875,-3.82373046875
0.3605,2.82275390625,-0.30029296875,-3.62353515625
0.361,2.86279296875,-0.70068359375,-3.18310546875
0.3615,2.74267578125,-1.34130859375,-2.50244140625
0.362,2.86279296875,-1.94189453125,-1.86181640625
0.3625,3.02294921875,-2.50244140625,-1.30126953125
0.363,3.06298828125,-2.78271484375,-0.94091796875
0.3635,2.74267578125,-2.78271484375,-0.50048828125
0.364,2.22216796875,-2.70263671875,0.22021484375
0.3645,1.58154296875,-2.78271484375,1.02099609375
0.365,1.02099609375,-2.86279296875,1.86181640625
0.3655,0.62060546875,-2.90283203125,2.42236328125
0.366,0.22021484375,-2.74267578125,2.74267578125
0.3665,-0.34033203125,-2.30224609375,2.94287109375
0.367,-1.14111328125,-1.54150390625,3.02294921875
0.3675,-1.90185546875,-0.94091796875,3.18310546875
0.368,-2.54248046875,-0.38037109375,3.34326171875
0.3685,-2.82275390625,-0.14013671875,3.34326171875
0.369,-2.86279296875,0.30029296875,3.02294921875
0.3695,-2.82275390625,0.78076171875,2.42236328125
0.37,-2.78271484375,1.50146484375,1.70166015625
0.3705,-2.90283203125,2.06201171875,1.10107421875
0.371,-3.02294921875,2.54248046875,0.62060546875
0.3715,-2.90283203125,2.70263671875,0.26025390625
0.372,-2.54248046875,2.66259765625,-0.26025390625
0.3725,-1.94189453125,2.58251953125,-0.98095703125
0.373,-1.30126953125,2.62255859375,-1.78173828125
0.3735,-0.86083984375,2.78271484375,-2.50244140625
0.374,-0.50048828125,2.74267578125,-2.94287109375
0.3745,0.02001953125,2.46240234375,-3.18310546875
0.375,0.54052734375,1.94189453125,-3.34326171875
0.3755,1.30126953125,1.26123046875,-3.42333984375
0.376,1.94189453125,0.74072265625,-3.62353515625
0.3765,2.54248046875,0.30029296875,-3.70361328125
0.377,2.70263671875,0.02001953125,-3.70361328125
0.3775,2.70263671875,-0.50048828125,-3.34326171875
0.378,2.70263671875,-0.98095703125,-2.74267578125
0.3785,2.78271484375,-1.58154296875,-2.14208984375
0.379,2.94287109375,-2.22216796875,-1.54150390625
0.3795,3.02294921875,-2.58251953125,-1.14111328125
0.38,2.86279296875,-2.74267578125,-0.70068359375
0.3805,2.50244140625,-2.74267578125,-0.18017578125
0.381,1.86181640625,-2.70263671875,0.66064453125
0.3815,1.30126953125,-2.82275390625,1.46142578125
0.382,0.82080078125,-2.94287109375,2.18212890625
0.3825,0.46044921875,-2.86279296875,2.62255859375
0.383,0.02001953125,-2.50244140625,2.82275390625
0.3835,-0.70068359375,-1.90185546875,2.94287109375
0.384,-1.58154296875,-1.14111328125,3.10302734375
0.3845,-2.26220703125,-0.66064453125,3.26318359375
0.385,-2.70263671875,-0.30029296875,3.34326171875
0.3855,-2.90283203125,0.14013671875,3.18310546875
0.386,-2.82275390625,0.62060546875,2.70263671875
0.3865,-2.74267578125,1.26123046875,1.98193359375
0.387,-2.86279296875,1.90185546875,1.30126953125
0.3875,-3.02294921875,2.42236328125,0.78076171875
0.388,-2.98291015625,2.70263671875,0.38037109375
0.3885,-2.66259765625,2.70263671875,-0.14013671875
0.389,-2.18212890625,2.62255859375,-0.70068359375
0.3895,-1.46142578125,2.62255859375,-1.54150390625
0.39,-0.98095703125,2.70263671875,-2.26220703125
0.3905,-0.58056640625,2.74267578125,-2.82275390625
0.391,-0.22021484375,2.58251953125,-3.14306640625
0.3915,0.34033203125,2.10205078125,-3.22314453125
0.392,0.98095703125,1.46142578125,-3.34326171875
0.3925,1.74169921875,0.78076171875,-3.50341796875
0.393,2.34228515625,0.38037109375,-3.70361328125
0.3935,2.58251953125,0.06005859375,-3.70361328125
0.394,2.70263671875,-0.30029296875,-3.46337890625
0.3945,2.62255859375,-0.74072265625,-2.94287109375
0.395,2.62255859375,-1.34130859375,-2.30224609375
0.3955,2.82275390625,-1.94189453125,-1.78173828125
0.396,2.94287109375,-2.42236328125,-1.30126953125
0.3965,2.94287109375,-2.62255859375,-0.98095703125
0.397,2.62255859375,-2.66259765625,-0.50048828125
0.3975,2.14208984375,-2.66259765625,0.26025390625
0.398,1.54150390625,-2.70263671875,1.02099609375
0.3985,1.10107421875,-2.86279296875,1.78173828125
0.399,0.70068359375,-2.86279296875,2.30224609375
0.3995,0.30029296875,-2.74267578125,2.62255859375
0.4,-0.34033203125,-2.22216796875,2.82275390625
0.4005,-1.10107421875,-1.58154296875,2.94287109375
0.401,-1.90185546875,-0.98095703125,3.18310546875
0.4015,-2.54248046875,-0.54052734375,3.38330078125
0.402,-2.74267578125,-0.14013671875,3.34326171875
0.4025,-2.82275390625,0.34033203125,3.02294921875
0.403,-2.82275390625,0.90087890625,2.42236328125
0.4035,-2.86279296875,1.62158203125,1.62158203125
0.404,-3.06298828125,2.26220703125,1.10107421875
0.4045,-3.14306640625,2.66259765625,0.62060546875
0.405,-2.98291015625,2.78271484375,0.18017578125
0.4055,-2.46240234375,2.70263671875,-0.50048828125
0.406,-1.78173828125,2.74267578125,-1.26123046875
0.4065,-1.14111328125,2.86279296875,-2.14208984375
0.407,-0.70068359375,2.90283203125,-2.82275390625
0.4075,-0.30029296875,2.74267578125,-3.18310546875
0.408,0.26025390625,2.34228515625,-3.38330078125
0.4085,0.94091796875,1.62158203125,-3.46337890625
0.409,1.74169921875,0.90087890625,-3.54345703125
0.4095,2.38232421875,0.38037109375,-3.74365234375
0.41,2.78271484375,0.06005859375,-3.82373046875
0.4105,2.86279296875,-0.30029296875,-3.58349609375
0.411,2.74267578125,-0.78076171875,-2.98291015625
0.4115,2.74267578125,-1.30126953125,-2.38232421875
0.412,2.82275390625,-1.98193359375,-1.66162109375
0.4125,2.94287109375,-2.46240234375,-1.26123046875
0.413,2.90283203125,-2.70263671875,-0.78076171875
0.4135,2.62255859375,-2.70263671875,-0.38037109375
0.414,2.10205078125,-2.62255859375,0.26025390625
0.4145,1.50146484375,-2.66259765625,1.02099609375
0.415,0.98095703125,-2.70263671875,1.78173828125
0.4155,0.62060546875,-2.82275390625,2.38232421875
0.416,0.22021484375,-2.66259765625,2.66259765625
0.4165,-0.30029296875,-2.26220703125,2.82275390625
0.417,-0.98095703125,-1.66162109375,2.94287109375
0.4175,-1.78173828125,-0.98095703125,3.06298828125
0.418,-2.42236328125,-0.50048828125,3.30322265625
0.4185,-2.74267578125,-0.14013671875,3.30322265625
0.419,-2.86279296875,0.26025390625,3.14306640625
0.4195,-2.78271484375,0.74072265625,2.54248046875
0.42,-2.82275390625,1.34130859375,1.94189453125
0.4205,-2.90283203125,2.06201171875,1.22119140625
0.421,-3.10302734375,2.54248046875,0.78076171875
0.4215,-3.02294921875,2.74267578125,0.34033203125
0.422,-2.70263671875,2.74267578125,-0.22021484375
0.4225,-2.10205078125,2.70263671875,-0.94091796875
0.423,-1.42138671875,2.78271484375,-1.78173828125
0.4235,-0.94091796875,2.86279296875,-2.54248046875
0.424,-0.58056640625,2.94287109375,-3.06298828125
0.4245,0.02001953125,2.58251953125,-3.34326171875
0.425,0.58056640625,1.94189453125,-3.46337890625
0.4255,1.34130859375,1.30126953125,-3.66357421875
0.426,2.26220703125,0.62060546875,-3.82373046875
0.4265,2.74267578125,0.26025390625,-3.94384765625
0.427,2.94287109375,-0.18017578125,-3.82373046875
0.4275,2.94287109375,-0.62060546875,-3.42333984375
0.428,2.86279296875,-1.18115234375,-2.66259765625
0.4285,2.86279296875,-1.86181640625,-1.94189453125
0.429,3.06298828125,-2.50244140625,-1.34130859375
0.4295,3.14306640625,-2.86279296875,-0.94091796875
0.43,2.86279296875,-2.86279296875,-0.50048828125
0.4305,2.34228515625,-2.78271484375,0.18017578125
0.431,1.66162109375,-2.82275390625,0.98095703125
0.4315,1.02099609375,-2.86279296875,1.86181640625
0.432,0.58056640625,-2.86279296875,2.46240234375
0.4325,0.18017578125,-2.82275390625,2.82275390625
0.433,-0.34033203125,-2.42236328125,2.98291015625
0.4335,-1.02099609375,-1.66162109375,2.94287109375
0.434,-1.74169921875,-0.98095703125,3.10302734375
0.4345,-2.50244140625,-0.38037109375,3.26318359375
0.435,-2.82275390625,0.02001953125,3.34326171875
0.4355,-2.86279296875,0.30029296875,3.06298828125
0.436,-2.86279296875,0.74072265625,2.58251953125
0.4365,-2.78271484375,1.30126953125,1.94189453125
0.437,-2.82275390625,1.94189453125,1.22119140625
0.4375,-2.94287109375,2.42236328125,0.78076171875
0.438,-3.02294921875,2.74267578125,0.34033203125
0.4385,-2.74267578125,2.74267578125,-0.14013671875
0.439,-2.18212890625,2.62255859375,-0.70068359375
0.4395,-1.62158203125,2.66259765625,-1.46142578125
0.44,-0.98095703125,2.78271484375,-2.30224609375
0.4405,-0.62060546875,2.82275390625,-2.86279296875
0.441,-0.26025390625,2.62255859375,-3.22314453125
0.4415,0.30029296875,2.26220703125,-3.42333984375
0.442,1.02099609375,1.58154296875,-3.54345703125
0.4425,1.82177734375,0.94091796875,-3.70361328125
0.443,2.54248046875,0.38037109375,-3.86376953125
0.4435,2.90283203125,0.06005859375,-3.98388671875
0.444,2.90283203125,-0.38037109375,-3.66357421875
0.4445,2.86279296875,-0.90087890625,-3.02294921875
0.445,2.94287109375,-1.54150390625,-2.42236328125
0.4455,3.06298828125,-2.26220703125,-1.66162109375
0.446,3.18310546875,-2.70263671875,-1.22119140625
0.4465,3.10302734375,-2.94287109375,-0.70068359375
0.447,2.70263671875,-2.94287109375,-0.26025390625
0.4475,1.98193359375,-2.86279296875,0.62060546875
0.448,1.34130859375,-2.90283203125,1.50146484375
0.4485,0.78076171875,-3.10302734375,2.34228515625
0.449,0.34033203125,-3.06298828125,2.86279296875
0.4495,-0.26025390625,-2.66259765625,3.06298828125
0.45,-0.90087890625,-1.98193359375,3.18310546875
0.4505,-1.74169921875,-1.14111328125,3.26318359375
0.451,-2.54248046875,-0.50048828125,3.46337890625
0.4515,-2.98291015625,0.02001953125,3.46337890625
0.452,-3.18310546875,0.34033203125,3.34326171875
0.4525,-3.06298828125,0.78076171875,2.82275390625
0.453,-2.90283203125,1.34130859375,1.98193359375
0.4535,-2.90283203125,1.98193359375,1.26123046875
0.454,-3.06298828125,2.62255859375,0.62060546875
0.4545,-3.02294921875,2.86279296875,0.18017578125
0.455,-2.74267578125,2.86279296875,-0.30029296875
0.4555,-2.22216796875,2.74267578125,-0.82080078125
0.456,-1.42138671875,2.66259765625,-1.66162109375
0.4565,-0.82080078125,2.66259765625,-2.46240234375
0.457,-0.38037109375,2.70263671875,-3.06298828125
0.4575,0.02001953125,2.58251953125,-3.46337890625
0.458,0.50048828125,2.18212890625,-3.54345703125
0.4585,1.14111328125,1.46142578125,-3.54345703125
0.459,1.94189453125,0.78076171875,-3.66357421875
0.4595,2.58251953125,0.26025390625,-3.82373046875
0.46,2.90283203125,-0.14013671875,-3.86376953125
0.4605,3.02294921875,-0.46044921875,-3.66357421875
0.461,2.94287109375,-0.82080078125,-3.18310546875
0.4615,2.86279296875,-1.42138671875,-2.42236328125
0.462,2.90283203125,-2.06201171875,-1.78173828125
0.4625,3.10302734375,-2.62255859375,-1.22119140625
0.463,3.10302734375,-2.90283203125,-0.82080078125
0.4635,2.82275390625,-2.90283203125,-0.34033203125
0.464,2.26220703125,-2.86279296875,0.30029296875
0.4645,1.58154296875,-2.86279296875,1.18115234375
0.465,0.98095703125,-3.02294921875,1.98193359375
0.4655,0.50048828125,-3.06298828125,2.58251953125
0.466,0.14013671875,-2.86279296875,3.02294921875
0.4665,-0.50048828125,-2.34228515625,3.14306640625
0.467,-1.26123046875,-1.58154296875,3.22314453125
0.4675,-2.10205078125,-0.82080078125,3.38330078125
0.468,-2.82275390625,-0.30029296875,3.58349609375
0.4685,-3.14306640625,0.10009765625,3.54345703125
0.469,-3.18310546875,0.50048828125,3.18310546875
0.4695,-3.06298828125,1.06103515625,2.54248046875
0.47,-3.02294921875,1.78173828125,1.66162109375
0.4705,-3.14306640625,2.42236328125,0.98095703125
0.471,-3.18310546875,2.86279296875,0.46044921875
0.4715,-3.06298828125,3.06298828125,0.02001953125
0.472,-2.54248046875,2.90283203125,-0.58056640625
0.4725,-1.86181640625,2.78271484375,-1.34130859375
0.473,-1.06103515625,2.78271484375,-2.26220703125
0.4735,-0.62060546875,2.86279296875,-2.98291015625
0.474,-0.14013671875,2.74267578125,-3.42333984375
0.4745,0.34033203125,2.42236328125,-3.58349609375
0.475,0.98095703125,1.78173828125,-3.62353515625
0.4755,1.78173828125,0.98095703125,-3.66357421875
0.476,2.42236328125,0.34033203125,-3.78369140625
0.4765,2.90283203125,-0.14013671875,-3.86376953125
0.477,3.02294921875,-0.38037109375,-3.70361328125
0.4775,2.94287109375,-0.78076171875,-3.22314453125
0.478,2.82275390625,-1.26123046875,-2.58251953125
0.4785,2.82275390625,-1.94189453125,-1.78173828125
0.479,2.94287109375,-2.42236328125,-1.26123046875
0.4795,2.94287109375,-2.74267578125,-0.86083984375
0.48,2.82275390625,-2.86279296875,-0.50048828125
0.4805,2.38232421875,-2.78271484375,0.10009765625
0.481,1.74169921875,-2.70263671875,0.78076171875
0.4815,1.06103515625,-2.78271484375,1.58154296875
0.482,0.70068359375,-2.86279296875,2.30224609375
0.4825,0.34033203125,-2.78271484375,2.66259765625
0.483,-0.14013671875,-2.50244140625,2.90283203125
0.4835,-0.78076171875,-1.90185546875,3.02294921875
0.484,-1.58154296875,-1.14111328125,3.10302734375
0.4845,-2.26220703125,-0.62060546875,3.30322265625
0.485,-2.74267578125,-0.22021484375,3.42333984375
0.4855,-2.94287109375,0.18017578125,3.30322265625
0.486,-2.86279296875,0.62060546875,2.82275390625
0.4865,-2.86279296875,1.18115234375,2.22216796875
0.487,-2.94287109375,1.90185546875,1.46142578125
0.4875,-3.14306640625,2.50244140625,0.94091796875
0.488,-3.14306640625,2.74267578125,0.50048828125
0.4885,-2.90283203125,2.82275390625,0.02001953125
0.489,-2.34228515625,2.74267578125,-0.66064453125
0.4895,-1.66162109375,2.70263671875,-1.50146484375
0.49,-1.06103515625,2.86279296875,-2.30224609375
0.4905,-0.62060546875,2.94287109375,-2.94287109375
0.491,-0.26025390625,2.74267578125,-3.26318359375
0.4915,0.34033203125,2.26220703125,-3.46337890625
0.492,1.14111328125,1.58154296875,-3.58349609375
0.4925,1.94189453125,0.82080078125,-3.74365234375
0.493,2.58251953125,0.34033203125,-3.86376953125
0.4935,2.86279296875,0.02001953125,-3.86376953125
0.494,2.94287109375,-0.42041015625,-3.58349609375
0.4945,2.86279296875,-0.94091796875,-2.90283203125
0.495,2.82275390625,-1.58154296875,-2.26220703125
0.4955,2.94287109375,-2.22216796875,-1.58154296875
0.496,3.10302734375,-2.70263671875,-1.10107421875
0.4965,2.94287109375,-2.86279296875,-0.66064453125
0.497,2.58251953125,-2.82275390625,-0.22021484375
0.4975,1.94189453125,-2.82275390625,0.54052734375
0.498,1.26123046875,-2.74267578125,1.42138671875
0.4985,0.74072265625,-2.86279296875,2.10205078125
0.499,0.42041015625,-2.86279296875,2.62255859375
0.4995,0.02001953125,-2.58251953125,2.86279296875
0.5,-0.62060546875,-1.98193359375,2.90283203125
0.5005,-1.38134765625,-1.30126953125,3.06298828125
0.501,-2.18212890625,-0.62060546875,3.22314453125
0.5015,-2.70263671875,-0.26025390625,3.34326171875
0.502,-2.86279296875,0.14013671875,3.26318359375
0.5025,-2.90283203125,0.50048828125,2.94287109375
0.503,-2.82275390625,1.02099609375,2.26220703125
0.5035,-2.78271484375,1.62158203125,1.54150390625
0.504,-2.94287109375,2.22216796875,0.98095703125
0.5045,-3.06298828125,2.62255859375,0.58056640625
0.505,-2.90283203125,2.70263671875,0.14013671875
0.5055,-2.50244140625,2.66259765625,-0.46044921875
0.506,-1.90185546875,2.70263671875,-1.14111328125
0.5065,-1.22119140625,2.74267578125,-2.02197265625
0.507,-0.78076171875,2.86279296875,-2.66259765625
0.5075,-0.38037109375,2.74267578125,-3.10302734375
0.508,0.06005859375,2.50244140625,-3.34326171875
0.5085,0.74072265625,1.82177734375,-3.46337890625
0.509,1.50146484375,1.14111328125,-3.62353515625
0.5095,2.26220703125,0.58056640625,-3.82373046875
0.51,2.70263671875,0.22021484375,-3.90380859375
0.5105,2.86279296875,-0.18017578125,-3.74365234375
0.511,2.86279296875,-0.62060546875,-3.26318359375
0.5115,2.86279296875,-1.22119140625,-2.62255859375
0.512,2.86279296875,-1.94189453125,-1.90185546875
0.5125,3.06298828125,-2.50244140625,-1.42138671875
0.513,3.06298828125,-2.86279296875,-0.98095703125
0.5135,2.82275390625,-2.90283203125,-0.54052734375
0.514,2.26220703125,-2.74267578125,0.18017578125
0.5145,1.66162109375,-2.82275390625,0.98095703125
0.515,1.02099609375,-2.86279296875,1.86181640625
0.5155,0.62060546875,-2.94287109375,2.42236328125
0.516,0.22021484375,-2.74267578125,2.70263671875
0.5165,-0.30029296875,-2.34228515625,2.90283203125
0.517,-1.10107421875,-1.62158203125,3.02294921875
0.5175,-1.86181640625,-0.94091796875,3.14306640625
0.518,-2.50244140625,-0.38037109375,3.26318359375
0.5185,-2.82275390625,0.02001953125,3.34326171875
0.519,-2.86279296875,0.30029296875,3.06298828125
0.5195,-2.74267578125,0.78076171875,2.46240234375
0.52,-2.78271484375,1.38134765625,1.82177734375
0.5205,-2.86279296875,2.06201171875,1.14111328125
0.521,-3.02294921875,2.50244140625,0.66064453125
0.5215,-2.94287109375,2.62255859375,0.26025390625
0.522,-2.62255859375,2.70263671875,-0.26025390625
0.5225,-1.98193359375,2.62255859375,-0.94091796875
0.523,-1.38134765625,2.70263671875,-1.74169921875
0.5235,-0.82080078125,2.78271484375,-2.50244140625
0.524,-0.50048828125,2.82275390625,-3.02294921875
0.5245,0.02001953125,2.54248046875,-3.26318359375
0.525,0.50048828125,1.98193359375,-3.38330078125
0.5255,1.26123046875,1.34130859375,-3.54345703125
0.526,2.02197265625,0.70068359375,-3.70361328125
0.5265,2.54248046875,0.30029296875,-3.82373046875
0.527,2.82275390625,0.02001953125,-3.78369140625
0.5275,2.86279296875,-0.50048828125,-3.46337890625
0.528,2.74267578125,-0.98095703125,-2.82275390625
0.5285,2.82275390625,-1.62158203125,-2.18212890625
0.529,2.98291015625,-2.30224609375,-1.54150390625
0.5295,3.06298828125,-2.70263671875,-1.14111328125
0.53,2.90283203125,-2.82275390625,-0.70068359375
0.5305,2.54248046875,-2.78271484375,-0.18017578125
0.531,1.90185546875,-2.74267578125,0.66064453125
0.5315,1.26123046875,-2.82275390625,1.46142578125
0.532,0.78076171875,-2.90283203125,2.18212890625
0.5325,0.46044921875,-2.90283203125,2.62255859375
0.533,-0.14013671875,-2.50244140625,2.86279296875
0.5335,-0.78076171875,-1.90185546875,2.90283203125
0.534,-1.50146484375,-1.22119140625,3.10302734375
0.5345,-2.26220703125,-0.62060546875,3.30322265625
0.535,-2.70263671875,-0.26025390625,3.34326171875
0.5355,-2.86279296875,0.14013671875,3.18310546875
0.536,-2.86279296875,0.58056640625,2.82275390625
0.5365,-2.78271484375,1.14111328125,2.06201171875
0.537,-2.86279296875,1.74169921875,1.42138671875
0.5375,-3.02294921875,2.34228515625,0.82080078125
0.538,-3.06298828125,2.70263671875,0.46044921875
0.5385,-2.74267578125,2.70263671875,0.02001953125
0.539,-2.26220703125,2.66259765625,-0.62060546875
0.5395,-1.62158203125,2.66259765625,-1.42138671875
0.54,-1.06103515625,2.74267578125,-2.22216796875
0.5405,-0.62060546875,2.78271484375,-2.82275390625
0.541,-0.30029296875,2.66259765625,-3.18310546875
0.5415,0.30029296875,2.26220703125,-3.34326171875
0.542,0.98095703125,1.58154296875,-3.42333984375
0.5425,1.74169921875,0.98095703125,-3.58349609375
0.543,2.42236328125,0.38037109375,-3.82373046875
0.5435,2.74267578125,0.10009765625,-3.86376953125
0.544,2.82275390625,-0.30029296875,-3.54345703125
0.5445,2.82275390625,-0.78076171875,-3.06298828125
0.545,2.82275390625,-1.42138671875,-2.38232421875
0.5455,2.86279296875,-2.06201171875,-1.74169921875
0.546,3.02294921875,-2.54248046875,-1.26123046875
0.5465,3.02294921875,-2.78271484375,-0.82080078125
0.547,2.70263671875,-2.78271484375,-0.38037109375
0.5475,2.06201171875,-2.70263671875,0.34033203125
0.548,1.42138671875,-2.78271484375,1.22119140625
0.5485,0.94091796875,-2.90283203125,1.98193359375
0.549,0.50048828125,-2.86279296875,2.54248046875
0.5495,0.14013671875,-2.66259765625,2.78271484375
0.55,-0.50048828125,-2.18212890625,2.94287109375
0.5505,-1.30126953125,-1.38134765625,3.06298828125
0.551,-2.06201171875,-0.78076171875,3.22314453125
0.5515,-2.62255859375,-0.30029296875,3.34326171875
0.552,-2.86279296875,0.06005859375,3.34326171875
0.5525,-2.86279296875,0.38037109375,2.90283203125
0.553,-2.82275390625,0.94091796875,2.30224609375
0.5535,-2.82275390625,1.58154296875,1.58154296875
0.554,-2.94287109375,2.26220703125,0.98095703125
0.5545,-3.02294921875,2.58251953125,0.54052734375
0.555,-2.86279296875,2.70263671875,0.14013671875
0.5555,-2.42236328125,2.70263671875,-0.46044921875
0.556,-1.78173828125,2.58251953125,-1.22119140625
0.5565,-1.18115234375,2.70263671875,-1.94189453125
0.557,-0.70068359375,2.78271484375,-2.62255859375
0.5575,-0.34033203125,2.70263671875,-3.06298828125
0.558,0.14013671875,2.30224609375,-3.22314453125
0.5585,0.70068359375,1.78173828125,-3.34326171875
0.559,1.46142578125,1.10107421875,-3.50341796875
0.5595,2.10205078125,0.58056640625,-3.66357421875
0.56,2.54248046875,0.22021484375,-3.74365234375
0.5605,2.74267578125,-0.18017578125,-3.66357421875
0.561,2.74267578125,-0.62060546875,-3.22314453125
0.5615,2.66259765625,-1.14111328125,-2.58251953125
0.562,2.78271484375,-1.70166015625,-1.98193359375
0.5625,2.94287109375,-2.30224609375,-1.46142578125
0.563,3.02294921875,-2.58251953125,-1.10107421875
0.5635,2.82275390625,-2.70263671875,-0.62060546875
0.564,2.38232421875,-2.70263671875,0.02001953125
0.5645,1.78173828125,-2.70263671875,0.78076171875
0.565,1.22119140625,-2.82275390625,1.58154296875
0.5655,0.78076171875,-2.90283203125,2.26220703125
0.566,0.38037109375,-2.86279296875,2.66259765625
0.5665,-0.18017578125,-2.42236328125,2.86279296875
0.567,-0.90087890625,-1.78173828125,3.02294921875
0.5675,-1.74169921875,-1.06103515625,3.18310546875
0.568,-2.42236328125,-0.54052734375,3.38330078125
0.5685,-2.74267578125,-0.22021484375,3.42333984375
0.569,-2.90283203125,0.22021484375,3.18310546875
0.5695,-2.90283203125,0.70068359375,2.58251953125
0.57,-2.86279296875,1.42138671875,1.86181640625
0.5705,-2.94287109375,2.06201171875,1.26123046875
0.571,-3.10302734375,2.58251953125,0.70068359375
0.5715,-3.02294921875,2.82275390625,0.30029296875
0.572,-2.62255859375,2.70263671875,-0.30029296875
0.5725,-2.02197265625,2.70263671875,-0.98095703125
0.573,-1.30126953125,2.70263671875,-1.86181640625
0.5735,-0.82080078125,2.78271484375,-2.54248046875
0.574,-0.42041015625,2.74267578125,-3.02294921875
0.5745,0.02001953125,2.54248046875,-3.26318359375
0.575,0.62060546875,1.94189453125,-3.34326171875
0.5755,1.30126953125,1.26123046875,-3.46337890625
0.576,1.98193359375,0.62060546875,-3.58349609375
0.5765,2.54248046875,0.22021484375,-3.70361328125
0.577,2.70263671875,-0.14013671875,-3.62353515625
0.5775,2.70263671875,-0.50048828125,-3.30322265625
0.578,2.62255859375,-0.94091796875,-2.74267578125
0.5785,2.62255859375,-1.50146484375,-2.06201171875
0.579,2.82275390625,-2.06201171875,-1.58154296875
0.5795,2.90283203125,-2.42236328125,-1.18115234375
0.58,2.86279296875,-2.62255859375,-0.78076171875
0.5805,2.46240234375,-2.62255859375,-0.30029296875
0.581,1.94189453125,-2.62255859375,0.42041015625
0.5815,1.38134765625,-2.70263671875,1.18115234375
0.582,0.98095703125,-2.82275390625,1.86181640625
0.5825,0.62060546875,-2.82275390625,2.30224609375
0.583,0.22021484375,-2.58251953125,2.58251953125
0.5835,-0.42041015625,-2.10205078125,2.82275390625
0.584,-1.14111328125,-1.42138671875,2.90283203125
0.5845,-1.90185546875,-0.94091796875,3.18310546875
0.585,-2.42236328125,-0.50048828125,3.34326171875
0.5855,-2.70263671875,-0.18017578125,3.26318359375
0.586,-2.74267578125,0.34033203125,2.90283203125
0.5865,-2.82275390625,0.94091796875,2.38232421875
0.587,-2.86279296875,1.62158203125,1.62158203125
0.5875,-3.06298828125,2.26220703125,1.14111328125
0.588,-3.14306640625,2.62255859375,0.66064453125
0.5885,-2.94287109375,2.74267578125,0.18017578125
0.589,-2.42236328125,2.74267578125,-0.50048828125
0.5895,-1.78173828125,2.78271484375,-1.30126953125
0.59,-1.14111328125,2.86279296875,-2.22216796875
0.5905,-0.74072265625,2.98291015625,-2.86279296875
0.591,-0.30029296875,2.74267578125,-3.22314453125
0.5915,0.30029296875,2.30224609375,-3.38330078125
0.592,1.10107421875,1.62158203125,-3.54345703125
0.5925,1.94189453125,0.82080078125,-3.70361328125
0.593,2.54248046875,0.30029296875,-3.86376953125
0.5935,2.82275390625,0.02001953125,-3.82373046875
0.594,2.90283203125,-0.38037109375,-3.54345703125
0.5945,2.78271484375,-0.94091796875,-2.86279296875
0.595,2.78271484375,-1.50146484375,-2.22216796875
0.5955,2.86279296875,-2.18212890625,-1.54150390625
0.596,3.02294921875,-2.58251953125,-1.10107421875
0.5965,2.82275390625,-2.74267578125,-0.66064453125
0.597,2.54248046875,-2.70263671875,-0.26025390625
0.5975,1.94189453125,-2.62255859375,0.50048828125
0.598,1.30126953125,-2.66259765625,1.30126953125
0.5985,0.78076171875,-2.74267578125,1.98193359375
0.599,0.46044921875,-2.78271484375,2.50244140625
0.5995,0.10009765625,-2.58251953125,2.74267578125
0.6,-0.50048828125,-1.98193359375,2.82275390625
0.6005,-1.22119140625,-1.46142578125,2.94287109375
0.601,-1.98193359375,-0.78076171875,3.10302734375
0.6015,-2.50244140625,-0.38037109375,3.26318359375
0.602,-2.70263671875,0.02001953125,3.22314453125
0.6025,-2.82275390625,0.34033203125,2.94287109375
0.603,-2.74267578125,0.86083984375,2.42236328125
0.6035,-2.74267578125,1.42138671875,1.74169921875
0.604,-2.90283203125,2.06201171875,1.18115234375
0.6045,-3.06298828125,2.54248046875,0.70068359375
0.605,-2.94287109375,2.70263671875,0.30029296875
0.6055,-2.58251953125,2.70263671875,-0.26025390625
0.606,-2.06201171875,2.70263671875,-0.98095703125
0.6065,-1.34130859375,2.74267578125,-1.82177734375
0.607,-0.94091796875,2.86279296875,-2.50244140625
0.6075,-0.58056640625,2.86279296875,-3.06298828125
0.608,-0.14013671875,2.58251953125,-3.30322265625
0.6085,0.62060546875,1.94189453125,-3.42333984375
0.609,1.42138671875,1.30126953125,-3.62353515625
0.6095,2.22216796875,0.62060546875,-3.82373046875
0.61,2.70263671875,0.26025390625,-3.98388671875
0.6105,2.86279296875,-0.18017578125,-3.78369140625
0.611,2.90283203125,-0.62060546875,-3.34326171875
0.6115,2.90283203125,-1.26123046875,-2.70263671875
0.612,2.94287109375,-1.94189453125,-1.94189453125
0.6125,3.14306640625,-2.54248046875,-1.38134765625
0.613,3.14306640625,-2.86279296875,-0.98095703125
0.6135,2.86279296875,-2.90283203125,-0.46044921875
0.614,2.26220703125,-2.78271484375,0.26025390625
0.6145,1.58154296875,-2.86279296875,1.06103515625
0.615,0.98095703125,-2.94287109375,1.94189453125
0.6155,0.50048828125,-2.94287109375,2.54248046875
0.616,0.10009765625,-2.70263671875,2.86279296875
0.6165,-0.50048828125,-2.30224609375,3.02294921875
0.617,-1.26123046875,-1.54150390625,3.06298828125
0.6175,-1.98193359375,-0.86083984375,3.18310546875
0.618,-2.58251953125,-0.26025390625,3.26318359375
0.6185,-2.90283203125,0.06005859375,3.30322265625
0.619,-2.90283203125,0.42041015625,2.94287109375
0.6195,-2.74267578125,0.90087890625,2.38232421875
0.62,-2.74267578125,1.42138671875,1.70166015625
0.6205,-2.82275390625,2.10205078125,1.02099609375
0.621,-2.94287109375,2.54248046875,0.58056640625
0.6215,-2.86279296875,2.70263671875,0.18017578125
0.622,-2.58251953125,2.70263671875,-0.30029296875
0.6225,-1.94189453125,2.58251953125,-0.94091796875
0.623,-1.42138671875,2.62255859375,-1.66162109375
0.6235,-0.82080078125,2.70263671875,-2.46240234375
0.624,-0.50048828125,2.74267578125,-2.94287109375
0.6245,-0.14013671875,2.46240234375,-3.18310546875
0.625,0.42041015625,2.06201171875,-3.34326171875
0.6255,1.14111328125,1.34130859375,-3.54345703125
0.626,1.94189453125,0.78076171875,-3.70361328125
0.6265,2.50244140625,0.34033203125,-3.86376953125
0.627,2.82275390625,0.02001953125,-3.86376953125
0.6275,2.90283203125,-0.42041015625,-3.58349609375
0.628,2.82275390625,-0.98095703125,-2.94287109375
0.6285,2.90283203125,-1.54150390625,-2.34228515625
0.629,3.06298828125,-2.26220703125,-1.62158203125
0.6295,3.18310546875,-2.70263671875,-1.22119140625
0.63,3.02294921875,-2.86279296875,-0.74072265625
0.6305,2.70263671875,-2.90283203125,-0.22021484375
0.631,1.98193359375,-2.86279296875,0.66064453125
0.6315,1.30126953125,-2.94287109375,1.54150390625
0.632,0.78076171875,-3.06298828125,2.34228515625
0.6325,0.42041015625,-3.06298828125,2.86279296875
0.633,-0.18017578125,-2.62255859375,3.06298828125
0.6335,-0.94091796875,-1.94189453125,3.18310546875
0.634,-1.78173828125,-1.14111328125,3.30322265625
0.6345,-2.58251953125,-0.50048828125,3.50341796875
0.635,-3.02294921875,0.02001953125,3.54345703125
0.6355,-3.14306640625,0.34033203125,3.30322265625
0.636,-3.14306640625,0.82080078125,2.78271484375
0.6365,-2.94287109375,1.46142578125,1.94189453125
0.637,-3.02294921875,2.14208984375,1.18115234375
0.6375,-3.14306640625,2.74267578125,0.54052734375
0.638,-3.06298828125,2.98291015625,0.14013671875
0.6385,-2.66259765625,2.90283203125,-0.42041015625
0.639,-2.06201171875,2.78271484375,-1.02099609375
0.6395,-1.26123046875,2.74267578125,-1.94189453125
0.64,-0.70068359375,2.78271484375,-2.66259765625
0.6405,-0.26025390625,2.70263671875,-3.18310546875
0.641,0.18017578125,2.54248046875,-3.54345703125
0.6415,0.70068359375,1.94189453125,-3.58349609375
0.642,1.38134765625,1.26123046875,-3.58349609375
0.6425,2.06201171875,0.62060546875,-3.66357421875
0.643,2.70263671875,0.06005859375,-3.82373046875
0.6435,2.94287109375,-0.26025390625,-3.78369140625
0.644,2.94287109375,-0.58056640625,-3.46337890625
0.6445,2.86279296875,-0.98095703125,-2.94287109375
0.645,2.82275390625,-1.58154296875,-2.18212890625
0.6455,2.86279296875,-2.14208984375,-1.58154296875
0.646,3.02294921875,-2.62255859375,-1.10107421875
0.6465,3.02294921875,-2.86279296875,-0.70068359375
0.647,2.66259765625,-2.86279296875,-0.26025390625
0.6475,2.06201171875,-2.74267578125,0.42041015625
0.648,1.46142578125,-2.82275390625,1.26123046875
0.6485,0.94091796875,-2.90283203125,2.02197265625
0.649,0.54052734375,-2.94287109375,2.54248046875
0.6495,0.14013671875,-2.78271484375,2.90283203125
0.65,-0.50048828125,-2.26220703125,3.10302734375
0.6505,-1.26123046875,-1.50146484375,3.14306640625
0.651,-2.06201171875,-0.86083984375,3.38330078125
0.6515,-2.74267578125,-0.30029296875,3.54345703125
0.652,-3.06298828125,0.06005859375,3.54345703125
0.6525,-3.06298828125,0.50048828125,3.14306640625
0.653,-3.06298828125,1.02099609375,2.50244140625
0.6535,-3.06298828125,1.78173828125,1.66162109375
0.654,-3.18310546875,2.46240234375,1.02099609375
0.6545,-3.22314453125,2.90283203125,0.50048828125
0.655,-3.14306640625,3.06298828125,0.06005859375
0.6555,-2.54248046875,2.94287109375,-0.62060546875
0.656,-1.78173828125,2.90283203125,-1.46142578125
0.6565,-1.06103515625,2.86279296875,-2.38232421875
0.657,-0.58056640625,2.94287109375,-3.06298828125
0.6575,-0.14013671875,2.78271484375,-3.54345703125
0.658,0.42041015625,2.38232421875,-3.66357421875
0.6585,1.18115234375,1.62158203125,-3.70361328125
0.659,1.98193359375,0.82080078125,-3.78369140625
0.6595,2.62255859375,0.26025390625,-3.86376953125
0.66,3.02294921875,-0.22021484375,-3.86376953125
0.6605,3.10302734375,-0.50048828125,-3.66357421875
0.661,2.94287109375,-0.94091796875,-3.06298828125
0.6615,2.86279296875,-1.42138671875,-2.34228515625
0.662,2.86279296875,-2.14208984375,-1.58154296875
0.6625,2.98291015625,-2.62255859375,-1.10107421875
0.663,2.90283203125,-2.82275390625,-0.62060546875
0.6635,2.62255859375,-2.82275390625,-0.30029296875
0.664,2.14208984375,-2.70263671875,0.34033203125
0.6645,1.42138671875,-2.70263671875,1.14111328125
0.665,0.90087890625,-2.74267578125,1.86181640625
0.6655,0.46044921875,-2.86279296875,2.50244140625
0.666,0.18017578125,-2.70263671875,2.82275390625
0.6665,-0.34033203125,-2.26220703125,2.90283203125
0.667,-0.98095703125,-1.66162109375,3.02294921875
0.6675,-1.78173828125,-0.94091796875,3.14306640625
0.668,-2.42236328125,-0.46044921875,3.30322265625
0.6685,-2.78271484375,-0.10009765625,3.38330078125
0.669,-2.94287109375,0.30029296875,3.18310546875
0.6695,-2.86279296875,0.74072265625,2.70263671875
0.67,-2.86279296875,1.30126953125,2.02197265625
0.6705,-2.94287109375,1.94189453125,1.34130859375
0.671,-3.14306640625,2.54248046875,0.82080078125
0.6715,-3.14306640625,2.74267578125,0.46044921875
0.672,-2.82275390625,2.82275390625,-0.14013671875
0.6725,-2.26220703125,2.74267578125,-0.70068359375
0.673,-1.58154296875,2.74267578125,-1.58154296875
0.6735,-1.10107421875,2.86279296875,-2.42236328125
0.674,-0.62060546875,2.94287109375,-3.02294921875
0.6745,-0.22021484375,2.74267578125,-3.34326171875
0.675,0.46044921875,2.22216796875,-3.46337890625
0.6755,1.22119140625,1.54150390625,-3.66357421875
0.676,2.06201171875,0.78076171875,-3.82373046875
0.6765,2.66259765625,0.34033203125,-3.98388671875
0.677,2.86279296875,-0.10009765625,-3.86376953125
0.6775,2.94287109375,-0.50048828125,-3.54345703125
0.678,2.90283203125,-1.02099609375,-2.86279296875
0.6785,2.86279296875,-1.74169921875,-2.10205078125
0.679,3.02294921875,-2.34228515625,-1.50146484375
0.6795,3.14306640625,-2.78271484375,-1.02099609375
0.68,2.94287109375,-2.86279296875,-0.62060546875
0.6805,2.50244140625,-2.86279296875,0.02001953125
0.681,1.86181640625,-2.86279296875,0.74072265625
0.6815,1.14111328125,-2.90283203125,1.62158203125
0.682,0.66064453125,-2.90283203125,2.30224609375
0.6825,0.30029296875,-2.82275390625,2.70263671875
0.683,-0.18017578125,-2.54248046875,2.94287109375
0.6835,-0.86083984375,-1.78173828125,2.98291015625
0.684,-1.62158203125,-1.14111328125,3.10302734375
0.6845,-2.30224609375,-0.50048828125,3.18310546875
0.685,-2.78271484375,-0.14013671875,3.34326171875
0.6855,-2.86279296875,0.22021484375,3.18310546875
0.686,-2.86279296875,0.62060546875,2.74267578125
0.6865,-2.78271484375,1.14111328125,2.10205078125
0.687,-2.74267578125,1.78173828125,1.34130859375
0.6875,-2.94287109375,2.34228515625,0.86083984375
0.688,-2.98291015625,2.62255859375,0.38037109375
0.6885,-2.82275390625,2.70263671875,0.02001953125
0.689,-2.26220703125,2.62255859375,-0.58056640625
0.6895,-1.74169921875,2.58251953125,-1.30126953125
0.69,-1.10107421875,2.70263671875,-2.14208984375
0.6905,-0.70068359375,2.82275390625,-2.70263671875
0.691,-0.34033203125,2.70263671875,-3.06298828125
0.6915,0.14013671875,2.38232421875,-3.34326171875
0.692,0.82080078125,1.78173828125,-3.46337890625
0.6925,1.58154296875,1.06103515625,-3.58349609375
0.693,2.26220703125,0.50048828125,-3.78369140625
0.6935,2.70263671875,0.18017578125,-3.90380859375
0.694,2.86279296875,-0.22021484375,-3.70361328125
0.6945,2.82275390625,-0.66064453125,-3.18310546875
0.695,2.86279296875,-1.26123046875,-2.58251953125
0.6955,2.94287109375,-1.98193359375,-1.86181640625
0.696,3.14306640625,-2.50244140625,-1.42138671875
0.6965,3.06298828125,-2.82275390625,-0.98095703125
0.697,2.86279296875,-2.86279296875,-0.50048828125
0.6975,2.18212890625,-2.86279296875,0.26025390625
0.698,1.58154296875,-2.86279296875,1.10107421875
0.6985,0.98095703125,-2.94287109375,1.94189453125
0.699,0.62060546875,-3.02294921875,2.54248046875
0.6995,0.18017578125,-2.74267578125,2.78271484375
0.7,-0.42041015625,-2.26220703125,2.94287109375
0.7005,-1.22119140625,-1.54150390625,3.06298828125
0.701,-2.06201171875,-0.78076171875,3.22314453125
0.7015,-2.58251953125,-0.34033203125,3.38330078125
0.702,-2.86279296875,0.06005859375,3.34326171875
0.7025,-2.90283203125,0.38037109375,3.02294921875
0.703,-2.78271484375,0.98095703125,2.30224609375
0.7035,-2.82275390625,1.58154296875,1.62158203125
0.704,-2.94287109375,2.26220703125,0.98095703125
0.7045,-3.06298828125,2.58251953125,0.58056640625
0.705,-2.86279296875,2.70263671875,0.14013671875
0.7055,-2.50244140625,2.66259765625,-0.46044921875
0.706,-1.82177734375,2.66259765625,-1.18115234375
0.7065,-1.18115234375,2.70263671875,-1.98193359375
0.707,-0.66064453125,2.74267578125,-2.70263671875
0.7075,-0.34033203125,2.74267578125,-3.14306640625
0.708,0.10009765625,2.42236328125,-3.30322265625
0.7085,0.70068359375,1.82177734375,-3.34326171875
0.709,1.42138671875,1.18115234375,-3.54345703125
0.7095,2.22216796875,0.54052734375,-3.70361328125
0.71,2.58251953125,0.18017578125,-3.82373046875
0.7105,2.78271484375,-0.22021484375,-3.66357421875
0.711,2.82275390625,-0.58056640625,-3.34326171875
0.7115,2.74267578125,-1.14111328125,-2.66259765625
0.712,2.82275390625,-1.74169921875,-2.02197265625
0.7125,2.98291015625,-2.38232421875,-1.46142578125
0.713,3.06298828125,-2.70263671875,-1.06103515625
0.7135,2.82275390625,-2.78271484375,-0.66064453125
0.714,2.42236328125,-2.74267578125,0.02001953125
0.7145,1.86181640625,-2.74267578125,0.70068359375
0.715,1.22119140625,-2.86279296875,1.54150390625
0.7155,0.78076171875,-2.86279296875,2.22216796875
0.716,0.38037109375,-2.82275390625,2.62255859375
0.7165,-0.10009765625,-2.54248046875,2.86279296875
0.717,-0.78076171875,-1.78173828125,2.94287109375
0.7175,-1.54150390625,-1.18115234375,3.10302734375
0.718,-2.30224609375,-0.58056640625,3.30322265625
0.7185,-2.70263671875,-0.26025390625,3.42333984375
0.719,-2.82275390625,0.18017578125,3.18310546875
0.7195,-2.82275390625,0.62060546875,2.70263671875
0.72,-2.82275390625,1.26123046875,1.98193359375
0.7205,-2.86279296875,1.90185546875,1.30126953125
0.721,-3.02294921875,2.42236328125,0.82080078125
0.7215,-3.06298828125,2.66259765625,0.38037109375
0.722,-2.70263671875,2.74267578125,-0.14013671875
0.7225,-2.10205078125,2.62255859375,-0.78076171875
0.723,-1.54150390625,2.70263671875,-1.58154296875
0.7235,-0.98095703125,2.82275390625,-2.38232421875
0.724,-0.58056640625,2.82275390625,-2.90283203125
0.7245,-0.14013671875,2.58251953125,-3.18310546875
0.725,0.42041015625,2.14208984375,-3.34326171875
0.7255,1.18115234375,1.42138671875,-3.46337890625
0.726,1.94189453125,0.78076171875,-3.62353515625
0.7265,2.50244140625,0.30029296875,-3.78369140625
0.727,2.78271484375,0.02001953125,-3.78369140625
0.7275,2.78271484375,-0.38037109375,-3.46337890625
0.728,2.70263671875,-0.90087890625,-2.82275390625
0.7285,2.74267578125,-1.54150390625,-2.22216796875
0.729,2.86279296875,-2.18212890625,-1.58154296875
0.7295,2.98291015625,-2.58251953125,-1.18115234375
0.73,2.86279296875,-2.74267578125,-0.70068359375
0.7305,2.58251953125,-2.74267578125,-0.30029296875
0.731,1.94189453125,-2.66259765625,0.54052734375
0.7315,1.34130859375,-2.74267578125,1.30126953125
0.732,0.86083984375,-2.86279296875,2.06201171875
0.7325,0.50048828125,-2.86279296875,2.54248046875
0.733,0.06005859375,-2.54248046875,2.78271484375
0.7335,-0.58056640625,-2.02197265625,2.90283203125
0.734,-1.34130859375,-1.30126953125,3.06298828125
0.7345,-2.10205078125,-0.70068359375,3.22314453125
0.735,-2.58251953125,-0.30029296875,3.34326171875
0.7355,-2.86279296875,0.10009765625,3.30322265625
0.736,-2.86279296875,0.46044921875,2.90283203125
0.7365,-2.74267578125,0.98095703125,2.18212890625
0.737,-2.86279296875,1.62158203125,1.58154296875
0.7375,-3.06298828125,2.30224609375,0.94091796875
0.738,-3.06298828125,2.62255859375,0.54052734375
0.7385,-2.82275390625,2.70263671875,0.06005859375
0.739,-2.38232421875,2.70263671875,-0.50048828125
0.7395,-1.70166015625,2.70263671875,-1.34130859375
0.74,-1.14111328125,2.78271484375,-2.10205078125
0.7405,-0.66064453125,2.82275390625,-2.78271484375
0.741,-0.34033203125,2.70263671875,-3.18310546875
0.7415,0.26025390625,2.26220703125,-3.26318359375
0.742,0.86083984375,1.66162109375,-3.38330078125
0.7425,1.62158203125,0.98095703125,-3.54345703125
0.743,2.30224609375,0.46044921875,-3.70361328125
0.7435,2.62255859375,0.14013671875,-3.78369140625
0.744,2.74267578125,-0.26025390625,-3.54345703125
0.7445,2.70263671875,-0.70068359375,-3.06298828125
0.745,2.70263671875,-1.30126953125,-2.42236328125
0.7455,2.74267578125,-1.94189453125,-1.86181640625
0.746,2.94287109375,-2.42236328125,-1.30126953125
0.7465,2.94287109375,-2.62255859375,-0.98095703125
0.747,2.66259765625,-2.70263671875,-0.50048828125
0.7475,2.22216796875,-2.66259765625,0.14013671875
0.748,1.58154296875,-2.70263671875,0.98095703125
0.7485,1.10107421875,-2.82275390625,1.70166015625
0.749,0.66064453125,-2.86279296875,2.30224609375
0.7495,0.30029296875,-2.74267578125,2.66259765625
0.75,-0.26025390625,-2.30224609375,2.82275390625
0.7505,-1.02099609375,-1.62158203125,2.98291015625
0.751,-1.78173828125,-0.98095703125,3.14306640625
0.7515,-2.46240234375,-0.50048828125,3.34326171875
0.752,-2.74267578125,-0.18017578125,3.38330078125
0.7525,-2.82275390625,0.26025390625,3.06298828125
0.753,-2.86279296875,0.70068359375,2.54248046875
0.7535,-2.86279296875,1.38134765625,1.78173828125
0.754,-2.94287109375,2.06201171875,1.22119140625
0.7545,-3.06298828125,2.54248046875,0.66064453125
0.755,-3.02294921875,2.74267578125,0.30029296875
0.7555,-2.58251953125,2.74267578125,-0.30029296875
0.756,-1.94189453125,2.70263671875,-1.02099609375
0.7565,-1.30126953125,2.74267578125,-1.90185546875
0.757,-0.82080078125,2.86279296875,-2.58251953125
0.7575,-0.42041015625,2.74267578125,-3.06298828125
0.758,0.02001953125,2.50244140625,-3.30322265625
0.7585,0.66064453125,1.90185546875,-3.38330078125
0.759,1.42138671875,1.14111328125,-3.54345703125
0.7595,2.14208984375,0.58056640625,-3.66357421875
0.76,2.62255859375,0.14013671875,-3.78369140625
0.7605,2.78271484375,-0.18017578125,-3.66357421875
0.761,2.74267578125,-0.58056640625,-3.18310546875
0.7615,2.66259765625,-1.10107421875,-2.62255859375
0.762,2.70263671875,-1.74169921875,-1.94189453125
0.7625,2.86279296875,-2.26220703125,-1.46142578125
0.763,2.90283203125,-2.54248046875,-1.02099609375
0.7635,2.74267578125,-2.66259765625,-0.62060546875
0.764,2.30224609375,-2.62255859375,-0.10009765625
0.7645,1.78173828125,-2.62255859375,0.66064453125
0.765,1.22119140625,-2.70263671875,1.42138671875
0.7655,0.82080078125,-2.82275390625,2.06201171875
0.766,0.50048828125,-2.74267578125,2.46240234375
0.7665,0.02001953125,-2.42236328125,2.66259765625
0.767,-0.62060546875,-1.94189453125,2.82275390625
0.7675,-1.42138671875,-1.22119140625,2.98291015625
0.768,-2.06201171875,-0.70068359375,3.18310546875
0.7685,-2.54248046875,-0.38037109375,3.34326171875
0.769,-2.70263671875,0.02001953125,3.22314453125
0.7695,-2.74267578125,0.46044921875,2.74267578125
0.77,-2.74267578125,1.06103515625,2.18212890625
0.7705,-2.86279296875,1.74169921875,1.54150390625
0.771,-3.06298828125,2.34228515625,0.98095703125
0.7715,-3.06298828125,2.58251953125,0.58056640625
0.772,-2.82275390625,2.70263671875,0.06005859375
0.7725,-2.34228515625,2.70263671875,-0.62060546875
0.773,-1.66162109375,2.74267578125,-1.42138671875
0.7735,-1.14111328125,2.86279296875,-2.26220703125
0.774,-0.66064453125,2.90283203125,-2.86279296875
0.7745,-0.30029296875,2.74267578125,-3.18310546875
0.775,0.34033203125,2.22216796875,-3.34326171875
0.7755,1.10107421875,1.58154296875,-3.54345703125
0.776,1.94189453125,0.82080078125,-3.74365234375
0.7765,2.58251953125,0.34033203125,-3.86376953125
0.777,2.86279296875,-0.10009765625,-3.82373046875
0.7775,2.86279296875,-0.50048828125,-3.54345703125
0.778,2.82275390625,-0.98095703125,-2.86279296875
0.7785,2.82275390625,-1.58154296875,-2.14208984375
0.779,2.90283203125,-2.22216796875,-1.54150390625
0.7795,3.06298828125,-2.66259765625,-1.10107421875
0.78,2.86279296875,-2.74267578125,-0.66064453125
0.7805,2.46240234375,-2.70263671875,-0.14013671875
0.781,1.86181640625,-2.70263671875,0.62060546875
0.7815,1.18115234375,-2.74267578125,1.46142578125
0.782,0.74072265625,-2.82275390625,2.10205078125
0.7825,0.34033203125,-2.78271484375,2.58251953125
0.783,0.02001953125,-2.50244140625,2.82275390625
0.7835,-0.70068359375,-1.90185546875,2.86279296875
0.784,-1.42138671875,-1.26123046875,3.02294921875
0.7845,-2.10205078125,-0.66064453125,3.14306640625
0.785,-2.62255859375,-0.30029296875,3.34326171875
0.7855,-2.82275390625,0.06005859375,3.18310546875
0.786,-2.82275390625,0.50048828125,2.82275390625
0.7865,-2.74267578125,0.98095703125,2.26220703125
0.787,-2.74267578125,1.62158203125,1.50146484375
0.7875,-2.90283203125,2.22216796875,0.98095703125
0.788,-3.02294921875,2.58251953125,0.54052734375
0.7885,-2.86279296875,2.70263671875,0.18017578125
0.789,-2.42236328125,2.62255859375,-0.46044921875
0.7895,-1.86181640625,2.66259765625,-1.14111328125
0.79,-1.22119140625,2.74267578125,-2.02197265625
0.7905,-0.82080078125,2.86279296875,-2.62255859375
0.791,-0.42041015625,2.74267578125,-3.06298828125
0.7915,0.06005859375,2.46240234375,-3.34326171875
0.792,0.78076171875,1.78173828125,-3.46337890625
0.7925,1.58154296875,1.10107421875,-3.58349609375
0.793,2.26220703125,0.50048828125,-3.82373046875
0.7935,2.74267578125,0.14013671875,-3.94384765625
0.794,2.86279296875,-0.26025390625,-3.74365234375
0.7945,2.86279296875,-0.70068359375,-3.18310546875
0.795,2.86279296875,-1.26123046875,-2.58251953125
0.7955,2.94287109375,-2.02197265625,-1.82177734375
0.796,3.14306640625,-2.54248046875,-1.34130859375
0.7965,3.10302734375,-2.82275390625,-0.90087890625
0.797,2.82275390625,-2.86279296875,-0.42041015625
0.7975,2.18212890625,-2.82275390625,0.34033203125
0.798,1.58154296875,-2.86279296875,1.14111328125
0.7985,0.94091796875,-2.94287109375,1.98193359375
0.799,0.54052734375,-2.98291015625,2.58251953125
0.7995,0.10009765625,-2.70263671875,2.86279296875
0.8,-0.50048828125,-2.22216796875,3.02294921875
0.8005,-1.30126953125,-1.46142578125,3.14306640625
0.801,-2.10205078125,-0.78076171875,3.26318359375
0.8015,-2.70263671875,-0.30029296875,3.34326171875
0.802,-2.98291015625,0.14013671875,3.34326171875
0.8025,-2.94287109375,0.46044921875,2.98291015625
0.803,-2.78271484375,0.98095703125,2.26220703125
0.8035,-2.78271484375,1.58154296875,1.62158203125
0.804,-2.90283203125,2.26220703125,0.94091796875
0.8045,-3.02294921875,2.62255859375,0.50048828125
0.805,-2.86279296875,2.74267578125,0.06005859375
0.8055,-2.50244140625,2.70263671875,-0.42041015625
0.806,-1.82177734375,2.58251953125,-1.14111328125
0.8065,-1.22119140625,2.66259765625,-1.94189453125
0.807,-0.70068359375,2.74267578125,-2.62255859375
0.8075,-0.38037109375,2.74267578125,-3.10302734375
0.808,0.06005859375,2.46240234375,-3.26318359375
0.8085,0.62060546875,1.86181640625,-3.38330078125
0.809,1.30126953125,1.22119140625,-3.54345703125
0.8095,2.10205078125,0.62060546875,-3.70361328125
0.81,2.58251953125,0.26025390625,-3.82373046875
0.8105,2.82275390625,-0.14013671875,-3.74365234375
0.811,2.86279296875,-0.50048828125,-3.46337890625
0.8115,2.74267578125,-1.02099609375,-2.78271484375
0.812,2.86279296875,-1.66162109375,-2.14208984375
0.8125,3.02294921875,-2.30224609375,-1.54150390625
0.813,3.14306640625,-2.70263671875,-1.14111328125
0.8135,2.90283203125,-2.82275390625,-0.66064453125
0.814,2.50244140625,-2.82275390625,-0.14013671875
0.8145,1.94189453125,-2.82275390625,0.70068359375
0.815,1.26123046875,-2.90283203125,1.58154296875
0.8155,0.78076171875,-2.98291015625,2.26220703125
0.816,0.38037109375,-2.94287109375,2.74267578125
0.8165,-0.14013671875,-2.58251953125,2.94287109375
0.817,-0.90087890625,-1.90185546875,3.06298828125
0.8175,-1.70166015625,-1.18115234375,3.26318359375
0.818,-2.54248046875,-0.50048828125,3.46337890625
0.8185,-2.94287109375,-0.14013671875,3.54345703125
0.819,-3.06298828125,0.30029296875,3.22314453125
0.8195,-3.02294921875,0.78076171875,2.74267578125
0.82,-2.94287109375,1.42138671875,1.94189453125
0.8205,-3.02294921875,2.14208984375,1.18115234375
0.821,-3.18310546875,2.70263671875,0.62060546875
0.8215,-3.14306640625,2.94287109375,0.18017578125
0.822,-2.70263671875,2.90283203125,-0.34033203125
0.8225,-2.02197265625,2.78271484375,-1.10107421875
0.823,-1.30126953125,2.78271484375,-1.94189453125
0.8235,-0.70068359375,2.86279296875,-2.74267578125
0.824,-0.26025390625,2.78271484375,-3.26318359375
0.8245,0.22021484375,2.54248046875,-3.54345703125
0.825,0.78076171875,1.94189453125,-3.58349609375
0.8255,1.54150390625,1.14111328125,-3.62353515625
0.826,2.26220703125,0.50048828125,-3.74365234375
0.8265,2.86279296875,0.02001953125,-3.82373046875
0.827,3.06298828125,-0.30029296875,-3.78369140625
0.8275,2.98291015625,-0.66064453125,-3.38330078125
0.828,2.86279296875,-1.14111328125,-2.74267578125
0.8285,2.82275390625,-1.74169921875,-2.02197265625
0.829,2.90283203125,-2.34228515625,-1.38134765625
0.8295,2.98291015625,-2.70263671875,-0.94091796875
0.83,2.90283203125,-2.90283203125,-0.58056640625
0.8305,2.54248046875,-2.82275390625,-0.14013671875
0.831,1.86181640625,-2.70263671875,0.62060546875
0.8315,1.26123046875,-2.74267578125,1.42138671875
0.832,0.74072265625,-2.86279296875,2.26220703125
0.8325,0.34033203125,-2.90283203125,2.70263671875
0.833,-0.10009765625,-2.62255859375,2.94287109375
0.8335,-0.66064453125,-2.02197265625,3.06298828125
0.834,-1.46142578125,-1.26123046875,3.18310546875
0.8345,-2.26220703125,-0.66064453125,3.34326171875
0.835,-2.82275390625,-0.22021484375,3.50341796875
0.8355,-3.06298828125,0.18017578125,3.46337890625
0.836,-3.06298828125,0.58056640625,3.02294921875
0.8365,-2.94287109375,1.14111328125,2.30224609375
0.837,-3.02294921875,1.86181640625,1.58154296875
0.8375,-3.18310546875,2.54248046875,0.90087890625
0.838,-3.18310546875,2.86279296875,0.46044921875
0.8385,-3.02294921875,2.98291015625,0.02001953125
0.839,-2.50244140625,2.94287109375,-0.66064453125
0.8395,-1.70166015625,2.86279296875,-1.58154296875
0.84,-1.02099609375,2.90283203125,-2.42236328125
0.8405,-0.54052734375,2.94287109375,-3.14306640625
0.841,-0.14013671875,2.82275390625,-3.54345703125
0.8415,0.46044921875,2.30224609375,-3.62353515625
0.842,1.22119140625,1.58154296875,-3.70361328125
0.8425,2.06201171875,0.78076171875,-3.82373046875
0.843,2.70263671875,0.26025390625,-3.98388671875
0.8435,3.06298828125,-0.22021484375,-3.86376953125
0.844,3.14306640625,-0.58056640625,-3.66357421875
0.8445,2.98291015625,-0.98095703125,-3.02294921875
0.845,2.86279296875,-1.62158203125,-2.22216796875
0.8455,2.90283203125,-2.22216796875,-1.54150390625
0.846,3.06298828125,-2.74267578125,-1.02099609375
0.8465,2.94287109375,-2.86279296875,-0.62060546875
0.847,2.58251953125,-2.82275390625,-0.14013671875
0.8475,1.98193359375,-2.74267578125,0.50048828125
0.848,1.30126953125,-2.70263671875,1.34130859375
0.8485,0.78076171875,-2.82275390625,2.06201171875
0.849,0.38037109375,-2.82275390625,2.58251953125
0.8495,0.02001953125,-2.62255859375,2.86279296875
0.85,-0.50048828125,-2.10205078125,2.94287109375
0.8505,-1.22119140625,-1.42138671875,3.06298828125
0.851,-1.94189453125,-0.78076171875,3.14306640625
0.8515,-2.58251953125,-0.30029296875,3.34326171875
0.852,-2.86279296875,0.06005859375,3.34326171875
0.8525,-2.94287109375,0.42041015625,3.06298828125
0.853,-2.86279296875,0.82080078125,2.54248046875
0.8535,-2.82275390625,1.46142578125,1.78173828125
0.854,-2.90283203125,2.06201171875,1.22119140625
0.8545,-3.06298828125,2.58251953125,0.66064453125
0.855,-3.06298828125,2.78271484375,0.30029296875
0.8555,-2.66259765625,2.74267578125,-0.26025390625
0.856,-2.10205078125,2.74267578125,-0.94091796875
0.8565,-1.42138671875,2.70263671875,-1.78173828125
0.857,-0.94091796875,2.86279296875,-2.50244140625
0.8575,-0.54052734375,2.86279296875,-3.06298828125
0.858,-0.14013671875,2.62255859375,-3.34326171875
0.8585,0.58056640625,2.06201171875,-3.46337890625
0.859,1.30126953125,1.34130859375,-3.58349609375
0.8595,2.10205078125,0.70068359375,-3.78369140625
0.86,2.70263671875,0.26025390625,-3.98388671875
0.8605,2.90283203125,-0.14013671875,-3.82373046875
0.861,2.94287109375,-0.58056640625,-3.46337890625
0.8615,2.86279296875,-1.10107421875,-2.82275390625
0.862,2.90283203125,-1.78173828125,-2.02197265625
0.8625,3.06298828125,-2.38232421875,-1.46142578125
0.863,3.14306640625,-2.78271484375,-0.98095703125
0.8635,2.94287109375,-2.86279296875,-0.62060546875
0.864,2.38232421875,-2.82275390625,0.06005859375
0.8645,1.78173828125,-2.86279296875,0.82080078125
0.865,1.10107421875,-2.90283203125,1.74169921875
0.8655,0.66064453125,-2.94287109375,2.38232421875
0.866,0.30029296875,-2.82275390625,2.74267578125
0.8665,-0.26025390625,-2.46240234375,2.94287109375
0.867,-0.98095703125,-1.74169921875,3.02294921875
0.8675,-1.78173828125,-0.98095703125,3.14306640625
0.868,-2.42236328125,-0.50048828125,3.30322265625
0.8685,-2.86279296875,0.02001953125,3.38330078125
0.869,-2.90283203125,0.30029296875,3.18310546875
0.8695,-2.86279296875,0.70068359375,2.62255859375
0.87,-2.82275390625,1.26123046875,1.94189453125
0.8705,-2.86279296875,1.94189453125,1.22119140625
0.871,-3.02294921875,2.50244140625,0.74072265625
0.8715,-2.94287109375,2.70263671875,0.30029296875
0.872,-2.74267578125,2.78271484375,-0.14013671875
0.8725,-2.18212890625,2.62255859375,-0.78076171875
0.873,-1.50146484375,2.62255859375,-1.58154296875
0.8735,-0.98095703125,2.70263671875,-2.34228515625
0.874,-0.58056640625,2.82275390625,-2.94287109375
0.8745,-0.18017578125,2.62255859375,-3.18310546875
0.875,0.34033203125,2.18212890625,-3.34326171875
0.8755,1.02099609375,1.58154296875,-3.54345703125
0.876,1.86181640625,0.82080078125,-3.62353515625
0.8765,2.46240234375,0.38037109375,-3.82373046875
0.877,2.78271484375,0.02001953125,-3.82373046875
0.8775,2.86279296875,-0.34033203125,-3.62353515625
0.878,2.78271484375,-0.82080078125,-3.02294921875
0.8785,2.86279296875,-1.46142578125,-2.42236328125
0.879,2.94287109375,-2.10205078125,-1.74169921875
0.8795,3.14306640625,-2.58251953125,-1.26123046875
0.88,2.98291015625,-2.78271484375,-0.86083984375
0.8805,2.66259765625,-2.86279296875,-0.34033203125
0.881,2.10205078125,-2.82275390625,0.38037109375
0.8815,1.46142578125,-2.82275390625,1.26123046875
0.882,0.94091796875,-2.90283203125,1.98193359375
0.8825,0.58056640625,-2.94287109375,2.54248046875
0.883,0.14013671875,-2.70263671875,2.82275390625
0.8835,-0.50048828125,-2.10205078125,2.90283203125
0.884,-1.26123046875,-1.46142578125,3.10302734375
0.8845,-2.10205078125,-0.78076171875,3.26318359375
0.885,-2.62255859375,-0.34033203125,3.42333984375
0.8855,-2.86279296875,0.06005859375,3.26318359375
0.886,-2.90283203125,0.42041015625,2.98291015625
0.8865,-2.82275390625,0.98095703125,2.30224609375
0.887,-2.82275390625,1.62158203125,1.58154296875
0.8875,-2.98291015625,2.26220703125,0.98095703125
0.888,-3.06298828125,2.66259765625,0.54052734375
0.8885,-2.86279296875,2.70263671875,0.14013671875
0.889,-2.38232421875,2.66259765625,-0.50048828125
0.8895,-1.78173828125,2.70263671875,-1.22119140625
0.89,-1.14111328125,2.74267578125,-2.10205078125
0.8905,-0.66064453125,2.82275390625,-2.74267578125
0.891,-0.30029296875,2.74267578125,-3.18310546875
0.8915,0.18017578125,2.42236328125,-3.34326171875
0.892,0.82080078125,1.70166015625,-3.38330078125
0.8925,1.58154296875,1.10107421875,-3.58349609375
0.893,2.30224609375,0.46044921875,-3.74365234375
0.8935,2.74267578125,0.14013671875,-3.86376953125
0.894,2.82275390625,-0.26025390625,-3.62353515625
0.8945,2.82275390625,-0.66064453125,-3.18310546875
0.895,2.78271484375,-1.22119140625,-2.54248046875
0.8955,2.82275390625,-1.94189453125,-1.86181640625
0.896,3.02294921875,-2.42236328125,-1.34130859375
0.8965,3.02294921875,-2.78271484375,-0.94091796875
0.897,2.78271484375,-2.82275390625,-0.50048828125
0.8975,2.22216796875,-2.66259765625,0.18017578125
0.898,1.66162109375,-2.74267578125,0.90087890625
0.8985,1.06103515625,-2.86279296875,1.74169921875
0.899,0.66064453125,-2.90283203125,2.34228515625
0.8995,0.30029296875,-2.74267578125,2.70263671875
0.9,-0.26025390625,-2.38232421875,2.86279296875
0.9005,-0.98095703125,-1.66162109375,2.98291015625
0.901,-1.78173828125,-0.98095703125,3.18310546875
0.9015,-2.42236328125,-0.50048828125,3.34326171875
0.902,-2.82275390625,-0.14013671875,3.42333984375
0.9025,-2.86279296875,0.26025390625,3.14306640625
0.903,-2.82275390625,0.78076171875,2.54248046875
0.9035,-2.82275390625,1.34130859375,1.94189453125
0.904,-2.94287109375,2.06201171875,1.30126953125
0.9045,-3.06298828125,2.50244140625,0.70068359375
0.905,-2.94287109375,2.70263671875,0.30029296875
0.9055,-2.66259765625,2.74267578125,-0.22021484375
0.906,-2.02197265625,2.66259765625,-0.90087890625
0.9065,-1.42138671875,2.70263671875,-1.70166015625
0.907,-0.90087890625,2.82275390625,-2.50244140625
0.9075,-0.50048828125,2.86279296875,-3.02294921875
0.908,0.02001953125,2.54248046875,-3.22314453125
0.9085,0.54052734375,2.02197265625,-3.38330078125
0.909,1.30126953125,1.30126953125,-3.50341796875
0.9095,2.02197265625,0.70068359375,-3.70361328125
0.91,2.54248046875,0.30029296875,-3.82373046875
0.9105,2.78271484375,0.02001953125,-3.74365234375
0.911,2.82275390625,-0.46044921875,-3.38330078125
0.9115,2.70263671875,-0.98095703125,-2.74267578125
0.912,2.66259765625,-1.66162109375,-2.10205078125
0.9125,2.94287109375,-2.26220703125,-1.54150390625
0.913,3.06298828125,-2.66259765625,-1.14111328125
0.9135,2.82275390625,-2.70263671875,-0.66064453125
0.914,2.50244140625,-2.74267578125,-0.18017578125
0.9145,1.86181640625,-2.70263671875,0.62060546875
0.915,1.30126953125,-2.82275390625,1.42138671875
0.9155,0.78076171875,-2.86279296875,2.14208984375
0.916,0.46044921875,-2.86279296875,2.58251953125
0.9165,0.02001953125,-2.50244140625,2.82275390625
0.917,-0.70068359375,-1.90185546875,2.90283203125
0.9175,-1.46142578125,-1.26123046875,3.06298828125
0.918,-2.26220703125,-0.62060546875,3.30322265625
0.9185,-2.70263671875,-0.26025390625,3.38330078125
0.919,-2.86279296875,0.14013671875,3.18310546875
0.9195,-2.86279296875,0.58056640625,2.82275390625
0.92,-2.74267578125,1.02099609375,1.94189453125
0.9205,-2.86279296875,1.78173828125,1.42138671875
0.921,-3.06298828125,2.42236328125,0.82080078125
0.9215,-3.06298828125,2.70263671875,0.46044921875
0.922,-2.78271484375,2.70263671875,0.02001953125
0.9225,-2.26220703125,2.70263671875,-0.70068359375
0.923,-1.58154296875,2.70263671875,-1.46142578125
0.9235,-1.02099609375,2.82275390625,-2.30224609375
0.924,-0.58056640625,2.82275390625,-2.86279296875
0.9245,-0.22021484375,2.66259765625,-3.22314453125
0.925,0.38037109375,2.22216796875,-3.38330078125
0.9255,1.10107421875,1.50146484375,-3.46337890625
0.926,1.78173828125,0.86083984375,-3.58349609375
0.9265,2.46240234375,0.34033203125,-3.78369140625
0.927,2.74267578125,0.06005859375,-3.78369140625
0.9275,2.74267578125,-0.34033203125,-3.46337890625
0.928,2.78271484375,-0.70068359375,-2.90283203125
0.9285,2.70263671875,-1.42138671875,-2.26220703125
0.929,2.82275390625,-2.02197265625,-1.66162109375
0.9295,2.90283203125,-2.42236328125,-1.26123046875
0.93,2.90283203125,-2.66259765625,-0.82080078125
0.9305,2.58251953125,-2.66259765625,-0.42041015625
0.931,2.02197265625,-2.62255859375,0.30029296875
0.9315,1.46142578125,-2.70263671875,1.06103515625
0.932,0.98095703125,-2.82275390625,1.78173828125
0.9325,0.62060546875,-2.86279296875,2.34228515625
0.933,0.26025390625,-2.62255859375,2.62255859375
0.9335,-0.34033203125,-2.22216796875,2.82275390625
0.934,-1.10107421875,-1.54150390625,2.94287109375
0.9345,-1.86181640625,-0.94091796875,3.18310546875
0.935,-2.46240234375,-0.50048828125,3.34326171875
0.9355,-2.78271484375,-0.14013671875,3.38330078125
0.936,-2.86279296875,0.22021484375,3.06298828125
0.9365,-2.82275390625,0.82080078125,2.42236328125
0.937,-2.86279296875,1.46142578125,1.70166015625
0.9375,-3.02294921875,2.18212890625,1.14111328125
0.938,-3.10302734375,2.58251953125,0.66064453125
0.9385,-2.98291015625,2.78271484375,0.22021484375
0.939,-2.58251953125,2.74267578125,-0.38037109375
0.9395,-1.90185546875,2.74267578125,-1.22119140625
0.94,-1.26123046875,2.82275390625,-2.02197265625
0.9405,-0.78076171875,2.94287109375,-2.74267578125
0.941,-0.34033203125,2.86279296875,-3.18310546875
0.9415,0.18017578125,2.42236328125,-3.38330078125
0.942,0.86083984375,1.78173828125,-3.54345703125
0.9425,1.66162109375,1.02099609375,-3.58349609375
0.943,2.30224609375,0.50048828125,-3.78369140625
0.9435,2.70263671875,0.10009765625,-3.82373046875
0.944,2.90283203125,-0.34033203125,-3.70361328125
0.9445,2.78271484375,-0.70068359375,-3.10302734375
0.945,2.66259765625,-1.42138671875,-2.50244140625
0.9455,2.74267578125,-1.86181640625,-1.78173828125
0.946,2.90283203125,-2.42236328125,-1.26123046875
0.9465,2.86279296875,-2.62255859375,-0.90087890625
0.947,2.62255859375,-2.66259765625,-0.46044921875
0.9475,2.18212890625,-2.62255859375,0.14013671875
0.948,1.58154296875,-2.58251953125,0.86083984375
0.9485,1.10107421875,-2.70263671875,1.58154296875
0.949,0.66064453125,-2.74267578125,2.18212890625
0.9495,0.34033203125,-2.70263671875,2.54248046875
0.95,-0.14013671875,-2.26220703125,2.66259765625
0.9505,-0.78076171875,-1.70166015625,2.82275390625
0.951,-1.50146484375,-1.06103515625,2.94287109375
0.9515,-2.14208984375,-0.62060546875,3.18310546875
0.952,-2.46240234375,-0.30029296875,3.22314453125
0.9525,-2.70263671875,0.06005859375,3.10302734375
0.953,-2.66259765625,0.50048828125,2.54248046875
0.9535,-2.66259765625,1.14111328125,2.02197265625
0.954,-2.86279296875,1.74169921875,1.46142578125
0.9545,-3.02294921875,2.30224609375,0.98095703125
0.955,-3.06298828125,2.58251953125,0.58056640625
0.9555,-2.74267578125,2.62255859375,0.06005859375
0.956,-2.26220703125,2.70263671875,-0.62060546875
0.9565,-1.62158203125,2.74267578125,-1.42138671875
0.957,-1.14111328125,2.86279296875,-2.22216796875
0.9575,-0.70068359375,2.90283203125,-2.82275390625
0.958,-0.30029296875,2.74267578125,-3.18310546875
0.9585,0.34033203125,2.22216796875,-3.34326171875
0.959,1.14111328125,1.54150390625,-3.54345703125
0.9595,1.94189453125,0.82080078125,-3.78369140625
0.96,2.62255859375,0.42041015625,-3.98388671875
0.9605,2.86279296875,0.02001953125,-3.86376953125
0.961,2.98291015625,-0.50048828125,-3.58349609375
0.9615,2.86279296875,-0.98095703125,-2.86279296875
0.962,2.86279296875,-1.74169921875,-2.10205078125
0.9625,3.06298828125,-2.34228515625,-1.50146484375
0.963,3.10302734375,-2.74267578125,-1.02099609375
0.9635,2.90283203125,-2.86279296875,-0.62060546875
0.964,2.38232421875,-2.78271484375,0.06005859375
0.9645,1.78173828125,-2.74267578125,0.82080078125
0.965,1.06103515625,-2.82275390625,1.66162109375
0.9655,0.62060546875,-2.86279296875,2.34228515625
0.966,0.22021484375,-2.74267578125,2.70263671875
0.9665,-0.26025390625,-2.38232421875,2.90283203125
0.967,-0.98095703125,-1.66162109375,2.94287109375
0.9675,-1.70166015625,-0.98095703125,3.06298828125
0.968,-2.34228515625,-0.50048828125,3.22314453125
0.9685,-2.74267578125,-0.14013671875,3.26318359375
0.969,-2.86279296875,0.30029296875,3.18310546875
0.9695,-2.78271484375,0.66064453125,2.58251953125
0.97,-2.70263671875,1.14111328125,1.98193359375
0.9705,-2.74267578125,1.82177734375,1.30126953125
0.971,-2.90283203125,2.30224609375,0.78076171875
0.9715,-2.90283203125,2.58251953125,0.38037109375
0.972,-2.74267578125,2.70263671875,0.02001953125
0.9725,-2.22216796875,2.62255859375,-0.62060546875
0.973,-1.62158203125,2.62255859375,-1.34130859375
0.9735,-1.10107421875,2.70263671875,-2.14208984375
0.974,-0.70068359375,2.82275390625,-2.74267578125
0.9745,-0.30029296875,2.70263671875,-3.14306640625
0.975,0.18017578125,2.30224609375,-3.34326171875
0.9755,0.90087890625,1.70166015625,-3.50341796875
0.976,1.62158203125,0.94091796875,-3.62353515625
0.9765,2.30224609375,0.46044921875,-3.82373046875
0.977,2.70263671875,0.14013671875,-3.86376953125
0.9775,2.90283203125,-0.26025390625,-3.70361328125
0.978,2.82275390625,-0.78076171875,-3.14306640625
0.9785,2.86279296875,-1.38134765625,-2.50244140625
0.979,2.98291015625,-2.06201171875,-1.82177734375
0.9795,3.18310546875,-2.58251953125,-1.30126953125
0.98,3.06298828125,-2.86279296875,-0.90087890625
0.9805,2.78271484375,-2.86279296875,-0.38037109375
0.981,2.18212890625,-2.86279296875,0.42041015625
0.9815,1.46142578125,-2.86279296875,1.30126953125
0.982,0.94091796875,-2.98291015625,2.06201171875
0.9825,0.54052734375,-3.02294921875,2.66259765625
0.983,0.06005859375,-2.70263671875,2.94287109375
0.9835,-0.62060546875,-2.10205078125,3.02294921875
0.984,-1.42138671875,-1.46142578125,3.14306640625
0.9845,-2.26220703125,-0.70068359375,3.34326171875
0.985,-2.86279296875,-0.30029296875,3.46337890625
0.9855,-3.02294921875,0.18017578125,3.30322265625
0.986,-2.98291015625,0.58056640625,2.94287109375
0.9865,-2.86279296875,1.14111328125,2.18212890625
0.987,-2.86279296875,1.78173828125,1.46142578125
0.9875,-2.94287109375,2.42236328125,0.78076171875
0.988,-3.06298828125,2.74267578125,0.38037109375
0.9885,-2.78271484375,2.82275390625,-0.10009765625
0.989,-2.30224609375,2.70263671875,-0.62060546875
0.9895,-1.62158203125,2.66259765625,-1.38134765625
0.99,-0.98095703125,2.70263671875,-2.22216796875
0.9905,-0.58056640625,2.70263671875,-2.82275390625
0.991,-0.18017578125,2.66259765625,-3.22314453125
0.9915,0.26025390625,2.30224609375,-3.38330078125
0.992,0.94091796875,1.58154296875,-3.46337890625
0.9925,1.58154296875,0.98095703125,-3.54345703125
0.993,2.30224609375,0.34033203125,-3.70361328125
0.9935,2.70263671875,0.06005859375,-3.82373046875
0.994,2.82275390625,-0.30029296875,-3.62353515625
0.9945,2.86279296875,-0.66064453125,-3.22314453125
0.995,2.82275390625,-1.22119140625,-2.58251953125
0.9955,2.86279296875,-1.86181640625,-1.94189453125
0.996,3.02294921875,-2.38232421875,-1.42138671875
0.9965,3.06298828125,-2.74267578125,-0.98095703125
0.997,2.86279296875,-2.82275390625,-0.58056640625
0.9975,2.34228515625,-2.74267578125,0.10009765625
0.998,1.78173828125,-2.82275390625,0.82080078125
0.9985,1.18115234375,-2.86279296875,1.66162109375
0.999,0.74072265625,-2.98291015625,2.34228515625
0.9995,0.34033203125,-2.86279296875,2.78271484375
