wavelength,x,y,z
0.0,-0.9208984375,9.9697265625,-9.689453125
0.0005,1.3212890625,8.96875,-10.8505859375
0.001,2.5625,7.6474609375,-10.73046875
0.0015,4.32421875,6.326171875,-11.1708984375
0.002,7.0869140625,3.6435546875,-11.1708984375
0.0025,8.568359375,1.521484375,-10.41015625
0.003,10.6904296875,-0.640625,-10.4501953125
0.0035,11.2109375,-2.6826171875,-8.888671875
0.004,11.2509765625,-3.923828125,-7.7275390625
0.0045,11.5712890625,-6.4462890625,-5.525390625
0.005,11.2109375,-8.328125,-3.203125
0.0055,10.650390625,-9.5693359375,-1.4013671875
0.006,10.2900390625,-11.130859375,0.6005859375
0.0065,8.2080078125,-10.7705078125,2.40234375
0.007,7.046875,-10.890625,3.68359375
0.0075,4.404296875,-10.890625,6.40625
0.008,2.322265625,-10.2099609375,7.767578125
0.0085,0.2802734375,-9.9697265625,9.44921875
0.009,-1.8818359375,-8.8486328125,10.4501953125
0.0095,-3.36328125,-7.287109375,10.2099609375
0.01,-5.4052734375,-5.525390625,10.5302734375
0.0105,-8.0078125,-2.9228515625,10.5302734375
0.011,-9.1689453125,-0.7607421875,9.5693359375
0.0115,-10.970703125,1.12109375,9.529296875
0.012,-11.3310546875,3.203125,7.7275390625
0.0125,-11.2509765625,4.6044921875,6.24609375
0.013,-11.451171875,7.0869140625,3.9638671875
0.0135,-10.970703125,8.888671875,1.7216796875
0.014,-10.2099609375,9.7294921875,0.0400390625
0.0145,-9.8095703125,11.130859375,-1.8017578125
0.015,-7.5673828125,10.6904296875,-3.7236328125
0.0155,-6.1259765625,10.6103515625,-5.0849609375
0.016,-3.603515625,10.6904296875,-7.7275390625
0.0165,-1.521484375,9.7294921875,-8.9287109375
0.017,0.3603515625,9.44921875,-10.330078125
0.0175,2.40234375,8.2080078125,-11.2109375
0.018,3.9638671875,6.486328125,-10.890625
0.0185,6.24609375,4.484375,-11.1708984375
0.019,8.6884765625,1.9619140625,-11.05078125
0.0195,9.6494140625,-0.240234375,-9.849609375
0.02,11.2509765625,-1.7216796875,-9.9697265625
0.0205,11.4912109375,-3.8837890625,-7.9677734375
0.021,11.2509765625,-5.4453125,-6.24609375
0.0215,11.53125,-7.927734375,-4.00390625
0.022,10.8505859375,-9.44921875,-1.76171875
0.0225,10.0498046875,-10.169921875,-0.2001953125
0.023,9.529296875,-11.2509765625,1.5615234375
0.0235,7.046875,-10.7705078125,3.5634765625
0.024,5.4052734375,-10.6103515625,5.1650390625
0.0245,2.9228515625,-10.8505859375,7.6875
0.025,0.80078125,-9.6494140625,8.6884765625
0.0255,-0.8408203125,-9.44921875,9.9296875
0.026,-2.9228515625,-8.0078125,10.6103515625
0.0265,-4.64453125,-5.9658203125,10.330078125
0.027,-7.046875,-3.8037109375,10.490234375
0.0275,-9.3291015625,-1.3212890625,10.25
0.028,-9.9697265625,0.6806640625,8.96875
0.0285,-11.37109375,2.001953125,9.0087890625
0.029,-11.37109375,4.2841796875,6.7265625
0.0295,-11.05078125,6.0458984375,4.6845703125
0.03,-11.4111328125,8.568359375,2.5224609375
0.0305,-10.4501953125,9.76953125,0.2802734375
0.031,-9.6494140625,10.330078125,-1.201171875
0.0315,-8.96875,11.1708984375,-2.802734375
0.032,-6.3662109375,10.5703125,-4.884765625
0.0325,-4.484375,10.41015625,-6.646484375
0.033,-2.08203125,10.5302734375,-9.12890625
0.0335,0.0400390625,9.0888671875,-9.76953125
0.034,1.4013671875,8.96875,-10.890625
0.0345,3.5234375,7.3271484375,-11.37109375
0.035,5.4453125,5.125,-10.970703125
0.0355,7.9677734375,2.802734375,-11.1708984375
0.036,10.08984375,0.240234375,-10.6904296875
0.0365,10.5302734375,-1.5615234375,-9.369140625
0.037,11.69140625,-2.72265625,-9.3291015625
0.0375,11.611328125,-5.125,-6.88671875
0.038,11.2509765625,-7.0068359375,-4.64453125
0.0385,11.611328125,-9.609375,-2.40234375
0.039,10.2900390625,-10.4501953125,0.0
0.0395,9.5693359375,-10.810546875,1.0810546875
0.04,8.568359375,-11.4111328125,2.72265625
0.0405,5.7255859375,-10.8505859375,4.96484375
0.041,3.68359375,-10.6904296875,6.88671875
0.0415,1.201171875,-10.73046875,9.2890625
0.042,-0.9609375,-9.0087890625,9.7294921875
0.0425,-1.9619140625,-8.8486328125,10.5302734375
0.043,-4.244140625,-6.9267578125,10.890625
0.0435,-6.2861328125,-4.5244140625,10.490234375
0.044,-8.9287109375,-2.0419921875,10.5703125
0.0445,-10.73046875,0.560546875,9.8896484375
0.045,-10.890625,1.9619140625,8.5283203125
0.0455,-11.7314453125,3.2431640625,8.16796875
0.046,-11.5712890625,5.845703125,5.4052734375
0.0465,-11.2109375,7.6875,3.1630859375
0.047,-11.4111328125,10.2099609375,0.80078125
0.0475,-9.9697265625,10.7705078125,-1.361328125
0.048,-9.12890625,10.890625,-2.322265625
0.0485,-7.84765625,11.291015625,-4.1240234375
0.049,-4.96484375,10.6904296875,-6.40625
0.0495,-2.802734375,10.3701171875,-8.408203125
0.05,-0.3603515625,10.2900390625,-10.5703125
0.0505,1.5615234375,8.6083984375,-10.73046875
0.051,2.5224609375,8.3681640625,-11.37109375
0.0515,5.044921875,6.0859375,-11.5712890625
0.052,7.046875,3.68359375,-11.130859375
0.0525,9.689453125,1.041015625,-11.0908203125
0.053,11.2109375,-1.361328125,-10.25
0.0535,11.2509765625,-2.642578125,-8.96875
0.054,11.931640625,-4.0439453125,-8.248046875
0.0545,11.8115234375,-6.8466796875,-5.3251953125
0.055,11.3310546875,-8.4482421875,-3.203125
0.0555,11.4111328125,-10.890625,-0.8408203125
0.056,9.8095703125,-11.2109375,1.2412109375
0.0565,8.9287109375,-11.2109375,2.0419921875
0.057,7.1669921875,-11.53125,4.2041015625
0.0575,4.2041015625,-10.9306640625,6.5263671875
0.058,2.08203125,-10.6103515625,8.4482421875
0.0585,-0.400390625,-10.25,10.4501953125
0.059,-2.08203125,-8.5283203125,10.41015625
0.0595,-3.0830078125,-8.0078125,10.810546875
0.06,-6.005859375,-5.4453125,11.0908203125
0.0605,-7.767578125,-3.0830078125,10.5302734375
0.061,-10.25,-0.560546875,10.3701171875
0.0615,-11.53125,1.76171875,9.44921875
0.062,-11.4111328125,3.1630859375,7.927734375
0.0625,-11.9716796875,4.8046875,6.806640625
0.063,-11.8515625,7.6875,3.84375
0.0635,-11.2509765625,8.96875,1.8818359375
0.064,-11.1708984375,11.1708984375,-0.5205078125
0.0645,-9.4091796875,11.37109375,-2.5625
0.065,-8.248046875,11.130859375,-3.5234375
0.0655,-6.2060546875,11.37109375,-5.92578125
0.066,-3.5234375,10.8505859375,-8.0078125
0.0665,-1.361328125,10.3701171875,-9.689453125
0.067,1.12109375,9.8896484375,-11.53125
0.0675,2.802734375,8.1279296875,-11.4111328125
0.068,4.0439453125,7.1669921875,-11.6513671875
0.0685,7.1669921875,4.32421875,-11.8916015625
0.069,8.80859375,1.921875,-11.1708984375
0.0695,10.8505859375,-0.400390625,-10.890625
0.07,12.091796875,-2.6025390625,-9.9296875
0.0705,11.8916015625,-4.2041015625,-8.0478515625
0.071,12.2119140625,-6.0859375,-6.5263671875
0.0715,12.171875,-8.7685546875,-3.7236328125
0.072,11.2109375,-9.8095703125,-1.7216796875
0.0725,11.0908203125,-11.5712890625,0.4404296875
0.073,9.12890625,-11.8115234375,2.4423828125
0.0735,7.5673828125,-11.4912109375,3.68359375
0.074,5.3251953125,-11.611328125,6.24609375
0.0745,2.6826171875,-10.970703125,8.2080078125
0.075,0.640625,-10.25,9.529296875
0.0755,-1.681640625,-9.76953125,11.2109375
0.076,-3.5634765625,-7.7275390625,11.0107421875
0.0765,-5.0849609375,-6.3662109375,11.130859375
0.077,-8.1279296875,-3.5634765625,11.37109375
0.0775,-9.5693359375,-1.1611328125,10.2900390625
0.078,-11.1708984375,0.9208984375,9.9296875
0.0785,-12.2119140625,3.04296875,8.80859375
0.079,-11.8515625,4.8046875,6.6865234375
0.0795,-11.931640625,6.6865234375,4.8447265625
0.08,-11.8916015625,9.2490234375,2.2421875
0.0805,-10.650390625,9.9697265625,0.2802734375
0.081,-10.6103515625,11.53125,-1.5615234375
0.0815,-8.48828125,11.53125,-3.7236328125
0.082,-6.6865234375,11.0908203125,-5.0048828125
0.0825,-4.4443359375,11.291015625,-7.4873046875
0.083,-1.921875,10.6103515625,-9.369140625
0.0835,0.0400390625,9.7294921875,-10.2900390625
0.084,2.08203125,9.208984375,-11.8115234375
0.0845,4.083984375,7.046875,-11.611328125
0.085,5.765625,5.365234375,-11.53125
0.0855,8.728515625,2.6826171875,-11.8115234375
0.086,9.9697265625,0.240234375,-10.5302734375
0.0865,11.37109375,-1.521484375,-10.2099609375
0.087,12.171875,-3.5634765625,-9.0087890625
0.0875,11.8115234375,-5.4453125,-6.7265625
0.088,11.8515625,-7.447265625,-4.8046875
0.0885,11.8115234375,-9.8896484375,-2.2822265625
0.089,10.3701171875,-10.330078125,-0.400390625
0.0895,10.2900390625,-11.69140625,1.201171875
0.09,8.0078125,-11.53125,3.443359375
0.0905,6.005859375,-11.0107421875,4.96484375
0.091,3.8037109375,-11.2509765625,7.3671875
0.0915,1.2412109375,-10.41015625,9.12890625
0.092,-0.560546875,-9.529296875,9.8896484375
0.0925,-2.4423828125,-8.96875,11.1708984375
0.093,-4.564453125,-6.6064453125,10.890625
0.0935,-6.5263671875,-4.564453125,10.73046875
0.094,-9.3291015625,-2.08203125,11.05078125
0.0945,-10.2900390625,0.48046875,9.529296875
0.095,-11.4912109375,1.76171875,9.2890625
0.0955,-12.0517578125,3.84375,7.8076171875
0.096,-11.5712890625,5.8857421875,5.3251953125
0.0965,-11.6513671875,7.9677734375,3.283203125
0.097,-11.451171875,10.2099609375,0.7607421875
0.0975,-9.8896484375,10.3701171875,-1.12109375
0.098,-9.76953125,11.53125,-2.3623046875
0.0985,-7.3271484375,11.2509765625,-4.564453125
0.099,-5.0849609375,10.73046875,-6.326171875
0.0995,-2.9228515625,11.0107421875,-8.728515625
0.1,-0.400390625,9.9296875,-10.2099609375
0.1005,1.2412109375,9.0888671875,-10.7705078125
0.101,3.0029296875,8.328125,-11.8115234375
0.1015,5.205078125,5.8857421875,-11.53125
0.102,7.3671875,3.5634765625,-11.291015625
0.1025,10.1298828125,1.0009765625,-11.451171875
0.103,10.810546875,-1.4013671875,-9.76953125
0.1035,11.7314453125,-2.4423828125,-9.689453125
0.104,12.171875,-4.564453125,-7.9677734375
0.1045,11.611328125,-6.6865234375,-5.365234375
0.105,11.69140625,-8.96875,-3.203125
0.1055,11.2509765625,-10.890625,-0.720703125
0.106,9.6494140625,-10.890625,0.9609375
0.1065,9.44921875,-11.69140625,2.1220703125
0.107,6.7265625,-11.37109375,4.484375
0.1075,4.32421875,-10.8505859375,6.40625
0.108,2.162109375,-11.0908203125,8.888671875
0.1085,-0.5205078125,-9.689453125,10.009765625
0.109,-1.76171875,-8.9287109375,10.41015625
0.1095,-3.5234375,-7.927734375,11.1708984375
0.11,-5.845703125,-5.28515625,10.8505859375
0.1105,-8.0478515625,-2.9228515625,10.6103515625
0.111,-10.650390625,-0.3203125,10.6103515625
0.1115,-11.0107421875,1.76171875,8.888671875
0.112,-11.7314453125,2.6826171875,8.6484375
0.1125,-11.931640625,5.0849609375,6.5263671875
0.113,-11.4912109375,7.1669921875,3.923828125
0.1135,-11.53125,9.44921875,1.6015625
0.114,-10.890625,11.05078125,-0.80078125
0.1145,-9.2890625,10.8505859375,-2.1220703125
0.115,-8.7685546875,11.4912109375,-3.283203125
0.1155,-5.92578125,11.130859375,-5.845703125
0.116,-3.5634765625,10.6103515625,-7.7275390625
0.1165,-1.2412109375,10.7705078125,-10.169921875
0.117,1.2412109375,9.2490234375,-11.0107421875
0.1175,2.2021484375,8.5283203125,-11.2109375
0.118,4.1240234375,7.1669921875,-11.771484375
0.1185,6.6064453125,4.484375,-11.4912109375
0.119,8.7685546875,2.001953125,-11.130859375
0.1195,11.2109375,-0.640625,-11.0107421875
0.12,11.37109375,-2.4423828125,-9.2890625
0.1205,11.8916015625,-3.443359375,-8.8486328125
0.121,12.1318359375,-6.24609375,-6.40625
0.1215,11.5712890625,-8.0078125,-4.00390625
0.122,11.4912109375,-10.25,-1.7216796875
0.1225,10.6904296875,-11.53125,0.640625
0.123,8.96875,-11.130859375,1.9619140625
0.1235,8.16796875,-11.5712890625,3.283203125
0.124,5.1650390625,-11.2509765625,6.0458984375
0.1245,2.9228515625,-10.650390625,7.6875
0.125,0.48046875,-10.650390625,10.08984375
0.1255,-1.8017578125,-9.12890625,10.6904296875
0.126,-2.72265625,-8.2880859375,10.6904296875
0.1265,-5.0048828125,-6.4462890625,11.1708984375
0.127,-7.4072265625,-3.8037109375,10.810546875
0.1275,-9.2890625,-1.44140625,10.330078125
0.128,-11.451171875,1.0009765625,10.08984375
0.1285,-11.451171875,2.8427734375,8.2880859375
0.129,-11.8515625,3.923828125,7.4873046875
0.1295,-11.9716796875,6.7666015625,4.724609375
0.13,-11.4111328125,8.328125,2.5224609375
0.1305,-11.0908203125,10.330078125,0.400390625
0.131,-10.25,11.4912109375,-1.841796875
0.1315,-8.48828125,11.0107421875,-3.123046875
0.132,-7.2470703125,11.3310546875,-4.7646484375
0.1325,-4.32421875,11.0107421875,-7.4072265625
0.133,-2.2421875,10.3701171875,-8.80859375
0.1335,0.2001953125,10.2099609375,-10.9306640625
0.134,2.2421875,8.6484375,-11.4111328125
0.1345,3.3232421875,7.607421875,-11.37109375
0.135,5.92578125,5.4052734375,-11.771484375
0.1355,8.1279296875,2.8427734375,-11.37109375
0.136,9.7294921875,0.6005859375,-10.73046875
0.1365,11.6513671875,-1.6015625,-10.4501953125
0.137,11.6513671875,-3.5634765625,-8.5283203125
0.1375,11.8515625,-4.9248046875,-7.4072265625
0.138,12.01171875,-7.767578125,-4.6845703125
0.1385,11.291015625,-9.0888671875,-2.5224609375
0.139,10.970703125,-10.650390625,-0.640625
0.1395,9.9296875,-11.611328125,1.521484375
0.14,7.927734375,-11.0908203125,3.04296875
0.1405,6.326171875,-11.291015625,4.8447265625
0.141,3.5634765625,-11.05078125,7.3671875
0.1415,1.5615234375,-10.2099609375,8.568359375
0.142,-0.640625,-10.009765625,10.41015625
0.1425,-2.6826171875,-8.328125,10.7705078125
0.143,-4.00390625,-7.0068359375,10.6904296875
0.1435,-6.7265625,-4.6044921875,11.0107421875
0.144,-8.6884765625,-2.2021484375,10.490234375
0.1445,-10.009765625,0.0,9.689453125
0.145,-11.611328125,1.8818359375,9.4091796875
0.1455,-11.4912109375,3.8837890625,7.1669921875
0.146,-11.53125,5.365234375,5.7255859375
0.1465,-11.69140625,8.1279296875,3.203125
0.147,-10.7705078125,9.2490234375,1.0810546875
0.1475,-10.41015625,10.5302734375,-0.640625
0.148,-9.2490234375,11.291015625,-2.642578125
0.1485,-7.126953125,10.73046875,-4.2041015625
0.149,-5.4052734375,10.8505859375,-6.1259765625
0.1495,-2.8427734375,10.6103515625,-8.408203125
0.15,-0.9609375,9.609375,-9.3291015625
0.1505,1.041015625,9.44921875,-10.970703125
0.151,3.123046875,7.6474609375,-11.2509765625
0.1515,4.5244140625,6.0859375,-11.05078125
0.152,7.3271484375,3.68359375,-11.37109375
0.1525,9.0888671875,1.2412109375,-10.650390625
0.153,10.169921875,-0.720703125,-9.9296875
0.1535,11.53125,-2.4423828125,-9.5693359375
0.154,11.3310546875,-4.4443359375,-7.3671875
0.1545,11.2509765625,-6.0458984375,-5.6455078125
0.155,11.53125,-8.6083984375,-3.283203125
0.1555,10.330078125,-9.4091796875,-1.2412109375
0.156,10.1298828125,-10.6103515625,0.2802734375
0.1565,8.6484375,-11.05078125,2.2421875
0.157,6.56640625,-10.5302734375,3.84375
0.1575,4.724609375,-10.650390625,5.8857421875
0.158,2.2822265625,-10.3701171875,7.9677734375
0.1585,0.48046875,-9.2890625,8.6884765625
0.159,-1.28125,-9.12890625,10.169921875
0.1595,-3.36328125,-7.1669921875,10.25
0.16,-5.0048828125,-5.4453125,10.08984375
0.1605,-7.6875,-3.1630859375,10.490234375
0.161,-9.12890625,-0.80078125,9.44921875
0.1615,-10.08984375,0.80078125,8.9287109375
0.162,-11.2109375,2.482421875,8.2880859375
0.1625,-10.890625,4.484375,6.005859375
0.163,-10.890625,6.326171875,4.2041015625
0.1635,-11.05078125,8.7685546875,1.921875
0.164,-9.76953125,9.2490234375,0.080078125
0.1645,-9.6494140625,10.3701171875,-1.2412109375
0.165,-7.9677734375,10.5703125,-3.203125
0.1655,-5.8056640625,10.08984375,-4.8447265625
0.166,-4.00390625,10.330078125,-6.966796875
0.1665,-1.6015625,9.849609375,-8.8486328125
0.167,0.080078125,8.888671875,-9.44921875
0.1675,1.6015625,8.6083984375,-10.73046875
0.168,3.763671875,6.5263671875,-10.73046875
0.1685,5.60546875,4.564453125,-10.5703125
0.169,8.2880859375,2.2421875,-10.9306640625
0.1695,9.529296875,-0.2001953125,-9.76953125
0.17,10.41015625,-1.4814453125,-9.44921875
0.1705,11.2509765625,-3.1630859375,-8.48828125
0.171,10.9306640625,-5.1650390625,-6.1259765625
0.1715,11.0107421875,-7.20703125,-4.1640625
0.172,11.05078125,-9.4892578125,-1.921875
0.1725,9.5693359375,-9.76953125,0.0
0.173,9.529296875,-10.6904296875,1.0009765625
0.1735,7.4873046875,-10.73046875,3.123046875
0.174,5.205078125,-10.25,4.96484375
0.1745,3.1630859375,-10.5302734375,7.20703125
0.175,0.7607421875,-9.76953125,8.888671875
0.1755,-0.80078125,-8.728515625,9.3291015625
0.176,-2.2822265625,-8.3681640625,10.3701171875
0.1765,-4.5244140625,-6.0458984375,10.2099609375
0.177,-6.56640625,-3.8837890625,10.009765625
0.1775,-9.2490234375,-1.4814453125,10.25
0.178,-10.08984375,0.80078125,8.8486328125
0.1785,-10.73046875,1.841796875,8.568359375
0.179,-11.291015625,3.7236328125,7.20703125
0.1795,-10.890625,5.92578125,4.6044921875
0.18,-10.890625,8.0078125,2.5625
0.1805,-10.7705078125,10.08984375,0.2802734375
0.181,-9.1689453125,10.0498046875,-1.4013671875
0.1815,-9.0087890625,10.7705078125,-2.322265625
0.182,-6.6865234375,10.6904296875,-4.6044921875
0.1825,-4.2841796875,10.169921875,-6.486328125
0.183,-2.2021484375,10.3701171875,-8.8486328125
0.1835,0.2802734375,9.3291015625,-10.1298828125
0.184,1.4814453125,8.3681640625,-10.330078125
0.1845,2.962890625,7.7275390625,-11.1708984375
0.185,5.4052734375,5.1650390625,-11.05078125
0.1855,7.4072265625,2.8427734375,-10.73046875
0.186,10.08984375,0.3203125,-10.890625
0.1865,10.6103515625,-1.681640625,-9.3291015625
0.187,11.1708984375,-2.6025390625,-8.96875
0.1875,11.5712890625,-4.8046875,-7.20703125
0.188,11.2109375,-6.9267578125,-4.64453125
0.1885,11.0908203125,-8.96875,-2.482421875
0.189,10.73046875,-10.7705078125,-0.3203125
0.1895,9.0888671875,-10.490234375,1.28125
0.19,8.6083984375,-11.05078125,2.2822265625
0.1905,5.9658203125,-10.890625,4.8447265625
0.191,3.68359375,-10.330078125,6.56640625
0.1915,1.4013671875,-10.4501953125,8.96875
0.192,-1.0009765625,-9.2890625,10.009765625
0.1925,-2.001953125,-8.328125,10.0498046875
0.193,-3.7236328125,-7.2470703125,10.5703125
0.1935,-6.3662109375,-4.5244140625,10.490234375
0.194,-8.16796875,-2.40234375,10.0498046875
0.1945,-10.5703125,0.16015625,10.08984375
0.195,-10.890625,2.08203125,8.4482421875
0.1955,-11.2509765625,3.0830078125,7.8076171875
0.196,-11.53125,5.60546875,5.60546875
0.1965,-11.0908203125,7.4873046875,3.2431640625
0.197,-10.890625,9.3291015625,1.1611328125
0.1975,-10.3701171875,10.8505859375,-1.041015625
0.198,-8.6484375,10.490234375,-2.4423828125
0.1985,-7.84765625,10.8505859375,-3.603515625
0.199,-5.0849609375,10.73046875,-6.2861328125
0.1995,-2.962890625,10.169921875,-7.84765625
0.2,-0.6806640625,10.08984375,-10.009765625
0.2005,1.521484375,8.80859375,-10.8505859375
0.201,2.5224609375,7.767578125,-10.8505859375
0.2015,4.6044921875,6.2060546875,-11.291015625
0.202,7.0869140625,3.5634765625,-11.1708984375
0.2025,8.7685546875,1.4013671875,-10.5302734375
0.203,10.8505859375,-0.880859375,-10.4501953125
0.2035,11.130859375,-2.72265625,-8.7685546875
0.204,11.37109375,-3.8837890625,-7.8876953125
0.2045,11.6513671875,-6.56640625,-5.4453125
0.205,11.130859375,-8.2080078125,-3.2431640625
0.2055,10.7705078125,-9.76953125,-1.3212890625
0.206,10.08984375,-11.0908203125,0.7607421875
0.2065,8.248046875,-10.650390625,2.2421875
0.207,7.0869140625,-10.9306640625,3.7236328125
0.2075,4.3642578125,-10.810546875,6.3662109375
0.208,2.3623046875,-10.1298828125,7.6875
0.2085,0.2001953125,-9.9697265625,9.609375
0.209,-1.921875,-8.6484375,10.2099609375
0.2095,-3.0830078125,-7.447265625,10.169921875
0.21,-5.4853515625,-5.4853515625,10.5703125
0.2105,-7.7275390625,-3.04296875,10.3701171875
0.211,-9.12890625,-0.9208984375,9.609375
0.2115,-10.890625,1.12109375,9.44921875
0.212,-11.0107421875,3.04296875,7.607421875
0.2125,-11.1708984375,4.32421875,6.4462890625
0.213,-11.4111328125,7.046875,3.9638671875
0.2135,-10.7705078125,8.4482421875,1.921875
0.214,-10.3701171875,9.7294921875,0.2001953125
0.2145,-9.5693359375,10.8505859375,-1.841796875
0.215,-7.5673828125,10.3701171875,-3.36328125
0.2155,-6.166015625,10.5703125,-5.0048828125
0.216,-3.603515625,10.490234375,-7.4873046875
0.2165,-1.7216796875,9.689453125,-8.6083984375
0.217,0.3203125,9.4892578125,-10.330078125
0.2175,2.322265625,7.9677734375,-10.8505859375
0.218,3.5634765625,6.646484375,-10.7705078125
0.2185,6.2060546875,4.484375,-11.0908203125
0.219,8.248046875,2.1220703125,-10.73046875
0.2195,9.44921875,0.1201171875,-9.9296875
0.22,11.05078125,-1.681640625,-9.76953125
0.2205,11.05078125,-3.68359375,-7.767578125
0.221,11.0908203125,-5.125,-6.3662109375
0.2215,11.37109375,-7.7275390625,-4.00390625
0.222,10.5302734375,-8.96875,-1.921875
0.2225,10.2099609375,-10.08984375,-0.400390625
0.223,9.12890625,-10.890625,1.5615234375
0.2235,7.046875,-10.41015625,3.203125
0.224,5.4052734375,-10.5703125,5.044921875
0.2245,3.0029296875,-10.490234375,7.4072265625
0.225,1.041015625,-9.529296875,8.328125
0.2255,-0.7607421875,-9.4091796875,9.8896484375
0.226,-2.8427734375,-7.7275390625,10.2099609375
0.2265,-4.32421875,-6.0859375,10.08984375
0.227,-6.966796875,-3.84375,10.41015625
0.2275,-8.8486328125,-1.44140625,9.8896484375
0.228,-9.76953125,0.4404296875,8.96875
0.2285,-11.1708984375,2.0419921875,8.80859375
0.229,-10.9306640625,4.083984375,6.5263671875
0.2295,-10.890625,5.765625,4.8046875
0.23,-11.2509765625,8.328125,2.5625
0.2305,-10.1298828125,9.2490234375,0.48046875
0.231,-9.8095703125,10.2099609375,-1.0009765625
0.2315,-8.568359375,10.8505859375,-2.8828125
0.232,-6.3662109375,10.2900390625,-4.564453125
0.2325,-4.5244140625,10.41015625,-6.5263671875
0.233,-2.162109375,10.2099609375,-8.80859375
0.2335,-0.3203125,9.0087890625,-9.4091796875
0.234,1.28125,8.9287109375,-10.810546875
0.2345,3.4833984375,7.046875,-11.0107421875
0.235,5.2451171875,5.125,-10.7705078125
0.2355,7.9677734375,2.802734375,-11.1708984375
0.236,9.609375,0.3603515625,-10.2900390625
0.2365,10.3701171875,-1.28125,-9.4892578125
0.237,11.4912109375,-2.802734375,-9.0888671875
0.2375,11.2509765625,-4.96484375,-6.6865234375
0.238,11.1708984375,-6.8466796875,-4.64453125
0.2385,11.4912109375,-9.369140625,-2.4423828125
0.239,10.009765625,-9.9697265625,-0.3603515625
0.2395,9.7294921875,-10.7705078125,0.8408203125
0.24,8.16796875,-11.1708984375,2.8427734375
0.2405,5.7255859375,-10.5302734375,4.724609375
0.241,3.763671875,-10.6904296875,6.8466796875
0.2415,1.28125,-10.41015625,8.96875
0.242,-0.640625,-9.048828125,9.3291015625
0.2425,-1.9619140625,-8.8486328125,10.5302734375
0.243,-4.244140625,-6.646484375,10.6103515625
0.2435,-6.166015625,-4.4443359375,10.2900390625
0.244,-8.96875,-2.001953125,10.6103515625
0.2445,-10.2900390625,0.48046875,9.44921875
0.245,-10.7705078125,1.76171875,8.6484375
0.2455,-11.6513671875,3.3232421875,7.9677734375
0.246,-11.291015625,5.685546875,5.2451171875
0.2465,-11.130859375,7.607421875,3.123046875
0.247,-11.291015625,10.08984375,0.80078125
0.2475,-9.6494140625,10.2900390625,-1.2412109375
0.248,-9.3291015625,10.890625,-2.1220703125
0.2485,-7.4873046875,11.0908203125,-4.244140625
0.249,-4.8447265625,10.41015625,-6.2861328125
0.2495,-2.802734375,10.5302734375,-8.408203125
0.25,-0.3203125,9.9296875,-10.330078125
0.2505,1.361328125,8.6083984375,-10.4501953125
0.251,2.5224609375,8.2880859375,-11.3310546875
0.2515,5.044921875,5.8857421875,-11.37109375
0.252,7.046875,3.5234375,-10.9306640625
0.2525,9.76953125,0.9609375,-11.130859375
0.253,10.810546875,-1.361328125,-9.8095703125
0.2535,11.130859375,-2.4423828125,-9.0888671875
0.254,11.8115234375,-4.1640625,-8.0078125
0.2545,11.451171875,-6.6064453125,-5.2451171875
0.255,11.2109375,-8.48828125,-3.0830078125
0.2555,11.2109375,-10.73046875,-0.80078125
0.256,9.44921875,-10.73046875,1.0810546875
0.2565,9.0087890625,-11.130859375,1.921875
0.257,6.8466796875,-11.2509765625,4.2841796875
0.2575,4.2841796875,-10.6103515625,6.2060546875
0.258,2.0419921875,-10.6904296875,8.4482421875
0.2585,-0.4404296875,-9.8095703125,10.0498046875
0.259,-1.8017578125,-8.48828125,10.009765625
0.2595,-3.0830078125,-7.927734375,10.6904296875
0.26,-5.765625,-5.28515625,10.6904296875
0.2605,-7.5673828125,-3.0830078125,10.2099609375
0.261,-10.2099609375,-0.5205078125,10.330078125
0.2615,-10.890625,1.6416015625,8.9287109375
0.262,-11.130859375,2.6826171875,8.087890625
0.2625,-11.611328125,4.724609375,6.56640625
0.263,-11.2509765625,7.046875,3.84375
0.2635,-11.0107421875,8.80859375,1.8017578125
0.264,-10.8505859375,10.810546875,-0.48046875
0.2645,-9.048828125,10.5703125,-2.1220703125
0.265,-8.48828125,10.890625,-3.04296875
0.2655,-5.9658203125,10.890625,-5.6455078125
0.266,-3.68359375,10.25,-7.4072265625
0.2665,-1.361328125,10.2900390625,-9.609375
0.267,0.9609375,9.4091796875,-10.890625
0.2675,2.2021484375,8.1279296875,-10.7705078125
0.268,3.7236328125,7.1669921875,-11.3310546875
0.2685,6.56640625,4.3642578125,-11.37109375
0.269,8.2080078125,2.2021484375,-10.7705078125
0.2695,10.650390625,-0.2802734375,-10.7705078125
0.27,11.2509765625,-2.2822265625,-9.3291015625
0.2705,11.37109375,-3.4033203125,-8.328125
0.271,11.8115234375,-5.8056640625,-6.40625
0.2715,11.451171875,-7.927734375,-3.8837890625
0.272,11.05078125,-9.44921875,-1.9619140625
0.2725,10.73046875,-11.2509765625,0.2802734375
0.273,8.80859375,-10.9306640625,1.921875
0.2735,7.84765625,-11.1708984375,3.0830078125
0.274,5.044921875,-11.2509765625,5.92578125
0.2745,2.962890625,-10.490234375,7.4072265625
0.275,0.7607421875,-10.2900390625,9.44921875
0.2755,-1.5615234375,-9.2890625,10.6103515625
0.276,-2.8828125,-7.8076171875,10.3701171875
0.2765,-4.7646484375,-6.40625,10.810546875
0.277,-7.5673828125,-3.603515625,10.810546875
0.2775,-8.9287109375,-1.4814453125,9.9697265625
0.278,-10.9306640625,0.6806640625,9.9296875
0.2785,-11.451171875,2.802734375,8.2880859375
0.279,-11.4111328125,4.0439453125,7.0068359375
0.2795,-11.69140625,6.6064453125,4.7646484375
0.28,-11.291015625,8.5283203125,2.3623046875
0.2805,-10.6103515625,9.689453125,0.560546875
0.281,-10.330078125,11.2509765625,-1.44140625
0.2815,-8.16796875,10.8505859375,-3.3232421875
0.282,-6.9267578125,10.8505859375,-4.6044921875
0.2825,-4.2841796875,10.9306640625,-7.3671875
0.283,-2.1220703125,10.169921875,-8.6884765625
0.2835,0.0,9.8896484375,-10.330078125
0.284,2.08203125,8.7685546875,-11.3310546875
0.2845,3.5634765625,7.0869140625,-11.0908203125
0.285,5.685546875,5.3251953125,-11.4111328125
0.2855,8.2880859375,2.6826171875,-11.37109375
0.286,9.4892578125,0.48046875,-10.2900390625
0.2865,11.291015625,-1.361328125,-10.2900390625
0.287,11.6513671875,-3.5634765625,-8.48828125
0.2875,11.451171875,-4.884765625,-6.9267578125
0.288,11.771484375,-7.4873046875,-4.6845703125
0.2885,11.2109375,-9.2490234375,-2.322265625
0.289,10.5302734375,-10.08984375,-0.6806640625
0.2895,10.009765625,-11.53125,1.2412109375
0.29,7.6474609375,-11.05078125,3.1630859375
0.2905,6.166015625,-10.890625,4.6044921875
0.291,3.6435546875,-11.0107421875,7.3271484375
0.2915,1.44140625,-10.0498046875,8.48828125
0.292,-0.400390625,-9.7294921875,9.9296875
0.2925,-2.5625,-8.48828125,10.810546875
0.293,-4.2041015625,-6.56640625,10.490234375
0.2935,-6.486328125,-4.5244140625,10.6904296875
0.294,-8.96875,-2.0419921875,10.6103515625
0.2945,-9.849609375,0.16015625,9.3291015625
0.295,-11.451171875,1.681640625,9.4091796875
0.2955,-11.611328125,3.8837890625,7.3271484375
0.296,-11.291015625,5.4853515625,5.4052734375
0.2965,-11.611328125,8.0478515625,3.2431640625
0.297,-10.890625,9.609375,0.880859375
0.2975,-10.009765625,10.2099609375,-0.7607421875
0.298,-9.529296875,11.37109375,-2.482421875
0.2985,-7.0068359375,10.8505859375,-4.5244140625
0.299,-5.2451171875,10.73046875,-6.1259765625
0.2995,-2.8427734375,10.890625,-8.728515625
0.3,-0.6005859375,9.609375,-9.689453125
0.3005,1.0009765625,9.369140625,-10.890625
0.301,3.1630859375,7.9677734375,-11.611328125
0.3015,5.044921875,5.8056640625,-11.2509765625
0.302,7.4873046875,3.5234375,-11.4111328125
0.3025,9.849609375,0.9208984375,-11.1708984375
0.303,10.5302734375,-1.1611328125,-9.7294921875
0.3035,11.8916015625,-2.4423828125,-9.849609375
0.304,11.931640625,-4.7646484375,-7.5673828125
0.3045,11.53125,-6.646484375,-5.28515625
0.305,11.8916015625,-9.1689453125,-3.0830078125
0.3055,10.8505859375,-10.5703125,-0.640625
0.306,9.9296875,-10.970703125,0.7607421875
0.3065,9.2490234375,-11.8115234375,2.40234375
0.307,6.4462890625,-11.2109375,4.64453125
0.3075,4.3642578125,-10.9306640625,6.5263671875
0.308,1.921875,-11.1708984375,9.0888671875
0.3085,-0.48046875,-9.529296875,9.76953125
0.309,-1.76171875,-9.2490234375,10.73046875
0.3095,-3.923828125,-7.6474609375,11.2509765625
0.31,-6.0458984375,-5.125,10.810546875
0.3105,-8.5283203125,-2.72265625,10.890625
0.311,-10.7705078125,0.0400390625,10.41015625
0.3115,-11.05078125,1.841796875,8.8486328125
0.312,-12.091796875,2.9228515625,8.80859375
0.3125,-12.0517578125,5.4853515625,6.2060546875
0.313,-11.53125,7.4072265625,3.7236328125
0.3135,-11.8115234375,9.9697265625,1.4013671875
0.314,-10.5302734375,10.9306640625,-1.041015625
0.3145,-9.4892578125,11.0908203125,-2.2021484375
0.315,-8.6083984375,11.771484375,-3.8037109375
0.3155,-5.6455078125,11.05078125,-6.1259765625
0.316,-3.4033203125,10.810546875,-8.0478515625
0.3165,-1.0009765625,10.8505859375,-10.5302734375
0.317,1.3212890625,9.048828125,-10.890625
0.3175,2.2822265625,8.80859375,-11.5712890625
0.318,4.6044921875,6.88671875,-11.931640625
0.3185,6.7265625,4.2841796875,-11.4111328125
0.319,9.369140625,1.681640625,-11.37109375
0.3195,11.291015625,-1.0009765625,-10.73046875
0.32,11.37109375,-2.4423828125,-9.2890625
0.3205,12.171875,-3.5634765625,-8.96875
0.321,12.0517578125,-6.326171875,-6.1259765625
0.3215,11.53125,-8.16796875,-3.84375
0.322,11.69140625,-10.650390625,-1.44140625
0.3225,10.25,-11.291015625,0.8408203125
0.323,9.2490234375,-11.2509765625,1.8017578125
0.3235,8.0078125,-11.7314453125,3.5634765625
0.324,5.044921875,-11.05078125,6.005859375
0.3245,2.7626953125,-10.7705078125,7.9677734375
0.325,0.2802734375,-10.6103515625,10.2099609375
0.3255,-1.7216796875,-8.888671875,10.3701171875
0.326,-2.6025390625,-8.5283203125,10.8505859375
0.3265,-5.205078125,-6.2861328125,11.2109375
0.327,-7.20703125,-3.84375,10.650390625
0.3275,-9.7294921875,-1.2412109375,10.5703125
0.328,-11.3310546875,1.2412109375,9.76953125
0.3285,-11.291015625,2.6025390625,8.328125
0.329,-11.931640625,3.9638671875,7.6875
0.3295,-11.8515625,6.7666015625,4.64453125
0.33,-11.291015625,8.3681640625,2.5224609375
0.3305,-11.4111328125,10.73046875,0.16015625
0.331,-9.849609375,11.2109375,-1.921875
0.3315,-8.8486328125,11.0908203125,-2.8427734375
0.332,-7.20703125,11.451171875,-4.884765625
0.3325,-4.3642578125,10.8505859375,-7.20703125
0.333,-2.08203125,10.5302734375,-9.12890625
0.3335,0.4404296875,10.169921875,-11.130859375
0.334,2.2021484375,8.48828125,-11.2109375
0.3345,3.203125,7.927734375,-11.5712890625
0.335,6.1259765625,5.365234375,-11.8916015625
0.3355,7.9677734375,2.9228515625,-11.2509765625
0.336,10.2900390625,0.4404296875,-11.05078125
0.3365,11.771484375,-1.921875,-10.2099609375
0.337,11.6513671875,-3.36328125,-8.6484375
0.3375,12.171875,-5.0849609375,-7.52734375
0.338,12.091796875,-7.927734375,-4.564453125
0.3385,11.37109375,-9.2890625,-2.5625
0.339,11.3310546875,-11.291015625,-0.3603515625
0.3395,9.609375,-11.611328125,1.8017578125
0.34,8.2880859375,-11.37109375,2.9228515625
0.3405,6.24609375,-11.611328125,5.28515625
0.341,3.5234375,-11.05078125,7.447265625
0.3415,1.4013671875,-10.5302734375,9.0087890625
0.342,-1.041015625,-10.08984375,10.9306640625
0.3425,-2.8427734375,-8.2880859375,10.8505859375
0.343,-4.1240234375,-7.20703125,11.0107421875
0.3435,-7.20703125,-4.484375,11.3310546875
0.344,-8.8486328125,-2.08203125,10.5302734375
0.3445,-10.73046875,0.2001953125,10.2099609375
0.345,-11.9716796875,2.3623046875,9.2490234375
0.3455,-11.7314453125,3.9638671875,7.3271484375
0.346,-12.01171875,5.8056640625,5.765625
0.3465,-11.9716796875,8.48828125,3.0029296875
0.347,-10.970703125,9.5693359375,1.0009765625
0.3475,-10.890625,11.3310546875,-1.0009765625
0.348,-9.0087890625,11.4912109375,-3.0830078125
0.3485,-7.447265625,11.130859375,-4.32421875
0.349,-5.28515625,11.3310546875,-6.7265625
0.3495,-2.6826171875,10.73046875,-8.728515625
0.35,-0.720703125,10.0498046875,-9.9697265625
0.3505,1.5615234375,9.5693359375,-11.611328125
0.351,3.443359375,7.6474609375,-11.53125
0.3515,4.9248046875,6.24609375,-11.53125
0.352,7.9677734375,3.5234375,-11.8515625
0.3525,9.4091796875,1.041015625,-10.7705078125
0.353,10.9306640625,-0.9208984375,-10.4501953125
0.3535,12.091796875,-3.04296875,-9.4892578125
0.354,11.7314453125,-4.7646484375,-7.4072265625
0.3545,11.8515625,-6.7265625,-5.6455078125
0.355,11.8515625,-9.1689453125,-3.0830078125
0.3555,10.6103515625,-9.8896484375,-1.041015625
0.356,10.5703125,-11.451171875,0.640625
0.3565,8.5283203125,-11.4912109375,2.8427734375
0.357,6.7666015625,-11.05078125,4.1240234375
0.3575,4.564453125,-11.291015625,6.646484375
0.358,2.0419921875,-10.6103515625,8.48828125
0.3585,0.240234375,-9.76953125,9.44921875
0.359,-1.8818359375,-9.2890625,10.9306640625
0.3595,-3.8837890625,-7.126953125,10.7705078125
0.36,-5.5654296875,-5.4853515625,10.73046875
0.3605,-8.48828125,-2.9228515625,11.05078125
0.361,-9.689453125,-0.4404296875,9.7294921875
0.3615,-11.05078125,1.201171875,9.44921875
0.362,-11.8916015625,3.203125,8.2880859375
0.3625,-11.53125,5.044921875,6.005859375
0.363,-11.611328125,7.126953125,4.1240234375
0.3635,-11.5712890625,9.529296875,1.6015625
0.364,-10.1298828125,9.9697265625,-0.3603515625
0.3645,-10.1298828125,11.3310546875,-1.8017578125
0.365,-7.8876953125,11.2509765625,-4.00390625
0.3655,-5.92578125,10.73046875,-5.4853515625
0.366,-3.8037109375,11.05078125,-7.927734375
0.3665,-1.2412109375,10.2099609375,-9.6494140625
0.367,0.560546875,9.3291015625,-10.3701171875
0.3675,2.40234375,8.80859375,-11.611328125
0.368,4.5244140625,6.5263671875,-11.4912109375
0.3685,6.486328125,4.404296875,-11.291015625
0.369,9.3291015625,1.921875,-11.611328125
0.3695,10.330078125,-0.720703125,-10.08984375
0.37,11.451171875,-1.9619140625,-9.9697265625
0.3705,12.091796875,-4.00390625,-8.5283203125
0.371,11.6513671875,-5.9658203125,-6.0458984375
0.3715,11.69140625,-8.16796875,-3.923828125
0.372,11.53125,-10.3701171875,-1.4814453125
0.3725,9.8896484375,-10.5703125,0.48046875
0.373,9.849609375,-11.611328125,1.6416015625
0.3735,7.3671875,-11.451171875,3.9638671875
0.374,5.044921875,-10.890625,5.765625
0.3745,2.8828125,-11.2509765625,8.248046875
0.375,0.2802734375,-10.08984375,9.6494140625
0.3755,-1.28125,-9.1689453125,10.2099609375
0.376,-3.0029296875,-8.4482421875,11.1708984375
0.3765,-5.28515625,-5.9658203125,10.9306640625
0.377,-7.4072265625,-3.6435546875,10.6904296875
0.3775,-10.1298828125,-1.1611328125,10.8505859375
0.378,-10.7705078125,1.28125,9.048828125
0.3785,-11.611328125,2.2421875,8.9287109375
0.379,-12.01171875,4.484375,7.1669921875
0.3795,-11.4912109375,6.6064453125,4.484375
0.38,-11.53125,8.80859375,2.3623046875
0.3805,-11.05078125,10.73046875,-0.16015625
0.381,-9.44921875,10.650390625,-1.76171875
0.3815,-9.208984375,11.4912109375,-2.8427734375
0.382,-6.56640625,11.130859375,-5.205078125
0.3825,-4.2041015625,10.5703125,-7.0869140625
0.383,-2.0419921875,10.8505859375,-9.4892578125
0.3835,0.560546875,9.44921875,-10.5703125
0.384,1.76171875,8.6884765625,-10.890625
0.3845,3.4833984375,7.6875,-11.6513671875
0.385,5.8056640625,5.1650390625,-11.37109375
0.3855,7.9677734375,2.6826171875,-11.0908203125
0.386,10.5703125,0.1201171875,-11.05078125
0.3865,10.8505859375,-1.9619140625,-9.4091796875
0.387,11.5712890625,-2.7626953125,-9.208984375
0.3875,11.8115234375,-5.0849609375,-7.126953125
0.388,11.37109375,-7.0869140625,-4.64453125
0.3885,11.37109375,-9.369140625,-2.3623046875
0.389,10.73046875,-10.8505859375,0.0
0.3895,9.1689453125,-10.6103515625,1.28125
0.39,8.6884765625,-11.2509765625,2.40234375
0.3905,5.92578125,-10.890625,4.8447265625
0.391,3.68359375,-10.4501953125,6.6865234375
0.3915,1.4013671875,-10.6103515625,9.0888671875
0.392,-0.9609375,-9.12890625,9.849609375
0.3925,-1.8818359375,-8.48828125,10.08984375
0.393,-3.763671875,-7.126953125,10.6103515625
0.3935,-6.005859375,-4.6845703125,10.2900390625
0.394,-8.16796875,-2.322265625,10.08984375
0.3945,-10.3701171875,0.1201171875,9.849609375
0.395,-10.490234375,1.841796875,8.2880859375
0.3955,-11.0908203125,2.7626953125,8.0078125
0.396,-11.2509765625,5.28515625,5.5654296875
0.3965,-10.8505859375,7.046875,3.4033203125
0.397,-10.890625,9.2490234375,1.2412109375
0.3975,-9.9697265625,10.330078125,-0.9208984375
0.398,-8.6884765625,10.08984375,-1.9619140625
0.3985,-7.8876953125,10.5703125,-3.3232421875
0.399,-5.205078125,10.2099609375,-5.685546875
0.3995,-3.1630859375,9.9296875,-7.447265625
0.4,-0.9609375,9.9296875,-9.6494140625
0.4005,1.12109375,8.48828125,-10.1298828125
0.401,1.921875,8.0478515625,-10.4501953125
0.4015,4.1240234375,6.24609375,-10.8505859375
0.402,6.24609375,3.923828125,-10.6103515625
0.4025,8.3681640625,1.5615234375,-10.41015625
0.403,10.2099609375,-0.6005859375,-10.009765625
0.4035,10.330078125,-2.1220703125,-8.6884765625
0.404,10.890625,-3.203125,-8.087890625
0.4045,11.0107421875,-5.845703125,-5.525390625
0.405,10.650390625,-7.4072265625,-3.68359375
0.4055,10.6904296875,-9.4892578125,-1.5615234375
0.406,9.609375,-10.25,0.48046875
0.4065,8.4482421875,-10.08984375,1.44140625
0.407,7.1669921875,-10.490234375,3.1630859375
0.4075,4.6044921875,-10.25,5.4453125
0.408,2.642578125,-9.9296875,7.1669921875
0.4085,0.48046875,-9.7294921875,9.12890625
0.409,-1.4013671875,-8.328125,9.44921875
0.4095,-2.322265625,-7.767578125,9.689453125
0.41,-4.884765625,-5.5654296875,10.08984375
0.4105,-6.7666015625,-3.4833984375,9.76953125
0.411,-8.7685546875,-1.201171875,9.609375
0.4115,-10.2900390625,0.9208984375,9.0888671875
0.412,-10.330078125,2.40234375,7.5673828125
0.4125,-10.810546875,3.84375,6.646484375
0.413,-10.890625,6.5263671875,4.00390625
0.4135,-10.41015625,7.8076171875,2.2421875
0.414,-10.3701171875,9.6494140625,0.3203125
0.4145,-9.12890625,10.2099609375,-1.6416015625
0.415,-7.8076171875,10.009765625,-2.7626953125
0.4155,-6.166015625,10.330078125,-4.8046875
0.416,-3.8037109375,10.08984375,-6.9267578125
0.4165,-1.921875,9.609375,-8.328125
0.417,0.2802734375,9.369140625,-10.1298828125
0.4175,2.001953125,7.8076171875,-10.2900390625
0.418,3.1630859375,6.8466796875,-10.5302734375
0.4185,5.9658203125,4.404296875,-10.890625
0.419,7.6875,2.2822265625,-10.3701171875
0.4195,9.369140625,0.2802734375,-10.009765625
0.42,10.73046875,-1.681640625,-9.4892578125
0.4205,10.73046875,-3.36328125,-7.7275390625
0.421,10.970703125,-5.0048828125,-6.3662109375
0.4215,11.130859375,-7.5673828125,-3.923828125
0.422,10.330078125,-8.6083984375,-2.0419921875
0.4225,10.25,-10.1298828125,-0.4404296875
0.423,8.7685546875,-10.5703125,1.6015625
0.4235,7.1669921875,-10.25,2.8828125
0.424,5.3251953125,-10.490234375,5.0849609375
0.4245,3.0029296875,-10.2099609375,7.046875
0.425,1.1611328125,-9.4892578125,8.2080078125
0.4255,-0.80078125,-9.2890625,9.8095703125
0.426,-2.72265625,-7.447265625,9.849609375
0.4265,-4.083984375,-6.24609375,9.8896484375
0.427,-6.9267578125,-3.7236328125,10.2900390625
0.4275,-8.3681640625,-1.5615234375,9.529296875
0.428,-9.76953125,0.3203125,9.12890625
0.4285,-10.890625,2.162109375,8.408203125
0.429,-10.650390625,3.8837890625,6.40625
0.4295,-10.8505859375,5.685546875,4.7646484375
0.43,-10.970703125,8.1279296875,2.5224609375
0.4305,-9.9296875,8.888671875,0.640625
0.431,-9.8896484375,10.2099609375,-0.880859375
0.4315,-8.2080078125,10.4501953125,-2.8828125
0.432,-6.4462890625,10.08984375,-4.2041015625
0.4325,-4.484375,10.330078125,-6.486328125
0.433,-2.2021484375,9.9296875,-8.328125
0.4335,-0.5205078125,9.048828125,-9.2490234375
0.434,1.3212890625,8.7685546875,-10.6103515625
0.4345,3.3232421875,6.7666015625,-10.650390625
0.435,5.0048828125,5.2451171875,-10.650390625
0.4355,7.8076171875,2.802734375,-11.0107421875
0.436,9.0888671875,0.5205078125,-9.9296875
0.4365,10.2900390625,-1.0810546875,-9.6494140625
0.437,11.2109375,-2.8828125,-8.728515625
0.4375,10.9306640625,-4.7646484375,-6.56640625
0.438,11.05078125,-6.7666015625,-4.6845703125
0.4385,11.1708984375,-9.12890625,-2.4423828125
0.439,9.8095703125,-9.5693359375,-0.6005859375
0.4395,9.76953125,-10.73046875,0.7607421875
0.44,7.767578125,-10.7705078125,2.8427734375
0.4405,5.7255859375,-10.330078125,4.484375
0.441,3.68359375,-10.6103515625,6.806640625
0.4415,1.3212890625,-10.009765625,8.5283203125
0.442,-0.3603515625,-9.0888671875,9.1689453125
0.4425,-2.001953125,-8.6884765625,10.2900390625
0.443,-4.1240234375,-6.4462890625,10.25
0.4435,-6.0859375,-4.3642578125,10.08984375
0.444,-8.8486328125,-2.001953125,10.490234375
0.4445,-9.76953125,0.400390625,9.0888671875
0.445,-10.73046875,1.5615234375,8.80859375
0.4455,-11.37109375,3.4833984375,7.52734375
0.446,-10.9306640625,5.4853515625,5.0849609375
0.4465,-11.05078125,7.5673828125,3.123046875
0.447,-10.9306640625,9.7294921875,0.7607421875
0.4475,-9.4091796875,9.9296875,-1.0009765625
0.448,-9.3291015625,10.810546875,-2.08203125
0.4485,-7.0068359375,10.6904296875,-4.244140625
0.449,-4.8046875,10.169921875,-6.005859375
0.4495,-2.72265625,10.3701171875,-8.328125
0.45,-0.3603515625,9.44921875,-9.76953125
0.4505,1.0810546875,8.5283203125,-10.2099609375
0.451,2.5625,8.0078125,-11.05078125
0.4515,4.8046875,5.60546875,-10.890625
0.452,6.88671875,3.4033203125,-10.650390625
0.4525,9.529296875,0.9609375,-10.8505859375
0.453,10.169921875,-1.2412109375,-9.3291015625
0.4535,10.9306640625,-2.1220703125,-9.208984375
0.454,11.37109375,-4.1640625,-7.607421875
0.4545,10.9306640625,-6.166015625,-5.125
0.455,11.0107421875,-8.328125,-3.04296875
0.4555,10.6904296875,-10.169921875,-0.80078125
0.456,9.208984375,-10.08984375,0.720703125
0.4565,8.96875,-10.8505859375,1.7216796875
0.457,6.4462890625,-10.5703125,4.00390625
0.4575,4.2041015625,-10.2099609375,5.765625
0.458,2.08203125,-10.4501953125,8.2080078125
0.4585,-0.2802734375,-9.2890625,9.208984375
0.459,-1.3212890625,-8.48828125,9.609375
0.4595,-2.962890625,-7.5673828125,10.25
0.46,-5.205078125,-5.1650390625,10.0498046875
0.4605,-7.3271484375,-2.962890625,9.8896484375
0.461,-9.76953125,-0.560546875,9.9296875
0.4615,-10.08984375,1.361328125,8.3681640625
0.462,-10.7705078125,2.2421875,8.2080078125
0.4625,-11.05078125,4.484375,6.2060546875
0.463,-10.650390625,6.40625,3.8837890625
0.4635,-10.7705078125,8.6484375,1.76171875
0.464,-10.2099609375,10.0498046875,-0.3603515625
0.4645,-8.80859375,9.9296875,-1.6416015625
0.465,-8.3681640625,10.5302734375,-2.7626953125
0.4655,-5.765625,10.2099609375,-5.1650390625
0.466,-3.6435546875,9.8896484375,-6.9267578125
0.4665,-1.4814453125,10.0498046875,-9.2890625
0.467,0.6806640625,8.7685546875,-10.009765625
0.4675,1.6416015625,8.248046875,-10.330078125
0.468,3.5234375,6.88671875,-10.890625
0.4685,5.8056640625,4.484375,-10.650390625
0.469,7.927734375,2.2021484375,-10.490234375
0.4695,10.2099609375,-0.2001953125,-10.41015625
0.47,10.3701171875,-1.921875,-8.888671875
0.4705,11.0107421875,-2.8828125,-8.5283203125
0.471,11.2109375,-5.4853515625,-6.1259765625
0.4715,10.8505859375,-7.1669921875,-4.0439453125
0.472,10.890625,-9.369140625,-1.8818359375
0.4725,10.08984375,-10.5302734375,0.240234375
0.473,8.6484375,-10.25,1.4013671875
0.4735,7.8076171875,-10.810546875,2.802734375
0.474,5.044921875,-10.5703125,5.4052734375
0.4745,3.0029296875,-10.2099609375,7.0068359375
0.475,0.720703125,-10.169921875,9.3291015625
0.4755,-1.361328125,-8.728515625,9.8896484375
0.476,-2.2822265625,-8.0478515625,10.009765625
0.4765,-4.564453125,-6.2060546875,10.490234375
0.477,-6.806640625,-3.763671875,10.2099609375
0.4775,-8.6884765625,-1.5615234375,9.8896484375
0.478,-10.6904296875,0.7607421875,9.609375
0.4785,-10.7705078125,2.482421875,7.9677734375
0.479,-11.2509765625,3.68359375,7.1669921875
0.4795,-11.37109375,6.5263671875,4.484375
0.48,-10.890625,8.0078125,2.482421875
0.4805,-10.73046875,9.8896484375,0.48046875
0.481,-9.8095703125,10.8505859375,-1.6015625
0.4815,-8.1279296875,10.490234375,-2.962890625
0.482,-6.88671875,10.810546875,-4.564453125
0.4825,-4.1240234375,10.5302734375,-7.20703125
0.483,-2.162109375,10.009765625,-8.48828125
0.4835,0.1201171875,9.849609375,-10.5302734375
0.484,2.1220703125,8.328125,-10.9306640625
0.4845,3.203125,7.3271484375,-10.9306640625
0.485,5.845703125,5.0849609375,-11.37109375
0.4855,7.9677734375,2.642578125,-10.970703125
0.486,9.5693359375,0.48046875,-10.3701171875
0.4865,11.3310546875,-1.6015625,-10.1298828125
0.487,11.37109375,-3.5634765625,-8.2080078125
0.4875,11.53125,-4.8447265625,-7.046875
0.488,11.69140625,-7.7275390625,-4.3642578125
0.4885,10.9306640625,-8.96875,-2.322265625
0.489,10.650390625,-10.4501953125,-0.5205078125
0.4895,9.609375,-11.37109375,1.5615234375
0.49,7.607421875,-10.890625,3.123046875
0.4905,6.005859375,-11.1708984375,4.8447265625
0.491,3.3232421875,-10.8505859375,7.3671875
0.4915,1.4013671875,-9.9697265625,8.48828125
0.492,-0.6806640625,-9.8095703125,10.2900390625
0.4925,-2.802734375,-8.0478515625,10.6103515625
0.493,-4.1240234375,-6.7265625,10.490234375
0.4935,-6.8466796875,-4.32421875,10.810546875
0.494,-8.7685546875,-1.921875,10.330078125
0.4945,-9.9697265625,0.2001953125,9.4892578125
0.495,-11.53125,1.9619140625,9.208984375
0.4955,-11.37109375,4.00390625,6.966796875
0.496,-11.37109375,5.4853515625,5.4853515625
0.4965,-11.53125,8.248046875,2.962890625
0.497,-10.5703125,9.2890625,0.880859375
0.4975,-10.2099609375,10.490234375,-0.8408203125
0.498,-9.0087890625,11.1708984375,-2.802734375
0.4985,-7.0068359375,10.5302734375,-4.32421875
0.499,-5.125,10.73046875,-6.2861328125
0.4995,-2.6025390625,10.5302734375,-8.6083984375
0.5,-0.6806640625,9.529296875,-9.44921875
0.5005,1.201171875,9.3291015625,-11.05078125
0.501,3.3232421875,7.4873046875,-11.2509765625
0.5015,4.8046875,5.845703125,-11.05078125
0.502,7.607421875,3.443359375,-11.4111328125
0.5025,9.3291015625,1.0009765625,-10.650390625
0.503,10.3701171875,-0.9609375,-9.8095703125
0.5035,11.6513671875,-2.5625,-9.4892578125
0.504,11.451171875,-4.64453125,-7.126953125
0.5045,11.37109375,-6.40625,-5.365234375
0.505,11.6513671875,-9.0087890625,-2.962890625
0.5055,10.41015625,-9.8896484375,-1.0009765625
0.506,10.0498046875,-10.890625,0.560546875
0.5065,8.6083984375,-11.37109375,2.5224609375
0.507,6.326171875,-10.73046875,4.2841796875
0.5075,4.404296875,-10.8505859375,6.326171875
0.508,1.921875,-10.5703125,8.568359375
0.5085,0.0400390625,-9.3291015625,9.12890625
0.509,-1.6015625,-9.1689453125,10.5302734375
0.5095,-3.84375,-7.126953125,10.650390625
0.51,-5.5654296875,-5.125,10.3701171875
0.5105,-8.328125,-2.7626953125,10.73046875
0.511,-9.849609375,-0.3203125,9.689453125
0.5115,-10.6103515625,1.361328125,8.96875
0.512,-11.69140625,2.9228515625,8.408203125
0.5125,-11.37109375,5.125,5.845703125
0.513,-11.2509765625,7.046875,3.84375
0.5135,-11.4912109375,9.609375,1.4814453125
0.514,-9.9296875,9.9697265625,-0.640625
0.5145,-9.689453125,10.8505859375,-1.8017578125
0.515,-7.9677734375,11.130859375,-3.8037109375
0.5155,-5.525390625,10.490234375,-5.6455078125
0.516,-3.5634765625,10.6103515625,-7.7275390625
0.5165,-1.041015625,10.2099609375,-9.8095703125
0.517,0.7607421875,8.888671875,-10.169921875
0.5175,2.1220703125,8.6884765625,-11.291015625
0.518,4.484375,6.40625,-11.3310546875
0.5185,6.40625,4.2041015625,-11.0107421875
0.519,9.208984375,1.7216796875,-11.2509765625
0.5195,10.41015625,-0.80078125,-10.009765625
0.52,10.970703125,-2.001953125,-9.369140625
0.5205,11.771484375,-3.603515625,-8.5283203125
0.521,11.4111328125,-5.92578125,-5.845703125
0.5215,11.2509765625,-7.8876953125,-3.763671875
0.522,11.37109375,-10.330078125,-1.4013671875
0.5225,9.6494140625,-10.490234375,0.6005859375
0.523,9.44921875,-11.0908203125,1.4814453125
0.5235,7.4072265625,-11.2509765625,3.68359375
0.524,4.8447265625,-10.6103515625,5.60546875
0.5245,2.72265625,-10.73046875,7.84765625
0.525,0.2802734375,-10.009765625,9.609375
0.5255,-1.3212890625,-8.728515625,9.849609375
0.526,-2.6025390625,-8.3681640625,10.6904296875
0.5265,-5.044921875,-5.92578125,10.6103515625
0.527,-7.0068359375,-3.6435546875,10.25
0.5275,-9.76953125,-1.12109375,10.490234375
0.528,-10.5703125,1.201171875,9.048828125
0.5285,-11.0107421875,2.2021484375,8.4482421875
0.529,-11.5712890625,4.00390625,7.20703125
0.5295,-11.2109375,6.3662109375,4.484375
0.53,-11.05078125,8.2880859375,2.3623046875
0.5305,-10.970703125,10.490234375,0.0400390625
0.531,-9.2490234375,10.41015625,-1.681640625
0.5315,-8.9287109375,10.9306640625,-2.5625
0.532,-6.646484375,10.890625,-4.884765625
0.5325,-4.1640625,10.330078125,-6.806640625
0.533,-2.001953125,10.490234375,-9.12890625
0.5335,0.48046875,9.529296875,-10.5302734375
0.534,1.7216796875,8.408203125,-10.5703125
0.5345,3.04296875,7.7275390625,-11.291015625
0.535,5.7255859375,5.0849609375,-11.2509765625
0.5355,7.6474609375,2.8427734375,-10.8505859375
0.536,10.330078125,0.2802734375,-10.9306640625
0.5365,10.9306640625,-1.8818359375,-9.4892578125
0.537,11.291015625,-2.8427734375,-8.8486328125
0.5375,11.771484375,-4.96484375,-7.1669921875
0.538,11.4111328125,-7.2470703125,-4.564453125
0.5385,11.1708984375,-9.1689453125,-2.4423828125
0.539,10.9306640625,-11.05078125,-0.2001953125
0.5395,9.12890625,-10.7705078125,1.4814453125
0.54,8.568359375,-11.1708984375,2.482421875
0.5405,5.92578125,-11.1708984375,5.125
0.541,3.6435546875,-10.5703125,6.8466796875
0.5415,1.2412109375,-10.5703125,9.208984375
0.542,-1.1611328125,-9.4892578125,10.41015625
0.5425,-2.322265625,-8.2880859375,10.2900390625
0.543,-3.923828125,-7.20703125,10.8505859375
0.5435,-6.806640625,-4.3642578125,10.810546875
0.544,-8.408203125,-2.2421875,10.25
0.5445,-10.890625,0.3203125,10.25
0.545,-11.3310546875,2.322265625,8.6484375
0.5455,-11.4912109375,3.4833984375,7.6875
0.546,-11.8916015625,5.92578125,5.525390625
0.5465,-11.4912109375,8.0478515625,3.0029296875
0.547,-11.05078125,9.609375,0.9609375
0.5475,-10.6904296875,11.451171875,-1.28125
0.548,-8.6884765625,11.0107421875,-2.8828125
0.5485,-7.7275390625,11.2109375,-4.1240234375
0.549,-4.9248046875,11.2109375,-6.966796875
0.5495,-2.72265625,10.5302734375,-8.48828125
0.55,-0.4404296875,10.2900390625,-10.490234375
0.5505,1.8818359375,9.1689453125,-11.5712890625
0.551,3.1630859375,7.6875,-11.3310546875
0.5515,5.1650390625,6.1259765625,-11.7314453125
0.552,8.0478515625,3.283203125,-11.7314453125
0.5525,9.44921875,1.0009765625,-10.7705078125
0.553,11.53125,-1.201171875,-10.7705078125
0.5535,12.01171875,-3.36328125,-9.0087890625
0.554,11.8916015625,-4.7646484375,-7.607421875
0.5545,12.2119140625,-7.3671875,-5.28515625
0.555,11.7314453125,-9.3291015625,-2.8427734375
0.5555,10.9306640625,-10.330078125,-0.9208984375
0.556,10.5703125,-11.931640625,1.201171875
0.5565,8.2080078125,-11.4912109375,3.1630859375
0.557,6.88671875,-11.4912109375,4.484375
0.5575,4.1240234375,-11.53125,7.3671875
0.558,1.8017578125,-10.6103515625,8.6884765625
0.5585,-0.3203125,-10.2099609375,10.2900390625
0.559,-2.5625,-9.0087890625,11.291015625
0.5595,-4.1640625,-7.0869140625,10.970703125
0.56,-6.2861328125,-5.2451171875,11.1708984375
0.5605,-9.0087890625,-2.5625,11.1708984375
0.561,-10.0498046875,-0.2001953125,9.8896484375
0.5615,-11.8115234375,1.6416015625,9.849609375
0.562,-12.1318359375,3.8837890625,7.8076171875
0.5625,-11.8115234375,5.365234375,6.0458984375
0.563,-12.0517578125,7.8876953125,3.7236328125
0.5635,-11.4912109375,9.8095703125,1.28125
0.564,-10.4501953125,10.5302734375,-0.6005859375
0.5645,-10.0498046875,11.8916015625,-2.40234375
0.565,-7.52734375,11.291015625,-4.4443359375
0.5655,-5.92578125,11.130859375,-5.845703125
0.566,-3.36328125,11.2109375,-8.568359375
0.5665,-1.0009765625,10.08984375,-9.76953125
0.567,0.8408203125,9.7294921875,-11.05078125
0.5675,3.0029296875,8.4482421875,-11.931640625
0.568,4.8046875,6.326171875,-11.5712890625
0.5685,7.046875,4.244140625,-11.69140625
0.569,9.609375,1.5615234375,-11.5712890625
0.5695,10.490234375,-0.720703125,-10.1298828125
0.57,12.01171875,-2.2822265625,-10.25
0.5705,12.171875,-4.5244140625,-8.0478515625
0.571,11.771484375,-6.24609375,-6.0458984375
0.5715,12.1318359375,-8.6884765625,-3.8037109375
0.572,11.3310546875,-10.330078125,-1.28125
0.5725,10.2099609375,-10.890625,0.400390625
0.573,9.7294921875,-12.01171875,2.08203125
0.5735,7.046875,-11.4111328125,4.244140625
0.574,5.1650390625,-11.1708984375,5.8857421875
0.5745,2.6826171875,-11.3310546875,8.6083984375
0.575,0.2802734375,-9.9296875,9.529296875
0.5755,-1.361328125,-9.609375,10.6904296875
0.576,-3.5234375,-8.087890625,11.37109375
0.5765,-5.4853515625,-5.8056640625,10.970703125
0.577,-7.84765625,-3.5234375,11.0107421875
0.5775,-10.330078125,-0.8408203125,10.810546875
0.578,-10.8505859375,1.28125,9.1689453125
0.5785,-12.171875,2.5224609375,9.208984375
0.579,-12.1318359375,4.9248046875,6.7666015625
0.5795,-11.69140625,6.88671875,4.404296875
0.58,-11.9716796875,9.4091796875,2.2421875
0.5805,-10.890625,10.7705078125,-0.3603515625
0.581,-9.8095703125,11.05078125,-1.8017578125
0.5815,-9.1689453125,11.8916015625,-3.36328125
0.582,-6.2861328125,11.2109375,-5.6455078125
0.5825,-4.1640625,10.890625,-7.4072265625
0.583,-1.681640625,11.130859375,-10.0498046875
0.5835,0.7607421875,9.4091796875,-10.6904296875
0.584,1.9619140625,9.0888671875,-11.53125
0.5845,4.1640625,7.4072265625,-12.0517578125
0.585,6.2861328125,4.9248046875,-11.5712890625
0.5855,8.80859375,2.40234375,-11.5712890625
0.586,11.05078125,-0.400390625,-11.1708984375
0.5865,11.291015625,-2.162109375,-9.5693359375
0.587,12.2919921875,-3.283203125,-9.4892578125
0.5875,12.2119140625,-5.765625,-6.806640625
0.588,11.7314453125,-7.7275390625,-4.3642578125
0.5885,11.9716796875,-10.2900390625,-2.08203125
0.589,10.6904296875,-11.2509765625,0.4404296875
0.5895,9.5693359375,-11.291015625,1.5615234375
0.59,8.6083984375,-11.8916015625,3.1630859375
0.5905,5.60546875,-11.2509765625,5.5654296875
0.591,3.36328125,-10.9306640625,7.4873046875
0.5915,0.9208984375,-10.970703125,9.9296875
0.592,-1.361328125,-9.1689453125,10.330078125
0.5925,-2.3623046875,-8.8486328125,10.9306640625
0.593,-4.64453125,-6.9267578125,11.291015625
0.5935,-6.806640625,-4.3642578125,10.810546875
0.594,-9.3291015625,-1.8818359375,10.73046875
0.5945,-11.2509765625,0.7607421875,10.08984375
0.595,-11.2509765625,2.2421875,8.568359375
0.5955,-12.0517578125,3.4833984375,8.2080078125
0.596,-11.8515625,6.166015625,5.3251953125
0.5965,-11.4111328125,7.9677734375,3.04296875
0.597,-11.53125,10.4501953125,0.6806640625
0.5975,-10.1298828125,11.130859375,-1.5615234375
0.598,-9.12890625,11.05078125,-2.5625
0.5985,-7.84765625,11.53125,-4.2841796875
0.599,-4.884765625,10.8505859375,-6.6064453125
0.5995,-2.6826171875,10.6103515625,-8.6083984375
0.6,-0.2802734375,10.41015625,-10.7705078125
0.6005,1.76171875,8.728515625,-10.970703125
0.601,2.642578125,8.328125,-11.4912109375
0.6015,5.2451171875,6.0859375,-11.771484375
0.602,7.287109375,3.5634765625,-11.291015625
0.6025,9.76953125,1.0009765625,-11.1708984375
0.603,11.451171875,-1.4814453125,-10.4501953125
0.6035,11.451171875,-2.8427734375,-8.96875
0.604,12.091796875,-4.244140625,-8.248046875
0.6045,12.01171875,-7.0869140625,-5.28515625
0.605,11.4912109375,-8.6083984375,-3.203125
0.6055,11.4912109375,-10.970703125,-0.8408203125
0.606,9.9697265625,-11.4912109375,1.3212890625
0.6065,8.80859375,-11.2509765625,2.2822265625
0.607,7.0869140625,-11.6513671875,4.4443359375
0.6075,4.2841796875,-11.0908203125,6.7265625
0.608,2.001953125,-10.73046875,8.6083984375
0.6085,-0.5205078125,-10.3701171875,10.6904296875
0.609,-2.322265625,-8.6484375,10.73046875
0.6095,-3.4033203125,-7.927734375,11.0107421875
0.61,-6.40625,-5.3251953125,11.3310546875
0.6105,-8.2080078125,-2.962890625,10.73046875
0.611,-10.41015625,-0.5205078125,10.41015625
0.6115,-11.8515625,1.921875,9.6494140625
0.612,-11.69140625,3.4833984375,7.8876953125
0.6125,-12.171875,5.1650390625,6.646484375
0.613,-12.0517578125,8.0478515625,3.68359375
0.6135,-11.291015625,9.2490234375,1.6416015625
0.614,-11.2509765625,11.291015625,-0.6005859375
0.6145,-9.609375,11.6513671875,-2.6826171875
0.615,-8.0078125,11.3310546875,-3.923828125
0.6155,-6.005859375,11.5712890625,-6.24609375
0.616,-3.2431640625,11.0107421875,-8.408203125
0.6165,-1.1611328125,10.3701171875,-9.849609375
0.617,1.2412109375,9.9697265625,-11.7314453125
0.6175,3.123046875,8.1279296875,-11.69140625
0.618,4.484375,6.88671875,-11.8115234375
0.6185,7.52734375,4.1240234375,-12.091796875
0.619,9.208984375,1.6015625,-11.2509765625
0.6195,10.890625,-0.560546875,-10.810546875
0.62,12.2919921875,-2.6826171875,-10.009765625
0.6205,12.01171875,-4.5244140625,-7.927734375
0.621,12.2119140625,-6.2861328125,-6.326171875
0.6215,12.171875,-8.96875,-3.5634765625
0.622,11.0908203125,-9.9296875,-1.4814453125
0.6225,10.970703125,-11.5712890625,0.4404296875
0.623,9.0888671875,-11.8515625,2.6025390625
0.6235,7.287109375,-11.4111328125,3.923828125
0.624,5.125,-11.53125,6.326171875
0.6245,2.5224609375,-10.970703125,8.3681640625
0.625,0.560546875,-10.1298828125,9.44921875
0.6255,-1.6416015625,-9.689453125,11.130859375
0.626,-3.6435546875,-7.6875,10.9306640625
0.6265,-5.125,-6.166015625,10.9306640625
0.627,-8.087890625,-3.5634765625,11.1708984375
0.6275,-9.4892578125,-1.041015625,10.1298828125
0.628,-10.890625,0.880859375,9.689453125
0.6285,-12.01171875,2.8828125,8.728515625
0.629,-11.5712890625,4.6845703125,6.5263671875
0.6295,-11.69140625,6.56640625,4.724609375
0.63,-11.611328125,9.048828125,2.2421875
0.6305,-10.41015625,9.6494140625,0.2802734375
0.631,-10.330078125,11.1708984375,-1.3212890625
0.6315,-8.328125,11.1708984375,-3.4833984375
0.632,-6.56640625,10.73046875,-4.8046875
0.6325,-4.404296875,10.890625,-7.1669921875
0.633,-1.9619140625,10.25,-8.96875
0.6335,-0.240234375,9.44921875,-9.849609375
0.634,1.8017578125,8.9287109375,-11.291015625
0.6345,3.763671875,6.88671875,-11.1708984375
0.635,5.4052734375,5.205078125,-11.130859375
0.6355,8.248046875,2.7626953125,-11.37109375
0.636,9.4091796875,0.4404296875,-10.1298828125
0.6365,10.73046875,-1.201171875,-9.9697265625
0.637,11.53125,-3.1630859375,-8.7685546875
0.6375,11.2109375,-4.884765625,-6.6865234375
0.638,11.37109375,-6.9267578125,-4.8046875
0.6385,11.2509765625,-9.1689453125,-2.4423828125
0.639,9.9697265625,-9.609375,-0.6806640625
0.6395,9.9296875,-10.9306640625,0.80078125
0.64,7.767578125,-10.810546875,2.8828125
0.6405,5.9658203125,-10.4501953125,4.32421875
0.641,3.84375,-10.73046875,6.7666015625
0.6415,1.521484375,-9.9296875,8.2880859375
0.642,0.0,-9.2890625,9.12890625
0.6425,-2.001953125,-8.6484375,10.2900390625
0.643,-3.923828125,-6.56640625,10.08984375
0.6435,-5.8857421875,-4.6044921875,10.169921875
0.644,-8.48828125,-2.2421875,10.3701171875
0.6445,-9.369140625,0.0400390625,9.0087890625
0.645,-10.650390625,1.28125,8.96875
0.6455,-11.130859375,3.283203125,7.4873046875
0.646,-10.7705078125,5.0849609375,5.3251953125
0.6465,-11.0107421875,7.287109375,3.36328125
0.647,-10.73046875,9.208984375,1.0810546875
0.6475,-9.4892578125,9.529296875,-0.560546875
0.648,-9.369140625,10.650390625,-1.841796875
0.6485,-7.046875,10.3701171875,-3.923828125
0.649,-5.125,10.0498046875,-5.525390625
0.6495,-3.0830078125,10.330078125,-7.927734375
0.65,-0.80078125,9.2490234375,-9.12890625
0.6505,0.640625,8.728515625,-9.9296875
0.651,2.4423828125,7.84765625,-10.890625
0.6515,4.484375,5.765625,-10.6103515625
0.652,6.56640625,3.68359375,-10.6103515625
0.6525,9.0888671875,1.28125,-10.6904296875
0.653,9.689453125,-0.80078125,-9.2890625
0.6535,10.810546875,-1.8818359375,-9.369140625
0.654,11.0908203125,-3.923828125,-7.5673828125
0.6545,10.73046875,-5.8056640625,-5.3251953125
0.655,11.0107421875,-8.087890625,-3.3232421875
0.6555,10.41015625,-9.6494140625,-1.0810546875
0.656,9.2490234375,-9.8095703125,0.3603515625
0.6565,8.96875,-10.7705078125,1.6015625
0.657,6.4462890625,-10.330078125,3.84375
0.6575,4.404296875,-10.08984375,5.5654296875
0.658,2.2822265625,-10.4501953125,7.9677734375
0.6585,0.1201171875,-9.0888671875,8.80859375
0.659,-1.1611328125,-8.728515625,9.529296875
0.6595,-2.962890625,-7.52734375,10.2099609375
0.66,-5.0048828125,-5.205078125,9.9296875
0.6605,-7.3271484375,-3.0029296875,9.9296875
0.661,-9.5693359375,-0.640625,9.76953125
0.6615,-9.8896484375,1.1611328125,8.328125
0.662,-10.7705078125,2.162109375,8.2880859375
0.6625,-10.890625,4.404296875,6.1259765625
0.663,-10.5703125,6.326171875,3.8837890625
0.6635,-10.8505859375,8.6484375,1.841796875
0.664,-9.9697265625,9.76953125,-0.3203125
0.6645,-8.888671875,9.8095703125,-1.4814453125
0.665,-8.2880859375,10.5302734375,-2.8427734375
0.6655,-5.6455078125,10.08984375,-5.0849609375
0.666,-3.603515625,9.849609375,-6.88671875
0.6665,-1.44140625,9.9697265625,-9.1689453125
0.667,0.640625,8.5283203125,-9.76953125
0.6675,1.5615234375,8.2880859375,-10.2900390625
0.668,3.603515625,6.7265625,-10.7705078125
0.6685,5.685546875,4.4443359375,-10.5302734375
0.669,8.0078125,2.08203125,-10.490234375
0.6695,10.009765625,-0.2802734375,-10.169921875
0.67,10.2099609375,-1.8017578125,-8.8486328125
0.6705,11.0107421875,-2.8427734375,-8.568359375
0.671,11.05078125,-5.4052734375,-6.1259765625
0.6715,10.73046875,-7.0869140625,-4.0439453125
0.672,10.890625,-9.4091796875,-1.8818359375
0.6725,9.849609375,-10.2900390625,0.2802734375
0.673,8.7685546875,-10.2099609375,1.2412109375
0.6735,7.8076171875,-10.7705078125,2.8427734375
0.674,5.044921875,-10.41015625,5.205078125
0.6745,2.962890625,-10.169921875,7.046875
0.675,0.6806640625,-10.1298828125,9.2490234375
0.6755,-1.28125,-8.6083984375,9.609375
0.676,-2.162109375,-8.1279296875,9.9697265625
0.6765,-4.564453125,-6.166015625,10.41015625
0.677,-6.646484375,-3.84375,10.08984375
0.6775,-8.8486328125,-1.4814453125,9.9296875
0.678,-10.6103515625,0.80078125,9.44921875
0.6785,-10.6103515625,2.2822265625,7.9677734375
0.679,-11.2509765625,3.603515625,7.287109375
0.6795,-11.291015625,6.40625,4.5244140625
0.68,-10.8505859375,7.8876953125,2.5625
0.6805,-10.8505859375,9.9697265625,0.400390625
0.681,-9.609375,10.73046875,-1.681640625
0.6815,-8.2880859375,10.490234375,-2.7626953125
0.682,-6.8466796875,10.8505859375,-4.64453125
0.6825,-4.1640625,10.41015625,-7.046875
0.683,-2.08203125,9.9697265625,-8.6484375
0.6835,0.2802734375,9.8095703125,-10.6103515625
0.684,2.1220703125,8.248046875,-10.810546875
0.6845,3.1630859375,7.4072265625,-11.05078125
0.685,6.005859375,5.044921875,-11.4111328125
0.6855,7.8876953125,2.6826171875,-10.890625
0.686,9.7294921875,0.48046875,-10.5703125
0.6865,11.291015625,-1.7216796875,-9.9697265625
0.687,11.2109375,-3.4033203125,-8.2080078125
0.6875,11.5712890625,-4.96484375,-7.0869140625
0.688,11.6513671875,-7.7275390625,-4.3642578125
0.6885,10.890625,-8.9287109375,-2.3623046875
0.689,10.7705078125,-10.6103515625,-0.48046875
0.6895,9.3291015625,-11.1708984375,1.6416015625
0.69,7.6875,-10.8505859375,2.9228515625
0.6905,5.8857421875,-11.0908203125,5.044921875
0.691,3.283203125,-10.73046875,7.20703125
0.6915,1.361328125,-10.009765625,8.5283203125
0.692,-0.8408203125,-9.689453125,10.3701171875
0.6925,-2.72265625,-7.927734375,10.3701171875
0.693,-4.00390625,-6.7666015625,10.41015625
0.6935,-6.88671875,-4.2041015625,10.7705078125
0.694,-8.48828125,-1.9619140625,10.08984375
0.6945,-9.9697265625,0.1201171875,9.5693359375
0.695,-11.291015625,2.0419921875,8.888671875
0.6955,-11.0908203125,3.8037109375,6.9267578125
0.696,-11.2509765625,5.4453125,5.4453125
0.6965,-11.291015625,8.0078125,2.9228515625
0.697,-10.330078125,8.96875,1.041015625
0.6975,-10.25,10.4501953125,-0.720703125
0.698,-8.6884765625,10.73046875,-2.72265625
0.6985,-7.0068359375,10.330078125,-3.9638671875
0.699,-5.0849609375,10.5302734375,-6.2060546875
0.6995,-2.72265625,10.1298828125,-8.087890625
0.7,-0.9208984375,9.44921875,-9.12890625
0.7005,1.12109375,9.0888671875,-10.73046875
0.701,2.9228515625,7.287109375,-10.6904296875
0.7015,4.32421875,5.92578125,-10.73046875
0.702,7.1669921875,3.5234375,-11.05078125
0.7025,8.6083984375,1.2412109375,-10.2099609375
0.703,10.009765625,-0.560546875,-9.8896484375
0.7035,11.0908203125,-2.40234375,-9.048828125
0.704,10.8505859375,-4.083984375,-7.126953125
0.7045,11.05078125,-5.92578125,-5.4853515625
0.705,11.130859375,-8.328125,-3.203125
0.7055,10.08984375,-9.048828125,-1.361328125
0.706,10.0498046875,-10.490234375,0.2001953125
0.7065,8.248046875,-10.6103515625,2.2021484375
0.707,6.56640625,-10.2900390625,3.4833984375
0.7075,4.5244140625,-10.5302734375,5.8857421875
0.708,2.2421875,-10.0498046875,7.6875
0.7085,0.6005859375,-9.3291015625,8.6083984375
0.709,-1.361328125,-8.888671875,10.0498046875
0.7095,-3.283203125,-6.966796875,9.9697265625
0.71,-5.0048828125,-5.3251953125,10.009765625
0.7105,-7.767578125,-2.962890625,10.3701171875
0.711,-8.96875,-0.720703125,9.2890625
0.7115,-10.25,0.880859375,9.048828125
0.712,-11.05078125,2.72265625,8.0078125
0.7125,-10.7705078125,4.5244140625,5.8857421875
0.713,-10.970703125,6.6064453125,4.00390625
0.7135,-10.970703125,8.888671875,1.7216796875
0.714,-9.689453125,9.2890625,0.0
0.7145,-9.689453125,10.5302734375,-1.44140625
0.715,-7.7275390625,10.490234375,-3.5634765625
0.7155,-5.685546875,10.169921875,-5.125
0.716,-3.68359375,10.490234375,-7.447265625
0.7165,-1.28125,9.76953125,-9.12890625
0.717,0.3603515625,8.96875,-9.8095703125
0.7175,2.0419921875,8.48828125,-11.0107421875
0.718,4.1640625,6.2861328125,-10.890625
0.7185,6.2060546875,4.2041015625,-10.8505859375
0.719,8.96875,1.841796875,-11.0908203125
0.7195,9.8896484375,-0.6005859375,-9.689453125
0.72,10.890625,-1.7216796875,-9.5693359375
0.7205,11.53125,-3.7236328125,-8.2080078125
0.721,11.130859375,-5.7255859375,-5.8056640625
0.7215,11.2509765625,-7.8876953125,-3.763671875
0.722,11.1708984375,-10.08984375,-1.4814453125
0.7225,9.5693359375,-10.2099609375,0.3603515625
0.723,9.44921875,-11.1708984375,1.4013671875
0.7235,7.0869140625,-10.970703125,3.8037109375
0.724,4.8046875,-10.490234375,5.60546875
0.7245,2.6826171875,-10.810546875,8.0078125
0.725,0.240234375,-9.7294921875,9.4091796875
0.7255,-1.2412109375,-8.8486328125,9.8095703125
0.726,-2.8427734375,-8.16796875,10.73046875
0.7265,-5.125,-5.7255859375,10.490234375
0.727,-7.20703125,-3.443359375,10.2900390625
0.7275,-9.9296875,-1.0009765625,10.4501953125
0.728,-10.41015625,1.28125,8.80859375
0.7285,-11.2109375,2.2421875,8.6484375
0.729,-11.5712890625,4.3642578125,6.88671875
0.7295,-11.130859375,6.4462890625,4.32421875
0.73,-11.2509765625,8.48828125,2.1220703125
0.7305,-10.7705078125,10.41015625,-0.240234375
0.731,-9.208984375,10.330078125,-1.681640625
0.7315,-8.9287109375,11.0908203125,-2.7626953125
0.732,-6.2861328125,10.810546875,-5.125
0.7325,-4.00390625,10.2900390625,-6.966796875
0.733,-1.8818359375,10.5703125,-9.369140625
0.7335,0.6005859375,9.2490234375,-10.3701171875
0.734,1.681640625,8.48828125,-10.650390625
0.7345,3.4033203125,7.4873046875,-11.37109375
0.735,5.7255859375,4.9248046875,-11.05078125
0.7355,7.8876953125,2.5625,-10.890625
0.736,10.41015625,0.080078125,-10.8505859375
0.7365,10.73046875,-1.8818359375,-9.2490234375
0.737,11.37109375,-2.7626953125,-8.96875
0.7375,11.6513671875,-5.1650390625,-6.88671875
0.738,11.2109375,-7.0869140625,-4.484375
0.7385,11.2109375,-9.369140625,-2.2822265625
0.739,10.5703125,-10.8505859375,0.0
0.7395,9.048828125,-10.5302734375,1.28125
0.74,8.48828125,-11.130859375,2.5224609375
0.7405,5.685546875,-10.8505859375,5.044921875
0.741,3.4833984375,-10.3701171875,6.7666015625
0.7415,1.201171875,-10.5302734375,9.208984375
0.742,-1.041015625,-9.0888671875,9.9296875
0.7425,-2.001953125,-8.3681640625,10.08984375
0.743,-4.00390625,-6.9267578125,10.650390625
0.7435,-6.3662109375,-4.404296875,10.3701171875
0.744,-8.328125,-2.1220703125,10.1298828125
0.7445,-10.5703125,0.3203125,9.9296875
0.745,-10.73046875,2.0419921875,8.2880859375
0.7455,-11.2509765625,3.04296875,7.84765625
0.746,-11.451171875,5.7255859375,5.365234375
0.7465,-10.970703125,7.4072265625,3.1630859375
0.747,-10.9306640625,9.5693359375,0.9609375
0.7475,-10.1298828125,10.7705078125,-1.201171875
0.748,-8.6884765625,10.41015625,-2.322265625
0.7485,-7.7275390625,10.8505859375,-3.763671875
0.749,-4.8447265625,10.5703125,-6.3662109375
0.7495,-2.8427734375,10.169921875,-7.9677734375
0.75,-0.5205078125,10.08984375,-10.2099609375
0.7505,1.5615234375,8.6484375,-10.73046875
0.751,2.482421875,7.8876953125,-10.8505859375
0.7515,4.8046875,6.0458984375,-11.291015625
0.752,7.046875,3.5234375,-10.970703125
0.7525,8.96875,1.28125,-10.5703125
0.753,10.9306640625,-1.0009765625,-10.330078125
0.7535,11.0107421875,-2.72265625,-8.6884765625
0.754,11.4111328125,-3.923828125,-7.84765625
0.7545,11.5712890625,-6.806640625,-5.205078125
0.755,11.0107421875,-8.2080078125,-3.203125
0.7555,10.890625,-10.0498046875,-1.201171875
0.756,9.9296875,-11.05078125,0.9609375
0.7565,8.248046875,-10.650390625,2.2421875
0.757,6.966796875,-10.970703125,3.923828125
0.7575,4.1240234375,-10.73046875,6.4462890625
0.758,2.2421875,-10.169921875,7.84765625
0.7585,0.0,-9.9697265625,9.849609375
0.759,-2.0419921875,-8.4482421875,10.25
0.7595,-3.123046875,-7.4072265625,10.25
0.76,-5.765625,-5.2451171875,10.6904296875
0.7605,-7.767578125,-2.8828125,10.2099609375
0.761,-9.3291015625,-0.80078125,9.689453125
0.7615,-11.05078125,1.3212890625,9.369140625
0.762,-10.970703125,3.1630859375,7.4873046875
0.7625,-11.2509765625,4.484375,6.326171875
0.763,-11.37109375,7.287109375,3.68359375
0.7635,-10.6904296875,8.48828125,1.7216796875
0.764,-10.4501953125,10.08984375,0.0
0.7645,-9.369140625,10.8505859375,-2.08203125
0.765,-7.5673828125,10.3701171875,-3.4033203125
0.7655,-6.005859375,10.6103515625,-5.28515625
0.766,-3.443359375,10.3701171875,-7.5673828125
0.7665,-1.5615234375,9.689453125,-8.80859375
0.767,0.560546875,9.4892578125,-10.5703125
0.7675,2.482421875,7.84765625,-10.8505859375
0.768,3.7236328125,6.646484375,-10.7705078125
0.7685,6.486328125,4.244140625,-11.1708984375
0.769,8.2880859375,1.9619140625,-10.6103515625
0.7695,9.689453125,0.0400390625,-10.009765625
0.77,11.1708984375,-1.921875,-9.6494140625
0.7705,11.05078125,-3.8037109375,-7.7275390625
0.771,11.1708984375,-5.4052734375,-6.2861328125
0.7715,11.37109375,-8.0078125,-3.84375
0.772,10.490234375,-8.96875,-1.841796875
0.7725,10.2900390625,-10.330078125,-0.2802734375
0.773,8.96875,-10.890625,1.8017578125
0.7735,7.046875,-10.41015625,3.203125
0.774,5.28515625,-10.650390625,5.28515625
0.7745,2.8427734375,-10.41015625,7.4873046875
0.775,1.0009765625,-9.5693359375,8.4482421875
0.7755,-0.9609375,-9.369140625,10.08984375
0.776,-2.962890625,-7.5673828125,10.2099609375
0.7765,-4.4443359375,-6.0458984375,10.1298828125
0.777,-7.2470703125,-3.6435546875,10.5302734375
0.7775,-8.8486328125,-1.28125,9.7294921875
0.778,-10.009765625,0.5205078125,9.1689453125
0.7785,-11.2509765625,2.2421875,8.6484375
0.779,-11.0107421875,4.1640625,6.40625
0.7795,-11.05078125,5.92578125,4.64453125
0.78,-11.291015625,8.568359375,2.3623046875
0.7805,-10.1298828125,9.2490234375,0.400390625
0.781,-9.9697265625,10.490234375,-1.0810546875
0.7815,-8.408203125,10.890625,-3.0830078125
0.782,-6.2861328125,10.330078125,-4.64453125
0.7825,-4.404296875,10.5703125,-6.806640625
0.783,-1.9619140625,10.2099609375,-8.9287109375
0.7835,-0.2001953125,9.1689453125,-9.5693359375
0.784,1.5615234375,8.96875,-11.0107421875
0.7845,3.68359375,6.966796875,-11.130859375
0.785,5.4853515625,5.0048828125,-10.890625
0.7855,8.328125,2.6025390625,-11.3310546875
0.786,9.7294921875,0.1201171875,-10.2099609375
0.7865,10.6904296875,-1.4814453125,-9.689453125
0.787,11.771484375,-3.203125,-9.0087890625
0.7875,11.37109375,-5.3251953125,-6.56640625
0.788,11.37109375,-7.20703125,-4.5244140625
0.7885,11.53125,-9.76953125,-2.162109375
0.789,9.9697265625,-10.1298828125,-0.16015625
0.7895,9.849609375,-11.0908203125,1.0810546875
0.79,8.0078125,-11.3310546875,3.203125
0.7905,5.4853515625,-10.73046875,5.0849609375
0.791,3.4833984375,-10.890625,7.3271484375
0.7915,0.9609375,-10.3701171875,9.2890625
0.792,-0.8408203125,-9.0888671875,9.689453125
0.7925,-2.2822265625,-8.8486328125,10.8505859375
0.793,-4.64453125,-6.5263671875,10.8505859375
0.7935,-6.646484375,-4.2041015625,10.490234375
0.794,-9.4892578125,-1.76171875,10.810546875
0.7945,-10.6103515625,0.80078125,9.4091796875
0.795,-11.2109375,1.9619140625,8.80859375
0.7955,-11.9716796875,3.7236328125,7.8076171875
0.796,-11.53125,6.0859375,5.044921875
0.7965,-11.37109375,8.1279296875,2.8427734375
0.797,-11.4111328125,10.5302734375,0.48046875
0.7975,-9.6494140625,10.6103515625,-1.521484375
0.798,-9.44921875,11.3310546875,-2.4423828125
0.7985,-7.3271484375,11.37109375,-4.6845703125
0.799,-4.64453125,10.650390625,-6.6865234375
0.7995,-2.5224609375,10.810546875,-8.96875
0.8,0.1201171875,10.009765625,-10.650390625
0.8005,1.6416015625,8.6884765625,-10.8505859375
0.801,2.9228515625,8.2880859375,-11.69140625
0.8015,5.4853515625,5.7255859375,-11.611328125
0.802,7.52734375,3.283203125,-11.1708984375
0.8025,10.3701171875,0.6005859375,-11.4111328125
0.803,11.1708984375,-1.76171875,-9.849609375
0.8035,11.53125,-2.7626953125,-9.2890625
0.804,12.2119140625,-4.64453125,-7.8876953125
0.8045,11.69140625,-7.046875,-5.0849609375
0.805,11.4912109375,-9.0087890625,-2.8828125
0.8055,11.37109375,-11.2109375,-0.5205078125
0.806,9.529296875,-11.0107421875,1.3212890625
0.8065,9.12890625,-11.53125,2.2421875
0.807,6.6865234375,-11.53125,4.724609375
0.8075,4.083984375,-10.7705078125,6.646484375
0.808,1.76171875,-10.890625,9.048828125
0.8085,-0.80078125,-9.849609375,10.4501953125
0.809,-2.08203125,-8.6484375,10.4501953125
0.8095,-3.5234375,-7.8876953125,11.130859375
0.81,-6.2861328125,-5.125,11.0107421875
0.8105,-8.087890625,-2.8427734375,10.490234375
0.811,-10.7705078125,-0.240234375,10.5302734375
0.8115,-11.3310546875,1.921875,8.96875
0.812,-11.5712890625,2.962890625,8.2880859375
0.8125,-12.0517578125,5.2451171875,6.4462890625
0.813,-11.5712890625,7.52734375,3.68359375
0.8135,-11.291015625,9.4091796875,1.521484375
0.814,-10.970703125,11.3310546875,-0.880859375
0.8145,-9.12890625,11.0107421875,-2.4423828125
0.815,-8.48828125,11.37109375,-3.4033203125
0.8155,-5.8056640625,11.3310546875,-6.166015625
0.816,-3.4033203125,10.6103515625,-7.8876953125
0.8165,-1.041015625,10.6103515625,-10.2099609375
0.817,1.4013671875,9.4892578125,-11.4111328125
0.8175,2.5625,8.248046875,-11.2509765625
0.818,4.32421875,7.046875,-11.8115234375
0.8185,7.20703125,4.1240234375,-11.8115234375
0.819,8.80859375,1.841796875,-11.0908203125
0.8195,11.291015625,-0.6806640625,-11.0908203125
0.82,11.771484375,-2.72265625,-9.44921875
0.8205,11.931640625,-3.8837890625,-8.408203125
0.821,12.2919921875,-6.4462890625,-6.24609375
0.8215,11.8515625,-8.5283203125,-3.6435546875
0.822,11.3310546875,-10.0498046875,-1.6416015625
0.8225,10.9306640625,-11.8515625,0.6806640625
0.823,8.8486328125,-11.4111328125,2.4423828125
0.8235,7.8076171875,-11.5712890625,3.68359375
0.824,4.96484375,-11.611328125,6.56640625
0.8245,2.642578125,-10.810546875,8.0478515625
0.825,0.3603515625,-10.5703125,10.08984375
0.8255,-2.001953125,-9.44921875,11.2109375
0.826,-3.36328125,-7.84765625,10.9306640625
0.8265,-5.4052734375,-6.2861328125,11.291015625
0.827,-8.248046875,-3.443359375,11.2509765625
0.8275,-9.5693359375,-1.1611328125,10.2099609375
0.828,-11.611328125,1.12109375,10.2099609375
0.8285,-12.0517578125,3.3232421875,8.3681640625
0.829,-11.931640625,4.6044921875,6.88671875
0.8295,-12.2119140625,7.2470703125,4.6044921875
0.83,-11.6513671875,9.208984375,2.08203125
0.8305,-10.890625,10.2099609375,0.2001953125
0.831,-10.4501953125,11.8115234375,-1.921875
0.8315,-8.16796875,11.37109375,-3.84375
0.832,-6.806640625,11.291015625,-5.125
0.8325,-4.083984375,11.37109375,-7.927734375
0.833,-1.76171875,10.3701171875,-9.2890625
0.8335,0.2802734375,10.0498046875,-10.8505859375
0.834,2.5224609375,8.80859375,-11.8515625
0.8345,4.083984375,7.0068359375,-11.53125
0.835,6.24609375,5.0849609375,-11.8115234375
0.8355,8.888671875,2.40234375,-11.7314453125
0.836,9.9697265625,0.1201171875,-10.4501953125
0.8365,11.8115234375,-1.7216796875,-10.4501953125
0.837,12.091796875,-3.923828125,-8.48828125
0.8375,11.8115234375,-5.4052734375,-6.8466796875
0.838,12.1318359375,-8.0078125,-4.5244140625
0.8385,11.4912109375,-9.689453125,-2.1220703125
0.839,10.5302734375,-10.5302734375,-0.400390625
0.8395,10.08984375,-11.8515625,1.5615234375
0.84,7.6474609375,-11.291015625,3.5234375
0.8405,6.0859375,-11.1708984375,5.044921875
0.841,3.4833984375,-11.291015625,7.7275390625
0.8415,1.201171875,-10.169921875,8.888671875
0.842,-0.640625,-9.8896484375,10.2900390625
0.8425,-2.8828125,-8.5283203125,11.130859375
0.843,-4.5244140625,-6.56640625,10.810546875
0.8435,-6.9267578125,-4.484375,10.9306640625
0.844,-9.3291015625,-1.921875,10.8505859375
0.8445,-10.2099609375,0.4404296875,9.44921875
0.845,-11.771484375,1.921875,9.529296875
0.8455,-11.8515625,4.1640625,7.3271484375
0.846,-11.5712890625,5.8056640625,5.4052734375
0.8465,-11.8916015625,8.3681640625,3.1630859375
0.847,-11.05078125,9.9296875,0.6806640625
0.8475,-10.1298828125,10.5302734375,-0.9609375
0.848,-9.5693359375,11.6513671875,-2.72265625
0.8485,-6.966796875,11.130859375,-4.7646484375
0.849,-5.1650390625,10.890625,-6.40625
0.8495,-2.72265625,11.130859375,-9.048828125
0.85,-0.3603515625,9.6494140625,-9.9697265625
0.8505,1.2412109375,9.4091796875,-11.2109375
0.851,3.443359375,7.8876953125,-11.8515625
0.8515,5.365234375,5.6455078125,-11.53125
0.852,7.8076171875,3.4033203125,-11.611328125
0.8525,10.2099609375,0.720703125,-11.291015625
0.853,10.810546875,-1.4013671875,-9.76953125
0.8535,12.1318359375,-2.642578125,-9.849609375
0.854,12.171875,-5.044921875,-7.4873046875
0.8545,11.7314453125,-6.9267578125,-5.205078125
0.855,12.091796875,-9.4892578125,-2.9228515625
0.8555,10.890625,-10.7705078125,-0.4404296875
0.856,9.8896484375,-11.0908203125,1.0009765625
0.8565,9.1689453125,-11.931640625,2.642578125
0.857,6.326171875,-11.291015625,4.9248046875
0.8575,4.1640625,-11.05078125,6.7666015625
0.858,1.76171875,-11.2109375,9.369140625
0.8585,-0.720703125,-9.4892578125,9.9296875
0.859,-1.9619140625,-9.2890625,10.8505859375
0.8595,-4.1640625,-7.52734375,11.3310546875
0.86,-6.2060546875,-5.0048828125,10.8505859375
0.8605,-8.728515625,-2.5625,10.890625
0.861,-10.890625,0.16015625,10.3701171875
0.8615,-11.05078125,1.921875,8.7685546875
0.862,-12.091796875,3.04296875,8.6484375
0.8625,-11.931640625,5.60546875,6.005859375
0.863,-11.4912109375,7.4873046875,3.6435546875
0.8635,-11.771484375,10.0498046875,1.361328125
0.864,-10.330078125,10.890625,-1.041015625
0.8645,-9.4091796875,11.0107421875,-2.162109375
0.865,-8.3681640625,11.5712890625,-3.84375
0.8655,-5.4853515625,10.890625,-6.1259765625
0.866,-3.36328125,10.650390625,-7.9677734375
0.8665,-1.0009765625,10.5703125,-10.330078125
0.867,1.2412109375,8.80859375,-10.650390625
0.8675,2.2421875,8.6083984375,-11.4111328125
0.868,4.484375,6.6865234375,-11.6513671875
0.8685,6.56640625,4.2041015625,-11.1708984375
0.869,9.1689453125,1.681640625,-11.2509765625
0.8695,10.890625,-0.8408203125,-10.4501953125
0.87,11.0107421875,-2.2421875,-9.12890625
0.8705,11.8115234375,-3.443359375,-8.7685546875
0.871,11.6513671875,-6.005859375,-6.005859375
0.8715,11.2509765625,-7.767578125,-3.84375
0.872,11.451171875,-10.2099609375,-1.6015625
0.8725,9.9296875,-10.73046875,0.6005859375
0.873,9.1689453125,-10.8505859375,1.521484375
0.8735,7.767578125,-11.2509765625,3.3232421875
0.874,5.0048828125,-10.650390625,5.5654296875
0.8745,2.8828125,-10.5703125,7.52734375
0.875,0.5205078125,-10.25,9.609375
0.8755,-1.361328125,-8.6884765625,9.7294921875
0.876,-2.322265625,-8.3681640625,10.41015625
0.8765,-4.7646484375,-6.1259765625,10.5703125
0.877,-6.6865234375,-3.8837890625,10.2099609375
0.8775,-9.208984375,-1.361328125,10.2099609375
0.878,-10.5302734375,0.9208984375,9.2490234375
0.8785,-10.6103515625,2.08203125,8.16796875
0.879,-11.2509765625,3.5234375,7.3671875
0.8795,-11.0908203125,6.0859375,4.6044921875
0.88,-10.810546875,7.767578125,2.642578125
0.8805,-10.8505859375,10.0498046875,0.4404296875
0.881,-9.3291015625,10.2099609375,-1.4814453125
0.8815,-8.6884765625,10.41015625,-2.2822265625
0.882,-6.88671875,10.6103515625,-4.3642578125
0.8825,-4.4443359375,10.08984375,-6.40625
0.883,-2.2822265625,10.0498046875,-8.4482421875
0.8835,0.0400390625,9.4892578125,-10.2099609375
0.884,1.5615234375,8.16796875,-10.2099609375
0.8845,2.6025390625,7.6875,-10.7705078125
0.885,5.28515625,5.2451171875,-10.9306640625
0.8855,7.046875,3.123046875,-10.5703125
0.886,9.529296875,0.6806640625,-10.5703125
0.8865,10.5302734375,-1.44140625,-9.529296875
0.887,10.6103515625,-2.5224609375,-8.48828125
0.8875,11.1708984375,-4.3642578125,-7.20703125
0.888,11.05078125,-6.7666015625,-4.6845703125
0.8885,10.6904296875,-8.2880859375,-2.7626953125
0.889,10.6103515625,-10.25,-0.720703125
0.8895,8.96875,-10.25,1.12109375
0.89,8.16796875,-10.3701171875,2.001953125
0.8905,6.005859375,-10.5703125,4.404296875
0.891,3.84375,-10.1298828125,6.166015625
0.8915,1.6416015625,-9.9697265625,8.16796875
0.892,-0.560546875,-9.2890625,9.609375
0.8925,-1.921875,-7.927734375,9.529296875
0.893,-3.203125,-7.0869140625,9.9697265625
0.8935,-5.9658203125,-4.5244140625,10.169921875
0.894,-7.447265625,-2.5625,9.609375
0.8945,-9.6494140625,-0.400390625,9.609375
0.895,-10.41015625,1.6416015625,8.408203125
0.8955,-10.4501953125,2.8427734375,7.287109375
0.896,-10.8505859375,4.96484375,5.5654296875
0.8965,-10.7705078125,7.0869140625,3.2431640625
0.897,-10.25,8.328125,1.521484375
0.8975,-10.08984375,10.08984375,-0.5205078125
0.898,-8.328125,9.9296875,-2.1220703125
0.8985,-7.447265625,10.009765625,-3.203125
0.899,-5.125,10.169921875,-5.7255859375
0.8995,-3.1630859375,9.6494140625,-7.2470703125
0.9,-1.1611328125,9.529296875,-8.96875
0.9005,0.9609375,8.728515625,-10.2099609375
0.901,2.2822265625,7.3671875,-10.1298828125
0.9015,3.923828125,6.1259765625,-10.5302734375
0.902,6.646484375,3.68359375,-10.650390625
0.9025,8.0078125,1.5615234375,-9.9697265625
0.903,9.9296875,-0.3203125,-10.009765625
0.9035,10.5302734375,-2.2822265625,-8.6884765625
0.904,10.5703125,-3.5634765625,-7.4072265625
0.9045,10.9306640625,-5.845703125,-5.4853515625
0.905,10.7705078125,-7.767578125,-3.3232421875
0.9055,10.08984375,-8.8486328125,-1.6015625
0.906,9.9296875,-10.3701171875,0.240234375
0.9065,7.9677734375,-10.2099609375,2.001953125
0.907,6.806640625,-10.25,3.203125
0.9075,4.4443359375,-10.4501953125,5.765625
0.908,2.40234375,-9.76953125,7.20703125
0.9085,0.6005859375,-9.4892578125,8.7685546875
0.909,-1.4814453125,-8.6083984375,9.8095703125
0.9095,-3.0029296875,-7.0068359375,9.7294921875
0.91,-5.0048828125,-5.3251953125,9.9697265625
0.9105,-7.5673828125,-2.962890625,10.169921875
0.911,-8.6884765625,-0.8408203125,9.12890625
0.9115,-10.330078125,0.80078125,9.208984375
0.912,-10.7705078125,2.8427734375,7.5673828125
0.9125,-10.650390625,4.32421875,5.9658203125
0.913,-10.970703125,6.7265625,3.8837890625
0.9135,-10.650390625,8.568359375,1.76171875
0.914,-9.8095703125,9.2490234375,0.1201171875
0.9145,-9.5693359375,10.5302734375,-1.5615234375
0.915,-7.3271484375,10.2099609375,-3.5634765625
0.9155,-5.8056640625,10.08984375,-5.0048828125
0.916,-3.5634765625,10.3701171875,-7.4873046875
0.9165,-1.361328125,9.529296875,-8.728515625
0.917,0.2802734375,9.1689453125,-9.9697265625
0.9175,2.2421875,8.16796875,-10.890625
0.918,4.0439453125,6.24609375,-10.6904296875
0.9185,6.24609375,4.2041015625,-10.890625
0.919,8.7685546875,1.8017578125,-10.890625
0.9195,9.609375,-0.400390625,-9.609375
0.92,11.05078125,-1.7216796875,-9.76953125
0.9205,11.3310546875,-3.8837890625,-7.84765625
0.921,11.05078125,-5.60546875,-5.845703125
0.9215,11.37109375,-8.0478515625,-3.7236328125
0.922,10.7705078125,-9.689453125,-1.44140625
0.9225,9.689453125,-10.169921875,0.16015625
0.923,9.3291015625,-11.2109375,1.6015625
0.9235,6.8466796875,-10.7705078125,3.763671875
0.924,4.884765625,-10.5302734375,5.525390625
0.9245,2.6025390625,-10.7705078125,8.0478515625
0.925,0.3203125,-9.4892578125,9.048828125
0.9255,-1.12109375,-9.12890625,9.9697265625
0.926,-3.0830078125,-7.84765625,10.6904296875
0.9265,-5.0849609375,-5.6455078125,10.3701171875
0.927,-7.4072265625,-3.36328125,10.3701171875
0.9275,-9.76953125,-0.880859375,10.25
0.928,-10.25,1.201171875,8.6884765625
0.9285,-11.4111328125,2.2421875,8.80859375
0.929,-11.4912109375,4.6044921875,6.5263671875
0.9295,-11.05078125,6.4462890625,4.244140625
0.93,-11.37109375,8.888671875,2.08203125
0.9305,-10.4501953125,10.2099609375,-0.2802734375
0.931,-9.3291015625,10.3701171875,-1.6015625
0.9315,-8.6884765625,11.0908203125,-3.1630859375
0.932,-6.0458984375,10.5703125,-5.2451171875
0.9325,-3.9638671875,10.2900390625,-7.0068359375
0.933,-1.7216796875,10.5302734375,-9.44921875
0.9335,0.560546875,8.96875,-10.0498046875
0.934,1.6416015625,8.6884765625,-10.810546875
0.9345,3.7236328125,7.126953125,-11.291015625
0.935,5.7255859375,4.8046875,-10.9306640625
0.9355,8.16796875,2.40234375,-10.9306640625
0.936,10.25,0.0,-10.5703125
0.9365,10.5302734375,-1.8017578125,-9.12890625
0.937,11.4912109375,-2.8427734375,-9.048828125
0.9375,11.451171875,-5.2451171875,-6.56640625
0.938,11.05078125,-7.046875,-4.3642578125
0.9385,11.3310546875,-9.4892578125,-2.1220703125
0.939,10.1298828125,-10.41015625,0.0400390625
0.9395,9.1689453125,-10.5703125,1.0810546875
0.94,8.2880859375,-11.05078125,2.642578125
0.9405,5.4853515625,-10.5302734375,4.884765625
0.941,3.443359375,-10.2900390625,6.7265625
0.9415,1.1611328125,-10.330078125,9.0888671875
0.942,-0.9208984375,-8.80859375,9.44921875
0.9425,-1.841796875,-8.568359375,10.169921875
0.943,-4.0439453125,-6.6865234375,10.4501953125
0.9435,-6.0458984375,-4.404296875,10.08984375
0.944,-8.5283203125,-2.001953125,10.169921875
0.9445,-10.25,0.3603515625,9.5693359375
0.945,-10.3701171875,1.8017578125,8.248046875
0.9455,-11.1708984375,2.9228515625,7.8876953125
0.946,-11.05078125,5.4853515625,5.1650390625
0.9465,-10.7705078125,7.20703125,3.1630859375
0.947,-10.9306640625,9.609375,0.9208984375
0.9475,-9.6494140625,10.169921875,-1.1611328125
0.948,-8.8486328125,10.2099609375,-2.001953125
0.9485,-7.5673828125,10.650390625,-3.7236328125
0.949,-4.884765625,10.169921875,-5.92578125
0.9495,-2.802734375,10.08984375,-7.8876953125
0.95,-0.5205078125,9.8896484375,-9.9697265625
0.9505,1.28125,8.3681640625,-10.169921875
0.951,2.2021484375,8.087890625,-10.73046875
0.9515,4.724609375,5.8857421875,-11.05078125
0.952,6.646484375,3.68359375,-10.650390625
0.9525,9.12890625,1.201171875,-10.650390625
0.953,10.5703125,-1.0810546875,-9.9296875
0.9535,10.6904296875,-2.3623046875,-8.728515625
0.954,11.37109375,-3.8037109375,-7.9677734375
0.9545,11.291015625,-6.5263671875,-5.1650390625
0.955,10.890625,-8.0478515625,-3.283203125
0.9555,10.970703125,-10.2900390625,-1.041015625
0.956,9.529296875,-10.6103515625,0.9609375
0.9565,8.5283203125,-10.6103515625,1.921875
0.957,6.7666015625,-10.9306640625,4.0439453125
0.9575,4.1640625,-10.4501953125,6.166015625
0.958,2.0419921875,-10.25,8.0478515625
0.9585,-0.3203125,-9.849609375,9.9296875
0.959,-1.9619140625,-8.2880859375,9.9697265625
0.9595,-2.962890625,-7.6875,10.330078125
0.96,-5.845703125,-5.0849609375,10.6103515625
0.9605,-7.5673828125,-2.962890625,10.1298828125
0.961,-9.76953125,-0.640625,9.9697265625
0.9615,-11.0107421875,1.5615234375,9.0888671875
0.962,-10.970703125,3.04296875,7.5673828125
0.9625,-11.4111328125,4.724609375,6.3662109375
0.963,-11.37109375,7.3671875,3.5234375
0.9635,-10.73046875,8.6083984375,1.7216796875
0.964,-10.650390625,10.5703125,-0.400390625
0.9645,-9.048828125,10.810546875,-2.322265625
0.965,-7.8076171875,10.6103515625,-3.4033203125
0.9655,-5.765625,10.8505859375,-5.7255859375
0.966,-3.3232421875,10.330078125,-7.6875
0.9665,-1.3212890625,9.9296875,-9.2490234375
0.967,0.9609375,9.44921875,-10.890625
0.9675,2.6025390625,7.767578125,-10.8505859375
0.968,3.8837890625,6.7265625,-11.0908203125
0.9685,6.88671875,4.0439453125,-11.3310546875
0.969,8.408203125,1.841796875,-10.5703125
0.9695,10.25,-0.3203125,-10.3701171875
0.97,11.37109375,-2.322265625,-9.44921875
0.9705,11.2109375,-3.8837890625,-7.7275390625
0.971,11.4912109375,-5.765625,-6.1259765625
0.9715,11.4111328125,-8.2880859375,-3.5634765625
0.972,10.5703125,-9.1689453125,-1.76171875
0.9725,10.5302734375,-10.890625,0.16015625
0.973,8.6484375,-10.9306640625,2.162109375
0.9735,7.20703125,-10.6904296875,3.3232421875
0.974,5.0048828125,-10.890625,5.765625
0.9745,2.642578125,-10.330078125,7.5673828125
0.975,0.7607421875,-9.76953125,8.8486328125
0.9755,-1.3212890625,-9.2890625,10.3701171875
0.976,-3.123046875,-7.4072265625,10.2099609375
0.9765,-4.64453125,-6.0859375,10.3701171875
0.977,-7.5673828125,-3.443359375,10.6103515625
0.9775,-8.80859375,-1.28125,9.6494140625
0.978,-10.41015625,0.640625,9.44921875
0.9785,-11.291015625,2.6025390625,8.328125
0.979,-11.05078125,4.2041015625,6.40625
0.9795,-11.2509765625,6.24609375,4.6044921875
0.98,-11.2109375,8.568359375,2.2021484375
0.9805,-10.1298828125,9.2490234375,0.4404296875
0.981,-10.08984375,10.7705078125,-1.28125
0.9815,-8.0078125,10.73046875,-3.283203125
0.982,-6.4462890625,10.3701171875,-4.564453125
0.9825,-4.2041015625,10.6103515625,-7.0869140625
0.983,-1.9619140625,9.9697265625,-8.6884765625
0.9835,-0.2001953125,9.3291015625,-9.7294921875
0.984,1.8017578125,8.7685546875,-11.05078125
0.9845,3.68359375,6.7265625,-10.890625
0.985,5.4853515625,5.044921875,-10.9306640625
0.9855,8.2880859375,2.5224609375,-11.2509765625
0.986,9.4091796875,0.2802734375,-9.9697265625
0.9865,10.810546875,-1.3212890625,-9.8896484375
0.987,11.451171875,-3.3232421875,-8.568359375
0.9875,11.1708984375,-5.0849609375,-6.5263671875
0.988,11.3310546875,-7.2470703125,-4.5244140625
0.9885,11.2109375,-9.3291015625,-2.162109375
0.989,9.9296875,-9.76953125,-0.48046875
0.9895,9.849609375,-11.05078125,1.0009765625
0.99,7.52734375,-10.8505859375,3.1630859375
0.9905,5.685546875,-10.490234375,4.6845703125
0.991,3.443359375,-10.7705078125,7.1669921875
0.9915,1.12109375,-9.849609375,8.6484375
0.992,-0.5205078125,-9.208984375,9.4892578125
0.9925,-2.322265625,-8.48828125,10.5302734375
0.993,-4.3642578125,-6.2861328125,10.330078125
0.9935,-6.3662109375,-4.244140625,10.2900390625
0.994,-9.0087890625,-1.8017578125,10.490234375
0.9945,-9.76953125,0.48046875,8.96875
0.995,-10.970703125,1.6015625,8.96875
0.9955,-11.37109375,3.68359375,7.287109375
0.996,-10.970703125,5.525390625,4.96484375
0.9965,-11.1708984375,7.8076171875,3.04296875
0.997,-10.7705078125,9.6494140625,0.6806640625
0.9975,-9.44921875,9.849609375,-0.9609375
0.998,-9.2890625,10.890625,-2.2021484375
0.9985,-6.806640625,10.5302734375,-4.3642578125
0.999,-4.8046875,10.2099609375,-6.0458984375
0.9995,-2.642578125,10.490234375,-8.48828125
