wavelength,x,y,z
0.0,2.9228515625,-4.0439453125,0.560546875
0.0005,3.04296875,-3.4033203125,-0.3203125
0.001,3.443359375,-3.1630859375,-0.9208984375
0.0015,3.68359375,-2.5224609375,-1.76171875
0.002,3.6435546875,-2.08203125,-2.1220703125
0.0025,3.283203125,-1.1611328125,-2.72265625
0.003,3.123046875,-0.48046875,-3.1630859375
0.0035,2.482421875,0.48046875,-3.36328125
0.004,2.2021484375,1.201171875,-3.8037109375
0.0045,1.6416015625,2.001953125,-4.00390625
0.005,0.9609375,2.2822265625,-3.6435546875
0.0055,0.3203125,2.962890625,-3.6435546875
0.006,-0.640625,3.1630859375,-2.962890625
0.0065,-1.4013671875,3.603515625,-2.6025390625
0.007,-2.322265625,3.84375,-1.9619140625
0.0075,-2.9228515625,3.923828125,-1.44140625
0.008,-3.2431640625,3.4833984375,-0.640625
0.0085,-3.763671875,3.443359375,-0.2001953125
0.009,-3.923828125,2.642578125,0.7607421875
0.0095,-4.2041015625,2.3623046875,1.4013671875
0.01,-4.484375,1.6416015625,2.2822265625
0.0105,-4.1240234375,0.9609375,2.642578125
0.011,-3.84375,0.0400390625,3.2431640625
0.0115,-3.36328125,-0.80078125,3.5634765625
0.012,-2.72265625,-1.7216796875,3.84375
0.0125,-2.2822265625,-2.4423828125,4.083984375
0.013,-1.6015625,-3.203125,4.1240234375
0.0135,-0.720703125,-3.4833984375,3.5234375
0.014,-0.16015625,-4.0439453125,3.5634765625
0.0145,0.9609375,-4.2041015625,2.5625
0.015,1.7216796875,-4.5244140625,2.162109375
0.0155,2.6025390625,-4.64453125,1.4013671875
0.016,3.04296875,-4.4443359375,0.7607421875
0.0165,3.3232421875,-4.00390625,0.0400390625
0.017,3.68359375,-3.7236328125,-0.560546875
0.0175,3.8037109375,-2.8828125,-1.4814453125
0.018,3.9638671875,-2.482421875,-2.0419921875
0.0185,4.1240234375,-1.76171875,-2.9228515625
0.019,3.5234375,-0.8408203125,-3.203125
0.0195,3.3232421875,-0.080078125,-3.7236328125
0.02,2.5224609375,0.9208984375,-3.84375
0.0205,2.001953125,1.7216796875,-4.1640625
0.021,1.44140625,2.40234375,-4.244140625
0.0215,0.720703125,3.0830078125,-4.1640625
0.022,-0.16015625,3.3232421875,-3.5234375
0.0225,-0.80078125,3.84375,-3.443359375
0.023,-2.0419921875,3.9638671875,-2.322265625
0.0235,-2.642578125,4.2041015625,-1.9619140625
0.024,-3.5634765625,4.2841796875,-1.1611328125
0.0245,-3.84375,3.84375,-0.4404296875
0.025,-4.2041015625,3.5234375,0.240234375
0.0255,-4.484375,3.04296875,1.0009765625
0.026,-4.6845703125,2.2021484375,2.001953125
0.0265,-4.6845703125,1.6416015625,2.5625
0.027,-4.8046875,0.9208984375,3.36328125
0.0275,-3.9638671875,-0.240234375,3.6435546875
0.028,-3.84375,-1.0009765625,4.2041015625
0.0285,-2.72265625,-2.2421875,4.32421875
0.029,-2.2822265625,-2.9228515625,4.5244140625
0.0295,-1.44140625,-3.6435546875,4.404296875
0.03,-0.6005859375,-4.244140625,4.1640625
0.0305,0.2802734375,-4.4443359375,3.4833984375
0.031,1.12109375,-4.9248046875,3.1630859375
0.0315,2.482421875,-5.0048828125,1.921875
0.032,2.962890625,-5.044921875,1.44140625
0.0325,3.763671875,-5.0048828125,0.6005859375
0.033,3.9638671875,-4.3642578125,-0.2802734375
0.0335,4.2041015625,-3.923828125,-0.9208984375
0.034,4.404296875,-3.0830078125,-1.8818359375
0.0345,4.5244140625,-2.2822265625,-2.7626953125
0.035,4.32421875,-1.6416015625,-3.203125
0.0355,4.32421875,-0.80078125,-3.9638671875
0.036,3.3232421875,0.3203125,-4.083984375
0.0365,3.04296875,1.0009765625,-4.5244140625
0.037,1.841796875,2.3623046875,-4.564453125
0.0375,1.44140625,2.9228515625,-4.724609375
0.038,0.5205078125,3.5634765625,-4.4443359375
0.0385,-0.3603515625,4.083984375,-4.083984375
0.039,-1.2412109375,4.2041015625,-3.36328125
0.0395,-2.2021484375,4.6044921875,-2.8427734375
0.04,-3.4833984375,4.7646484375,-1.6416015625
0.0405,-3.84375,4.5244140625,-1.1611328125
0.041,-4.564453125,4.404296875,-0.3203125
0.0415,-4.7646484375,3.7236328125,0.6005859375
0.042,-5.0048828125,3.283203125,1.28125
0.0425,-5.125,2.2822265625,2.40234375
0.043,-5.28515625,1.6015625,3.1630859375
0.0435,-4.8447265625,0.7607421875,3.603515625
0.044,-4.7646484375,-0.16015625,4.32421875
0.0445,-3.7236328125,-1.361328125,4.4443359375
0.045,-3.36328125,-2.08203125,4.8046875
0.0455,-2.08203125,-3.5234375,4.884765625
0.046,-1.6015625,-3.9638671875,4.8447265625
0.0465,-0.5205078125,-4.564453125,4.404296875
0.047,0.3603515625,-5.044921875,4.00390625
0.0475,1.28125,-5.125,3.203125
0.048,2.2822265625,-5.4453125,2.482421875
0.0485,3.6435546875,-5.6455078125,1.361328125
0.049,3.8837890625,-5.205078125,0.640625
0.0495,4.6044921875,-4.96484375,-0.2001953125
0.05,4.6044921875,-4.1240234375,-1.12109375
0.0505,4.8046875,-3.603515625,-1.8017578125
0.051,4.884765625,-2.482421875,-2.962890625
0.0515,4.96484375,-1.8017578125,-3.7236328125
0.052,4.32421875,-0.80078125,-4.0439453125
0.0525,4.1240234375,0.1201171875,-4.6845703125
0.053,3.0029296875,1.28125,-4.64453125
0.0535,2.6025390625,2.001953125,-4.96484375
0.054,1.3212890625,3.4033203125,-5.0849609375
0.0545,0.7607421875,3.8037109375,-4.8447265625
0.055,-0.3203125,4.32421875,-4.3642578125
0.0555,-1.201171875,4.724609375,-3.84375
0.056,-2.1220703125,4.8046875,-3.04296875
0.0565,-3.203125,4.96484375,-2.2421875
0.057,-4.3642578125,5.125,-1.201171875
0.0575,-4.564453125,4.484375,-0.3203125
0.058,-5.2451171875,4.3642578125,0.48046875
0.0585,-5.2451171875,3.4033203125,1.361328125
0.059,-5.4052734375,2.8427734375,2.0419921875
0.0595,-5.4853515625,1.7216796875,3.2431640625
0.06,-5.4453125,1.0009765625,3.8837890625
0.0605,-4.6845703125,-0.1201171875,4.2041015625
0.061,-4.4443359375,-1.0009765625,4.8046875
0.0615,-3.2431640625,-2.1220703125,4.8046875
0.062,-2.7626953125,-2.9228515625,5.0048828125
0.0625,-1.6015625,-4.2041015625,5.125
0.063,-0.80078125,-4.484375,4.6044921875
0.0635,0.1201171875,-5.044921875,4.2041015625
0.064,1.0009765625,-5.28515625,3.5634765625
0.0645,1.921875,-5.4453125,2.7626953125
0.065,3.04296875,-5.60546875,1.841796875
0.0655,4.083984375,-5.6455078125,0.9609375
0.066,4.1640625,-4.8447265625,0.0400390625
0.0665,4.8046875,-4.7646484375,-0.640625
0.067,4.724609375,-3.7236328125,-1.6015625
0.0675,4.8447265625,-3.203125,-2.2421875
0.068,4.96484375,-2.1220703125,-3.4033203125
0.0685,4.7646484375,-1.361328125,-3.8837890625
0.069,4.083984375,-0.240234375,-4.3642578125
0.0695,3.7236328125,0.640625,-4.7646484375
0.07,2.6826171875,1.7216796875,-4.7646484375
0.0705,2.08203125,2.482421875,-4.96484375
0.071,1.1611328125,3.68359375,-5.125
0.0715,0.240234375,3.84375,-4.4443359375
0.072,-0.640625,4.484375,-4.244140625
0.0725,-1.6015625,4.564453125,-3.36328125
0.073,-2.5224609375,4.7646484375,-2.6826171875
0.0735,-3.5634765625,4.9248046875,-1.7216796875
0.074,-4.4443359375,4.9248046875,-0.9208984375
0.0745,-4.564453125,4.1240234375,0.080078125
0.075,-5.1650390625,4.00390625,0.6806640625
0.0755,-5.0849609375,2.9228515625,1.6416015625
0.076,-5.1650390625,2.40234375,2.2822265625
0.0765,-5.365234375,1.44140625,3.443359375
0.077,-4.9248046875,0.6005859375,3.8037109375
0.0775,-4.3642578125,-0.5205078125,4.244140625
0.078,-3.84375,-1.361328125,4.6044921875
0.0785,-2.8828125,-2.40234375,4.6044921875
0.079,-2.2822265625,-3.1630859375,4.7646484375
0.0795,-1.4013671875,-4.1240234375,4.8046875
0.08,-0.400390625,-4.3642578125,3.8837890625
0.0805,0.240234375,-4.884765625,3.923828125
0.081,1.28125,-4.96484375,2.9228515625
0.0815,2.08203125,-5.125,2.40234375
0.082,3.123046875,-5.205078125,1.521484375
0.0825,3.68359375,-5.0849609375,0.80078125
0.083,3.923828125,-4.404296875,-0.16015625
0.0835,4.32421875,-4.2041015625,-0.640625
0.084,4.32421875,-3.2431640625,-1.6015625
0.0845,4.484375,-2.802734375,-2.2421875
0.085,4.64453125,-1.9619140625,-3.2431640625
0.0855,4.083984375,-1.1611328125,-3.4833984375
0.086,3.8037109375,-0.16015625,-4.1240234375
0.0865,3.04296875,0.7607421875,-4.244140625
0.087,2.4423828125,1.6015625,-4.484375
0.0875,1.841796875,2.482421875,-4.64453125
0.088,0.9208984375,3.123046875,-4.64453125
0.0885,0.080078125,3.443359375,-3.923828125
0.089,-0.6005859375,4.083984375,-3.923828125
0.0895,-1.7216796875,4.1240234375,-2.802734375
0.09,-2.4423828125,4.484375,-2.4423828125
0.0905,-3.4833984375,4.5244140625,-1.4814453125
0.091,-3.84375,4.2041015625,-0.80078125
0.0915,-4.244140625,3.8037109375,0.0400390625
0.092,-4.5244140625,3.443359375,0.640625
0.0925,-4.6044921875,2.5224609375,1.5615234375
0.093,-4.724609375,2.0419921875,2.2021484375
0.0935,-4.9248046875,1.3212890625,3.0830078125
0.094,-4.1640625,0.3603515625,3.283203125
0.0945,-4.083984375,-0.4404296875,3.9638671875
0.095,-3.1630859375,-1.44140625,3.9638671875
0.0955,-2.72265625,-2.2021484375,4.2841796875
0.096,-2.0419921875,-3.0029296875,4.404296875
0.0965,-1.3212890625,-3.603515625,4.1240234375
0.097,-0.4404296875,-3.84375,3.603515625
0.0975,0.16015625,-4.2841796875,3.443359375
0.098,1.28125,-4.3642578125,2.4423828125
0.0985,1.8818359375,-4.64453125,2.162109375
0.099,2.72265625,-4.724609375,1.3212890625
0.0995,2.9228515625,-4.244140625,0.6806640625
0.1,3.443359375,-4.1240234375,0.080078125
0.1005,3.5234375,-3.5234375,-0.640625
0.101,3.8037109375,-3.04296875,-1.3212890625
0.1015,3.8837890625,-2.482421875,-1.9619140625
0.102,4.0439453125,-1.9619140625,-2.6025390625
0.1025,3.36328125,-1.0009765625,-2.8828125
0.103,3.4033203125,-0.3603515625,-3.5234375
0.1035,2.5224609375,0.6806640625,-3.603515625
0.104,2.40234375,1.28125,-4.0439453125
0.1045,1.6416015625,2.0419921875,-4.1640625
0.105,1.201171875,2.5224609375,-3.923828125
0.1055,0.240234375,3.0029296875,-3.603515625
0.106,-0.5205078125,3.4033203125,-3.283203125
0.1065,-1.44140625,3.68359375,-2.6025390625
0.107,-2.1220703125,3.9638671875,-2.2421875
0.1075,-2.9228515625,4.083984375,-1.6015625
0.108,-3.1630859375,3.603515625,-0.880859375
0.1085,-3.763671875,3.6435546875,-0.3203125
0.109,-3.8837890625,2.8427734375,0.560546875
0.1095,-4.244140625,2.6025390625,1.2412109375
0.11,-4.32421875,1.921875,1.9619140625
0.1105,-4.32421875,1.3212890625,2.482421875
0.111,-3.763671875,0.2802734375,2.9228515625
0.1115,-3.6435546875,-0.3603515625,3.443359375
0.112,-2.72265625,-1.44140625,3.5234375
0.1125,-2.642578125,-2.001953125,3.9638671875
0.113,-1.841796875,-2.8828125,3.84375
0.1135,-1.201171875,-3.0830078125,3.5634765625
0.114,-0.560546875,-3.603515625,3.4833984375
0.1145,0.400390625,-3.8837890625,2.8427734375
0.115,1.2412109375,-4.2041015625,2.3623046875
0.1155,1.8818359375,-4.32421875,1.841796875
0.116,2.40234375,-4.3642578125,1.28125
0.1165,2.6826171875,-3.84375,0.6005859375
0.117,3.123046875,-3.84375,0.1201171875
0.1175,3.203125,-3.04296875,-0.80078125
0.118,3.5634765625,-2.8828125,-1.28125
0.1185,3.68359375,-2.2021484375,-2.0419921875
0.119,3.443359375,-1.6416015625,-2.3623046875
0.1195,3.1630859375,-0.720703125,-2.9228515625
0.12,2.802734375,-0.16015625,-3.2431640625
0.1205,2.2822265625,0.7607421875,-3.5634765625
0.121,1.9619140625,1.28125,-3.84375
0.1215,1.44140625,2.0419921875,-3.84375
0.122,0.720703125,2.3623046875,-3.4833984375
0.1225,0.1201171875,3.0029296875,-3.4833984375
0.123,-0.9208984375,3.1630859375,-2.642578125
0.1235,-1.6015625,3.68359375,-2.5224609375
0.124,-2.322265625,3.68359375,-1.8017578125
0.1245,-2.72265625,3.68359375,-1.4013671875
0.125,-3.203125,3.36328125,-0.640625
0.1255,-3.5634765625,3.203125,-0.1201171875
0.126,-3.84375,2.5224609375,0.80078125
0.1265,-4.1240234375,2.2822265625,1.3212890625
0.127,-4.244140625,1.6416015625,2.1220703125
0.1275,-3.84375,0.880859375,2.482421875
0.128,-3.7236328125,0.0,3.123046875
0.1285,-3.0830078125,-0.9208984375,3.3232421875
0.129,-2.72265625,-1.6416015625,3.763671875
0.1295,-2.2021484375,-2.2421875,3.84375
0.13,-1.6416015625,-2.8427734375,3.763671875
0.1305,-0.80078125,-3.1630859375,3.3232421875
0.131,-0.2001953125,-3.7236328125,3.203125
0.1315,0.9208984375,-3.8837890625,2.322265625
0.132,1.44140625,-4.244140625,2.162109375
0.1325,2.162109375,-4.244140625,1.44140625
0.133,2.482421875,-4.00390625,0.9208984375
0.1335,2.8828125,-3.7236328125,0.2802734375
0.134,3.123046875,-3.283203125,-0.400390625
0.1345,3.4833984375,-2.8427734375,-1.201171875
0.135,3.5234375,-2.4423828125,-1.681640625
0.1355,3.6435546875,-1.841796875,-2.3623046875
0.136,3.04296875,-1.0009765625,-2.642578125
0.1365,3.04296875,-0.3203125,-3.203125
0.137,2.2421875,0.640625,-3.4033203125
0.1375,2.162109375,1.28125,-3.84375
0.138,1.44140625,1.921875,-3.763671875
0.1385,0.880859375,2.40234375,-3.68359375
0.139,0.1201171875,2.802734375,-3.283203125
0.1395,-0.6806640625,3.2431640625,-3.0029296875
0.14,-1.681640625,3.5234375,-2.2421875
0.1405,-2.2021484375,3.7236328125,-1.9619140625
0.141,-2.8828125,3.7236328125,-1.28125
0.1415,-3.1630859375,3.4033203125,-0.640625
0.142,-3.6435546875,3.2431640625,0.0
0.1425,-3.84375,2.5224609375,0.8408203125
0.143,-4.2041015625,2.2421875,1.521484375
0.1435,-4.1640625,1.5615234375,2.08203125
0.144,-4.1640625,0.9208984375,2.6826171875
0.1445,-3.5234375,-0.16015625,3.04296875
0.145,-3.36328125,-0.8408203125,3.5634765625
0.1455,-2.482421875,-1.921875,3.763671875
0.146,-2.2822265625,-2.40234375,4.0439453125
0.1465,-1.4814453125,-3.0830078125,3.84375
0.147,-0.720703125,-3.5234375,3.5634765625
0.1475,0.0,-3.84375,3.1630859375
0.148,1.0009765625,-4.2041015625,2.5625
0.1485,1.9619140625,-4.5244140625,1.921875
0.149,2.4423828125,-4.4443359375,1.3212890625
0.1495,3.04296875,-4.3642578125,0.720703125
0.15,3.203125,-3.8037109375,0.0
0.1505,3.5634765625,-3.5634765625,-0.6005859375
0.151,3.763671875,-2.642578125,-1.6416015625
0.1515,3.9638671875,-2.322265625,-2.2021484375
0.152,3.7236328125,-1.5615234375,-2.72265625
0.1525,3.5234375,-0.80078125,-3.283203125
0.153,2.802734375,0.16015625,-3.5234375
0.1535,2.5224609375,0.9208984375,-3.8837890625
0.154,1.6416015625,2.001953125,-4.083984375
0.1545,1.28125,2.40234375,-4.0439453125
0.155,0.48046875,3.0029296875,-3.8837890625
0.1555,-0.3203125,3.3232421875,-3.4033203125
0.156,-1.0009765625,3.68359375,-3.0830078125
0.1565,-2.1220703125,3.9638671875,-2.2021484375
0.157,-2.962890625,4.1640625,-1.6015625
0.1575,-3.36328125,3.84375,-0.9609375
0.158,-3.8837890625,3.84375,-0.3603515625
0.1585,-4.00390625,3.123046875,0.48046875
0.159,-4.3642578125,2.8427734375,1.041015625
0.1595,-4.564453125,1.921875,2.162109375
0.16,-4.564453125,1.44140625,2.6025390625
0.1605,-4.244140625,0.48046875,3.1630859375
0.161,-3.923828125,-0.3603515625,3.6435546875
0.1615,-3.2431640625,-1.28125,3.8837890625
0.162,-2.72265625,-2.1220703125,4.2041015625
0.1625,-1.9619140625,-3.1630859375,4.484375
0.163,-1.28125,-3.4833984375,4.083984375
0.1635,-0.5205078125,-4.1640625,3.9638671875
0.164,0.3603515625,-4.3642578125,3.283203125
0.1645,1.201171875,-4.6845703125,2.8427734375
0.165,2.40234375,-4.9248046875,1.8818359375
0.1655,3.1630859375,-5.044921875,1.2412109375
0.166,3.5234375,-4.5244140625,0.400390625
0.1665,4.0439453125,-4.3642578125,-0.240234375
0.167,4.0439453125,-3.5634765625,-1.12109375
0.1675,4.2841796875,-3.04296875,-1.8017578125
0.168,4.484375,-2.162109375,-2.9228515625
0.1685,4.2041015625,-1.521484375,-3.283203125
0.169,3.84375,-0.560546875,-3.8837890625
0.1695,3.3232421875,0.4404296875,-4.1640625
0.17,2.5625,1.28125,-4.2841796875
0.1705,1.8818359375,2.2421875,-4.5244140625
0.171,1.1611328125,3.2431640625,-4.7646484375
0.1715,0.240234375,3.4833984375,-4.0439453125
0.172,-0.48046875,4.1240234375,-4.00390625
0.1725,-1.4814453125,4.1640625,-3.0830078125
0.173,-2.2822265625,4.484375,-2.5625
0.1735,-3.5234375,4.64453125,-1.5615234375
0.174,-4.1240234375,4.5244140625,-0.80078125
0.1745,-4.4443359375,3.9638671875,0.0400390625
0.175,-4.884765625,3.8037109375,0.6806640625
0.1755,-4.8447265625,2.8427734375,1.5615234375
0.176,-5.0048828125,2.2021484375,2.2822265625
0.1765,-5.28515625,1.28125,3.4033203125
0.177,-4.6845703125,0.3603515625,3.68359375
0.1775,-4.3642578125,-0.5205078125,4.32421875
0.178,-3.603515625,-1.5615234375,4.484375
0.1785,-2.8427734375,-2.4423828125,4.64453125
0.179,-2.0419921875,-3.4033203125,4.7646484375
0.1795,-1.201171875,-4.3642578125,4.8046875
0.18,-0.2001953125,-4.5244140625,4.00390625
0.1805,0.4404296875,-5.125,3.9638671875
0.181,1.6416015625,-5.125,2.802734375
0.1815,2.4423828125,-5.3251953125,2.2421875
0.182,3.6435546875,-5.4853515625,1.201171875
0.1825,4.1240234375,-5.125,0.400390625
0.183,4.404296875,-4.5244140625,-0.5205078125
0.1835,4.724609375,-4.1640625,-1.1611328125
0.184,4.724609375,-3.1630859375,-2.2021484375
0.1845,4.8046875,-2.5625,-2.8828125
0.185,4.96484375,-1.6015625,-3.9638671875
0.1855,4.1240234375,-0.5205078125,-4.1640625
0.186,3.84375,0.400390625,-4.6845703125
0.1865,2.8828125,1.44140625,-4.7646484375
0.187,2.162109375,2.40234375,-4.884765625
0.1875,1.3212890625,3.3232421875,-5.0048828125
0.188,0.4404296875,4.1240234375,-4.884765625
0.1885,-0.640625,4.244140625,-4.00390625
0.189,-1.28125,4.8046875,-3.8837890625
0.1895,-2.6826171875,4.8447265625,-2.5625
0.19,-3.3232421875,4.96484375,-2.001953125
0.1905,-4.4443359375,5.044921875,-1.0009765625
0.191,-4.8447265625,4.484375,-0.16015625
0.1915,-5.0849609375,3.9638671875,0.6806640625
0.192,-5.4052734375,3.36328125,1.44140625
0.1925,-5.4052734375,2.2421875,2.5625
0.193,-5.365234375,1.6015625,3.1630859375
0.1935,-5.4853515625,0.7607421875,4.2041015625
0.194,-4.5244140625,-0.4404296875,4.32421875
0.1945,-4.244140625,-1.28125,4.9248046875
0.195,-3.0830078125,-2.5625,4.96484375
0.1955,-2.322265625,-3.4033203125,5.0849609375
0.196,-1.44140625,-4.244140625,4.96484375
0.1965,-0.5205078125,-4.96484375,4.724609375
0.197,0.560546875,-5.044921875,3.84375
0.1975,1.28125,-5.525390625,3.5634765625
0.198,2.7626953125,-5.525390625,2.1220703125
0.1985,3.2431640625,-5.525390625,1.6416015625
0.199,4.244140625,-5.4853515625,0.6005859375
0.1995,4.484375,-4.8447265625,-0.2802734375
0.2,4.724609375,-4.3642578125,-1.041015625
0.2005,4.8447265625,-3.5634765625,-1.921875
0.201,4.884765625,-2.6025390625,-2.9228515625
0.2015,4.7646484375,-1.921875,-3.36328125
0.202,4.7646484375,-1.0009765625,-4.244140625
0.2025,3.763671875,0.16015625,-4.3642578125
0.203,3.5234375,0.9208984375,-4.8447265625
0.2035,2.2421875,2.2421875,-4.8447265625
0.204,1.76171875,2.8427734375,-5.0048828125
0.2045,0.880859375,3.68359375,-4.8447265625
0.205,-0.1201171875,4.2041015625,-4.5244140625
0.2055,-1.041015625,4.4443359375,-3.7236328125
0.206,-1.8818359375,4.8447265625,-3.36328125
0.2065,-3.2431640625,4.9248046875,-2.0419921875
0.207,-3.68359375,4.884765625,-1.6015625
0.2075,-4.6044921875,4.8046875,-0.640625
0.208,-4.8046875,4.00390625,0.240234375
0.2085,-5.1650390625,3.68359375,0.9609375
0.209,-5.28515625,2.6826171875,1.9619140625
0.2095,-5.4052734375,1.9619140625,2.8828125
0.21,-5.1650390625,1.2412109375,3.443359375
0.2105,-5.0849609375,0.3603515625,4.2041015625
0.211,-4.00390625,-0.9208984375,4.32421875
0.2115,-3.84375,-1.6416015625,4.8046875
0.212,-2.4423828125,-3.0830078125,4.8447265625
0.2125,-2.08203125,-3.5634765625,4.9248046875
0.213,-1.0009765625,-4.32421875,4.6044921875
0.2135,-0.1201171875,-4.7646484375,4.1640625
0.214,0.7607421875,-4.96484375,3.5234375
0.2145,1.76171875,-5.28515625,2.8427734375
0.215,2.962890625,-5.365234375,1.76171875
0.2155,3.3232421875,-5.1650390625,1.2412109375
0.216,4.083984375,-5.0849609375,0.3603515625
0.2165,4.1240234375,-4.2841796875,-0.5205078125
0.217,4.484375,-4.00390625,-1.1611328125
0.2175,4.484375,-2.8427734375,-2.2421875
0.218,4.6044921875,-2.3623046875,-2.802734375
0.2185,4.32421875,-1.4814453125,-3.36328125
0.219,4.1240234375,-0.720703125,-3.8837890625
0.2195,3.203125,0.400390625,-4.083984375
0.22,3.0029296875,1.0810546875,-4.484375
0.2205,1.841796875,2.322265625,-4.5244140625
0.221,1.6015625,2.6826171875,-4.64453125
0.2215,0.6005859375,3.443359375,-4.404296875
0.222,-0.2802734375,3.8037109375,-3.8837890625
0.2225,-1.041015625,4.1240234375,-3.4833984375
0.223,-2.1220703125,4.404296875,-2.642578125
0.2235,-3.0830078125,4.6044921875,-1.9619140625
0.224,-3.4833984375,4.3642578125,-1.361328125
0.2245,-4.1640625,4.32421875,-0.640625
0.225,-4.3642578125,3.5234375,0.2802734375
0.2255,-4.7646484375,3.4033203125,0.9208984375
0.226,-4.8447265625,2.2421875,2.08203125
0.2265,-5.0048828125,1.921875,2.5625
0.227,-4.724609375,0.9609375,3.2431640625
0.2275,-4.404296875,0.1201171875,3.763671875
0.228,-3.6435546875,-1.0009765625,4.0439453125
0.2285,-3.203125,-1.8017578125,4.3642578125
0.229,-2.2822265625,-2.9228515625,4.484375
0.2295,-1.8017578125,-3.2431640625,4.404296875
0.23,-0.9208984375,-3.9638671875,4.2041015625
0.2305,0.0,-4.244140625,3.5234375
0.231,0.720703125,-4.64453125,3.203125
0.2315,1.921875,-4.7646484375,2.2021484375
0.232,2.6025390625,-5.0048828125,1.7216796875
0.2325,3.04296875,-4.64453125,0.9609375
0.233,3.5234375,-4.5244140625,0.3203125
0.2335,3.603515625,-3.7236328125,-0.5205078125
0.234,3.8837890625,-3.4833984375,-1.041015625
0.2345,4.0439453125,-2.5224609375,-2.08203125
0.235,4.00390625,-2.2021484375,-2.3623046875
0.2355,3.84375,-1.3212890625,-3.04296875
0.236,3.36328125,-0.560546875,-3.283203125
0.2365,2.9228515625,0.3203125,-3.68359375
0.237,2.2822265625,1.12109375,-3.84375
0.2375,1.921875,1.921875,-4.2041015625
0.238,1.3212890625,2.2421875,-3.9638671875
0.2385,0.640625,2.8828125,-3.8837890625
0.239,-0.240234375,3.1630859375,-3.283203125
0.2395,-0.9208984375,3.68359375,-3.1630859375
0.24,-2.001953125,3.763671875,-2.2421875
0.2405,-2.4423828125,4.00390625,-2.0419921875
0.241,-3.0029296875,3.763671875,-1.28125
0.2415,-3.4033203125,3.68359375,-0.7607421875
0.242,-3.8037109375,3.2431640625,0.080078125
0.2425,-4.0439453125,2.8427734375,0.720703125
0.243,-4.404296875,2.2822265625,1.6015625
0.2435,-4.32421875,1.841796875,2.001953125
0.244,-4.3642578125,1.041015625,2.802734375
0.2445,-3.7236328125,0.1201171875,3.123046875
0.245,-3.5634765625,-0.720703125,3.68359375
0.2455,-2.7626953125,-1.7216796875,3.84375
0.246,-2.482421875,-2.322265625,4.1640625
0.2465,-1.7216796875,-2.802734375,3.84375
0.247,-1.0810546875,-3.4033203125,3.84375
0.2475,-0.16015625,-3.7236328125,3.1630859375
0.248,0.6005859375,-4.2041015625,2.8828125
0.2485,1.681640625,-4.4443359375,2.0419921875
0.249,2.08203125,-4.5244140625,1.7216796875
0.2495,2.6826171875,-4.244140625,1.0009765625
0.25,2.9228515625,-3.923828125,0.400390625
0.2505,3.283203125,-3.5634765625,-0.3203125
0.251,3.443359375,-2.962890625,-1.041015625
0.2515,3.8037109375,-2.6025390625,-1.76171875
0.252,3.5234375,-1.9619140625,-2.1220703125
0.2525,3.5634765625,-1.3212890625,-2.7626953125
0.253,2.8427734375,-0.3203125,-2.962890625
0.2535,2.72265625,0.2802734375,-3.4833984375
0.254,1.9619140625,1.28125,-3.68359375
0.2545,1.8818359375,1.6416015625,-3.8837890625
0.255,1.041015625,2.2021484375,-3.5634765625
0.2555,0.48046875,2.6025390625,-3.4833984375
0.256,-0.3603515625,2.962890625,-3.04296875
0.2565,-1.1611328125,3.3232421875,-2.6025390625
0.257,-1.9619140625,3.6435546875,-2.1220703125
0.2575,-2.2822265625,3.5634765625,-1.681640625
0.258,-2.9228515625,3.603515625,-1.12109375
0.2585,-3.1630859375,3.1630859375,-0.48046875
0.259,-3.6435546875,3.0029296875,0.16015625
0.2595,-3.84375,2.3623046875,1.0009765625
0.26,-4.2041015625,2.2021484375,1.521484375
0.2605,-3.923828125,1.361328125,2.0419921875
0.261,-3.923828125,0.7607421875,2.642578125
0.2615,-3.283203125,-0.3203125,3.04296875
0.262,-3.1630859375,-1.0009765625,3.5234375
0.2625,-2.5625,-1.921875,3.84375
0.263,-2.2421875,-2.2421875,3.84375
0.2635,-1.44140625,-2.9228515625,3.7236328125
0.264,-0.6806640625,-3.36328125,3.36328125
0.2645,0.1201171875,-3.84375,3.0029296875
0.265,1.041015625,-4.1640625,2.3623046875
0.2655,1.76171875,-4.404296875,1.9619140625
0.266,2.1220703125,-4.1240234375,1.3212890625
0.2665,2.6826171875,-4.1640625,0.880859375
0.267,2.8828125,-3.5634765625,0.0400390625
0.2675,3.283203125,-3.3232421875,-0.560546875
0.268,3.5234375,-2.642578125,-1.4013671875
0.2685,3.603515625,-2.3623046875,-1.8017578125
0.269,3.3232421875,-1.4814453125,-2.40234375
0.2695,3.1630859375,-0.8408203125,-2.802734375
0.27,2.6025390625,0.0400390625,-3.1630859375
0.2705,2.2822265625,0.7607421875,-3.4833984375
0.271,1.8818359375,1.5615234375,-3.84375
0.2715,1.3212890625,1.8818359375,-3.5634765625
0.272,0.720703125,2.482421875,-3.603515625
0.2725,-0.080078125,2.7626953125,-3.0830078125
0.273,-0.80078125,3.203125,-2.8828125
0.2735,-1.8017578125,3.5234375,-2.1220703125
0.274,-2.322265625,3.7236328125,-1.8017578125
0.2745,-2.72265625,3.443359375,-1.12109375
0.275,-3.203125,3.443359375,-0.6806640625
0.2755,-3.4833984375,2.8427734375,0.1201171875
0.276,-3.84375,2.5224609375,0.7607421875
0.2765,-4.1640625,2.0419921875,1.6416015625
0.277,-4.00390625,1.521484375,1.9619140625
0.2775,-3.923828125,0.720703125,2.6826171875
0.278,-3.443359375,-0.16015625,3.04296875
0.2785,-3.0830078125,-1.0009765625,3.4833984375
0.279,-2.5625,-1.8017578125,3.7236328125
0.2795,-2.1220703125,-2.5224609375,3.9638671875
0.28,-1.361328125,-2.8828125,3.5634765625
0.2805,-0.80078125,-3.5634765625,3.6435546875
0.281,0.1201171875,-3.8037109375,2.8828125
0.2815,0.9208984375,-4.1640625,2.6025390625
0.282,1.9619140625,-4.484375,1.841796875
0.2825,2.40234375,-4.3642578125,1.3212890625
0.283,2.8828125,-4.083984375,0.6005859375
0.2835,3.2431640625,-3.84375,0.0400390625
0.284,3.443359375,-3.2431640625,-0.7607421875
0.2845,3.68359375,-2.7626953125,-1.44140625
0.285,3.9638671875,-2.2421875,-2.2822265625
0.2855,3.5234375,-1.44140625,-2.6025390625
0.286,3.4833984375,-0.720703125,-3.2431640625
0.2865,2.6826171875,0.2802734375,-3.4033203125
0.287,2.40234375,0.9609375,-3.8037109375
0.2875,1.76171875,1.921875,-4.0439453125
0.288,1.201171875,2.482421875,-4.083984375
0.2885,0.3603515625,2.802734375,-3.5634765625
0.289,-0.2802734375,3.3232421875,-3.5634765625
0.2895,-1.28125,3.5234375,-2.642578125
0.29,-2.001953125,3.84375,-2.2822265625
0.2905,-3.04296875,4.1240234375,-1.4814453125
0.291,-3.3232421875,3.7236328125,-0.8408203125
0.2915,-3.8037109375,3.5634765625,-0.2001953125
0.292,-4.00390625,3.04296875,0.48046875
0.2925,-4.2041015625,2.5224609375,1.2412109375
0.293,-4.404296875,1.921875,2.001953125
0.2935,-4.6044921875,1.3212890625,2.72265625
0.294,-3.8837890625,0.3203125,3.04296875
0.2945,-3.8837890625,-0.3603515625,3.68359375
0.295,-2.962890625,-1.44140625,3.763671875
0.2955,-2.6025390625,-2.1220703125,4.1240234375
0.296,-1.8818359375,-3.1630859375,4.2841796875
0.2965,-1.12109375,-3.603515625,3.9638671875
0.297,-0.3603515625,-4.00390625,3.5634765625
0.2975,0.400390625,-4.3642578125,3.283203125
0.298,1.521484375,-4.5244140625,2.3623046875
0.2985,2.2421875,-4.7646484375,1.921875
0.299,3.1630859375,-4.884765625,1.12109375
0.2995,3.36328125,-4.2841796875,0.3203125
0.3,3.84375,-4.2041015625,-0.2802734375
0.3005,3.9638671875,-3.36328125,-1.1611328125
0.301,4.1240234375,-2.8427734375,-1.8818359375
0.3015,4.244140625,-2.08203125,-2.72265625
0.302,4.244140625,-1.4013671875,-3.36328125
0.3025,3.4833984375,-0.3603515625,-3.603515625
0.303,3.3232421875,0.3603515625,-4.1640625
0.3035,2.2021484375,1.5615234375,-4.1640625
0.304,1.8818359375,2.1220703125,-4.484375
0.3045,1.041015625,3.04296875,-4.5244140625
0.305,0.16015625,3.443359375,-4.0439453125
0.3055,-0.6005859375,3.8837890625,-3.6435546875
0.306,-1.6015625,4.2041015625,-3.04296875
0.3065,-2.642578125,4.32421875,-2.08203125
0.307,-3.283203125,4.4443359375,-1.5615234375
0.3075,-4.1240234375,4.484375,-0.7607421875
0.308,-4.244140625,3.68359375,0.1201171875
0.3085,-4.6845703125,3.5634765625,0.640625
0.309,-4.8046875,2.482421875,1.841796875
0.3095,-4.9248046875,1.9619140625,2.482421875
0.31,-4.884765625,1.12109375,3.203125
0.3105,-4.6845703125,0.3603515625,3.8037109375
0.311,-3.84375,-0.80078125,4.00390625
0.3115,-3.5634765625,-1.5615234375,4.484375
0.312,-2.322265625,-2.9228515625,4.5244140625
0.3125,-1.9619140625,-3.36328125,4.6044921875
0.313,-1.0009765625,-4.2841796875,4.5244140625
0.3135,0.0,-4.5244140625,3.84375
0.314,0.6806640625,-4.884765625,3.5234375
0.3145,1.921875,-5.1650390625,2.6025390625
0.315,2.8828125,-5.2451171875,1.7216796875
0.3155,3.443359375,-5.125,1.041015625
0.316,4.1240234375,-5.0048828125,0.2802734375
0.3165,4.2041015625,-4.1640625,-0.640625
0.317,4.5244140625,-3.8837890625,-1.2412109375
0.3175,4.6044921875,-2.642578125,-2.5224609375
0.318,4.64453125,-2.2421875,-3.0029296875
0.3185,4.484375,-1.28125,-3.7236328125
0.319,4.1240234375,-0.3603515625,-4.2041015625
0.3195,3.2431640625,0.6806640625,-4.404296875
0.32,2.7626953125,1.521484375,-4.7646484375
0.3205,1.5615234375,2.8427734375,-4.8447265625
0.321,1.2412109375,3.1630859375,-4.8046875
0.3215,0.2001953125,4.0439453125,-4.564453125
0.322,-0.80078125,4.2841796875,-3.8037109375
0.3225,-1.5615234375,4.6044921875,-3.4033203125
0.323,-2.8828125,4.8447265625,-2.322265625
0.3235,-3.763671875,4.9248046875,-1.5615234375
0.324,-4.244140625,4.6044921875,-0.80078125
0.3245,-4.884765625,4.4443359375,0.0
0.325,-4.96484375,3.5234375,0.9609375
0.3255,-5.28515625,3.203125,1.5615234375
0.326,-5.4052734375,1.921875,2.962890625
0.3265,-5.28515625,1.4013671875,3.36328125
0.327,-5.0048828125,0.3603515625,4.083984375
0.3275,-4.484375,-0.640625,4.484375
0.328,-3.603515625,-1.76171875,4.724609375
0.3285,-2.962890625,-2.72265625,4.96484375
0.329,-1.841796875,-4.00390625,5.044921875
0.3295,-1.2412109375,-4.2041015625,4.724609375
0.33,-0.2001953125,-5.0048828125,4.484375
0.3305,0.80078125,-5.125,3.6435546875
0.331,1.5615234375,-5.4453125,3.1630859375
0.3315,3.0029296875,-5.60546875,1.921875
0.332,3.8037109375,-5.60546875,1.201171875
0.3325,4.2041015625,-5.0849609375,0.2802734375
0.333,4.8046875,-4.8447265625,-0.5205078125
0.3335,4.724609375,-3.84375,-1.44140625
0.334,4.9248046875,-3.36328125,-2.08203125
0.3345,5.044921875,-2.1220703125,-3.4033203125
0.335,4.7646484375,-1.5615234375,-3.7236328125
0.3355,4.3642578125,-0.5205078125,-4.3642578125
0.336,3.68359375,0.48046875,-4.64453125
0.3365,2.8828125,1.44140625,-4.7646484375
0.337,2.08203125,2.40234375,-4.96484375
0.3375,1.2412109375,3.5234375,-5.0849609375
0.338,0.4404296875,3.763671875,-4.5244140625
0.3385,-0.48046875,4.484375,-4.32421875
0.339,-1.4814453125,4.5244140625,-3.4033203125
0.3395,-2.2421875,4.8046875,-2.962890625
0.34,-3.603515625,4.96484375,-1.76171875
0.3405,-4.2041015625,4.9248046875,-1.1611328125
0.341,-4.6044921875,4.3642578125,-0.2001953125
0.3415,-5.125,4.1240234375,0.560546875
0.342,-5.125,3.203125,1.44140625
0.3425,-5.28515625,2.642578125,2.162109375
0.343,-5.4853515625,1.6015625,3.36328125
0.3435,-5.0849609375,0.9208984375,3.6435546875
0.344,-4.8046875,-0.16015625,4.32421875
0.3445,-4.00390625,-1.28125,4.6044921875
0.345,-3.3232421875,-2.2021484375,4.8046875
0.3455,-2.40234375,-3.203125,4.96484375
0.346,-1.6416015625,-4.1640625,5.0849609375
0.3465,-0.6806640625,-4.3642578125,4.32421875
0.347,0.16015625,-5.125,4.2041015625
0.3475,1.201171875,-5.125,3.203125
0.348,1.9619140625,-5.4052734375,2.72265625
0.3485,3.36328125,-5.5654296875,1.5615234375
0.349,3.84375,-5.3251953125,0.8408203125
0.3495,4.2841796875,-4.7646484375,-0.16015625
0.35,4.6044921875,-4.3642578125,-0.8408203125
0.3505,4.6044921875,-3.4833984375,-1.7216796875
0.351,4.6845703125,-2.7626953125,-2.4423828125
0.3515,4.884765625,-1.921875,-3.5234375
0.352,4.244140625,-1.12109375,-3.7236328125
0.3525,4.00390625,-0.2001953125,-4.3642578125
0.353,3.04296875,0.880859375,-4.4443359375
0.3535,2.5625,1.6416015625,-4.6044921875
0.354,1.6015625,2.6826171875,-4.6845703125
0.3545,1.0009765625,3.36328125,-4.7646484375
0.355,0.0400390625,3.6435546875,-4.00390625
0.3555,-0.640625,4.2041015625,-3.8837890625
0.356,-1.6416015625,4.2041015625,-2.9228515625
0.3565,-2.40234375,4.484375,-2.482421875
0.357,-3.5634765625,4.64453125,-1.4814453125
0.3575,-3.84375,4.32421875,-0.9208984375
0.358,-4.3642578125,4.00390625,0.0
0.3585,-4.6044921875,3.5234375,0.640625
0.359,-4.7646484375,2.8828125,1.4013671875
0.3595,-4.884765625,2.162109375,2.2421875
0.36,-5.125,1.4814453125,3.0830078125
0.3605,-4.484375,0.560546875,3.3232421875
0.361,-4.4443359375,-0.2802734375,4.0439453125
0.3615,-3.4033203125,-1.361328125,4.1240234375
0.362,-3.0830078125,-2.08203125,4.484375
0.3625,-2.1220703125,-3.203125,4.64453125
0.363,-1.5615234375,-3.68359375,4.5244140625
0.3635,-0.560546875,-4.1240234375,3.9638671875
0.364,0.16015625,-4.6044921875,3.763671875
0.3645,1.201171875,-4.6845703125,2.8427734375
0.365,2.001953125,-5.0048828125,2.3623046875
0.3655,3.123046875,-5.1650390625,1.4013671875
0.366,3.3232421875,-4.64453125,0.6806640625
0.3665,3.923828125,-4.484375,0.0
0.367,3.9638671875,-3.7236328125,-0.8408203125
0.3675,4.1640625,-3.203125,-1.5615234375
0.368,4.244140625,-2.4423828125,-2.40234375
0.3685,4.404296875,-1.8818359375,-3.0830078125
0.369,3.6435546875,-0.880859375,-3.36328125
0.3695,3.5234375,-0.16015625,-3.8837890625
0.37,2.5625,0.880859375,-3.8837890625
0.3705,2.2822265625,1.521484375,-4.2041015625
0.371,1.4814453125,2.482421875,-4.3642578125
0.3715,0.880859375,2.802734375,-4.00390625
0.372,0.0400390625,3.283203125,-3.7236328125
0.3725,-0.6806640625,3.5634765625,-3.283203125
0.373,-1.5615234375,3.8037109375,-2.642578125
0.3735,-2.2822265625,3.9638671875,-2.08203125
0.374,-3.0830078125,4.1240234375,-1.4814453125
0.3745,-3.2431640625,3.603515625,-0.80078125
0.375,-3.84375,3.68359375,-0.3203125
0.3755,-3.8837890625,2.8828125,0.560546875
0.376,-4.2041015625,2.6025390625,1.12109375
0.3765,-4.4443359375,1.921875,1.9619140625
0.377,-4.404296875,1.4814453125,2.322265625
0.3775,-3.923828125,0.5205078125,2.8828125
0.378,-3.8037109375,-0.16015625,3.36328125
0.3785,-3.0830078125,-1.201171875,3.6435546875
0.379,-2.8427734375,-1.841796875,4.00390625
0.3795,-2.162109375,-2.6826171875,4.1640625
0.38,-1.521484375,-2.9228515625,3.8037109375
0.3805,-0.80078125,-3.6435546875,3.84375
0.381,0.1201171875,-3.8837890625,3.123046875
0.3815,0.9208984375,-4.32421875,2.72265625
0.382,1.841796875,-4.5244140625,2.0419921875
0.3825,2.4423828125,-4.64453125,1.5615234375
0.383,2.7626953125,-4.1240234375,0.7607421875
0.3835,3.2431640625,-4.1640625,0.3203125
0.384,3.4033203125,-3.36328125,-0.640625
0.3845,3.7236328125,-3.1630859375,-1.2412109375
0.385,3.923828125,-2.4423828125,-2.1220703125
0.3855,3.68359375,-1.8017578125,-2.40234375
0.386,3.4033203125,-0.9208984375,-3.0029296875
0.3865,2.9228515625,-0.16015625,-3.3232421875
0.387,2.4423828125,0.6806640625,-3.5634765625
0.3875,2.0419921875,1.4013671875,-3.8837890625
0.388,1.5615234375,2.08203125,-4.00390625
0.3885,0.7607421875,2.3623046875,-3.5234375
0.389,0.240234375,3.0029296875,-3.603515625
0.3895,-0.7607421875,3.1630859375,-2.7626953125
0.39,-1.44140625,3.603515625,-2.5625
0.3905,-2.322265625,3.763671875,-1.841796875
0.391,-2.6826171875,3.68359375,-1.4013671875
0.3915,-3.123046875,3.36328125,-0.6806640625
0.392,-3.443359375,3.1630859375,-0.2802734375
0.3925,-3.7236328125,2.5625,0.6005859375
0.393,-3.9638671875,2.2822265625,1.12109375
0.3935,-4.2041015625,1.841796875,1.921875
0.394,-3.8037109375,1.0810546875,2.2421875
0.3945,-3.84375,0.3603515625,2.9228515625
0.395,-3.123046875,-0.6005859375,3.123046875
0.3955,-2.9228515625,-1.28125,3.5634765625
0.396,-2.40234375,-2.001953125,3.8037109375
0.3965,-1.9619140625,-2.482421875,3.84375
0.397,-1.1611328125,-2.9228515625,3.443359375
0.3975,-0.640625,-3.5234375,3.443359375
0.398,0.4404296875,-3.7236328125,2.6826171875
0.3985,1.0810546875,-4.2041015625,2.482421875
0.399,1.9619140625,-4.3642578125,1.76171875
0.3995,2.2421875,-4.1240234375,1.28125
0.4,2.802734375,-4.083984375,0.6005859375
0.4005,3.0029296875,-3.6435546875,0.0
0.401,3.36328125,-3.203125,-0.8408203125
0.4015,3.603515625,-2.72265625,-1.4814453125
0.402,3.8037109375,-2.2822265625,-2.08203125
0.4025,3.2431640625,-1.3212890625,-2.4423828125
0.403,3.283203125,-0.6806640625,-3.0830078125
0.4035,2.482421875,0.2802734375,-3.203125
0.404,2.40234375,0.9208984375,-3.7236328125
0.4045,1.7216796875,1.7216796875,-3.84375
0.405,1.201171875,2.0419921875,-3.68359375
0.4055,0.48046875,2.5625,-3.4033203125
0.406,-0.2802734375,3.0029296875,-3.123046875
0.4065,-1.1611328125,3.2431640625,-2.482421875
0.407,-1.8017578125,3.5634765625,-2.2021484375
0.4075,-2.5224609375,3.7236328125,-1.6015625
0.408,-2.7626953125,3.2431640625,-1.0009765625
0.4085,-3.36328125,3.3232421875,-0.5205078125
0.409,-3.4833984375,2.6826171875,0.2802734375
0.4095,-3.8837890625,2.482421875,0.9208984375
0.41,-4.00390625,1.921875,1.681640625
0.4105,-4.0439453125,1.4013671875,2.162109375
0.411,-3.603515625,0.4404296875,2.6025390625
0.4115,-3.4833984375,-0.2001953125,3.1630859375
0.412,-2.7626953125,-1.2412109375,3.36328125
0.4125,-2.6025390625,-1.76171875,3.8037109375
0.413,-1.9619140625,-2.5224609375,3.84375
0.4135,-1.28125,-2.8828125,3.5234375
0.414,-0.640625,-3.443359375,3.443359375
0.4145,0.2802734375,-3.7236328125,2.8427734375
0.415,1.12109375,-4.1240234375,2.3623046875
0.4155,1.841796875,-4.2841796875,1.841796875
0.416,2.40234375,-4.3642578125,1.28125
0.4165,2.6826171875,-3.8837890625,0.560546875
0.417,3.203125,-3.923828125,0.0400390625
0.4175,3.3232421875,-3.0029296875,-0.9208984375
0.418,3.68359375,-2.802734375,-1.44140625
0.4185,3.763671875,-2.08203125,-2.2421875
0.419,3.5234375,-1.44140625,-2.642578125
0.4195,3.1630859375,-0.5205078125,-3.1630859375
0.42,2.7626953125,0.240234375,-3.4833984375
0.4205,2.08203125,1.201171875,-3.7236328125
0.421,1.841796875,1.76171875,-4.00390625
0.4215,1.12109375,2.482421875,-3.9638671875
0.422,0.3203125,2.802734375,-3.4833984375
0.4225,-0.3203125,3.3232421875,-3.36328125
0.423,-1.4814453125,3.5634765625,-2.482421875
0.4235,-2.162109375,3.84375,-2.08203125
0.424,-2.8427734375,3.84375,-1.44140625
0.4245,-3.36328125,3.7236328125,-0.880859375
0.425,-3.603515625,3.203125,-0.16015625
0.4255,-3.9638671875,3.04296875,0.4404296875
0.426,-4.1640625,2.2021484375,1.4814453125
0.4265,-4.32421875,1.8818359375,1.9619140625
0.427,-4.3642578125,1.12109375,2.72265625
0.4275,-3.84375,0.2802734375,3.04296875
0.428,-3.5634765625,-0.6005859375,3.5634765625
0.4285,-2.8427734375,-1.5615234375,3.8037109375
0.429,-2.2822265625,-2.4423828125,4.083984375
0.4295,-1.7216796875,-2.9228515625,4.00390625
0.43,-1.0009765625,-3.5634765625,3.923828125
0.4305,-0.2001953125,-3.84375,3.3232421875
0.431,0.48046875,-4.32421875,3.1630859375
0.4315,1.8017578125,-4.5244140625,2.0419921875
0.432,2.3623046875,-4.6845703125,1.6416015625
0.4325,3.04296875,-4.564453125,0.880859375
0.433,3.36328125,-4.32421875,0.240234375
0.4335,3.5634765625,-3.7236328125,-0.48046875
0.434,3.84375,-3.2431640625,-1.1611328125
0.4345,4.083984375,-2.4423828125,-2.2021484375
0.435,3.9638671875,-1.9619140625,-2.5625
0.4355,3.9638671875,-1.201171875,-3.283203125
0.436,3.2431640625,-0.2001953125,-3.5634765625
0.4365,2.962890625,0.560546875,-3.923828125
0.437,2.0419921875,1.6416015625,-4.1240234375
0.4375,1.6015625,2.40234375,-4.3642578125
0.438,0.880859375,2.8427734375,-4.083984375
0.4385,0.1201171875,3.4833984375,-3.923828125
0.439,-0.7607421875,3.68359375,-3.2431640625
0.4395,-1.5615234375,4.1240234375,-2.962890625
0.44,-2.8828125,4.2841796875,-1.8818359375
0.4405,-3.283203125,4.244140625,-1.4013671875
0.441,-3.923828125,4.00390625,-0.6005859375
0.4415,-4.244140625,3.68359375,0.16015625
0.442,-4.484375,3.1630859375,0.880859375
0.4425,-4.64453125,2.40234375,1.76171875
0.443,-4.9248046875,1.7216796875,2.72265625
0.4435,-4.5244140625,0.9609375,3.04296875
0.444,-4.5244140625,0.16015625,3.84375
0.4445,-3.603515625,-1.0009765625,3.9638671875
0.445,-3.2431640625,-1.681640625,4.3642578125
0.4455,-2.2021484375,-2.962890625,4.484375
0.446,-1.681640625,-3.603515625,4.564453125
0.4465,-0.720703125,-4.0439453125,4.1240234375
0.447,0.0,-4.6044921875,3.8837890625
0.4475,0.9609375,-4.6845703125,3.0830078125
0.448,1.841796875,-5.0849609375,2.5224609375
0.4485,3.1630859375,-5.28515625,1.44140625
0.449,3.5234375,-5.0048828125,0.7607421875
0.4495,4.1240234375,-4.64453125,0.0
0.45,4.32421875,-4.083984375,-0.80078125
0.4505,4.404296875,-3.4833984375,-1.5615234375
0.451,4.5244140625,-2.5625,-2.5625
0.4515,4.724609375,-1.8818359375,-3.4033203125
0.452,4.083984375,-0.9208984375,-3.68359375
0.4525,3.9638671875,-0.080078125,-4.3642578125
0.453,2.9228515625,1.0009765625,-4.3642578125
0.4535,2.5224609375,1.76171875,-4.64453125
0.454,1.4013671875,3.0029296875,-4.7646484375
0.4545,0.80078125,3.5234375,-4.64453125
0.455,-0.2001953125,3.8837890625,-4.083984375
0.4555,-0.9208984375,4.404296875,-3.84375
0.456,-1.921875,4.4443359375,-2.9228515625
0.4565,-2.802734375,4.64453125,-2.2822265625
0.457,-4.0439453125,4.8447265625,-1.28125
0.4575,-4.32421875,4.32421875,-0.48046875
0.458,-4.884765625,4.1240234375,0.3203125
0.4585,-4.96484375,3.4033203125,1.12109375
0.459,-5.125,2.802734375,1.841796875
0.4595,-5.205078125,1.841796875,2.8828125
0.46,-5.4052734375,1.12109375,3.7236328125
0.4605,-4.564453125,0.0400390625,3.9638671875
0.461,-4.4443359375,-0.80078125,4.64453125
0.4615,-3.283203125,-1.9619140625,4.64453125
0.462,-2.802734375,-2.72265625,4.884765625
0.4625,-1.7216796875,-4.00390625,5.044921875
0.463,-0.880859375,-4.5244140625,4.64453125
0.4635,0.1201171875,-4.884765625,4.1240234375
0.464,0.9208984375,-5.3251953125,3.7236328125
0.4645,2.001953125,-5.4052734375,2.6826171875
0.465,2.9228515625,-5.5654296875,1.921875
0.4655,4.1240234375,-5.6455078125,0.9208984375
0.466,4.2841796875,-4.8447265625,0.0
0.4665,4.8046875,-4.6845703125,-0.720703125
0.467,4.8046875,-3.763671875,-1.6416015625
0.4675,4.884765625,-3.04296875,-2.4423828125
0.468,4.96484375,-2.0419921875,-3.443359375
0.4685,4.9248046875,-1.2412109375,-4.1640625
0.469,3.9638671875,0.0,-4.3642578125
0.4695,3.8037109375,0.720703125,-4.9248046875
0.47,2.5224609375,1.921875,-4.8046875
0.4705,2.001953125,2.6025390625,-5.0048828125
0.471,0.9609375,3.84375,-5.0849609375
0.4715,0.0,4.1240234375,-4.484375
0.472,-0.880859375,4.484375,-4.0439453125
0.4725,-1.76171875,4.7646484375,-3.4033203125
0.473,-2.8427734375,4.7646484375,-2.40234375
0.4735,-3.6435546875,4.9248046875,-1.6416015625
0.474,-4.64453125,4.96484375,-0.720703125
0.4745,-4.724609375,4.0439453125,0.240234375
0.475,-5.205078125,3.9638671875,0.80078125
0.4755,-5.1650390625,2.8828125,1.8017578125
0.476,-5.28515625,2.2822265625,2.482421875
0.4765,-5.3251953125,1.3212890625,3.4833984375
0.477,-5.125,0.560546875,4.00390625
0.4775,-4.2841796875,-0.640625,4.32421875
0.478,-4.00390625,-1.44140625,4.8046875
0.4785,-2.802734375,-2.6025390625,4.8046875
0.479,-2.3623046875,-3.2431640625,4.9248046875
0.4795,-1.3212890625,-4.3642578125,4.96484375
0.48,-0.3603515625,-4.64453125,4.244140625
0.4805,0.4404296875,-5.1650390625,3.9638671875
0.481,1.521484375,-5.365234375,3.0830078125
0.4815,2.5224609375,-5.4453125,2.2421875
0.482,3.3232421875,-5.4453125,1.4814453125
0.4825,4.2041015625,-5.4453125,0.640625
0.483,4.2841796875,-4.5244140625,-0.3603515625
0.4835,4.7646484375,-4.4443359375,-0.9609375
0.484,4.724609375,-3.203125,-2.1220703125
0.4845,4.8447265625,-2.72265625,-2.6826171875
0.485,4.8447265625,-1.681640625,-3.68359375
0.4855,4.4443359375,-0.80078125,-4.1240234375
0.486,3.68359375,0.3203125,-4.4443359375
0.4865,3.203125,1.12109375,-4.7646484375
0.487,2.0419921875,2.3623046875,-4.7646484375
0.4875,1.6416015625,2.8427734375,-4.8447265625
0.488,0.6005859375,3.8037109375,-4.8447265625
0.4885,-0.3603515625,3.9638671875,-3.9638671875
0.489,-1.0009765625,4.484375,-3.8037109375
0.4895,-2.2822265625,4.6044921875,-2.6826171875
0.49,-3.0830078125,4.724609375,-2.001953125
0.4905,-3.8037109375,4.6044921875,-1.2412109375
0.491,-4.3642578125,4.4443359375,-0.5205078125
0.4915,-4.5244140625,3.68359375,0.400390625
0.492,-4.8447265625,3.4833984375,0.9208984375
0.4925,-4.8447265625,2.322265625,2.0419921875
0.493,-4.96484375,1.921875,2.482421875
0.4935,-5.0048828125,1.0810546875,3.4033203125
0.494,-4.3642578125,0.16015625,3.68359375
0.4945,-4.00390625,-0.80078125,4.2041015625
0.495,-3.2431640625,-1.681640625,4.32421875
0.4955,-2.5224609375,-2.6826171875,4.5244140625
0.496,-1.9619140625,-3.2431640625,4.5244140625
0.4965,-1.1611328125,-4.0439453125,4.484375
0.497,-0.2001953125,-4.2041015625,3.763671875
0.4975,0.4404296875,-4.8046875,3.68359375
0.498,1.76171875,-4.8447265625,2.482421875
0.4985,2.3623046875,-5.125,2.1220703125
0.499,3.203125,-5.0849609375,1.2412109375
0.4995,3.6435546875,-4.8046875,0.5205078125
0.5,3.923828125,-4.2041015625,-0.3203125
0.5005,4.2041015625,-3.84375,-0.9609375
0.501,4.3642578125,-2.8427734375,-2.08203125
0.5015,4.404296875,-2.4423828125,-2.5224609375
0.502,4.4443359375,-1.6015625,-3.36328125
0.5025,3.68359375,-0.6005859375,-3.603515625
0.503,3.443359375,0.2802734375,-4.1640625
0.5035,2.5224609375,1.28125,-4.2041015625
0.504,2.001953125,2.08203125,-4.5244140625
0.5045,1.3212890625,2.642578125,-4.404296875
0.505,0.560546875,3.3232421875,-4.2041015625
0.5055,-0.400390625,3.5234375,-3.5234375
0.506,-1.041015625,4.00390625,-3.3232421875
0.5065,-2.2822265625,4.083984375,-2.162109375
0.507,-2.72265625,4.244140625,-1.9619140625
0.5075,-3.4833984375,4.1240234375,-1.0810546875
0.508,-3.763671875,3.7236328125,-0.4404296875
0.5085,-4.083984375,3.36328125,0.2802734375
0.509,-4.2041015625,2.802734375,0.9609375
0.5095,-4.484375,2.2021484375,1.8017578125
0.51,-4.404296875,1.6416015625,2.2421875
0.5105,-4.4443359375,1.0009765625,2.9228515625
0.511,-3.7236328125,0.0,3.1630859375
0.5115,-3.6435546875,-0.6806640625,3.763671875
0.512,-2.642578125,-1.8017578125,3.763671875
0.5125,-2.5224609375,-2.2822265625,4.1240234375
0.513,-1.7216796875,-2.9228515625,3.9638671875
0.5135,-1.12109375,-3.36328125,3.8037109375
0.514,-0.3203125,-3.7236328125,3.36328125
0.5145,0.4404296875,-4.1640625,3.04296875
0.515,1.4814453125,-4.3642578125,2.2421875
0.5155,1.921875,-4.5244140625,1.9619140625
0.516,2.6826171875,-4.5244140625,1.28125
0.5165,2.8828125,-4.0439453125,0.560546875
0.517,3.4033203125,-4.00390625,0.0
0.5175,3.5234375,-3.203125,-0.9208984375
0.518,3.923828125,-2.962890625,-1.521484375
0.5185,3.84375,-2.2421875,-2.1220703125
0.519,3.84375,-1.6416015625,-2.72265625
0.5195,3.1630859375,-0.6005859375,-3.0830078125
0.52,3.123046875,0.0,-3.603515625
0.5205,2.2421875,1.0810546875,-3.8037109375
0.521,2.2021484375,1.5615234375,-4.1240234375
0.5215,1.28125,2.2822265625,-3.9638671875
0.522,0.6005859375,2.6826171875,-3.68359375
0.5225,-0.16015625,3.1630859375,-3.36328125
0.523,-1.0810546875,3.443359375,-2.7626953125
0.5235,-1.921875,3.763671875,-2.2822265625
0.524,-2.4423828125,3.763671875,-1.76171875
0.5245,-3.0029296875,3.8037109375,-1.2412109375
0.525,-3.203125,3.283203125,-0.5205078125
0.5255,-3.7236328125,3.203125,0.0400390625
0.526,-3.84375,2.40234375,1.0009765625
0.5265,-4.1640625,2.2421875,1.44140625
0.527,-4.083984375,1.4814453125,2.08203125
0.5275,-3.923828125,0.8408203125,2.5224609375
0.528,-3.443359375,-0.16015625,3.0029296875
0.5285,-3.1630859375,-0.8408203125,3.36328125
0.529,-2.5625,-1.7216796875,3.68359375
0.5295,-2.2822265625,-2.1220703125,3.8037109375
0.53,-1.6015625,-2.7626953125,3.7236328125
0.5305,-0.9208984375,-3.123046875,3.3232421875
0.531,-0.240234375,-3.6435546875,3.203125
0.5315,0.80078125,-3.8837890625,2.40234375
0.532,1.4013671875,-4.244140625,2.2421875
0.5325,1.9619140625,-4.1240234375,1.5615234375
0.533,2.40234375,-4.1640625,1.12109375
0.5335,2.72265625,-3.68359375,0.3603515625
0.534,3.123046875,-3.5634765625,-0.16015625
0.5345,3.36328125,-2.8828125,-1.0810546875
0.535,3.603515625,-2.6826171875,-1.4814453125
0.5355,3.603515625,-1.9619140625,-2.2021484375
0.536,3.2431640625,-1.28125,-2.5625
0.5365,3.0029296875,-0.4404296875,-3.123046875
0.537,2.5224609375,0.4404296875,-3.36328125
0.5375,2.2421875,1.12109375,-3.84375
0.538,1.7216796875,1.6416015625,-3.763671875
0.5385,1.12109375,2.2421875,-3.763671875
0.539,0.2802734375,2.6025390625,-3.283203125
0.5395,-0.400390625,3.1630859375,-3.1630859375
0.54,-1.44140625,3.4033203125,-2.322265625
0.5405,-1.9619140625,3.7236328125,-2.162109375
0.541,-2.5625,3.5634765625,-1.44140625
0.5415,-2.9228515625,3.4833984375,-1.0009765625
0.542,-3.283203125,3.123046875,-0.240234375
0.5425,-3.5634765625,2.72265625,0.4404296875
0.543,-3.9638671875,2.2822265625,1.2412109375
0.5435,-3.923828125,1.841796875,1.6416015625
0.544,-4.00390625,1.12109375,2.2822265625
0.5445,-3.443359375,0.240234375,2.6025390625
0.545,-3.283203125,-0.4404296875,3.203125
0.5455,-2.6025390625,-1.4013671875,3.443359375
0.546,-2.482421875,-1.9619140625,3.8037109375
0.5465,-1.76171875,-2.4423828125,3.5634765625
0.547,-1.2412109375,-3.0029296875,3.5634765625
0.5475,-0.400390625,-3.36328125,3.0830078125
0.548,0.3603515625,-3.8037109375,2.802734375
0.5485,1.361328125,-4.1240234375,2.08203125
0.549,1.8017578125,-4.1640625,1.76171875
0.5495,2.40234375,-4.1240234375,1.12109375
0.55,2.6826171875,-3.8037109375,0.560546875
0.5505,3.0830078125,-3.5634765625,-0.1201171875
0.551,3.283203125,-2.9228515625,-0.9609375
0.5515,3.68359375,-2.642578125,-1.6015625
0.552,3.443359375,-2.0419921875,-2.0419921875
0.5525,3.5234375,-1.44140625,-2.642578125
0.553,2.8427734375,-0.3603515625,-2.9228515625
0.5535,2.72265625,0.2802734375,-3.4833984375
0.554,1.9619140625,1.28125,-3.68359375
0.5545,1.8017578125,1.76171875,-3.8837890625
0.555,0.9609375,2.322265625,-3.68359375
0.5555,0.3203125,2.802734375,-3.4833984375
0.556,-0.5205078125,3.1630859375,-3.04296875
0.5565,-1.4013671875,3.4833984375,-2.5224609375
0.557,-2.322265625,3.84375,-1.9619140625
0.5575,-2.642578125,3.68359375,-1.4013671875
0.558,-3.283203125,3.68359375,-0.80078125
0.5585,-3.5234375,3.1630859375,-0.1201171875
0.559,-3.8837890625,2.9228515625,0.560546875
0.5595,-4.2041015625,2.08203125,1.5615234375
0.56,-4.3642578125,1.76171875,2.0419921875
0.5605,-4.00390625,0.880859375,2.5224609375
0.561,-3.8837890625,0.240234375,3.1630859375
0.5615,-3.203125,-0.80078125,3.36328125
0.562,-2.8828125,-1.5615234375,3.763671875
0.5625,-2.162109375,-2.5224609375,4.0439453125
0.563,-1.6416015625,-2.8828125,3.8837890625
0.5635,-0.9208984375,-3.4833984375,3.7236328125
0.564,-0.16015625,-3.84375,3.283203125
0.5645,0.6806640625,-4.1640625,2.8427734375
0.565,1.76171875,-4.4443359375,2.0419921875
0.5655,2.5625,-4.6845703125,1.44140625
0.566,2.8427734375,-4.1640625,0.7607421875
0.5665,3.443359375,-4.2041015625,0.2001953125
0.567,3.4833984375,-3.443359375,-0.6005859375
0.5675,3.7236328125,-3.2431640625,-1.3212890625
0.568,4.00390625,-2.3623046875,-2.2822265625
0.5685,3.9638671875,-1.841796875,-2.72265625
0.569,3.5634765625,-0.8408203125,-3.203125
0.5695,3.203125,-0.080078125,-3.603515625
0.57,2.5224609375,0.80078125,-3.763671875
0.5705,2.0419921875,1.5615234375,-4.00390625
0.571,1.4013671875,2.5224609375,-4.32421875
0.5715,0.640625,2.802734375,-3.84375
0.572,0.0,3.4033203125,-3.763671875
0.5725,-0.9208984375,3.5634765625,-3.0830078125
0.573,-1.681640625,3.923828125,-2.6025390625
0.5735,-2.7626953125,4.1240234375,-1.8017578125
0.574,-3.443359375,4.2041015625,-1.201171875
0.5745,-3.7236328125,3.6435546875,-0.3603515625
0.575,-4.2041015625,3.6435546875,0.16015625
0.5755,-4.244140625,2.6826171875,0.880859375
0.576,-4.5244140625,2.322265625,1.6416015625
0.5765,-4.8046875,1.5615234375,2.6826171875
0.577,-4.4443359375,0.880859375,3.04296875
0.5775,-4.1640625,-0.080078125,3.6435546875
0.578,-3.603515625,-1.0009765625,3.9638671875
0.5785,-2.9228515625,-1.921875,4.1240234375
0.579,-2.2822265625,-2.7626953125,4.404296875
0.5795,-1.5615234375,-3.7236328125,4.5244140625
0.58,-0.640625,-3.923828125,3.84375
0.5805,0.0,-4.5244140625,3.84375
0.581,1.12109375,-4.64453125,2.8427734375
0.5815,1.921875,-4.9248046875,2.322265625
0.582,3.04296875,-5.0849609375,1.4013671875
0.5825,3.603515625,-4.9248046875,0.6806640625
0.583,3.84375,-4.32421875,-0.16015625
0.5835,4.404296875,-4.1240234375,-0.880859375
0.584,4.32421875,-3.0830078125,-1.8017578125
0.5845,4.404296875,-2.6025390625,-2.4423828125
0.585,4.64453125,-1.681640625,-3.4833984375
0.5855,3.9638671875,-0.7607421875,-3.7236328125
0.586,3.68359375,0.16015625,-4.244140625
0.5865,2.8427734375,1.12109375,-4.3642578125
0.587,2.08203125,2.08203125,-4.5244140625
0.5875,1.4013671875,2.8828125,-4.64453125
0.588,0.6005859375,3.7236328125,-4.6044921875
0.5885,-0.400390625,3.84375,-3.8037109375
0.589,-1.0009765625,4.404296875,-3.7236328125
0.5895,-2.3623046875,4.484375,-2.482421875
0.59,-3.0029296875,4.6044921875,-1.9619140625
0.5905,-4.00390625,4.64453125,-1.041015625
0.591,-4.404296875,4.244140625,-0.3203125
0.5915,-4.6044921875,3.68359375,0.4404296875
0.592,-4.9248046875,3.2431640625,1.201171875
0.5925,-4.9248046875,2.2421875,2.162109375
0.593,-5.0048828125,1.76171875,2.802734375
0.5935,-5.1650390625,0.880859375,3.8037109375
0.594,-4.32421875,-0.240234375,3.9638671875
0.5945,-4.1240234375,-1.041015625,4.5244140625
0.595,-3.04296875,-2.2421875,4.6044921875
0.5955,-2.3623046875,-3.0830078125,4.8046875
0.596,-1.6015625,-3.84375,4.7646484375
0.5965,-0.720703125,-4.6044921875,4.6044921875
0.597,0.2802734375,-4.724609375,3.763671875
0.5975,1.0009765625,-5.28515625,3.5634765625
0.598,2.5224609375,-5.365234375,2.2021484375
0.5985,3.04296875,-5.4453125,1.76171875
0.599,4.0439453125,-5.4453125,0.7607421875
0.5995,4.404296875,-4.884765625,-0.16015625
0.6,4.6044921875,-4.32421875,-0.9208984375
0.6005,4.8046875,-3.763671875,-1.9619140625
0.601,4.884765625,-2.5625,-2.8828125
0.6015,4.7646484375,-1.9619140625,-3.36328125
0.602,4.8046875,-1.0009765625,-4.2841796875
0.6025,3.763671875,0.2001953125,-4.3642578125
0.603,3.4833984375,0.9609375,-4.8447265625
0.6035,2.2421875,2.322265625,-4.884765625
0.604,1.5615234375,3.04296875,-5.0048828125
0.6045,0.7607421875,3.763671875,-4.8046875
0.605,-0.240234375,4.404296875,-4.484375
0.6055,-1.2412109375,4.484375,-3.603515625
0.606,-2.0419921875,4.9248046875,-3.2431640625
0.6065,-3.5234375,4.96484375,-1.841796875
0.607,-3.8837890625,4.8447265625,-1.361328125
0.6075,-4.724609375,4.64453125,-0.5205078125
0.608,-4.9248046875,4.00390625,0.4404296875
0.6085,-5.125,3.4033203125,1.0810546875
0.609,-5.28515625,2.6025390625,2.2021484375
0.6095,-5.365234375,1.76171875,3.123046875
0.61,-5.0849609375,1.041015625,3.5234375
0.6105,-5.0048828125,0.16015625,4.32421875
0.611,-3.923828125,-1.0810546875,4.404296875
0.6115,-3.7236328125,-1.8017578125,4.8447265625
0.612,-2.322265625,-3.203125,4.8447265625
0.6125,-1.921875,-3.7236328125,4.9248046875
0.613,-0.9208984375,-4.3642578125,4.6044921875
0.6135,0.0,-4.884765625,4.2041015625
0.614,0.9208984375,-5.0849609375,3.443359375
0.6145,1.841796875,-5.4453125,2.9228515625
0.615,3.1630859375,-5.4853515625,1.7216796875
0.6155,3.5234375,-5.4052734375,1.1611328125
0.616,4.32421875,-5.205078125,0.2802734375
0.6165,4.404296875,-4.5244140625,-0.6806640625
0.617,4.724609375,-4.00390625,-1.3212890625
0.6175,4.8046875,-2.962890625,-2.4423828125
0.618,4.96484375,-2.2822265625,-3.203125
0.6185,4.6044921875,-1.44140625,-3.6435546875
0.619,4.484375,-0.5205078125,-4.404296875
0.6195,3.36328125,0.720703125,-4.484375
0.62,3.0830078125,1.4013671875,-4.884765625
0.6205,1.7216796875,2.8427734375,-4.9248046875
0.621,1.4013671875,3.2431640625,-4.96484375
0.6215,0.2802734375,3.8837890625,-4.5244140625
0.622,-0.640625,4.3642578125,-4.083984375
0.6225,-1.5615234375,4.5244140625,-3.3232421875
0.623,-2.5625,4.8046875,-2.6025390625
0.6235,-3.7236328125,4.884765625,-1.6015625
0.624,-4.00390625,4.5244140625,-1.0009765625
0.6245,-4.724609375,4.32421875,-0.2001953125
0.625,-4.8046875,3.5634765625,0.7607421875
0.6255,-5.0849609375,3.1630859375,1.4013671875
0.626,-5.125,2.0419921875,2.5625
0.6265,-5.205078125,1.5615234375,3.1630859375
0.627,-4.6845703125,0.6005859375,3.603515625
0.6275,-4.5244140625,-0.2802734375,4.1640625
0.628,-3.4833984375,-1.44140625,4.32421875
0.6285,-3.1630859375,-2.1220703125,4.6044921875
0.629,-2.001953125,-3.36328125,4.64453125
0.6295,-1.6015625,-3.603515625,4.5244140625
0.63,-0.6005859375,-4.2841796875,4.2041015625
0.6305,0.2802734375,-4.6044921875,3.6435546875
0.631,1.0810546875,-4.8447265625,3.123046875
0.6315,2.2021484375,-5.0849609375,2.2021484375
0.632,3.04296875,-5.28515625,1.5615234375
0.6325,3.3232421875,-4.8447265625,0.80078125
0.633,3.9638671875,-4.7646484375,0.16015625
0.6335,4.0439453125,-3.8837890625,-0.720703125
0.634,4.32421875,-3.603515625,-1.3212890625
0.6345,4.4443359375,-2.5625,-2.4423828125
0.635,4.484375,-2.2021484375,-2.8828125
0.6355,4.1240234375,-1.1611328125,-3.4833984375
0.636,3.84375,-0.3603515625,-3.9638671875
0.6365,2.962890625,0.7607421875,-4.1640625
0.637,2.5224609375,1.521484375,-4.4443359375
0.6375,1.7216796875,2.642578125,-4.6845703125
0.638,1.1611328125,2.8828125,-4.3642578125
0.6385,0.240234375,3.6435546875,-4.2041015625
0.639,-0.6806640625,3.84375,-3.5634765625
0.6395,-1.4814453125,4.1640625,-3.123046875
0.64,-2.6025390625,4.32421875,-2.1220703125
0.6405,-3.3232421875,4.484375,-1.6416015625
0.641,-3.68359375,4.00390625,-0.80078125
0.6415,-4.2041015625,3.9638671875,-0.16015625
0.642,-4.2841796875,3.123046875,0.720703125
0.6425,-4.5244140625,2.72265625,1.361328125
0.643,-4.7646484375,1.8818359375,2.40234375
0.6435,-4.564453125,1.4013671875,2.6826171875
0.644,-4.2841796875,0.4404296875,3.3232421875
0.6445,-3.8037109375,-0.4404296875,3.6435546875
0.645,-3.203125,-1.3212890625,3.923828125
0.6455,-2.5625,-2.2021484375,4.1240234375
0.646,-2.0419921875,-2.962890625,4.32421875
0.6465,-1.361328125,-3.203125,3.84375
0.647,-0.640625,-3.84375,3.84375
0.6475,0.240234375,-4.0439453125,3.0830078125
0.648,0.9609375,-4.4443359375,2.802734375
0.6485,2.0419921875,-4.64453125,1.921875
0.649,2.4423828125,-4.64453125,1.5615234375
0.6495,2.8828125,-4.244140625,0.7607421875
0.65,3.2431640625,-4.1240234375,0.2802734375
0.6505,3.4833984375,-3.5234375,-0.6005859375
0.651,3.68359375,-3.0830078125,-1.201171875
0.6515,4.00390625,-2.5625,-2.0419921875
0.652,3.8037109375,-2.001953125,-2.2822265625
0.6525,3.7236328125,-1.2412109375,-3.04296875
0.653,3.04296875,-0.2802734375,-3.2431640625
0.6535,2.8427734375,0.48046875,-3.8037109375
0.654,2.1220703125,1.4013671875,-3.923828125
0.6545,1.921875,1.921875,-4.2041015625
0.655,1.041015625,2.3623046875,-3.8037109375
0.6555,0.4404296875,2.962890625,-3.84375
0.656,-0.6005859375,3.2431640625,-3.0830078125
0.6565,-1.28125,3.68359375,-2.8427734375
0.657,-2.2822265625,3.9638671875,-2.08203125
0.6575,-2.6025390625,3.8837890625,-1.7216796875
0.658,-3.203125,3.7236328125,-0.9609375
0.6585,-3.5234375,3.4033203125,-0.3203125
0.659,-3.8837890625,3.0029296875,0.48046875
0.6595,-4.083984375,2.40234375,1.201171875
0.66,-4.4443359375,2.0419921875,1.921875
0.6605,-4.00390625,1.28125,2.2421875
0.661,-4.0439453125,0.6005859375,2.9228515625
0.6615,-3.2431640625,-0.5205078125,3.1630859375
0.662,-3.123046875,-1.1611328125,3.6435546875
0.6625,-2.4423828125,-2.08203125,3.84375
0.663,-2.08203125,-2.4423828125,3.8837890625
0.6635,-1.28125,-3.0029296875,3.5634765625
0.664,-0.640625,-3.5234375,3.4033203125
0.6645,0.240234375,-3.8037109375,2.8427734375
0.665,1.041015625,-4.1240234375,2.4423828125
0.6655,1.8818359375,-4.3642578125,1.8818359375
0.666,2.1220703125,-4.1240234375,1.3212890625
0.6665,2.72265625,-4.1640625,0.80078125
0.667,2.8828125,-3.5634765625,0.080078125
0.6675,3.283203125,-3.3232421875,-0.6005859375
0.668,3.4833984375,-2.72265625,-1.3212890625
0.6685,3.7236328125,-2.482421875,-1.8017578125
0.669,3.3232421875,-1.5615234375,-2.2822265625
0.6695,3.3232421875,-1.0009765625,-2.8427734375
0.67,2.6025390625,0.0,-3.123046875
0.6705,2.482421875,0.640625,-3.5634765625
0.671,1.921875,1.44140625,-3.84375
0.6715,1.5615234375,1.76171875,-3.7236328125
0.672,0.80078125,2.40234375,-3.68359375
0.6725,0.080078125,2.72265625,-3.2431640625
0.673,-0.720703125,3.203125,-2.8828125
0.6735,-1.6015625,3.5234375,-2.322265625
0.674,-2.2822265625,3.8037109375,-1.9619140625
0.6745,-2.5625,3.443359375,-1.3212890625
0.675,-3.1630859375,3.603515625,-0.9208984375
0.6755,-3.4033203125,2.9228515625,0.0
0.676,-3.8037109375,2.72265625,0.6005859375
0.6765,-4.083984375,2.162109375,1.44140625
0.677,-4.1240234375,1.8017578125,1.841796875
0.6775,-3.84375,0.880859375,2.4423828125
0.678,-3.603515625,0.16015625,2.9228515625
0.6785,-3.0830078125,-0.80078125,3.2431640625
0.679,-2.72265625,-1.4814453125,3.6435546875
0.6795,-2.2822265625,-2.2822265625,3.84375
0.68,-1.6416015625,-2.5625,3.4833984375
0.6805,-1.041015625,-3.2431640625,3.5634765625
0.681,-0.16015625,-3.443359375,2.9228515625
0.6815,0.6005859375,-3.8837890625,2.642578125
0.682,1.521484375,-4.1640625,2.0419921875
0.6825,2.001953125,-4.244140625,1.6015625
0.683,2.40234375,-3.8837890625,0.880859375
0.6835,2.802734375,-3.8837890625,0.48046875
0.684,3.04296875,-3.2431640625,-0.3603515625
0.6845,3.36328125,-2.962890625,-1.0009765625
0.685,3.68359375,-2.4423828125,-1.8017578125
0.6855,3.443359375,-1.8818359375,-2.08203125
0.686,3.3232421875,-1.0810546875,-2.7626953125
0.6865,2.802734375,-0.2802734375,-3.04296875
0.687,2.482421875,0.48046875,-3.443359375
0.6875,2.001953125,1.28125,-3.7236328125
0.688,1.6015625,1.8818359375,-3.923828125
0.6885,0.80078125,2.2021484375,-3.5234375
0.689,0.2802734375,2.8427734375,-3.5634765625
0.6895,-0.6806640625,3.123046875,-2.7626953125
0.69,-1.4013671875,3.5234375,-2.5224609375
0.6905,-2.3623046875,3.763671875,-1.841796875
0.691,-2.72265625,3.6435546875,-1.3212890625
0.6915,-3.203125,3.443359375,-0.6806640625
0.692,-3.5234375,3.1630859375,-0.1201171875
0.6925,-3.8037109375,2.6025390625,0.6806640625
0.693,-4.083984375,2.2421875,1.4013671875
0.6935,-4.3642578125,1.7216796875,2.162109375
0.694,-3.84375,0.8408203125,2.482421875
0.6945,-3.8837890625,0.16015625,3.1630859375
0.695,-3.0830078125,-0.8408203125,3.3232421875
0.6955,-2.802734375,-1.6015625,3.8037109375
0.696,-2.162109375,-2.5224609375,3.9638671875
0.6965,-1.6015625,-3.04296875,3.84375
0.697,-0.80078125,-3.36328125,3.5234375
0.6975,-0.16015625,-3.8837890625,3.36328125
0.698,0.9609375,-4.083984375,2.482421875
0.6985,1.6416015625,-4.4443359375,2.162109375
0.699,2.5625,-4.564453125,1.4013671875
0.6995,2.8427734375,-4.1640625,0.720703125
0.7,3.3232421875,-4.0439453125,0.16015625
0.7005,3.4833984375,-3.443359375,-0.640625
0.701,3.763671875,-2.8828125,-1.44140625
0.7015,3.8837890625,-2.2822265625,-2.1220703125
0.702,3.9638671875,-1.7216796875,-2.802734375
0.7025,3.283203125,-0.6806640625,-3.0830078125
0.703,3.2431640625,0.0,-3.6435546875
0.7035,2.2421875,0.9609375,-3.7236328125
0.704,2.001953125,1.6015625,-4.1240234375
0.7045,1.28125,2.482421875,-4.2041015625
0.705,0.5205078125,2.9228515625,-3.84375
0.7055,-0.2001953125,3.3232421875,-3.4833984375
0.706,-1.041015625,3.68359375,-3.04296875
0.7065,-2.1220703125,3.84375,-2.162109375
0.707,-2.6826171875,4.0439453125,-1.76171875
0.7075,-3.4833984375,4.1240234375,-1.041015625
0.708,-3.68359375,3.5234375,-0.3203125
0.7085,-4.1240234375,3.4833984375,0.240234375
0.709,-4.2041015625,2.5224609375,1.2412109375
0.7095,-4.484375,2.1220703125,1.8818359375
0.71,-4.5244140625,1.4013671875,2.6025390625
0.7105,-4.4443359375,0.7607421875,3.1630859375
0.711,-3.7236328125,-0.3203125,3.4833984375
0.7115,-3.5634765625,-1.0810546875,3.9638671875
0.712,-2.4423828125,-2.2822265625,4.083984375
0.7125,-2.2421875,-2.802734375,4.2841796875
0.713,-1.361328125,-3.5634765625,4.2841796875
0.7135,-0.5205078125,-3.8837890625,3.763671875
0.714,0.2001953125,-4.32421875,3.4833984375
0.7145,1.28125,-4.6845703125,2.72265625
0.715,2.2822265625,-4.8447265625,1.921875
0.7155,2.8427734375,-4.8447265625,1.3212890625
0.716,3.5634765625,-4.8447265625,0.6005859375
0.7165,3.7236328125,-4.083984375,-0.240234375
0.717,4.1240234375,-3.923828125,-0.80078125
0.7175,4.244140625,-2.802734375,-2.001953125
0.718,4.404296875,-2.40234375,-2.5625
0.7185,4.2841796875,-1.4814453125,-3.283203125
0.719,4.00390625,-0.6806640625,-3.8037109375
0.7195,3.203125,0.3203125,-4.0439453125
0.72,2.802734375,1.1611328125,-4.4443359375
0.7205,1.681640625,2.40234375,-4.5244140625
0.721,1.3212890625,2.8427734375,-4.5244140625
0.7215,0.3603515625,3.6435546875,-4.3642578125
0.722,-0.5205078125,3.8837890625,-3.7236328125
0.7225,-1.28125,4.2041015625,-3.36328125
0.723,-2.5625,4.484375,-2.322265625
0.7235,-3.443359375,4.6044921875,-1.6015625
0.724,-3.923828125,4.32421875,-0.8408203125
0.7245,-4.5244140625,4.2041015625,-0.1201171875
0.725,-4.564453125,3.4033203125,0.7607421875
0.7255,-4.9248046875,3.0830078125,1.3212890625
0.726,-5.0048828125,1.921875,2.642578125
0.7265,-5.0048828125,1.44140625,3.04296875
0.727,-4.7646484375,0.48046875,3.763671875
0.7275,-4.2841796875,-0.5205078125,4.1240234375
0.728,-3.5634765625,-1.521484375,4.3642578125
0.7285,-2.8828125,-2.4423828125,4.6044921875
0.729,-1.8818359375,-3.5634765625,4.7646484375
0.7295,-1.3212890625,-3.8837890625,4.484375
0.73,-0.400390625,-4.6044921875,4.32421875
0.7305,0.560546875,-4.8447265625,3.5234375
0.731,1.3212890625,-5.125,3.1630859375
0.7315,2.6826171875,-5.3251953125,1.9619140625
0.732,3.4833984375,-5.4052734375,1.28125
0.7325,3.8837890625,-4.96484375,0.4404296875
0.733,4.484375,-4.8046875,-0.3203125
0.7335,4.484375,-3.84375,-1.2412109375
0.734,4.724609375,-3.443359375,-1.8818359375
0.7345,4.8447265625,-2.2421875,-3.203125
0.735,4.6845703125,-1.681640625,-3.5634765625
0.7355,4.3642578125,-0.640625,-4.244140625
0.736,3.7236328125,0.3203125,-4.564453125
0.7365,2.9228515625,1.28125,-4.724609375
0.737,2.2021484375,2.3623046875,-4.884765625
0.7375,1.28125,3.4833984375,-5.125
0.738,0.48046875,3.7236328125,-4.5244140625
0.7385,-0.48046875,4.484375,-4.3642578125
0.739,-1.44140625,4.5244140625,-3.4833984375
0.7395,-2.2822265625,4.8447265625,-2.962890625
0.74,-3.68359375,5.0048828125,-1.7216796875
0.7405,-4.3642578125,4.96484375,-1.0009765625
0.741,-4.6845703125,4.32421875,0.0
0.7415,-5.205078125,4.1240234375,0.6806640625
0.742,-5.125,3.123046875,1.5615234375
0.7425,-5.28515625,2.5224609375,2.2822265625
0.743,-5.4853515625,1.4013671875,3.5634765625
0.7435,-5.044921875,0.640625,3.8037109375
0.744,-4.6845703125,-0.400390625,4.4443359375
0.7445,-3.923828125,-1.44140625,4.64453125
0.745,-3.1630859375,-2.2822265625,4.8046875
0.7455,-2.2822265625,-3.36328125,4.96484375
0.746,-1.44140625,-4.3642578125,5.0849609375
0.7465,-0.48046875,-4.5244140625,4.2841796875
0.747,0.3203125,-5.205078125,4.1640625
0.7475,1.3212890625,-5.1650390625,3.1630859375
0.748,2.1220703125,-5.4453125,2.6025390625
0.7485,3.5234375,-5.60546875,1.44140625
0.749,4.00390625,-5.365234375,0.6806640625
0.7495,4.404296875,-4.724609375,-0.2802734375
0.75,4.7646484375,-4.4443359375,-0.9208984375
0.7505,4.6845703125,-3.4833984375,-1.8017578125
0.751,4.8046875,-2.802734375,-2.5625
0.7515,5.044921875,-1.921875,-3.7236328125
0.752,4.404296875,-1.041015625,-3.8837890625
0.7525,4.1240234375,-0.080078125,-4.6044921875
0.753,3.203125,1.0009765625,-4.64453125
0.7535,2.6025390625,1.841796875,-4.8447265625
0.754,1.6416015625,2.9228515625,-4.96484375
0.7545,0.9609375,3.763671875,-5.0048828125
0.755,-0.16015625,3.9638671875,-4.1640625
0.7555,-0.8408203125,4.6044921875,-4.1240234375
0.756,-1.9619140625,4.6044921875,-3.04296875
0.7565,-2.72265625,4.8447265625,-2.5224609375
0.757,-4.00390625,5.044921875,-1.4013671875
0.7575,-4.4443359375,4.6044921875,-0.640625
0.758,-4.8447265625,4.1240234375,0.2802734375
0.7585,-5.125,3.68359375,0.9609375
0.759,-5.125,2.802734375,1.8818359375
0.7595,-5.205078125,2.0419921875,2.642578125
0.76,-5.4453125,1.201171875,3.68359375
0.7605,-4.564453125,0.16015625,3.84375
0.761,-4.4443359375,-0.6806640625,4.5244140625
0.7615,-3.36328125,-1.8017578125,4.5244140625
0.762,-2.8828125,-2.5625,4.7646484375
0.7625,-1.921875,-3.603515625,4.8447265625
0.763,-1.12109375,-4.244140625,4.64453125
0.7635,-0.1201171875,-4.5244140625,3.923828125
0.764,0.560546875,-5.044921875,3.8037109375
0.7645,1.7216796875,-5.044921875,2.6826171875
0.765,2.40234375,-5.2451171875,2.2021484375
0.7655,3.5634765625,-5.4052734375,1.1611328125
0.766,3.8037109375,-4.8046875,0.400390625
0.7665,4.244140625,-4.484375,-0.3603515625
0.767,4.32421875,-3.8037109375,-1.12109375
0.7675,4.4443359375,-3.1630859375,-1.921875
0.768,4.484375,-2.4423828125,-2.6826171875
0.7685,4.6044921875,-1.7216796875,-3.5234375
0.769,3.8037109375,-0.640625,-3.68359375
0.7695,3.7236328125,0.1201171875,-4.2841796875
0.77,2.642578125,1.201171875,-4.244140625
0.7705,2.2822265625,1.8818359375,-4.564453125
0.771,1.44140625,2.8427734375,-4.64453125
0.7715,0.720703125,3.283203125,-4.3642578125
0.772,-0.2001953125,3.763671875,-3.84375
0.7725,-0.9609375,4.1240234375,-3.5634765625
0.773,-2.001953125,4.244140625,-2.642578125
0.7735,-2.72265625,4.484375,-2.162109375
0.774,-3.7236328125,4.6044921875,-1.28125
0.7745,-3.8837890625,3.9638671875,-0.5205078125
0.775,-4.5244140625,3.923828125,0.16015625
0.7755,-4.5244140625,3.04296875,1.0009765625
0.776,-4.8046875,2.5224609375,1.76171875
0.7765,-4.8447265625,1.76171875,2.5224609375
0.777,-4.8447265625,1.1611328125,3.1630859375
0.7775,-4.083984375,0.0400390625,3.5234375
0.778,-4.00390625,-0.6806640625,4.083984375
0.7785,-2.9228515625,-1.8017578125,4.1240234375
0.779,-2.6025390625,-2.4423828125,4.404296875
0.7795,-1.76171875,-3.36328125,4.484375
0.78,-1.0009765625,-3.7236328125,3.9638671875
0.7805,-0.2001953125,-4.1640625,3.7236328125
0.781,0.6806640625,-4.4443359375,3.123046875
0.7815,1.6015625,-4.64453125,2.3623046875
0.782,2.2822265625,-4.7646484375,1.841796875
0.7825,3.04296875,-4.8447265625,1.12109375
0.783,3.203125,-4.1640625,0.3203125
0.7835,3.68359375,-4.2041015625,-0.2001953125
0.784,3.68359375,-3.2431640625,-1.12109375
0.7845,4.00390625,-2.962890625,-1.681640625
0.785,4.083984375,-2.1220703125,-2.4423828125
0.7855,3.84375,-1.5615234375,-2.8427734375
0.786,3.3232421875,-0.6005859375,-3.283203125
0.7865,3.04296875,0.1201171875,-3.6435546875
0.787,2.2822265625,1.0810546875,-3.8037109375
0.7875,2.0419921875,1.6416015625,-4.1240234375
0.788,1.361328125,2.4423828125,-4.1640625
0.7885,0.6005859375,2.6826171875,-3.68359375
0.789,0.0,3.283203125,-3.68359375
0.7895,-1.0009765625,3.4833984375,-2.8828125
0.79,-1.681640625,3.84375,-2.5625
0.7905,-2.482421875,3.9638671875,-1.8818359375
0.791,-3.0029296875,3.9638671875,-1.4013671875
0.7915,-3.36328125,3.4833984375,-0.640625
0.792,-3.8037109375,3.443359375,-0.16015625
0.7925,-3.923828125,2.6025390625,0.7607421875
0.793,-4.2841796875,2.482421875,1.3212890625
0.7935,-4.484375,1.76171875,2.2021484375
0.794,-4.1240234375,1.12109375,2.482421875
0.7945,-3.8837890625,0.16015625,3.203125
0.795,-3.36328125,-0.6806640625,3.443359375
0.7955,-2.8828125,-1.521484375,3.8037109375
0.796,-2.4423828125,-2.2021484375,3.9638671875
0.7965,-1.841796875,-2.8427734375,4.00390625
0.797,-1.0009765625,-3.1630859375,3.5234375
0.7975,-0.48046875,-3.763671875,3.5234375
0.798,0.640625,-3.923828125,2.642578125
0.7985,1.28125,-4.3642578125,2.4423828125
0.799,2.08203125,-4.404296875,1.681640625
0.7995,2.4423828125,-4.32421875,1.1611328125
0.8,2.8828125,-4.00390625,0.4404296875
0.8005,3.1630859375,-3.7236328125,-0.1201171875
0.801,3.4033203125,-3.04296875,-1.0009765625
0.8015,3.6435546875,-2.72265625,-1.4814453125
0.802,3.84375,-2.1220703125,-2.2421875
0.8025,3.283203125,-1.28125,-2.5224609375
0.803,3.2431640625,-0.640625,-3.1630859375
0.8035,2.5224609375,0.3203125,-3.283203125
0.804,2.3623046875,0.9609375,-3.7236328125
0.8045,1.76171875,1.6416015625,-3.84375
0.805,1.2412109375,2.162109375,-3.763671875
0.8055,0.48046875,2.5224609375,-3.36328125
0.806,-0.16015625,3.04296875,-3.283203125
0.8065,-1.201171875,3.2431640625,-2.4423828125
0.807,-1.7216796875,3.6435546875,-2.2822265625
0.8075,-2.482421875,3.68359375,-1.6416015625
0.808,-2.72265625,3.36328125,-1.1611328125
0.8085,-3.2431640625,3.3232421875,-0.6005859375
0.809,-3.4833984375,2.8427734375,0.2001953125
0.8095,-3.84375,2.5224609375,0.880859375
0.81,-4.00390625,2.0419921875,1.4814453125
0.8105,-4.1240234375,1.5615234375,2.0419921875
0.811,-3.603515625,0.6005859375,2.4423828125
0.8115,-3.603515625,0.0,3.123046875
0.812,-2.8427734375,-1.041015625,3.3232421875
0.8125,-2.802734375,-1.6015625,3.8037109375
0.813,-2.08203125,-2.322265625,3.763671875
0.8135,-1.5615234375,-2.6826171875,3.603515625
0.814,-0.80078125,-3.2431640625,3.4033203125
0.8145,0.0,-3.6435546875,3.0029296875
0.815,0.9208984375,-3.9638671875,2.40234375
0.8155,1.521484375,-4.244140625,2.0419921875
0.816,2.2021484375,-4.32421875,1.4814453125
0.8165,2.4423828125,-3.923828125,0.80078125
0.817,2.9228515625,-3.8837890625,0.3603515625
0.8175,3.0830078125,-3.123046875,-0.6005859375
0.818,3.5234375,-2.962890625,-1.1611328125
0.8185,3.5234375,-2.2822265625,-1.8017578125
0.819,3.4833984375,-1.76171875,-2.2822265625
0.8195,3.04296875,-0.80078125,-2.72265625
0.82,2.8427734375,-0.2001953125,-3.203125
0.8205,2.2021484375,0.80078125,-3.443359375
0.821,2.08203125,1.28125,-3.8037109375
0.8215,1.4013671875,2.001953125,-3.8037109375
0.822,0.720703125,2.3623046875,-3.4833984375
0.8225,0.080078125,2.8828125,-3.3232421875
0.823,-0.9208984375,3.1630859375,-2.642578125
0.8235,-1.681640625,3.5234375,-2.322265625
0.824,-2.2822265625,3.5634765625,-1.76171875
0.8245,-2.802734375,3.5634765625,-1.3212890625
0.825,-3.0830078125,3.203125,-0.6005859375
0.8255,-3.5634765625,3.1630859375,0.0
0.826,-3.7236328125,2.40234375,0.9208984375
0.8265,-4.0439453125,2.2021484375,1.361328125
0.827,-4.083984375,1.521484375,2.08203125
0.8275,-3.8037109375,0.80078125,2.5224609375
0.828,-3.5234375,-0.1201171875,3.04296875
0.8285,-3.04296875,-0.9208984375,3.3232421875
0.829,-2.5625,-1.8017578125,3.68359375
0.8295,-2.162109375,-2.2822265625,3.8037109375
0.83,-1.521484375,-2.9228515625,3.8037109375
0.8305,-0.720703125,-3.2431640625,3.3232421875
0.831,-0.080078125,-3.84375,3.2431640625
0.8315,1.0810546875,-4.083984375,2.2822265625
0.832,1.7216796875,-4.4443359375,2.0419921875
0.8325,2.3623046875,-4.3642578125,1.28125
0.833,2.802734375,-4.2041015625,0.80078125
0.8335,3.0830078125,-3.7236328125,0.0400390625
0.834,3.443359375,-3.4033203125,-0.6005859375
0.8345,3.68359375,-2.6826171875,-1.6015625
0.835,3.763671875,-2.322265625,-2.001953125
0.8355,3.8037109375,-1.5615234375,-2.72265625
0.836,3.2431640625,-0.6806640625,-3.04296875
0.8365,2.962890625,0.1201171875,-3.5634765625
0.837,2.2421875,1.0810546875,-3.7236328125
0.8375,1.841796875,1.8818359375,-4.1240234375
0.838,1.2412109375,2.322265625,-3.923828125
0.8385,0.48046875,2.962890625,-3.84375
0.839,-0.3603515625,3.1630859375,-3.203125
0.8395,-1.12109375,3.603515625,-3.0029296875
0.84,-2.322265625,3.84375,-1.9619140625
0.8405,-2.8427734375,3.923828125,-1.6015625
0.841,-3.36328125,3.763671875,-0.80078125
0.8415,-3.7236328125,3.5234375,-0.2001953125
0.842,-3.923828125,3.04296875,0.48046875
0.8425,-4.1640625,2.4423828125,1.28125
0.843,-4.484375,1.841796875,2.162109375
0.8435,-4.2041015625,1.2412109375,2.5224609375
0.844,-4.2041015625,0.48046875,3.203125
0.8445,-3.4833984375,-0.5205078125,3.443359375
0.845,-3.203125,-1.28125,3.84375
0.8455,-2.2822265625,-2.3623046875,4.00390625
0.846,-1.921875,-2.962890625,4.2041015625
0.8465,-1.12109375,-3.4033203125,3.84375
0.847,-0.4404296875,-3.9638671875,3.7236328125
0.8475,0.400390625,-4.1640625,3.0029296875
0.848,1.28125,-4.564453125,2.6025390625
0.8485,2.482421875,-4.8046875,1.6015625
0.849,2.8427734375,-4.6044921875,1.1611328125
0.8495,3.4033203125,-4.4443359375,0.400390625
0.85,3.68359375,-3.923828125,-0.3203125
0.8505,3.8837890625,-3.5234375,-1.0009765625
0.851,4.0439453125,-2.72265625,-1.921875
0.8515,4.32421875,-2.162109375,-2.72265625
0.852,3.8837890625,-1.361328125,-3.0830078125
0.8525,3.84375,-0.6005859375,-3.8037109375
0.853,2.9228515625,0.5205078125,-3.8837890625
0.8535,2.642578125,1.2412109375,-4.2841796875
0.854,1.6015625,2.4423828125,-4.4443359375
0.8545,1.1611328125,2.962890625,-4.484375
0.855,0.2001953125,3.443359375,-4.00390625
0.8555,-0.560546875,3.8837890625,-3.8037109375
0.856,-1.4814453125,4.00390625,-2.962890625
0.8565,-2.40234375,4.32421875,-2.40234375
0.857,-3.603515625,4.6044921875,-1.4013671875
0.8575,-3.8837890625,4.1240234375,-0.640625
0.858,-4.5244140625,3.9638671875,0.080078125
0.8585,-4.6044921875,3.3232421875,0.80078125
0.859,-4.7646484375,2.7626953125,1.5615234375
0.8595,-4.884765625,1.841796875,2.5625
0.86,-5.044921875,1.201171875,3.3232421875
0.8605,-4.3642578125,0.16015625,3.603515625
0.861,-4.2041015625,-0.640625,4.2841796875
0.8615,-3.1630859375,-1.76171875,4.2841796875
0.862,-2.72265625,-2.5224609375,4.5244140625
0.8625,-1.7216796875,-3.68359375,4.724609375
0.863,-1.0009765625,-4.1240234375,4.404296875
0.8635,-0.080078125,-4.564453125,3.8837890625
0.864,0.6806640625,-4.9248046875,3.5234375
0.8645,1.7216796875,-5.0048828125,2.5625
0.865,2.6025390625,-5.1650390625,1.921875
0.8655,3.763671875,-5.3251953125,1.0009765625
0.866,3.8837890625,-4.64453125,0.1201171875
0.8665,4.4443359375,-4.5244140625,-0.5205078125
0.867,4.4443359375,-3.603515625,-1.361328125
0.8675,4.564453125,-3.0830078125,-2.08203125
0.868,4.6845703125,-2.08203125,-3.123046875
0.8685,4.64453125,-1.361328125,-3.8037109375
0.869,3.84375,-0.2802734375,-4.083984375
0.8695,3.68359375,0.5205078125,-4.6044921875
0.87,2.5224609375,1.6015625,-4.5244140625
0.8705,2.0419921875,2.3623046875,-4.8046875
0.871,1.12109375,3.5234375,-5.0048828125
0.8715,0.2001953125,3.84375,-4.4443359375
0.872,-0.640625,4.2841796875,-4.0439453125
0.8725,-1.6015625,4.6044921875,-3.4833984375
0.873,-2.642578125,4.724609375,-2.4423828125
0.8735,-3.5634765625,4.8447265625,-1.7216796875
0.874,-4.564453125,4.96484375,-0.80078125
0.8745,-4.6845703125,4.083984375,0.16015625
0.875,-5.205078125,4.00390625,0.7607421875
0.8755,-5.1650390625,2.8828125,1.841796875
0.876,-5.28515625,2.2421875,2.5224609375
0.8765,-5.365234375,1.3212890625,3.5234375
0.877,-5.125,0.48046875,4.1240234375
0.8775,-4.244140625,-0.720703125,4.3642578125
0.878,-3.9638671875,-1.521484375,4.8447265625
0.8785,-2.6826171875,-2.8427734375,4.8046875
0.879,-2.2021484375,-3.4033203125,4.9248046875
0.8795,-1.1611328125,-4.564453125,4.96484375
0.88,-0.16015625,-4.8046875,4.1640625
0.8805,0.6005859375,-5.205078125,3.84375
0.881,1.76171875,-5.4052734375,3.0029296875
0.8815,2.7626953125,-5.4453125,2.0419921875
0.882,3.5234375,-5.4453125,1.28125
0.8825,4.32421875,-5.4453125,0.4404296875
0.883,4.404296875,-4.484375,-0.5205078125
0.8835,4.8447265625,-4.32421875,-1.0810546875
0.884,4.8046875,-3.04296875,-2.322265625
0.8845,4.8046875,-2.5224609375,-2.8828125
0.885,4.8447265625,-1.5615234375,-3.8037109375
0.8855,4.404296875,-0.640625,-4.2041015625
0.886,3.6435546875,0.48046875,-4.5244140625
0.8865,3.1630859375,1.28125,-4.8447265625
0.887,1.9619140625,2.5224609375,-4.8447265625
0.8875,1.5615234375,3.0029296875,-4.9248046875
0.888,0.560546875,3.9638671875,-4.884765625
0.8885,-0.5205078125,4.1240234375,-4.0439453125
0.889,-1.1611328125,4.64453125,-3.8037109375
0.8895,-2.4423828125,4.8046875,-2.72265625
0.89,-3.283203125,4.884765625,-1.9619140625
0.8905,-4.00390625,4.8046875,-1.201171875
0.891,-4.724609375,4.64453125,-0.400390625
0.8915,-4.8447265625,3.8037109375,0.560546875
0.892,-5.205078125,3.603515625,1.12109375
0.8925,-5.2451171875,2.322265625,2.40234375
0.893,-5.28515625,1.921875,2.8828125
0.8935,-5.2451171875,0.9208984375,3.84375
0.894,-4.64453125,0.0,4.1240234375
0.8945,-4.0439453125,-1.12109375,4.5244140625
0.895,-3.36328125,-2.08203125,4.8046875
0.8955,-2.2822265625,-3.36328125,4.8447265625
0.896,-1.8017578125,-3.7236328125,4.8046875
0.8965,-0.80078125,-4.64453125,4.64453125
0.897,0.240234375,-4.7646484375,3.84375
0.8975,0.9208984375,-5.1650390625,3.603515625
0.898,2.322265625,-5.28515625,2.322265625
0.8985,3.0029296875,-5.4052734375,1.76171875
0.899,3.7236328125,-5.205078125,0.880859375
0.8995,4.2041015625,-4.9248046875,0.1201171875
0.9,4.32421875,-4.1640625,-0.80078125
0.9005,4.6044921875,-3.8037109375,-1.4013671875
0.901,4.64453125,-2.5625,-2.642578125
0.9015,4.6044921875,-2.162109375,-2.962890625
0.902,4.5244140625,-1.2412109375,-3.84375
0.9025,3.8037109375,-0.2001953125,-4.0439453125
0.903,3.3232421875,0.6806640625,-4.4443359375
0.9035,2.4423828125,1.681640625,-4.564453125
0.904,1.7216796875,2.5625,-4.7646484375
0.9045,1.12109375,3.04296875,-4.564453125
0.905,0.240234375,3.8037109375,-4.3642578125
0.9055,-0.720703125,3.923828125,-3.5634765625
0.906,-1.361328125,4.3642578125,-3.36328125
0.9065,-2.72265625,4.4443359375,-2.08203125
0.907,-3.203125,4.564453125,-1.8017578125
0.9075,-3.8837890625,4.3642578125,-0.880859375
0.908,-4.244140625,3.9638671875,-0.2001953125
0.9085,-4.5244140625,3.4833984375,0.6005859375
0.909,-4.6845703125,2.9228515625,1.28125
0.9095,-4.884765625,2.08203125,2.322265625
0.91,-4.8046875,1.5615234375,2.6826171875
0.9105,-4.8046875,0.7607421875,3.5234375
0.911,-3.9638671875,-0.3203125,3.7236328125
0.9115,-3.763671875,-1.1611328125,4.2041015625
0.912,-2.72265625,-2.322265625,4.32421875
0.9125,-2.322265625,-2.962890625,4.6044921875
0.913,-1.4814453125,-3.5234375,4.32421875
0.9135,-0.720703125,-4.1240234375,4.1240234375
0.914,0.2001953125,-4.32421875,3.443359375
0.9145,0.9609375,-4.7646484375,3.123046875
0.915,2.2421875,-4.9248046875,1.9619140625
0.9155,2.6025390625,-4.96484375,1.6416015625
0.916,3.3232421875,-4.7646484375,0.80078125
0.9165,3.603515625,-4.244140625,0.080078125
0.917,3.8837890625,-3.84375,-0.640625
0.9175,4.00390625,-3.0830078125,-1.4814453125
0.918,4.2841796875,-2.5625,-2.2822265625
0.9185,4.00390625,-1.921875,-2.642578125
0.919,3.9638671875,-1.1611328125,-3.36328125
0.9195,3.123046875,-0.1201171875,-3.5634765625
0.92,3.0029296875,0.560546875,-4.00390625
0.9205,1.921875,1.6416015625,-4.083984375
0.921,1.8017578125,2.162109375,-4.3642578125
0.9215,0.9208984375,2.72265625,-4.00390625
0.922,0.240234375,3.1630859375,-3.7236328125
0.9225,-0.640625,3.443359375,-3.203125
0.923,-1.44140625,3.8037109375,-2.72265625
0.9235,-2.40234375,4.00390625,-2.001953125
0.924,-2.72265625,3.923828125,-1.6015625
0.9245,-3.36328125,3.84375,-0.9609375
0.925,-3.5634765625,3.36328125,-0.2802734375
0.9255,-3.9638671875,3.1630859375,0.3203125
0.926,-4.083984375,2.40234375,1.2412109375
0.9265,-4.4443359375,2.2021484375,1.76171875
0.927,-4.1640625,1.4013671875,2.2822265625
0.9275,-4.1640625,0.7607421875,2.8427734375
0.928,-3.4833984375,-0.3203125,3.1630859375
0.9285,-3.3232421875,-1.0009765625,3.6435546875
0.929,-2.5625,-1.9619140625,3.84375
0.9295,-2.3623046875,-2.2822265625,4.0439453125
0.93,-1.521484375,-3.0029296875,3.8837890625
0.9305,-0.8408203125,-3.36328125,3.5234375
0.931,0.0,-3.8837890625,3.283203125
0.9315,0.9609375,-4.1640625,2.5625
0.932,1.681640625,-4.5244140625,2.2021484375
0.9325,2.162109375,-4.3642578125,1.5615234375
0.933,2.72265625,-4.3642578125,1.041015625
0.9335,2.962890625,-3.8037109375,0.240234375
0.934,3.4033203125,-3.68359375,-0.3203125
0.9345,3.603515625,-2.8828125,-1.28125
0.935,3.84375,-2.72265625,-1.7216796875
0.9355,3.6435546875,-1.8818359375,-2.40234375
0.936,3.443359375,-1.2412109375,-2.802734375
0.9365,2.9228515625,-0.240234375,-3.2431640625
0.937,2.5625,0.560546875,-3.5634765625
0.9375,2.08203125,1.4013671875,-3.8837890625
0.938,1.6416015625,1.76171875,-3.84375
0.9385,0.9609375,2.4423828125,-3.8037109375
0.939,0.16015625,2.72265625,-3.283203125
0.9395,-0.5205078125,3.2431640625,-3.123046875
0.94,-1.5615234375,3.4833984375,-2.2822265625
0.9405,-2.1220703125,3.8037109375,-2.0419921875
0.941,-2.5625,3.5234375,-1.361328125
0.9415,-3.04296875,3.5234375,-0.9609375
0.942,-3.283203125,3.04296875,-0.16015625
0.9425,-3.6435546875,2.802734375,0.4404296875
0.943,-3.9638671875,2.2421875,1.2412109375
0.9435,-4.00390625,1.8818359375,1.5615234375
0.944,-3.9638671875,1.12109375,2.2421875
0.9445,-3.5634765625,0.3203125,2.6025390625
0.945,-3.283203125,-0.4404296875,3.1630859375
0.9455,-2.72265625,-1.28125,3.36328125
0.946,-2.5625,-1.8818359375,3.8037109375
0.9465,-1.921875,-2.2822265625,3.5634765625
0.947,-1.4013671875,-2.8828125,3.6435546875
0.9475,-0.5205078125,-3.203125,3.123046875
0.948,0.2001953125,-3.763671875,2.9228515625
0.9485,1.1611328125,-4.0439453125,2.2021484375
0.949,1.6015625,-4.244140625,1.9619140625
0.9495,2.2021484375,-4.083984375,1.28125
0.95,2.5224609375,-3.923828125,0.80078125
0.9505,2.962890625,-3.5634765625,0.0400390625
0.951,3.203125,-3.1630859375,-0.640625
0.9515,3.6435546875,-2.8828125,-1.4013671875
0.952,3.4833984375,-2.2822265625,-1.8017578125
0.9525,3.5234375,-1.6416015625,-2.5224609375
0.953,2.9228515625,-0.640625,-2.7626953125
0.9535,2.8427734375,0.0400390625,-3.36328125
0.954,2.162109375,0.9609375,-3.5634765625
0.9545,2.0419921875,1.44140625,-3.8837890625
0.955,1.201171875,1.921875,-3.5634765625
0.9555,0.640625,2.5224609375,-3.5634765625
0.956,-0.240234375,2.8427734375,-3.04296875
0.9565,-1.0009765625,3.283203125,-2.642578125
0.957,-1.921875,3.603515625,-2.08203125
0.9575,-2.2822265625,3.5234375,-1.681640625
0.958,-2.8828125,3.5234375,-1.0810546875
0.9585,-3.123046875,3.1630859375,-0.5205078125
0.959,-3.5634765625,2.9228515625,0.2001953125
0.9595,-3.7236328125,2.2421875,0.9609375
0.96,-4.1240234375,1.9619140625,1.5615234375
0.9605,-3.8037109375,1.2412109375,1.9619140625
0.961,-3.84375,0.6806640625,2.6025390625
0.9615,-3.1630859375,-0.3203125,2.9228515625
0.962,-3.04296875,-1.0009765625,3.4033203125
0.9625,-2.40234375,-1.921875,3.68359375
0.963,-2.08203125,-2.2822265625,3.7236328125
0.9635,-1.3212890625,-2.8427734375,3.5234375
0.964,-0.720703125,-3.2431640625,3.3232421875
0.9645,0.1201171875,-3.6435546875,2.8828125
0.965,1.0009765625,-4.00390625,2.3623046875
0.9655,1.841796875,-4.32421875,1.8818359375
0.966,2.162109375,-4.0439453125,1.28125
0.9665,2.72265625,-4.1240234375,0.80078125
0.967,2.9228515625,-3.5634765625,0.0
0.9675,3.3232421875,-3.36328125,-0.640625
0.968,3.5634765625,-2.6826171875,-1.5615234375
0.9685,3.763671875,-2.3623046875,-2.001953125
0.969,3.443359375,-1.4013671875,-2.5625
0.9695,3.283203125,-0.720703125,-3.0830078125
0.97,2.6025390625,0.240234375,-3.3232421875
0.9705,2.322265625,0.9609375,-3.7236328125
0.971,1.76171875,1.8818359375,-4.0439453125
0.9715,1.1611328125,2.2421875,-3.8037109375
0.972,0.48046875,2.8427734375,-3.7236328125
0.9725,-0.3203125,3.1630859375,-3.203125
0.973,-1.1611328125,3.5234375,-2.7626953125
0.9735,-2.162109375,3.84375,-2.0419921875
0.974,-2.9228515625,3.9638671875,-1.4814453125
0.9745,-3.203125,3.5234375,-0.7607421875
0.975,-3.7236328125,3.5234375,-0.2802734375
0.9755,-3.84375,2.802734375,0.560546875
0.976,-4.1640625,2.40234375,1.2412109375
0.9765,-4.4443359375,1.681640625,2.162109375
0.977,-4.2041015625,1.12109375,2.5625
0.9775,-3.8837890625,0.2802734375,3.123046875
0.978,-3.4833984375,-0.6005859375,3.4833984375
0.9785,-2.8828125,-1.44140625,3.68359375
0.979,-2.322265625,-2.2822265625,3.9638671875
0.9795,-1.7216796875,-3.0830078125,4.1240234375
0.98,-0.9208984375,-3.36328125,3.5634765625
0.9805,-0.3603515625,-3.923828125,3.603515625
0.981,0.6005859375,-4.0439453125,2.802734375
0.9815,1.4013671875,-4.404296875,2.3623046875
0.982,2.40234375,-4.64453125,1.5615234375
0.9825,2.962890625,-4.5244140625,0.9609375
0.983,3.2431640625,-4.0439453125,0.240234375
0.9835,3.6435546875,-3.9638671875,-0.3203125
0.984,3.7236328125,-3.1630859375,-1.201171875
0.9845,3.923828125,-2.72265625,-1.841796875
0.985,4.1640625,-1.9619140625,-2.7626953125
0.9855,3.68359375,-1.1611328125,-3.04296875
0.986,3.5234375,-0.3603515625,-3.6435546875
0.9865,2.802734375,0.560546875,-3.84375
0.987,2.2822265625,1.4013671875,-4.083984375
0.9875,1.6416015625,2.2421875,-4.2841796875
0.988,1.0009765625,3.0029296875,-4.3642578125
0.9885,0.080078125,3.2431640625,-3.7236328125
0.989,-0.5205078125,3.84375,-3.7236328125
0.9895,-1.7216796875,3.9638671875,-2.642578125
0.99,-2.4423828125,4.244140625,-2.2421875
0.9905,-3.4833984375,4.404296875,-1.361328125
0.991,-3.8837890625,4.1240234375,-0.640625
0.9915,-4.244140625,3.6435546875,0.1201171875
0.992,-4.5244140625,3.2431640625,0.7607421875
0.9925,-4.64453125,2.322265625,1.76171875
0.993,-4.7646484375,1.8818359375,2.40234375
0.9935,-4.96484375,1.12109375,3.36328125
0.994,-4.2041015625,0.0400390625,3.5634765625
0.9945,-4.00390625,-0.720703125,4.1240234375
0.995,-2.962890625,-1.921875,4.2841796875
0.9955,-2.3623046875,-2.72265625,4.484375
0.996,-1.6416015625,-3.5634765625,4.484375
0.9965,-0.8408203125,-4.2041015625,4.32421875
0.997,0.080078125,-4.3642578125,3.6435546875
0.9975,0.80078125,-4.8447265625,3.4033203125
0.998,2.162109375,-4.96484375,2.162109375
0.9985,2.72265625,-5.0849609375,1.7216796875
0.999,3.68359375,-5.125,0.80078125
0.9995,3.923828125,-4.6044921875,0.0
