wavelength,x,y,z
0.0,5.175048828125,-4.834716796875,-2.192138671875
0.0005,4.734619140625,-5.715576171875,-1.071044921875
0.001,4.334228515625,-6.236083984375,-0.350341796875
0.0015,3.333251953125,-6.276123046875,0.770751953125
0.002,1.931884765625,-6.396240234375,2.172119140625
0.0025,0.610595703125,-6.556396484375,3.733642578125
0.003,-0.510498046875,-6.636474609375,4.814697265625
0.0035,-1.151123046875,-6.756591796875,5.695556640625
0.004,-1.991943359375,-6.276123046875,6.176025390625
0.0045,-3.193115234375,-5.114990234375,6.416259765625
0.005,-4.514404296875,-3.873779296875,6.736572265625
0.0055,-5.515380859375,-2.552490234375,6.776611328125
0.006,-6.115966796875,-1.551513671875,6.696533203125
0.0065,-6.276123046875,-0.790771484375,6.416259765625
0.007,-6.035888671875,0.210205078125,5.615478515625
0.0075,-5.755615234375,1.291259765625,4.494384765625
0.008,-5.675537109375,2.692626953125,3.293212890625
0.0085,-5.555419921875,3.773681640625,2.212158203125
0.009,-5.155029296875,4.694580078125,1.211181640625
0.0095,-4.634521484375,5.094970703125,0.370361328125
0.01,-3.633544921875,5.295166015625,-0.790771484375
0.0105,-2.432373046875,5.615478515625,-2.192138671875
0.011,-1.151123046875,5.815673828125,-3.633544921875
0.0115,-0.270263671875,6.015869140625,-4.754638671875
0.012,0.570556640625,6.095947265625,-5.595458984375
0.0125,1.531494140625,5.495361328125,-6.115966796875
0.013,2.852783203125,4.334228515625,-6.436279296875
0.0135,4.134033203125,3.052978515625,-6.796630859375
0.014,5.094970703125,1.851806640625,-6.796630859375
0.0145,5.615478515625,0.930908203125,-6.756591796875
0.015,5.735595703125,0.130126953125,-6.356201171875
0.0155,5.495361328125,-0.950927734375,-5.475341796875
0.016,5.375244140625,-2.152099609375,-4.394287109375
0.0165,5.135009765625,-3.553466796875,-3.072998046875
0.017,5.014892578125,-4.634521484375,-2.112060546875
0.0175,4.774658203125,-5.435302734375,-1.271240234375
0.018,4.013916015625,-5.715576171875,-0.350341796875
0.0185,2.892822265625,-5.835693359375,0.930908203125
0.019,1.691650390625,-6.196044921875,2.412353515625
0.0195,0.570556640625,-6.356201171875,3.693603515625
0.02,-0.310302734375,-6.556396484375,4.734619140625
0.0205,-1.071044921875,-6.516357421875,5.455322265625
0.021,-2.112060546875,-5.675537109375,5.815673828125
0.0215,-3.473388671875,-4.554443359375,6.216064453125
0.022,-4.634521484375,-3.313232421875,6.456298828125
0.0225,-5.435302734375,-2.192138671875,6.456298828125
0.023,-5.795654296875,-1.431396484375,6.376220703125
0.0235,-5.755615234375,-0.630615234375,5.815673828125
0.024,-5.555419921875,0.450439453125,4.934814453125
0.0245,-5.595458984375,1.651611328125,3.973876953125
0.025,-5.395263671875,2.892822265625,2.772705078125
0.0255,-5.155029296875,3.853759765625,1.811767578125
0.026,-4.874755859375,4.534423828125,1.010986328125
0.0265,-4.073974609375,4.814697265625,0.130126953125
0.027,-3.032958984375,5.094970703125,-1.231201171875
0.0275,-1.911865234375,5.455322265625,-2.632568359375
0.028,-0.910888671875,5.655517578125,-3.793701171875
0.0285,-0.230224609375,5.895751953125,-4.834716796875
0.029,0.770751953125,5.615478515625,-5.435302734375
0.0295,1.931884765625,4.774658203125,-5.835693359375
0.03,3.173095703125,3.693603515625,-6.276123046875
0.0305,4.254150390625,2.492431640625,-6.436279296875
0.031,4.974853515625,1.531494140625,-6.516357421875
0.0315,5.295166015625,0.770751953125,-6.396240234375
0.032,5.215087890625,0.010009765625,-5.755615234375
0.0325,5.054931640625,-1.151123046875,-4.794677734375
0.033,5.094970703125,-2.512451171875,-3.873779296875
0.0335,4.934814453125,-3.673583984375,-2.832763671875
0.034,4.814697265625,-4.514404296875,-1.951904296875
0.0345,4.414306640625,-5.114990234375,-1.151123046875
0.035,3.533447265625,-5.355224609375,0.010009765625
0.0355,2.532470703125,-5.755615234375,1.251220703125
0.036,1.371337890625,-6.035888671875,2.612548828125
0.0365,0.530517578125,-6.276123046875,3.693603515625
0.037,-0.310302734375,-6.476318359375,4.614501953125
0.0375,-1.191162109375,-6.075927734375,5.175048828125
0.038,-2.352294921875,-5.114990234375,5.615478515625
0.0385,-3.593505859375,-4.114013671875,6.055908203125
0.039,-4.594482421875,-2.952880859375,6.135986328125
0.0395,-5.195068359375,-2.192138671875,6.256103515625
0.04,-5.395263671875,-1.431396484375,6.015869140625
0.0405,-5.395263671875,-0.590576171875,5.415283203125
0.041,-5.315185546875,0.530517578125,4.534423828125
0.0415,-5.275146484375,1.811767578125,3.533447265625
0.042,-5.195068359375,2.892822265625,2.572509765625
0.0425,-5.074951171875,3.813720703125,1.771728515625
0.043,-4.554443359375,4.254150390625,0.970947265625
0.0435,-3.673583984375,4.574462890625,-0.190185546875
0.044,-2.752685546875,5.054931640625,-1.471435546875
0.0445,-1.751708984375,5.335205078125,-2.752685546875
0.045,-0.990966796875,5.695556640625,-3.833740234375
0.0455,-0.190185546875,5.735595703125,-4.674560546875
0.046,0.930908203125,5.175048828125,-5.235107421875
0.0465,2.172119140625,4.294189453125,-5.715576171875
0.047,3.333251953125,3.173095703125,-6.115966796875
0.0475,4.214111328125,2.212158203125,-6.276123046875
0.048,4.814697265625,1.411376953125,-6.356201171875
0.0485,4.814697265625,0.610595703125,-5.915771484375
0.049,4.854736328125,-0.350341796875,-5.315185546875
0.0495,4.934814453125,-1.471435546875,-4.514404296875
0.05,4.894775390625,-2.672607421875,-3.513427734375
0.0505,4.814697265625,-3.713623046875,-2.592529296875
0.051,4.614501953125,-4.514404296875,-1.831787109375
0.0515,3.973876953125,-4.914794921875,-0.950927734375
0.052,3.133056640625,-5.315185546875,0.330322265625
0.0525,2.092041015625,-5.755615234375,1.731689453125
0.053,1.211181640625,-6.075927734375,2.892822265625
0.0535,0.490478515625,-6.396240234375,3.973876953125
0.054,-0.510498046875,-6.276123046875,4.654541015625
0.0545,-1.591552734375,-5.515380859375,5.175048828125
0.055,-2.872802734375,-4.634521484375,5.735595703125
0.0555,-3.993896484375,-3.553466796875,5.975830078125
0.056,-4.794677734375,-2.592529296875,6.135986328125
0.0565,-5.315185546875,-1.951904296875,6.176025390625
0.057,-5.195068359375,-1.151123046875,5.615478515625
0.0575,-5.195068359375,0.010009765625,4.854736328125
0.058,-5.275146484375,1.251220703125,3.973876953125
0.0585,-5.235107421875,2.412353515625,3.012939453125
0.059,-5.155029296875,3.413330078125,2.172119140625
0.0595,-4.794677734375,3.973876953125,1.371337890625
0.06,-4.033935546875,4.414306640625,0.370361328125
0.0605,-3.153076171875,4.854736328125,-0.990966796875
0.061,-2.112060546875,5.255126953125,-2.352294921875
0.0615,-1.271240234375,5.575439453125,-3.473388671875
0.062,-0.550537109375,5.815673828125,-4.474365234375
0.0625,0.570556640625,5.415283203125,-5.114990234375
0.063,1.771728515625,4.494384765625,-5.555419921875
0.0635,3.093017578125,3.453369140625,-6.035888671875
0.064,4.093994140625,2.372314453125,-6.196044921875
0.0645,4.614501953125,1.571533203125,-6.276123046875
0.065,4.974853515625,0.770751953125,-6.115966796875
0.0655,4.934814453125,-0.270263671875,-5.435302734375
0.066,4.934814453125,-1.271240234375,-4.634521484375
0.0665,4.974853515625,-2.552490234375,-3.593505859375
0.067,4.814697265625,-3.673583984375,-2.632568359375
0.0675,4.734619140625,-4.514404296875,-1.871826171875
0.068,4.134033203125,-4.994873046875,-0.990966796875
0.0685,3.173095703125,-5.275146484375,0.250244140625
0.069,2.212158203125,-5.755615234375,1.571533203125
0.0695,1.211181640625,-6.035888671875,2.852783203125
0.07,0.450439453125,-6.356201171875,3.893798828125
0.0705,-0.470458984375,-6.356201171875,4.734619140625
0.071,-1.511474609375,-5.715576171875,5.215087890625
0.0715,-2.752685546875,-4.714599609375,5.735595703125
0.072,-3.993896484375,-3.593505859375,6.055908203125
0.0725,-4.834716796875,-2.512451171875,6.216064453125
0.073,-5.315185546875,-1.911865234375,6.216064453125
0.0735,-5.355224609375,-1.111083984375,5.735595703125
0.074,-5.275146484375,0.010009765625,4.934814453125
0.0745,-5.315185546875,1.211181640625,4.053955078125
0.075,-5.275146484375,2.452392578125,3.052978515625
0.0755,-5.155029296875,3.413330078125,2.132080078125
0.076,-4.874755859375,4.134033203125,1.331298828125
0.0765,-4.154052734375,4.494384765625,0.450439453125
0.077,-3.193115234375,4.814697265625,-0.910888671875
0.0775,-2.192138671875,5.255126953125,-2.272216796875
0.078,-1.231201171875,5.575439453125,-3.473388671875
0.0785,-0.550537109375,5.855712890625,-4.514404296875
0.079,0.490478515625,5.615478515625,-5.155029296875
0.0795,1.731689453125,4.694580078125,-5.635498046875
0.08,3.012939453125,3.653564453125,-6.115966796875
0.0805,4.174072265625,2.532470703125,-6.276123046875
0.081,4.854736328125,1.531494140625,-6.436279296875
0.0815,5.175048828125,0.730712890625,-6.356201171875
0.082,5.135009765625,-0.150146484375,-5.715576171875
0.0825,5.054931640625,-1.271240234375,-4.754638671875
0.083,5.094970703125,-2.592529296875,-3.713623046875
0.0835,4.974853515625,-3.793701171875,-2.712646484375
0.084,4.814697265625,-4.674560546875,-1.791748046875
0.0845,4.334228515625,-5.195068359375,-0.990966796875
0.085,3.333251953125,-5.435302734375,0.250244140625
0.0855,2.252197265625,-5.835693359375,1.611572265625
0.086,1.131103515625,-6.156005859375,3.052978515625
0.0865,0.290283203125,-6.396240234375,4.134033203125
0.087,-0.550537109375,-6.556396484375,5.014892578125
0.0875,-1.591552734375,-5.915771484375,5.495361328125
0.088,-2.912841796875,-4.834716796875,5.935791015625
0.0885,-4.154052734375,-3.553466796875,6.416259765625
0.089,-5.114990234375,-2.512451171875,6.376220703125
0.0895,-5.635498046875,-1.671630859375,6.416259765625
0.09,-5.755615234375,-0.870849609375,5.975830078125
0.0905,-5.555419921875,0.250244140625,5.094970703125
0.091,-5.475341796875,1.451416015625,4.053955078125
0.0915,-5.435302734375,2.812744140625,2.892822265625
0.092,-5.275146484375,3.853759765625,1.931884765625
0.0925,-4.994873046875,4.614501953125,1.091064453125
0.093,-4.234130859375,4.934814453125,0.170166015625
0.0935,-3.113037109375,5.135009765625,-1.191162109375
0.094,-1.951904296875,5.575439453125,-2.712646484375
0.0945,-0.870849609375,5.775634765625,-3.993896484375
0.095,0.010009765625,6.015869140625,-4.994873046875
0.0955,0.890869140625,5.815673828125,-5.755615234375
0.096,2.092041015625,4.814697265625,-6.196044921875
0.0965,3.613525390625,3.613525390625,-6.636474609375
0.097,4.734619140625,2.252197265625,-6.796630859375
0.0975,5.415283203125,1.171142578125,-6.756591796875
0.098,5.735595703125,0.370361328125,-6.596435546875
0.0985,5.655517578125,-0.630615234375,-5.915771484375
0.099,5.415283203125,-1.831787109375,-4.794677734375
0.0995,5.335205078125,-3.193115234375,-3.553466796875
0.1,5.175048828125,-4.474365234375,-2.352294921875
0.1005,4.854736328125,-5.355224609375,-1.351318359375
0.101,4.374267578125,-5.915771484375,-0.510498046875
0.1015,3.253173828125,-6.075927734375,0.690673828125
0.102,1.931884765625,-6.276123046875,2.172119140625
0.1025,0.610595703125,-6.516357421875,3.773681640625
0.103,-0.350341796875,-6.636474609375,4.814697265625
0.1035,-1.111083984375,-6.716552734375,5.695556640625
0.104,-2.072021484375,-6.115966796875,6.216064453125
0.1045,-3.393310546875,-4.914794921875,6.416259765625
0.105,-4.794677734375,-3.553466796875,6.816650390625
0.1055,-5.755615234375,-2.272216796875,6.856689453125
0.106,-6.276123046875,-1.231201171875,6.656494140625
0.1065,-6.356201171875,-0.430419921875,6.256103515625
0.107,-6.035888671875,0.690673828125,5.255126953125
0.1075,-5.795654296875,1.971923828125,4.053955078125
0.108,-5.715576171875,3.413330078125,2.732666015625
0.1085,-5.435302734375,4.494384765625,1.571533203125
0.109,-5.034912109375,5.175048828125,0.690673828125
0.1095,-4.314208984375,5.495361328125,-0.310302734375
0.11,-3.072998046875,5.575439453125,-1.511474609375
0.1105,-1.751708984375,5.855712890625,-3.072998046875
0.111,-0.510498046875,6.055908203125,-4.514404296875
0.1115,0.410400390625,6.135986328125,-5.435302734375
0.112,1.171142578125,6.055908203125,-6.236083984375
0.1125,2.292236328125,5.014892578125,-6.716552734375
0.113,3.733642578125,3.733642578125,-6.916748046875
0.1135,5.054931640625,2.332275390625,-7.116943359375
0.114,5.775634765625,1.131103515625,-7.036865234375
0.1145,6.135986328125,0.250244140625,-6.876708984375
0.115,6.095947265625,-0.750732421875,-6.276123046875
0.1155,5.735595703125,-1.871826171875,-5.074951171875
0.116,5.535400390625,-3.233154296875,-3.793701171875
0.1165,5.375244140625,-4.634521484375,-2.432373046875
0.117,5.014892578125,-5.555419921875,-1.351318359375
0.1175,4.614501953125,-6.156005859375,-0.510498046875
0.118,3.573486328125,-6.356201171875,0.610595703125
0.1185,2.212158203125,-6.436279296875,2.052001953125
0.119,0.770751953125,-6.716552734375,3.693603515625
0.1195,-0.430419921875,-6.756591796875,4.854736328125
0.12,-1.151123046875,-6.836669921875,5.775634765625
0.1205,-1.991943359375,-6.596435546875,6.296142578125
0.121,-3.273193359375,-5.355224609375,6.696533203125
0.1215,-4.634521484375,-3.993896484375,6.976806640625
0.122,-5.795654296875,-2.552490234375,7.056884765625
0.1225,-6.396240234375,-1.391357421875,6.856689453125
0.123,-6.556396484375,-0.590576171875,6.536376953125
0.1235,-6.356201171875,0.490478515625,5.735595703125
0.124,-6.035888671875,1.651611328125,4.494384765625
0.1245,-5.835693359375,3.093017578125,3.173095703125
0.125,-5.555419921875,4.334228515625,1.891845703125
0.1255,-5.195068359375,5.135009765625,0.890869140625
0.126,-4.634521484375,5.615478515625,0.050048828125
0.1265,-3.553466796875,5.695556640625,-1.151123046875
0.127,-2.112060546875,5.895751953125,-2.672607421875
0.1275,-0.790771484375,6.095947265625,-4.194091796875
0.128,0.290283203125,6.135986328125,-5.275146484375
0.1285,1.091064453125,6.256103515625,-6.115966796875
0.129,1.971923828125,5.535400390625,-6.596435546875
0.1295,3.373291015625,4.174072265625,-6.916748046875
0.13,4.694580078125,2.852783203125,-7.197021484375
0.1305,5.655517578125,1.531494140625,-7.156982421875
0.131,6.135986328125,0.490478515625,-6.996826171875
0.1315,6.216064453125,-0.430419921875,-6.556396484375
0.132,5.895751953125,-1.431396484375,-5.595458984375
0.1325,5.615478515625,-2.752685546875,-4.234130859375
0.133,5.455322265625,-4.154052734375,-2.912841796875
0.1335,5.135009765625,-5.275146484375,-1.711669921875
0.134,4.814697265625,-5.995849609375,-0.830810546875
0.1345,3.973876953125,-6.356201171875,0.250244140625
0.135,2.732666015625,-6.396240234375,1.411376953125
0.1355,1.331298828125,-6.636474609375,3.052978515625
0.136,0.050048828125,-6.716552734375,4.494384765625
0.1365,-0.990966796875,-6.836669921875,5.535400390625
0.137,-1.591552734375,-6.796630859375,6.176025390625
0.1375,-2.712646484375,-5.915771484375,6.536376953125
0.138,-4.114013671875,-4.514404296875,6.856689453125
0.1385,-5.395263671875,-3.113037109375,7.056884765625
0.139,-6.196044921875,-1.831787109375,6.896728515625
0.1395,-6.516357421875,-0.990966796875,6.776611328125
0.14,-6.436279296875,0.010009765625,6.135986328125
0.1405,-6.115966796875,1.131103515625,5.014892578125
0.141,-5.915771484375,2.492431640625,3.733642578125
0.1415,-5.715576171875,3.853759765625,2.412353515625
0.142,-5.395263671875,4.854736328125,1.291259765625
0.1425,-4.954833984375,5.455322265625,0.450439453125
0.143,-4.033935546875,5.695556640625,-0.630615234375
0.1435,-2.672607421875,5.775634765625,-1.991943359375
0.144,-1.351318359375,6.095947265625,-3.633544921875
0.1445,-0.270263671875,6.055908203125,-4.834716796875
0.145,0.650634765625,6.216064453125,-5.795654296875
0.1455,1.531494140625,5.855712890625,-6.436279296875
0.146,2.812744140625,4.814697265625,-6.756591796875
0.1465,4.214111328125,3.373291015625,-7.076904296875
0.147,5.375244140625,2.011962890625,-7.156982421875
0.1475,5.975830078125,0.850830078125,-6.996826171875
0.148,6.176025390625,0.010009765625,-6.716552734375
0.1485,5.975830078125,-0.990966796875,-5.915771484375
0.149,5.695556640625,-2.232177734375,-4.714599609375
0.1495,5.495361328125,-3.593505859375,-3.393310546875
0.15,5.255126953125,-4.834716796875,-2.112060546875
0.1505,4.854736328125,-5.635498046875,-1.151123046875
0.151,4.334228515625,-6.156005859375,-0.310302734375
0.1515,3.213134765625,-6.276123046875,0.890869140625
0.152,1.851806640625,-6.436279296875,2.372314453125
0.1525,0.490478515625,-6.716552734375,3.813720703125
0.153,-0.550537109375,-6.716552734375,4.934814453125
0.1535,-1.231201171875,-6.796630859375,5.775634765625
0.154,-2.152099609375,-6.156005859375,6.256103515625
0.1545,-3.473388671875,-4.994873046875,6.536376953125
0.155,-4.754638671875,-3.673583984375,6.856689453125
0.1555,-5.715576171875,-2.352294921875,6.816650390625
0.156,-6.236083984375,-1.391357421875,6.696533203125
0.1565,-6.276123046875,-0.630615234375,6.336181640625
0.157,-6.035888671875,0.450439453125,5.415283203125
0.1575,-5.755615234375,1.611572265625,4.294189453125
0.158,-5.635498046875,3.052978515625,3.012939453125
0.1585,-5.395263671875,4.134033203125,1.891845703125
0.159,-5.114990234375,4.894775390625,1.010986328125
0.1595,-4.474365234375,5.255126953125,0.170166015625
0.16,-3.353271484375,5.415283203125,-1.071044921875
0.1605,-2.072021484375,5.655517578125,-2.672607421875
0.161,-0.910888671875,5.855712890625,-3.953857421875
0.1615,0.050048828125,6.055908203125,-4.994873046875
0.162,0.770751953125,6.095947265625,-5.795654296875
0.1625,1.851806640625,5.335205078125,-6.276123046875
0.163,3.173095703125,4.134033203125,-6.596435546875
0.1635,4.494384765625,2.812744140625,-6.916748046875
0.164,5.295166015625,1.571533203125,-6.836669921875
0.1645,5.775634765625,0.690673828125,-6.756591796875
0.165,5.735595703125,-0.190185546875,-6.276123046875
0.1655,5.535400390625,-1.231201171875,-5.315185546875
0.166,5.415283203125,-2.512451171875,-4.194091796875
0.1665,5.255126953125,-3.833740234375,-2.952880859375
0.167,4.974853515625,-4.874755859375,-1.871826171875
0.1675,4.734619140625,-5.595458984375,-1.031005859375
0.168,3.853759765625,-5.835693359375,0.010009765625
0.1685,2.812744140625,-5.955810546875,1.291259765625
0.169,1.411376953125,-6.396240234375,2.812744140625
0.1695,0.330322265625,-6.516357421875,4.013916015625
0.17,-0.550537109375,-6.676513671875,4.974853515625
0.1705,-1.271240234375,-6.476318359375,5.655517578125
0.171,-2.472412109375,-5.515380859375,6.015869140625
0.1715,-3.793701171875,-4.354248046875,6.416259765625
0.172,-4.954833984375,-3.072998046875,6.576416015625
0.1725,-5.635498046875,-1.991943359375,6.536376953125
0.173,-5.915771484375,-1.271240234375,6.416259765625
0.1735,-5.795654296875,-0.430419921875,5.735595703125
0.174,-5.635498046875,0.690673828125,4.814697265625
0.1745,-5.555419921875,2.011962890625,3.693603515625
0.175,-5.395263671875,3.213134765625,2.572509765625
0.1755,-5.155029296875,4.134033203125,1.651611328125
0.176,-4.794677734375,4.694580078125,0.890869140625
0.1765,-3.913818359375,5.054931640625,0.010009765625
0.177,-2.832763671875,5.215087890625,-1.471435546875
0.1775,-1.671630859375,5.495361328125,-2.912841796875
0.178,-0.750732421875,5.735595703125,-4.073974609375
0.1785,0.050048828125,6.015869140625,-4.994873046875
0.179,0.970947265625,5.615478515625,-5.595458984375
0.1795,2.172119140625,4.614501953125,-6.035888671875
0.18,3.453369140625,3.533447265625,-6.396240234375
0.1805,4.494384765625,2.332275390625,-6.556396484375
0.181,5.094970703125,1.371337890625,-6.516357421875
0.1815,5.375244140625,0.610595703125,-6.396240234375
0.182,5.255126953125,-0.310302734375,-5.715576171875
0.1825,5.135009765625,-1.431396484375,-4.794677734375
0.183,5.094970703125,-2.712646484375,-3.713623046875
0.1835,4.974853515625,-3.833740234375,-2.632568359375
0.184,4.814697265625,-4.674560546875,-1.831787109375
0.1845,4.294189453125,-5.155029296875,-0.910888671875
0.185,3.373291015625,-5.515380859375,0.170166015625
0.1855,2.292236328125,-5.915771484375,1.531494140625
0.186,1.171142578125,-6.115966796875,2.852783203125
0.1865,0.410400390625,-6.356201171875,3.893798828125
0.187,-0.390380859375,-6.556396484375,4.814697265625
0.1875,-1.351318359375,-5.955810546875,5.295166015625
0.188,-2.592529296875,-5.034912109375,5.735595703125
0.1885,-3.873779296875,-3.913818359375,6.135986328125
0.189,-4.754638671875,-2.832763671875,6.216064453125
0.1895,-5.315185546875,-2.072021484375,6.296142578125
0.19,-5.435302734375,-1.311279296875,5.975830078125
0.1905,-5.355224609375,-0.390380859375,5.255126953125
0.191,-5.355224609375,0.810791015625,4.414306640625
0.1915,-5.315185546875,2.092041015625,3.333251953125
0.192,-5.195068359375,3.133056640625,2.412353515625
0.1925,-5.034912109375,3.973876953125,1.771728515625
0.193,-4.474365234375,4.334228515625,0.810791015625
0.1935,-3.553466796875,4.654541015625,-0.430419921875
0.194,-2.592529296875,5.175048828125,-1.751708984375
0.1945,-1.591552734375,5.415283203125,-2.992919921875
0.195,-0.870849609375,5.735595703125,-4.033935546875
0.1955,0.050048828125,5.735595703125,-4.834716796875
0.196,1.131103515625,5.094970703125,-5.315185546875
0.1965,2.412353515625,4.134033203125,-5.835693359375
0.197,3.573486328125,3.012939453125,-6.156005859375
0.1975,4.414306640625,2.052001953125,-6.276123046875
0.198,4.854736328125,1.291259765625,-6.356201171875
0.1985,4.974853515625,0.570556640625,-5.915771484375
0.199,4.934814453125,-0.510498046875,-5.195068359375
0.1995,4.974853515625,-1.711669921875,-4.314208984375
0.2,4.934814453125,-2.872802734375,-3.353271484375
0.2005,4.734619140625,-3.873779296875,-2.392333984375
0.201,4.574462890625,-4.634521484375,-1.711669921875
0.2015,3.853759765625,-5.034912109375,-0.790771484375
0.202,2.972900390625,-5.395263671875,0.570556640625
0.2025,1.931884765625,-5.795654296875,1.931884765625
0.203,1.091064453125,-6.115966796875,3.052978515625
0.2035,0.410400390625,-6.396240234375,4.013916015625
0.204,-0.590576171875,-6.196044921875,4.734619140625
0.2045,-1.751708984375,-5.435302734375,5.215087890625
0.205,-2.992919921875,-4.514404296875,5.735595703125
0.2055,-4.033935546875,-3.433349609375,6.015869140625
0.206,-4.834716796875,-2.552490234375,6.135986328125
0.2065,-5.155029296875,-1.871826171875,6.095947265625
0.207,-5.155029296875,-1.031005859375,5.535400390625
0.2075,-5.195068359375,0.050048828125,4.814697265625
0.208,-5.275146484375,1.291259765625,3.973876953125
0.2085,-5.275146484375,2.332275390625,3.012939453125
0.209,-5.155029296875,3.293212890625,2.212158203125
0.2095,-4.754638671875,3.893798828125,1.411376953125
0.21,-4.033935546875,4.374267578125,0.370361328125
0.2105,-3.153076171875,4.854736328125,-1.031005859375
0.211,-2.152099609375,5.255126953125,-2.312255859375
0.2115,-1.351318359375,5.615478515625,-3.473388671875
0.212,-0.630615234375,5.815673828125,-4.434326171875
0.2125,0.530517578125,5.415283203125,-5.034912109375
0.213,1.771728515625,4.534423828125,-5.595458984375
0.2135,3.093017578125,3.493408203125,-6.035888671875
0.214,4.053955078125,2.412353515625,-6.196044921875
0.2145,4.694580078125,1.611572265625,-6.356201171875
0.215,4.894775390625,0.890869140625,-6.115966796875
0.2155,4.854736328125,0.010009765625,-5.435302734375
0.216,4.974853515625,-1.271240234375,-4.634521484375
0.2165,4.894775390625,-2.632568359375,-3.673583984375
0.217,4.854736328125,-3.673583984375,-2.712646484375
0.2175,4.774658203125,-4.474365234375,-1.951904296875
0.218,4.134033203125,-4.874755859375,-1.031005859375
0.2185,3.213134765625,-5.275146484375,0.250244140625
0.219,2.212158203125,-5.755615234375,1.611572265625
0.2195,1.251220703125,-6.035888671875,2.852783203125
0.22,0.490478515625,-6.396240234375,3.893798828125
0.2205,-0.430419921875,-6.356201171875,4.734619140625
0.221,-1.551513671875,-5.635498046875,5.215087890625
0.2215,-2.832763671875,-4.634521484375,5.735595703125
0.222,-4.033935546875,-3.553466796875,6.055908203125
0.2225,-4.834716796875,-2.552490234375,6.135986328125
0.223,-5.275146484375,-1.831787109375,6.135986328125
0.2235,-5.315185546875,-1.031005859375,5.655517578125
0.224,-5.235107421875,0.050048828125,4.854736328125
0.2245,-5.315185546875,1.291259765625,4.093994140625
0.225,-5.235107421875,2.532470703125,2.892822265625
0.2255,-5.155029296875,3.453369140625,2.052001953125
0.226,-4.834716796875,4.134033203125,1.291259765625
0.2265,-4.073974609375,4.494384765625,0.330322265625
0.227,-3.113037109375,4.894775390625,-1.031005859375
0.2275,-2.031982421875,5.335205078125,-2.432373046875
0.228,-1.151123046875,5.615478515625,-3.593505859375
0.2285,-0.470458984375,5.855712890625,-4.634521484375
0.229,0.610595703125,5.495361328125,-5.235107421875
0.2295,1.891845703125,4.614501953125,-5.755615234375
0.23,3.173095703125,3.533447265625,-6.196044921875
0.2305,4.254150390625,2.332275390625,-6.396240234375
0.231,4.934814453125,1.411376953125,-6.436279296875
0.2315,5.175048828125,0.690673828125,-6.236083984375
0.232,5.094970703125,-0.310302734375,-5.595458984375
0.2325,5.054931640625,-1.431396484375,-4.634521484375
0.233,5.094970703125,-2.832763671875,-3.553466796875
0.2335,4.934814453125,-3.953857421875,-2.552490234375
0.234,4.774658203125,-4.754638671875,-1.711669921875
0.2345,4.174072265625,-5.195068359375,-0.870849609375
0.235,3.173095703125,-5.475341796875,0.370361328125
0.2355,2.172119140625,-5.915771484375,1.771728515625
0.236,1.010986328125,-6.156005859375,3.173095703125
0.2365,0.290283203125,-6.436279296875,4.174072265625
0.237,-0.590576171875,-6.476318359375,5.014892578125
0.2375,-1.631591796875,-5.795654296875,5.495361328125
0.238,-2.992919921875,-4.754638671875,5.975830078125
0.2385,-4.274169921875,-3.553466796875,6.336181640625
0.239,-5.114990234375,-2.432373046875,6.376220703125
0.2395,-5.635498046875,-1.631591796875,6.376220703125
0.24,-5.635498046875,-0.870849609375,5.895751953125
0.2405,-5.475341796875,0.290283203125,4.974853515625
0.241,-5.435302734375,1.451416015625,4.013916015625
0.2415,-5.395263671875,2.812744140625,2.852783203125
0.242,-5.195068359375,3.813720703125,1.931884765625
0.2425,-4.954833984375,4.494384765625,1.091064453125
0.243,-4.194091796875,4.814697265625,0.210205078125
0.2435,-3.072998046875,5.094970703125,-1.151123046875
0.244,-1.951904296875,5.495361328125,-2.672607421875
0.2445,-0.990966796875,5.735595703125,-3.873779296875
0.245,-0.230224609375,6.015869140625,-4.874755859375
0.2455,0.770751953125,5.735595703125,-5.595458984375
0.246,2.011962890625,4.774658203125,-6.035888671875
0.2465,3.373291015625,3.653564453125,-6.476318359375
0.247,4.614501953125,2.292236328125,-6.716552734375
0.2475,5.295166015625,1.291259765625,-6.716552734375
0.248,5.615478515625,0.490478515625,-6.516357421875
0.2485,5.495361328125,-0.510498046875,-5.835693359375
0.249,5.335205078125,-1.711669921875,-4.754638671875
0.2495,5.295166015625,-3.153076171875,-3.593505859375
0.25,5.135009765625,-4.354248046875,-2.432373046875
0.2505,4.934814453125,-5.195068359375,-1.471435546875
0.251,4.414306640625,-5.715576171875,-0.630615234375
0.2515,3.333251953125,-5.915771484375,0.570556640625
0.252,2.052001953125,-6.236083984375,2.092041015625
0.2525,0.770751953125,-6.476318359375,3.653564453125
0.253,-0.270263671875,-6.676513671875,4.694580078125
0.2535,-0.990966796875,-6.756591796875,5.575439453125
0.254,-1.991943359375,-6.115966796875,6.095947265625
0.2545,-3.433349609375,-4.834716796875,6.456298828125
0.255,-4.794677734375,-3.553466796875,6.776611328125
0.2555,-5.715576171875,-2.232177734375,6.776611328125
0.256,-6.236083984375,-1.271240234375,6.696533203125
0.2565,-6.276123046875,-0.470458984375,6.216064453125
0.257,-5.995849609375,0.690673828125,5.175048828125
0.2575,-5.755615234375,1.971923828125,3.893798828125
0.258,-5.715576171875,3.493408203125,2.612548828125
0.2585,-5.395263671875,4.494384765625,1.531494140625
0.259,-5.034912109375,5.215087890625,0.650634765625
0.2595,-4.194091796875,5.455322265625,-0.350341796875
0.26,-2.912841796875,5.615478515625,-1.671630859375
0.2605,-1.591552734375,5.895751953125,-3.273193359375
0.261,-0.390380859375,6.055908203125,-4.634521484375
0.2615,0.490478515625,6.135986328125,-5.595458984375
0.262,1.291259765625,5.975830078125,-6.316162109375
0.2625,2.532470703125,4.934814453125,-6.676513671875
0.263,3.933837890625,3.533447265625,-6.996826171875
0.2635,5.175048828125,2.172119140625,-7.156982421875
0.264,5.895751953125,0.930908203125,-7.036865234375
0.2645,6.176025390625,0.090087890625,-6.796630859375
0.265,6.015869140625,-0.990966796875,-6.035888671875
0.2655,5.695556640625,-2.152099609375,-4.874755859375
0.266,5.455322265625,-3.513427734375,-3.553466796875
0.2665,5.295166015625,-4.834716796875,-2.232177734375
0.267,4.934814453125,-5.715576171875,-1.191162109375
0.2675,4.454345703125,-6.276123046875,-0.350341796875
0.268,3.373291015625,-6.356201171875,0.770751953125
0.2685,1.931884765625,-6.436279296875,2.252197265625
0.269,0.610595703125,-6.676513671875,3.853759765625
0.2695,-0.550537109375,-6.756591796875,4.974853515625
0.27,-1.271240234375,-6.836669921875,5.855712890625
0.2705,-2.152099609375,-6.396240234375,6.416259765625
0.271,-3.433349609375,-5.155029296875,6.696533203125
0.2715,-4.794677734375,-3.793701171875,6.976806640625
0.272,-5.835693359375,-2.432373046875,7.016845703125
0.2725,-6.436279296875,-1.311279296875,6.816650390625
0.273,-6.556396484375,-0.590576171875,6.496337890625
0.2735,-6.236083984375,0.490478515625,5.615478515625
0.274,-5.915771484375,1.731689453125,4.374267578125
0.2745,-5.795654296875,3.173095703125,3.052978515625
0.275,-5.515380859375,4.334228515625,1.811767578125
0.2755,-5.155029296875,5.094970703125,0.890869140625
0.276,-4.554443359375,5.535400390625,0.050048828125
0.2765,-3.473388671875,5.655517578125,-1.151123046875
0.277,-2.072021484375,5.855712890625,-2.712646484375
0.2775,-0.790771484375,6.055908203125,-4.194091796875
0.278,0.290283203125,6.135986328125,-5.275146484375
0.2785,0.970947265625,6.216064453125,-6.115966796875
0.279,1.971923828125,5.495361328125,-6.556396484375
0.2795,3.333251953125,4.174072265625,-6.876708984375
0.28,4.734619140625,2.812744140625,-7.156982421875
0.2805,5.655517578125,1.491455078125,-7.076904296875
0.281,6.095947265625,0.490478515625,-6.916748046875
0.2815,6.095947265625,-0.510498046875,-6.476318359375
0.282,5.815673828125,-1.431396484375,-5.475341796875
0.2825,5.615478515625,-2.792724609375,-4.194091796875
0.283,5.455322265625,-4.194091796875,-2.872802734375
0.2835,5.135009765625,-5.275146484375,-1.711669921875
0.284,4.814697265625,-6.035888671875,-0.830810546875
0.2845,3.973876953125,-6.276123046875,0.250244140625
0.285,2.652587890625,-6.396240234375,1.571533203125
0.2855,1.251220703125,-6.676513671875,3.173095703125
0.286,0.010009765625,-6.756591796875,4.574462890625
0.2865,-0.910888671875,-6.876708984375,5.535400390625
0.287,-1.631591796875,-6.716552734375,6.256103515625
0.2875,-2.872802734375,-5.715576171875,6.576416015625
0.288,-4.314208984375,-4.354248046875,6.896728515625
0.2885,-5.515380859375,-2.912841796875,7.096923828125
0.289,-6.276123046875,-1.711669921875,6.976806640625
0.2895,-6.556396484375,-0.910888671875,6.696533203125
0.29,-6.436279296875,0.170166015625,6.055908203125
0.2905,-6.115966796875,1.331298828125,4.814697265625
0.291,-5.915771484375,2.772705078125,3.533447265625
0.2915,-5.715576171875,4.134033203125,2.172119140625
0.292,-5.395263671875,5.054931640625,1.131103515625
0.2925,-4.874755859375,5.615478515625,0.250244140625
0.293,-3.873779296875,5.775634765625,-0.910888671875
0.2935,-2.432373046875,5.895751953125,-2.392333984375
0.294,-1.071044921875,6.176025390625,-4.033935546875
0.2945,0.130126953125,6.216064453125,-5.195068359375
0.295,0.890869140625,6.336181640625,-6.115966796875
0.2955,1.771728515625,5.815673828125,-6.676513671875
0.296,3.173095703125,4.534423828125,-6.996826171875
0.2965,4.574462890625,3.133056640625,-7.277099609375
0.297,5.655517578125,1.651611328125,-7.317138671875
0.2975,6.216064453125,0.530517578125,-7.076904296875
0.298,6.336181640625,-0.350341796875,-6.716552734375
0.2985,6.095947265625,-1.351318359375,-5.755615234375
0.299,5.735595703125,-2.632568359375,-4.434326171875
0.2995,5.575439453125,-4.154052734375,-3.072998046875
0.3,5.255126953125,-5.275146484375,-1.791748046875
0.3005,4.814697265625,-6.075927734375,-0.830810546875
0.301,4.134033203125,-6.396240234375,0.130126953125
0.3015,2.892822265625,-6.476318359375,1.291259765625
0.302,1.451416015625,-6.636474609375,2.852783203125
0.3025,0.090087890625,-6.756591796875,4.414306640625
0.303,-0.910888671875,-6.796630859375,5.415283203125
0.3035,-1.551513671875,-6.796630859375,6.135986328125
0.304,-2.552490234375,-6.035888671875,6.536376953125
0.3045,-3.913818359375,-4.674560546875,6.776611328125
0.305,-5.195068359375,-3.353271484375,7.016845703125
0.3055,-6.075927734375,-2.031982421875,6.896728515625
0.306,-6.436279296875,-1.111083984375,6.696533203125
0.3065,-6.396240234375,-0.310302734375,6.256103515625
0.307,-6.115966796875,0.770751953125,5.255126953125
0.3075,-5.795654296875,2.052001953125,4.013916015625
0.308,-5.635498046875,3.413330078125,2.692626953125
0.3085,-5.355224609375,4.454345703125,1.571533203125
0.309,-5.034912109375,5.135009765625,0.770751953125
0.3095,-4.274169921875,5.415283203125,-0.230224609375
0.31,-3.072998046875,5.535400390625,-1.431396484375
0.3105,-1.831787109375,5.815673828125,-2.912841796875
0.311,-0.630615234375,5.935791015625,-4.274169921875
0.3115,0.250244140625,6.095947265625,-5.235107421875
0.312,0.970947265625,6.055908203125,-5.955810546875
0.3125,2.052001953125,5.175048828125,-6.396240234375
0.313,3.453369140625,3.893798828125,-6.716552734375
0.3135,4.654541015625,2.612548828125,-6.996826171875
0.314,5.455322265625,1.451416015625,-6.916748046875
0.3145,5.855712890625,0.610595703125,-6.796630859375
0.315,5.815673828125,-0.310302734375,-6.276123046875
0.3155,5.575439453125,-1.351318359375,-5.235107421875
0.316,5.415283203125,-2.672607421875,-4.114013671875
0.3165,5.255126953125,-3.993896484375,-2.872802734375
0.317,5.014892578125,-4.994873046875,-1.791748046875
0.3175,4.694580078125,-5.715576171875,-0.990966796875
0.318,3.813720703125,-5.915771484375,0.090087890625
0.3185,2.572509765625,-6.115966796875,1.411376953125
0.319,1.291259765625,-6.396240234375,3.012939453125
0.3195,0.250244140625,-6.556396484375,4.174072265625
0.32,-0.630615234375,-6.756591796875,5.175048828125
0.3205,-1.431396484375,-6.436279296875,5.775634765625
0.321,-2.632568359375,-5.475341796875,6.135986328125
0.3215,-3.953857421875,-4.274169921875,6.536376953125
0.322,-5.114990234375,-2.952880859375,6.696533203125
0.3225,-5.755615234375,-1.911865234375,6.616455078125
0.323,-6.035888671875,-1.151123046875,6.416259765625
0.3235,-5.875732421875,-0.310302734375,5.735595703125
0.324,-5.715576171875,0.930908203125,4.694580078125
0.3245,-5.635498046875,2.292236328125,3.533447265625
0.325,-5.435302734375,3.493408203125,2.412353515625
0.3255,-5.195068359375,4.334228515625,1.491455078125
0.326,-4.714599609375,4.854736328125,0.650634765625
0.3265,-3.793701171875,5.094970703125,-0.470458984375
0.327,-2.632568359375,5.375244140625,-1.831787109375
0.3275,-1.431396484375,5.615478515625,-3.233154296875
0.328,-0.550537109375,5.815673828125,-4.354248046875
0.3285,0.250244140625,6.055908203125,-5.235107421875
0.329,1.211181640625,5.455322265625,-5.755615234375
0.3295,2.452392578125,4.414306640625,-6.156005859375
0.33,3.733642578125,3.293212890625,-6.516357421875
0.3305,4.734619140625,2.052001953125,-6.596435546875
0.331,5.295166015625,1.171142578125,-6.596435546875
0.3315,5.455322265625,0.450439453125,-6.316162109375
0.332,5.295166015625,-0.590576171875,-5.555419921875
0.3325,5.175048828125,-1.711669921875,-4.554443359375
0.333,5.094970703125,-3.072998046875,-3.473388671875
0.3335,4.974853515625,-4.154052734375,-2.432373046875
0.334,4.814697265625,-4.954833984375,-1.591552734375
0.3345,4.134033203125,-5.395263671875,-0.710693359375
0.335,3.173095703125,-5.635498046875,0.490478515625
0.3355,2.052001953125,-5.995849609375,1.891845703125
0.336,0.970947265625,-6.236083984375,3.173095703125
0.3365,0.170166015625,-6.436279296875,4.214111328125
0.337,-0.630615234375,-6.556396484375,5.054931640625
0.3375,-1.631591796875,-5.915771484375,5.455322265625
0.338,-2.912841796875,-4.874755859375,5.895751953125
0.3385,-4.114013671875,-3.713623046875,6.256103515625
0.339,-4.994873046875,-2.632568359375,6.296142578125
0.3395,-5.475341796875,-1.871826171875,6.336181640625
0.34,-5.515380859375,-1.111083984375,5.935791015625
0.3405,-5.435302734375,-0.190185546875,5.135009765625
0.341,-5.435302734375,1.091064453125,4.294189453125
0.3415,-5.355224609375,2.372314453125,3.173095703125
0.342,-5.195068359375,3.333251953125,2.292236328125
0.3425,-4.994873046875,4.134033203125,1.531494140625
0.343,-4.354248046875,4.494384765625,0.650634765625
0.3435,-3.393310546875,4.814697265625,-0.630615234375
0.344,-2.392333984375,5.255126953125,-1.991943359375
0.3445,-1.431396484375,5.495361328125,-3.193115234375
0.345,-0.710693359375,5.815673828125,-4.274169921875
0.3455,0.250244140625,5.695556640625,-4.994873046875
0.346,1.331298828125,4.974853515625,-5.475341796875
0.3465,2.612548828125,3.973876953125,-5.995849609375
0.347,3.813720703125,2.852783203125,-6.276123046875
0.3475,4.574462890625,1.931884765625,-6.356201171875
0.348,5.014892578125,1.171142578125,-6.396240234375
0.3485,5.054931640625,0.370361328125,-5.875732421875
0.349,4.974853515625,-0.710693359375,-5.114990234375
0.3495,5.014892578125,-1.951904296875,-4.194091796875
0.35,4.974853515625,-3.153076171875,-3.193115234375
0.3505,4.814697265625,-4.073974609375,-2.352294921875
0.351,4.534423828125,-4.714599609375,-1.551513671875
0.3515,3.773681640625,-5.114990234375,-0.590576171875
0.352,2.852783203125,-5.515380859375,0.770751953125
0.3525,1.771728515625,-5.875732421875,2.172119140625
0.353,0.930908203125,-6.236083984375,3.253173828125
0.3535,0.210205078125,-6.476318359375,4.214111328125
0.354,-0.790771484375,-6.115966796875,4.854736328125
0.3545,-1.951904296875,-5.315185546875,5.375244140625
0.355,-3.233154296875,-4.354248046875,5.815673828125
0.3555,-4.234130859375,-3.233154296875,6.055908203125
0.356,-4.954833984375,-2.432373046875,6.176025390625
0.3565,-5.235107421875,-1.711669921875,6.055908203125
0.357,-5.195068359375,-0.910888671875,5.455322265625
0.3575,-5.235107421875,0.250244140625,4.734619140625
0.358,-5.315185546875,1.531494140625,3.773681640625
0.3585,-5.235107421875,2.652587890625,2.852783203125
0.359,-5.155029296875,3.533447265625,2.052001953125
0.3595,-4.674560546875,4.093994140625,1.251220703125
0.36,-3.873779296875,4.494384765625,0.170166015625
0.3605,-2.952880859375,5.014892578125,-1.271240234375
0.361,-1.951904296875,5.295166015625,-2.552490234375
0.3615,-1.231201171875,5.655517578125,-3.673583984375
0.362,-0.430419921875,5.815673828125,-4.554443359375
0.3625,0.730712890625,5.295166015625,-5.155029296875
0.363,1.971923828125,4.414306640625,-5.715576171875
0.3635,3.293212890625,3.293212890625,-6.115966796875
0.364,4.214111328125,2.252197265625,-6.276123046875
0.3645,4.814697265625,1.491455078125,-6.396240234375
0.365,4.974853515625,0.770751953125,-6.035888671875
0.3655,4.934814453125,-0.310302734375,-5.315185546875
0.366,4.974853515625,-1.471435546875,-4.514404296875
0.3665,4.974853515625,-2.712646484375,-3.473388671875
0.367,4.854736328125,-3.793701171875,-2.552490234375
0.3675,4.734619140625,-4.594482421875,-1.791748046875
0.368,4.013916015625,-4.994873046875,-0.830810546875
0.3685,3.052978515625,-5.355224609375,0.450439453125
0.369,2.052001953125,-5.875732421875,1.811767578125
0.3695,1.091064453125,-6.156005859375,3.052978515625
0.37,0.370361328125,-6.436279296875,4.053955078125
0.3705,-0.590576171875,-6.276123046875,4.814697265625
0.371,-1.711669921875,-5.515380859375,5.295166015625
0.3715,-2.992919921875,-4.514404296875,5.775634765625
0.372,-4.154052734375,-3.433349609375,6.095947265625
0.3725,-4.914794921875,-2.472412109375,6.176025390625
0.373,-5.315185546875,-1.791748046875,6.135986328125
0.3735,-5.275146484375,-0.990966796875,5.615478515625
0.374,-5.235107421875,0.170166015625,4.814697265625
0.3745,-5.315185546875,1.411376953125,3.853759765625
0.375,-5.275146484375,2.572509765625,2.852783203125
0.3755,-5.114990234375,3.533447265625,2.052001953125
0.376,-4.794677734375,4.134033203125,1.291259765625
0.3765,-3.993896484375,4.494384765625,0.290283203125
0.377,-3.072998046875,4.854736328125,-1.071044921875
0.3775,-2.031982421875,5.255126953125,-2.512451171875
0.378,-1.191162109375,5.615478515625,-3.593505859375
0.3785,-0.510498046875,5.895751953125,-4.554443359375
0.379,0.610595703125,5.455322265625,-5.195068359375
0.3795,1.851806640625,4.534423828125,-5.715576171875
0.38,3.173095703125,3.493408203125,-6.156005859375
0.3805,4.174072265625,2.372314453125,-6.316162109375
0.381,4.854736328125,1.491455078125,-6.396240234375
0.3815,5.094970703125,0.770751953125,-6.196044921875
0.382,5.054931640625,-0.270263671875,-5.515380859375
0.3825,5.014892578125,-1.351318359375,-4.634521484375
0.383,5.054931640625,-2.712646484375,-3.593505859375
0.3835,4.934814453125,-3.793701171875,-2.592529296875
0.384,4.814697265625,-4.674560546875,-1.791748046875
0.3845,4.174072265625,-5.114990234375,-0.950927734375
0.385,3.213134765625,-5.435302734375,0.290283203125
0.3855,2.172119140625,-5.915771484375,1.731689453125
0.386,1.091064453125,-6.156005859375,3.052978515625
0.3865,0.330322265625,-6.436279296875,4.093994140625
0.387,-0.510498046875,-6.476318359375,4.974853515625
0.3875,-1.631591796875,-5.755615234375,5.455322265625
0.388,-2.952880859375,-4.754638671875,5.895751953125
0.3885,-4.234130859375,-3.553466796875,6.256103515625
0.389,-5.074951171875,-2.472412109375,6.336181640625
0.3895,-5.555419921875,-1.671630859375,6.336181640625
0.39,-5.595458984375,-0.910888671875,5.815673828125
0.3905,-5.435302734375,0.290283203125,4.934814453125
0.391,-5.435302734375,1.531494140625,3.973876953125
0.3915,-5.395263671875,2.812744140625,2.812744140625
0.392,-5.235107421875,3.813720703125,1.931884765625
0.3925,-4.954833984375,4.494384765625,1.131103515625
0.393,-4.154052734375,4.774658203125,0.170166015625
0.3935,-3.032958984375,5.054931640625,-1.271240234375
0.394,-1.911865234375,5.495361328125,-2.752685546875
0.3945,-0.910888671875,5.735595703125,-3.913818359375
0.395,-0.190185546875,5.975830078125,-4.954833984375
0.3955,0.810791015625,5.695556640625,-5.635498046875
0.396,2.132080078125,4.614501953125,-6.035888671875
0.3965,3.493408203125,3.493408203125,-6.476318359375
0.397,4.614501953125,2.212158203125,-6.676513671875
0.3975,5.255126953125,1.251220703125,-6.636474609375
0.398,5.575439453125,0.450439453125,-6.436279296875
0.3985,5.415283203125,-0.590576171875,-5.715576171875
0.399,5.255126953125,-1.791748046875,-4.634521484375
0.3995,5.255126953125,-3.193115234375,-3.433349609375
0.4,5.094970703125,-4.354248046875,-2.312255859375
0.4005,4.814697265625,-5.195068359375,-1.431396484375
0.401,4.294189453125,-5.755615234375,-0.590576171875
0.4015,3.173095703125,-5.915771484375,0.690673828125
0.402,1.931884765625,-6.156005859375,2.212158203125
0.4025,0.650634765625,-6.436279296875,3.653564453125
0.403,-0.270263671875,-6.596435546875,4.734619140625
0.4035,-0.990966796875,-6.716552734375,5.575439453125
0.404,-2.072021484375,-5.955810546875,6.055908203125
0.4045,-3.473388671875,-4.714599609375,6.416259765625
0.405,-4.794677734375,-3.433349609375,6.696533203125
0.4055,-5.715576171875,-2.192138671875,6.696533203125
0.406,-6.115966796875,-1.271240234375,6.576416015625
0.4065,-6.115966796875,-0.470458984375,6.095947265625
0.407,-5.875732421875,0.690673828125,5.094970703125
0.4075,-5.755615234375,2.052001953125,3.853759765625
0.408,-5.635498046875,3.453369140625,2.572509765625
0.4085,-5.395263671875,4.494384765625,1.571533203125
0.409,-4.994873046875,5.094970703125,0.690673828125
0.4095,-4.154052734375,5.375244140625,-0.350341796875
0.41,-2.872802734375,5.535400390625,-1.671630859375
0.4105,-1.591552734375,5.895751953125,-3.273193359375
0.411,-0.470458984375,6.015869140625,-4.554443359375
0.4115,0.410400390625,6.135986328125,-5.515380859375
0.412,1.291259765625,5.895751953125,-6.236083984375
0.4125,2.532470703125,4.814697265625,-6.596435546875
0.413,3.973876953125,3.493408203125,-6.916748046875
0.4135,5.175048828125,2.052001953125,-7.116943359375
0.414,5.855712890625,0.970947265625,-6.996826171875
0.4145,6.095947265625,0.090087890625,-6.756591796875
0.415,5.935791015625,-0.910888671875,-6.035888671875
0.4155,5.655517578125,-2.152099609375,-4.754638671875
0.416,5.495361328125,-3.553466796875,-3.473388671875
0.4165,5.255126953125,-4.834716796875,-2.192138671875
0.417,4.934814453125,-5.755615234375,-1.151123046875
0.4175,4.414306640625,-6.276123046875,-0.310302734375
0.418,3.253173828125,-6.356201171875,0.890869140625
0.4185,1.851806640625,-6.476318359375,2.412353515625
0.419,0.490478515625,-6.716552734375,4.013916015625
0.4195,-0.590576171875,-6.756591796875,5.094970703125
0.42,-1.271240234375,-6.836669921875,5.935791015625
0.4205,-2.272216796875,-6.276123046875,6.456298828125
0.421,-3.633544921875,-4.954833984375,6.736572265625
0.4215,-4.994873046875,-3.593505859375,7.056884765625
0.422,-6.035888671875,-2.232177734375,7.056884765625
0.4225,-6.476318359375,-1.151123046875,6.856689453125
0.423,-6.556396484375,-0.350341796875,6.416259765625
0.4235,-6.276123046875,0.730712890625,5.455322265625
0.424,-5.955810546875,2.052001953125,4.134033203125
0.4245,-5.795654296875,3.493408203125,2.812744140625
0.425,-5.515380859375,4.614501953125,1.571533203125
0.4255,-5.114990234375,5.335205078125,0.650634765625
0.426,-4.434326171875,5.695556640625,-0.310302734375
0.4265,-3.193115234375,5.735595703125,-1.551513671875
0.427,-1.791748046875,6.015869140625,-3.153076171875
0.4275,-0.470458984375,6.135986328125,-4.634521484375
0.428,0.490478515625,6.216064453125,-5.595458984375
0.4285,1.211181640625,6.135986328125,-6.356201171875
0.429,2.372314453125,5.255126953125,-6.756591796875
0.4295,3.813720703125,3.853759765625,-7.076904296875
0.43,5.094970703125,2.492431640625,-7.277099609375
0.4305,5.895751953125,1.171142578125,-7.116943359375
0.431,6.256103515625,0.250244140625,-6.916748046875
0.4315,6.216064453125,-0.710693359375,-6.356201171875
0.432,5.855712890625,-1.791748046875,-5.235107421875
0.4325,5.615478515625,-3.193115234375,-3.873779296875
0.433,5.415283203125,-4.634521484375,-2.552490234375
0.4335,5.054931640625,-5.635498046875,-1.431396484375
0.434,4.614501953125,-6.196044921875,-0.590576171875
0.4345,3.693603515625,-6.396240234375,0.530517578125
0.435,2.332275390625,-6.476318359375,1.931884765625
0.4355,0.930908203125,-6.716552734375,3.533447265625
0.436,-0.350341796875,-6.796630859375,4.814697265625
0.4365,-1.111083984375,-6.876708984375,5.735595703125
0.437,-1.911865234375,-6.596435546875,6.376220703125
0.4375,-3.153076171875,-5.515380859375,6.696533203125
0.438,-4.514404296875,-4.154052734375,6.936767578125
0.4385,-5.715576171875,-2.752685546875,7.056884765625
0.439,-6.356201171875,-1.551513671875,6.896728515625
0.4395,-6.556396484375,-0.710693359375,6.656494140625
0.44,-6.356201171875,0.290283203125,5.895751953125
0.4405,-6.035888671875,1.411376953125,4.734619140625
0.441,-5.875732421875,2.812744140625,3.373291015625
0.4415,-5.635498046875,4.134033203125,2.052001953125
0.442,-5.315185546875,5.014892578125,1.091064453125
0.4425,-4.794677734375,5.535400390625,0.250244140625
0.443,-3.793701171875,5.695556640625,-0.910888671875
0.4435,-2.392333984375,5.855712890625,-2.392333984375
0.444,-1.031005859375,6.135986328125,-3.993896484375
0.4445,0.130126953125,6.176025390625,-5.114990234375
0.445,0.770751953125,6.296142578125,-6.035888671875
0.4455,1.771728515625,5.735595703125,-6.556396484375
0.446,3.173095703125,4.494384765625,-6.876708984375
0.4465,4.494384765625,3.133056640625,-7.197021484375
0.447,5.575439453125,1.771728515625,-7.197021484375
0.4475,6.135986328125,0.650634765625,-7.076904296875
0.448,6.256103515625,-0.310302734375,-6.716552734375
0.4485,6.015869140625,-1.271240234375,-5.755615234375
0.449,5.695556640625,-2.632568359375,-4.514404296875
0.4495,5.535400390625,-4.114013671875,-3.113037109375
0.45,5.255126953125,-5.195068359375,-1.871826171875
0.4505,4.854736328125,-5.955810546875,-0.950927734375
0.451,4.134033203125,-6.356201171875,0.090087890625
0.4515,2.892822265625,-6.436279296875,1.291259765625
0.452,1.451416015625,-6.636474609375,2.932861328125
0.4525,0.130126953125,-6.756591796875,4.414306640625
0.453,-0.830810546875,-6.796630859375,5.415283203125
0.4535,-1.551513671875,-6.796630859375,6.135986328125
0.454,-2.632568359375,-5.915771484375,6.536376953125
0.4545,-4.033935546875,-4.554443359375,6.856689453125
0.455,-5.315185546875,-3.193115234375,7.056884765625
0.4555,-6.115966796875,-1.911865234375,6.896728515625
0.456,-6.476318359375,-0.990966796875,6.736572265625
0.4565,-6.396240234375,-0.150146484375,6.135986328125
0.457,-6.115966796875,0.970947265625,5.094970703125
0.4575,-5.835693359375,2.252197265625,3.813720703125
0.458,-5.715576171875,3.693603515625,2.532470703125
0.4585,-5.315185546875,4.654541015625,1.411376953125
0.459,-4.994873046875,5.295166015625,0.570556640625
0.4595,-4.114013671875,5.495361328125,-0.470458984375
0.46,-2.872802734375,5.655517578125,-1.751708984375
0.4605,-1.551513671875,5.895751953125,-3.313232421875
0.461,-0.350341796875,5.975830078125,-4.554443359375
0.4615,0.490478515625,6.135986328125,-5.515380859375
0.462,1.251220703125,5.935791015625,-6.156005859375
0.4625,2.412353515625,4.934814453125,-6.516357421875
0.463,3.813720703125,3.653564453125,-6.836669921875
0.4635,4.974853515625,2.292236328125,-7.036865234375
0.464,5.695556640625,1.131103515625,-6.916748046875
0.4645,5.975830078125,0.330322265625,-6.716552734375
0.465,5.815673828125,-0.630615234375,-6.115966796875
0.4655,5.575439453125,-1.751708984375,-4.994873046875
0.466,5.415283203125,-3.072998046875,-3.793701171875
0.4665,5.215087890625,-4.354248046875,-2.552490234375
0.467,4.934814453125,-5.275146484375,-1.551513671875
0.4675,4.534423828125,-5.835693359375,-0.710693359375
0.468,3.533447265625,-6.035888671875,0.370361328125
0.4685,2.292236328125,-6.276123046875,1.771728515625
0.469,0.970947265625,-6.476318359375,3.333251953125
0.4695,0.010009765625,-6.596435546875,4.494384765625
0.47,-0.790771484375,-6.756591796875,5.375244140625
0.4705,-1.671630859375,-6.396240234375,5.935791015625
0.471,-2.912841796875,-5.275146484375,6.296142578125
0.4715,-4.234130859375,-4.033935546875,6.656494140625
0.472,-5.315185546875,-2.752685546875,6.696533203125
0.4725,-5.915771484375,-1.751708984375,6.656494140625
0.473,-6.115966796875,-0.990966796875,6.376220703125
0.4735,-5.915771484375,0.010009765625,5.615478515625
0.474,-5.755615234375,1.171142578125,4.534423828125
0.4745,-5.635498046875,2.572509765625,3.333251953125
0.475,-5.435302734375,3.733642578125,2.212158203125
0.4755,-5.195068359375,4.574462890625,1.291259765625
0.476,-4.634521484375,4.974853515625,0.490478515625
0.4765,-3.633544921875,5.175048828125,-0.670654296875
0.477,-2.432373046875,5.495361328125,-2.112060546875
0.4775,-1.231201171875,5.735595703125,-3.553466796875
0.478,-0.350341796875,5.935791015625,-4.594482421875
0.4785,0.410400390625,6.055908203125,-5.435302734375
0.479,1.411376953125,5.415283203125,-5.915771484375
0.4795,2.732666015625,4.294189453125,-6.316162109375
0.48,4.053955078125,3.052978515625,-6.676513671875
0.4805,4.934814453125,1.851806640625,-6.676513671875
0.481,5.455322265625,0.930908203125,-6.636474609375
0.4815,5.535400390625,0.170166015625,-6.276123046875
0.482,5.375244140625,-0.830810546875,-5.435302734375
0.4825,5.255126953125,-2.031982421875,-4.394287109375
0.483,5.175048828125,-3.353271484375,-3.233154296875
0.4835,4.974853515625,-4.394287109375,-2.192138671875
0.484,4.734619140625,-5.155029296875,-1.391357421875
0.4845,4.013916015625,-5.515380859375,-0.510498046875
0.485,2.972900390625,-5.755615234375,0.730712890625
0.4855,1.771728515625,-6.115966796875,2.212158203125
0.486,0.690673828125,-6.276123046875,3.493408203125
0.4865,0.010009765625,-6.516357421875,4.494384765625
0.487,-0.870849609375,-6.476318359375,5.215087890625
0.4875,-1.951904296875,-5.715576171875,5.615478515625
0.488,-3.193115234375,-4.674560546875,6.095947265625
0.4885,-4.434326171875,-3.473388671875,6.376220703125
0.489,-5.195068359375,-2.432373046875,6.376220703125
0.4895,-5.635498046875,-1.711669921875,6.336181640625
0.49,-5.635498046875,-0.910888671875,5.815673828125
0.4905,-5.435302734375,0.170166015625,5.014892578125
0.491,-5.435302734375,1.411376953125,4.093994140625
0.4915,-5.395263671875,2.652587890625,2.972900390625
0.492,-5.195068359375,3.613525390625,2.052001953125
0.4925,-4.914794921875,4.334228515625,1.291259765625
0.493,-4.194091796875,4.614501953125,0.370361328125
0.4935,-3.193115234375,4.974853515625,-0.950927734375
0.494,-2.112060546875,5.375244140625,-2.352294921875
0.4945,-1.191162109375,5.575439453125,-3.553466796875
0.495,-0.510498046875,5.895751953125,-4.514404296875
0.4955,0.490478515625,5.695556640625,-5.195068359375
0.496,1.611572265625,4.814697265625,-5.675537109375
0.4965,2.932861328125,3.813720703125,-6.115966796875
0.497,4.013916015625,2.612548828125,-6.356201171875
0.4975,4.774658203125,1.651611328125,-6.396240234375
0.498,5.094970703125,0.970947265625,-6.356201171875
0.4985,5.094970703125,0.170166015625,-5.755615234375
0.499,5.014892578125,-0.990966796875,-4.994873046875
0.4995,5.054931640625,-2.232177734375,-3.993896484375
0.5,4.974853515625,-3.353271484375,-2.992919921875
0.5005,4.814697265625,-4.274169921875,-2.152099609375
0.501,4.454345703125,-4.834716796875,-1.351318359375
0.5015,3.613525390625,-5.195068359375,-0.350341796875
0.502,2.612548828125,-5.635498046875,1.051025390625
0.5025,1.571533203125,-5.955810546875,2.412353515625
0.503,0.770751953125,-6.236083984375,3.493408203125
0.5035,0.050048828125,-6.436279296875,4.414306640625
0.504,-0.990966796875,-6.075927734375,4.974853515625
0.5045,-2.192138671875,-5.195068359375,5.455322265625
0.505,-3.433349609375,-4.194091796875,5.895751953125
0.5055,-4.394287109375,-3.153076171875,6.055908203125
0.506,-5.074951171875,-2.312255859375,6.176025390625
0.5065,-5.235107421875,-1.591552734375,5.975830078125
0.507,-5.195068359375,-0.750732421875,5.335205078125
0.5075,-5.235107421875,0.370361328125,4.614501953125
0.508,-5.275146484375,1.651611328125,3.653564453125
0.5085,-5.195068359375,2.692626953125,2.732666015625
0.509,-5.074951171875,3.573486328125,1.971923828125
0.5095,-4.634521484375,4.093994140625,1.211181640625
0.51,-3.793701171875,4.494384765625,0.090087890625
0.5105,-2.872802734375,4.974853515625,-1.351318359375
0.511,-1.951904296875,5.335205078125,-2.592529296875
0.5115,-1.191162109375,5.695556640625,-3.713623046875
0.512,-0.390380859375,5.775634765625,-4.514404296875
0.5125,0.770751953125,5.215087890625,-5.114990234375
0.513,2.052001953125,4.334228515625,-5.675537109375
0.5135,3.333251953125,3.213134765625,-6.115966796875
0.514,4.134033203125,2.292236328125,-6.236083984375
0.5145,4.734619140625,1.531494140625,-6.356201171875
0.515,4.854736328125,0.770751953125,-6.035888671875
0.5155,4.854736328125,-0.270263671875,-5.315185546875
0.516,4.974853515625,-1.431396484375,-4.514404296875
0.5165,4.974853515625,-2.672607421875,-3.553466796875
0.517,4.854736328125,-3.713623046875,-2.632568359375
0.5175,4.734619140625,-4.514404296875,-1.911865234375
0.518,4.013916015625,-4.914794921875,-0.950927734375
0.5185,3.133056640625,-5.355224609375,0.370361328125
0.519,2.092041015625,-5.755615234375,1.771728515625
0.5195,1.211181640625,-6.115966796875,2.972900390625
0.52,0.490478515625,-6.436279296875,4.013916015625
0.5205,-0.510498046875,-6.276123046875,4.734619140625
0.521,-1.671630859375,-5.515380859375,5.255126953125
0.5215,-2.952880859375,-4.554443359375,5.735595703125
0.522,-4.154052734375,-3.433349609375,6.055908203125
0.5225,-4.874755859375,-2.512451171875,6.135986328125
0.523,-5.235107421875,-1.791748046875,6.095947265625
0.5235,-5.275146484375,-0.950927734375,5.575439453125
0.524,-5.235107421875,0.170166015625,4.814697265625
0.5245,-5.315185546875,1.451416015625,3.853759765625
0.525,-5.275146484375,2.612548828125,2.852783203125
0.5255,-5.155029296875,3.533447265625,2.052001953125
0.526,-4.754638671875,4.134033203125,1.251220703125
0.5265,-3.913818359375,4.494384765625,0.210205078125
0.527,-2.992919921875,4.974853515625,-1.231201171875
0.5275,-1.951904296875,5.335205078125,-2.592529296875
0.528,-1.151123046875,5.615478515625,-3.713623046875
0.5285,-0.390380859375,5.815673828125,-4.634521484375
0.529,0.690673828125,5.335205078125,-5.235107421875
0.5295,1.971923828125,4.334228515625,-5.755615234375
0.53,3.333251953125,3.293212890625,-6.156005859375
0.5305,4.334228515625,2.212158203125,-6.356201171875
0.531,4.934814453125,1.371337890625,-6.396240234375
0.5315,5.094970703125,0.610595703125,-6.115966796875
0.532,5.014892578125,-0.390380859375,-5.395263671875
0.5325,4.974853515625,-1.551513671875,-4.514404296875
0.533,5.014892578125,-2.912841796875,-3.393310546875
0.5335,4.894775390625,-3.953857421875,-2.472412109375
0.534,4.734619140625,-4.794677734375,-1.671630859375
0.5345,4.013916015625,-5.155029296875,-0.790771484375
0.535,3.052978515625,-5.435302734375,0.530517578125
0.5355,1.971923828125,-5.875732421875,1.931884765625
0.536,0.970947265625,-6.156005859375,3.213134765625
0.5365,0.250244140625,-6.436279296875,4.214111328125
0.537,-0.670654296875,-6.436279296875,5.014892578125
0.5375,-1.791748046875,-5.635498046875,5.455322265625
0.538,-3.153076171875,-4.554443359375,5.935791015625
0.5385,-4.354248046875,-3.353271484375,6.256103515625
0.539,-5.114990234375,-2.312255859375,6.296142578125
0.5395,-5.515380859375,-1.591552734375,6.256103515625
0.54,-5.515380859375,-0.790771484375,5.735595703125
0.5405,-5.395263671875,0.330322265625,4.814697265625
0.541,-5.435302734375,1.571533203125,3.853759765625
0.5415,-5.355224609375,2.892822265625,2.772705078125
0.542,-5.155029296875,3.813720703125,1.891845703125
0.5425,-4.834716796875,4.454345703125,1.091064453125
0.543,-4.033935546875,4.734619140625,0.130126953125
0.5435,-2.952880859375,5.094970703125,-1.271240234375
0.544,-1.871826171875,5.455322265625,-2.752685546875
0.5445,-0.950927734375,5.735595703125,-3.913818359375
0.545,-0.270263671875,5.935791015625,-4.874755859375
0.5455,0.810791015625,5.535400390625,-5.515380859375
0.546,2.132080078125,4.574462890625,-5.915771484375
0.5465,3.493408203125,3.453369140625,-6.396240234375
0.547,4.534423828125,2.212158203125,-6.556396484375
0.5475,5.175048828125,1.291259765625,-6.556396484375
0.548,5.455322265625,0.490478515625,-6.356201171875
0.5485,5.295166015625,-0.510498046875,-5.635498046875
0.549,5.175048828125,-1.711669921875,-4.594482421875
0.5495,5.175048828125,-3.072998046875,-3.473388671875
0.55,5.054931640625,-4.234130859375,-2.392333984375
0.5505,4.814697265625,-5.074951171875,-1.551513671875
0.551,4.214111328125,-5.515380859375,-0.630615234375
0.5515,3.173095703125,-5.755615234375,0.610595703125
0.552,1.931884765625,-6.115966796875,2.092041015625
0.5525,0.770751953125,-6.396240234375,3.533447265625
0.553,0.010009765625,-6.596435546875,4.534423828125
0.5535,-0.870849609375,-6.676513671875,5.415283203125
0.554,-1.991943359375,-5.875732421875,5.895751953125
0.5545,-3.393310546875,-4.634521484375,6.296142578125
0.555,-4.714599609375,-3.393310546875,6.656494140625
0.5555,-5.595458984375,-2.192138671875,6.656494140625
0.556,-6.035888671875,-1.351318359375,6.536376953125
0.5565,-6.035888671875,-0.510498046875,6.015869140625
0.557,-5.795654296875,0.650634765625,4.974853515625
0.5575,-5.715576171875,2.011962890625,3.853759765625
0.558,-5.595458984375,3.413330078125,2.572509765625
0.5585,-5.355224609375,4.414306640625,1.571533203125
0.559,-4.994873046875,5.094970703125,0.730712890625
0.5595,-4.114013671875,5.295166015625,-0.350341796875
0.56,-2.832763671875,5.495361328125,-1.751708984375
0.5605,-1.551513671875,5.855712890625,-3.353271484375
0.561,-0.470458984375,5.935791015625,-4.634521484375
0.5615,0.410400390625,6.135986328125,-5.515380859375
0.562,1.291259765625,5.815673828125,-6.196044921875
0.5625,2.652587890625,4.654541015625,-6.556396484375
0.563,4.053955078125,3.333251953125,-6.916748046875
0.5635,5.255126953125,1.931884765625,-7.076904296875
0.564,5.855712890625,0.810791015625,-6.916748046875
0.5645,6.095947265625,0.010009765625,-6.676513671875
0.565,5.895751953125,-1.031005859375,-5.795654296875
0.5655,5.615478515625,-2.312255859375,-4.554443359375
0.566,5.455322265625,-3.753662109375,-3.233154296875
0.5665,5.215087890625,-4.954833984375,-1.991943359375
0.567,4.814697265625,-5.755615234375,-1.031005859375
0.5675,4.294189453125,-6.236083984375,-0.190185546875
0.568,3.093017578125,-6.316162109375,1.051025390625
0.5685,1.651611328125,-6.476318359375,2.612548828125
0.569,0.290283203125,-6.716552734375,4.134033203125
0.5695,-0.710693359375,-6.756591796875,5.175048828125
0.57,-1.391357421875,-6.756591796875,5.975830078125
0.5705,-2.432373046875,-6.075927734375,6.456298828125
0.571,-3.833740234375,-4.754638671875,6.696533203125
0.5715,-5.114990234375,-3.353271484375,7.016845703125
0.572,-6.035888671875,-2.072021484375,6.976806640625
0.5725,-6.476318359375,-1.111083984375,6.736572265625
0.573,-6.436279296875,-0.270263671875,6.256103515625
0.5735,-6.115966796875,0.850830078125,5.255126953125
0.574,-5.835693359375,2.132080078125,3.973876953125
0.5745,-5.755615234375,3.533447265625,2.652587890625
0.575,-5.435302734375,4.614501953125,1.531494140625
0.5755,-5.074951171875,5.295166015625,0.610595703125
0.576,-4.274169921875,5.615478515625,-0.350341796875
0.5765,-3.072998046875,5.695556640625,-1.591552734375
0.577,-1.671630859375,5.935791015625,-3.193115234375
0.5775,-0.470458984375,6.055908203125,-4.554443359375
0.578,0.490478515625,6.176025390625,-5.515380859375
0.5785,1.211181640625,6.095947265625,-6.276123046875
0.579,2.372314453125,5.175048828125,-6.676513671875
0.5795,3.813720703125,3.773681640625,-6.996826171875
0.58,5.054931640625,2.412353515625,-7.197021484375
0.5805,5.815673828125,1.131103515625,-7.076904296875
0.581,6.176025390625,0.290283203125,-6.876708984375
0.5815,6.095947265625,-0.670654296875,-6.276123046875
0.582,5.735595703125,-1.791748046875,-5.114990234375
0.5825,5.535400390625,-3.193115234375,-3.833740234375
0.583,5.375244140625,-4.554443359375,-2.552490234375
0.5835,5.054931640625,-5.475341796875,-1.431396484375
0.584,4.614501953125,-6.115966796875,-0.630615234375
0.5845,3.653564453125,-6.276123046875,0.490478515625
0.585,2.252197265625,-6.476318359375,1.931884765625
0.5855,0.890869140625,-6.716552734375,3.573486328125
0.586,-0.310302734375,-6.756591796875,4.774658203125
0.5865,-1.031005859375,-6.876708984375,5.695556640625
0.587,-1.911865234375,-6.516357421875,6.296142578125
0.5875,-3.193115234375,-5.315185546875,6.656494140625
0.588,-4.554443359375,-3.993896484375,6.936767578125
0.5885,-5.715576171875,-2.632568359375,7.056884765625
0.589,-6.356201171875,-1.471435546875,6.896728515625
0.5895,-6.516357421875,-0.670654296875,6.576416015625
0.59,-6.276123046875,0.330322265625,5.775634765625
0.5905,-6.035888671875,1.571533203125,4.534423828125
0.591,-5.875732421875,3.012939453125,3.253173828125
0.5915,-5.635498046875,4.294189453125,1.971923828125
0.592,-5.275146484375,5.094970703125,0.970947265625
0.5925,-4.714599609375,5.575439453125,0.130126953125
0.593,-3.593505859375,5.695556640625,-1.071044921875
0.5935,-2.192138671875,5.855712890625,-2.592529296875
0.594,-0.830810546875,6.095947265625,-4.194091796875
0.5945,0.250244140625,6.176025390625,-5.275146484375
0.595,0.930908203125,6.256103515625,-6.156005859375
0.5955,1.971923828125,5.575439453125,-6.636474609375
0.596,3.413330078125,4.214111328125,-6.956787109375
0.5965,4.774658203125,2.852783203125,-7.277099609375
0.597,5.735595703125,1.491455078125,-7.237060546875
0.5975,6.216064453125,0.450439453125,-7.036865234375
0.598,6.256103515625,-0.510498046875,-6.596435546875
0.5985,5.975830078125,-1.551513671875,-5.555419921875
0.599,5.695556640625,-2.912841796875,-4.194091796875
0.5995,5.535400390625,-4.394287109375,-2.832763671875
0.6,5.215087890625,-5.475341796875,-1.591552734375
0.6005,4.814697265625,-6.156005859375,-0.710693359375
0.601,3.973876953125,-6.476318359375,0.330322265625
0.6015,2.612548828125,-6.556396484375,1.651611328125
0.602,1.131103515625,-6.756591796875,3.293212890625
0.6025,-0.270263671875,-6.876708984375,4.774658203125
0.603,-1.071044921875,-6.876708984375,5.695556640625
0.6035,-1.791748046875,-6.716552734375,6.376220703125
0.604,-2.952880859375,-5.755615234375,6.696533203125
0.6045,-4.394287109375,-4.274169921875,6.976806640625
0.605,-5.635498046875,-2.872802734375,7.177001953125
0.6055,-6.356201171875,-1.631591796875,6.976806640625
0.606,-6.636474609375,-0.790771484375,6.736572265625
0.6065,-6.436279296875,0.250244140625,6.055908203125
0.607,-6.115966796875,1.331298828125,4.854736328125
0.6075,-5.915771484375,2.692626953125,3.533447265625
0.608,-5.635498046875,4.053955078125,2.212158203125
0.6085,-5.315185546875,4.934814453125,1.171142578125
0.609,-4.834716796875,5.455322265625,0.290283203125
0.6095,-3.873779296875,5.615478515625,-0.710693359375
0.61,-2.552490234375,5.735595703125,-2.112060546875
0.6105,-1.231201171875,6.015869140625,-3.713623046875
0.611,0.010009765625,6.055908203125,-4.874755859375
0.6115,0.690673828125,6.176025390625,-5.755615234375
0.612,1.531494140625,5.815673828125,-6.396240234375
0.6125,2.772705078125,4.734619140625,-6.716552734375
0.613,4.134033203125,3.373291015625,-6.996826171875
0.6135,5.255126953125,2.052001953125,-7.076904296875
0.614,5.855712890625,0.930908203125,-6.956787109375
0.6145,6.095947265625,0.130126953125,-6.716552734375
0.615,5.815673828125,-0.830810546875,-5.955810546875
0.6155,5.575439453125,-1.991943359375,-4.794677734375
0.616,5.415283203125,-3.353271484375,-3.553466796875
0.6165,5.175048828125,-4.554443359375,-2.312255859375
0.617,4.894775390625,-5.435302734375,-1.351318359375
0.6175,4.374267578125,-5.995849609375,-0.590576171875
0.618,3.373291015625,-6.115966796875,0.610595703125
0.6185,2.092041015625,-6.316162109375,2.011962890625
0.619,0.770751953125,-6.516357421875,3.573486328125
0.6195,-0.310302734375,-6.636474609375,4.614501953125
0.62,-0.990966796875,-6.796630859375,5.535400390625
0.6205,-1.871826171875,-6.276123046875,6.055908203125
0.621,-3.193115234375,-5.114990234375,6.376220703125
0.6215,-4.514404296875,-3.873779296875,6.696533203125
0.622,-5.475341796875,-2.592529296875,6.736572265625
0.6225,-6.035888671875,-1.631591796875,6.696533203125
0.623,-6.156005859375,-0.830810546875,6.376220703125
0.6235,-5.915771484375,0.130126953125,5.535400390625
0.624,-5.755615234375,1.331298828125,4.454345703125
0.6245,-5.675537109375,2.772705078125,3.173095703125
0.625,-5.435302734375,3.853759765625,2.052001953125
0.6255,-5.155029296875,4.654541015625,1.211181640625
0.626,-4.554443359375,5.094970703125,0.370361328125
0.6265,-3.513427734375,5.255126953125,-0.910888671875
0.627,-2.272216796875,5.615478515625,-2.352294921875
0.6275,-1.031005859375,5.775634765625,-3.793701171875
0.628,-0.230224609375,5.975830078125,-4.794677734375
0.6285,0.610595703125,6.015869140625,-5.635498046875
0.629,1.651611328125,5.255126953125,-6.075927734375
0.6295,3.052978515625,4.093994140625,-6.436279296875
0.63,4.294189453125,2.852783203125,-6.716552734375
0.6305,5.135009765625,1.651611328125,-6.716552734375
0.631,5.575439453125,0.810791015625,-6.676513671875
0.6315,5.575439453125,0.050048828125,-6.196044921875
0.632,5.375244140625,-1.031005859375,-5.275146484375
0.6325,5.255126953125,-2.312255859375,-4.194091796875
0.633,5.135009765625,-3.673583984375,-3.032958984375
0.6335,4.934814453125,-4.634521484375,-1.991943359375
0.634,4.614501953125,-5.315185546875,-1.231201171875
0.6345,3.853759765625,-5.595458984375,-0.310302734375
0.635,2.732666015625,-5.795654296875,1.010986328125
0.6355,1.571533203125,-6.156005859375,2.532470703125
0.636,0.490478515625,-6.316162109375,3.773681640625
0.6365,-0.310302734375,-6.556396484375,4.734619140625
0.637,-1.111083984375,-6.396240234375,5.375244140625
0.6375,-2.192138671875,-5.555419921875,5.735595703125
0.638,-3.473388671875,-4.474365234375,6.216064453125
0.6385,-4.634521484375,-3.233154296875,6.416259765625
0.639,-5.395263671875,-2.232177734375,6.416259765625
0.6395,-5.715576171875,-1.511474609375,6.336181640625
0.64,-5.635498046875,-0.710693359375,5.735595703125
0.6405,-5.435302734375,0.370361328125,4.854736328125
0.641,-5.435302734375,1.611572265625,3.853759765625
0.6415,-5.355224609375,2.852783203125,2.772705078125
0.642,-5.155029296875,3.813720703125,1.931884765625
0.6425,-4.834716796875,4.414306640625,1.131103515625
0.643,-4.033935546875,4.734619140625,0.210205078125
0.6435,-3.072998046875,5.054931640625,-1.151123046875
0.644,-1.951904296875,5.415283203125,-2.552490234375
0.6445,-1.031005859375,5.695556640625,-3.713623046875
0.645,-0.350341796875,5.895751953125,-4.674560546875
0.6455,0.650634765625,5.615478515625,-5.315185546875
0.646,1.851806640625,4.734619140625,-5.755615234375
0.6465,3.173095703125,3.653564453125,-6.236083984375
0.647,4.214111328125,2.532470703125,-6.396240234375
0.6475,4.854736328125,1.571533203125,-6.436279296875
0.648,5.175048828125,0.890869140625,-6.316162109375
0.6485,5.094970703125,0.050048828125,-5.755615234375
0.649,5.054931640625,-1.151123046875,-4.874755859375
0.6495,5.054931640625,-2.432373046875,-3.873779296875
0.65,4.974853515625,-3.553466796875,-2.872802734375
0.6505,4.814697265625,-4.434326171875,-2.072021484375
0.651,4.334228515625,-4.954833984375,-1.271240234375
0.6515,3.493408203125,-5.275146484375,-0.190185546875
0.652,2.492431640625,-5.715576171875,1.251220703125
0.6525,1.411376953125,-6.035888671875,2.612548828125
0.653,0.610595703125,-6.316162109375,3.693603515625
0.6535,-0.190185546875,-6.476318359375,4.534423828125
0.654,-1.151123046875,-5.955810546875,5.094970703125
0.6545,-2.392333984375,-5.074951171875,5.575439453125
0.655,-3.673583984375,-3.993896484375,6.015869140625
0.6555,-4.594482421875,-2.912841796875,6.135986328125
0.656,-5.114990234375,-2.152099609375,6.256103515625
0.6565,-5.275146484375,-1.431396484375,5.935791015625
0.657,-5.235107421875,-0.630615234375,5.215087890625
0.6575,-5.275146484375,0.610595703125,4.454345703125
0.658,-5.275146484375,1.931884765625,3.453369140625
0.6585,-5.195068359375,2.932861328125,2.572509765625
0.659,-5.034912109375,3.773681640625,1.771728515625
0.6595,-4.514404296875,4.174072265625,0.970947265625
0.66,-3.593505859375,4.534423828125,-0.270263671875
0.6605,-2.672607421875,5.094970703125,-1.631591796875
0.661,-1.671630859375,5.375244140625,-2.872802734375
0.6615,-0.990966796875,5.735595703125,-3.913818359375
0.662,-0.190185546875,5.735595703125,-4.714599609375
0.6625,1.010986328125,5.054931640625,-5.235107421875
0.663,2.292236328125,4.134033203125,-5.755615234375
0.6635,3.533447265625,3.052978515625,-6.115966796875
0.664,4.334228515625,2.052001953125,-6.276123046875
0.6645,4.814697265625,1.371337890625,-6.316162109375
0.665,4.934814453125,0.570556640625,-5.915771484375
0.6655,4.894775390625,-0.510498046875,-5.155029296875
0.666,4.974853515625,-1.711669921875,-4.354248046875
0.6665,4.934814453125,-2.912841796875,-3.353271484375
0.667,4.854736328125,-3.873779296875,-2.512451171875
0.6675,4.614501953125,-4.594482421875,-1.711669921875
0.668,3.853759765625,-4.994873046875,-0.750732421875
0.6685,2.932861328125,-5.395263671875,0.610595703125
0.669,1.891845703125,-5.835693359375,2.011962890625
0.6695,1.010986328125,-6.156005859375,3.173095703125
0.67,0.330322265625,-6.436279296875,4.134033203125
0.6705,-0.670654296875,-6.156005859375,4.814697265625
0.671,-1.871826171875,-5.355224609375,5.295166015625
0.6715,-3.193115234375,-4.354248046875,5.815673828125
0.672,-4.234130859375,-3.233154296875,6.055908203125
0.6725,-4.954833984375,-2.432373046875,6.176025390625
0.673,-5.275146484375,-1.711669921875,6.055908203125
0.6735,-5.195068359375,-0.910888671875,5.455322265625
0.674,-5.195068359375,0.290283203125,4.654541015625
0.6745,-5.315185546875,1.571533203125,3.733642578125
0.675,-5.235107421875,2.692626953125,2.772705078125
0.6755,-5.114990234375,3.573486328125,1.971923828125
0.676,-4.674560546875,4.134033203125,1.171142578125
0.6765,-3.833740234375,4.494384765625,0.130126953125
0.677,-2.912841796875,4.974853515625,-1.311279296875
0.6775,-1.911865234375,5.295166015625,-2.592529296875
0.678,-1.111083984375,5.655517578125,-3.713623046875
0.6785,-0.390380859375,5.815673828125,-4.634521484375
0.679,0.770751953125,5.255126953125,-5.155029296875
0.6795,2.052001953125,4.334228515625,-5.715576171875
0.68,3.373291015625,3.213134765625,-6.115966796875
0.6805,4.294189453125,2.172119140625,-6.276123046875
0.681,4.854736328125,1.371337890625,-6.396240234375
0.6815,4.974853515625,0.610595703125,-6.035888671875
0.682,4.894775390625,-0.390380859375,-5.355224609375
0.6825,4.974853515625,-1.551513671875,-4.434326171875
0.683,4.974853515625,-2.832763671875,-3.433349609375
0.6835,4.854736328125,-3.873779296875,-2.552490234375
0.684,4.694580078125,-4.634521484375,-1.751708984375
0.6845,4.013916015625,-5.034912109375,-0.830810546875
0.685,3.052978515625,-5.395263671875,0.450439453125
0.6855,2.052001953125,-5.835693359375,1.891845703125
0.686,1.010986328125,-6.115966796875,3.093017578125
0.6865,0.330322265625,-6.396240234375,4.134033203125
0.687,-0.630615234375,-6.356201171875,4.854736328125
0.6875,-1.751708984375,-5.555419921875,5.335205078125
0.688,-3.072998046875,-4.514404296875,5.855712890625
0.6885,-4.234130859375,-3.393310546875,6.135986328125
0.689,-5.034912109375,-2.432373046875,6.256103515625
0.6895,-5.435302734375,-1.751708984375,6.176025390625
0.69,-5.435302734375,-0.910888671875,5.655517578125
0.6905,-5.315185546875,0.290283203125,4.814697265625
0.691,-5.395263671875,1.571533203125,3.853759765625
0.6915,-5.315185546875,2.812744140625,2.812744140625
0.692,-5.155029296875,3.733642578125,1.931884765625
0.6925,-4.834716796875,4.334228515625,1.131103515625
0.693,-3.993896484375,4.614501953125,0.170166015625
0.6935,-2.952880859375,5.054931640625,-1.271240234375
0.694,-1.871826171875,5.415283203125,-2.712646484375
0.6945,-0.990966796875,5.735595703125,-3.873779296875
0.695,-0.270263671875,5.935791015625,-4.834716796875
0.6955,0.810791015625,5.495361328125,-5.435302734375
0.696,2.172119140625,4.454345703125,-5.915771484375
0.6965,3.533447265625,3.333251953125,-6.396240234375
0.697,4.534423828125,2.052001953125,-6.516357421875
0.6975,5.175048828125,1.211181640625,-6.556396484375
0.698,5.335205078125,0.370361328125,-6.276123046875
0.6985,5.255126953125,-0.590576171875,-5.475341796875
0.699,5.135009765625,-1.791748046875,-4.474365234375
0.6995,5.135009765625,-3.193115234375,-3.353271484375
0.7,4.974853515625,-4.274169921875,-2.312255859375
0.7005,4.774658203125,-5.074951171875,-1.471435546875
0.701,4.134033203125,-5.435302734375,-0.590576171875
0.7015,3.012939453125,-5.675537109375,0.690673828125
0.702,1.851806640625,-6.075927734375,2.212158203125
0.7025,0.690673828125,-6.316162109375,3.573486328125
0.703,-0.190185546875,-6.556396484375,4.574462890625
0.7035,-0.950927734375,-6.476318359375,5.375244140625
0.704,-2.031982421875,-5.715576171875,5.815673828125
0.7045,-3.433349609375,-4.514404296875,6.216064453125
0.705,-4.714599609375,-3.273193359375,6.536376953125
0.7055,-5.515380859375,-2.192138671875,6.536376953125
0.706,-5.915771484375,-1.351318359375,6.416259765625
0.7065,-5.835693359375,-0.510498046875,5.855712890625
0.707,-5.635498046875,0.650634765625,4.854736328125
0.7075,-5.595458984375,1.971923828125,3.733642578125
0.708,-5.475341796875,3.333251953125,2.532470703125
0.7085,-5.275146484375,4.294189453125,1.571533203125
0.709,-4.874755859375,4.934814453125,0.770751953125
0.7095,-4.033935546875,5.135009765625,-0.310302734375
0.71,-2.792724609375,5.375244140625,-1.671630859375
0.7105,-1.551513671875,5.775634765625,-3.233154296875
0.711,-0.510498046875,5.895751953125,-4.474365234375
0.7115,0.290283203125,6.095947265625,-5.395263671875
0.712,1.211181640625,5.735595703125,-6.035888671875
0.7125,2.532470703125,4.614501953125,-6.436279296875
0.713,3.973876953125,3.253173828125,-6.836669921875
0.7135,5.135009765625,1.931884765625,-6.956787109375
0.714,5.735595703125,0.890869140625,-6.876708984375
0.7145,5.935791015625,0.130126953125,-6.596435546875
0.715,5.735595703125,-0.950927734375,-5.755615234375
0.7155,5.455322265625,-2.272216796875,-4.554443359375
0.716,5.415283203125,-3.673583984375,-3.233154296875
0.7165,5.175048828125,-4.834716796875,-2.072021484375
0.717,4.854736328125,-5.635498046875,-1.151123046875
0.7175,4.214111328125,-6.075927734375,-0.270263671875
0.718,3.052978515625,-6.156005859375,1.010986328125
0.7185,1.651611328125,-6.436279296875,2.612548828125
0.719,0.330322265625,-6.636474609375,4.134033203125
0.7195,-0.630615234375,-6.716552734375,5.135009765625
0.72,-1.311279296875,-6.716552734375,5.935791015625
0.7205,-2.432373046875,-5.955810546875,6.416259765625
0.721,-3.833740234375,-4.674560546875,6.656494140625
0.7215,-5.195068359375,-3.273193359375,7.016845703125
0.722,-6.115966796875,-1.991943359375,6.896728515625
0.7225,-6.436279296875,-1.031005859375,6.736572265625
0.723,-6.396240234375,-0.190185546875,6.176025390625
0.7235,-6.115966796875,0.970947265625,5.094970703125
0.724,-5.835693359375,2.292236328125,3.813720703125
0.7245,-5.755615234375,3.773681640625,2.492431640625
0.725,-5.395263671875,4.774658203125,1.371337890625
0.7255,-4.994873046875,5.415283203125,0.490478515625
0.726,-4.154052734375,5.615478515625,-0.510498046875
0.7265,-2.832763671875,5.735595703125,-1.871826171875
0.727,-1.431396484375,6.015869140625,-3.513427734375
0.7275,-0.230224609375,6.095947265625,-4.834716796875
0.728,0.610595703125,6.216064453125,-5.755615234375
0.7285,1.411376953125,6.015869140625,-6.436279296875
0.729,2.652587890625,4.894775390625,-6.796630859375
0.7295,4.093994140625,3.453369140625,-7.076904296875
0.73,5.335205078125,2.052001953125,-7.277099609375
0.7305,6.055908203125,0.890869140625,-7.076904296875
0.731,6.296142578125,0.010009765625,-6.836669921875
0.7315,6.095947265625,-0.990966796875,-6.115966796875
0.732,5.775634765625,-2.192138671875,-4.834716796875
0.7325,5.575439453125,-3.593505859375,-3.513427734375
0.733,5.375244140625,-4.914794921875,-2.192138671875
0.7335,4.974853515625,-5.755615234375,-1.151123046875
0.734,4.494384765625,-6.356201171875,-0.310302734375
0.7345,3.333251953125,-6.396240234375,0.850830078125
0.735,1.931884765625,-6.516357421875,2.372314453125
0.7355,0.490478515625,-6.756591796875,3.973876953125
0.736,-0.630615234375,-6.796630859375,5.094970703125
0.7365,-1.311279296875,-6.876708984375,5.935791015625
0.737,-2.232177734375,-6.396240234375,6.416259765625
0.7375,-3.553466796875,-5.114990234375,6.696533203125
0.738,-4.914794921875,-3.753662109375,7.016845703125
0.7385,-5.955810546875,-2.312255859375,7.056884765625
0.739,-6.476318359375,-1.271240234375,6.856689453125
0.7395,-6.556396484375,-0.470458984375,6.496337890625
0.74,-6.276123046875,0.610595703125,5.575439453125
0.7405,-5.955810546875,1.851806640625,4.334228515625
0.741,-5.795654296875,3.293212890625,2.972900390625
0.7415,-5.515380859375,4.494384765625,1.771728515625
0.742,-5.155029296875,5.175048828125,0.810791015625
0.7425,-4.514404296875,5.575439453125,0.010009765625
0.743,-3.393310546875,5.655517578125,-1.231201171875
0.7435,-1.991943359375,5.895751953125,-2.792724609375
0.744,-0.670654296875,6.095947265625,-4.314208984375
0.7445,0.330322265625,6.135986328125,-5.355224609375
0.745,1.010986328125,6.176025390625,-6.156005859375
0.7455,2.052001953125,5.415283203125,-6.596435546875
0.746,3.453369140625,4.093994140625,-6.916748046875
0.7465,4.814697265625,2.732666015625,-7.197021484375
0.747,5.735595703125,1.411376953125,-7.156982421875
0.7475,6.135986328125,0.490478515625,-6.996826171875
0.748,6.135986328125,-0.510498046875,-6.476318359375
0.7485,5.855712890625,-1.511474609375,-5.435302734375
0.749,5.615478515625,-2.872802734375,-4.154052734375
0.7495,5.495361328125,-4.314208984375,-2.832763671875
0.75,5.175048828125,-5.395263671875,-1.631591796875
0.7505,4.814697265625,-6.075927734375,-0.790771484375
0.751,3.933837890625,-6.316162109375,0.290283203125
0.7515,2.612548828125,-6.436279296875,1.571533203125
0.752,1.211181640625,-6.676513671875,3.253173828125
0.7525,-0.150146484375,-6.796630859375,4.614501953125
0.753,-0.990966796875,-6.916748046875,5.575439453125
0.7535,-1.671630859375,-6.716552734375,6.256103515625
0.754,-2.912841796875,-5.715576171875,6.576416015625
0.7545,-4.354248046875,-4.274169921875,6.896728515625
0.755,-5.635498046875,-2.872802734375,7.096923828125
0.7555,-6.316162109375,-1.631591796875,6.976806640625
0.756,-6.556396484375,-0.790771484375,6.696533203125
0.7565,-6.396240234375,0.170166015625,5.975830078125
0.757,-6.115966796875,1.371337890625,4.814697265625
0.7575,-5.915771484375,2.772705078125,3.453369140625
0.758,-5.675537109375,4.134033203125,2.132080078125
0.7585,-5.315185546875,4.974853515625,1.131103515625
0.759,-4.834716796875,5.535400390625,0.290283203125
0.7595,-3.833740234375,5.655517578125,-0.830810546875
0.76,-2.432373046875,5.775634765625,-2.272216796875
0.7605,-1.071044921875,6.055908203125,-3.873779296875
0.761,0.130126953125,6.055908203125,-5.074951171875
0.7615,0.770751953125,6.176025390625,-5.915771484375
0.762,1.651611328125,5.695556640625,-6.436279296875
0.7625,3.012939453125,4.494384765625,-6.756591796875
0.763,4.414306640625,3.173095703125,-7.076904296875
0.7635,5.455322265625,1.771728515625,-7.076904296875
0.764,6.015869140625,0.690673828125,-6.956787109375
0.7645,6.135986328125,-0.190185546875,-6.636474609375
0.765,5.855712890625,-1.111083984375,-5.755615234375
0.7655,5.575439453125,-2.312255859375,-4.514404296875
0.766,5.415283203125,-3.753662109375,-3.233154296875
0.7665,5.135009765625,-4.874755859375,-2.031982421875
0.767,4.814697265625,-5.675537109375,-1.111083984375
0.7675,4.214111328125,-6.075927734375,-0.270263671875
0.768,3.052978515625,-6.156005859375,0.930908203125
0.7685,1.771728515625,-6.396240234375,2.412353515625
0.769,0.450439453125,-6.596435546875,3.893798828125
0.7695,-0.590576171875,-6.716552734375,4.934814453125
0.77,-1.231201171875,-6.756591796875,5.735595703125
0.7705,-2.152099609375,-6.115966796875,6.135986328125
0.771,-3.473388671875,-4.834716796875,6.456298828125
0.7715,-4.754638671875,-3.593505859375,6.776611328125
0.772,-5.715576171875,-2.312255859375,6.736572265625
0.7725,-6.115966796875,-1.431396484375,6.656494140625
0.773,-6.156005859375,-0.630615234375,6.256103515625
0.7735,-5.915771484375,0.410400390625,5.335205078125
0.774,-5.755615234375,1.571533203125,4.214111328125
0.7745,-5.635498046875,3.052978515625,3.012939453125
0.775,-5.395263671875,4.093994140625,1.931884765625
0.7755,-5.114990234375,4.814697265625,1.091064453125
0.776,-4.434326171875,5.175048828125,0.210205078125
0.7765,-3.313232421875,5.335205078125,-1.071044921875
0.777,-2.112060546875,5.655517578125,-2.592529296875
0.7775,-0.910888671875,5.815673828125,-3.953857421875
0.778,0.010009765625,6.015869140625,-4.994873046875
0.7785,0.730712890625,6.015869140625,-5.755615234375
0.779,1.851806640625,5.175048828125,-6.115966796875
0.7795,3.213134765625,3.973876953125,-6.556396484375
0.78,4.494384765625,2.692626953125,-6.796630859375
0.7805,5.295166015625,1.531494140625,-6.796630859375
0.781,5.695556640625,0.690673828125,-6.716552734375
0.7815,5.615478515625,-0.190185546875,-6.156005859375
0.782,5.415283203125,-1.231201171875,-5.155029296875
0.7825,5.335205078125,-2.512451171875,-4.073974609375
0.783,5.175048828125,-3.873779296875,-2.872802734375
0.7835,4.974853515625,-4.834716796875,-1.871826171875
0.784,4.614501953125,-5.475341796875,-1.071044921875
0.7845,3.773681640625,-5.715576171875,0.010009765625
0.785,2.612548828125,-5.955810546875,1.291259765625
0.7855,1.331298828125,-6.316162109375,2.812744140625
0.786,0.290283203125,-6.436279296875,3.973876953125
0.7865,-0.510498046875,-6.596435546875,4.934814453125
0.787,-1.311279296875,-6.356201171875,5.535400390625
0.7875,-2.472412109375,-5.395263671875,5.895751953125
0.788,-3.793701171875,-4.234130859375,6.336181640625
0.7885,-4.914794921875,-2.992919921875,6.456298828125
0.789,-5.595458984375,-1.991943359375,6.496337890625
0.7895,-5.795654296875,-1.271240234375,6.336181640625
0.79,-5.675537109375,-0.470458984375,5.655517578125
0.7905,-5.515380859375,0.690673828125,4.694580078125
0.791,-5.475341796875,1.971923828125,3.653564453125
0.7915,-5.355224609375,3.173095703125,2.532470703125
0.792,-5.114990234375,4.093994140625,1.651611328125
0.7925,-4.714599609375,4.614501953125,0.890869140625
0.793,-3.833740234375,4.814697265625,-0.190185546875
0.7935,-2.792724609375,5.135009765625,-1.511474609375
0.794,-1.631591796875,5.415283203125,-2.952880859375
0.7945,-0.790771484375,5.735595703125,-4.033935546875
0.795,0.010009765625,5.935791015625,-4.954833984375
0.7955,0.930908203125,5.495361328125,-5.475341796875
0.796,2.172119140625,4.494384765625,-5.915771484375
0.7965,3.493408203125,3.413330078125,-6.356201171875
0.797,4.494384765625,2.252197265625,-6.476318359375
0.7975,5.094970703125,1.371337890625,-6.516357421875
0.798,5.255126953125,0.610595703125,-6.276123046875
0.7985,5.135009765625,-0.310302734375,-5.595458984375
0.799,5.094970703125,-1.431396484375,-4.674560546875
0.7995,5.094970703125,-2.712646484375,-3.593505859375
0.8,4.934814453125,-3.833740234375,-2.592529296875
0.8005,4.814697265625,-4.674560546875,-1.791748046875
0.801,4.214111328125,-5.155029296875,-0.990966796875
0.8015,3.253173828125,-5.435302734375,0.210205078125
0.802,2.252197265625,-5.835693359375,1.571533203125
0.8025,1.131103515625,-6.115966796875,2.932861328125
0.803,0.370361328125,-6.396240234375,3.933837890625
0.8035,-0.470458984375,-6.436279296875,4.774658203125
0.804,-1.391357421875,-5.835693359375,5.215087890625
0.8045,-2.632568359375,-4.874755859375,5.695556640625
0.805,-3.873779296875,-3.793701171875,6.095947265625
0.8055,-4.794677734375,-2.712646484375,6.176025390625
0.806,-5.275146484375,-1.991943359375,6.216064453125
0.8065,-5.315185546875,-1.271240234375,5.855712890625
0.807,-5.235107421875,-0.390380859375,5.135009765625
0.8075,-5.275146484375,0.850830078125,4.334228515625
0.808,-5.275146484375,2.132080078125,3.293212890625
0.8085,-5.155029296875,3.133056640625,2.412353515625
0.809,-4.994873046875,3.853759765625,1.691650390625
0.8095,-4.434326171875,4.214111328125,0.810791015625
0.81,-3.553466796875,4.614501953125,-0.430419921875
0.8105,-2.552490234375,5.094970703125,-1.791748046875
0.811,-1.591552734375,5.415283203125,-2.992919921875
0.8115,-0.910888671875,5.735595703125,-3.993896484375
0.812,0.010009765625,5.695556640625,-4.754638671875
0.8125,1.131103515625,4.974853515625,-5.275146484375
0.813,2.412353515625,4.093994140625,-5.795654296875
0.8135,3.573486328125,2.932861328125,-6.115966796875
0.814,4.374267578125,2.052001953125,-6.276123046875
0.8145,4.814697265625,1.291259765625,-6.276123046875
0.815,4.854736328125,0.570556640625,-5.835693359375
0.8155,4.854736328125,-0.510498046875,-5.155029296875
0.816,4.934814453125,-1.711669921875,-4.314208984375
0.8165,4.934814453125,-2.912841796875,-3.313232421875
0.817,4.854736328125,-3.913818359375,-2.512451171875
0.8175,4.534423828125,-4.554443359375,-1.751708984375
0.818,3.813720703125,-4.994873046875,-0.750732421875
0.8185,2.932861328125,-5.395263671875,0.610595703125
0.819,1.891845703125,-5.795654296875,1.971923828125
0.8195,1.051025390625,-6.156005859375,3.133056640625
0.82,0.370361328125,-6.396240234375,4.093994140625
0.8205,-0.630615234375,-6.115966796875,4.774658203125
0.821,-1.831787109375,-5.355224609375,5.255126953125
0.8215,-3.153076171875,-4.394287109375,5.775634765625
0.822,-4.194091796875,-3.273193359375,6.015869140625
0.8225,-4.914794921875,-2.432373046875,6.176025390625
0.823,-5.155029296875,-1.791748046875,6.015869140625
0.8235,-5.155029296875,-0.950927734375,5.415283203125
0.824,-5.195068359375,0.250244140625,4.654541015625
0.8245,-5.275146484375,1.531494140625,3.773681640625
0.825,-5.235107421875,2.612548828125,2.812744140625
0.8255,-5.114990234375,3.493408203125,2.011962890625
0.826,-4.674560546875,4.013916015625,1.211181640625
0.8265,-3.833740234375,4.454345703125,0.130126953125
0.827,-2.912841796875,4.974853515625,-1.311279296875
0.8275,-1.911865234375,5.295166015625,-2.632568359375
0.828,-1.151123046875,5.695556640625,-3.753662109375
0.8285,-0.350341796875,5.775634765625,-4.634521484375
0.829,0.770751953125,5.215087890625,-5.195068359375
0.8295,2.092041015625,4.294189453125,-5.715576171875
0.83,3.413330078125,3.173095703125,-6.115966796875
0.8305,4.334228515625,2.092041015625,-6.276123046875
0.831,4.894775390625,1.371337890625,-6.396240234375
0.8315,4.974853515625,0.570556640625,-5.955810546875
0.832,4.894775390625,-0.470458984375,-5.235107421875
0.8325,4.974853515625,-1.671630859375,-4.354248046875
0.833,4.974853515625,-2.992919921875,-3.313232421875
0.8335,4.854736328125,-4.033935546875,-2.432373046875
0.834,4.614501953125,-4.794677734375,-1.631591796875
0.8345,3.893798828125,-5.074951171875,-0.670654296875
0.835,2.892822265625,-5.395263671875,0.610595703125
0.8355,1.851806640625,-5.835693359375,2.052001953125
0.836,0.930908203125,-6.115966796875,3.293212890625
0.8365,0.210205078125,-6.436279296875,4.294189453125
0.837,-0.750732421875,-6.236083984375,4.974853515625
0.8375,-1.911865234375,-5.395263671875,5.415283203125
0.838,-3.193115234375,-4.354248046875,5.895751953125
0.8385,-4.394287109375,-3.193115234375,6.176025390625
0.839,-5.114990234375,-2.272216796875,6.216064453125
0.8395,-5.435302734375,-1.551513671875,6.095947265625
0.84,-5.355224609375,-0.750732421875,5.535400390625
0.8405,-5.275146484375,0.410400390625,4.614501953125
0.841,-5.315185546875,1.651611328125,3.693603515625
0.8415,-5.235107421875,2.852783203125,2.612548828125
0.842,-5.114990234375,3.773681640625,1.811767578125
0.8425,-4.674560546875,4.334228515625,1.010986328125
0.843,-3.833740234375,4.614501953125,0.050048828125
0.8435,-2.832763671875,5.014892578125,-1.351318359375
0.844,-1.791748046875,5.415283203125,-2.792724609375
0.8445,-0.910888671875,5.695556640625,-3.913818359375
0.845,-0.230224609375,5.895751953125,-4.834716796875
0.8455,0.890869140625,5.415283203125,-5.395263671875
0.846,2.172119140625,4.414306640625,-5.835693359375
0.8465,3.533447265625,3.253173828125,-6.316162109375
0.847,4.534423828125,2.052001953125,-6.436279296875
0.8475,5.094970703125,1.291259765625,-6.476318359375
0.848,5.255126953125,0.490478515625,-6.156005859375
0.8485,5.135009765625,-0.510498046875,-5.435302734375
0.849,5.054931640625,-1.751708984375,-4.434326171875
0.8495,5.094970703125,-3.113037109375,-3.353271484375
0.85,4.934814453125,-4.234130859375,-2.352294921875
0.8505,4.774658203125,-4.954833984375,-1.551513671875
0.851,4.093994140625,-5.315185546875,-0.670654296875
0.8515,3.012939453125,-5.555419921875,0.610595703125
0.852,1.931884765625,-6.035888671875,2.092041015625
0.8525,0.770751953125,-6.236083984375,3.453369140625
0.853,0.010009765625,-6.516357421875,4.494384765625
0.8535,-0.830810546875,-6.436279296875,5.255126953125
0.854,-1.951904296875,-5.675537109375,5.695556640625
0.8545,-3.313232421875,-4.514404296875,6.095947265625
0.855,-4.594482421875,-3.273193359375,6.416259765625
0.8555,-5.435302734375,-2.192138671875,6.456298828125
0.856,-5.755615234375,-1.431396484375,6.376220703125
0.8565,-5.755615234375,-0.630615234375,5.775634765625
0.857,-5.555419921875,0.570556640625,4.814697265625
0.8575,-5.555419921875,1.891845703125,3.773681640625
0.858,-5.475341796875,3.173095703125,2.532470703125
0.8585,-5.275146484375,4.174072265625,1.611572265625
0.859,-4.874755859375,4.814697265625,0.810791015625
0.8595,-3.993896484375,5.054931640625,-0.270263671875
0.86,-2.792724609375,5.295166015625,-1.631591796875
0.8605,-1.551513671875,5.735595703125,-3.193115234375
0.861,-0.590576171875,5.895751953125,-4.434326171875
0.8615,0.250244140625,6.095947265625,-5.355224609375
0.862,1.211181640625,5.655517578125,-5.955810546875
0.8625,2.572509765625,4.494384765625,-6.396240234375
0.863,3.973876953125,3.213134765625,-6.756591796875
0.8635,5.094970703125,1.931884765625,-6.916748046875
0.864,5.695556640625,0.890869140625,-6.796630859375
0.8645,5.855712890625,0.050048828125,-6.476318359375
0.865,5.655517578125,-1.031005859375,-5.635498046875
0.8655,5.415283203125,-2.312255859375,-4.394287109375
0.866,5.335205078125,-3.793701171875,-3.153076171875
0.8665,5.135009765625,-4.914794921875,-1.951904296875
0.867,4.814697265625,-5.715576171875,-1.031005859375
0.8675,4.134033203125,-6.035888671875,-0.190185546875
0.868,2.852783203125,-6.156005859375,1.171142578125
0.8685,1.491455078125,-6.396240234375,2.732666015625
0.869,0.250244140625,-6.596435546875,4.214111328125
0.8695,-0.710693359375,-6.716552734375,5.215087890625
0.87,-1.391357421875,-6.676513671875,5.975830078125
0.8705,-2.512451171875,-5.795654296875,6.376220703125
0.871,-3.953857421875,-4.434326171875,6.656494140625
0.8715,-5.275146484375,-3.072998046875,6.936767578125
0.872,-6.115966796875,-1.791748046875,6.856689453125
0.8725,-6.396240234375,-0.990966796875,6.656494140625
0.873,-6.316162109375,0.010009765625,6.055908203125
0.8735,-5.995849609375,1.051025390625,4.934814453125
0.874,-5.755615234375,2.372314453125,3.573486328125
0.8745,-5.635498046875,3.813720703125,2.332275390625
0.875,-5.315185546875,4.774658203125,1.291259765625
0.8755,-4.874755859375,5.375244140625,0.450439453125
0.876,-3.993896484375,5.535400390625,-0.590576171875
0.8765,-2.672607421875,5.615478515625,-1.911865234375
0.877,-1.311279296875,5.935791015625,-3.553466796875
0.8775,-0.190185546875,6.015869140625,-4.794677734375
0.878,0.610595703125,6.135986328125,-5.715576171875
0.8785,1.411376953125,5.895751953125,-6.356201171875
0.879,2.652587890625,4.814697265625,-6.676513671875
0.8795,4.093994140625,3.413330078125,-6.996826171875
0.88,5.295166015625,2.011962890625,-7.156982421875
0.8805,5.935791015625,0.890869140625,-6.996826171875
0.881,6.176025390625,0.010009765625,-6.756591796875
0.8815,5.935791015625,-0.990966796875,-5.995849609375
0.882,5.615478515625,-2.192138671875,-4.834716796875
0.8825,5.455322265625,-3.553466796875,-3.473388671875
0.883,5.295166015625,-4.834716796875,-2.192138671875
0.8835,4.934814453125,-5.715576171875,-1.151123046875
0.884,4.414306640625,-6.196044921875,-0.350341796875
0.8845,3.333251953125,-6.276123046875,0.770751953125
0.885,1.931884765625,-6.436279296875,2.252197265625
0.8855,0.530517578125,-6.676513671875,3.933837890625
0.886,-0.590576171875,-6.716552734375,5.014892578125
0.8865,-1.271240234375,-6.836669921875,5.855712890625
0.887,-2.152099609375,-6.276123046875,6.376220703125
0.8875,-3.513427734375,-5.034912109375,6.656494140625
0.888,-4.834716796875,-3.673583984375,6.976806640625
0.8885,-5.915771484375,-2.312255859375,7.016845703125
0.889,-6.396240234375,-1.311279296875,6.816650390625
0.8895,-6.516357421875,-0.550537109375,6.416259765625
0.89,-6.196044921875,0.530517578125,5.455322265625
0.8905,-5.915771484375,1.851806640625,4.214111328125
0.891,-5.755615234375,3.333251953125,2.892822265625
0.8915,-5.515380859375,4.454345703125,1.731689453125
0.892,-5.155029296875,5.215087890625,0.810791015625
0.8925,-4.474365234375,5.495361328125,0.010009765625
0.893,-3.273193359375,5.615478515625,-1.311279296875
0.8935,-1.911865234375,5.895751953125,-2.872802734375
0.894,-0.630615234375,6.055908203125,-4.434326171875
0.8945,0.370361328125,6.176025390625,-5.435302734375
0.895,1.091064453125,6.135986328125,-6.156005859375
0.8955,2.172119140625,5.335205078125,-6.596435546875
0.896,3.573486328125,3.973876953125,-6.916748046875
0.8965,4.934814453125,2.572509765625,-7.197021484375
0.897,5.775634765625,1.251220703125,-7.116943359375
0.8975,6.176025390625,0.290283203125,-6.956787109375
0.898,6.095947265625,-0.630615234375,-6.396240234375
0.8985,5.815673828125,-1.671630859375,-5.275146484375
0.899,5.615478515625,-3.072998046875,-3.953857421875
0.8995,5.415283203125,-4.514404296875,-2.592529296875
0.9,5.094970703125,-5.515380859375,-1.471435546875
0.9005,4.694580078125,-6.156005859375,-0.630615234375
0.901,3.773681640625,-6.356201171875,0.490478515625
0.9015,2.372314453125,-6.436279296875,1.851806640625
0.902,0.970947265625,-6.716552734375,3.533447265625
0.9025,-0.350341796875,-6.796630859375,4.814697265625
0.903,-1.151123046875,-6.876708984375,5.735595703125
0.9035,-1.911865234375,-6.596435546875,6.376220703125
0.904,-3.153076171875,-5.475341796875,6.696533203125
0.9045,-4.554443359375,-4.073974609375,6.976806640625
0.905,-5.755615234375,-2.672607421875,7.096923828125
0.9055,-6.436279296875,-1.471435546875,6.896728515625
0.906,-6.676513671875,-0.670654296875,6.656494140625
0.9065,-6.396240234375,0.370361328125,5.855712890625
0.907,-6.075927734375,1.571533203125,4.614501953125
0.9075,-5.875732421875,3.052978515625,3.253173828125
0.908,-5.635498046875,4.334228515625,1.931884765625
0.9085,-5.275146484375,5.175048828125,0.930908203125
0.909,-4.714599609375,5.655517578125,0.130126953125
0.9095,-3.633544921875,5.735595703125,-1.031005859375
0.91,-2.192138671875,5.895751953125,-2.552490234375
0.9105,-0.870849609375,6.095947265625,-4.154052734375
0.911,0.290283203125,6.135986328125,-5.275146484375
0.9115,0.970947265625,6.256103515625,-6.115966796875
0.912,1.931884765625,5.615478515625,-6.556396484375
0.9125,3.253173828125,4.334228515625,-6.876708984375
0.913,4.614501953125,2.892822265625,-7.197021484375
0.9135,5.655517578125,1.531494140625,-7.197021484375
0.914,6.095947265625,0.490478515625,-6.996826171875
0.9145,6.216064453125,-0.390380859375,-6.556396484375
0.915,5.895751953125,-1.311279296875,-5.635498046875
0.9155,5.575439453125,-2.592529296875,-4.354248046875
0.916,5.415283203125,-3.993896484375,-3.032958984375
0.9165,5.094970703125,-5.114990234375,-1.831787109375
0.917,4.774658203125,-5.835693359375,-0.950927734375
0.9175,4.093994140625,-6.196044921875,0.050048828125
0.918,2.892822265625,-6.276123046875,1.171142578125
0.9185,1.531494140625,-6.476318359375,2.692626953125
0.919,0.210205078125,-6.596435546875,4.174072265625
0.9195,-0.750732421875,-6.716552734375,5.175048828125
0.92,-1.391357421875,-6.716552734375,5.935791015625
0.9205,-2.392333984375,-5.915771484375,6.256103515625
0.921,-3.713623046875,-4.714599609375,6.536376953125
0.9215,-4.994873046875,-3.393310546875,6.856689453125
0.922,-5.915771484375,-2.112060546875,6.736572265625
0.9225,-6.276123046875,-1.231201171875,6.656494140625
0.923,-6.236083984375,-0.470458984375,6.135986328125
0.9235,-5.915771484375,0.610595703125,5.175048828125
0.924,-5.755615234375,1.851806640625,4.053955078125
0.9245,-5.635498046875,3.253173828125,2.772705078125
0.925,-5.395263671875,4.294189453125,1.731689453125
0.9255,-5.034912109375,4.974853515625,0.890869140625
0.926,-4.274169921875,5.255126953125,0.010009765625
0.9265,-3.113037109375,5.415283203125,-1.311279296875
0.927,-1.911865234375,5.735595703125,-2.872802734375
0.9275,-0.670654296875,5.895751953125,-4.194091796875
0.928,0.170166015625,6.095947265625,-5.155029296875
0.9285,0.930908203125,5.975830078125,-5.875732421875
0.929,2.052001953125,4.974853515625,-6.276123046875
0.9295,3.413330078125,3.773681640625,-6.676513671875
0.93,4.654541015625,2.452392578125,-6.876708984375
0.9305,5.415283203125,1.371337890625,-6.796630859375
0.931,5.775634765625,0.570556640625,-6.716552734375
0.9315,5.695556640625,-0.350341796875,-6.115966796875
0.932,5.415283203125,-1.431396484375,-5.074951171875
0.9325,5.335205078125,-2.752685546875,-3.873779296875
0.933,5.175048828125,-4.033935546875,-2.672607421875
0.9335,4.934814453125,-4.994873046875,-1.711669921875
0.934,4.534423828125,-5.635498046875,-0.910888671875
0.9345,3.613525390625,-5.755615234375,0.210205078125
0.935,2.412353515625,-6.035888671875,1.531494140625
0.9355,1.131103515625,-6.276123046875,3.052978515625
0.936,0.130126953125,-6.436279296875,4.174072265625
0.9365,-0.630615234375,-6.636474609375,5.094970703125
0.937,-1.471435546875,-6.276123046875,5.615478515625
0.9375,-2.632568359375,-5.275146484375,5.935791015625
0.938,-3.993896484375,-4.114013671875,6.376220703125
0.9385,-5.074951171875,-2.832763671875,6.496337890625
0.939,-5.675537109375,-1.871826171875,6.456298828125
0.9395,-5.835693359375,-1.151123046875,6.256103515625
0.94,-5.635498046875,-0.310302734375,5.535400390625
0.9405,-5.475341796875,0.850830078125,4.574462890625
0.941,-5.435302734375,2.212158203125,3.493408203125
0.9415,-5.315185546875,3.333251953125,2.372314453125
0.942,-5.114990234375,4.174072265625,1.531494140625
0.9425,-4.634521484375,4.654541015625,0.730712890625
0.943,-3.713623046875,4.854736328125,-0.350341796875
0.9435,-2.632568359375,5.215087890625,-1.671630859375
0.944,-1.471435546875,5.495361328125,-3.072998046875
0.9445,-0.630615234375,5.735595703125,-4.154052734375
0.945,0.130126953125,5.895751953125,-5.074951171875
0.9455,1.051025390625,5.375244140625,-5.555419921875
0.946,2.252197265625,4.374267578125,-5.995849609375
0.9465,3.573486328125,3.293212890625,-6.356201171875
0.947,4.534423828125,2.132080078125,-6.436279296875
0.9475,5.135009765625,1.291259765625,-6.516357421875
0.948,5.255126953125,0.570556640625,-6.236083984375
0.9485,5.135009765625,-0.390380859375,-5.515380859375
0.949,5.094970703125,-1.551513671875,-4.634521484375
0.9495,5.094970703125,-2.832763671875,-3.553466796875
0.95,4.974853515625,-3.913818359375,-2.552490234375
0.9505,4.774658203125,-4.754638671875,-1.751708984375
0.951,4.134033203125,-5.155029296875,-0.910888671875
0.9515,3.173095703125,-5.435302734375,0.290283203125
0.952,2.172119140625,-5.875732421875,1.731689453125
0.9525,1.051025390625,-6.115966796875,3.012939453125
0.953,0.330322265625,-6.436279296875,4.013916015625
0.9535,-0.510498046875,-6.436279296875,4.814697265625
0.954,-1.551513671875,-5.795654296875,5.295166015625
0.9545,-2.752685546875,-4.834716796875,5.735595703125
0.955,-3.993896484375,-3.713623046875,6.095947265625
0.9555,-4.874755859375,-2.632568359375,6.216064453125
0.956,-5.315185546875,-1.951904296875,6.256103515625
0.9565,-5.395263671875,-1.151123046875,5.815673828125
0.957,-5.275146484375,-0.270263671875,5.094970703125
0.9575,-5.315185546875,1.010986328125,4.174072265625
0.958,-5.275146484375,2.292236328125,3.173095703125
0.9585,-5.155029296875,3.253173828125,2.292236328125
0.959,-4.954833984375,3.973876953125,1.531494140625
0.9595,-4.314208984375,4.334228515625,0.610595703125
0.96,-3.353271484375,4.734619140625,-0.630615234375
0.9605,-2.352294921875,5.175048828125,-2.031982421875
0.961,-1.431396484375,5.415283203125,-3.193115234375
0.9615,-0.670654296875,5.775634765625,-4.234130859375
0.962,0.210205078125,5.535400390625,-4.954833984375
0.9625,1.331298828125,4.854736328125,-5.395263671875
0.963,2.652587890625,3.893798828125,-5.915771484375
0.9635,3.813720703125,2.732666015625,-6.156005859375
0.964,4.534423828125,1.851806640625,-6.316162109375
0.9645,4.974853515625,1.131103515625,-6.276123046875
0.965,4.934814453125,0.330322265625,-5.755615234375
0.9655,4.894775390625,-0.710693359375,-4.994873046875
0.966,4.934814453125,-1.951904296875,-4.073974609375
0.9665,4.894775390625,-3.193115234375,-3.113037109375
0.967,4.814697265625,-4.114013671875,-2.272216796875
0.9675,4.454345703125,-4.674560546875,-1.471435546875
0.968,3.653564453125,-5.034912109375,-0.510498046875
0.9685,2.732666015625,-5.475341796875,0.890869140625
0.969,1.651611328125,-5.875732421875,2.252197265625
0.9695,0.850830078125,-6.236083984375,3.333251953125
0.97,0.130126953125,-6.436279296875,4.214111328125
0.9705,-0.830810546875,-6.035888671875,4.854736328125
0.971,-2.031982421875,-5.195068359375,5.335205078125
0.9715,-3.313232421875,-4.194091796875,5.815673828125
0.972,-4.314208984375,-3.153076171875,6.015869140625
0.9725,-4.994873046875,-2.312255859375,6.135986328125
0.973,-5.195068359375,-1.591552734375,5.935791015625
0.9735,-5.155029296875,-0.790771484375,5.295166015625
0.974,-5.195068359375,0.370361328125,4.614501953125
0.9745,-5.275146484375,1.651611328125,3.613525390625
0.975,-5.195068359375,2.772705078125,2.692626953125
0.9755,-5.074951171875,3.613525390625,1.931884765625
0.976,-4.594482421875,4.134033203125,1.131103515625
0.9765,-3.753662109375,4.494384765625,0.010009765625
0.977,-2.872802734375,4.974853515625,-1.431396484375
0.9775,-1.871826171875,5.295166015625,-2.712646484375
0.978,-1.111083984375,5.655517578125,-3.833740234375
0.9785,-0.310302734375,5.735595703125,-4.634521484375
0.979,0.890869140625,5.135009765625,-5.155029296875
0.9795,2.132080078125,4.214111328125,-5.715576171875
0.98,3.453369140625,3.093017578125,-6.115966796875
0.9805,4.334228515625,2.092041015625,-6.276123046875
0.981,4.814697265625,1.331298828125,-6.316162109375
0.9815,4.934814453125,0.610595703125,-5.915771484375
0.982,4.854736328125,-0.470458984375,-5.195068359375
0.9825,4.934814453125,-1.631591796875,-4.354248046875
0.983,4.934814453125,-2.912841796875,-3.313232421875
0.9835,4.814697265625,-3.913818359375,-2.432373046875
0.984,4.614501953125,-4.634521484375,-1.671630859375
0.9845,3.893798828125,-4.994873046875,-0.710693359375
0.985,2.932861328125,-5.435302734375,0.570556640625
0.9855,1.931884765625,-5.835693359375,1.971923828125
0.986,0.970947265625,-6.156005859375,3.173095703125
0.9865,0.290283203125,-6.396240234375,4.174072265625
0.987,-0.670654296875,-6.156005859375,4.814697265625
0.9875,-1.831787109375,-5.355224609375,5.295166015625
0.988,-3.153076171875,-4.394287109375,5.775634765625
0.9885,-4.274169921875,-3.233154296875,6.055908203125
0.989,-4.994873046875,-2.312255859375,6.176025390625
0.9895,-5.275146484375,-1.631591796875,6.095947265625
0.99,-5.275146484375,-0.790771484375,5.455322265625
0.9905,-5.195068359375,0.290283203125,4.654541015625
0.991,-5.275146484375,1.571533203125,3.733642578125
0.9915,-5.235107421875,2.772705078125,2.692626953125
0.992,-5.114990234375,3.693603515625,1.931884765625
0.9925,-4.674560546875,4.174072265625,1.131103515625
0.993,-3.833740234375,4.494384765625,0.090087890625
0.9935,-2.912841796875,4.934814453125,-1.311279296875
0.994,-1.871826171875,5.295166015625,-2.712646484375
0.9945,-0.990966796875,5.695556640625,-3.833740234375
0.995,-0.310302734375,5.815673828125,-4.754638671875
0.9955,0.810791015625,5.335205078125,-5.315185546875
0.996,2.092041015625,4.374267578125,-5.755615234375
0.9965,3.453369140625,3.213134765625,-6.236083984375
0.997,4.454345703125,2.092041015625,-6.396240234375
0.9975,5.054931640625,1.291259765625,-6.436279296875
0.998,5.175048828125,0.490478515625,-6.115966796875
0.9985,5.094970703125,-0.510498046875,-5.395263671875
0.999,5.054931640625,-1.711669921875,-4.434326171875
0.9995,5.094970703125,-3.072998046875,-3.313232421875
