wavelength,x,y,z
0.0,0.970947265625,2.252197265625,-3.593505859375
0.0005,1.731689453125,1.611572265625,-3.833740234375
0.001,2.212158203125,1.131103515625,-3.753662109375
0.0015,2.532470703125,0.610595703125,-3.793701171875
0.002,2.852783203125,0.330322265625,-3.553466796875
0.0025,2.972900390625,-0.310302734375,-3.113037109375
0.003,3.133056640625,-1.031005859375,-2.552490234375
0.0035,3.213134765625,-1.791748046875,-1.871826171875
0.004,3.173095703125,-2.272216796875,-1.391357421875
0.0045,3.173095703125,-2.752685546875,-0.870849609375
0.005,2.892822265625,-3.032958984375,-0.390380859375
0.0055,2.292236328125,-3.193115234375,0.410400390625
0.006,1.691650390625,-3.393310546875,1.251220703125
0.0065,1.010986328125,-3.393310546875,1.891845703125
0.007,0.610595703125,-3.473388671875,2.372314453125
0.0075,0.130126953125,-3.353271484375,2.732666015625
0.008,-0.510498046875,-2.992919921875,2.972900390625
0.0085,-1.391357421875,-2.392333984375,3.213134765625
0.009,-2.072021484375,-1.791748046875,3.333251953125
0.0095,-2.472412109375,-1.231201171875,3.213134765625
0.01,-2.952880859375,-0.830810546875,3.253173828125
0.0105,-3.153076171875,-0.350341796875,2.972900390625
0.011,-3.193115234375,0.370361328125,2.372314453125
0.0115,-3.393310546875,1.171142578125,1.811767578125
0.012,-3.433349609375,1.891845703125,1.131103515625
0.0125,-3.353271484375,2.292236328125,0.650634765625
0.013,-3.233154296875,2.732666015625,0.130126953125
0.0135,-2.872802734375,2.892822265625,-0.430419921875
0.014,-2.192138671875,3.093017578125,-1.311279296875
0.0145,-1.591552734375,3.213134765625,-2.072021484375
0.015,-0.990966796875,3.173095703125,-2.632568359375
0.0155,-0.630615234375,3.293212890625,-3.072998046875
0.016,0.010009765625,3.012939453125,-3.353271484375
0.0165,0.690673828125,2.412353515625,-3.593505859375
0.017,1.491455078125,1.891845703125,-3.793701171875
0.0175,2.052001953125,1.251220703125,-3.833740234375
0.018,2.452392578125,0.890869140625,-3.713623046875
0.0185,2.812744140625,0.450439453125,-3.673583984375
0.019,2.972900390625,-0.070068359375,-3.273193359375
0.0195,3.012939453125,-0.830810546875,-2.632568359375
0.02,3.173095703125,-1.551513671875,-2.072021484375
0.0205,3.173095703125,-2.152099609375,-1.471435546875
0.021,3.173095703125,-2.592529296875,-1.031005859375
0.0215,2.972900390625,-2.912841796875,-0.550537109375
0.022,2.532470703125,-3.113037109375,0.050048828125
0.0225,1.891845703125,-3.273193359375,0.930908203125
0.023,1.251220703125,-3.353271484375,1.651611328125
0.0235,0.730712890625,-3.353271484375,2.132080078125
0.024,0.330322265625,-3.433349609375,2.572509765625
0.0245,-0.270263671875,-3.153076171875,2.852783203125
0.025,-0.990966796875,-2.552490234375,3.012939453125
0.0255,-1.751708984375,-2.112060546875,3.213134765625
0.026,-2.312255859375,-1.431396484375,3.213134765625
0.0265,-2.672607421875,-1.111083984375,3.213134765625
0.027,-2.952880859375,-0.550537109375,3.012939453125
0.0275,-3.153076171875,0.010009765625,2.692626953125
0.028,-3.233154296875,0.770751953125,2.011962890625
0.0285,-3.353271484375,1.411376953125,1.451416015625
0.029,-3.273193359375,1.971923828125,0.930908203125
0.0295,-3.353271484375,2.492431640625,0.450439453125
0.03,-2.992919921875,2.692626953125,-0.110107421875
0.0305,-2.472412109375,2.892822265625,-0.830810546875
0.031,-1.911865234375,3.173095703125,-1.631591796875
0.0315,-1.311279296875,3.173095703125,-2.272216796875
0.032,-0.870849609375,3.173095703125,-2.712646484375
0.0325,-0.390380859375,3.133056640625,-3.193115234375
0.033,0.250244140625,2.772705078125,-3.473388671875
0.0335,1.051025390625,2.092041015625,-3.633544921875
0.034,1.691650390625,1.651611328125,-3.753662109375
0.0345,2.212158203125,1.131103515625,-3.713623046875
0.035,2.572509765625,0.770751953125,-3.753662109375
0.0355,2.812744140625,0.250244140625,-3.393310546875
0.036,2.932861328125,-0.390380859375,-2.952880859375
0.0365,3.133056640625,-1.151123046875,-2.392333984375
0.037,3.133056640625,-1.791748046875,-1.791748046875
0.0375,3.133056640625,-2.272216796875,-1.311279296875
0.038,3.093017578125,-2.752685546875,-0.830810546875
0.0385,2.732666015625,-2.952880859375,-0.270263671875
0.039,2.092041015625,-3.113037109375,0.570556640625
0.0395,1.531494140625,-3.313232421875,1.291259765625
0.04,0.970947265625,-3.313232421875,1.891845703125
0.0405,0.570556640625,-3.393310546875,2.292236328125
0.041,0.050048828125,-3.193115234375,2.612548828125
0.0415,-0.630615234375,-2.872802734375,2.852783203125
0.042,-1.471435546875,-2.192138671875,3.133056640625
0.0425,-1.991943359375,-1.671630859375,3.173095703125
0.043,-2.472412109375,-1.191162109375,3.133056640625
0.0435,-2.872802734375,-0.790771484375,3.173095703125
0.044,-2.952880859375,-0.270263671875,2.732666015625
0.0445,-3.113037109375,0.450439453125,2.212158203125
0.045,-3.273193359375,1.131103515625,1.731689453125
0.0455,-3.273193359375,1.771728515625,1.131103515625
0.046,-3.273193359375,2.172119140625,0.650634765625
0.0465,-3.153076171875,2.572509765625,0.130126953125
0.047,-2.752685546875,2.812744140625,-0.470458984375
0.0475,-2.072021484375,3.012939453125,-1.311279296875
0.048,-1.551513671875,3.133056640625,-1.951904296875
0.0485,-1.031005859375,3.133056640625,-2.552490234375
0.049,-0.630615234375,3.173095703125,-2.992919921875
0.0495,0.010009765625,2.812744140625,-3.233154296875
0.05,0.690673828125,2.412353515625,-3.473388671875
0.0505,1.451416015625,1.851806640625,-3.713623046875
0.051,1.971923828125,1.371337890625,-3.713623046875
0.0515,2.372314453125,0.930908203125,-3.713623046875
0.052,2.692626953125,0.490478515625,-3.593505859375
0.0525,2.852783203125,-0.110107421875,-3.193115234375
0.053,2.972900390625,-0.830810546875,-2.592529296875
0.0535,3.133056640625,-1.471435546875,-2.072021484375
0.054,3.133056640625,-2.072021484375,-1.511474609375
0.0545,3.133056640625,-2.552490234375,-1.071044921875
0.055,2.852783203125,-2.832763671875,-0.510498046875
0.0555,2.412353515625,-3.072998046875,0.170166015625
0.056,1.771728515625,-3.273193359375,1.051025390625
0.0565,1.211181640625,-3.353271484375,1.571533203125
0.057,0.730712890625,-3.393310546875,2.172119140625
0.0575,0.290283203125,-3.393310546875,2.532470703125
0.058,-0.350341796875,-2.912841796875,2.812744140625
0.0585,-1.151123046875,-2.432373046875,3.012939453125
0.059,-1.871826171875,-1.871826171875,3.173095703125
0.0595,-2.312255859375,-1.351318359375,3.173095703125
0.06,-2.712646484375,-0.990966796875,3.173095703125
0.0605,-2.912841796875,-0.510498046875,2.892822265625
0.061,-3.072998046875,0.170166015625,2.492431640625
0.0615,-3.193115234375,0.930908203125,1.851806640625
0.062,-3.273193359375,1.531494140625,1.291259765625
0.0625,-3.233154296875,2.052001953125,0.770751953125
0.063,-3.233154296875,2.492431640625,0.370361328125
0.0635,-2.832763671875,2.652587890625,-0.270263671875
0.064,-2.312255859375,2.852783203125,-0.990966796875
0.0645,-1.711669921875,3.052978515625,-1.791748046875
0.065,-1.231201171875,3.052978515625,-2.272216796875
0.0655,-0.790771484375,3.052978515625,-2.752685546875
0.066,-0.310302734375,3.052978515625,-3.113037109375
0.0665,0.370361328125,2.572509765625,-3.353271484375
0.067,1.131103515625,2.052001953125,-3.553466796875
0.0675,1.731689453125,1.571533203125,-3.673583984375
0.068,2.172119140625,1.091064453125,-3.673583984375
0.0685,2.532470703125,0.730712890625,-3.673583984375
0.069,2.732666015625,0.170166015625,-3.273193359375
0.0695,2.892822265625,-0.510498046875,-2.872802734375
0.07,3.052978515625,-1.271240234375,-2.272216796875
0.0705,3.093017578125,-1.791748046875,-1.751708984375
0.071,3.133056640625,-2.312255859375,-1.311279296875
0.0715,3.052978515625,-2.752685546875,-0.790771484375
0.072,2.612548828125,-2.912841796875,-0.190185546875
0.0725,2.052001953125,-3.193115234375,0.610595703125
0.073,1.451416015625,-3.353271484375,1.331298828125
0.0735,0.970947265625,-3.433349609375,1.931884765625
0.074,0.530517578125,-3.393310546875,2.372314453125
0.0745,0.010009765625,-3.153076171875,2.692626953125
0.075,-0.790771484375,-2.672607421875,2.932861328125
0.0755,-1.631591796875,-2.072021484375,3.173095703125
0.076,-2.112060546875,-1.591552734375,3.173095703125
0.0765,-2.552490234375,-1.151123046875,3.173095703125
0.077,-2.872802734375,-0.670654296875,3.052978515625
0.0775,-3.032958984375,-0.110107421875,2.612548828125
0.078,-3.193115234375,0.610595703125,2.052001953125
0.0785,-3.273193359375,1.371337890625,1.491455078125
0.079,-3.273193359375,1.891845703125,0.970947265625
0.0795,-3.233154296875,2.292236328125,0.490478515625
0.08,-3.032958984375,2.612548828125,0.010009765625
0.0805,-2.512451171875,2.772705078125,-0.710693359375
0.081,-1.911865234375,3.012939453125,-1.551513671875
0.0815,-1.351318359375,3.012939453125,-2.152099609375
0.082,-0.910888671875,3.173095703125,-2.632568359375
0.0825,-0.510498046875,3.093017578125,-3.032958984375
0.083,0.130126953125,2.732666015625,-3.193115234375
0.0835,0.850830078125,2.252197265625,-3.473388671875
0.084,1.571533203125,1.651611328125,-3.593505859375
0.0845,1.971923828125,1.251220703125,-3.593505859375
0.085,2.412353515625,0.810791015625,-3.593505859375
0.0855,2.652587890625,0.410400390625,-3.473388671875
0.086,2.772705078125,-0.270263671875,-2.952880859375
0.0865,2.932861328125,-0.990966796875,-2.432373046875
0.087,3.052978515625,-1.551513671875,-1.951904296875
0.0875,3.052978515625,-2.112060546875,-1.431396484375
0.088,3.052978515625,-2.552490234375,-0.990966796875
0.0885,2.732666015625,-2.832763671875,-0.470458984375
0.089,2.292236328125,-3.072998046875,0.250244140625
0.0895,1.651611328125,-3.233154296875,1.010986328125
0.09,1.171142578125,-3.233154296875,1.571533203125
0.0905,0.690673828125,-3.353271484375,2.132080078125
0.091,0.290283203125,-3.273193359375,2.532470703125
0.0915,-0.390380859375,-2.872802734375,2.732666015625
0.092,-1.151123046875,-2.432373046875,3.052978515625
0.0925,-1.831787109375,-1.831787109375,3.173095703125
0.093,-2.272216796875,-1.351318359375,3.173095703125
0.0935,-2.672607421875,-0.990966796875,3.133056640625
0.094,-2.912841796875,-0.470458984375,2.852783203125
0.0945,-3.072998046875,0.250244140625,2.372314453125
0.095,-3.193115234375,1.010986328125,1.771728515625
0.0955,-3.273193359375,1.571533203125,1.291259765625
0.096,-3.273193359375,2.092041015625,0.770751953125
0.0965,-3.193115234375,2.452392578125,0.290283203125
0.097,-2.752685546875,2.652587890625,-0.350341796875
0.0975,-2.232177734375,2.852783203125,-1.191162109375
0.098,-1.591552734375,3.093017578125,-1.911865234375
0.0985,-1.151123046875,3.093017578125,-2.392333984375
0.099,-0.670654296875,3.133056640625,-2.832763671875
0.0995,-0.190185546875,2.892822265625,-3.153076171875
0.1,0.610595703125,2.372314453125,-3.353271484375
0.1005,1.291259765625,1.931884765625,-3.593505859375
0.101,1.851806640625,1.411376953125,-3.593505859375
0.1015,2.252197265625,1.010986328125,-3.673583984375
0.102,2.532470703125,0.610595703125,-3.513427734375
0.1025,2.692626953125,0.050048828125,-3.153076171875
0.103,2.852783203125,-0.630615234375,-2.672607421875
0.1035,2.972900390625,-1.311279296875,-2.112060546875
0.104,2.972900390625,-1.831787109375,-1.631591796875
0.1045,3.012939453125,-2.352294921875,-1.191162109375
0.105,2.852783203125,-2.672607421875,-0.710693359375
0.1055,2.372314453125,-2.872802734375,-0.110107421875
0.106,1.931884765625,-3.072998046875,0.690673828125
0.1065,1.331298828125,-3.153076171875,1.291259765625
0.107,0.970947265625,-3.233154296875,1.851806640625
0.1075,0.490478515625,-3.233154296875,2.252197265625
0.108,0.010009765625,-3.032958984375,2.532470703125
0.1085,-0.710693359375,-2.592529296875,2.812744140625
0.109,-1.431396484375,-2.072021484375,3.012939453125
0.1095,-1.911865234375,-1.631591796875,3.052978515625
0.11,-2.432373046875,-1.231201171875,3.133056640625
0.1105,-2.712646484375,-0.790771484375,2.932861328125
0.111,-2.872802734375,-0.190185546875,2.532470703125
0.1115,-3.072998046875,0.490478515625,2.132080078125
0.112,-3.193115234375,1.211181640625,1.611572265625
0.1125,-3.193115234375,1.651611328125,1.091064453125
0.113,-3.233154296875,2.172119140625,0.610595703125
0.1135,-2.992919921875,2.452392578125,0.050048828125
0.114,-2.512451171875,2.732666015625,-0.630615234375
0.1145,-1.991943359375,2.972900390625,-1.391357421875
0.115,-1.471435546875,3.052978515625,-1.991943359375
0.1155,-1.031005859375,3.213134765625,-2.592529296875
0.116,-0.550537109375,3.093017578125,-2.952880859375
0.1165,0.130126953125,2.732666015625,-3.233154296875
0.117,0.890869140625,2.252197265625,-3.553466796875
0.1175,1.571533203125,1.651611328125,-3.673583984375
0.118,2.011962890625,1.251220703125,-3.673583984375
0.1185,2.452392578125,0.810791015625,-3.633544921875
0.119,2.652587890625,0.330322265625,-3.353271484375
0.1195,2.812744140625,-0.390380859375,-2.832763671875
0.12,3.012939453125,-1.111083984375,-2.312255859375
0.1205,3.052978515625,-1.751708984375,-1.791748046875
0.121,3.052978515625,-2.272216796875,-1.351318359375
0.1215,2.932861328125,-2.592529296875,-0.910888671875
0.122,2.532470703125,-2.832763671875,-0.310302734375
0.1225,2.052001953125,-3.032958984375,0.490478515625
0.123,1.411376953125,-3.193115234375,1.251220703125
0.1235,0.970947265625,-3.193115234375,1.731689453125
0.124,0.610595703125,-3.273193359375,2.252197265625
0.1245,0.050048828125,-3.072998046875,2.492431640625
0.125,-0.630615234375,-2.592529296875,2.692626953125
0.1255,-1.311279296875,-2.152099609375,2.932861328125
0.126,-1.871826171875,-1.631591796875,3.012939453125
0.1265,-2.272216796875,-1.271240234375,3.052978515625
0.127,-2.592529296875,-0.830810546875,2.932861328125
0.1275,-2.832763671875,-0.350341796875,2.652587890625
0.128,-2.952880859375,0.330322265625,2.172119140625
0.1285,-3.113037109375,0.970947265625,1.651611328125
0.129,-3.153076171875,1.491455078125,1.211181640625
0.1295,-3.233154296875,2.052001953125,0.650634765625
0.13,-3.032958984375,2.412353515625,0.250244140625
0.1305,-2.592529296875,2.572509765625,-0.430419921875
0.131,-2.192138671875,2.892822265625,-1.151123046875
0.1315,-1.591552734375,3.012939453125,-1.831787109375
0.132,-1.151123046875,3.052978515625,-2.272216796875
0.1325,-0.710693359375,3.093017578125,-2.792724609375
0.133,-0.190185546875,2.892822265625,-3.113037109375
0.1335,0.570556640625,2.372314453125,-3.353271484375
0.134,1.251220703125,1.931884765625,-3.553466796875
0.1345,1.771728515625,1.451416015625,-3.593505859375
0.135,2.252197265625,1.091064453125,-3.713623046875
0.1355,2.532470703125,0.610595703125,-3.513427734375
0.136,2.732666015625,0.010009765625,-3.113037109375
0.1365,2.972900390625,-0.790771484375,-2.632568359375
0.137,3.052978515625,-1.511474609375,-2.072021484375
0.1375,3.093017578125,-2.031982421875,-1.631591796875
0.138,3.133056640625,-2.552490234375,-1.111083984375
0.1385,2.812744140625,-2.792724609375,-0.550537109375
0.139,2.252197265625,-2.952880859375,0.250244140625
0.1395,1.731689453125,-3.233154296875,1.010986328125
0.14,1.131103515625,-3.313232421875,1.651611328125
0.1405,0.770751953125,-3.393310546875,2.172119140625
0.141,0.250244140625,-3.193115234375,2.492431640625
0.1415,-0.430419921875,-2.872802734375,2.772705078125
0.142,-1.271240234375,-2.272216796875,3.052978515625
0.1425,-1.911865234375,-1.751708984375,3.133056640625
0.143,-2.312255859375,-1.271240234375,3.093017578125
0.1435,-2.712646484375,-0.910888671875,3.133056640625
0.144,-2.872802734375,-0.350341796875,2.732666015625
0.1445,-2.992919921875,0.290283203125,2.172119140625
0.145,-3.193115234375,1.010986328125,1.691650390625
0.1455,-3.193115234375,1.571533203125,1.131103515625
0.146,-3.193115234375,2.052001953125,0.730712890625
0.1465,-3.072998046875,2.412353515625,0.250244140625
0.147,-2.712646484375,2.652587890625,-0.350341796875
0.1475,-2.072021484375,2.852783203125,-1.191162109375
0.148,-1.591552734375,2.972900390625,-1.831787109375
0.1485,-1.111083984375,3.012939453125,-2.312255859375
0.149,-0.710693359375,3.133056640625,-2.832763671875
0.1495,-0.190185546875,2.852783203125,-3.072998046875
0.15,0.490478515625,2.412353515625,-3.273193359375
0.1505,1.211181640625,1.971923828125,-3.553466796875
0.151,1.771728515625,1.451416015625,-3.633544921875
0.1515,2.172119140625,1.091064453125,-3.593505859375
0.152,2.532470703125,0.610595703125,-3.553466796875
0.1525,2.732666015625,0.090087890625,-3.273193359375
0.153,2.852783203125,-0.630615234375,-2.712646484375
0.1535,3.012939453125,-1.311279296875,-2.272216796875
0.154,3.052978515625,-1.871826171875,-1.671630859375
0.1545,3.173095703125,-2.392333984375,-1.271240234375
0.155,2.892822265625,-2.712646484375,-0.710693359375
0.1555,2.532470703125,-2.952880859375,-0.070068359375
0.156,1.931884765625,-3.193115234375,0.770751953125
0.1565,1.371337890625,-3.273193359375,1.411376953125
0.157,0.930908203125,-3.353271484375,1.931884765625
0.1575,0.490478515625,-3.393310546875,2.452392578125
0.158,-0.150146484375,-3.072998046875,2.732666015625
0.1585,-0.950927734375,-2.512451171875,2.932861328125
0.159,-1.671630859375,-1.991943359375,3.173095703125
0.1595,-2.232177734375,-1.471435546875,3.173095703125
0.16,-2.632568359375,-1.111083984375,3.213134765625
0.1605,-2.872802734375,-0.630615234375,2.932861328125
0.161,-3.072998046875,0.050048828125,2.532470703125
0.1615,-3.233154296875,0.810791015625,1.891845703125
0.162,-3.273193359375,1.531494140625,1.371337890625
0.1625,-3.273193359375,2.052001953125,0.810791015625
0.163,-3.273193359375,2.532470703125,0.370361328125
0.1635,-2.872802734375,2.692626953125,-0.270263671875
0.164,-2.272216796875,2.892822265625,-1.031005859375
0.1645,-1.671630859375,3.133056640625,-1.831787109375
0.165,-1.151123046875,3.173095703125,-2.392333984375
0.1655,-0.710693359375,3.173095703125,-2.832763671875
0.166,-0.270263671875,3.012939453125,-3.193115234375
0.1665,0.450439453125,2.572509765625,-3.393310546875
0.167,1.291259765625,1.931884765625,-3.593505859375
0.1675,1.851806640625,1.451416015625,-3.673583984375
0.168,2.252197265625,0.970947265625,-3.593505859375
0.1685,2.572509765625,0.610595703125,-3.633544921875
0.169,2.732666015625,0.050048828125,-3.193115234375
0.1695,2.852783203125,-0.630615234375,-2.752685546875
0.17,3.052978515625,-1.311279296875,-2.192138671875
0.1705,3.052978515625,-1.871826171875,-1.631591796875
0.171,3.052978515625,-2.312255859375,-1.231201171875
0.1715,3.012939453125,-2.752685546875,-0.750732421875
0.172,2.572509765625,-2.912841796875,-0.150146484375
0.1725,1.971923828125,-3.113037109375,0.650634765625
0.173,1.411376953125,-3.273193359375,1.331298828125
0.1735,0.930908203125,-3.313232421875,1.931884765625
0.174,0.530517578125,-3.353271484375,2.372314453125
0.1745,0.010009765625,-3.113037109375,2.652587890625
0.175,-0.750732421875,-2.712646484375,2.892822265625
0.1755,-1.591552734375,-2.112060546875,3.173095703125
0.176,-2.112060546875,-1.631591796875,3.173095703125
0.1765,-2.552490234375,-1.191162109375,3.173095703125
0.177,-2.952880859375,-0.790771484375,3.173095703125
0.1775,-3.072998046875,-0.190185546875,2.692626953125
0.178,-3.193115234375,0.610595703125,2.172119140625
0.1785,-3.393310546875,1.331298828125,1.571533203125
0.179,-3.353271484375,1.931884765625,1.010986328125
0.1795,-3.353271484375,2.412353515625,0.530517578125
0.18,-3.113037109375,2.732666015625,0.010009765625
0.1805,-2.592529296875,2.932861328125,-0.790771484375
0.181,-1.911865234375,3.173095703125,-1.671630859375
0.1815,-1.311279296875,3.213134765625,-2.272216796875
0.182,-0.830810546875,3.213134765625,-2.792724609375
0.1825,-0.430419921875,3.213134765625,-3.193115234375
0.183,0.290283203125,2.732666015625,-3.393310546875
0.1835,1.091064453125,2.172119140625,-3.673583984375
0.184,1.891845703125,1.571533203125,-3.833740234375
0.1845,2.292236328125,1.051025390625,-3.793701171875
0.185,2.652587890625,0.610595703125,-3.713623046875
0.1855,2.852783203125,0.130126953125,-3.553466796875
0.186,3.012939453125,-0.510498046875,-2.912841796875
0.1865,3.133056640625,-1.311279296875,-2.272216796875
0.187,3.173095703125,-1.951904296875,-1.751708984375
0.1875,3.173095703125,-2.432373046875,-1.231201171875
0.188,3.093017578125,-2.832763671875,-0.790771484375
0.1885,2.652587890625,-2.992919921875,-0.190185546875
0.189,2.132080078125,-3.193115234375,0.610595703125
0.1895,1.411376953125,-3.353271484375,1.491455078125
0.19,0.890869140625,-3.353271484375,1.971923828125
0.1905,0.450439453125,-3.353271484375,2.412353515625
0.191,0.010009765625,-3.273193359375,2.772705078125
0.1915,-0.710693359375,-2.752685546875,2.932861328125
0.192,-1.511474609375,-2.192138671875,3.173095703125
0.1925,-2.152099609375,-1.631591796875,3.213134765625
0.193,-2.592529296875,-1.151123046875,3.173095703125
0.1935,-2.912841796875,-0.790771484375,3.133056640625
0.194,-3.072998046875,-0.190185546875,2.772705078125
0.1945,-3.193115234375,0.490478515625,2.252197265625
0.195,-3.313232421875,1.291259765625,1.611572265625
0.1955,-3.353271484375,1.851806640625,1.131103515625
0.196,-3.313232421875,2.332275390625,0.570556640625
0.1965,-3.233154296875,2.692626953125,0.130126953125
0.197,-2.712646484375,2.852783203125,-0.550537109375
0.1975,-2.152099609375,3.093017578125,-1.311279296875
0.198,-1.471435546875,3.213134765625,-2.112060546875
0.1985,-0.990966796875,3.213134765625,-2.632568359375
0.199,-0.550537109375,3.213134765625,-3.072998046875
0.1995,0.010009765625,3.012939453125,-3.353271484375
0.2,0.770751953125,2.412353515625,-3.553466796875
0.2005,1.531494140625,1.851806640625,-3.793701171875
0.201,2.092041015625,1.291259765625,-3.833740234375
0.2015,2.532470703125,0.810791015625,-3.833740234375
0.202,2.812744140625,0.450439453125,-3.673583984375
0.2025,2.932861328125,-0.150146484375,-3.193115234375
0.203,3.133056640625,-0.910888671875,-2.632568359375
0.2035,3.213134765625,-1.711669921875,-1.951904296875
0.204,3.173095703125,-2.232177734375,-1.431396484375
0.2045,3.173095703125,-2.712646484375,-0.990966796875
0.205,2.972900390625,-2.992919921875,-0.510498046875
0.2055,2.372314453125,-3.153076171875,0.290283203125
0.206,1.731689453125,-3.353271484375,1.131103515625
0.2065,1.091064453125,-3.393310546875,1.851806640625
0.207,0.650634765625,-3.473388671875,2.292236328125
0.2075,0.170166015625,-3.353271484375,2.652587890625
0.208,-0.430419921875,-2.992919921875,2.892822265625
0.2085,-1.271240234375,-2.432373046875,3.133056640625
0.209,-2.031982421875,-1.791748046875,3.253173828125
0.2095,-2.432373046875,-1.311279296875,3.173095703125
0.21,-2.872802734375,-0.830810546875,3.173095703125
0.2105,-3.072998046875,-0.390380859375,2.972900390625
0.211,-3.153076171875,0.290283203125,2.412353515625
0.2115,-3.313232421875,0.970947265625,1.851806640625
0.212,-3.393310546875,1.731689453125,1.211181640625
0.2125,-3.313232421875,2.212158203125,0.730712890625
0.213,-3.233154296875,2.572509765625,0.250244140625
0.2135,-2.912841796875,2.812744140625,-0.310302734375
0.214,-2.272216796875,3.012939453125,-1.111083984375
0.2145,-1.671630859375,3.173095703125,-1.911865234375
0.215,-1.151123046875,3.173095703125,-2.432373046875
0.2155,-0.710693359375,3.213134765625,-2.912841796875
0.216,-0.270263671875,3.052978515625,-3.193115234375
0.2165,0.410400390625,2.572509765625,-3.433349609375
0.217,1.171142578125,2.052001953125,-3.673583984375
0.2175,1.891845703125,1.411376953125,-3.793701171875
0.218,2.252197265625,1.091064453125,-3.713623046875
0.2185,2.652587890625,0.610595703125,-3.673583984375
0.219,2.812744140625,0.170166015625,-3.353271484375
0.2195,2.892822265625,-0.550537109375,-2.832763671875
0.22,3.093017578125,-1.271240234375,-2.272216796875
0.2205,3.133056640625,-1.871826171875,-1.751708984375
0.221,3.173095703125,-2.392333984375,-1.271240234375
0.2215,3.052978515625,-2.752685546875,-0.790771484375
0.222,2.652587890625,-2.952880859375,-0.190185546875
0.2225,2.092041015625,-3.193115234375,0.610595703125
0.223,1.451416015625,-3.313232421875,1.371337890625
0.2235,0.970947265625,-3.353271484375,1.891845703125
0.224,0.530517578125,-3.473388671875,2.412353515625
0.2245,0.010009765625,-3.233154296875,2.692626953125
0.225,-0.710693359375,-2.712646484375,2.852783203125
0.2255,-1.471435546875,-2.272216796875,3.173095703125
0.226,-2.112060546875,-1.631591796875,3.213134765625
0.2265,-2.552490234375,-1.231201171875,3.213134765625
0.227,-2.872802734375,-0.710693359375,3.093017578125
0.2275,-3.072998046875,-0.190185546875,2.772705078125
0.228,-3.193115234375,0.570556640625,2.172119140625
0.2285,-3.313232421875,1.291259765625,1.571533203125
0.229,-3.353271484375,1.851806640625,1.051025390625
0.2295,-3.353271484375,2.412353515625,0.530517578125
0.23,-3.072998046875,2.652587890625,0.050048828125
0.2305,-2.552490234375,2.852783203125,-0.670654296875
0.231,-1.991943359375,3.093017578125,-1.511474609375
0.2315,-1.351318359375,3.173095703125,-2.232177734375
0.232,-0.950927734375,3.173095703125,-2.632568359375
0.2325,-0.510498046875,3.133056640625,-3.072998046875
0.233,0.130126953125,2.772705078125,-3.353271484375
0.2335,0.930908203125,2.172119140625,-3.553466796875
0.234,1.611572265625,1.731689453125,-3.713623046875
0.2345,2.092041015625,1.211181640625,-3.673583984375
0.235,2.492431640625,0.810791015625,-3.713623046875
0.2355,2.692626953125,0.330322265625,-3.433349609375
0.236,2.852783203125,-0.270263671875,-3.032958984375
0.2365,3.012939453125,-0.990966796875,-2.512451171875
0.237,3.093017578125,-1.671630859375,-1.871826171875
0.2375,3.052978515625,-2.112060546875,-1.431396484375
0.238,3.093017578125,-2.632568359375,-0.950927734375
0.2385,2.772705078125,-2.872802734375,-0.470458984375
0.239,2.212158203125,-2.992919921875,0.330322265625
0.2395,1.651611328125,-3.233154296875,1.091064453125
0.24,1.091064453125,-3.273193359375,1.731689453125
0.2405,0.690673828125,-3.393310546875,2.172119140625
0.241,0.210205078125,-3.273193359375,2.532470703125
0.2415,-0.390380859375,-2.952880859375,2.772705078125
0.242,-1.231201171875,-2.352294921875,3.052978515625
0.2425,-1.871826171875,-1.831787109375,3.133056640625
0.243,-2.272216796875,-1.351318359375,3.133056640625
0.2435,-2.752685546875,-0.990966796875,3.173095703125
0.244,-2.912841796875,-0.470458984375,2.852783203125
0.2445,-3.072998046875,0.290283203125,2.372314453125
0.245,-3.273193359375,0.970947265625,1.891845703125
0.2455,-3.353271484375,1.651611328125,1.251220703125
0.246,-3.313232421875,2.092041015625,0.810791015625
0.2465,-3.193115234375,2.532470703125,0.290283203125
0.247,-2.872802734375,2.772705078125,-0.350341796875
0.2475,-2.232177734375,2.972900390625,-1.191162109375
0.248,-1.631591796875,3.173095703125,-1.911865234375
0.2485,-1.111083984375,3.133056640625,-2.472412109375
0.249,-0.670654296875,3.213134765625,-2.952880859375
0.2495,-0.150146484375,2.892822265625,-3.233154296875
0.25,0.610595703125,2.492431640625,-3.473388671875
0.2505,1.411376953125,1.931884765625,-3.713623046875
0.251,1.931884765625,1.371337890625,-3.713623046875
0.2515,2.332275390625,0.970947265625,-3.673583984375
0.252,2.692626953125,0.530517578125,-3.593505859375
0.2525,2.852783203125,0.010009765625,-3.193115234375
0.253,2.892822265625,-0.790771484375,-2.592529296875
0.2535,3.052978515625,-1.431396484375,-2.072021484375
0.254,3.052978515625,-1.991943359375,-1.511474609375
0.2545,3.093017578125,-2.472412109375,-1.151123046875
0.255,2.852783203125,-2.752685546875,-0.590576171875
0.2555,2.412353515625,-2.952880859375,0.090087890625
0.256,1.771728515625,-3.193115234375,0.930908203125
0.2565,1.251220703125,-3.273193359375,1.531494140625
0.257,0.770751953125,-3.273193359375,1.971923828125
0.2575,0.370361328125,-3.393310546875,2.412353515625
0.258,-0.230224609375,-2.952880859375,2.692626953125
0.2585,-0.990966796875,-2.472412109375,2.892822265625
0.259,-1.631591796875,-1.991943359375,3.133056640625
0.2595,-2.192138671875,-1.471435546875,3.133056640625
0.26,-2.552490234375,-1.151123046875,3.173095703125
0.2605,-2.872802734375,-0.630615234375,2.932861328125
0.261,-3.072998046875,0.010009765625,2.612548828125
0.2615,-3.153076171875,0.690673828125,2.011962890625
0.262,-3.233154296875,1.331298828125,1.491455078125
0.2625,-3.273193359375,1.931884765625,0.970947265625
0.263,-3.313232421875,2.412353515625,0.490478515625
0.2635,-2.952880859375,2.652587890625,-0.110107421875
0.264,-2.472412109375,2.852783203125,-0.830810546875
0.2645,-1.911865234375,3.093017578125,-1.631591796875
0.265,-1.311279296875,3.133056640625,-2.272216796875
0.2655,-0.910888671875,3.133056640625,-2.712646484375
0.266,-0.430419921875,3.133056640625,-3.113037109375
0.2665,0.250244140625,2.732666015625,-3.353271484375
0.267,1.051025390625,2.172119140625,-3.553466796875
0.2675,1.691650390625,1.611572265625,-3.713623046875
0.268,2.172119140625,1.131103515625,-3.713623046875
0.2685,2.532470703125,0.770751953125,-3.713623046875
0.269,2.732666015625,0.210205078125,-3.353271484375
0.2695,2.892822265625,-0.470458984375,-2.872802734375
0.27,3.052978515625,-1.231201171875,-2.272216796875
0.2705,3.093017578125,-1.791748046875,-1.751708984375
0.271,3.052978515625,-2.272216796875,-1.271240234375
0.2715,3.052978515625,-2.712646484375,-0.830810546875
0.272,2.612548828125,-2.872802734375,-0.230224609375
0.2725,2.052001953125,-3.153076171875,0.610595703125
0.273,1.451416015625,-3.273193359375,1.291259765625
0.2735,0.970947265625,-3.353271484375,1.851806640625
0.274,0.570556640625,-3.353271484375,2.252197265625
0.2745,0.050048828125,-3.113037109375,2.572509765625
0.275,-0.630615234375,-2.712646484375,2.852783203125
0.2755,-1.471435546875,-2.112060546875,3.052978515625
0.276,-1.951904296875,-1.631591796875,3.093017578125
0.2765,-2.392333984375,-1.191162109375,3.093017578125
0.277,-2.792724609375,-0.790771484375,3.052978515625
0.2775,-2.912841796875,-0.270263671875,2.692626953125
0.278,-3.072998046875,0.450439453125,2.172119140625
0.2785,-3.233154296875,1.131103515625,1.651611328125
0.279,-3.193115234375,1.731689453125,1.131103515625
0.2795,-3.233154296875,2.172119140625,0.650634765625
0.28,-3.072998046875,2.532470703125,0.130126953125
0.2805,-2.712646484375,2.692626953125,-0.510498046875
0.281,-2.072021484375,2.932861328125,-1.311279296875
0.2815,-1.551513671875,3.012939453125,-1.951904296875
0.282,-1.031005859375,3.133056640625,-2.512451171875
0.2825,-0.670654296875,3.173095703125,-2.912841796875
0.283,0.010009765625,2.852783203125,-3.193115234375
0.2835,0.690673828125,2.412353515625,-3.473388671875
0.284,1.411376953125,1.851806640625,-3.673583984375
0.2845,1.931884765625,1.371337890625,-3.673583984375
0.285,2.332275390625,0.970947265625,-3.673583984375
0.2855,2.652587890625,0.490478515625,-3.553466796875
0.286,2.812744140625,-0.150146484375,-3.113037109375
0.2865,2.932861328125,-0.830810546875,-2.552490234375
0.287,3.093017578125,-1.471435546875,-2.072021484375
0.2875,3.093017578125,-2.072021484375,-1.511474609375
0.288,3.093017578125,-2.512451171875,-1.111083984375
0.2885,2.772705078125,-2.792724609375,-0.550537109375
0.289,2.332275390625,-3.032958984375,0.130126953125
0.2895,1.691650390625,-3.193115234375,1.010986328125
0.29,1.211181640625,-3.193115234375,1.531494140625
0.2905,0.730712890625,-3.273193359375,2.052001953125
0.291,0.330322265625,-3.273193359375,2.452392578125
0.2915,-0.350341796875,-2.872802734375,2.692626953125
0.292,-1.071044921875,-2.392333984375,2.932861328125
0.2925,-1.751708984375,-1.871826171875,3.093017578125
0.293,-2.192138671875,-1.391357421875,3.093017578125
0.2935,-2.592529296875,-1.031005859375,3.093017578125
0.294,-2.792724609375,-0.510498046875,2.812744140625
0.2945,-2.952880859375,0.090087890625,2.372314453125
0.295,-3.113037109375,0.810791015625,1.851806640625
0.2955,-3.193115234375,1.411376953125,1.331298828125
0.296,-3.193115234375,1.931884765625,0.850830078125
0.2965,-3.193115234375,2.332275390625,0.410400390625
0.297,-2.832763671875,2.532470703125,-0.230224609375
0.2975,-2.312255859375,2.812744140625,-0.910888671875
0.298,-1.791748046875,2.972900390625,-1.631591796875
0.2985,-1.271240234375,3.052978515625,-2.192138671875
0.299,-0.870849609375,3.093017578125,-2.632568359375
0.2995,-0.390380859375,2.972900390625,-2.992919921875
0.3,0.290283203125,2.572509765625,-3.233154296875
0.3005,1.010986328125,2.052001953125,-3.473388671875
0.301,1.571533203125,1.571533203125,-3.553466796875
0.3015,2.052001953125,1.171142578125,-3.633544921875
0.302,2.412353515625,0.770751953125,-3.593505859375
0.3025,2.612548828125,0.250244140625,-3.233154296875
0.303,2.812744140625,-0.390380859375,-2.832763671875
0.3035,2.972900390625,-1.151123046875,-2.312255859375
0.304,3.012939453125,-1.671630859375,-1.791748046875
0.3045,3.052978515625,-2.272216796875,-1.351318359375
0.305,2.972900390625,-2.632568359375,-0.910888671875
0.3055,2.532470703125,-2.832763671875,-0.270263671875
0.306,2.011962890625,-3.072998046875,0.570556640625
0.3065,1.491455078125,-3.193115234375,1.211181640625
0.307,1.010986328125,-3.273193359375,1.771728515625
0.3075,0.610595703125,-3.353271484375,2.252197265625
0.308,0.050048828125,-3.072998046875,2.532470703125
0.3085,-0.670654296875,-2.632568359375,2.812744140625
0.309,-1.431396484375,-2.072021484375,3.012939453125
0.3095,-1.951904296875,-1.631591796875,3.052978515625
0.31,-2.432373046875,-1.231201171875,3.093017578125
0.3105,-2.712646484375,-0.790771484375,3.012939453125
0.311,-2.872802734375,-0.190185546875,2.532470703125
0.3115,-3.072998046875,0.490478515625,2.092041015625
0.312,-3.193115234375,1.211181640625,1.571533203125
0.3125,-3.193115234375,1.691650390625,1.051025390625
0.313,-3.193115234375,2.172119140625,0.610595703125
0.3135,-2.952880859375,2.492431640625,0.050048828125
0.314,-2.512451171875,2.692626953125,-0.630615234375
0.3145,-1.951904296875,2.932861328125,-1.431396484375
0.315,-1.431396484375,3.012939453125,-1.991943359375
0.3155,-0.990966796875,3.093017578125,-2.512451171875
0.316,-0.590576171875,3.052978515625,-2.872802734375
0.3165,0.050048828125,2.692626953125,-3.153076171875
0.317,0.770751953125,2.252197265625,-3.433349609375
0.3175,1.491455078125,1.691650390625,-3.593505859375
0.318,1.931884765625,1.291259765625,-3.553466796875
0.3185,2.332275390625,0.890869140625,-3.593505859375
0.319,2.572509765625,0.450439453125,-3.393310546875
0.3195,2.732666015625,-0.230224609375,-2.912841796875
0.32,2.892822265625,-0.950927734375,-2.432373046875
0.3205,3.012939453125,-1.591552734375,-1.991943359375
0.321,3.052978515625,-2.152099609375,-1.471435546875
0.3215,3.052978515625,-2.512451171875,-1.031005859375
0.322,2.692626953125,-2.752685546875,-0.470458984375
0.3225,2.252197265625,-2.992919921875,0.290283203125
0.323,1.571533203125,-3.193115234375,1.051025390625
0.3235,1.131103515625,-3.193115234375,1.571533203125
0.324,0.690673828125,-3.353271484375,2.092041015625
0.3245,0.250244140625,-3.233154296875,2.492431640625
0.325,-0.510498046875,-2.752685546875,2.692626953125
0.3255,-1.231201171875,-2.312255859375,3.012939453125
0.326,-1.871826171875,-1.791748046875,3.052978515625
0.3265,-2.312255859375,-1.351318359375,3.173095703125
0.327,-2.672607421875,-0.910888671875,3.052978515625
0.3275,-2.872802734375,-0.390380859375,2.772705078125
0.328,-3.072998046875,0.290283203125,2.252197265625
0.3285,-3.193115234375,1.051025390625,1.691650390625
0.329,-3.233154296875,1.571533203125,1.211181640625
0.3295,-3.273193359375,2.172119140625,0.690673828125
0.33,-3.153076171875,2.532470703125,0.250244140625
0.3305,-2.672607421875,2.692626953125,-0.510498046875
0.331,-2.112060546875,2.972900390625,-1.271240234375
0.3315,-1.471435546875,3.093017578125,-1.991943359375
0.332,-1.071044921875,3.133056640625,-2.472412109375
0.3325,-0.630615234375,3.133056640625,-2.912841796875
0.333,-0.070068359375,2.852783203125,-3.193115234375
0.3335,0.730712890625,2.292236328125,-3.433349609375
0.334,1.451416015625,1.811767578125,-3.633544921875
0.3345,1.931884765625,1.291259765625,-3.633544921875
0.335,2.372314453125,0.930908203125,-3.673583984375
0.3355,2.612548828125,0.490478515625,-3.473388671875
0.336,2.692626953125,-0.310302734375,-3.113037109375
0.3365,2.932861328125,-0.910888671875,-2.592529296875
0.337,3.052978515625,-1.591552734375,-1.951904296875
0.3375,3.012939453125,-1.991943359375,-1.471435546875
0.338,3.052978515625,-2.512451171875,-1.031005859375
0.3385,2.812744140625,-2.752685546875,-0.550537109375
0.339,2.252197265625,-2.912841796875,0.210205078125
0.3395,1.771728515625,-3.193115234375,0.970947265625
0.34,1.171142578125,-3.233154296875,1.571533203125
0.3405,0.770751953125,-3.353271484375,2.052001953125
0.341,0.290283203125,-3.233154296875,2.452392578125
0.3415,-0.310302734375,-2.952880859375,2.732666015625
0.342,-1.111083984375,-2.432373046875,3.012939453125
0.3425,-1.791748046875,-1.871826171875,3.133056640625
0.343,-2.232177734375,-1.431396484375,3.133056640625
0.3435,-2.672607421875,-0.990966796875,3.173095703125
0.344,-2.832763671875,-0.470458984375,2.932861328125
0.3445,-3.032958984375,0.130126953125,2.372314453125
0.345,-3.233154296875,0.850830078125,1.931884765625
0.3455,-3.273193359375,1.571533203125,1.291259765625
0.346,-3.273193359375,2.052001953125,0.850830078125
0.3465,-3.233154296875,2.492431640625,0.330322265625
0.347,-2.872802734375,2.732666015625,-0.270263671875
0.3475,-2.272216796875,2.932861328125,-1.111083984375
0.348,-1.671630859375,3.133056640625,-1.871826171875
0.3485,-1.151123046875,3.173095703125,-2.432373046875
0.349,-0.750732421875,3.253173828125,-2.872802734375
0.3495,-0.190185546875,3.012939453125,-3.193115234375
0.35,0.530517578125,2.532470703125,-3.393310546875
0.3505,1.331298828125,1.971923828125,-3.673583984375
0.351,1.971923828125,1.411376953125,-3.713623046875
0.3515,2.332275390625,0.970947265625,-3.713623046875
0.352,2.612548828125,0.450439453125,-3.593505859375
0.3525,2.852783203125,0.010009765625,-3.273193359375
0.353,2.852783203125,-0.790771484375,-2.552490234375
0.3535,3.133056640625,-1.471435546875,-2.072021484375
0.354,3.093017578125,-2.072021484375,-1.551513671875
0.3545,3.133056640625,-2.552490234375,-1.111083984375
0.355,2.892822265625,-2.832763671875,-0.590576171875
0.3555,2.412353515625,-2.992919921875,0.090087890625
0.356,1.811767578125,-3.193115234375,0.970947265625
0.3565,1.211181640625,-3.273193359375,1.571533203125
0.357,0.770751953125,-3.273193359375,2.052001953125
0.3575,0.330322265625,-3.353271484375,2.532470703125
0.358,-0.270263671875,-3.032958984375,2.732666015625
0.3585,-1.031005859375,-2.432373046875,2.892822265625
0.359,-1.711669921875,-1.951904296875,3.133056640625
0.3595,-2.272216796875,-1.391357421875,3.173095703125
0.36,-2.592529296875,-1.031005859375,3.133056640625
0.3605,-2.912841796875,-0.590576171875,2.932861328125
0.361,-2.992919921875,0.010009765625,2.412353515625
0.3615,-3.193115234375,0.770751953125,1.931884765625
0.362,-3.273193359375,1.411376953125,1.411376953125
0.3625,-3.233154296875,1.931884765625,0.890869140625
0.363,-3.313232421875,2.492431640625,0.450439453125
0.3635,-2.952880859375,2.692626953125,-0.150146484375
0.364,-2.432373046875,2.852783203125,-0.830810546875
0.3645,-1.871826171875,3.133056640625,-1.671630859375
0.365,-1.271240234375,3.173095703125,-2.272216796875
0.3655,-0.830810546875,3.173095703125,-2.752685546875
0.366,-0.350341796875,3.133056640625,-3.193115234375
0.3665,0.290283203125,2.812744140625,-3.473388671875
0.367,1.131103515625,2.132080078125,-3.633544921875
0.3675,1.771728515625,1.611572265625,-3.793701171875
0.368,2.252197265625,1.010986328125,-3.753662109375
0.3685,2.652587890625,0.690673828125,-3.793701171875
0.369,2.812744140625,0.170166015625,-3.353271484375
0.3695,2.972900390625,-0.550537109375,-2.872802734375
0.37,3.173095703125,-1.311279296875,-2.272216796875
0.3705,3.173095703125,-1.951904296875,-1.671630859375
0.371,3.133056640625,-2.432373046875,-1.231201171875
0.3715,3.133056640625,-2.872802734375,-0.750732421875
0.372,2.652587890625,-3.072998046875,-0.110107421875
0.3725,1.971923828125,-3.193115234375,0.770751953125
0.373,1.411376953125,-3.353271484375,1.531494140625
0.3735,0.850830078125,-3.353271484375,2.052001953125
0.374,0.450439453125,-3.393310546875,2.492431640625
0.3745,-0.150146484375,-3.193115234375,2.812744140625
0.375,-0.910888671875,-2.672607421875,3.052978515625
0.3755,-1.791748046875,-1.991943359375,3.253173828125
0.376,-2.272216796875,-1.511474609375,3.213134765625
0.3765,-2.712646484375,-1.031005859375,3.173095703125
0.377,-3.072998046875,-0.670654296875,3.133056640625
0.3775,-3.153076171875,0.010009765625,2.692626953125
0.378,-3.193115234375,0.770751953125,2.011962890625
0.3785,-3.393310546875,1.491455078125,1.491455078125
0.379,-3.353271484375,2.092041015625,0.890869140625
0.3795,-3.313232421875,2.492431640625,0.450439453125
0.38,-3.113037109375,2.812744140625,-0.150146484375
0.3805,-2.592529296875,3.012939453125,-0.790771484375
0.381,-1.871826171875,3.173095703125,-1.711669921875
0.3815,-1.271240234375,3.213134765625,-2.352294921875
0.382,-0.750732421875,3.213134765625,-2.872802734375
0.3825,-0.390380859375,3.213134765625,-3.273193359375
0.383,0.290283203125,2.772705078125,-3.473388671875
0.3835,1.051025390625,2.252197265625,-3.633544921875
0.384,1.851806640625,1.571533203125,-3.833740234375
0.3845,2.252197265625,1.051025390625,-3.793701171875
0.385,2.612548828125,0.610595703125,-3.713623046875
0.3855,2.892822265625,0.250244140625,-3.553466796875
0.386,3.012939453125,-0.390380859375,-3.072998046875
0.3865,3.093017578125,-1.151123046875,-2.392333984375
0.387,3.213134765625,-1.791748046875,-1.871826171875
0.3875,3.173095703125,-2.352294921875,-1.271240234375
0.388,3.133056640625,-2.792724609375,-0.910888671875
0.3885,2.772705078125,-2.992919921875,-0.310302734375
0.389,2.252197265625,-3.193115234375,0.450439453125
0.3895,1.571533203125,-3.353271484375,1.331298828125
0.39,1.010986328125,-3.353271484375,1.851806640625
0.3905,0.570556640625,-3.353271484375,2.332275390625
0.391,0.130126953125,-3.353271484375,2.732666015625
0.3915,-0.590576171875,-2.912841796875,2.932861328125
0.392,-1.351318359375,-2.352294921875,3.173095703125
0.3925,-2.031982421875,-1.751708984375,3.253173828125
0.393,-2.552490234375,-1.271240234375,3.173095703125
0.3935,-2.872802734375,-0.830810546875,3.173095703125
0.394,-3.072998046875,-0.310302734375,2.852783203125
0.3945,-3.193115234375,0.370361328125,2.372314453125
0.395,-3.313232421875,1.171142578125,1.731689453125
0.3955,-3.353271484375,1.771728515625,1.211181640625
0.396,-3.313232421875,2.292236328125,0.650634765625
0.3965,-3.273193359375,2.692626953125,0.210205078125
0.397,-2.792724609375,2.852783203125,-0.470458984375
0.3975,-2.232177734375,3.052978515625,-1.271240234375
0.398,-1.551513671875,3.213134765625,-2.072021484375
0.3985,-1.031005859375,3.213134765625,-2.592529296875
0.399,-0.590576171875,3.213134765625,-3.032958984375
0.3995,-0.070068359375,3.052978515625,-3.353271484375
0.4,0.690673828125,2.492431640625,-3.553466796875
0.4005,1.491455078125,1.851806640625,-3.793701171875
0.401,2.011962890625,1.291259765625,-3.833740234375
0.4015,2.492431640625,0.890869140625,-3.753662109375
0.402,2.812744140625,0.490478515625,-3.673583984375
0.4025,2.892822265625,-0.110107421875,-3.193115234375
0.403,3.052978515625,-0.790771484375,-2.672607421875
0.4035,3.173095703125,-1.631591796875,-2.031982421875
0.404,3.133056640625,-2.112060546875,-1.511474609375
0.4045,3.133056640625,-2.592529296875,-1.031005859375
0.405,3.012939453125,-2.912841796875,-0.590576171875
0.4055,2.452392578125,-3.072998046875,0.130126953125
0.406,1.811767578125,-3.233154296875,0.930908203125
0.4065,1.211181640625,-3.313232421875,1.611572265625
0.407,0.730712890625,-3.353271484375,2.092041015625
0.4075,0.290283203125,-3.313232421875,2.492431640625
0.408,-0.270263671875,-3.072998046875,2.732666015625
0.4085,-0.990966796875,-2.552490234375,2.972900390625
0.409,-1.751708984375,-1.991943359375,3.133056640625
0.4095,-2.192138671875,-1.471435546875,3.173095703125
0.41,-2.632568359375,-1.031005859375,3.173095703125
0.4105,-2.912841796875,-0.630615234375,3.052978515625
0.411,-3.072998046875,0.010009765625,2.572509765625
0.4115,-3.193115234375,0.650634765625,2.052001953125
0.412,-3.353271484375,1.411376953125,1.491455078125
0.4125,-3.273193359375,1.931884765625,0.970947265625
0.413,-3.273193359375,2.412353515625,0.490478515625
0.4135,-3.072998046875,2.692626953125,-0.070068359375
0.414,-2.552490234375,2.892822265625,-0.790771484375
0.4145,-1.911865234375,3.093017578125,-1.631591796875
0.415,-1.311279296875,3.173095703125,-2.232177734375
0.4155,-0.910888671875,3.213134765625,-2.752685546875
0.416,-0.470458984375,3.173095703125,-3.153076171875
0.4165,0.210205078125,2.772705078125,-3.353271484375
0.417,0.970947265625,2.252197265625,-3.673583984375
0.4175,1.771728515625,1.651611328125,-3.793701171875
0.418,2.172119140625,1.211181640625,-3.753662109375
0.4185,2.572509765625,0.730712890625,-3.713623046875
0.419,2.852783203125,0.290283203125,-3.513427734375
0.4195,2.932861328125,-0.470458984375,-2.912841796875
0.42,3.133056640625,-1.231201171875,-2.352294921875
0.4205,3.173095703125,-1.871826171875,-1.791748046875
0.421,3.173095703125,-2.392333984375,-1.271240234375
0.4215,3.093017578125,-2.752685546875,-0.830810546875
0.422,2.692626953125,-2.952880859375,-0.270263671875
0.4225,2.132080078125,-3.193115234375,0.610595703125
0.423,1.411376953125,-3.353271484375,1.411376953125
0.4235,0.930908203125,-3.313232421875,1.931884765625
0.424,0.490478515625,-3.473388671875,2.412353515625
0.4245,0.010009765625,-3.233154296875,2.692626953125
0.425,-0.710693359375,-2.752685546875,2.852783203125
0.4255,-1.471435546875,-2.192138671875,3.173095703125
0.426,-2.152099609375,-1.591552734375,3.213134765625
0.4265,-2.552490234375,-1.151123046875,3.173095703125
0.427,-2.872802734375,-0.710693359375,3.052978515625
0.4275,-3.032958984375,-0.270263671875,2.732666015625
0.428,-3.153076171875,0.530517578125,2.172119140625
0.4285,-3.233154296875,1.251220703125,1.571533203125
0.429,-3.233154296875,1.771728515625,1.091064453125
0.4295,-3.273193359375,2.292236328125,0.570556640625
0.43,-3.113037109375,2.612548828125,0.130126953125
0.4305,-2.632568359375,2.732666015625,-0.590576171875
0.431,-2.112060546875,3.012939453125,-1.311279296875
0.4315,-1.431396484375,3.133056640625,-2.072021484375
0.432,-0.990966796875,3.133056640625,-2.552490234375
0.4325,-0.590576171875,3.133056640625,-3.032958984375
0.433,0.010009765625,2.892822265625,-3.273193359375
0.4335,0.730712890625,2.372314453125,-3.473388671875
0.434,1.451416015625,1.891845703125,-3.713623046875
0.4345,1.971923828125,1.331298828125,-3.713623046875
0.435,2.452392578125,0.930908203125,-3.753662109375
0.4355,2.692626953125,0.490478515625,-3.553466796875
0.436,2.852783203125,-0.150146484375,-3.193115234375
0.4365,3.052978515625,-0.830810546875,-2.632568359375
0.437,3.133056640625,-1.591552734375,-1.991943359375
0.4375,3.133056640625,-2.072021484375,-1.551513671875
0.438,3.173095703125,-2.632568359375,-0.990966796875
0.4385,2.892822265625,-2.872802734375,-0.550537109375
0.439,2.292236328125,-3.072998046875,0.210205078125
0.4395,1.771728515625,-3.273193359375,1.010986328125
0.44,1.131103515625,-3.393310546875,1.691650390625
0.4405,0.730712890625,-3.433349609375,2.172119140625
0.441,0.250244140625,-3.353271484375,2.532470703125
0.4415,-0.350341796875,-2.952880859375,2.812744140625
0.442,-1.191162109375,-2.392333984375,3.052978515625
0.4425,-1.871826171875,-1.831787109375,3.173095703125
0.443,-2.272216796875,-1.311279296875,3.133056640625
0.4435,-2.752685546875,-0.950927734375,3.173095703125
0.444,-2.912841796875,-0.470458984375,2.892822265625
0.4445,-3.032958984375,0.210205078125,2.372314453125
0.445,-3.193115234375,0.930908203125,1.891845703125
0.4455,-3.273193359375,1.611572265625,1.251220703125
0.446,-3.273193359375,2.052001953125,0.770751953125
0.4465,-3.193115234375,2.532470703125,0.290283203125
0.447,-2.872802734375,2.692626953125,-0.270263671875
0.4475,-2.272216796875,2.892822265625,-1.071044921875
0.448,-1.711669921875,3.052978515625,-1.831787109375
0.4485,-1.151123046875,3.052978515625,-2.392333984375
0.449,-0.790771484375,3.173095703125,-2.872802734375
0.4495,-0.270263671875,2.972900390625,-3.153076171875
0.45,0.450439453125,2.572509765625,-3.353271484375
0.4505,1.211181640625,2.052001953125,-3.633544921875
0.451,1.851806640625,1.451416015625,-3.713623046875
0.4515,2.212158203125,1.091064453125,-3.673583984375
0.452,2.612548828125,0.610595703125,-3.593505859375
0.4525,2.812744140625,0.130126953125,-3.313232421875
0.453,2.852783203125,-0.590576171875,-2.712646484375
0.4535,3.052978515625,-1.271240234375,-2.272216796875
0.454,3.093017578125,-1.911865234375,-1.671630859375
0.4545,3.093017578125,-2.392333984375,-1.231201171875
0.455,2.932861328125,-2.712646484375,-0.710693359375
0.4555,2.572509765625,-2.912841796875,-0.150146484375
0.456,1.971923828125,-3.193115234375,0.650634765625
0.4565,1.371337890625,-3.313232421875,1.331298828125
0.457,0.890869140625,-3.353271484375,1.851806640625
0.4575,0.490478515625,-3.353271484375,2.372314453125
0.458,-0.070068359375,-3.072998046875,2.612548828125
0.4585,-0.790771484375,-2.592529296875,2.852783203125
0.459,-1.471435546875,-2.112060546875,3.093017578125
0.4595,-2.072021484375,-1.551513671875,3.133056640625
0.46,-2.432373046875,-1.191162109375,3.133056640625
0.4605,-2.752685546875,-0.710693359375,2.972900390625
0.461,-2.952880859375,-0.190185546875,2.652587890625
0.4615,-3.072998046875,0.570556640625,2.052001953125
0.462,-3.233154296875,1.251220703125,1.571533203125
0.4625,-3.233154296875,1.771728515625,1.051025390625
0.463,-3.273193359375,2.332275390625,0.610595703125
0.4635,-2.992919921875,2.532470703125,0.050048828125
0.464,-2.552490234375,2.692626953125,-0.670654296875
0.4645,-1.991943359375,3.012939453125,-1.431396484375
0.465,-1.431396484375,3.052978515625,-2.112060546875
0.4655,-0.990966796875,3.133056640625,-2.552490234375
0.466,-0.510498046875,3.133056640625,-2.992919921875
0.4665,0.090087890625,2.812744140625,-3.273193359375
0.467,0.890869140625,2.212158203125,-3.473388671875
0.4675,1.531494140625,1.771728515625,-3.673583984375
0.468,2.052001953125,1.211181640625,-3.633544921875
0.4685,2.452392578125,0.890869140625,-3.713623046875
0.469,2.652587890625,0.330322265625,-3.393310546875
0.4695,2.812744140625,-0.310302734375,-2.952880859375
0.47,3.012939453125,-1.031005859375,-2.432373046875
0.4705,3.052978515625,-1.631591796875,-1.871826171875
0.471,3.052978515625,-2.112060546875,-1.431396484375
0.4715,3.052978515625,-2.632568359375,-0.950927734375
0.472,2.692626953125,-2.872802734375,-0.390380859375
0.4725,2.132080078125,-3.072998046875,0.370361328125
0.473,1.571533203125,-3.273193359375,1.091064453125
0.4735,1.051025390625,-3.273193359375,1.731689453125
0.474,0.650634765625,-3.353271484375,2.172119140625
0.4745,0.130126953125,-3.193115234375,2.532470703125
0.475,-0.510498046875,-2.792724609375,2.772705078125
0.4755,-1.271240234375,-2.232177734375,3.012939453125
0.476,-1.831787109375,-1.791748046875,3.052978515625
0.4765,-2.272216796875,-1.271240234375,3.052978515625
0.477,-2.672607421875,-0.950927734375,3.052978515625
0.4775,-2.832763671875,-0.390380859375,2.732666015625
0.478,-2.952880859375,0.290283203125,2.252197265625
0.4785,-3.153076171875,0.930908203125,1.771728515625
0.479,-3.193115234375,1.531494140625,1.211181640625
0.4795,-3.193115234375,1.971923828125,0.770751953125
0.48,-3.072998046875,2.372314453125,0.290283203125
0.4805,-2.752685546875,2.572509765625,-0.350341796875
0.481,-2.192138671875,2.772705078125,-1.151123046875
0.4815,-1.671630859375,2.972900390625,-1.711669921875
0.482,-1.231201171875,3.052978515625,-2.272216796875
0.4825,-0.790771484375,3.173095703125,-2.752685546875
0.483,-0.270263671875,2.852783203125,-3.032958984375
0.4835,0.450439453125,2.492431640625,-3.273193359375
0.484,1.171142578125,1.971923828125,-3.553466796875
0.4845,1.691650390625,1.531494140625,-3.553466796875
0.485,2.092041015625,1.131103515625,-3.633544921875
0.4855,2.492431640625,0.650634765625,-3.553466796875
0.486,2.692626953125,0.130126953125,-3.193115234375
0.4865,2.812744140625,-0.590576171875,-2.712646484375
0.487,3.012939453125,-1.231201171875,-2.272216796875
0.4875,3.052978515625,-1.791748046875,-1.671630859375
0.488,3.093017578125,-2.352294921875,-1.271240234375
0.4885,2.852783203125,-2.672607421875,-0.710693359375
0.489,2.412353515625,-2.912841796875,-0.150146484375
0.4895,1.931884765625,-3.113037109375,0.730712890625
0.49,1.371337890625,-3.193115234375,1.291259765625
0.4905,0.970947265625,-3.233154296875,1.851806640625
0.491,0.530517578125,-3.353271484375,2.292236328125
0.4915,-0.150146484375,-2.952880859375,2.572509765625
0.492,-0.870849609375,-2.512451171875,2.852783203125
0.4925,-1.551513671875,-1.991943359375,3.052978515625
0.493,-2.072021484375,-1.551513671875,3.052978515625
0.4935,-2.432373046875,-1.151123046875,3.093017578125
0.494,-2.712646484375,-0.630615234375,2.852783203125
0.4945,-2.912841796875,-0.070068359375,2.492431640625
0.495,-3.072998046875,0.690673828125,1.931884765625
0.4955,-3.193115234375,1.291259765625,1.451416015625
0.496,-3.193115234375,1.771728515625,0.930908203125
0.4965,-3.233154296875,2.252197265625,0.490478515625
0.497,-2.872802734375,2.492431640625,-0.150146484375
0.4975,-2.352294921875,2.732666015625,-0.790771484375
0.498,-1.791748046875,2.972900390625,-1.591552734375
0.4985,-1.311279296875,3.012939453125,-2.112060546875
0.499,-0.910888671875,3.052978515625,-2.552490234375
0.4995,-0.470458984375,2.972900390625,-2.912841796875
0.5,0.210205078125,2.612548828125,-3.193115234375
0.5005,0.970947265625,2.052001953125,-3.433349609375
0.501,1.531494140625,1.611572265625,-3.553466796875
0.5015,2.011962890625,1.211181640625,-3.553466796875
0.502,2.372314453125,0.810791015625,-3.553466796875
0.5025,2.532470703125,0.290283203125,-3.233154296875
0.503,2.732666015625,-0.350341796875,-2.832763671875
0.5035,2.932861328125,-1.031005859375,-2.312255859375
0.504,2.932861328125,-1.631591796875,-1.871826171875
0.5045,3.012939453125,-2.112060546875,-1.391357421875
0.505,2.972900390625,-2.592529296875,-0.990966796875
0.5055,2.572509765625,-2.712646484375,-0.350341796875
0.506,2.052001953125,-2.952880859375,0.410400390625
0.5065,1.571533203125,-3.153076171875,1.131103515625
0.507,1.091064453125,-3.233154296875,1.651611328125
0.5075,0.690673828125,-3.313232421875,2.172119140625
0.508,0.130126953125,-3.113037109375,2.492431640625
0.5085,-0.590576171875,-2.712646484375,2.772705078125
0.509,-1.351318359375,-2.192138671875,3.012939453125
0.5095,-1.871826171875,-1.711669921875,3.052978515625
0.51,-2.352294921875,-1.271240234375,3.133056640625
0.5105,-2.712646484375,-0.870849609375,3.052978515625
0.511,-2.872802734375,-0.310302734375,2.692626953125
0.5115,-3.072998046875,0.410400390625,2.172119140625
0.512,-3.193115234375,1.091064453125,1.651611328125
0.5125,-3.233154296875,1.651611328125,1.131103515625
0.513,-3.273193359375,2.132080078125,0.610595703125
0.5135,-3.072998046875,2.532470703125,0.130126953125
0.514,-2.592529296875,2.732666015625,-0.590576171875
0.5145,-1.991943359375,3.012939453125,-1.431396484375
0.515,-1.431396484375,3.052978515625,-1.991943359375
0.5155,-0.990966796875,3.173095703125,-2.552490234375
0.516,-0.590576171875,3.133056640625,-2.952880859375
0.5165,0.090087890625,2.772705078125,-3.193115234375
0.517,0.890869140625,2.252197265625,-3.513427734375
0.5175,1.611572265625,1.651611328125,-3.713623046875
0.518,2.052001953125,1.251220703125,-3.673583984375
0.5185,2.412353515625,0.770751953125,-3.633544921875
0.519,2.692626953125,0.370361328125,-3.433349609375
0.5195,2.812744140625,-0.310302734375,-2.912841796875
0.52,2.972900390625,-1.111083984375,-2.392333984375
0.5205,3.052978515625,-1.711669921875,-1.871826171875
0.521,3.052978515625,-2.272216796875,-1.391357421875
0.5215,3.012939453125,-2.592529296875,-0.950927734375
0.522,2.652587890625,-2.792724609375,-0.350341796875
0.5225,2.172119140625,-3.032958984375,0.370361328125
0.523,1.531494140625,-3.193115234375,1.211181640625
0.5235,1.051025390625,-3.193115234375,1.691650390625
0.524,0.610595703125,-3.273193359375,2.172119140625
0.5245,0.170166015625,-3.193115234375,2.532470703125
0.525,-0.510498046875,-2.752685546875,2.732666015625
0.5255,-1.271240234375,-2.272216796875,2.972900390625
0.526,-1.871826171875,-1.751708984375,3.052978515625
0.5265,-2.312255859375,-1.311279296875,3.093017578125
0.527,-2.672607421875,-0.910888671875,3.052978515625
0.5275,-2.872802734375,-0.350341796875,2.732666015625
0.528,-3.032958984375,0.250244140625,2.292236328125
0.5285,-3.193115234375,0.970947265625,1.731689453125
0.529,-3.193115234375,1.491455078125,1.211181640625
0.5295,-3.273193359375,2.092041015625,0.770751953125
0.53,-3.193115234375,2.492431640625,0.290283203125
0.5305,-2.712646484375,2.692626953125,-0.350341796875
0.531,-2.272216796875,2.932861328125,-1.151123046875
0.5315,-1.631591796875,3.133056640625,-1.911865234375
0.532,-1.151123046875,3.173095703125,-2.432373046875
0.5325,-0.710693359375,3.213134765625,-2.872802734375
0.533,-0.190185546875,2.972900390625,-3.193115234375
0.5335,0.610595703125,2.492431640625,-3.433349609375
0.534,1.331298828125,1.931884765625,-3.673583984375
0.5345,1.931884765625,1.411376953125,-3.713623046875
0.535,2.412353515625,0.970947265625,-3.713623046875
0.5355,2.692626953125,0.570556640625,-3.593505859375
0.536,2.852783203125,-0.110107421875,-3.193115234375
0.5365,3.012939453125,-0.870849609375,-2.672607421875
0.537,3.133056640625,-1.631591796875,-2.031982421875
0.5375,3.133056640625,-2.072021484375,-1.551513671875
0.538,3.133056640625,-2.552490234375,-1.031005859375
0.5385,2.892822265625,-2.872802734375,-0.550537109375
0.539,2.292236328125,-3.032958984375,0.250244140625
0.5395,1.731689453125,-3.273193359375,1.051025390625
0.54,1.131103515625,-3.273193359375,1.691650390625
0.5405,0.690673828125,-3.353271484375,2.172119140625
0.541,0.250244140625,-3.233154296875,2.532470703125
0.5415,-0.350341796875,-2.912841796875,2.772705078125
0.542,-1.191162109375,-2.352294921875,3.012939453125
0.5425,-1.911865234375,-1.791748046875,3.173095703125
0.543,-2.272216796875,-1.311279296875,3.093017578125
0.5435,-2.712646484375,-0.910888671875,3.133056640625
0.544,-2.912841796875,-0.510498046875,2.852783203125
0.5445,-3.032958984375,0.170166015625,2.332275390625
0.545,-3.193115234375,0.850830078125,1.811767578125
0.5455,-3.273193359375,1.611572265625,1.291259765625
0.546,-3.233154296875,2.052001953125,0.810791015625
0.5465,-3.193115234375,2.492431640625,0.330322265625
0.547,-2.872802734375,2.692626953125,-0.270263671875
0.5475,-2.312255859375,2.892822265625,-0.990966796875
0.548,-1.751708984375,3.093017578125,-1.791748046875
0.5485,-1.191162109375,3.093017578125,-2.312255859375
0.549,-0.790771484375,3.213134765625,-2.872802734375
0.5495,-0.310302734375,3.052978515625,-3.193115234375
0.55,0.370361328125,2.612548828125,-3.393310546875
0.5505,1.211181640625,2.092041015625,-3.673583984375
0.551,1.891845703125,1.531494140625,-3.753662109375
0.5515,2.252197265625,1.091064453125,-3.713623046875
0.552,2.692626953125,0.570556640625,-3.713623046875
0.5525,2.852783203125,0.090087890625,-3.393310546875
0.553,2.932861328125,-0.670654296875,-2.832763671875
0.5535,3.173095703125,-1.351318359375,-2.272216796875
0.554,3.173095703125,-1.991943359375,-1.671630859375
0.5545,3.213134765625,-2.512451171875,-1.231201171875
0.555,3.052978515625,-2.832763671875,-0.670654296875
0.5555,2.612548828125,-3.072998046875,0.010009765625
0.556,1.971923828125,-3.273193359375,0.850830078125
0.5565,1.291259765625,-3.353271484375,1.571533203125
0.557,0.810791015625,-3.353271484375,2.052001953125
0.5575,0.410400390625,-3.473388671875,2.572509765625
0.558,-0.270263671875,-3.113037109375,2.812744140625
0.5585,-1.031005859375,-2.512451171875,3.012939453125
0.559,-1.791748046875,-1.951904296875,3.213134765625
0.5595,-2.352294921875,-1.391357421875,3.213134765625
0.56,-2.712646484375,-1.031005859375,3.173095703125
0.5605,-2.992919921875,-0.590576171875,2.972900390625
0.561,-3.153076171875,0.010009765625,2.572509765625
0.5615,-3.233154296875,0.850830078125,1.931884765625
0.562,-3.353271484375,1.531494140625,1.331298828125
0.5625,-3.273193359375,2.052001953125,0.810791015625
0.563,-3.313232421875,2.532470703125,0.410400390625
0.5635,-2.992919921875,2.732666015625,-0.190185546875
0.564,-2.432373046875,2.892822265625,-0.910888671875
0.5645,-1.831787109375,3.173095703125,-1.751708984375
0.565,-1.231201171875,3.173095703125,-2.392333984375
0.5655,-0.790771484375,3.173095703125,-2.832763671875
0.566,-0.310302734375,3.133056640625,-3.193115234375
0.5665,0.330322265625,2.772705078125,-3.513427734375
0.567,1.171142578125,2.092041015625,-3.673583984375
0.5675,1.811767578125,1.611572265625,-3.793701171875
0.568,2.292236328125,1.010986328125,-3.753662109375
0.5685,2.692626953125,0.650634765625,-3.793701171875
0.569,2.852783203125,0.090087890625,-3.473388671875
0.5695,3.012939453125,-0.510498046875,-2.952880859375
0.57,3.173095703125,-1.271240234375,-2.312255859375
0.5705,3.173095703125,-1.951904296875,-1.751708984375
0.571,3.173095703125,-2.392333984375,-1.271240234375
0.5715,3.133056640625,-2.872802734375,-0.750732421875
0.572,2.732666015625,-3.072998046875,-0.190185546875
0.5725,2.052001953125,-3.193115234375,0.650634765625
0.573,1.491455078125,-3.393310546875,1.411376953125
0.5735,0.890869140625,-3.393310546875,2.011962890625
0.574,0.490478515625,-3.473388671875,2.492431640625
0.5745,-0.070068359375,-3.233154296875,2.812744140625
0.575,-0.750732421875,-2.792724609375,3.052978515625
0.5755,-1.631591796875,-2.112060546875,3.213134765625
0.576,-2.232177734375,-1.631591796875,3.213134765625
0.5765,-2.632568359375,-1.151123046875,3.173095703125
0.577,-3.032958984375,-0.750732421875,3.173095703125
0.5775,-3.113037109375,-0.150146484375,2.732666015625
0.578,-3.193115234375,0.610595703125,2.172119140625
0.5785,-3.393310546875,1.371337890625,1.571533203125
0.579,-3.353271484375,1.971923828125,0.970947265625
0.5795,-3.313232421875,2.372314453125,0.570556640625
0.58,-3.193115234375,2.772705078125,0.010009765625
0.5805,-2.712646484375,2.932861328125,-0.630615234375
0.581,-1.951904296875,3.133056640625,-1.591552734375
0.5815,-1.431396484375,3.213134765625,-2.192138671875
0.582,-0.870849609375,3.173095703125,-2.712646484375
0.5825,-0.510498046875,3.253173828125,-3.193115234375
0.583,0.170166015625,2.852783203125,-3.353271484375
0.5835,0.930908203125,2.292236328125,-3.593505859375
0.584,1.651611328125,1.651611328125,-3.793701171875
0.5845,2.172119140625,1.171142578125,-3.753662109375
0.585,2.532470703125,0.730712890625,-3.713623046875
0.5855,2.852783203125,0.330322265625,-3.593505859375
0.586,2.972900390625,-0.270263671875,-3.153076171875
0.5865,3.052978515625,-0.990966796875,-2.512451171875
0.587,3.173095703125,-1.671630859375,-1.951904296875
0.5875,3.173095703125,-2.272216796875,-1.351318359375
0.588,3.173095703125,-2.712646484375,-0.990966796875
0.5885,2.852783203125,-2.952880859375,-0.390380859375
0.589,2.372314453125,-3.193115234375,0.290283203125
0.5895,1.691650390625,-3.353271484375,1.211181640625
0.59,1.131103515625,-3.353271484375,1.771728515625
0.5905,0.610595703125,-3.353271484375,2.252197265625
0.591,0.250244140625,-3.433349609375,2.692626953125
0.5915,-0.470458984375,-2.952880859375,2.892822265625
0.592,-1.231201171875,-2.432373046875,3.093017578125
0.5925,-1.951904296875,-1.871826171875,3.213134765625
0.593,-2.432373046875,-1.311279296875,3.173095703125
0.5935,-2.792724609375,-0.950927734375,3.173095703125
0.594,-3.032958984375,-0.390380859375,2.932861328125
0.5945,-3.193115234375,0.250244140625,2.492431640625
0.595,-3.273193359375,1.010986328125,1.811767578125
0.5955,-3.353271484375,1.571533203125,1.291259765625
0.596,-3.273193359375,2.172119140625,0.730712890625
0.5965,-3.313232421875,2.572509765625,0.330322265625
0.597,-2.872802734375,2.732666015625,-0.310302734375
0.5975,-2.312255859375,3.012939453125,-1.071044921875
0.598,-1.671630859375,3.173095703125,-1.911865234375
0.5985,-1.151123046875,3.173095703125,-2.432373046875
0.599,-0.710693359375,3.173095703125,-2.872802734375
0.5995,-0.270263671875,3.093017578125,-3.233154296875
0.6,0.490478515625,2.572509765625,-3.513427734375
0.6005,1.291259765625,1.971923828125,-3.673583984375
0.601,1.851806640625,1.451416015625,-3.793701171875
0.6015,2.332275390625,0.970947265625,-3.713623046875
0.602,2.692626953125,0.610595703125,-3.713623046875
0.6025,2.812744140625,0.050048828125,-3.273193359375
0.603,2.972900390625,-0.630615234375,-2.792724609375
0.6035,3.133056640625,-1.391357421875,-2.192138671875
0.604,3.133056640625,-1.951904296875,-1.631591796875
0.6045,3.093017578125,-2.432373046875,-1.151123046875
0.605,3.052978515625,-2.832763671875,-0.710693359375
0.6055,2.572509765625,-3.032958984375,-0.070068359375
0.606,1.931884765625,-3.193115234375,0.730712890625
0.6065,1.331298828125,-3.313232421875,1.451416015625
0.607,0.850830078125,-3.353271484375,1.971923828125
0.6075,0.490478515625,-3.353271484375,2.412353515625
0.608,-0.110107421875,-3.193115234375,2.692626953125
0.6085,-0.830810546875,-2.712646484375,2.932861328125
0.609,-1.631591796875,-2.112060546875,3.133056640625
0.6095,-2.112060546875,-1.551513671875,3.173095703125
0.61,-2.592529296875,-1.111083984375,3.173095703125
0.6105,-2.912841796875,-0.670654296875,3.093017578125
0.611,-3.032958984375,-0.110107421875,2.652587890625
0.6115,-3.193115234375,0.610595703125,2.092041015625
0.612,-3.353271484375,1.371337890625,1.531494140625
0.6125,-3.313232421875,1.931884765625,0.970947265625
0.613,-3.273193359375,2.372314453125,0.570556640625
0.6135,-3.113037109375,2.692626953125,0.010009765625
0.614,-2.592529296875,2.892822265625,-0.710693359375
0.6145,-1.951904296875,3.093017578125,-1.591552734375
0.615,-1.351318359375,3.173095703125,-2.232177734375
0.6155,-0.910888671875,3.213134765625,-2.712646484375
0.616,-0.470458984375,3.173095703125,-3.153076171875
0.6165,0.170166015625,2.732666015625,-3.353271484375
0.617,0.930908203125,2.252197265625,-3.633544921875
0.6175,1.731689453125,1.651611328125,-3.793701171875
0.618,2.132080078125,1.211181640625,-3.713623046875
0.6185,2.532470703125,0.730712890625,-3.673583984375
0.619,2.812744140625,0.290283203125,-3.513427734375
0.6195,2.892822265625,-0.350341796875,-2.952880859375
0.62,3.052978515625,-1.151123046875,-2.392333984375
0.6205,3.133056640625,-1.751708984375,-1.871826171875
0.621,3.133056640625,-2.272216796875,-1.311279296875
0.6215,3.052978515625,-2.632568359375,-0.870849609375
0.622,2.692626953125,-2.872802734375,-0.310302734375
0.6225,2.212158203125,-3.153076171875,0.450439453125
0.623,1.531494140625,-3.273193359375,1.291259765625
0.6235,1.010986328125,-3.273193359375,1.771728515625
0.624,0.570556640625,-3.393310546875,2.252197265625
0.6245,0.130126953125,-3.273193359375,2.612548828125
0.625,-0.590576171875,-2.872802734375,2.812744140625
0.6255,-1.311279296875,-2.272216796875,3.052978515625
0.626,-1.991943359375,-1.671630859375,3.173095703125
0.6265,-2.432373046875,-1.271240234375,3.173095703125
0.627,-2.752685546875,-0.830810546875,3.093017578125
0.6275,-2.952880859375,-0.350341796875,2.812744140625
0.628,-3.072998046875,0.330322265625,2.292236328125
0.6285,-3.193115234375,1.091064453125,1.731689453125
0.629,-3.233154296875,1.611572265625,1.211181640625
0.6295,-3.233154296875,2.172119140625,0.690673828125
0.63,-3.193115234375,2.532470703125,0.250244140625
0.6305,-2.712646484375,2.692626953125,-0.390380859375
0.631,-2.232177734375,2.972900390625,-1.151123046875
0.6315,-1.591552734375,3.093017578125,-1.911865234375
0.632,-1.151123046875,3.052978515625,-2.432373046875
0.6325,-0.670654296875,3.133056640625,-2.872802734375
0.633,-0.190185546875,2.932861328125,-3.193115234375
0.6335,0.570556640625,2.452392578125,-3.393310546875
0.634,1.291259765625,1.931884765625,-3.633544921875
0.6345,1.851806640625,1.411376953125,-3.673583984375
0.635,2.292236328125,1.010986328125,-3.713623046875
0.6355,2.612548828125,0.610595703125,-3.593505859375
0.636,2.812744140625,0.010009765625,-3.193115234375
0.6365,2.972900390625,-0.670654296875,-2.712646484375
0.637,3.133056640625,-1.471435546875,-2.072021484375
0.6375,3.133056640625,-1.951904296875,-1.631591796875
0.638,3.133056640625,-2.512451171875,-1.151123046875
0.6385,2.972900390625,-2.832763671875,-0.630615234375
0.639,2.412353515625,-2.992919921875,0.090087890625
0.6395,1.891845703125,-3.273193359375,0.930908203125
0.64,1.211181640625,-3.353271484375,1.571533203125
0.6405,0.770751953125,-3.393310546875,2.052001953125
0.641,0.330322265625,-3.353271484375,2.492431640625
0.6415,-0.270263671875,-3.032958984375,2.772705078125
0.642,-1.071044921875,-2.432373046875,3.012939453125
0.6425,-1.791748046875,-1.911865234375,3.173095703125
0.643,-2.232177734375,-1.391357421875,3.133056640625
0.6435,-2.672607421875,-0.990966796875,3.173095703125
0.644,-2.872802734375,-0.590576171875,2.932861328125
0.6445,-3.032958984375,0.130126953125,2.412353515625
0.645,-3.193115234375,0.810791015625,1.931884765625
0.6455,-3.273193359375,1.531494140625,1.291259765625
0.646,-3.193115234375,1.931884765625,0.850830078125
0.6465,-3.193115234375,2.412353515625,0.370361328125
0.647,-2.872802734375,2.652587890625,-0.150146484375
0.6475,-2.312255859375,2.812744140625,-0.950927734375
0.648,-1.791748046875,3.012939453125,-1.671630859375
0.6485,-1.231201171875,3.012939453125,-2.232177734375
0.649,-0.870849609375,3.093017578125,-2.752685546875
0.6495,-0.390380859375,3.012939453125,-3.032958984375
0.65,0.250244140625,2.612548828125,-3.273193359375
0.6505,1.010986328125,2.172119140625,-3.553466796875
0.651,1.651611328125,1.571533203125,-3.633544921875
0.6515,2.052001953125,1.211181640625,-3.633544921875
0.652,2.492431640625,0.770751953125,-3.593505859375
0.6525,2.692626953125,0.290283203125,-3.353271484375
0.653,2.812744140625,-0.390380859375,-2.832763671875
0.6535,3.012939453125,-1.071044921875,-2.392333984375
0.654,3.052978515625,-1.711669921875,-1.831787109375
0.6545,3.093017578125,-2.192138671875,-1.351318359375
0.655,3.012939453125,-2.592529296875,-0.910888671875
0.6555,2.692626953125,-2.872802734375,-0.310302734375
0.656,2.172119140625,-3.153076171875,0.450439453125
0.6565,1.531494140625,-3.233154296875,1.171142578125
0.657,1.091064453125,-3.233154296875,1.731689453125
0.6575,0.610595703125,-3.393310546875,2.252197265625
0.658,0.130126953125,-3.193115234375,2.532470703125
0.6585,-0.630615234375,-2.712646484375,2.812744140625
0.659,-1.351318359375,-2.272216796875,3.093017578125
0.6595,-1.951904296875,-1.671630859375,3.173095703125
0.66,-2.392333984375,-1.271240234375,3.173095703125
0.6605,-2.752685546875,-0.790771484375,3.052978515625
0.661,-2.952880859375,-0.310302734375,2.732666015625
0.6615,-3.072998046875,0.490478515625,2.172119140625
0.662,-3.233154296875,1.171142578125,1.611572265625
0.6625,-3.233154296875,1.731689453125,1.091064453125
0.663,-3.273193359375,2.252197265625,0.610595703125
0.6635,-3.032958984375,2.532470703125,0.090087890625
0.664,-2.552490234375,2.692626953125,-0.630615234375
0.6645,-1.991943359375,2.972900390625,-1.431396484375
0.665,-1.431396484375,3.052978515625,-2.072021484375
0.6655,-0.990966796875,3.052978515625,-2.512451171875
0.666,-0.590576171875,3.093017578125,-2.912841796875
0.6665,0.010009765625,2.812744140625,-3.193115234375
0.667,0.810791015625,2.212158203125,-3.393310546875
0.6675,1.411376953125,1.771728515625,-3.593505859375
0.668,1.931884765625,1.251220703125,-3.553466796875
0.6685,2.292236328125,0.930908203125,-3.593505859375
0.669,2.532470703125,0.450439453125,-3.353271484375
0.6695,2.692626953125,-0.150146484375,-2.992919921875
0.67,2.852783203125,-0.790771484375,-2.512451171875
0.6705,2.972900390625,-1.431396484375,-1.951904296875
0.671,2.932861328125,-1.911865234375,-1.551513671875
0.6715,3.012939453125,-2.432373046875,-1.071044921875
0.672,2.732666015625,-2.712646484375,-0.590576171875
0.6725,2.252197265625,-2.912841796875,0.130126953125
0.673,1.771728515625,-3.113037109375,0.810791015625
0.6735,1.251220703125,-3.193115234375,1.411376953125
0.674,0.850830078125,-3.273193359375,1.931884765625
0.6745,0.370361328125,-3.193115234375,2.292236328125
0.675,-0.190185546875,-2.952880859375,2.612548828125
0.6755,-0.950927734375,-2.432373046875,2.852783203125
0.676,-1.551513671875,-1.951904296875,3.012939453125
0.6765,-2.031982421875,-1.551513671875,3.052978515625
0.677,-2.552490234375,-1.151123046875,3.133056640625
0.6775,-2.712646484375,-0.630615234375,2.852783203125
0.678,-2.912841796875,0.010009765625,2.412353515625
0.6785,-3.153076171875,0.690673828125,2.011962890625
0.679,-3.193115234375,1.331298828125,1.411376953125
0.6795,-3.233154296875,1.851806640625,0.970947265625
0.68,-3.193115234375,2.292236328125,0.450439453125
0.6805,-2.912841796875,2.572509765625,-0.150146484375
0.681,-2.312255859375,2.852783203125,-0.950927734375
0.6815,-1.831787109375,3.052978515625,-1.631591796875
0.682,-1.271240234375,3.093017578125,-2.192138671875
0.6825,-0.910888671875,3.213134765625,-2.712646484375
0.683,-0.310302734375,2.932861328125,-3.072998046875
0.6835,0.370361328125,2.532470703125,-3.353271484375
0.684,1.171142578125,2.011962890625,-3.553466796875
0.6845,1.731689453125,1.531494140625,-3.673583984375
0.685,2.172119140625,1.091064453125,-3.633544921875
0.6855,2.532470703125,0.650634765625,-3.553466796875
0.686,2.692626953125,0.130126953125,-3.193115234375
0.6865,2.812744140625,-0.630615234375,-2.592529296875
0.687,3.012939453125,-1.311279296875,-2.152099609375
0.6875,3.012939453125,-1.871826171875,-1.631591796875
0.688,3.052978515625,-2.392333984375,-1.231201171875
0.6885,2.812744140625,-2.632568359375,-0.670654296875
0.689,2.412353515625,-2.872802734375,0.010009765625
0.6895,1.811767578125,-3.072998046875,0.770751953125
0.69,1.291259765625,-3.153076171875,1.331298828125
0.6905,0.890869140625,-3.193115234375,1.851806640625
0.691,0.490478515625,-3.233154296875,2.292236328125
0.6915,-0.110107421875,-2.912841796875,2.532470703125
0.692,-0.790771484375,-2.432373046875,2.732666015625
0.6925,-1.471435546875,-1.991943359375,2.972900390625
0.693,-1.991943359375,-1.551513671875,3.012939453125
0.6935,-2.352294921875,-1.231201171875,3.052978515625
0.694,-2.672607421875,-0.710693359375,2.852783203125
0.6945,-2.872802734375,-0.190185546875,2.572509765625
0.695,-3.032958984375,0.530517578125,2.052001953125
0.6955,-3.153076171875,1.131103515625,1.611572265625
0.696,-3.193115234375,1.651611328125,1.051025390625
0.6965,-3.233154296875,2.172119140625,0.610595703125
0.697,-2.952880859375,2.452392578125,0.090087890625
0.6975,-2.512451171875,2.692626953125,-0.630615234375
0.698,-2.031982421875,2.972900390625,-1.351318359375
0.6985,-1.471435546875,3.052978515625,-1.991943359375
0.699,-1.071044921875,3.133056640625,-2.472412109375
0.6995,-0.590576171875,3.093017578125,-2.912841796875
0.7,0.050048828125,2.812744140625,-3.233154296875
0.7005,0.850830078125,2.252197265625,-3.473388671875
0.701,1.451416015625,1.771728515625,-3.633544921875
0.7015,1.971923828125,1.291259765625,-3.673583984375
0.702,2.412353515625,0.930908203125,-3.713623046875
0.7025,2.612548828125,0.330322265625,-3.353271484375
0.703,2.812744140625,-0.310302734375,-2.912841796875
0.7035,2.892822265625,-1.231201171875,-2.312255859375
0.704,3.052978515625,-1.751708984375,-1.871826171875
0.7045,3.052978515625,-2.232177734375,-1.391357421875
0.705,3.052978515625,-2.632568359375,-0.910888671875
0.7055,2.652587890625,-2.872802734375,-0.310302734375
0.706,2.052001953125,-3.072998046875,0.570556640625
0.7065,1.491455078125,-3.233154296875,1.291259765625
0.707,0.970947265625,-3.273193359375,1.851806640625
0.7075,0.610595703125,-3.353271484375,2.252197265625
0.708,0.010009765625,-3.072998046875,2.572509765625
0.7085,-0.710693359375,-2.632568359375,2.852783203125
0.709,-1.551513671875,-2.031982421875,3.052978515625
0.7095,-1.991943359375,-1.591552734375,3.093017578125
0.71,-2.432373046875,-1.151123046875,3.052978515625
0.7105,-2.752685546875,-0.750732421875,3.012939453125
0.711,-2.872802734375,-0.190185546875,2.572509765625
0.7115,-3.072998046875,0.410400390625,1.971923828125
0.712,-3.193115234375,1.131103515625,1.531494140625
0.7125,-3.193115234375,1.731689453125,0.930908203125
0.713,-3.193115234375,2.172119140625,0.610595703125
0.7135,-2.992919921875,2.492431640625,0.090087890625
0.714,-2.592529296875,2.692626953125,-0.550537109375
0.7145,-1.951904296875,2.932861328125,-1.351318359375
0.715,-1.471435546875,3.012939453125,-1.951904296875
0.7155,-0.990966796875,3.093017578125,-2.472412109375
0.716,-0.630615234375,3.173095703125,-2.912841796875
0.7165,0.010009765625,2.812744140625,-3.153076171875
0.717,0.650634765625,2.372314453125,-3.393310546875
0.7175,1.411376953125,1.851806640625,-3.593505859375
0.718,1.891845703125,1.371337890625,-3.593505859375
0.7185,2.292236328125,0.970947265625,-3.633544921875
0.719,2.612548828125,0.490478515625,-3.553466796875
0.7195,2.812744140625,-0.070068359375,-3.153076171875
0.72,2.932861328125,-0.870849609375,-2.592529296875
0.7205,3.213134765625,-1.431396484375,-2.192138671875
0.721,3.133056640625,-2.072021484375,-1.551513671875
0.7215,3.173095703125,-2.552490234375,-1.111083984375
0.722,2.812744140625,-2.792724609375,-0.510498046875
0.7225,2.372314453125,-3.072998046875,0.250244140625
0.723,1.731689453125,-3.273193359375,1.091064453125
0.7235,1.211181640625,-3.313232421875,1.651611328125
0.724,0.730712890625,-3.353271484375,2.172119140625
0.7245,0.290283203125,-3.353271484375,2.572509765625
0.725,-0.430419921875,-2.912841796875,2.852783203125
0.7255,-1.271240234375,-2.352294921875,3.093017578125
0.726,-1.951904296875,-1.791748046875,3.213134765625
0.7265,-2.432373046875,-1.311279296875,3.173095703125
0.727,-2.752685546875,-0.910888671875,3.173095703125
0.7275,-2.992919921875,-0.430419921875,2.812744140625
0.728,-3.113037109375,0.330322265625,2.252197265625
0.7285,-3.353271484375,1.171142578125,1.731689453125
0.729,-3.273193359375,1.731689453125,1.131103515625
0.7295,-3.273193359375,2.252197265625,0.610595703125
0.73,-3.193115234375,2.572509765625,0.210205078125
0.7305,-2.672607421875,2.732666015625,-0.510498046875
0.731,-2.072021484375,2.972900390625,-1.271240234375
0.7315,-1.471435546875,3.133056640625,-2.072021484375
0.732,-1.031005859375,3.133056640625,-2.512451171875
0.7325,-0.590576171875,3.133056640625,-2.912841796875
0.733,-0.110107421875,2.892822265625,-3.193115234375
0.7335,0.650634765625,2.372314453125,-3.393310546875
0.734,1.411376953125,1.811767578125,-3.593505859375
0.7345,1.931884765625,1.331298828125,-3.633544921875
0.735,2.372314453125,0.930908203125,-3.673583984375
0.7355,2.652587890625,0.490478515625,-3.553466796875
0.736,2.772705078125,-0.110107421875,-3.153076171875
0.7365,2.892822265625,-0.790771484375,-2.712646484375
0.737,3.052978515625,-1.471435546875,-2.031982421875
0.7375,3.052978515625,-1.951904296875,-1.591552734375
0.738,3.052978515625,-2.432373046875,-1.151123046875
0.7385,2.932861328125,-2.792724609375,-0.670654296875
0.739,2.452392578125,-2.952880859375,0.010009765625
0.7395,1.931884765625,-3.193115234375,0.810791015625
0.74,1.291259765625,-3.273193359375,1.451416015625
0.7405,0.890869140625,-3.353271484375,2.011962890625
0.741,0.450439453125,-3.353271484375,2.412353515625
0.7415,-0.150146484375,-3.072998046875,2.692626953125
0.742,-0.910888671875,-2.592529296875,2.972900390625
0.7425,-1.671630859375,-2.031982421875,3.213134765625
0.743,-2.192138671875,-1.551513671875,3.173095703125
0.7435,-2.712646484375,-1.151123046875,3.253173828125
0.744,-2.952880859375,-0.670654296875,3.093017578125
0.7445,-3.072998046875,0.010009765625,2.532470703125
0.745,-3.273193359375,0.810791015625,2.052001953125
0.7455,-3.393310546875,1.571533203125,1.411376953125
0.746,-3.393310546875,2.052001953125,0.890869140625
0.7465,-3.353271484375,2.532470703125,0.410400390625
0.747,-3.032958984375,2.812744140625,-0.190185546875
0.7475,-2.392333984375,3.012939453125,-1.031005859375
0.748,-1.791748046875,3.213134765625,-1.911865234375
0.7485,-1.151123046875,3.173095703125,-2.472412109375
0.749,-0.750732421875,3.293212890625,-2.952880859375
0.7495,-0.230224609375,3.133056640625,-3.233154296875
0.75,0.490478515625,2.612548828125,-3.513427734375
0.7505,1.331298828125,2.011962890625,-3.753662109375
0.751,2.052001953125,1.411376953125,-3.833740234375
0.7515,2.412353515625,0.890869140625,-3.753662109375
0.752,2.772705078125,0.450439453125,-3.673583984375
0.7525,2.892822265625,0.010009765625,-3.353271484375
0.753,2.972900390625,-0.790771484375,-2.672607421875
0.7535,3.133056640625,-1.511474609375,-2.112060546875
0.754,3.173095703125,-2.112060546875,-1.551513671875
0.7545,3.133056640625,-2.592529296875,-1.111083984375
0.755,2.972900390625,-2.872802734375,-0.630615234375
0.7555,2.532470703125,-3.032958984375,0.010009765625
0.756,1.931884765625,-3.233154296875,0.810791015625
0.7565,1.251220703125,-3.353271484375,1.611572265625
0.757,0.730712890625,-3.313232421875,2.092041015625
0.7575,0.370361328125,-3.393310546875,2.532470703125
0.758,-0.150146484375,-3.153076171875,2.812744140625
0.7585,-0.910888671875,-2.592529296875,2.932861328125
0.759,-1.631591796875,-2.072021484375,3.173095703125
0.7595,-2.272216796875,-1.511474609375,3.213134765625
0.76,-2.672607421875,-1.111083984375,3.213134765625
0.7605,-2.952880859375,-0.670654296875,3.052978515625
0.761,-3.113037109375,-0.150146484375,2.732666015625
0.7615,-3.233154296875,0.650634765625,2.132080078125
0.762,-3.353271484375,1.411376953125,1.531494140625
0.7625,-3.313232421875,1.931884765625,0.970947265625
0.763,-3.353271484375,2.492431640625,0.490478515625
0.7635,-3.153076171875,2.772705078125,0.010009765625
0.764,-2.632568359375,2.932861328125,-0.710693359375
0.7645,-2.072021484375,3.173095703125,-1.551513671875
0.765,-1.351318359375,3.253173828125,-2.312255859375
0.7655,-0.910888671875,3.253173828125,-2.752685546875
0.766,-0.470458984375,3.253173828125,-3.193115234375
0.7665,0.170166015625,2.932861328125,-3.473388671875
0.767,1.051025390625,2.252197265625,-3.673583984375
0.7675,1.771728515625,1.651611328125,-3.873779296875
0.768,2.292236328125,1.131103515625,-3.833740234375
0.7685,2.692626953125,0.690673828125,-3.873779296875
0.769,2.852783203125,0.250244140625,-3.553466796875
0.7695,3.012939453125,-0.390380859375,-3.072998046875
0.77,3.173095703125,-1.231201171875,-2.432373046875
0.7705,3.213134765625,-1.951904296875,-1.791748046875
0.771,3.173095703125,-2.392333984375,-1.271240234375
0.7715,3.173095703125,-2.872802734375,-0.790771484375
0.772,2.812744140625,-3.072998046875,-0.230224609375
0.7725,2.092041015625,-3.193115234375,0.610595703125
0.773,1.531494140625,-3.393310546875,1.411376953125
0.7735,0.890869140625,-3.393310546875,2.011962890625
0.774,0.490478515625,-3.393310546875,2.412353515625
0.7745,0.010009765625,-3.193115234375,2.732666015625
0.775,-0.670654296875,-2.832763671875,2.972900390625
0.7755,-1.551513671875,-2.192138671875,3.173095703125
0.776,-2.152099609375,-1.631591796875,3.213134765625
0.7765,-2.592529296875,-1.151123046875,3.133056640625
0.777,-2.952880859375,-0.710693359375,3.173095703125
0.7775,-3.072998046875,-0.230224609375,2.812744140625
0.778,-3.153076171875,0.490478515625,2.212158203125
0.7785,-3.313232421875,1.211181640625,1.691650390625
0.779,-3.353271484375,1.891845703125,1.051025390625
0.7795,-3.273193359375,2.252197265625,0.610595703125
0.78,-3.193115234375,2.692626953125,0.130126953125
0.7805,-2.832763671875,2.852783203125,-0.470458984375
0.781,-2.112060546875,3.012939453125,-1.311279296875
0.7815,-1.551513671875,3.173095703125,-2.031982421875
0.782,-0.990966796875,3.173095703125,-2.592529296875
0.7825,-0.630615234375,3.253173828125,-3.072998046875
0.783,-0.070068359375,2.932861328125,-3.273193359375
0.7835,0.610595703125,2.452392578125,-3.553466796875
0.784,1.411376953125,1.931884765625,-3.753662109375
0.7845,1.971923828125,1.291259765625,-3.793701171875
0.785,2.372314453125,0.970947265625,-3.713623046875
0.7855,2.772705078125,0.490478515625,-3.673583984375
0.786,2.892822265625,0.010009765625,-3.273193359375
0.7865,2.972900390625,-0.790771484375,-2.632568359375
0.787,3.173095703125,-1.471435546875,-2.152099609375
0.7875,3.173095703125,-2.112060546875,-1.551513671875
0.788,3.173095703125,-2.552490234375,-1.151123046875
0.7885,2.932861328125,-2.872802734375,-0.590576171875
0.789,2.532470703125,-3.072998046875,0.090087890625
0.7895,1.851806640625,-3.273193359375,0.970947265625
0.79,1.251220703125,-3.353271484375,1.611572265625
0.7905,0.770751953125,-3.353271484375,2.092041015625
0.791,0.370361328125,-3.433349609375,2.572509765625
0.7915,-0.310302734375,-3.072998046875,2.812744140625
0.792,-1.111083984375,-2.512451171875,2.972900390625
0.7925,-1.791748046875,-1.991943359375,3.173095703125
0.793,-2.352294921875,-1.391357421875,3.213134765625
0.7935,-2.672607421875,-1.031005859375,3.173095703125
0.794,-2.952880859375,-0.510498046875,2.972900390625
0.7945,-3.153076171875,0.050048828125,2.572509765625
0.795,-3.193115234375,0.890869140625,1.891845703125
0.7955,-3.313232421875,1.531494140625,1.331298828125
0.796,-3.273193359375,2.052001953125,0.770751953125
0.7965,-3.273193359375,2.532470703125,0.370361328125
0.797,-2.872802734375,2.692626953125,-0.230224609375
0.7975,-2.392333984375,2.892822265625,-0.950927734375
0.798,-1.791748046875,3.133056640625,-1.791748046875
0.7985,-1.231201171875,3.133056640625,-2.352294921875
0.799,-0.790771484375,3.133056640625,-2.752685546875
0.7995,-0.350341796875,3.052978515625,-3.153076171875
0.8,0.330322265625,2.692626953125,-3.353271484375
0.8005,1.131103515625,2.011962890625,-3.593505859375
0.801,1.771728515625,1.571533203125,-3.713623046875
0.8015,2.252197265625,1.091064453125,-3.713623046875
0.802,2.572509765625,0.730712890625,-3.713623046875
0.8025,2.732666015625,0.170166015625,-3.353271484375
0.803,2.892822265625,-0.470458984375,-2.912841796875
0.8035,3.052978515625,-1.231201171875,-2.272216796875
0.804,3.093017578125,-1.791748046875,-1.791748046875
0.8045,3.093017578125,-2.272216796875,-1.271240234375
0.805,3.093017578125,-2.752685546875,-0.830810546875
0.8055,2.652587890625,-2.912841796875,-0.270263671875
0.806,2.052001953125,-3.113037109375,0.570556640625
0.8065,1.531494140625,-3.273193359375,1.291259765625
0.807,0.970947265625,-3.353271484375,1.931884765625
0.8075,0.570556640625,-3.393310546875,2.292236328125
0.808,0.050048828125,-3.233154296875,2.652587890625
0.8085,-0.670654296875,-2.832763671875,2.892822265625
0.809,-1.511474609375,-2.152099609375,3.133056640625
0.8095,-2.072021484375,-1.671630859375,3.173095703125
0.81,-2.512451171875,-1.151123046875,3.173095703125
0.8105,-2.872802734375,-0.790771484375,3.173095703125
0.811,-3.032958984375,-0.190185546875,2.692626953125
0.8115,-3.153076171875,0.530517578125,2.172119140625
0.812,-3.353271484375,1.291259765625,1.611572265625
0.8125,-3.313232421875,1.891845703125,1.051025390625
0.813,-3.273193359375,2.292236328125,0.610595703125
0.8135,-3.153076171875,2.692626953125,0.050048828125
0.814,-2.632568359375,2.852783203125,-0.630615234375
0.8145,-1.991943359375,3.052978515625,-1.511474609375
0.815,-1.431396484375,3.173095703125,-2.152099609375
0.8155,-0.950927734375,3.173095703125,-2.712646484375
0.816,-0.510498046875,3.173095703125,-3.113037109375
0.8165,0.130126953125,2.772705078125,-3.353271484375
0.817,0.890869140625,2.292236328125,-3.553466796875
0.8175,1.651611328125,1.651611328125,-3.713623046875
0.818,2.092041015625,1.211181640625,-3.713623046875
0.8185,2.492431640625,0.770751953125,-3.673583984375
0.819,2.772705078125,0.370361328125,-3.513427734375
0.8195,2.852783203125,-0.270263671875,-3.032958984375
0.82,2.972900390625,-0.990966796875,-2.432373046875
0.8205,3.093017578125,-1.631591796875,-1.951904296875
0.821,3.052978515625,-2.152099609375,-1.391357421875
0.8215,3.052978515625,-2.552490234375,-0.990966796875
0.822,2.732666015625,-2.832763671875,-0.430419921875
0.8225,2.292236328125,-3.032958984375,0.290283203125
0.823,1.611572265625,-3.193115234375,1.091064453125
0.8235,1.131103515625,-3.273193359375,1.571533203125
0.824,0.650634765625,-3.353271484375,2.092041015625
0.8245,0.290283203125,-3.353271484375,2.492431640625
0.825,-0.350341796875,-2.912841796875,2.732666015625
0.8255,-1.111083984375,-2.432373046875,3.012939453125
0.826,-1.791748046875,-1.871826171875,3.133056640625
0.8265,-2.272216796875,-1.391357421875,3.133056640625
0.827,-2.632568359375,-0.990966796875,3.173095703125
0.8275,-2.912841796875,-0.510498046875,2.892822265625
0.828,-3.072998046875,0.130126953125,2.492431640625
0.8285,-3.193115234375,0.890869140625,1.891845703125
0.829,-3.313232421875,1.531494140625,1.371337890625
0.8295,-3.313232421875,2.092041015625,0.810791015625
0.83,-3.273193359375,2.492431640625,0.370361328125
0.8305,-2.872802734375,2.692626953125,-0.270263671875
0.831,-2.352294921875,2.972900390625,-0.990966796875
0.8315,-1.711669921875,3.133056640625,-1.871826171875
0.832,-1.231201171875,3.133056640625,-2.392333984375
0.8325,-0.750732421875,3.173095703125,-2.872802734375
0.833,-0.310302734375,3.052978515625,-3.193115234375
0.8335,0.490478515625,2.532470703125,-3.393310546875
0.834,1.291259765625,1.971923828125,-3.673583984375
0.8345,1.891845703125,1.451416015625,-3.713623046875
0.835,2.332275390625,1.010986328125,-3.713623046875
0.8355,2.612548828125,0.610595703125,-3.593505859375
0.836,2.772705078125,0.050048828125,-3.193115234375
0.8365,2.932861328125,-0.670654296875,-2.712646484375
0.837,3.052978515625,-1.431396484375,-2.072021484375
0.8375,3.052978515625,-1.951904296875,-1.591552734375
0.838,3.052978515625,-2.432373046875,-1.151123046875
0.8385,2.932861328125,-2.752685546875,-0.670654296875
0.839,2.412353515625,-2.912841796875,0.010009765625
0.8395,1.891845703125,-3.193115234375,0.770751953125
0.84,1.251220703125,-3.273193359375,1.451416015625
0.8405,0.810791015625,-3.353271484375,1.931884765625
0.841,0.450439453125,-3.233154296875,2.372314453125
0.8415,-0.110107421875,-3.032958984375,2.612548828125
0.842,-0.830810546875,-2.552490234375,2.852783203125
0.8425,-1.591552734375,-1.991943359375,3.052978515625
0.843,-2.031982421875,-1.551513671875,3.052978515625
0.8435,-2.512451171875,-1.111083984375,3.133056640625
0.844,-2.832763671875,-0.710693359375,3.012939453125
0.8445,-2.912841796875,-0.150146484375,2.572509765625
0.845,-3.113037109375,0.570556640625,2.092041015625
0.8455,-3.233154296875,1.291259765625,1.571533203125
0.846,-3.233154296875,1.771728515625,1.010986328125
0.8465,-3.273193359375,2.252197265625,0.570556640625
0.847,-3.032958984375,2.572509765625,0.050048828125
0.8475,-2.552490234375,2.772705078125,-0.670654296875
0.848,-1.951904296875,3.012939453125,-1.471435546875
0.8485,-1.431396484375,3.052978515625,-2.112060546875
0.849,-0.990966796875,3.213134765625,-2.632568359375
0.8495,-0.510498046875,3.173095703125,-3.032958984375
0.85,0.090087890625,2.812744140625,-3.273193359375
0.8505,0.850830078125,2.332275390625,-3.553466796875
0.851,1.611572265625,1.691650390625,-3.713623046875
0.8515,2.052001953125,1.291259765625,-3.713623046875
0.852,2.492431640625,0.810791015625,-3.713623046875
0.8525,2.692626953125,0.370361328125,-3.473388671875
0.853,2.852783203125,-0.350341796875,-2.912841796875
0.8535,3.012939453125,-1.071044921875,-2.432373046875
0.854,3.093017578125,-1.711669921875,-1.871826171875
0.8545,3.093017578125,-2.232177734375,-1.351318359375
0.855,3.052978515625,-2.592529296875,-0.910888671875
0.8555,2.652587890625,-2.872802734375,-0.350341796875
0.856,2.092041015625,-3.113037109375,0.450439453125
0.8565,1.491455078125,-3.273193359375,1.211181640625
0.857,1.010986328125,-3.233154296875,1.731689453125
0.8575,0.610595703125,-3.313232421875,2.212158203125
0.858,0.130126953125,-3.153076171875,2.532470703125
0.8585,-0.550537109375,-2.712646484375,2.692626953125
0.859,-1.311279296875,-2.232177734375,2.972900390625
0.8595,-1.951904296875,-1.671630859375,3.052978515625
0.86,-2.312255859375,-1.271240234375,3.052978515625
0.8605,-2.632568359375,-0.870849609375,3.012939453125
0.861,-2.872802734375,-0.390380859375,2.692626953125
0.8615,-2.952880859375,0.290283203125,2.212158203125
0.862,-3.113037109375,0.970947265625,1.691650390625
0.8625,-3.153076171875,1.531494140625,1.251220703125
0.863,-3.193115234375,2.052001953125,0.730712890625
0.8635,-3.113037109375,2.332275390625,0.290283203125
0.864,-2.672607421875,2.572509765625,-0.350341796875
0.8645,-2.272216796875,2.812744140625,-1.071044921875
0.865,-1.631591796875,2.972900390625,-1.791748046875
0.8655,-1.231201171875,3.052978515625,-2.272216796875
0.866,-0.790771484375,3.133056640625,-2.752685546875
0.8665,-0.270263671875,2.932861328125,-3.072998046875
0.867,0.450439453125,2.492431640625,-3.273193359375
0.8675,1.131103515625,2.011962890625,-3.553466796875
0.868,1.691650390625,1.531494140625,-3.593505859375
0.8685,2.172119140625,1.131103515625,-3.673583984375
0.869,2.492431640625,0.690673828125,-3.553466796875
0.8695,2.692626953125,0.130126953125,-3.193115234375
0.87,2.852783203125,-0.590576171875,-2.752685546875
0.8705,3.052978515625,-1.311279296875,-2.192138671875
0.871,3.052978515625,-1.791748046875,-1.711669921875
0.8715,3.133056640625,-2.432373046875,-1.231201171875
0.872,2.892822265625,-2.752685546875,-0.750732421875
0.8725,2.372314453125,-2.952880859375,0.010009765625
0.873,1.931884765625,-3.193115234375,0.770751953125
0.8735,1.291259765625,-3.233154296875,1.451416015625
0.874,0.890869140625,-3.353271484375,1.931884765625
0.8745,0.450439453125,-3.273193359375,2.332275390625
0.875,-0.190185546875,-2.992919921875,2.652587890625
0.8755,-0.990966796875,-2.432373046875,2.892822265625
0.876,-1.631591796875,-1.951904296875,3.052978515625
0.8765,-2.112060546875,-1.471435546875,3.052978515625
0.877,-2.552490234375,-1.071044921875,3.133056640625
0.8775,-2.752685546875,-0.630615234375,2.852783203125
0.878,-2.872802734375,0.050048828125,2.332275390625
0.8785,-3.113037109375,0.730712890625,1.931884765625
0.879,-3.193115234375,1.411376953125,1.331298828125
0.8795,-3.193115234375,1.851806640625,0.890869140625
0.88,-3.153076171875,2.252197265625,0.410400390625
0.8805,-2.872802734375,2.492431640625,-0.150146484375
0.881,-2.272216796875,2.732666015625,-0.870849609375
0.8815,-1.791748046875,2.932861328125,-1.591552734375
0.882,-1.271240234375,3.012939453125,-2.152099609375
0.8825,-0.910888671875,3.133056640625,-2.632568359375
0.883,-0.390380859375,2.932861328125,-2.952880859375
0.8835,0.250244140625,2.572509765625,-3.193115234375
0.884,0.970947265625,2.132080078125,-3.473388671875
0.8845,1.571533203125,1.571533203125,-3.553466796875
0.885,1.971923828125,1.211181640625,-3.593505859375
0.8855,2.412353515625,0.770751953125,-3.553466796875
0.886,2.612548828125,0.330322265625,-3.313232421875
0.8865,2.732666015625,-0.390380859375,-2.832763671875
0.887,2.972900390625,-1.031005859375,-2.352294921875
0.8875,3.052978515625,-1.671630859375,-1.871826171875
0.888,3.093017578125,-2.232177734375,-1.391357421875
0.8885,2.932861328125,-2.592529296875,-0.910888671875
0.889,2.612548828125,-2.832763671875,-0.310302734375
0.8895,2.092041015625,-3.072998046875,0.490478515625
0.89,1.531494140625,-3.193115234375,1.211181640625
0.8905,1.051025390625,-3.273193359375,1.731689453125
0.891,0.610595703125,-3.353271484375,2.252197265625
0.8915,0.090087890625,-3.113037109375,2.532470703125
0.892,-0.630615234375,-2.632568359375,2.772705078125
0.8925,-1.351318359375,-2.192138671875,3.052978515625
0.893,-1.991943359375,-1.631591796875,3.133056640625
0.8935,-2.392333984375,-1.271240234375,3.173095703125
0.894,-2.752685546875,-0.790771484375,3.012939453125
0.8945,-2.952880859375,-0.270263671875,2.692626953125
0.895,-3.153076171875,0.570556640625,2.092041015625
0.8955,-3.233154296875,1.211181640625,1.571533203125
0.896,-3.273193359375,1.771728515625,1.010986328125
0.8965,-3.353271484375,2.292236328125,0.570556640625
0.897,-2.992919921875,2.572509765625,0.010009765625
0.8975,-2.472412109375,2.812744140625,-0.710693359375
0.898,-1.951904296875,3.052978515625,-1.551513671875
0.8985,-1.351318359375,3.133056640625,-2.192138671875
0.899,-0.910888671875,3.133056640625,-2.632568359375
0.8995,-0.470458984375,3.093017578125,-3.072998046875
0.9,0.210205078125,2.732666015625,-3.313232421875
0.9005,1.010986328125,2.092041015625,-3.513427734375
0.901,1.651611328125,1.611572265625,-3.673583984375
0.9015,2.092041015625,1.131103515625,-3.593505859375
0.902,2.492431640625,0.770751953125,-3.633544921875
0.9025,2.652587890625,0.290283203125,-3.273193359375
0.903,2.812744140625,-0.350341796875,-2.872802734375
0.9035,2.932861328125,-1.151123046875,-2.312255859375
0.904,3.012939453125,-1.751708984375,-1.791748046875
0.9045,2.972900390625,-2.192138671875,-1.391357421875
0.905,3.012939453125,-2.592529296875,-0.910888671875
0.9055,2.612548828125,-2.792724609375,-0.350341796875
0.906,2.092041015625,-2.952880859375,0.410400390625
0.9065,1.571533203125,-3.193115234375,1.131103515625
0.907,1.051025390625,-3.193115234375,1.691650390625
0.9075,0.650634765625,-3.313232421875,2.132080078125
0.908,0.170166015625,-3.153076171875,2.492431640625
0.9085,-0.470458984375,-2.832763671875,2.732666015625
0.909,-1.271240234375,-2.272216796875,2.972900390625
0.9095,-1.791748046875,-1.791748046875,3.052978515625
0.91,-2.272216796875,-1.311279296875,3.093017578125
0.9105,-2.712646484375,-0.990966796875,3.133056640625
0.911,-2.872802734375,-0.430419921875,2.812744140625
0.9115,-3.032958984375,0.250244140625,2.252197265625
0.912,-3.233154296875,0.930908203125,1.771728515625
0.9125,-3.273193359375,1.571533203125,1.211181640625
0.913,-3.313232421875,2.092041015625,0.770751953125
0.9135,-3.193115234375,2.532470703125,0.250244140625
0.914,-2.832763671875,2.772705078125,-0.350341796875
0.9145,-2.152099609375,2.972900390625,-1.271240234375
0.915,-1.591552734375,3.133056640625,-1.951904296875
0.9155,-1.151123046875,3.173095703125,-2.512451171875
0.916,-0.670654296875,3.253173828125,-2.992919921875
0.9165,-0.070068359375,2.892822265625,-3.193115234375
0.917,0.690673828125,2.412353515625,-3.513427734375
0.9175,1.531494140625,1.851806640625,-3.713623046875
0.918,2.052001953125,1.291259765625,-3.753662109375
0.9185,2.412353515625,0.890869140625,-3.713623046875
0.919,2.732666015625,0.450439453125,-3.593505859375
0.9195,2.892822265625,-0.230224609375,-3.153076171875
0.92,3.012939453125,-1.031005859375,-2.512451171875
0.9205,3.133056640625,-1.671630859375,-1.951904296875
0.921,3.133056640625,-2.192138671875,-1.391357421875
0.9215,3.133056640625,-2.632568359375,-0.990966796875
0.922,2.732666015625,-2.872802734375,-0.390380859375
0.9225,2.252197265625,-3.072998046875,0.330322265625
0.923,1.571533203125,-3.233154296875,1.211181640625
0.9235,1.051025390625,-3.233154296875,1.731689453125
0.924,0.610595703125,-3.273193359375,2.212158203125
0.9245,0.250244140625,-3.273193359375,2.572509765625
0.925,-0.470458984375,-2.872802734375,2.812744140625
0.9255,-1.231201171875,-2.272216796875,2.972900390625
0.926,-1.871826171875,-1.791748046875,3.093017578125
0.9265,-2.312255859375,-1.271240234375,3.093017578125
0.927,-2.632568359375,-0.950927734375,3.093017578125
0.9275,-2.912841796875,-0.470458984375,2.812744140625
0.928,-3.072998046875,0.130126953125,2.412353515625
0.9285,-3.193115234375,0.890869140625,1.771728515625
0.929,-3.233154296875,1.531494140625,1.291259765625
0.9295,-3.233154296875,2.052001953125,0.770751953125
0.93,-3.273193359375,2.532470703125,0.330322265625
0.9305,-2.872802734375,2.692626953125,-0.270263671875
0.931,-2.312255859375,2.932861328125,-0.990966796875
0.9315,-1.751708984375,3.133056640625,-1.791748046875
0.932,-1.231201171875,3.173095703125,-2.392333984375
0.9325,-0.790771484375,3.173095703125,-2.832763671875
0.933,-0.310302734375,3.133056640625,-3.193115234375
0.9335,0.450439453125,2.692626953125,-3.473388671875
0.934,1.251220703125,2.052001953125,-3.673583984375
0.9345,1.891845703125,1.531494140625,-3.793701171875
0.935,2.372314453125,1.051025390625,-3.793701171875
0.9355,2.732666015625,0.610595703125,-3.793701171875
0.936,2.852783203125,0.010009765625,-3.313232421875
0.9365,3.012939453125,-0.750732421875,-2.832763671875
0.937,3.173095703125,-1.551513671875,-2.112060546875
0.9375,3.173095703125,-2.072021484375,-1.591552734375
0.938,3.173095703125,-2.552490234375,-1.111083984375
0.9385,3.093017578125,-2.952880859375,-0.630615234375
0.939,2.492431640625,-3.072998046875,0.130126953125
0.9395,1.851806640625,-3.273193359375,0.970947265625
0.94,1.211181640625,-3.353271484375,1.691650390625
0.9405,0.730712890625,-3.393310546875,2.212158203125
0.941,0.290283203125,-3.393310546875,2.572509765625
0.9415,-0.310302734375,-3.032958984375,2.852783203125
0.942,-1.151123046875,-2.472412109375,3.093017578125
0.9425,-1.951904296875,-1.831787109375,3.253173828125
0.943,-2.392333984375,-1.311279296875,3.213134765625
0.9435,-2.832763671875,-0.950927734375,3.173095703125
0.944,-3.072998046875,-0.510498046875,3.052978515625
0.9445,-3.153076171875,0.130126953125,2.492431640625
0.945,-3.273193359375,0.970947265625,1.931884765625
0.9455,-3.353271484375,1.691650390625,1.291259765625
0.946,-3.273193359375,2.172119140625,0.730712890625
0.9465,-3.273193359375,2.572509765625,0.290283203125
0.947,-2.952880859375,2.812744140625,-0.270263671875
0.9475,-2.392333984375,3.012939453125,-1.031005859375
0.948,-1.671630859375,3.173095703125,-1.911865234375
0.9485,-1.151123046875,3.173095703125,-2.472412109375
0.949,-0.670654296875,3.213134765625,-2.912841796875
0.9495,-0.270263671875,3.133056640625,-3.273193359375
0.95,0.370361328125,2.692626953125,-3.473388671875
0.9505,1.211181640625,2.132080078125,-3.713623046875
0.951,1.971923828125,1.491455078125,-3.833740234375
0.9515,2.332275390625,0.970947265625,-3.753662109375
0.952,2.732666015625,0.570556640625,-3.713623046875
0.9525,2.892822265625,0.090087890625,-3.513427734375
0.953,3.052978515625,-0.550537109375,-2.872802734375
0.9535,3.173095703125,-1.311279296875,-2.272216796875
0.954,3.213134765625,-1.951904296875,-1.751708984375
0.9545,3.213134765625,-2.472412109375,-1.191162109375
0.955,3.133056640625,-2.872802734375,-0.750732421875
0.9555,2.732666015625,-3.072998046875,-0.150146484375
0.956,2.132080078125,-3.273193359375,0.650634765625
0.9565,1.411376953125,-3.433349609375,1.531494140625
0.957,0.930908203125,-3.393310546875,2.011962890625
0.9575,0.490478515625,-3.473388671875,2.492431640625
0.958,0.010009765625,-3.273193359375,2.812744140625
0.9585,-0.790771484375,-2.752685546875,3.012939453125
0.959,-1.591552734375,-2.192138671875,3.253173828125
0.9595,-2.272216796875,-1.591552734375,3.293212890625
0.96,-2.632568359375,-1.151123046875,3.253173828125
0.9605,-2.992919921875,-0.710693359375,3.133056640625
0.961,-3.153076171875,-0.150146484375,2.812744140625
0.9615,-3.233154296875,0.610595703125,2.172119140625
0.962,-3.353271484375,1.411376953125,1.531494140625
0.9625,-3.353271484375,1.931884765625,0.970947265625
0.963,-3.353271484375,2.452392578125,0.490478515625
0.9635,-3.193115234375,2.772705078125,0.010009765625
0.964,-2.672607421875,2.892822265625,-0.670654296875
0.9645,-2.072021484375,3.173095703125,-1.551513671875
0.965,-1.311279296875,3.213134765625,-2.272216796875
0.9655,-0.910888671875,3.213134765625,-2.712646484375
0.966,-0.470458984375,3.213134765625,-3.193115234375
0.9665,0.130126953125,2.932861328125,-3.433349609375
0.967,0.970947265625,2.252197265625,-3.593505859375
0.9675,1.691650390625,1.731689453125,-3.793701171875
0.968,2.212158203125,1.131103515625,-3.793701171875
0.9685,2.572509765625,0.690673828125,-3.793701171875
0.969,2.812744140625,0.330322265625,-3.553466796875
0.9695,2.972900390625,-0.270263671875,-3.113037109375
0.97,3.052978515625,-0.990966796875,-2.552490234375
0.9705,3.173095703125,-1.751708984375,-1.871826171875
0.971,3.093017578125,-2.192138671875,-1.391357421875
0.9715,3.133056640625,-2.712646484375,-0.910888671875
0.972,2.852783203125,-2.912841796875,-0.430419921875
0.9725,2.252197265625,-3.072998046875,0.330322265625
0.973,1.731689453125,-3.273193359375,1.091064453125
0.9735,1.091064453125,-3.313232421875,1.771728515625
0.974,0.650634765625,-3.353271484375,2.212158203125
0.9745,0.210205078125,-3.273193359375,2.572509765625
0.975,-0.350341796875,-2.992919921875,2.812744140625
0.9755,-1.151123046875,-2.432373046875,3.012939453125
0.976,-1.831787109375,-1.871826171875,3.173095703125
0.9765,-2.312255859375,-1.431396484375,3.133056640625
0.977,-2.712646484375,-0.990966796875,3.173095703125
0.9775,-2.912841796875,-0.510498046875,2.932861328125
0.978,-3.072998046875,0.130126953125,2.452392578125
0.9785,-3.273193359375,0.850830078125,1.931884765625
0.979,-3.353271484375,1.571533203125,1.291259765625
0.9795,-3.353271484375,2.052001953125,0.850830078125
0.98,-3.273193359375,2.532470703125,0.330322265625
0.9805,-2.992919921875,2.772705078125,-0.190185546875
0.981,-2.352294921875,2.932861328125,-1.031005859375
0.9815,-1.791748046875,3.173095703125,-1.791748046875
0.982,-1.191162109375,3.173095703125,-2.392333984375
0.9825,-0.790771484375,3.293212890625,-2.912841796875
0.983,-0.270263671875,3.052978515625,-3.193115234375
0.9835,0.450439453125,2.612548828125,-3.473388671875
0.984,1.291259765625,2.052001953125,-3.753662109375
0.9845,1.931884765625,1.411376953125,-3.833740234375
0.985,2.292236328125,1.051025390625,-3.713623046875
0.9855,2.732666015625,0.570556640625,-3.713623046875
0.986,2.892822265625,0.090087890625,-3.353271484375
0.9865,2.972900390625,-0.710693359375,-2.712646484375
0.987,3.173095703125,-1.431396484375,-2.192138671875
0.9875,3.173095703125,-2.072021484375,-1.591552734375
0.988,3.133056640625,-2.512451171875,-1.151123046875
0.9885,2.972900390625,-2.872802734375,-0.630615234375
0.989,2.532470703125,-3.072998046875,0.010009765625
0.9895,1.891845703125,-3.233154296875,0.890869140625
0.99,1.251220703125,-3.273193359375,1.571533203125
0.9905,0.770751953125,-3.313232421875,2.052001953125
0.991,0.370361328125,-3.393310546875,2.532470703125
0.9915,-0.270263671875,-3.072998046875,2.732666015625
0.992,-0.990966796875,-2.552490234375,2.892822265625
0.9925,-1.671630859375,-1.991943359375,3.173095703125
0.993,-2.272216796875,-1.431396484375,3.173095703125
0.9935,-2.552490234375,-1.071044921875,3.133056640625
0.994,-2.912841796875,-0.590576171875,2.972900390625
0.9945,-3.072998046875,-0.110107421875,2.652587890625
0.995,-3.153076171875,0.690673828125,2.011962890625
0.9955,-3.233154296875,1.331298828125,1.491455078125
0.996,-3.233154296875,1.891845703125,0.930908203125
0.9965,-3.273193359375,2.412353515625,0.530517578125
0.997,-2.992919921875,2.612548828125,0.010009765625
0.9975,-2.552490234375,2.852783203125,-0.710693359375
0.998,-1.951904296875,3.093017578125,-1.511474609375
0.9985,-1.351318359375,3.133056640625,-2.192138671875
0.999,-0.950927734375,3.173095703125,-2.632568359375
0.9995,-0.470458984375,3.133056640625,-3.113037109375
