wavelength,x,y,z
0.0,-3.0980224609375,-2.0570068359375,4.6295166015625
0.0005,-2.2572021484375,-3.0579833984375,4.7496337890625
0.001,-1.4163818359375,-3.7786865234375,4.5894775390625
0.0015,-0.4954833984375,-4.6595458984375,4.5093994140625
0.002,0.4654541015625,-4.8197021484375,3.7886962890625
0.0025,1.0660400390625,-5.2601318359375,3.6285400390625
0.003,2.4273681640625,-5.3802490234375,2.3472900390625
0.0035,3.0279541015625,-5.3802490234375,1.7867431640625
0.004,3.9888916015625,-5.2601318359375,0.7056884765625
0.0045,4.4693603515625,-4.8997802734375,-0.0550537109375
0.005,4.5494384765625,-4.2191162109375,-0.8157958984375
0.0055,4.7496337890625,-3.8187255859375,-1.4564208984375
0.006,4.7896728515625,-2.6575927734375,-2.6175537109375
0.0065,4.5494384765625,-1.9368896484375,-3.0579833984375
0.007,4.5494384765625,-0.8958740234375,-4.0989990234375
0.0075,3.7486572265625,0.1851806640625,-4.3392333984375
0.008,3.3883056640625,0.9459228515625,-4.6595458984375
0.0085,2.3873291015625,2.0670166015625,-4.8197021484375
0.009,1.5865478515625,2.9478759765625,-4.8597412109375
0.0095,0.6656494140625,3.6685791015625,-4.5794677734375
0.01,-0.2952880859375,4.4693603515625,-4.4593505859375
0.0105,-1.2161865234375,4.5093994140625,-3.6585693359375
0.011,-1.8968505859375,4.9898681640625,-3.3382568359375
0.0115,-3.2982177734375,5.0299072265625,-2.0570068359375
0.012,-3.8187255859375,4.8697509765625,-1.4163818359375
0.0125,-4.6995849609375,4.7095947265625,-0.3753662109375
0.013,-5.0599365234375,4.2291259765625,0.4254150390625
0.0135,-5.1400146484375,3.6685791015625,1.1060791015625
0.014,-5.2601318359375,2.9478759765625,1.9468994140625
0.0145,-5.3402099609375,1.9468994140625,2.9879150390625
0.015,-4.9398193359375,1.0260009765625,3.4683837890625
0.0155,-4.9398193359375,0.0650634765625,4.3892822265625
0.016,-3.9388427734375,-1.0960693359375,4.4693603515625
0.0165,-3.6585693359375,-1.8167724609375,4.8697509765625
0.017,-2.4173583984375,-3.0980224609375,4.8697509765625
0.0175,-1.6966552734375,-3.8187255859375,4.9498291015625
0.018,-0.6156005859375,-4.4993896484375,4.5093994140625
0.0185,0.2252197265625,-5.1400146484375,4.3092041015625
0.019,1.1060791015625,-5.1400146484375,3.4683837890625
0.0195,1.8668212890625,-5.4603271484375,3.0679931640625
0.02,3.1881103515625,-5.5404052734375,1.7867431640625
0.0205,3.6685791015625,-5.2601318359375,1.1060791015625
0.021,4.4293212890625,-5.0599365234375,0.1451416015625
0.0215,4.5894775390625,-4.4593505859375,-0.6556396484375
0.022,4.6695556640625,-3.9788818359375,-1.2562255859375
0.0225,4.6695556640625,-3.0579833984375,-2.1771240234375
0.023,4.7896728515625,-2.2171630859375,-3.0579833984375
0.0235,4.3492431640625,-1.2562255859375,-3.5384521484375
0.024,4.1490478515625,-0.3753662109375,-4.2191162109375
0.0245,3.2281494140625,0.7056884765625,-4.3792724609375
0.025,3.0279541015625,1.3062744140625,-4.7396240234375
0.0255,1.7867431640625,2.6275634765625,-4.7396240234375
0.026,1.2662353515625,3.2281494140625,-4.7396240234375
0.0265,0.1851806640625,3.9088134765625,-4.3392333984375
0.027,-0.6156005859375,4.4693603515625,-4.0989990234375
0.0275,-1.4564208984375,4.5093994140625,-3.3782958984375
0.028,-2.2972412109375,4.7896728515625,-2.8177490234375
0.0285,-3.5384521484375,4.9498291015625,-1.7366943359375
0.029,-3.9788818359375,4.5894775390625,-0.9759521484375
0.0295,-4.7396240234375,4.5093994140625,-0.1751708984375
0.03,-4.8197021484375,3.8287353515625,0.6256103515625
0.0305,-5.0599365234375,3.4683837890625,1.2261962890625
0.031,-5.0599365234375,2.4273681640625,2.2672119140625
0.0315,-5.1400146484375,1.6666259765625,3.0679931640625
0.032,-4.7396240234375,0.5455322265625,3.6685791015625
0.0325,-4.5394287109375,-0.2952880859375,4.3092041015625
0.033,-3.5784912109375,-1.3763427734375,4.4293212890625
0.0335,-3.2581787109375,-2.0169677734375,4.7496337890625
0.034,-2.0169677734375,-3.3382568359375,4.7896728515625
0.0345,-1.2962646484375,-3.8587646484375,4.5494384765625
0.035,-0.2952880859375,-4.4993896484375,4.2291259765625
0.0355,0.4654541015625,-4.8997802734375,3.8687744140625
0.036,1.2261962890625,-5.0198974609375,3.1881103515625
0.0365,2.1871337890625,-5.1800537109375,2.4273681640625
0.037,3.3082275390625,-5.3001708984375,1.4664306640625
0.0375,3.6285400390625,-4.7796630859375,0.6256103515625
0.038,4.2291259765625,-4.7396240234375,0.0250244140625
0.0385,4.1890869140625,-3.8587646484375,-0.8157958984375
0.039,4.3892822265625,-3.5384521484375,-1.2962646484375
0.0395,4.3492431640625,-2.4974365234375,-2.3372802734375
0.04,4.3092041015625,-1.9368896484375,-2.9378662109375
0.0405,3.8687744140625,-0.8157958984375,-3.5384521484375
0.041,3.6685791015625,-0.0550537109375,-3.8988037109375
0.0415,2.8277587890625,0.8258056640625,-4.0189208984375
0.042,2.4674072265625,1.4664306640625,-4.2991943359375
0.0425,1.5465087890625,2.5875244140625,-4.4593505859375
0.043,0.8658447265625,2.9879150390625,-4.1390380859375
0.0435,0.1051025390625,3.7086181640625,-4.0589599609375
0.044,-0.6956787109375,3.8687744140625,-3.4984130859375
0.0445,-1.3363037109375,4.1890869140625,-3.1781005859375
0.045,-2.3773193359375,4.3492431640625,-2.2572021484375
0.0455,-3.1781005859375,4.5093994140625,-1.6165771484375
0.046,-3.6585693359375,4.0689697265625,-0.7757568359375
0.0465,-4.1790771484375,4.1490478515625,-0.2952880859375
0.047,-4.2991943359375,3.3482666015625,0.5455322265625
0.0475,-4.4993896484375,3.1080322265625,1.0660400390625
0.048,-4.6195068359375,2.0670166015625,2.0670166015625
0.0485,-4.5394287109375,1.4664306640625,2.5875244140625
0.049,-4.3392333984375,0.4654541015625,3.3883056640625
0.0495,-3.8988037109375,-0.2952880859375,3.7486572265625
0.05,-3.3382568359375,-1.2161865234375,4.0289306640625
0.0505,-2.7777099609375,-1.9769287109375,4.1890869140625
0.051,-1.9769287109375,-3.0179443359375,4.4293212890625
0.0515,-1.1761474609375,-3.4583740234375,3.9888916015625
0.052,-0.5755615234375,-4.1390380859375,4.0689697265625
0.0525,0.3453369140625,-4.2991943359375,3.3482666015625
0.053,1.0260009765625,-4.6195068359375,3.0679931640625
0.0535,2.1470947265625,-4.7796630859375,2.0670166015625
0.054,2.8677978515625,-4.8197021484375,1.4263916015625
0.0545,3.2681884765625,-4.4193115234375,0.6256103515625
0.055,3.6685791015625,-4.2991943359375,0.1451416015625
0.0555,3.7086181640625,-3.5784912109375,-0.6156005859375
0.056,3.8687744140625,-3.1781005859375,-1.2562255859375
0.0565,4.0289306640625,-2.3773193359375,-2.2171630859375
0.057,3.7086181640625,-1.6165771484375,-2.6175537109375
0.0575,3.6685791015625,-0.7757568359375,-3.2982177734375
0.058,3.0279541015625,0.0250244140625,-3.4583740234375
0.0585,2.7076416015625,0.7056884765625,-3.7786865234375
0.059,1.9869384765625,1.5865478515625,-3.8988037109375
0.0595,1.4263916015625,2.3472900390625,-4.0989990234375
0.06,0.6256103515625,2.7476806640625,-3.6986083984375
0.0605,0.1451416015625,3.3082275390625,-3.7386474609375
0.061,-0.7357177734375,3.4683837890625,-3.0579833984375
0.0615,-1.3763427734375,3.8287353515625,-2.7376708984375
0.062,-2.4173583984375,3.9888916015625,-1.8968505859375
0.0625,-2.8577880859375,3.9088134765625,-1.3763427734375
0.063,-3.4583740234375,3.8287353515625,-0.6956787109375
0.0635,-3.6986083984375,3.5484619140625,-0.2152099609375
0.064,-3.8988037109375,3.0679931640625,0.4654541015625
0.0645,-4.0189208984375,2.4674072265625,1.1060791015625
0.065,-4.3392333984375,1.9468994140625,1.9468994140625
0.0655,-3.9788818359375,1.1060791015625,2.4273681640625
0.066,-4.1390380859375,0.5054931640625,3.1881103515625
0.0665,-3.3382568359375,-0.4954833984375,3.3883056640625
0.067,-3.1781005859375,-1.1361083984375,3.8287353515625
0.0675,-2.3773193359375,-2.1370849609375,3.9488525390625
0.068,-1.8568115234375,-2.7376708984375,4.0289306640625
0.0685,-1.0560302734375,-3.3382568359375,3.7886962890625
0.069,-0.4954833984375,-3.8187255859375,3.7086181640625
0.0695,0.4254150390625,-4.0189208984375,3.0679931640625
0.07,1.1861572265625,-4.4193115234375,2.6676025390625
0.0705,2.2271728515625,-4.6195068359375,1.8668212890625
0.071,2.5875244140625,-4.3392333984375,1.1861572265625
0.0715,3.1881103515625,-4.3792724609375,0.6256103515625
0.072,3.2681884765625,-3.8187255859375,0.0250244140625
0.0725,3.5885009765625,-3.4984130859375,-0.6556396484375
0.073,3.6685791015625,-2.7376708984375,-1.4564208984375
0.0735,3.8687744140625,-2.1370849609375,-2.1771240234375
0.074,3.3883056640625,-1.2161865234375,-2.6575927734375
0.0745,3.3883056640625,-0.6156005859375,-3.1781005859375
0.075,2.6275634765625,0.3052978515625,-3.3382568359375
0.0755,2.4273681640625,0.9058837890625,-3.6986083984375
0.076,1.6265869140625,1.9068603515625,-3.8587646484375
0.0765,1.0260009765625,2.3072509765625,-3.6986083984375
0.077,0.4254150390625,2.9078369140625,-3.6185302734375
0.0775,-0.2552490234375,3.1881103515625,-3.2581787109375
0.078,-1.0159912109375,3.5084228515625,-2.8177490234375
0.0785,-1.8167724609375,3.7086181640625,-2.2572021484375
0.079,-2.6976318359375,3.9488525390625,-1.6165771484375
0.0795,-2.9779052734375,3.5484619140625,-0.9359130859375
0.08,-3.5384521484375,3.7086181640625,-0.6156005859375
0.0805,-3.5784912109375,3.0279541015625,0.1451416015625
0.081,-3.8988037109375,2.7877197265625,0.6656494140625
0.0815,-4.0189208984375,2.0269775390625,1.5865478515625
0.082,-4.0189208984375,1.5064697265625,2.1470947265625
0.0825,-3.8187255859375,0.5855712890625,2.7476806640625
0.083,-3.6585693359375,0.0250244140625,3.1881103515625
0.0835,-3.0579833984375,-0.9359130859375,3.4683837890625
0.084,-2.6976318359375,-1.6165771484375,3.7886962890625
0.0845,-1.9769287109375,-2.5775146484375,3.9888916015625
0.085,-1.2562255859375,-3.0179443359375,3.6685791015625
0.0855,-0.7357177734375,-3.6585693359375,3.7886962890625
0.086,0.1451416015625,-3.8587646484375,3.1881103515625
0.0865,0.8658447265625,-4.2191162109375,2.8277587890625
0.087,1.8267822265625,-4.4193115234375,2.0670166015625
0.0875,2.5474853515625,-4.4993896484375,1.4664306640625
0.088,2.9078369140625,-4.1390380859375,0.7056884765625
0.0885,3.2681884765625,-4.1790771484375,0.3453369140625
0.089,3.3883056640625,-3.4583740234375,-0.4954833984375
0.0895,3.6285400390625,-3.0579833984375,-1.0560302734375
0.09,3.8287353515625,-2.2572021484375,-2.0169677734375
0.0905,3.5484619140625,-1.4964599609375,-2.5374755859375
0.091,3.3883056640625,-0.6956787109375,-3.0980224609375
0.0915,2.9078369140625,0.0250244140625,-3.3382568359375
0.092,2.4674072265625,0.8258056640625,-3.6185302734375
0.0925,1.9468994140625,1.5865478515625,-3.8587646484375
0.093,1.2261962890625,2.4273681640625,-3.9788818359375
0.0935,0.4654541015625,2.7877197265625,-3.5384521484375
0.094,0.0250244140625,3.3482666015625,-3.5784912109375
0.0945,-1.0159912109375,3.5084228515625,-2.7777099609375
0.095,-1.6566162109375,3.8287353515625,-2.4573974609375
0.0955,-2.6175537109375,3.9488525390625,-1.6165771484375
0.096,-3.1380615234375,3.7886962890625,-1.0560302734375
0.0965,-3.5384521484375,3.5484619140625,-0.4554443359375
0.097,-3.7786865234375,3.2681884765625,0.0250244140625
0.0975,-3.9388427734375,2.7076416015625,0.8658447265625
0.098,-4.0589599609375,2.1871337890625,1.4664306640625
0.0985,-4.2991943359375,1.4664306640625,2.4273681640625
0.099,-3.7786865234375,0.5855712890625,2.7877197265625
0.0995,-3.8187255859375,-0.0950927734375,3.3883056640625
0.1,-3.0579833984375,-0.9759521484375,3.5484619140625
0.1005,-2.6976318359375,-1.6966552734375,3.8687744140625
0.101,-1.9368896484375,-2.5775146484375,3.9488525390625
0.1015,-1.2562255859375,-3.2581787109375,3.9088134765625
0.102,-0.5355224609375,-3.6185302734375,3.5484619140625
0.1025,0.0650634765625,-4.1390380859375,3.4683837890625
0.103,1.1461181640625,-4.2991943359375,2.5875244140625
0.1035,1.7867431640625,-4.5394287109375,2.2271728515625
0.104,2.7877197265625,-4.6595458984375,1.3463134765625
0.1045,3.1480712890625,-4.3792724609375,0.6656494140625
0.105,3.5484619140625,-4.2191162109375,0.1051025390625
0.1055,3.6685791015625,-3.6585693359375,-0.5755615234375
0.106,3.8687744140625,-3.0579833984375,-1.3363037109375
0.1065,3.8687744140625,-2.2972412109375,-2.0570068359375
0.107,4.0289306640625,-1.5765380859375,-2.8978271484375
0.1075,3.3482666015625,-0.5755615234375,-3.2181396484375
0.108,3.3482666015625,0.0650634765625,-3.7786865234375
0.1085,2.3873291015625,1.1060791015625,-3.8187255859375
0.109,1.9869384765625,1.7867431640625,-4.1390380859375
0.1095,1.1461181640625,2.6676025390625,-4.0989990234375
0.11,0.3453369140625,3.2681884765625,-3.8988037109375
0.1105,-0.3353271484375,3.5885009765625,-3.5384521484375
0.111,-1.1361083984375,3.9888916015625,-3.1781005859375
0.1115,-2.2572021484375,4.1490478515625,-2.2171630859375
0.112,-2.8177490234375,4.1090087890625,-1.7366943359375
0.1125,-3.6986083984375,4.1890869140625,-0.8958740234375
0.113,-3.8988037109375,3.6685791015625,-0.1751708984375
0.1135,-4.2591552734375,3.5885009765625,0.3052978515625
0.114,-4.3392333984375,2.7076416015625,1.2261962890625
0.1145,-4.4993896484375,2.1871337890625,1.9068603515625
0.115,-4.3392333984375,1.3062744140625,2.6275634765625
0.1155,-4.3392333984375,0.5855712890625,3.3482666015625
0.116,-3.6585693359375,-0.4954833984375,3.5885009765625
0.1165,-3.5384521484375,-1.0560302734375,4.0689697265625
0.117,-2.4173583984375,-2.2572021484375,4.1490478515625
0.1175,-2.0169677734375,-2.8577880859375,4.2291259765625
0.118,-1.0560302734375,-3.6986083984375,4.1490478515625
0.1185,-0.2952880859375,-4.1390380859375,3.8287353515625
0.119,0.3853759765625,-4.4193115234375,3.5084228515625
0.1195,1.3463134765625,-4.7396240234375,2.8277587890625
0.12,2.3873291015625,-4.9398193359375,1.9468994140625
0.1205,2.9478759765625,-4.8197021484375,1.2662353515625
0.121,3.7086181640625,-4.8597412109375,0.5054931640625
0.1215,3.8687744140625,-4.1390380859375,-0.2552490234375
0.122,4.1490478515625,-3.9788818359375,-0.6556396484375
0.1225,4.1890869140625,-2.8978271484375,-1.7767333984375
0.123,4.3492431640625,-2.4173583984375,-2.3773193359375
0.1235,4.1090087890625,-1.3763427734375,-3.1781005859375
0.124,3.9488525390625,-0.5755615234375,-3.8187255859375
0.1245,3.1480712890625,0.4254150390625,-3.9788818359375
0.125,2.9078369140625,1.1060791015625,-4.3392333984375
0.1255,1.7867431640625,2.3873291015625,-4.4593505859375
0.126,1.2662353515625,2.8677978515625,-4.4193115234375
0.1265,0.3052978515625,3.7086181640625,-4.2591552734375
0.127,-0.5755615234375,4.0289306640625,-3.7786865234375
0.1275,-1.2562255859375,4.3492431640625,-3.3782958984375
0.128,-2.4173583984375,4.5093994140625,-2.4974365234375
0.1285,-3.3382568359375,4.6295166015625,-1.6165771484375
0.129,-3.8988037109375,4.3092041015625,-0.8157958984375
0.1295,-4.6195068359375,4.3092041015625,-0.0550537109375
0.13,-4.5794677734375,3.5484619140625,0.7056884765625
0.1305,-4.8597412109375,3.2681884765625,1.2261962890625
0.131,-4.8997802734375,2.0670166015625,2.4273681640625
0.1315,-4.8197021484375,1.4263916015625,2.9478759765625
0.132,-4.5394287109375,0.3853759765625,3.7086181640625
0.1325,-4.1790771484375,-0.4954833984375,4.1890869140625
0.133,-3.4583740234375,-1.4564208984375,4.3492431640625
0.1335,-2.8978271484375,-2.2572021484375,4.6295166015625
0.134,-1.8568115234375,-3.4583740234375,4.7095947265625
0.1345,-1.0159912109375,-3.8988037109375,4.3492431640625
0.135,-0.2152099609375,-4.6995849609375,4.3092041015625
0.1355,0.6256103515625,-4.8597412109375,3.5885009765625
0.136,1.3463134765625,-5.1800537109375,3.1881103515625
0.1365,2.6275634765625,-5.3001708984375,2.0670166015625
0.137,3.5084228515625,-5.3802490234375,1.2662353515625
0.1375,3.9888916015625,-4.8197021484375,0.3052978515625
0.138,4.5494384765625,-4.7796630859375,-0.2952880859375
0.1385,4.5093994140625,-3.8587646484375,-1.1361083984375
0.139,4.6295166015625,-3.4984130859375,-1.6566162109375
0.1395,4.7095947265625,-2.2572021484375,-2.8978271484375
0.14,4.4693603515625,-1.5364990234375,-3.3782958984375
0.1405,4.1490478515625,-0.4554443359375,-4.1390380859375
0.141,3.6285400390625,0.4654541015625,-4.4593505859375
0.1415,2.9078369140625,1.3062744140625,-4.5794677734375
0.142,2.1871337890625,2.2271728515625,-4.7396240234375
0.1425,1.2662353515625,3.3883056640625,-4.8597412109375
0.143,0.3052978515625,3.7886962890625,-4.3392333984375
0.1435,-0.4954833984375,4.5093994140625,-4.2991943359375
0.144,-1.4163818359375,4.5093994140625,-3.4583740234375
0.1445,-2.1370849609375,4.8297119140625,-3.0579833984375
0.145,-3.4583740234375,4.9097900390625,-1.8568115234375
0.1455,-4.2191162109375,4.8697509765625,-0.9759521484375
0.146,-4.6595458984375,4.3492431640625,0.0250244140625
0.1465,-5.1400146484375,4.1490478515625,0.6256103515625
0.147,-5.0999755859375,3.2681884765625,1.4263916015625
0.1475,-5.1400146484375,2.7076416015625,2.0670166015625
0.148,-5.3001708984375,1.5865478515625,3.3082275390625
0.1485,-4.8197021484375,0.6256103515625,3.7486572265625
0.149,-4.5794677734375,-0.3753662109375,4.5093994140625
0.1495,-3.8587646484375,-1.2962646484375,4.6695556640625
0.15,-3.2181396484375,-2.1771240234375,4.8297119140625
0.1505,-2.2972412109375,-3.1781005859375,4.8697509765625
0.151,-1.2962646484375,-4.2991943359375,4.9898681640625
0.1515,-0.2552490234375,-4.6195068359375,4.2291259765625
0.152,0.3853759765625,-5.3001708984375,4.2291259765625
0.1525,1.4263916015625,-5.3001708984375,3.2281494140625
0.153,2.1470947265625,-5.5003662109375,2.7076416015625
0.1535,3.5084228515625,-5.5804443359375,1.5064697265625
0.154,4.1490478515625,-5.3001708984375,0.6256103515625
0.1545,4.5093994140625,-4.7796630859375,-0.2952880859375
0.155,4.8297119140625,-4.4993896484375,-0.8958740234375
0.1555,4.7496337890625,-3.5384521484375,-1.6966552734375
0.156,4.7095947265625,-2.8177490234375,-2.4173583984375
0.1565,4.8697509765625,-1.7767333984375,-3.5784912109375
0.157,4.1890869140625,-0.6956787109375,-3.8988037109375
0.1575,3.9888916015625,0.1851806640625,-4.5794677734375
0.158,3.1080322265625,1.1461181640625,-4.5394287109375
0.1585,2.5474853515625,1.8668212890625,-4.7396240234375
0.159,1.5865478515625,2.8677978515625,-4.7396240234375
0.1595,0.6656494140625,3.7886962890625,-4.7396240234375
0.16,-0.2952880859375,4.0289306640625,-4.0589599609375
0.1605,-0.9359130859375,4.5494384765625,-4.0189208984375
0.161,-1.9368896484375,4.5494384765625,-2.9779052734375
0.1615,-2.6175537109375,4.7896728515625,-2.4974365234375
0.162,-3.8587646484375,4.9097900390625,-1.3363037109375
0.1625,-4.3392333984375,4.5093994140625,-0.4954833984375
0.163,-4.8197021484375,4.1890869140625,0.2652587890625
0.1635,-4.9398193359375,3.7086181640625,0.9058837890625
0.164,-5.0198974609375,2.9879150390625,1.6265869140625
0.1645,-4.9798583984375,2.1871337890625,2.4273681640625
0.165,-5.1800537109375,1.3062744140625,3.5084228515625
0.1655,-4.4593505859375,0.1851806640625,3.8287353515625
0.166,-4.4593505859375,-0.6156005859375,4.5093994140625
0.1665,-3.3782958984375,-1.6566162109375,4.5093994140625
0.167,-2.9779052734375,-2.3773193359375,4.7896728515625
0.1675,-1.8968505859375,-3.4984130859375,4.7896728515625
0.168,-0.9759521484375,-4.2991943359375,4.6295166015625
0.1685,0.0250244140625,-4.6595458984375,4.0289306640625
0.169,0.6256103515625,-5.1800537109375,3.8687744140625
0.1695,1.7867431640625,-5.1800537109375,2.8277587890625
0.17,2.4273681640625,-5.3001708984375,2.3072509765625
0.1705,3.7086181640625,-5.4202880859375,1.1861572265625
0.171,3.9888916015625,-4.8197021484375,0.3052978515625
0.1715,4.5093994140625,-4.6195068359375,-0.3353271484375
0.172,4.5093994140625,-3.8988037109375,-1.1361083984375
0.1725,4.5494384765625,-3.1781005859375,-1.8968505859375
0.173,4.5093994140625,-2.2572021484375,-2.6175537109375
0.1735,4.5494384765625,-1.4163818359375,-3.5784912109375
0.174,3.7086181640625,-0.2952880859375,-3.8587646484375
0.1745,3.6685791015625,0.3453369140625,-4.4193115234375
0.175,2.5474853515625,1.4263916015625,-4.3392333984375
0.1755,2.1871337890625,2.0670166015625,-4.4993896484375
0.176,1.1461181640625,3.0679931640625,-4.4993896484375
0.1765,0.3052978515625,3.5885009765625,-4.1790771484375
0.177,-0.4954833984375,3.9088134765625,-3.8187255859375
0.1775,-1.2161865234375,4.2691650390625,-3.3782958984375
0.178,-2.1370849609375,4.3492431640625,-2.4974365234375
0.1785,-2.7777099609375,4.4293212890625,-1.9368896484375
0.179,-3.8187255859375,4.5093994140625,-1.0960693359375
0.1795,-3.9788818359375,3.9088134765625,-0.2552490234375
0.18,-4.4993896484375,3.9488525390625,0.1851806640625
0.1805,-4.4593505859375,3.1080322265625,0.9859619140625
0.181,-4.6195068359375,2.6676025390625,1.5865478515625
0.1815,-4.6195068359375,1.7066650390625,2.5074462890625
0.182,-4.6195068359375,1.0260009765625,3.1480712890625
0.1825,-3.9788818359375,0.0250244140625,3.5484619140625
0.183,-3.9388427734375,-0.6156005859375,4.0289306640625
0.1835,-2.9779052734375,-1.6566162109375,4.1090087890625
0.184,-2.6175537109375,-2.3372802734375,4.3492431640625
0.1845,-1.6165771484375,-3.3782958984375,4.3892822265625
0.185,-0.7757568359375,-3.8187255859375,3.9888916015625
0.1855,-0.1751708984375,-4.3392333984375,3.9088134765625
0.186,0.7056884765625,-4.5394287109375,3.2281494140625
0.1865,1.5465087890625,-4.8197021484375,2.6275634765625
0.187,2.4273681640625,-4.8597412109375,1.9068603515625
0.1875,3.2281494140625,-4.9398193359375,1.1461181640625
0.188,3.4683837890625,-4.3392333984375,0.3052978515625
0.1885,3.9088134765625,-4.3792724609375,-0.0950927734375
0.189,3.9088134765625,-3.3782958984375,-0.9759521484375
0.1895,4.1090087890625,-3.0579833984375,-1.5765380859375
0.19,4.1490478515625,-2.0570068359375,-2.5775146484375
0.1905,3.9088134765625,-1.2562255859375,-3.0980224609375
0.191,3.4683837890625,-0.3353271484375,-3.5384521484375
0.1915,3.1480712890625,0.3052978515625,-3.8187255859375
0.192,2.3472900390625,1.2662353515625,-3.9788818359375
0.1925,1.8668212890625,1.9068603515625,-4.1390380859375
0.193,1.0260009765625,2.7877197265625,-4.1790771484375
0.1935,0.2252197265625,3.1480712890625,-3.6585693359375
0.194,-0.2952880859375,3.6685791015625,-3.6986083984375
0.1945,-1.3363037109375,3.7886962890625,-2.7777099609375
0.195,-1.9368896484375,4.0289306640625,-2.4173583984375
0.1955,-2.8177490234375,4.0289306640625,-1.5765380859375
0.196,-3.3782958984375,3.9888916015625,-0.9759521484375
0.1965,-3.6585693359375,3.5885009765625,-0.2952880859375
0.197,-3.9388427734375,3.5084228515625,0.1051025390625
0.1975,-4.0189208984375,2.7076416015625,0.9859619140625
0.198,-4.1790771484375,2.2672119140625,1.4664306640625
0.1985,-4.2991943359375,1.5064697265625,2.4273681640625
0.199,-3.8587646484375,0.6656494140625,2.7476806640625
0.1995,-3.8187255859375,-0.0550537109375,3.3883056640625
0.2,-3.1781005859375,-0.8958740234375,3.5084228515625
0.2005,-2.8177490234375,-1.6165771484375,3.8687744140625
0.201,-2.0970458984375,-2.4173583984375,3.8687744140625
0.2015,-1.4564208984375,-3.0980224609375,3.9488525390625
0.202,-0.6956787109375,-3.4583740234375,3.5484619140625
0.2025,-0.1751708984375,-3.9788818359375,3.5885009765625
0.203,0.8658447265625,-4.1390380859375,2.7076416015625
0.2035,1.4664306640625,-4.4993896484375,2.4674072265625
0.204,2.4273681640625,-4.5394287109375,1.5865478515625
0.2045,2.8277587890625,-4.3392333984375,1.0260009765625
0.205,3.2281494140625,-4.1390380859375,0.3853759765625
0.2055,3.4283447265625,-3.8187255859375,-0.1351318359375
0.206,3.6685791015625,-3.2181396484375,-0.9759521484375
0.2065,3.7486572265625,-2.6175537109375,-1.6165771484375
0.207,3.9088134765625,-1.9368896484375,-2.4974365234375
0.2075,3.3482666015625,-0.9759521484375,-2.8177490234375
0.208,3.3883056640625,-0.4154052734375,-3.4583740234375
0.2085,2.5875244140625,0.5855712890625,-3.5384521484375
0.209,2.3072509765625,1.2662353515625,-3.9788818359375
0.2095,1.4664306640625,2.0670166015625,-3.8988037109375
0.21,0.8258056640625,2.7076416015625,-3.8587646484375
0.2105,0.1451416015625,3.0279541015625,-3.4583740234375
0.211,-0.5355224609375,3.5084228515625,-3.2581787109375
0.2115,-1.5765380859375,3.6685791015625,-2.4173583984375
0.212,-2.1370849609375,3.8687744140625,-2.0570068359375
0.2125,-2.9378662109375,3.9088134765625,-1.2962646484375
0.213,-3.1781005859375,3.5484619140625,-0.6956787109375
0.2135,-3.6585693359375,3.5484619140625,-0.2552490234375
0.214,-3.6986083984375,2.8677978515625,0.4654541015625
0.2145,-3.9788818359375,2.5074462890625,1.1060791015625
0.215,-3.9788818359375,1.7467041015625,1.8267822265625
0.2155,-4.0989990234375,1.1461181640625,2.5074462890625
0.216,-3.5384521484375,0.1851806640625,2.8677978515625
0.2165,-3.5384521484375,-0.3353271484375,3.3883056640625
0.217,-2.6976318359375,-1.3763427734375,3.5084228515625
0.2175,-2.4573974609375,-1.9368896484375,3.8687744140625
0.218,-1.6165771484375,-2.6976318359375,3.8287353515625
0.2185,-0.9759521484375,-3.1781005859375,3.6285400390625
0.219,-0.4154052734375,-3.6585693359375,3.4683837890625
0.2195,0.4254150390625,-3.9388427734375,2.9879150390625
0.22,1.2662353515625,-4.2191162109375,2.4273681640625
0.2205,1.9468994140625,-4.2991943359375,1.8668212890625
0.221,2.6275634765625,-4.4193115234375,1.2662353515625
0.2215,2.8677978515625,-3.9788818359375,0.5855712890625
0.222,3.3482666015625,-4.0189208984375,0.1851806640625
0.2225,3.3482666015625,-3.1781005859375,-0.6956787109375
0.223,3.7086181640625,-2.8978271484375,-1.2962646484375
0.2235,3.6685791015625,-2.0169677734375,-2.0970458984375
0.224,3.6285400390625,-1.4163818359375,-2.6575927734375
0.2245,3.1080322265625,-0.4954833984375,-3.0980224609375
0.225,2.9478759765625,0.0650634765625,-3.5384521484375
0.2255,2.1871337890625,1.1461181640625,-3.6986083984375
0.226,1.8267822265625,1.7467041015625,-3.8587646484375
0.2265,0.9859619140625,2.5474853515625,-3.8587646484375
0.227,0.3453369140625,2.9078369140625,-3.5384521484375
0.2275,-0.2952880859375,3.3883056640625,-3.3782958984375
0.228,-1.2962646484375,3.5885009765625,-2.6175537109375
0.2285,-2.0169677734375,3.8687744140625,-2.1771240234375
0.229,-2.6976318359375,3.8287353515625,-1.4163818359375
0.2295,-3.2581787109375,3.8687744140625,-0.9359130859375
0.23,-3.4984130859375,3.3883056640625,-0.2952880859375
0.2305,-3.8187255859375,3.2681884765625,0.1851806640625
0.231,-3.9788818359375,2.4273681640625,1.1461181640625
0.2315,-4.0989990234375,1.9869384765625,1.6666259765625
0.232,-4.0589599609375,1.1060791015625,2.5074462890625
0.2325,-3.7786865234375,0.3453369140625,2.9078369140625
0.233,-3.4984130859375,-0.4954833984375,3.3482666015625
0.2335,-2.9378662109375,-1.1761474609375,3.5885009765625
0.234,-2.3372802734375,-2.0570068359375,3.8687744140625
0.2345,-1.6966552734375,-2.6575927734375,3.7886962890625
0.235,-1.0159912109375,-3.3782958984375,3.8687744140625
0.2355,-0.2952880859375,-3.6585693359375,3.3482666015625
0.236,0.3052978515625,-4.0989990234375,3.2681884765625
0.2365,1.4263916015625,-4.2591552734375,2.2672119140625
0.237,2.0670166015625,-4.4993896484375,1.8668212890625
0.2375,2.7076416015625,-4.3392333984375,1.0660400390625
0.238,3.1881103515625,-4.2191162109375,0.5855712890625
0.2385,3.3482666015625,-3.7786865234375,-0.0950927734375
0.239,3.5885009765625,-3.4984130859375,-0.6156005859375
0.2395,3.7886962890625,-2.6976318359375,-1.5765380859375
0.24,3.7486572265625,-2.0970458984375,-2.0970458984375
0.2405,3.7886962890625,-1.2962646484375,-2.9779052734375
0.241,3.2281494140625,-0.4954833984375,-3.1781005859375
0.2415,3.0279541015625,0.3052978515625,-3.6585693359375
0.242,2.2271728515625,1.2261962890625,-3.8187255859375
0.2425,1.7867431640625,2.0670166015625,-4.1390380859375
0.243,0.9459228515625,2.5875244140625,-3.8187255859375
0.2435,0.3052978515625,3.2681884765625,-3.8587646484375
0.244,-0.4954833984375,3.5084228515625,-3.2581787109375
0.2445,-1.2161865234375,3.9088134765625,-3.0579833984375
0.245,-2.3773193359375,4.1090087890625,-2.0570068359375
0.2455,-3.0179443359375,4.1490478515625,-1.4564208984375
0.246,-3.6585693359375,3.9488525390625,-0.6956787109375
0.2465,-3.9788818359375,3.7086181640625,-0.0950927734375
0.247,-4.1390380859375,3.2681884765625,0.5054931640625
0.2475,-4.2591552734375,2.5875244140625,1.3062744140625
0.248,-4.4993896484375,1.9068603515625,2.1871337890625
0.2485,-4.1390380859375,1.0260009765625,2.6275634765625
0.249,-4.2191162109375,0.2652587890625,3.4283447265625
0.2495,-3.4583740234375,-0.6556396484375,3.5885009765625
0.25,-3.2581787109375,-1.2962646484375,3.9888916015625
0.2505,-2.2572021484375,-2.4173583984375,4.1090087890625
0.251,-1.6566162109375,-3.1380615234375,4.1890869140625
0.2515,-0.7757568359375,-3.6585693359375,3.8687744140625
0.252,-0.1351318359375,-4.2191162109375,3.8287353515625
0.2525,0.6256103515625,-4.3392333984375,3.1480712890625
0.253,1.4263916015625,-4.6595458984375,2.6275634765625
0.2535,2.6275634765625,-4.8597412109375,1.6666259765625
0.254,3.1080322265625,-4.6195068359375,0.9459228515625
0.2545,3.7086181640625,-4.4993896484375,0.3052978515625
0.255,3.8687744140625,-3.9388427734375,-0.3753662109375
0.2555,4.0289306640625,-3.5384521484375,-0.9759521484375
0.256,4.0289306640625,-2.7376708984375,-1.8568115234375
0.2565,4.2291259765625,-2.0570068359375,-2.6976318359375
0.257,3.7486572265625,-1.1361083984375,-3.1781005859375
0.2575,3.7486572265625,-0.3353271484375,-3.8187255859375
0.258,2.8677978515625,0.6256103515625,-3.8587646484375
0.2585,2.6275634765625,1.2662353515625,-4.1790771484375
0.259,1.5865478515625,2.4273681640625,-4.3392333984375
0.2595,0.9459228515625,3.0679931640625,-4.2591552734375
0.26,0.0650634765625,3.5885009765625,-3.8988037109375
0.2605,-0.6156005859375,3.9888916015625,-3.6986083984375
0.261,-1.4564208984375,4.1490478515625,-3.0179443359375
0.2615,-2.3773193359375,4.4293212890625,-2.3773193359375
0.262,-3.5384521484375,4.6295166015625,-1.4163818359375
0.2625,-3.8988037109375,4.1490478515625,-0.5755615234375
0.263,-4.4993896484375,4.1490478515625,0.0250244140625
0.2635,-4.5394287109375,3.3883056640625,0.7857666015625
0.264,-4.7796630859375,2.9078369140625,1.3463134765625
0.2645,-4.7796630859375,1.9468994140625,2.3873291015625
0.265,-4.8197021484375,1.1461181640625,3.1881103515625
0.2655,-4.2191162109375,0.0650634765625,3.6685791015625
0.266,-4.1390380859375,-0.6156005859375,4.2691650390625
0.2665,-3.1380615234375,-1.6165771484375,4.2691650390625
0.267,-2.7376708984375,-2.3773193359375,4.5093994140625
0.2675,-1.6165771484375,-3.5784912109375,4.6295166015625
0.268,-0.7757568359375,-4.0989990234375,4.2291259765625
0.2685,0.0250244140625,-4.6195068359375,3.9888916015625
0.269,0.8258056640625,-4.9398193359375,3.5084228515625
0.2695,1.7467041015625,-5.0599365234375,2.7076416015625
0.27,2.6275634765625,-5.1400146484375,1.9468994140625
0.2705,3.7886962890625,-5.3001708984375,0.9859619140625
0.271,3.9888916015625,-4.6195068359375,0.0650634765625
0.2715,4.5093994140625,-4.5794677734375,-0.4554443359375
0.272,4.4293212890625,-3.6986083984375,-1.3363037109375
0.2725,4.5093994140625,-3.1781005859375,-1.9368896484375
0.273,4.5494384765625,-2.0570068359375,-2.9378662109375
0.2735,4.4293212890625,-1.2161865234375,-3.6986083984375
0.274,3.7486572265625,-0.0950927734375,-4.0989990234375
0.2745,3.5084228515625,0.6256103515625,-4.4993896484375
0.275,2.5074462890625,1.6666259765625,-4.4993896484375
0.2755,1.9869384765625,2.3873291015625,-4.6195068359375
0.276,0.9459228515625,3.5484619140625,-4.7396240234375
0.2765,-0.0550537109375,3.9088134765625,-4.1390380859375
0.277,-0.6956787109375,4.4693603515625,-3.9788818359375
0.2775,-1.7366943359375,4.6295166015625,-3.1781005859375
0.278,-2.5775146484375,4.7496337890625,-2.4573974609375
0.2785,-3.4984130859375,4.7896728515625,-1.6165771484375
0.279,-4.4593505859375,4.8297119140625,-0.6956787109375
0.2795,-4.6195068359375,4.0689697265625,0.2252197265625
0.28,-5.0999755859375,3.9888916015625,0.6656494140625
0.2805,-5.0599365234375,2.9078369140625,1.7066650390625
0.281,-5.0999755859375,2.4273681640625,2.2672119140625
0.2815,-5.0999755859375,1.3062744140625,3.3883056640625
0.282,-4.7796630859375,0.3453369140625,3.9888916015625
0.2825,-4.1790771484375,-0.6956787109375,4.4293212890625
0.283,-3.8187255859375,-1.4964599609375,4.7496337890625
0.2835,-2.6976318359375,-2.6175537109375,4.7896728515625
0.284,-2.0970458984375,-3.2982177734375,4.8297119140625
0.2845,-0.9759521484375,-4.4993896484375,4.8297119140625
0.285,0.0250244140625,-4.7396240234375,4.1090087890625
0.2855,0.6256103515625,-5.2601318359375,3.9888916015625
0.286,1.9068603515625,-5.4202880859375,2.9078369140625
0.2865,2.6676025390625,-5.4603271484375,2.2271728515625
0.287,3.5885009765625,-5.4202880859375,1.2662353515625
0.2875,4.3892822265625,-5.3001708984375,0.3853759765625
0.288,4.5093994140625,-4.5394287109375,-0.5755615234375
0.2885,4.8297119140625,-4.4193115234375,-1.0159912109375
0.289,4.8297119140625,-3.0980224609375,-2.1771240234375
0.2895,4.7496337890625,-2.5775146484375,-2.6575927734375
0.29,4.7496337890625,-1.4163818359375,-3.8187255859375
0.2905,4.1490478515625,-0.3753662109375,-4.2191162109375
0.291,3.6285400390625,0.5855712890625,-4.5794677734375
0.2915,2.9478759765625,1.4664306640625,-4.7796630859375
0.292,1.9468994140625,2.5474853515625,-4.8197021484375
0.2925,1.3062744140625,3.1881103515625,-4.7396240234375
0.293,0.2652587890625,4.1490478515625,-4.6595458984375
0.2935,-0.7357177734375,4.3492431640625,-3.8587646484375
0.294,-1.2962646484375,4.7896728515625,-3.7386474609375
0.2945,-2.6175537109375,4.8297119140625,-2.4974365234375
0.295,-3.2181396484375,4.8697509765625,-1.9368896484375
0.2955,-4.1390380859375,4.7496337890625,-0.9359130859375
0.296,-4.6995849609375,4.4693603515625,-0.1351318359375
0.2965,-4.8197021484375,3.7886962890625,0.6256103515625
0.297,-5.0599365234375,3.5084228515625,1.1861572265625
0.2975,-5.0599365234375,2.3873291015625,2.2672119140625
0.298,-4.8997802734375,1.7867431640625,2.7076416015625
0.2985,-4.9798583984375,0.7857666015625,3.7886962890625
0.299,-4.2591552734375,-0.2952880859375,4.0689697265625
0.2995,-3.9788818359375,-1.0960693359375,4.5093994140625
0.3,-3.1380615234375,-2.0570068359375,4.6295166015625
0.3005,-2.3773193359375,-2.9779052734375,4.7896728515625
0.301,-1.4964599609375,-3.6986083984375,4.5494384765625
0.3015,-0.6156005859375,-4.5394287109375,4.5093994140625
0.302,0.3453369140625,-4.7396240234375,3.7886962890625
0.3025,0.9459228515625,-5.2200927734375,3.6685791015625
0.303,2.2672119140625,-5.2601318359375,2.4273681640625
0.3035,2.9478759765625,-5.3001708984375,1.9068603515625
0.304,3.8287353515625,-5.2601318359375,0.8658447265625
0.3045,4.2291259765625,-4.8597412109375,0.0650634765625
0.305,4.4293212890625,-4.2991943359375,-0.6156005859375
0.3055,4.5894775390625,-3.8187255859375,-1.2962646484375
0.306,4.6695556640625,-2.8177490234375,-2.3773193359375
0.3065,4.4693603515625,-2.0570068359375,-2.8577880859375
0.307,4.5093994140625,-1.0560302734375,-3.8587646484375
0.3075,3.6685791015625,0.0250244140625,-4.0989990234375
0.308,3.4283447265625,0.7457275390625,-4.5394287109375
0.3085,2.3472900390625,1.9068603515625,-4.5394287109375
0.309,1.7867431640625,2.6676025390625,-4.6995849609375
0.3095,0.7857666015625,3.3482666015625,-4.4193115234375
0.31,-0.0550537109375,4.0689697265625,-4.2591552734375
0.3105,-0.9759521484375,4.1490478515625,-3.5384521484375
0.311,-1.6165771484375,4.5494384765625,-3.2181396484375
0.3115,-2.8577880859375,4.5093994140625,-2.1771240234375
0.312,-3.3382568359375,4.5093994140625,-1.5364990234375
0.3125,-4.1390380859375,4.3492431640625,-0.6156005859375
0.313,-4.3792724609375,3.8687744140625,0.1451416015625
0.3135,-4.6195068359375,3.5484619140625,0.6656494140625
0.314,-4.6595458984375,2.7877197265625,1.4664306640625
0.3145,-4.7796630859375,2.1070556640625,2.2672119140625
0.315,-4.4993896484375,1.2261962890625,2.8277587890625
0.3155,-4.5394287109375,0.4654541015625,3.5885009765625
0.316,-3.6986083984375,-0.6156005859375,3.7886962890625
0.3165,-3.6185302734375,-1.1361083984375,4.2291259765625
0.317,-2.4974365234375,-2.2972412109375,4.2291259765625
0.3175,-2.0970458984375,-2.8577880859375,4.4293212890625
0.318,-1.1361083984375,-3.6185302734375,4.1490478515625
0.3185,-0.4154052734375,-4.1390380859375,3.9088134765625
0.319,0.3052978515625,-4.4193115234375,3.5084228515625
0.3195,1.1461181640625,-4.7796630859375,2.9478759765625
0.32,2.1871337890625,-4.9398193359375,2.1871337890625
0.3205,2.5875244140625,-4.9398193359375,1.5865478515625
0.321,3.4683837890625,-4.8197021484375,0.8258056640625
0.3215,3.5885009765625,-4.2191162109375,0.1051025390625
0.322,3.9888916015625,-4.1390380859375,-0.4154052734375
0.3225,3.9888916015625,-3.1781005859375,-1.3363037109375
0.323,4.2291259765625,-2.7376708984375,-1.9769287109375
0.3235,3.9888916015625,-1.7366943359375,-2.6976318359375
0.324,3.9888916015625,-1.0159912109375,-3.3782958984375
0.3245,3.1881103515625,0.0250244140625,-3.6185302734375
0.325,3.1080322265625,0.5855712890625,-4.0189208984375
0.3255,2.0670166015625,1.7467041015625,-4.1390380859375
0.326,1.6666259765625,2.2672119140625,-4.2591552734375
0.3265,0.7056884765625,3.0679931640625,-4.0989990234375
0.327,0.0250244140625,3.4683837890625,-3.7386474609375
0.3275,-0.6956787109375,3.7486572265625,-3.4583740234375
0.328,-1.6566162109375,3.9888916015625,-2.6976318359375
0.3285,-2.5775146484375,4.2291259765625,-1.9769287109375
0.329,-3.0579833984375,4.0289306640625,-1.2962646484375
0.3295,-3.6986083984375,4.0689697265625,-0.6956787109375
0.33,-3.8187255859375,3.4683837890625,0.0250244140625
0.3305,-4.1390380859375,3.3482666015625,0.4654541015625
0.331,-4.2191162109375,2.3472900390625,1.4263916015625
0.3315,-4.3392333984375,1.9468994140625,1.9468994140625
0.332,-4.1390380859375,0.9859619140625,2.7076416015625
0.3325,-3.9388427734375,0.3453369140625,3.1480712890625
0.333,-3.4183349609375,-0.5755615234375,3.4683837890625
0.3335,-3.0579833984375,-1.2562255859375,3.7886962890625
0.334,-2.3372802734375,-2.2171630859375,3.9888916015625
0.3345,-1.7767333984375,-2.6976318359375,3.8687744140625
0.335,-1.0159912109375,-3.4583740234375,3.8687744140625
0.3355,-0.3353271484375,-3.7386474609375,3.3883056640625
0.336,0.3052978515625,-4.1790771484375,3.2681884765625
0.3365,1.3062744140625,-4.2991943359375,2.4273681640625
0.337,1.9468994140625,-4.5394287109375,2.0269775390625
0.3375,2.5474853515625,-4.3392333984375,1.2662353515625
0.338,3.0279541015625,-4.3392333984375,0.8258056640625
0.3385,3.1881103515625,-3.8187255859375,0.1051025390625
0.339,3.5084228515625,-3.6585693359375,-0.3353271484375
0.3395,3.6685791015625,-2.8577880859375,-1.2962646484375
0.34,3.7486572265625,-2.3773193359375,-1.8167724609375
0.3405,3.7086181640625,-1.5364990234375,-2.6575927734375
0.341,3.3482666015625,-0.7757568359375,-2.9779052734375
0.3415,3.1080322265625,0.0250244140625,-3.4583740234375
0.342,2.4674072265625,0.8258056640625,-3.6585693359375
0.3425,2.0670166015625,1.6265869140625,-4.0189208984375
0.343,1.3062744140625,2.1871337890625,-3.8187255859375
0.3435,0.6656494140625,2.8677978515625,-3.8988037109375
0.344,-0.1351318359375,3.1480712890625,-3.3382568359375
0.3445,-0.7757568359375,3.5885009765625,-3.2581787109375
0.345,-1.8568115234375,3.8287353515625,-2.2972412109375
0.3455,-2.4573974609375,3.9888916015625,-1.9368896484375
0.346,-3.0579833984375,3.8287353515625,-1.0960693359375
0.3465,-3.4583740234375,3.7086181640625,-0.6156005859375
0.347,-3.6986083984375,3.3082275390625,0.0250244140625
0.3475,-3.8587646484375,2.8277587890625,0.6656494140625
0.348,-4.1390380859375,2.2271728515625,1.5465087890625
0.3485,-3.9788818359375,1.5064697265625,2.0670166015625
0.349,-4.0589599609375,0.8258056640625,2.8277587890625
0.3495,-3.4583740234375,-0.0950927734375,3.0679931640625
0.35,-3.3382568359375,-0.6956787109375,3.5484619140625
0.3505,-2.5374755859375,-1.6566162109375,3.6685791015625
0.351,-2.0970458984375,-2.3372802734375,3.8687744140625
0.3515,-1.2962646484375,-2.8978271484375,3.5885009765625
0.352,-0.7757568359375,-3.4984130859375,3.6685791015625
0.3525,-0.0550537109375,-3.6986083984375,3.1080322265625
0.353,0.6656494140625,-4.0589599609375,2.8677978515625
0.3535,1.6666259765625,-4.2991943359375,2.0670166015625
0.354,2.1470947265625,-4.2591552734375,1.5465087890625
0.3545,2.7877197265625,-4.2591552734375,0.9459228515625
0.355,2.9478759765625,-3.8587646484375,0.3853759765625
0.3555,3.3482666015625,-3.6986083984375,-0.1351318359375
0.356,3.3883056640625,-3.0179443359375,-0.8958740234375
0.3565,3.7086181640625,-2.5775146484375,-1.6165771484375
0.357,3.4283447265625,-1.7366943359375,-2.1771240234375
0.3575,3.5484619140625,-1.2161865234375,-2.8177490234375
0.358,2.8677978515625,-0.2152099609375,-3.0579833984375
0.3585,2.8277587890625,0.3453369140625,-3.5384521484375
0.359,1.9869384765625,1.3463134765625,-3.6986083984375
0.3595,1.5865478515625,1.9068603515625,-3.8587646484375
0.36,0.8258056640625,2.5074462890625,-3.7386474609375
0.3605,0.2252197265625,2.9478759765625,-3.5384521484375
0.361,-0.5355224609375,3.3482666015625,-3.1781005859375
0.3615,-1.3363037109375,3.6685791015625,-2.5775146484375
0.362,-2.2972412109375,3.9488525390625,-1.9368896484375
0.3625,-2.7376708984375,3.7086181640625,-1.2962646484375
0.363,-3.3782958984375,3.8687744140625,-0.8157958984375
0.3635,-3.5384521484375,3.2681884765625,-0.1751708984375
0.364,-3.8587646484375,3.1080322265625,0.3853759765625
0.3645,-3.9788818359375,2.3072509765625,1.3062744140625
0.365,-4.1390380859375,1.8267822265625,1.9468994140625
0.3655,-3.8587646484375,0.9058837890625,2.5474853515625
0.366,-3.8187255859375,0.3052978515625,3.0679931640625
0.3665,-3.1781005859375,-0.6156005859375,3.3482666015625
0.367,-2.8978271484375,-1.2962646484375,3.7086181640625
0.3675,-2.1370849609375,-2.3372802734375,3.9088134765625
0.368,-1.5364990234375,-2.8577880859375,3.7086181640625
0.3685,-0.8958740234375,-3.4984130859375,3.7086181640625
0.369,-0.1751708984375,-3.7386474609375,3.3082275390625
0.3695,0.5455322265625,-4.0989990234375,2.9478759765625
0.37,1.5465087890625,-4.2991943359375,2.2672119140625
0.3705,2.3873291015625,-4.4993896484375,1.6265869140625
0.371,2.7076416015625,-4.1390380859375,0.8658447265625
0.3715,3.2281494140625,-4.2191162109375,0.5054931640625
0.372,3.3082275390625,-3.5384521484375,-0.2552490234375
0.3725,3.5484619140625,-3.2581787109375,-0.7757568359375
0.373,3.7486572265625,-2.4173583984375,-1.7767333984375
0.3735,3.6685791015625,-1.8568115234375,-2.2572021484375
0.374,3.4683837890625,-0.9759521484375,-2.9378662109375
0.3745,3.1480712890625,-0.2952880859375,-3.2581787109375
0.375,2.6275634765625,0.5054931640625,-3.5384521484375
0.3755,2.1470947265625,1.3062744140625,-3.8187255859375
0.376,1.4664306640625,2.1871337890625,-4.0589599609375
0.3765,0.7056884765625,2.5875244140625,-3.6986083984375
0.377,0.1851806640625,3.2681884765625,-3.7786865234375
0.3775,-0.6556396484375,3.4283447265625,-3.0980224609375
0.378,-1.3363037109375,3.8287353515625,-2.7777099609375
0.3785,-2.4173583984375,3.9888916015625,-1.9368896484375
0.379,-3.1380615234375,4.0289306640625,-1.2962646484375
0.3795,-3.5384521484375,3.7086181640625,-0.5755615234375
0.38,-3.8988037109375,3.6685791015625,-0.1351318359375
0.3805,-4.0189208984375,2.9879150390625,0.6256103515625
0.381,-4.2191162109375,2.5474853515625,1.2662353515625
0.3815,-4.4993896484375,1.7467041015625,2.3072509765625
0.382,-4.0989990234375,0.9058837890625,2.7476806640625
0.3825,-4.0189208984375,0.1451416015625,3.4683837890625
0.383,-3.4183349609375,-0.7757568359375,3.6685791015625
0.3835,-2.9779052734375,-1.5364990234375,3.9488525390625
0.384,-2.2171630859375,-2.4573974609375,4.1090087890625
0.3845,-1.4564208984375,-3.3382568359375,4.1490478515625
0.385,-0.6156005859375,-3.6585693359375,3.7086181640625
0.3855,-0.1351318359375,-4.2191162109375,3.7886962890625
0.386,0.9459228515625,-4.3792724609375,2.8677978515625
0.3865,1.5865478515625,-4.6195068359375,2.4674072265625
0.387,2.7476806640625,-4.8197021484375,1.5465087890625
0.3875,3.2681884765625,-4.5394287109375,0.7857666015625
0.388,3.5885009765625,-4.2591552734375,0.1451416015625
0.3885,3.8687744140625,-3.8988037109375,-0.4554443359375
0.389,3.9088134765625,-3.1781005859375,-1.2562255859375
0.3895,3.9888916015625,-2.5775146484375,-1.9368896484375
0.39,4.1890869140625,-1.7767333984375,-2.8978271484375
0.3905,3.5885009765625,-0.7757568359375,-3.2581787109375
0.391,3.5484619140625,-0.1351318359375,-3.8187255859375
0.3915,2.6676025390625,0.7857666015625,-3.8587646484375
0.392,2.2672119140625,1.5465087890625,-4.1390380859375
0.3925,1.4263916015625,2.4273681640625,-4.2591552734375
0.393,0.6256103515625,3.2281494140625,-4.1390380859375
0.3935,-0.1751708984375,3.5484619140625,-3.6585693359375
0.394,-0.7757568359375,4.0289306640625,-3.5384521484375
0.3945,-1.9368896484375,4.1090087890625,-2.5374755859375
0.395,-2.4974365234375,4.3092041015625,-2.0970458984375
0.3955,-3.6185302734375,4.4293212890625,-1.1761474609375
0.396,-3.9388427734375,3.9888916015625,-0.4154052734375
0.3965,-4.3392333984375,3.8687744140625,0.1451416015625
0.397,-4.4993896484375,3.2281494140625,0.9058837890625
0.3975,-4.6195068359375,2.5474853515625,1.6666259765625
0.398,-4.6195068359375,1.7867431640625,2.4273681640625
0.3985,-4.7396240234375,0.9859619140625,3.3482666015625
0.399,-3.9788818359375,-0.1351318359375,3.6285400390625
0.3995,-3.9788818359375,-0.8157958984375,4.2291259765625
0.4,-2.8978271484375,-1.9368896484375,4.2291259765625
0.4005,-2.4974365234375,-2.6175537109375,4.5093994140625
0.401,-1.4163818359375,-3.6185302734375,4.4693603515625
0.4015,-0.5755615234375,-4.2191162109375,4.1890869140625
0.402,0.2252197265625,-4.5394287109375,3.7086181640625
0.4025,1.0260009765625,-4.9798583984375,3.3482666015625
0.403,2.2271728515625,-5.0599365234375,2.2672119140625
0.4035,2.7476806640625,-5.0599365234375,1.7467041015625
0.404,3.8287353515625,-5.0999755859375,0.7457275390625
0.4045,4.0289306640625,-4.4993896484375,-0.0550537109375
0.405,4.3892822265625,-4.2991943359375,-0.6156005859375
0.4055,4.4693603515625,-3.3782958984375,-1.5765380859375
0.406,4.5093994140625,-2.6976318359375,-2.2972412109375
0.4065,4.3492431640625,-1.7366943359375,-3.0579833984375
0.407,4.3492431640625,-0.8958740234375,-3.8587646484375
0.4075,3.4283447265625,0.1851806640625,-4.0989990234375
0.408,3.2681884765625,0.8258056640625,-4.5394287109375
0.4085,2.0670166015625,2.0670166015625,-4.4993896484375
0.409,1.5865478515625,2.7076416015625,-4.6195068359375
0.4095,0.5455322265625,3.6685791015625,-4.4593505859375
0.41,-0.3353271484375,4.1490478515625,-4.0589599609375
0.4105,-1.0960693359375,4.3492431640625,-3.5784912109375
0.411,-2.0570068359375,4.7095947265625,-2.9378662109375
0.4115,-3.1380615234375,4.7496337890625,-1.9368896484375
0.412,-3.6986083984375,4.5494384765625,-1.2562255859375
0.4125,-4.5794677734375,4.5894775390625,-0.3753662109375
0.413,-4.6595458984375,3.8687744140625,0.5054931640625
0.4135,-4.9798583984375,3.6685791015625,0.9459228515625
0.414,-5.0198974609375,2.5474853515625,2.0670166015625
0.4145,-5.0599365234375,1.9468994140625,2.6676025390625
0.415,-4.8197021484375,0.8658447265625,3.5084228515625
0.4155,-4.6595458984375,0.0250244140625,4.1490478515625
0.416,-3.7786865234375,-1.1361083984375,4.3492431640625
0.4165,-3.5384521484375,-1.8167724609375,4.7496337890625
0.417,-2.2572021484375,-3.1380615234375,4.7896728515625
0.4175,-1.6966552734375,-3.6585693359375,4.7095947265625
0.418,-0.6156005859375,-4.5394287109375,4.5093994140625
0.4185,0.3052978515625,-4.8997802734375,3.9888916015625
0.419,0.9859619140625,-5.1400146484375,3.5484619140625
0.4195,2.1470947265625,-5.4202880859375,2.7076416015625
0.42,3.1881103515625,-5.4603271484375,1.7867431640625
0.4205,3.7086181640625,-5.1400146484375,0.9058837890625
0.421,4.5093994140625,-5.0999755859375,0.0650634765625
0.4215,4.5093994140625,-4.2191162109375,-0.8157958984375
0.422,4.8297119140625,-4.0189208984375,-1.2562255859375
0.4225,4.7896728515625,-2.7376708984375,-2.5374755859375
0.423,4.7496337890625,-2.0970458984375,-3.1380615234375
0.4235,4.4293212890625,-0.9759521484375,-3.8988037109375
0.424,4.1090087890625,-0.0950927734375,-4.4993896484375
0.4245,3.1881103515625,0.9859619140625,-4.6195068359375
0.425,2.8277587890625,1.7867431640625,-4.8597412109375
0.4255,1.5865478515625,3.0679931640625,-4.8997802734375
0.426,0.9058837890625,3.5084228515625,-4.6595458984375
0.4265,-0.1751708984375,4.3492431640625,-4.4593505859375
0.427,-1.0560302734375,4.5494384765625,-3.8187255859375
0.4275,-1.7767333984375,4.8297119140625,-3.3382568359375
0.428,-2.9779052734375,4.9498291015625,-2.2572021484375
0.4285,-3.8988037109375,4.9898681640625,-1.4163818359375
0.429,-4.4193115234375,4.5093994140625,-0.4554443359375
0.4295,-5.0599365234375,4.4293212890625,0.2652587890625
0.43,-4.9798583984375,3.5084228515625,1.1060791015625
0.4305,-5.1400146484375,3.1881103515625,1.5865478515625
0.431,-5.1800537109375,1.9468994140625,2.8277587890625
0.4315,-4.9798583984375,1.2662353515625,3.3082275390625
0.432,-4.6595458984375,0.1451416015625,4.0289306640625
0.4325,-4.1790771484375,-0.7757568359375,4.4293212890625
0.433,-3.4583740234375,-1.6566162109375,4.5494384765625
0.4335,-2.8177490234375,-2.4974365234375,4.7496337890625
0.434,-1.8167724609375,-3.6585693359375,4.8297119140625
0.4345,-0.9759521484375,-4.0189208984375,4.4293212890625
0.435,-0.1351318359375,-4.8197021484375,4.3492431640625
0.4355,0.7857666015625,-4.9398193359375,3.5484619140625
0.436,1.4263916015625,-5.2200927734375,3.2281494140625
0.4365,2.6676025390625,-5.3001708984375,2.0670166015625
0.437,3.4283447265625,-5.3402099609375,1.3463134765625
0.4375,3.9488525390625,-4.8597412109375,0.3853759765625
0.438,4.4693603515625,-4.7796630859375,-0.2552490234375
0.4385,4.5093994140625,-3.8988037109375,-1.0560302734375
0.439,4.6295166015625,-3.5384521484375,-1.5765380859375
0.4395,4.7095947265625,-2.4173583984375,-2.8177490234375
0.44,4.4693603515625,-1.6966552734375,-3.2581787109375
0.4405,4.2291259765625,-0.6156005859375,-4.0989990234375
0.441,3.5885009765625,0.3453369140625,-4.2991943359375
0.4415,3.0279541015625,1.1861572265625,-4.5394287109375
0.442,2.2271728515625,2.1070556640625,-4.6595458984375
0.4425,1.3863525390625,3.1881103515625,-4.8597412109375
0.443,0.4254150390625,3.5885009765625,-4.2991943359375
0.4435,-0.3353271484375,4.3492431640625,-4.2591552734375
0.444,-1.2562255859375,4.4293212890625,-3.4183349609375
0.4445,-1.9368896484375,4.7095947265625,-3.0579833984375
0.445,-3.2581787109375,4.8297119140625,-1.8568115234375
0.4455,-3.9388427734375,4.7095947265625,-1.0960693359375
0.446,-4.4993896484375,4.2291259765625,-0.1751708984375
0.4465,-4.8197021484375,3.9888916015625,0.4654541015625
0.447,-4.8197021484375,3.2281494140625,1.2261962890625
0.4475,-4.8597412109375,2.5875244140625,1.8668212890625
0.448,-5.0599365234375,1.5865478515625,2.9478759765625
0.4485,-4.4993896484375,0.7056884765625,3.3082275390625
0.449,-4.4193115234375,-0.1351318359375,4.1090087890625
0.4495,-3.6185302734375,-1.1361083984375,4.1490478515625
0.45,-3.1781005859375,-1.7767333984375,4.4693603515625
0.4505,-2.2572021484375,-2.8177490234375,4.4693603515625
0.451,-1.4564208984375,-3.6185302734375,4.5093994140625
0.4515,-0.5755615234375,-4.0189208984375,3.9488525390625
0.452,0.0650634765625,-4.5794677734375,3.9088134765625
0.4525,0.9459228515625,-4.6195068359375,3.1080322265625
0.453,1.5865478515625,-4.8997802734375,2.7076416015625
0.4535,2.7877197265625,-5.0198974609375,1.6666259765625
0.454,3.2281494140625,-4.8197021484375,0.9859619140625
0.4545,3.8287353515625,-4.5394287109375,0.2652587890625
0.455,3.9088134765625,-4.1390380859375,-0.3353271484375
0.4555,4.1490478515625,-3.6986083984375,-1.0159912109375
0.456,4.1090087890625,-2.9378662109375,-1.7366943359375
0.4565,4.3492431640625,-2.2572021484375,-2.6575927734375
0.457,3.8687744140625,-1.2562255859375,-3.0179443359375
0.4575,3.9088134765625,-0.6156005859375,-3.7386474609375
0.458,2.9879150390625,0.4654541015625,-3.8187255859375
0.4585,2.8277587890625,1.0660400390625,-4.1790771484375
0.459,1.8668212890625,2.1470947265625,-4.2991943359375
0.4595,1.2662353515625,2.7476806640625,-4.2991943359375
0.46,0.3453369140625,3.3082275390625,-3.9388427734375
0.4605,-0.2952880859375,3.7886962890625,-3.8187255859375
0.461,-1.1361083984375,3.9888916015625,-3.1380615234375
0.4615,-1.9368896484375,4.2291259765625,-2.6175537109375
0.462,-3.0579833984375,4.4693603515625,-1.7366943359375
0.4625,-3.3782958984375,4.0689697265625,-1.0159912109375
0.463,-4.0589599609375,4.1090087890625,-0.3753662109375
0.4635,-4.1390380859375,3.4283447265625,0.3052978515625
0.464,-4.4193115234375,3.0679931640625,0.9058837890625
0.4645,-4.4193115234375,2.1871337890625,1.7867431640625
0.465,-4.5794677734375,1.5865478515625,2.5474853515625
0.4655,-4.0589599609375,0.5855712890625,3.0279541015625
0.466,-4.0989990234375,0.0250244140625,3.5885009765625
0.4665,-3.1781005859375,-1.0159912109375,3.7086181640625
0.467,-2.9378662109375,-1.6566162109375,4.0689697265625
0.4675,-2.0169677734375,-2.6976318359375,4.1490478515625
0.468,-1.3363037109375,-3.1781005859375,3.9488525390625
0.4685,-0.6156005859375,-3.7786865234375,3.8287353515625
0.469,0.0650634765625,-4.0589599609375,3.4283447265625
0.4695,0.8258056640625,-4.3392333984375,2.9078369140625
0.47,1.6265869140625,-4.4993896484375,2.2672119140625
0.4705,2.5875244140625,-4.6595458984375,1.5865478515625
0.471,2.8677978515625,-4.2191162109375,0.8258056640625
0.4715,3.3883056640625,-4.3792724609375,0.3853759765625
0.472,3.4683837890625,-3.6585693359375,-0.3353271484375
0.4725,3.7086181640625,-3.4183349609375,-0.8958740234375
0.473,3.7886962890625,-2.4974365234375,-1.7767333984375
0.4735,3.8287353515625,-1.9769287109375,-2.2572021484375
0.474,3.5084228515625,-1.0159912109375,-2.8978271484375
0.4745,3.3082275390625,-0.4554443359375,-3.2581787109375
0.475,2.6676025390625,0.4654541015625,-3.5384521484375
0.4755,2.3472900390625,1.1461181640625,-3.8187255859375
0.476,1.6265869140625,2.0670166015625,-4.0189208984375
0.4765,0.9859619140625,2.4273681640625,-3.6986083984375
0.477,0.3853759765625,3.1480712890625,-3.8187255859375
0.4775,-0.4154052734375,3.3082275390625,-3.1781005859375
0.478,-1.1361083984375,3.7086181640625,-2.8978271484375
0.4785,-2.0570068359375,3.8687744140625,-2.1771240234375
0.479,-2.7777099609375,4.0289306640625,-1.6165771484375
0.4795,-3.1781005859375,3.6685791015625,-0.8958740234375
0.48,-3.6585693359375,3.7486572265625,-0.5355224609375
0.4805,-3.7786865234375,3.0679931640625,0.3052978515625
0.481,-4.0189208984375,2.8277587890625,0.8658447265625
0.4815,-4.2991943359375,1.9869384765625,1.8668212890625
0.482,-4.0989990234375,1.3062744140625,2.3072509765625
0.4825,-3.9788818359375,0.5054931640625,3.0279541015625
0.483,-3.5384521484375,-0.2952880859375,3.3482666015625
0.4835,-3.1380615234375,-1.0960693359375,3.7086181640625
0.484,-2.5374755859375,-1.8968505859375,3.8687744140625
0.4845,-1.8968505859375,-2.6976318359375,4.0289306640625
0.485,-1.0960693359375,-3.1380615234375,3.6285400390625
0.4855,-0.6156005859375,-3.6986083984375,3.7486572265625
0.486,0.3052978515625,-3.8587646484375,2.9879150390625
0.4865,0.9859619140625,-4.2591552734375,2.7076416015625
0.487,1.9869384765625,-4.4193115234375,1.8668212890625
0.4875,2.5074462890625,-4.3792724609375,1.2662353515625
0.488,2.9478759765625,-4.1390380859375,0.6256103515625
0.4885,3.1881103515625,-3.9788818359375,0.1851806640625
0.489,3.3482666015625,-3.3382568359375,-0.5355224609375
0.4895,3.5084228515625,-2.8577880859375,-1.1361083984375
0.49,3.7886962890625,-2.2171630859375,-2.0570068359375
0.4905,3.3482666015625,-1.4163818359375,-2.4173583984375
0.491,3.4283447265625,-0.7757568359375,-3.0579833984375
0.4915,2.7476806640625,0.0650634765625,-3.1781005859375
0.492,2.5474853515625,0.7056884765625,-3.5784912109375
0.4925,1.8668212890625,1.5865478515625,-3.7786865234375
0.493,1.3062744140625,2.2271728515625,-3.8187255859375
0.4935,0.5855712890625,2.6676025390625,-3.5384521484375
0.494,0.0250244140625,3.1881103515625,-3.5384521484375
0.4945,-0.8958740234375,3.3482666015625,-2.8177490234375
0.495,-1.5364990234375,3.7086181640625,-2.4974365234375
0.4955,-2.5374755859375,3.8687744140625,-1.7366943359375
0.496,-2.8577880859375,3.6685791015625,-1.1361083984375
0.4965,-3.4583740234375,3.6685791015625,-0.6156005859375
0.497,-3.5784912109375,3.2281494140625,0.0250244140625
0.4975,-3.8587646484375,2.8677978515625,0.6256103515625
0.498,-3.9788818359375,2.1871337890625,1.4263916015625
0.4985,-4.1790771484375,1.5865478515625,2.1871337890625
0.499,-3.7386474609375,0.6656494140625,2.6275634765625
0.4995,-3.8187255859375,0.1451416015625,3.2681884765625
0.5,-3.0579833984375,-0.8558349609375,3.3883056640625
0.5005,-2.8577880859375,-1.4964599609375,3.8287353515625
0.501,-1.9769287109375,-2.4573974609375,3.8687744140625
0.5015,-1.3363037109375,-2.9779052734375,3.7886962890625
0.502,-0.6956787109375,-3.4984130859375,3.5885009765625
0.5025,0.0250244140625,-3.8587646484375,3.3082275390625
0.503,0.9058837890625,-4.0989990234375,2.6275634765625
0.5035,1.5865478515625,-4.3792724609375,2.1470947265625
0.504,2.5074462890625,-4.4993896484375,1.4664306640625
0.5045,2.7877197265625,-4.1390380859375,0.7056884765625
0.505,3.2681884765625,-4.1390380859375,0.3453369140625
0.5055,3.3482666015625,-3.4583740234375,-0.4554443359375
0.506,3.6685791015625,-3.1380615234375,-1.0159912109375
0.5065,3.7086181640625,-2.2572021484375,-1.8968505859375
0.507,3.7086181640625,-1.6165771484375,-2.5374755859375
0.5075,3.1881103515625,-0.6956787109375,-2.9378662109375
0.508,3.1480712890625,-0.1351318359375,-3.3782958984375
0.5085,2.3472900390625,0.8258056640625,-3.5384521484375
0.509,2.0670166015625,1.4263916015625,-3.8587646484375
0.5095,1.2261962890625,2.3873291015625,-3.8988037109375
0.51,0.5054931640625,2.8277587890625,-3.6185302734375
0.5105,0.0250244140625,3.2681884765625,-3.5384521484375
0.511,-0.9759521484375,3.5484619140625,-2.8978271484375
0.5115,-1.7366943359375,3.7486572265625,-2.4173583984375
0.512,-2.4974365234375,3.8287353515625,-1.7366943359375
0.5125,-3.1781005859375,3.9088134765625,-1.1361083984375
0.513,-3.4583740234375,3.5084228515625,-0.4154052734375
0.5135,-3.8587646484375,3.5484619140625,0.0250244140625
0.514,-3.8988037109375,2.7076416015625,0.8658447265625
0.5145,-4.1390380859375,2.3472900390625,1.4263916015625
0.515,-4.2191162109375,1.4263916015625,2.3873291015625
0.5155,-4.0189208984375,0.7056884765625,2.8677978515625
0.516,-3.6986083984375,-0.1351318359375,3.3482666015625
0.5165,-3.3382568359375,-0.8157958984375,3.7086181640625
0.517,-2.5775146484375,-1.8568115234375,3.9088134765625
0.5175,-2.0970458984375,-2.4974365234375,4.0289306640625
0.518,-1.2962646484375,-3.3382568359375,4.0689697265625
0.5185,-0.5355224609375,-3.6986083984375,3.6285400390625
0.519,0.0250244140625,-4.2191162109375,3.5885009765625
0.5195,1.1861572265625,-4.4193115234375,2.6275634765625
0.52,1.9068603515625,-4.6595458984375,2.1871337890625
0.5205,2.7076416015625,-4.6595458984375,1.3062744140625
0.521,3.3082275390625,-4.5394287109375,0.7056884765625
0.5215,3.5084228515625,-4.0189208984375,0.0250244140625
0.522,3.8687744140625,-3.8587646484375,-0.4954833984375
0.5225,3.9088134765625,-2.8577880859375,-1.5364990234375
0.523,3.9488525390625,-2.3773193359375,-2.0169677734375
0.5235,3.9888916015625,-1.4564208984375,-2.9378662109375
0.524,3.5484619140625,-0.6156005859375,-3.3382568359375
0.5245,3.1881103515625,0.1851806640625,-3.7786865234375
0.525,2.5474853515625,1.0260009765625,-3.9388427734375
0.5255,1.8668212890625,1.9468994140625,-4.1390380859375
0.526,1.1461181640625,2.5875244140625,-4.0589599609375
0.5265,0.3853759765625,3.3482666015625,-4.0189208984375
0.527,-0.4154052734375,3.5484619140625,-3.4583740234375
0.5275,-1.0159912109375,3.9888916015625,-3.2982177734375
0.528,-2.2572021484375,4.1090087890625,-2.2572021484375
0.5285,-2.8577880859375,4.1490478515625,-1.7366943359375
0.529,-3.5784912109375,4.1090087890625,-0.8157958984375
0.5295,-4.0189208984375,3.8687744140625,-0.2152099609375
0.53,-4.1790771484375,3.3883056640625,0.4254150390625
0.5305,-4.3792724609375,2.9478759765625,1.0260009765625
0.531,-4.4993896484375,2.1070556640625,1.9869384765625
0.5315,-4.3792724609375,1.4263916015625,2.5074462890625
0.532,-4.4593505859375,0.6256103515625,3.3482666015625
0.5325,-3.7386474609375,-0.3353271484375,3.5885009765625
0.533,-3.5384521484375,-1.0159912109375,4.0689697265625
0.5335,-2.6175537109375,-2.0970458984375,4.1490478515625
0.534,-2.0570068359375,-2.8978271484375,4.3892822265625
0.5345,-1.1361083984375,-3.5384521484375,4.1490478515625
0.535,-0.4154052734375,-4.2591552734375,4.0689697265625
0.5355,0.3853759765625,-4.4593505859375,3.3883056640625
0.536,1.1461181640625,-4.8997802734375,3.1480712890625
0.5365,2.4273681640625,-5.0198974609375,1.9468994140625
0.537,2.9879150390625,-4.9398193359375,1.4263916015625
0.5375,3.7486572265625,-4.7796630859375,0.5455322265625
0.538,4.0289306640625,-4.3792724609375,-0.1751708984375
0.5385,4.1890869140625,-3.8988037109375,-0.7757568359375
0.539,4.3092041015625,-3.1781005859375,-1.5765380859375
0.5395,4.4693603515625,-2.3773193359375,-2.5775146484375
0.54,4.1490478515625,-1.4564208984375,-3.0980224609375
0.5405,4.1490478515625,-0.6156005859375,-3.9388427734375
0.541,3.2281494140625,0.4654541015625,-4.0189208984375
0.5415,2.9879150390625,1.1060791015625,-4.4193115234375
0.542,1.8668212890625,2.2672119140625,-4.4993896484375
0.5425,1.2662353515625,3.0679931640625,-4.5394287109375
0.543,0.2652587890625,3.6285400390625,-4.1390380859375
0.5435,-0.4954833984375,4.1490478515625,-4.0189208984375
0.544,-1.3363037109375,4.2291259765625,-3.2581787109375
0.5445,-2.1370849609375,4.5093994140625,-2.7777099609375
0.545,-3.4583740234375,4.7496337890625,-1.6165771484375
0.5455,-3.9388427734375,4.4293212890625,-0.8157958984375
0.546,-4.5794677734375,4.2291259765625,0.0250244140625
0.5465,-4.7796630859375,3.7086181640625,0.6656494140625
0.547,-4.8997802734375,3.2281494140625,1.2662353515625
0.5475,-4.8997802734375,2.2672119140625,2.2271728515625
0.548,-5.0198974609375,1.4664306640625,3.0679931640625
0.5485,-4.4993896484375,0.4654541015625,3.5484619140625
0.549,-4.4593505859375,-0.3353271484375,4.3092041015625
0.5495,-3.4583740234375,-1.4163818359375,4.3492431640625
0.55,-3.1781005859375,-2.0169677734375,4.6295166015625
0.5505,-1.9368896484375,-3.3382568359375,4.6695556640625
0.551,-1.2161865234375,-3.9788818359375,4.5494384765625
0.5515,-0.2552490234375,-4.5394287109375,4.1490478515625
0.552,0.4654541015625,-5.0198974609375,3.9088134765625
0.5525,1.3463134765625,-5.0599365234375,3.1480712890625
0.553,2.2672119140625,-5.2601318359375,2.4674072265625
0.5535,3.5084228515625,-5.4202880859375,1.3863525390625
0.554,3.8687744140625,-4.9398193359375,0.5054931640625
0.5545,4.5494384765625,-4.8197021484375,-0.2552490234375
0.555,4.5494384765625,-4.0989990234375,-1.0159912109375
0.5555,4.7095947265625,-3.5784912109375,-1.5765380859375
0.556,4.6695556640625,-2.5374755859375,-2.6175537109375
0.5565,4.7496337890625,-1.6966552734375,-3.5384521484375
0.557,4.0689697265625,-0.5755615234375,-3.9388427734375
0.5575,3.9888916015625,0.2652587890625,-4.5794677734375
0.558,2.9078369140625,1.2662353515625,-4.4993896484375
0.5585,2.5074462890625,1.9468994140625,-4.7796630859375
0.559,1.3463134765625,3.2681884765625,-4.8997802734375
0.5595,0.4654541015625,3.8287353515625,-4.5794677734375
0.56,-0.4954833984375,4.3492431640625,-4.1790771484375
0.5605,-1.2562255859375,4.7095947265625,-3.7786865234375
0.561,-2.1771240234375,4.7896728515625,-2.8978271484375
0.5615,-3.1380615234375,4.9097900390625,-2.1370849609375
0.562,-4.3392333984375,5.0699462890625,-1.0159912109375
0.5625,-4.6195068359375,4.3492431640625,-0.0950927734375
0.563,-5.1400146484375,4.3092041015625,0.5455322265625
0.5635,-5.0999755859375,3.3482666015625,1.3463134765625
0.564,-5.1800537109375,2.8277587890625,1.9468994140625
0.5645,-5.1800537109375,1.7467041015625,3.0679931640625
0.565,-5.0999755859375,0.8258056640625,3.8287353515625
0.5655,-4.3792724609375,-0.3353271484375,4.2291259765625
0.566,-4.1790771484375,-1.0960693359375,4.7496337890625
0.5665,-3.0980224609375,-2.1370849609375,4.6695556640625
0.567,-2.5374755859375,-2.8577880859375,4.8297119140625
0.5675,-1.3763427734375,-4.1390380859375,4.8697509765625
0.568,-0.4554443359375,-4.5394287109375,4.2691650390625
0.5685,0.3052978515625,-5.0198974609375,4.1090087890625
0.569,1.2261962890625,-5.2200927734375,3.4283447265625
0.5695,2.0670166015625,-5.3001708984375,2.6676025390625
0.57,2.9879150390625,-5.3802490234375,1.7867431640625
0.5705,3.9888916015625,-5.4202880859375,0.8658447265625
0.571,4.1890869140625,-4.6195068359375,-0.1351318359375
0.5715,4.6695556640625,-4.6195068359375,-0.6156005859375
0.572,4.5494384765625,-3.5784912109375,-1.4564208984375
0.5725,4.6295166015625,-3.0579833984375,-2.0570068359375
0.573,4.6695556640625,-1.9769287109375,-3.1781005859375
0.5735,4.4293212890625,-1.1361083984375,-3.7386474609375
0.574,3.8687744140625,-0.0550537109375,-4.2191162109375
0.5745,3.5084228515625,0.6656494140625,-4.4993896484375
0.575,2.5474853515625,1.6265869140625,-4.5394287109375
0.5755,1.9869384765625,2.3873291015625,-4.6995849609375
0.576,0.9859619140625,3.5084228515625,-4.8197021484375
0.5765,0.0250244140625,3.8687744140625,-4.1390380859375
0.577,-0.6156005859375,4.4693603515625,-4.0989990234375
0.5775,-1.6566162109375,4.5894775390625,-3.1781005859375
0.578,-2.4573974609375,4.7896728515625,-2.5775146484375
0.5785,-3.4984130859375,4.7896728515625,-1.6165771484375
0.579,-4.3392333984375,4.7496337890625,-0.7757568359375
0.5795,-4.5394287109375,4.0689697265625,0.1451416015625
0.58,-4.9798583984375,3.9888916015625,0.6256103515625
0.5805,-4.9798583984375,2.9478759765625,1.5865478515625
0.581,-5.0198974609375,2.4273681640625,2.1871337890625
0.5815,-5.0999755859375,1.3463134765625,3.3082275390625
0.582,-4.6195068359375,0.3853759765625,3.7886962890625
0.5825,-4.1790771484375,-0.5755615234375,4.3092041015625
0.583,-3.6585693359375,-1.4163818359375,4.5093994140625
0.5835,-2.7777099609375,-2.4173583984375,4.6295166015625
0.584,-2.0570068359375,-3.1781005859375,4.5494384765625
0.5845,-1.0560302734375,-4.1390380859375,4.6295166015625
0.585,-0.1351318359375,-4.4193115234375,3.9088134765625
0.5855,0.4254150390625,-4.9398193359375,3.8687744140625
0.586,1.5865478515625,-4.9798583984375,2.7877197265625
0.5865,2.2271728515625,-5.0999755859375,2.3072509765625
0.587,3.2281494140625,-5.0999755859375,1.3062744140625
0.5875,3.8287353515625,-4.8597412109375,0.5455322265625
0.588,3.9888916015625,-4.3392333984375,-0.2552490234375
0.5885,4.2691650390625,-4.0989990234375,-0.6956787109375
0.589,4.2691650390625,-3.1781005859375,-1.6165771484375
0.5895,4.2291259765625,-2.5775146484375,-2.1370849609375
0.59,4.3492431640625,-1.6165771484375,-3.1781005859375
0.5905,3.7486572265625,-0.6956787109375,-3.5384521484375
0.591,3.7086181640625,0.1451416015625,-3.9788818359375
0.5915,2.8277587890625,0.8658447265625,-4.0989990234375
0.592,2.3072509765625,1.6666259765625,-4.3392333984375
0.5925,1.5465087890625,2.5074462890625,-4.3392333984375
0.593,0.7056884765625,3.2681884765625,-4.2991943359375
0.5935,-0.1351318359375,3.5484619140625,-3.7386474609375
0.594,-0.6556396484375,4.0289306640625,-3.6986083984375
0.5945,-1.7767333984375,4.1490478515625,-2.6575927734375
0.595,-2.3372802734375,4.3492431640625,-2.2972412109375
0.5955,-3.3782958984375,4.4293212890625,-1.3363037109375
0.596,-3.7786865234375,4.1090087890625,-0.6156005859375
0.5965,-4.1790771484375,3.8687744140625,0.0250244140625
0.597,-4.3392333984375,3.3883056640625,0.5455322265625
0.5975,-4.4993896484375,2.7076416015625,1.3863525390625
0.598,-4.4993896484375,2.0269775390625,2.0670166015625
0.5985,-4.6595458984375,1.3062744140625,2.9478759765625
0.599,-3.8988037109375,0.1851806640625,3.2281494140625
0.5995,-3.9788818359375,-0.4154052734375,3.9088134765625
0.6,-3.1380615234375,-1.5765380859375,3.9088134765625
0.6005,-2.6976318359375,-2.0970458984375,4.2691650390625
0.601,-1.7366943359375,-3.0179443359375,4.1490478515625
0.6015,-1.0159912109375,-3.6585693359375,4.0289306640625
0.602,-0.2952880859375,-3.9788818359375,3.6685791015625
0.6025,0.3853759765625,-4.4193115234375,3.3883056640625
0.603,1.4263916015625,-4.4993896484375,2.5074462890625
0.6035,2.0670166015625,-4.6595458984375,2.0670166015625
0.604,2.9478759765625,-4.7396240234375,1.2662353515625
0.6045,3.1881103515625,-4.2591552734375,0.5054931640625
0.605,3.6285400390625,-4.1790771484375,0.0650634765625
0.6055,3.6685791015625,-3.4984130859375,-0.6956787109375
0.606,3.8687744140625,-3.0579833984375,-1.3363037109375
0.6065,3.8687744140625,-2.1771240234375,-2.1370849609375
0.607,3.8687744140625,-1.5765380859375,-2.8978271484375
0.6075,3.2681884765625,-0.6156005859375,-3.1380615234375
0.608,3.1881103515625,-0.0950927734375,-3.5784912109375
0.6085,2.3472900390625,0.9859619140625,-3.6986083984375
0.609,2.1070556640625,1.5865478515625,-4.0189208984375
0.6095,1.2261962890625,2.4674072265625,-3.9788818359375
0.61,0.5054931640625,2.9078369140625,-3.7386474609375
0.6105,-0.0950927734375,3.3482666015625,-3.5384521484375
0.611,-0.8958740234375,3.5885009765625,-3.0579833984375
0.6115,-1.7366943359375,3.8687744140625,-2.4173583984375
0.612,-2.4173583984375,3.9088134765625,-1.8568115234375
0.6125,-3.1380615234375,3.9888916015625,-1.2161865234375
0.613,-3.3782958984375,3.5484619140625,-0.5755615234375
0.6135,-3.8187255859375,3.6285400390625,-0.1751708984375
0.614,-3.8587646484375,2.8277587890625,0.6656494140625
0.6145,-4.1790771484375,2.5474853515625,1.2261962890625
0.615,-4.1790771484375,1.5865478515625,2.0670166015625
0.6155,-4.1390380859375,0.9859619140625,2.6275634765625
0.616,-3.6986083984375,0.1051025390625,3.1480712890625
0.6165,-3.5384521484375,-0.4954833984375,3.5484619140625
0.617,-2.7777099609375,-1.4564208984375,3.7486572265625
0.6175,-2.3773193359375,-2.1370849609375,3.9088134765625
0.618,-1.5765380859375,-2.9779052734375,3.9888916015625
0.6185,-0.8958740234375,-3.3382568359375,3.6285400390625
0.619,-0.2952880859375,-3.8988037109375,3.5885009765625
0.6195,0.7056884765625,-4.0989990234375,2.8677978515625
0.62,1.4263916015625,-4.4193115234375,2.4273681640625
0.6205,2.1871337890625,-4.4193115234375,1.6265869140625
0.621,2.8277587890625,-4.4593505859375,1.1461181640625
0.6215,3.0279541015625,-3.9788818359375,0.4654541015625
0.622,3.4283447265625,-3.9788818359375,0.0250244140625
0.6225,3.5084228515625,-3.1380615234375,-0.9359130859375
0.623,3.7086181640625,-2.8177490234375,-1.4564208984375
0.6235,3.7086181640625,-1.9368896484375,-2.2972412109375
0.624,3.4283447265625,-1.2161865234375,-2.7376708984375
0.6245,3.1480712890625,-0.3753662109375,-3.1781005859375
0.625,2.7076416015625,0.3453369140625,-3.4583740234375
0.6255,2.1871337890625,1.2261962890625,-3.7386474609375
0.626,1.5865478515625,1.8668212890625,-3.7786865234375
0.6265,0.9459228515625,2.5474853515625,-3.8187255859375
0.627,0.2252197265625,2.8677978515625,-3.3782958984375
0.6275,-0.3353271484375,3.3883056640625,-3.3382568359375
0.628,-1.4163818359375,3.5484619140625,-2.4573974609375
0.6285,-1.9769287109375,3.8287353515625,-2.1771240234375
0.629,-2.7376708984375,3.7886962890625,-1.3363037109375
0.6295,-3.1781005859375,3.7086181640625,-0.8958740234375
0.63,-3.4984130859375,3.4283447265625,-0.2952880859375
0.6305,-3.6986083984375,3.1080322265625,0.2252197265625
0.631,-3.8988037109375,2.4674072265625,1.0260009765625
0.6315,-3.9788818359375,1.9468994140625,1.5865478515625
0.632,-4.1390380859375,1.2261962890625,2.4273681640625
0.6325,-3.6185302734375,0.3853759765625,2.7476806640625
0.633,-3.5784912109375,-0.2552490234375,3.3482666015625
0.6335,-2.8177490234375,-1.1361083984375,3.4683837890625
0.634,-2.5374755859375,-1.8968505859375,3.8687744140625
0.6345,-1.7366943359375,-2.5775146484375,3.7086181640625
0.635,-1.1361083984375,-3.1781005859375,3.7886962890625
0.6355,-0.4554443359375,-3.5384521484375,3.3482666015625
0.636,0.2252197265625,-3.9788818359375,3.1881103515625
0.6365,1.3062744140625,-4.1790771484375,2.3472900390625
0.637,1.9068603515625,-4.3792724609375,1.9468994140625
0.6375,2.6275634765625,-4.3392333984375,1.2261962890625
0.638,2.9078369140625,-4.0989990234375,0.6256103515625
0.6385,3.2681884765625,-3.8988037109375,0.1451416015625
0.639,3.3883056640625,-3.3382568359375,-0.6156005859375
0.6395,3.7086181640625,-2.8978271484375,-1.3363037109375
0.64,3.5885009765625,-2.1370849609375,-2.0169677734375
0.6405,3.7086181640625,-1.4163818359375,-2.7376708984375
0.641,3.0679931640625,-0.4954833984375,-3.0179443359375
0.6415,3.0679931640625,0.0650634765625,-3.5384521484375
0.642,2.1470947265625,1.1461181640625,-3.6585693359375
0.6425,1.8668212890625,1.7867431640625,-3.9388427734375
0.643,0.9859619140625,2.4674072265625,-3.7786865234375
0.6435,0.3453369140625,2.9879150390625,-3.6585693359375
0.644,-0.3353271484375,3.2681884765625,-3.2581787109375
0.6445,-1.1361083984375,3.6685791015625,-2.8177490234375
0.645,-2.1370849609375,3.8687744140625,-2.0570068359375
0.6455,-2.6976318359375,3.8287353515625,-1.4564208984375
0.646,-3.3382568359375,3.8687744140625,-0.8558349609375
0.6465,-3.5384521484375,3.3883056640625,-0.2552490234375
0.647,-3.8988037109375,3.2281494140625,0.2252197265625
0.6475,-3.9788818359375,2.4273681640625,1.1461181640625
0.648,-4.1790771484375,1.9468994140625,1.7467041015625
0.6485,-3.9788818359375,1.1060791015625,2.4273681640625
0.649,-3.9788818359375,0.5054931640625,3.0679931640625
0.6495,-3.3382568359375,-0.4554443359375,3.2681884765625
0.65,-3.1781005859375,-1.0560302734375,3.7086181640625
0.6505,-2.2572021484375,-2.0970458984375,3.8687744140625
0.651,-1.7767333984375,-2.6976318359375,3.8687744140625
0.6515,-0.9759521484375,-3.3782958984375,3.8287353515625
0.652,-0.3353271484375,-3.7786865234375,3.5084228515625
0.6525,0.3052978515625,-4.1390380859375,3.2281494140625
0.653,1.3062744140625,-4.3392333984375,2.5074462890625
0.6535,2.2271728515625,-4.6195068359375,1.8668212890625
0.654,2.7476806640625,-4.3392333984375,1.1060791015625
0.6545,3.3482666015625,-4.4593505859375,0.5855712890625
0.655,3.4683837890625,-3.8587646484375,-0.1751708984375
0.6555,3.7886962890625,-3.6986083984375,-0.6556396484375
0.656,3.8687744140625,-2.7376708984375,-1.6966552734375
0.6565,3.9888916015625,-2.1771240234375,-2.2572021484375
0.657,3.7086181640625,-1.2161865234375,-2.9378662109375
0.6575,3.5084228515625,-0.4954833984375,-3.4583740234375
0.658,2.8677978515625,0.4254150390625,-3.6585693359375
0.6585,2.4674072265625,1.1461181640625,-3.9788818359375
0.659,1.6666259765625,2.2672119140625,-4.2191162109375
0.6595,0.9459228515625,2.7476806640625,-3.9388427734375
0.66,0.2252197265625,3.4283447265625,-3.9388427734375
0.6605,-0.5755615234375,3.6685791015625,-3.3782958984375
0.661,-1.2562255859375,3.9888916015625,-3.0579833984375
0.6615,-2.3773193359375,4.1490478515625,-2.0970458984375
0.662,-3.2581787109375,4.3092041015625,-1.3763427734375
0.6625,-3.6986083984375,3.8687744140625,-0.5755615234375
0.663,-4.1790771484375,3.8687744140625,-0.0550537109375
0.6635,-4.2191162109375,3.1080322265625,0.6256103515625
0.664,-4.3792724609375,2.7076416015625,1.2261962890625
0.6645,-4.5394287109375,1.8668212890625,2.2672119140625
0.665,-4.3392333984375,1.1060791015625,2.8277587890625
0.6655,-4.1390380859375,0.1851806640625,3.5084228515625
0.666,-3.6986083984375,-0.6156005859375,3.7886962890625
0.6665,-3.1380615234375,-1.4163818359375,3.9888916015625
0.667,-2.4173583984375,-2.2572021484375,4.1490478515625
0.6675,-1.6566162109375,-3.2581787109375,4.3492431640625
0.668,-0.7757568359375,-3.6585693359375,3.8687744140625
0.6685,-0.2552490234375,-4.2991943359375,3.9088134765625
0.669,0.6656494140625,-4.4193115234375,3.1881103515625
0.6695,1.3463134765625,-4.7396240234375,2.7877197265625
0.67,2.5474853515625,-4.8597412109375,1.7867431640625
0.6705,3.2281494140625,-4.8197021484375,1.0660400390625
0.671,3.6685791015625,-4.4993896484375,0.2652587890625
0.6715,4.0289306640625,-4.3392333984375,-0.2952880859375
0.672,4.1090087890625,-3.6185302734375,-1.0960693359375
0.6725,4.1890869140625,-3.0579833984375,-1.6566162109375
0.673,4.4293212890625,-2.0970458984375,-2.7777099609375
0.6735,3.9888916015625,-1.2161865234375,-3.2181396484375
0.674,3.8687744140625,-0.3353271484375,-3.9388427734375
0.6745,3.1480712890625,0.5855712890625,-4.0989990234375
0.675,2.6676025390625,1.3062744140625,-4.3392333984375
0.6755,1.7867431640625,2.3072509765625,-4.4593505859375
0.676,0.9859619140625,3.3082275390625,-4.5794677734375
0.6765,0.0250244140625,3.6685791015625,-3.9388427734375
0.677,-0.5755615234375,4.2691650390625,-3.9788818359375
0.6775,-1.6566162109375,4.3492431640625,-2.9779052734375
0.678,-2.3773193359375,4.5494384765625,-2.5374755859375
0.6785,-3.6585693359375,4.7095947265625,-1.4163818359375
0.679,-4.1790771484375,4.4293212890625,-0.6156005859375
0.6795,-4.5794677734375,3.9888916015625,0.1451416015625
0.68,-4.8197021484375,3.6685791015625,0.7857666015625
0.6805,-4.8597412109375,2.8677978515625,1.6265869140625
0.681,-4.8597412109375,2.1070556640625,2.3072509765625
0.6815,-5.0599365234375,1.1461181640625,3.4283447265625
0.682,-4.3392333984375,0.1051025390625,3.7886962890625
0.6825,-4.2191162109375,-0.6556396484375,4.4293212890625
0.683,-3.2581787109375,-1.7366943359375,4.4293212890625
0.6835,-2.6976318359375,-2.4974365234375,4.6295166015625
0.684,-1.7366943359375,-3.5384521484375,4.6295166015625
0.6845,-0.8157958984375,-4.3392333984375,4.5093994140625
0.685,0.1051025390625,-4.6195068359375,3.8687744140625
0.6855,0.7056884765625,-5.0999755859375,3.7886962890625
0.686,1.9468994140625,-5.1400146484375,2.6275634765625
0.6865,2.5474853515625,-5.2200927734375,2.1070556640625
0.687,3.7886962890625,-5.3802490234375,1.0260009765625
0.6875,4.1490478515625,-4.8597412109375,0.1451416015625
0.688,4.5093994140625,-4.5794677734375,-0.4954833984375
0.6885,4.6295166015625,-3.8988037109375,-1.2161865234375
0.689,4.6295166015625,-3.0579833984375,-2.0169677734375
0.6895,4.5494384765625,-2.2572021484375,-2.7376708984375
0.69,4.6695556640625,-1.3363037109375,-3.8187255859375
0.6905,3.8687744140625,-0.1751708984375,-4.0989990234375
0.691,3.7886962890625,0.5054931640625,-4.6195068359375
0.6915,2.6275634765625,1.6265869140625,-4.6195068359375
0.692,2.1070556640625,2.4273681640625,-4.7796630859375
0.6925,1.1060791015625,3.4283447265625,-4.7796630859375
0.693,0.1051025390625,4.1490478515625,-4.4993896484375
0.6935,-0.7757568359375,4.4293212890625,-3.8988037109375
0.694,-1.5364990234375,4.8697509765625,-3.5784912109375
0.6945,-2.8177490234375,4.9097900390625,-2.3773193359375
0.695,-3.3782958984375,4.8697509765625,-1.8568115234375
0.6955,-4.5394287109375,4.8697509765625,-0.7757568359375
0.696,-4.8197021484375,4.2291259765625,0.1451416015625
0.6965,-5.1400146484375,3.9888916015625,0.7457275390625
0.697,-5.2601318359375,3.1881103515625,1.6666259765625
0.6975,-5.2601318359375,2.3472900390625,2.5074462890625
0.698,-5.0599365234375,1.4263916015625,3.1881103515625
0.6985,-5.0999755859375,0.5054931640625,4.1490478515625
0.699,-4.1390380859375,-0.6956787109375,4.3492431640625
0.6995,-4.0189208984375,-1.3763427734375,4.8297119140625
0.7,-2.6976318359375,-2.6976318359375,4.8297119140625
0.7005,-2.1771240234375,-3.3382568359375,4.8697509765625
0.701,-1.0159912109375,-4.3392333984375,4.7496337890625
0.7015,-0.0550537109375,-4.8597412109375,4.3492431640625
0.702,0.7457275390625,-5.0999755859375,3.7886962890625
0.7025,1.6265869140625,-5.4202880859375,3.1881103515625
0.703,2.8277587890625,-5.5003662109375,2.0670166015625
0.7035,3.3482666015625,-5.3802490234375,1.4263916015625
0.704,4.3492431640625,-5.3802490234375,0.3853759765625
0.7045,4.4693603515625,-4.4993896484375,-0.4554443359375
0.705,4.7496337890625,-4.3392333984375,-0.9759521484375
0.7055,4.7896728515625,-3.2581787109375,-1.9769287109375
0.706,4.7496337890625,-2.5775146484375,-2.6575927734375
0.7065,4.5093994140625,-1.5364990234375,-3.4183349609375
0.707,4.4293212890625,-0.6556396484375,-4.1790771484375
0.7075,3.4683837890625,0.4654541015625,-4.2991943359375
0.708,3.2681884765625,1.0660400390625,-4.7396240234375
0.7085,1.9869384765625,2.3873291015625,-4.6995849609375
0.709,1.5865478515625,2.8677978515625,-4.7396240234375
0.7095,0.4654541015625,3.8687744140625,-4.5394287109375
0.71,-0.4954833984375,4.2691650390625,-4.0989990234375
0.7105,-1.1761474609375,4.5494384765625,-3.6185302734375
0.711,-2.2171630859375,4.7496337890625,-2.8978271484375
0.7115,-3.1781005859375,4.8297119140625,-1.9769287109375
0.712,-3.7786865234375,4.5894775390625,-1.2562255859375
0.7125,-4.6195068359375,4.6295166015625,-0.3753662109375
0.713,-4.6995849609375,3.8687744140625,0.5054931640625
0.7135,-5.0198974609375,3.7886962890625,0.9459228515625
0.714,-5.0198974609375,2.5474853515625,2.0670166015625
0.7145,-5.0999755859375,2.0269775390625,2.6275634765625
0.715,-4.8197021484375,0.9058837890625,3.5084228515625
0.7155,-4.6195068359375,0.0650634765625,4.1090087890625
0.716,-3.8587646484375,-1.0159912109375,4.3492431640625
0.7165,-3.5384521484375,-1.7366943359375,4.6695556640625
0.717,-2.3372802734375,-3.0179443359375,4.7496337890625
0.7175,-1.7366943359375,-3.5384521484375,4.6295166015625
0.718,-0.6956787109375,-4.4193115234375,4.5093994140625
0.7185,0.2252197265625,-4.7396240234375,3.9088134765625
0.719,0.9058837890625,-5.0999755859375,3.5484619140625
0.7195,2.0670166015625,-5.2601318359375,2.5875244140625
0.72,2.9478759765625,-5.3802490234375,1.7867431640625
0.7205,3.5484619140625,-4.9798583984375,0.9859619140625
0.721,4.2291259765625,-4.9798583984375,0.2252197265625
0.7215,4.2291259765625,-4.1390380859375,-0.6156005859375
0.722,4.5093994140625,-3.9388427734375,-1.0960693359375
0.7225,4.5093994140625,-2.6976318359375,-2.2572021484375
0.723,4.4693603515625,-2.2171630859375,-2.6976318359375
0.7235,4.2291259765625,-1.0960693359375,-3.5384521484375
0.724,3.8687744140625,-0.2552490234375,-3.9788818359375
0.7245,3.1881103515625,0.6656494140625,-4.1790771484375
0.725,2.6275634765625,1.4263916015625,-4.3792724609375
0.7255,1.7066650390625,2.5474853515625,-4.5394287109375
0.726,1.0260009765625,2.9478759765625,-4.2991943359375
0.7265,0.1451416015625,3.7886962890625,-4.1790771484375
0.727,-0.6556396484375,3.9088134765625,-3.5384521484375
0.7275,-1.2562255859375,4.2691650390625,-3.3382568359375
0.728,-2.4573974609375,4.3492431640625,-2.2572021484375
0.7285,-3.1380615234375,4.5093994140625,-1.7366943359375
0.729,-3.7386474609375,4.1890869140625,-0.8157958984375
0.7295,-4.2191162109375,4.1090087890625,-0.2552490234375
0.73,-4.3392333984375,3.4683837890625,0.5054931640625
0.7305,-4.4993896484375,3.1881103515625,0.9859619140625
0.731,-4.6195068359375,2.2271728515625,1.9869384765625
0.7315,-4.4993896484375,1.6265869140625,2.5074462890625
0.732,-4.4993896484375,0.7056884765625,3.3482666015625
0.7325,-3.8988037109375,-0.1751708984375,3.6285400390625
0.733,-3.6185302734375,-0.9759521484375,4.0689697265625
0.7335,-2.8577880859375,-1.8568115234375,4.1490478515625
0.734,-2.2572021484375,-2.7376708984375,4.4293212890625
0.7345,-1.4163818359375,-3.2982177734375,4.1090087890625
0.735,-0.6956787109375,-4.0589599609375,4.1090087890625
0.7355,0.1451416015625,-4.2191162109375,3.4283447265625
0.736,0.7857666015625,-4.6995849609375,3.2281494140625
0.7365,1.9468994140625,-4.7796630859375,2.2271728515625
0.737,2.5474853515625,-4.8197021484375,1.7467041015625
0.7375,3.2281494140625,-4.6195068359375,0.8658447265625
0.738,3.5484619140625,-4.3792724609375,0.3052978515625
0.7385,3.7886962890625,-3.8988037109375,-0.4154052734375
0.739,3.9088134765625,-3.3782958984375,-1.0159912109375
0.7395,4.1490478515625,-2.6575927734375,-1.9368896484375
0.74,3.9088134765625,-1.9368896484375,-2.4173583984375
0.7405,3.9888916015625,-1.1361083984375,-3.2581787109375
0.741,3.1881103515625,-0.1751708984375,-3.4583740234375
0.7415,3.0679931640625,0.4654541015625,-3.8988037109375
0.742,2.1070556640625,1.5064697265625,-3.9788818359375
0.7425,1.7066650390625,2.1871337890625,-4.2191162109375
0.743,0.7857666015625,2.7076416015625,-3.8988037109375
0.7435,0.1851806640625,3.3482666015625,-3.8187255859375
0.744,-0.6156005859375,3.5084228515625,-3.2581787109375
0.7445,-1.2962646484375,3.8687744140625,-2.8978271484375
0.745,-2.4173583984375,4.0689697265625,-2.0169677734375
0.7455,-2.8577880859375,3.9888916015625,-1.4564208984375
0.746,-3.5384521484375,3.9488525390625,-0.7757568359375
0.7465,-3.6986083984375,3.5484619140625,-0.2152099609375
0.747,-4.0189208984375,3.3082275390625,0.3453369140625
0.7475,-4.0189208984375,2.5474853515625,1.1060791015625
0.748,-4.3392333984375,2.0670166015625,1.8668212890625
0.7485,-4.0189208984375,1.2261962890625,2.3873291015625
0.749,-4.1390380859375,0.6256103515625,3.0679931640625
0.7495,-3.3782958984375,-0.3753662109375,3.2681884765625
0.75,-3.3382568359375,-0.9759521484375,3.7086181640625
0.7505,-2.3773193359375,-1.9769287109375,3.8687744140625
0.751,-1.9769287109375,-2.5374755859375,3.9088134765625
0.7515,-1.1761474609375,-3.2581787109375,3.7886962890625
0.752,-0.5755615234375,-3.6986083984375,3.5885009765625
0.7525,0.1451416015625,-3.9788818359375,3.2281494140625
0.753,0.9859619140625,-4.2191162109375,2.7076416015625
0.7535,1.9068603515625,-4.4993896484375,2.0670166015625
0.754,2.3873291015625,-4.3392333984375,1.4263916015625
0.7545,3.0279541015625,-4.4993896484375,0.9058837890625
0.755,3.1480712890625,-3.8988037109375,0.2252197265625
0.7555,3.5484619140625,-3.8187255859375,-0.2552490234375
0.756,3.6285400390625,-2.9378662109375,-1.1761474609375
0.7565,3.8687744140625,-2.5374755859375,-1.8167724609375
0.757,3.6285400390625,-1.5765380859375,-2.4974365234375
0.7575,3.5885009765625,-0.9759521484375,-3.0179443359375
0.758,2.9478759765625,0.0250244140625,-3.3382568359375
0.7585,2.7076416015625,0.6256103515625,-3.6986083984375
0.759,1.9468994140625,1.5865478515625,-3.9788818359375
0.7595,1.4263916015625,2.0670166015625,-3.8988037109375
0.76,0.6656494140625,2.8277587890625,-3.8587646484375
0.7605,0.0250244140625,3.1480712890625,-3.4583740234375
0.761,-0.7357177734375,3.5484619140625,-3.1380615234375
0.7615,-1.6966552734375,3.7486572265625,-2.3773193359375
0.762,-2.4974365234375,3.9888916015625,-1.8167724609375
0.7625,-2.9378662109375,3.6685791015625,-1.0960693359375
0.763,-3.4583740234375,3.7886962890625,-0.6556396484375
0.7635,-3.5784912109375,3.1881103515625,0.0650634765625
0.764,-3.8587646484375,2.9478759765625,0.5455322265625
0.7645,-3.9788818359375,2.1470947265625,1.4664306640625
0.765,-4.0189208984375,1.6265869140625,1.9869384765625
0.7655,-3.8988037109375,0.7857666015625,2.7076416015625
0.766,-3.5784912109375,0.1051025390625,3.0679931640625
0.7665,-3.1781005859375,-0.6956787109375,3.3883056640625
0.767,-2.6976318359375,-1.4564208984375,3.5885009765625
0.7675,-2.0970458984375,-2.3372802734375,3.8687744140625
0.768,-1.4163818359375,-2.8177490234375,3.5885009765625
0.7685,-0.9359130859375,-3.4183349609375,3.7486572265625
0.769,-0.1351318359375,-3.5784912109375,3.1881103515625
0.7695,0.5054931640625,-4.0189208984375,2.9478759765625
0.77,1.5465087890625,-4.2191162109375,2.1470947265625
0.7705,2.1871337890625,-4.3792724609375,1.6265869140625
0.771,2.7076416015625,-4.1390380859375,0.9459228515625
0.7715,3.0279541015625,-4.1390380859375,0.5855712890625
0.772,3.2281494140625,-3.5784912109375,-0.1351318359375
0.7725,3.4683837890625,-3.2181396484375,-0.6956787109375
0.773,3.7486572265625,-2.5775146484375,-1.6566162109375
0.7735,3.5484619140625,-1.9368896484375,-2.0970458984375
0.774,3.5885009765625,-1.1761474609375,-2.8978271484375
0.7745,3.0679931640625,-0.3353271484375,-3.1380615234375
0.775,2.8277587890625,0.3052978515625,-3.5784912109375
0.7755,2.1070556640625,1.2662353515625,-3.7786865234375
0.776,1.5865478515625,1.9869384765625,-3.9788818359375
0.7765,0.8258056640625,2.5074462890625,-3.6585693359375
0.777,0.3052978515625,3.1480712890625,-3.7386474609375
0.7775,-0.5755615234375,3.3082275390625,-3.0579833984375
0.778,-1.2562255859375,3.7086181640625,-2.7376708984375
0.7785,-2.3773193359375,3.9488525390625,-1.8968505859375
0.779,-2.8978271484375,3.8687744140625,-1.2562255859375
0.7795,-3.4583740234375,3.7086181640625,-0.6556396484375
0.78,-3.6986083984375,3.4683837890625,-0.1351318359375
0.7805,-3.8988037109375,2.9879150390625,0.5054931640625
0.781,-4.0189208984375,2.4273681640625,1.2261962890625
0.7815,-4.2991943359375,1.7867431640625,2.1070556640625
0.782,-3.8587646484375,0.8658447265625,2.5474853515625
0.7825,-3.9788818359375,0.2252197265625,3.2281494140625
0.783,-3.1781005859375,-0.6956787109375,3.3482666015625
0.7835,-2.9378662109375,-1.4163818359375,3.7086181640625
0.784,-2.0970458984375,-2.3773193359375,3.8687744140625
0.7845,-1.4964599609375,-2.9378662109375,3.8687744140625
0.785,-0.7757568359375,-3.4183349609375,3.5885009765625
0.7855,-0.2552490234375,-3.8587646484375,3.5084228515625
0.786,0.6656494140625,-4.0189208984375,2.8277587890625
0.7865,1.3863525390625,-4.3392333984375,2.3873291015625
0.787,2.4273681640625,-4.5394287109375,1.5865478515625
0.7875,2.8277587890625,-4.1790771484375,0.9058837890625
0.788,3.3482666015625,-4.2591552734375,0.3853759765625
0.7885,3.4283447265625,-3.6986083984375,-0.2552490234375
0.789,3.6685791015625,-3.3382568359375,-0.8558349609375
0.7895,3.7486572265625,-2.5374755859375,-1.6966552734375
0.79,3.9488525390625,-1.9368896484375,-2.4573974609375
0.7905,3.4683837890625,-0.9759521484375,-2.8978271484375
0.791,3.4683837890625,-0.4554443359375,-3.5384521484375
0.7915,2.6676025390625,0.5054931640625,-3.6185302734375
0.792,2.3873291015625,1.2261962890625,-3.9788818359375
0.7925,1.5465087890625,2.3072509765625,-4.1390380859375
0.793,0.7857666015625,2.8677978515625,-3.8988037109375
0.7935,0.1051025390625,3.3482666015625,-3.7786865234375
0.794,-0.6556396484375,3.7086181640625,-3.3382568359375
0.7945,-1.5765380859375,3.9088134765625,-2.6976318359375
0.795,-2.3773193359375,4.1490478515625,-2.0570068359375
0.7955,-3.3782958984375,4.3492431640625,-1.2562255859375
0.796,-3.6986083984375,3.7886962890625,-0.4954833984375
0.7965,-4.1790771484375,3.8687744140625,0.0250244140625
0.797,-4.2191162109375,3.0279541015625,0.8258056640625
0.7975,-4.4193115234375,2.5875244140625,1.4263916015625
0.798,-4.4993896484375,1.6265869140625,2.3873291015625
0.7985,-4.4193115234375,0.9058837890625,3.0679931640625
0.799,-3.8587646484375,-0.1351318359375,3.4683837890625
0.7995,-3.6986083984375,-0.7757568359375,3.8687744140625
0.8,-2.7777099609375,-1.8167724609375,3.9488525390625
0.8005,-2.2972412109375,-2.4173583984375,4.1890869140625
0.801,-1.3363037109375,-3.4583740234375,4.2291259765625
0.8015,-0.5755615234375,-3.8587646484375,3.8287353515625
0.802,0.0650634765625,-4.3392333984375,3.7086181640625
0.8025,1.0260009765625,-4.5394287109375,2.9478759765625
0.803,1.8267822265625,-4.6595458984375,2.3072509765625
0.8035,2.6275634765625,-4.7396240234375,1.5465087890625
0.804,3.4283447265625,-4.7796630859375,0.8258056640625
0.8045,3.5885009765625,-4.1790771484375,0.0250244140625
0.805,3.9888916015625,-4.1390380859375,-0.3353271484375
0.8055,3.9888916015625,-3.1781005859375,-1.2962646484375
0.806,4.1090087890625,-2.7376708984375,-1.8568115234375
0.8065,4.1490478515625,-1.7767333984375,-2.8577880859375
0.807,3.8687744140625,-0.9759521484375,-3.3782958984375
0.8075,3.4683837890625,-0.1351318359375,-3.8187255859375
0.808,3.0279541015625,0.6256103515625,-4.0989990234375
0.8085,2.1871337890625,1.7066650390625,-4.1790771484375
0.809,1.6265869140625,2.3873291015625,-4.3392333984375
0.8095,0.7056884765625,3.3482666015625,-4.3792724609375
0.81,-0.1751708984375,3.6685791015625,-3.8187255859375
0.8105,-0.7357177734375,4.1890869140625,-3.7386474609375
0.811,-1.9769287109375,4.3492431640625,-2.6976318359375
0.8115,-2.6976318359375,4.5093994140625,-2.1771240234375
0.812,-3.6185302734375,4.5093994140625,-1.2161865234375
0.8125,-4.2991943359375,4.3892822265625,-0.4954833984375
0.813,-4.4593505859375,3.7886962890625,0.3052978515625
0.8135,-4.7796630859375,3.5885009765625,0.8258056640625
0.814,-4.8197021484375,2.4674072265625,1.9468994140625
0.8145,-4.7796630859375,1.9468994140625,2.4674072265625
0.815,-4.8197021484375,0.8258056640625,3.5084228515625
0.8155,-4.2991943359375,-0.1351318359375,3.8687744140625
0.816,-3.8587646484375,-1.0159912109375,4.2691650390625
0.8165,-3.1380615234375,-1.9368896484375,4.5093994140625
0.817,-2.2572021484375,-2.9779052734375,4.5894775390625
0.8175,-1.4163818359375,-3.5784912109375,4.4293212890625
0.818,-0.5355224609375,-4.4593505859375,4.4293212890625
0.8185,0.3453369140625,-4.6195068359375,3.7086181640625
0.819,0.9859619140625,-5.0599365234375,3.5084228515625
0.8195,2.3072509765625,-5.1400146484375,2.2672119140625
0.82,2.9478759765625,-5.1400146484375,1.6666259765625
0.8205,3.7886962890625,-4.9798583984375,0.6656494140625
0.821,4.2691650390625,-4.7396240234375,-0.0550537109375
0.8215,4.3492431640625,-4.0589599609375,-0.7757568359375
0.822,4.5494384765625,-3.6986083984375,-1.3363037109375
0.8225,4.5494384765625,-2.5374755859375,-2.4974365234375
0.823,4.3492431640625,-1.9368896484375,-2.9378662109375
0.8235,4.3892822265625,-0.9759521484375,-3.8988037109375
0.824,3.6685791015625,0.1451416015625,-4.1390380859375
0.8245,3.2681884765625,0.8658447265625,-4.4993896484375
0.825,2.3472900390625,1.9468994140625,-4.5794677734375
0.8255,1.5865478515625,2.8677978515625,-4.7396240234375
0.826,0.6656494140625,3.5084228515625,-4.4593505859375
0.8265,-0.1751708984375,4.3092041015625,-4.3392333984375
0.827,-1.1361083984375,4.3892822265625,-3.5784912109375
0.8275,-1.7767333984375,4.7896728515625,-3.3382568359375
0.828,-3.1781005859375,4.8697509765625,-2.0169677734375
0.8285,-3.7786865234375,4.8297119140625,-1.3763427734375
0.829,-4.5794677734375,4.5894775390625,-0.3753662109375
0.8295,-4.9798583984375,4.1890869140625,0.3853759765625
0.83,-5.0599365234375,3.5885009765625,1.1060791015625
0.8305,-5.1400146484375,2.9478759765625,1.8267822265625
0.831,-5.2601318359375,1.8668212890625,2.9078369140625
0.8315,-4.8597412109375,0.9859619140625,3.3883056640625
0.832,-4.8197021484375,0.0650634765625,4.3092041015625
0.8325,-3.9388427734375,-1.0960693359375,4.5093994140625
0.833,-3.5784912109375,-1.7767333984375,4.7896728515625
0.8335,-2.4173583984375,-3.0179443359375,4.8297119140625
0.834,-1.6165771484375,-3.8587646484375,4.8697509765625
0.8345,-0.6156005859375,-4.4193115234375,4.4293212890625
0.835,0.1851806640625,-5.0999755859375,4.3092041015625
0.8355,1.1060791015625,-5.1400146484375,3.4683837890625
0.836,1.8668212890625,-5.4202880859375,3.0279541015625
0.8365,3.2681884765625,-5.5404052734375,1.7066650390625
0.837,3.7886962890625,-5.2601318359375,0.9459228515625
0.8375,4.5093994140625,-5.0198974609375,0.0250244140625
0.838,4.7095947265625,-4.4993896484375,-0.7357177734375
0.8385,4.7496337890625,-3.8587646484375,-1.3763427734375
0.839,4.7896728515625,-3.0579833984375,-2.2572021484375
0.8395,4.8697509765625,-2.1370849609375,-3.2581787109375
0.84,4.3492431640625,-1.0960693359375,-3.6585693359375
0.8405,4.3092041015625,-0.1751708984375,-4.4993896484375
0.841,3.2281494140625,0.9058837890625,-4.4993896484375
0.8415,2.9478759765625,1.5465087890625,-4.8197021484375
0.842,1.7066650390625,2.8277587890625,-4.8197021484375
0.8425,1.0260009765625,3.5484619140625,-4.8197021484375
0.843,-0.0550537109375,4.1090087890625,-4.2991943359375
0.8435,-0.8157958984375,4.6295166015625,-4.0989990234375
0.844,-1.6566162109375,4.6295166015625,-3.2181396484375
0.8445,-2.4974365234375,4.8697509765625,-2.6976318359375
0.845,-3.8187255859375,4.9898681640625,-1.4964599609375
0.8455,-4.2191162109375,4.5494384765625,-0.6956787109375
0.846,-4.8997802734375,4.4293212890625,0.1451416015625
0.8465,-4.9798583984375,3.7486572265625,0.8658447265625
0.847,-5.0999755859375,3.2281494140625,1.4664306640625
0.8475,-5.0599365234375,2.2271728515625,2.4273681640625
0.848,-5.1400146484375,1.4664306640625,3.2681884765625
0.8485,-4.5394287109375,0.3453369140625,3.7086181640625
0.849,-4.4993896484375,-0.4154052734375,4.4693603515625
0.8495,-3.4984130859375,-1.5364990234375,4.4693603515625
0.85,-3.1781005859375,-2.1370849609375,4.7496337890625
0.8505,-1.9368896484375,-3.4183349609375,4.7896728515625
0.851,-1.2161865234375,-3.9788818359375,4.5894775390625
0.8515,-0.2552490234375,-4.5794677734375,4.1890869140625
0.852,0.5054931640625,-4.9798583984375,3.8687744140625
0.8525,1.3062744140625,-5.0999755859375,3.1881103515625
0.853,2.2672119140625,-5.2601318359375,2.4674072265625
0.8535,3.4683837890625,-5.4202880859375,1.4263916015625
0.854,3.8287353515625,-4.8597412109375,0.5855712890625
0.8545,4.4693603515625,-4.8597412109375,-0.0950927734375
0.855,4.4693603515625,-4.0989990234375,-0.9359130859375
0.8555,4.6295166015625,-3.6585693359375,-1.4964599609375
0.856,4.6295166015625,-2.5374755859375,-2.5374755859375
0.8565,4.6295166015625,-1.7767333984375,-3.3382568359375
0.857,4.0289306640625,-0.6556396484375,-3.8187255859375
0.8575,3.9088134765625,0.1051025390625,-4.3792724609375
0.858,2.9078369140625,1.1461181640625,-4.3392333984375
0.8585,2.5074462890625,1.7867431640625,-4.5794677734375
0.859,1.4263916015625,3.0679931640625,-4.7396240234375
0.8595,0.5855712890625,3.5084228515625,-4.3392333984375
0.86,-0.2952880859375,4.1090087890625,-4.0989990234375
0.8605,-1.0560302734375,4.3492431640625,-3.5784912109375
0.861,-1.8568115234375,4.5093994140625,-2.9378662109375
0.8615,-2.8177490234375,4.5894775390625,-2.0970458984375
0.862,-3.8587646484375,4.7496337890625,-1.2161865234375
0.8625,-4.0189208984375,4.1090087890625,-0.3753662109375
0.863,-4.6995849609375,4.1090087890625,0.1851806640625
0.8635,-4.6195068359375,3.1881103515625,0.9859619140625
0.864,-4.7396240234375,2.8277587890625,1.5465087890625
0.8645,-4.8197021484375,1.7867431640625,2.5474853515625
0.865,-4.6195068359375,1.0660400390625,3.1480712890625
0.8655,-4.2191162109375,0.0650634765625,3.7086181640625
0.866,-3.8988037109375,-0.6556396484375,4.0289306640625
0.8665,-3.1380615234375,-1.5765380859375,4.1490478515625
0.867,-2.6175537109375,-2.2572021484375,4.3092041015625
0.8675,-1.7366943359375,-3.3382568359375,4.4693603515625
0.868,-0.8958740234375,-3.6986083984375,3.9488525390625
0.8685,-0.2952880859375,-4.3392333984375,3.9888916015625
0.869,0.5855712890625,-4.4193115234375,3.2681884765625
0.8695,1.2662353515625,-4.7396240234375,2.9078369140625
0.87,2.2672119140625,-4.8197021484375,1.9468994140625
0.8705,3.1080322265625,-4.9798583984375,1.2662353515625
0.871,3.4683837890625,-4.4993896484375,0.4654541015625
0.8715,3.7886962890625,-4.5394287109375,0.0650634765625
0.872,3.8687744140625,-3.6585693359375,-0.7757568359375
0.8725,4.0289306640625,-3.2581787109375,-1.2962646484375
0.873,4.1890869140625,-2.3372802734375,-2.3773193359375
0.8735,3.9488525390625,-1.6165771484375,-2.8177490234375
0.874,3.7886962890625,-0.6956787109375,-3.5384521484375
0.8745,3.2281494140625,0.1051025390625,-3.6986083984375
0.875,2.7476806640625,0.9058837890625,-3.9788818359375
0.8755,2.1070556640625,1.7066650390625,-4.1390380859375
0.876,1.3863525390625,2.6275634765625,-4.3392333984375
0.8765,0.5054931640625,3.0279541015625,-3.8187255859375
0.877,0.0250244140625,3.6685791015625,-3.9388427734375
0.8775,-0.9759521484375,3.7486572265625,-3.0980224609375
0.878,-1.6566162109375,4.1090087890625,-2.7376708984375
0.8785,-2.7376708984375,4.1490478515625,-1.8568115234375
0.879,-3.3382568359375,4.1090087890625,-1.1361083984375
0.8795,-3.8587646484375,3.8287353515625,-0.3753662109375
0.88,-4.0189208984375,3.6285400390625,0.0250244140625
0.8805,-4.1790771484375,2.9478759765625,0.8258056640625
0.881,-4.2591552734375,2.4273681640625,1.4263916015625
0.8815,-4.4993896484375,1.6666259765625,2.3873291015625
0.882,-4.0189208984375,0.7857666015625,2.7476806640625
0.8825,-4.0189208984375,0.1451416015625,3.4683837890625
0.883,-3.2581787109375,-0.7757568359375,3.5484619140625
0.8835,-3.0179443359375,-1.4163818359375,3.8687744140625
0.884,-2.1771240234375,-2.3372802734375,3.9488525390625
0.8845,-1.5765380859375,-3.0579833984375,3.9888916015625
0.885,-0.7757568359375,-3.4183349609375,3.5885009765625
0.8855,-0.2952880859375,-3.8988037109375,3.6285400390625
0.886,0.6256103515625,-4.0589599609375,2.8277587890625
0.8865,1.3062744140625,-4.4193115234375,2.5074462890625
0.887,2.3072509765625,-4.5394287109375,1.6666259765625
0.8875,2.6676025390625,-4.2991943359375,1.0660400390625
0.888,3.1881103515625,-4.2191162109375,0.5455322265625
0.8885,3.2681884765625,-3.7786865234375,0.0250244140625
0.889,3.5484619140625,-3.4183349609375,-0.6556396484375
0.8895,3.6685791015625,-2.7376708984375,-1.3763427734375
0.89,3.8687744140625,-2.2171630859375,-2.1771240234375
0.8905,3.4283447265625,-1.2962646484375,-2.6175537109375
0.891,3.5484619140625,-0.7357177734375,-3.2181396484375
0.8915,2.7476806640625,0.2252197265625,-3.3382568359375
0.892,2.5875244140625,0.8258056640625,-3.8187255859375
0.8925,1.7867431640625,1.8668212890625,-3.9788818359375
0.893,1.2261962890625,2.3873291015625,-3.8988037109375
0.8935,0.5054931640625,2.9478759765625,-3.6986083984375
0.894,-0.1751708984375,3.3482666015625,-3.4984130859375
0.8945,-1.0560302734375,3.5484619140625,-2.8978271484375
0.895,-1.8568115234375,3.8687744140625,-2.4173583984375
0.8955,-2.8177490234375,4.0289306640625,-1.6566162109375
0.896,-3.1380615234375,3.7086181640625,-0.9359130859375
0.8965,-3.6986083984375,3.8287353515625,-0.4954833984375
0.897,-3.7786865234375,3.1480712890625,0.2252197265625
0.8975,-4.0589599609375,2.8677978515625,0.8658447265625
0.898,-4.0989990234375,1.9869384765625,1.7066650390625
0.8985,-4.1790771484375,1.4263916015625,2.3873291015625
0.899,-3.7386474609375,0.4654541015625,2.8677978515625
0.8995,-3.6986083984375,-0.1351318359375,3.3082275390625
0.9,-2.8978271484375,-1.0159912109375,3.4683837890625
0.9005,-2.6175537109375,-1.6966552734375,3.7886962890625
0.901,-1.8167724609375,-2.6175537109375,3.8687744140625
0.9015,-1.1361083984375,-3.0579833984375,3.5885009765625
0.902,-0.6156005859375,-3.5384521484375,3.5885009765625
0.9025,0.1851806640625,-3.8587646484375,3.0279541015625
0.903,0.9459228515625,-4.1390380859375,2.5875244140625
0.9035,1.7867431640625,-4.2991943359375,1.9468994140625
0.904,2.4674072265625,-4.3792724609375,1.3863525390625
0.9045,2.7476806640625,-3.9788818359375,0.7056884765625
0.905,3.1881103515625,-4.0989990234375,0.3853759765625
0.9055,3.2281494140625,-3.3382568359375,-0.4154052734375
0.906,3.5484619140625,-3.0579833984375,-0.9759521484375
0.9065,3.6685791015625,-2.2572021484375,-1.8968505859375
0.907,3.5484619140625,-1.6566162109375,-2.3372802734375
0.9075,3.2681884765625,-0.8157958984375,-2.8978271484375
0.908,3.0279541015625,-0.1751708984375,-3.2181396484375
0.9085,2.4674072265625,0.6656494140625,-3.5384521484375
0.909,2.0670166015625,1.3863525390625,-3.7786865234375
0.9095,1.3463134765625,2.2271728515625,-3.8988037109375
0.91,0.6256103515625,2.6275634765625,-3.5384521484375
0.9105,0.1451416015625,3.1881103515625,-3.6986083984375
0.911,-0.8157958984375,3.3482666015625,-2.8978271484375
0.9115,-1.5364990234375,3.7086181640625,-2.6175537109375
0.912,-2.4974365234375,3.8687744140625,-1.7767333984375
0.9125,-3.0579833984375,3.8687744140625,-1.2161865234375
0.913,-3.3782958984375,3.5885009765625,-0.5755615234375
0.9135,-3.7386474609375,3.5084228515625,-0.1351318359375
0.914,-3.8587646484375,2.7476806640625,0.7457275390625
0.9145,-4.0589599609375,2.3072509765625,1.3463134765625
0.915,-4.2191162109375,1.5465087890625,2.2672119140625
0.9155,-3.8587646484375,0.7056884765625,2.7076416015625
0.916,-3.7786865234375,0.0250244140625,3.3082275390625
0.9165,-3.1380615234375,-0.8958740234375,3.5084228515625
0.917,-2.6976318359375,-1.6165771484375,3.8287353515625
0.9175,-1.9769287109375,-2.4173583984375,3.8687744140625
0.918,-1.2962646484375,-3.1781005859375,3.8687744140625
0.9185,-0.6156005859375,-3.5384521484375,3.4683837890625
0.919,0.0250244140625,-4.0189208984375,3.4283447265625
0.9195,1.0660400390625,-4.1390380859375,2.5074462890625
0.92,1.6265869140625,-4.3792724609375,2.1871337890625
0.9205,2.5474853515625,-4.4593505859375,1.3463134765625
0.921,2.9478759765625,-4.2191162109375,0.7457275390625
0.9215,3.2281494140625,-3.9788818359375,0.1851806640625
0.922,3.4283447265625,-3.5784912109375,-0.3753662109375
0.9225,3.5885009765625,-2.9378662109375,-1.1761474609375
0.923,3.6685791015625,-2.3372802734375,-1.7767333984375
0.9235,3.8287353515625,-1.6165771484375,-2.6175537109375
0.924,3.2281494140625,-0.7357177734375,-2.9378662109375
0.9245,3.2281494140625,-0.1751708984375,-3.4984130859375
0.925,2.4273681640625,0.8258056640625,-3.5384521484375
0.9255,2.1070556640625,1.4664306640625,-3.9388427734375
0.926,1.2662353515625,2.3072509765625,-3.8988037109375
0.9265,0.6256103515625,2.9078369140625,-3.8587646484375
0.927,-0.1351318359375,3.1881103515625,-3.4984130859375
0.9275,-0.8157958984375,3.7086181640625,-3.2581787109375
0.928,-1.9368896484375,3.8687744140625,-2.2972412109375
0.9285,-2.4974365234375,4.0289306640625,-1.8568115234375
0.929,-3.3782958984375,4.0689697265625,-1.0960693359375
0.9295,-3.6986083984375,3.7086181640625,-0.4154052734375
0.93,-4.0989990234375,3.5885009765625,0.1051025390625
0.9305,-4.1790771484375,2.8677978515625,0.9459228515625
0.931,-4.4193115234375,2.3072509765625,1.6666259765625
0.9315,-4.2591552734375,1.4664306640625,2.3873291015625
0.932,-4.3392333984375,0.7457275390625,3.1881103515625
0.9325,-3.6585693359375,-0.2952880859375,3.4283447265625
0.933,-3.5784912109375,-0.8958740234375,3.9088134765625
0.9335,-2.4974365234375,-2.0570068359375,3.9888916015625
0.934,-2.0570068359375,-2.6976318359375,4.1890869140625
0.9345,-1.1361083984375,-3.5384521484375,4.0289306640625
0.935,-0.4154052734375,-4.0189208984375,3.7886962890625
0.9355,0.2652587890625,-4.2991943359375,3.3482666015625
0.936,1.1861572265625,-4.5394287109375,2.8277587890625
0.9365,2.2271728515625,-4.7396240234375,1.9468994140625
0.937,2.7877197265625,-4.5794677734375,1.2662353515625
0.9375,3.5084228515625,-4.6195068359375,0.5855712890625
0.938,3.6285400390625,-3.9788818359375,-0.1351318359375
0.9385,3.9088134765625,-3.8587646484375,-0.6156005859375
0.939,3.9488525390625,-2.8577880859375,-1.5765380859375
0.9395,4.1090087890625,-2.3773193359375,-2.2171630859375
0.94,3.8687744140625,-1.3763427734375,-2.8577880859375
0.9405,3.7886962890625,-0.6556396484375,-3.5384521484375
0.941,3.0279541015625,0.3052978515625,-3.6986083984375
0.9415,2.8277587890625,0.9058837890625,-4.0589599609375
0.942,1.7867431640625,2.0670166015625,-4.1390380859375
0.9425,1.3062744140625,2.5474853515625,-4.1790771484375
0.943,0.3853759765625,3.3482666015625,-4.0589599609375
0.9435,-0.3753662109375,3.6685791015625,-3.6986083984375
0.944,-1.0159912109375,4.0289306640625,-3.3382568359375
0.9445,-2.0570068359375,4.2291259765625,-2.4573974609375
0.945,-3.0579833984375,4.4293212890625,-1.7366943359375
0.9455,-3.5784912109375,4.1490478515625,-0.9359130859375
0.946,-4.2991943359375,4.1890869140625,-0.2952880859375
0.9465,-4.3392333984375,3.5084228515625,0.5054931640625
0.947,-4.6595458984375,3.3082275390625,0.9859619140625
0.9475,-4.7396240234375,2.1871337890625,2.1070556640625
0.948,-4.7396240234375,1.5865478515625,2.7076416015625
0.9485,-4.4593505859375,0.5054931640625,3.4683837890625
0.949,-4.1790771484375,-0.2952880859375,4.0289306640625
0.9495,-3.4583740234375,-1.2562255859375,4.1890869140625
0.95,-2.9779052734375,-2.0169677734375,4.5093994140625
0.9505,-1.9368896484375,-3.2982177734375,4.5494384765625
0.951,-1.1361083984375,-3.7786865234375,4.2691650390625
0.9515,-0.2952880859375,-4.5394287109375,4.1490478515625
0.952,0.5054931640625,-4.6995849609375,3.5885009765625
0.9525,1.2662353515625,-4.9798583984375,3.1881103515625
0.953,2.4273681640625,-5.0999755859375,2.1070556640625
0.9535,3.3883056640625,-5.2200927734375,1.3062744140625
0.954,3.8287353515625,-4.6595458984375,0.3453369140625
0.9545,4.3892822265625,-4.6595458984375,-0.2552490234375
0.955,4.3092041015625,-3.8187255859375,-1.0560302734375
0.9555,4.5093994140625,-3.3782958984375,-1.5765380859375
0.956,4.5494384765625,-2.2572021484375,-2.7777099609375
0.9565,4.3492431640625,-1.5364990234375,-3.2982177734375
0.957,4.0289306640625,-0.4954833984375,-3.9788818359375
0.9575,3.5484619140625,0.3853759765625,-4.3392333984375
0.958,2.8277587890625,1.2662353515625,-4.4193115234375
0.9585,2.1470947265625,2.0670166015625,-4.5794677734375
0.959,1.2261962890625,3.2281494140625,-4.7796630859375
0.9595,0.2652587890625,3.5885009765625,-4.2191162109375
0.96,-0.4954833984375,4.3492431640625,-4.1790771484375
0.9605,-1.3763427734375,4.4293212890625,-3.3782958984375
0.961,-2.0570068359375,4.7095947265625,-2.8978271484375
0.9615,-3.3382568359375,4.8297119140625,-1.7767333984375
0.962,-4.1790771484375,4.7896728515625,-0.9759521484375
0.9625,-4.5794677734375,4.2291259765625,0.0250244140625
0.963,-5.0999755859375,4.1490478515625,0.5855712890625
0.9635,-5.0198974609375,3.2281494140625,1.3863525390625
0.964,-5.0599365234375,2.6275634765625,2.0269775390625
0.9645,-5.2601318359375,1.5865478515625,3.2681884765625
0.965,-4.7796630859375,0.6256103515625,3.7086181640625
0.9655,-4.4993896484375,-0.3753662109375,4.4293212890625
0.966,-3.8587646484375,-1.2962646484375,4.6295166015625
0.9665,-3.1380615234375,-2.1771240234375,4.7496337890625
0.967,-2.2572021484375,-3.1781005859375,4.7896728515625
0.9675,-1.2562255859375,-4.3392333984375,4.8697509765625
0.968,-0.2552490234375,-4.5394287109375,4.1490478515625
0.9685,0.4254150390625,-5.1800537109375,4.1490478515625
0.969,1.4664306640625,-5.2601318359375,3.1480712890625
0.9695,2.1871337890625,-5.4202880859375,2.6275634765625
0.97,3.4683837890625,-5.5003662109375,1.4664306640625
0.9705,4.1490478515625,-5.2601318359375,0.5855712890625
0.971,4.5093994140625,-4.6995849609375,-0.3353271484375
0.9715,4.8297119140625,-4.4593505859375,-0.8958740234375
0.972,4.7496337890625,-3.4984130859375,-1.7767333984375
0.9725,4.7496337890625,-2.8177490234375,-2.4173583984375
0.973,4.8697509765625,-1.7366943359375,-3.6185302734375
0.9735,4.2291259765625,-0.6556396484375,-3.9788818359375
0.974,4.0289306640625,0.2252197265625,-4.6195068359375
0.9745,3.1480712890625,1.1461181640625,-4.6595458984375
0.975,2.5474853515625,1.9468994140625,-4.8197021484375
0.9755,1.5865478515625,2.9478759765625,-4.8597412109375
0.976,0.5855712890625,3.9888916015625,-4.8197021484375
0.9765,-0.4554443359375,4.2291259765625,-4.0989990234375
0.977,-1.0560302734375,4.8297119140625,-4.0989990234375
0.9775,-2.2572021484375,4.8297119140625,-2.8577880859375
0.978,-2.8577880859375,4.9498291015625,-2.3773193359375
0.9785,-4.1790771484375,5.0299072265625,-1.2161865234375
0.979,-4.6595458984375,4.6295166015625,-0.2952880859375
0.9795,-5.0198974609375,4.1490478515625,0.5054931640625
0.98,-5.2601318359375,3.7486572265625,1.1461181640625
0.9805,-5.1800537109375,2.7877197265625,2.0269775390625
0.981,-5.0999755859375,1.9869384765625,2.7076416015625
0.9815,-5.2601318359375,0.9859619140625,3.8687744140625
0.982,-4.4593505859375,-0.1351318359375,4.1090087890625
0.9825,-4.3392333984375,-0.9759521484375,4.7095947265625
0.983,-3.2581787109375,-1.9769287109375,4.6695556640625
0.9835,-2.6976318359375,-2.7777099609375,4.7896728515625
0.984,-1.6165771484375,-3.6986083984375,4.7896728515625
0.9845,-0.6956787109375,-4.4993896484375,4.5894775390625
0.985,0.2252197265625,-4.7396240234375,3.9088134765625
0.9855,0.8658447265625,-5.2200927734375,3.7886962890625
0.986,2.0269775390625,-5.2601318359375,2.5875244140625
0.9865,2.5875244140625,-5.3001708984375,2.1070556640625
0.987,3.8287353515625,-5.4202880859375,0.9859619140625
0.9875,4.1490478515625,-4.8197021484375,0.1851806640625
0.988,4.5093994140625,-4.5394287109375,-0.4954833984375
0.9885,4.5494384765625,-3.8988037109375,-1.1761474609375
0.989,4.6295166015625,-3.1781005859375,-1.9769287109375
0.9895,4.5093994140625,-2.2972412109375,-2.6976318359375
0.99,4.6695556640625,-1.4163818359375,-3.6986083984375
0.9905,3.8687744140625,-0.2952880859375,-4.0189208984375
0.991,3.8287353515625,0.3453369140625,-4.5394287109375
0.9915,2.6676025390625,1.4664306640625,-4.5394287109375
0.992,2.2672119140625,2.2271728515625,-4.7396240234375
0.9925,1.1461181640625,3.2681884765625,-4.6995849609375
0.993,0.2652587890625,3.9088134765625,-4.4193115234375
0.9935,-0.6156005859375,4.2291259765625,-3.8988037109375
0.994,-1.3763427734375,4.6295166015625,-3.5384521484375
0.9945,-2.5374755859375,4.6695556640625,-2.4974365234375
0.995,-3.1380615234375,4.7496337890625,-1.9368896484375
0.9955,-4.2591552734375,4.8297119140625,-0.8958740234375
0.996,-4.4993896484375,4.1490478515625,0.0250244140625
0.9965,-4.8597412109375,3.9888916015625,0.5054931640625
0.997,-4.8997802734375,3.1080322265625,1.4263916015625
0.9975,-4.9798583984375,2.4674072265625,2.1070556640625
0.998,-4.8197021484375,1.4664306640625,2.9478759765625
0.9985,-4.8197021484375,0.6256103515625,3.7086181640625
0.999,-3.9788818359375,-0.5755615234375,3.9088134765625
0.9995,-3.8988037109375,-1.1761474609375,4.4293212890625
