wavelength,x,y,z
0.0,4.774658203125,-5.195068359375,-1.391357421875
0.0005,4.454345703125,-5.955810546875,-0.590576171875
0.001,3.573486328125,-6.196044921875,0.490478515625
0.0015,2.292236328125,-6.356201171875,1.771728515625
0.002,0.970947265625,-6.476318359375,3.373291015625
0.0025,-0.310302734375,-6.556396484375,4.614501953125
0.003,-1.031005859375,-6.596435546875,5.495361328125
0.0035,-1.791748046875,-6.396240234375,6.135986328125
0.004,-2.992919921875,-5.435302734375,6.536376953125
0.0045,-4.354248046875,-4.033935546875,6.776611328125
0.005,-5.435302734375,-2.752685546875,6.896728515625
0.0055,-6.035888671875,-1.591552734375,6.696533203125
0.006,-6.356201171875,-0.750732421875,6.496337890625
0.0065,-6.156005859375,0.290283203125,5.735595703125
0.007,-5.835693359375,1.451416015625,4.494384765625
0.0075,-5.635498046875,2.812744140625,3.173095703125
0.008,-5.355224609375,4.053955078125,1.891845703125
0.0085,-4.994873046875,4.894775390625,0.850830078125
0.009,-4.514404296875,5.415283203125,0.010009765625
0.0095,-3.553466796875,5.575439453125,-1.111083984375
0.01,-2.192138671875,5.735595703125,-2.512451171875
0.0105,-0.910888671875,5.935791015625,-4.033935546875
0.011,0.290283203125,5.895751953125,-5.114990234375
0.0115,0.970947265625,6.015869140625,-5.955810546875
0.012,1.851806640625,5.535400390625,-6.476318359375
0.0125,3.093017578125,4.334228515625,-6.796630859375
0.013,4.414306640625,3.012939453125,-7.036865234375
0.0135,5.375244140625,1.691650390625,-7.036865234375
0.014,5.895751953125,0.610595703125,-6.796630859375
0.0145,6.055908203125,-0.310302734375,-6.476318359375
0.015,5.775634765625,-1.271240234375,-5.595458984375
0.0155,5.455322265625,-2.552490234375,-4.274169921875
0.016,5.255126953125,-3.953857421875,-2.912841796875
0.0165,4.934814453125,-5.074951171875,-1.711669921875
0.017,4.574462890625,-5.875732421875,-0.750732421875
0.0175,3.893798828125,-6.316162109375,0.210205078125
0.018,2.852783203125,-6.396240234375,1.331298828125
0.0185,1.411376953125,-6.516357421875,2.892822265625
0.019,0.050048828125,-6.556396484375,4.334228515625
0.0195,-0.910888671875,-6.596435546875,5.295166015625
0.02,-1.551513671875,-6.636474609375,6.055908203125
0.0205,-2.592529296875,-5.875732421875,6.456298828125
0.021,-3.913818359375,-4.554443359375,6.736572265625
0.0215,-5.114990234375,-3.233154296875,6.976806640625
0.022,-5.915771484375,-1.991943359375,6.816650390625
0.0225,-6.356201171875,-1.031005859375,6.656494140625
0.023,-6.316162109375,-0.190185546875,6.095947265625
0.0235,-6.035888671875,0.930908203125,5.094970703125
0.024,-5.755615234375,2.252197265625,3.813720703125
0.0245,-5.515380859375,3.573486328125,2.412353515625
0.025,-5.155029296875,4.534423828125,1.251220703125
0.0255,-4.834716796875,5.255126953125,0.370361328125
0.026,-3.993896484375,5.575439453125,-0.630615234375
0.0265,-2.752685546875,5.695556640625,-1.911865234375
0.027,-1.431396484375,5.895751953125,-3.473388671875
0.0275,-0.190185546875,5.895751953125,-4.714599609375
0.028,0.690673828125,6.015869140625,-5.635498046875
0.0285,1.411376953125,5.855712890625,-6.316162109375
0.029,2.532470703125,4.934814453125,-6.676513671875
0.0295,3.893798828125,3.573486328125,-6.956787109375
0.03,5.014892578125,2.252197265625,-7.076904296875
0.0305,5.695556640625,1.051025390625,-6.916748046875
0.031,6.055908203125,0.170166015625,-6.716552734375
0.0315,5.895751953125,-0.830810546875,-6.035888671875
0.032,5.615478515625,-2.031982421875,-4.834716796875
0.0325,5.415283203125,-3.393310546875,-3.553466796875
0.033,5.094970703125,-4.714599609375,-2.192138671875
0.0335,4.734619140625,-5.635498046875,-1.151123046875
0.034,4.334228515625,-6.196044921875,-0.270263671875
0.0345,3.333251953125,-6.356201171875,0.890869140625
0.035,1.971923828125,-6.476318359375,2.332275390625
0.0355,0.610595703125,-6.676513671875,3.893798828125
0.036,-0.630615234375,-6.636474609375,4.974853515625
0.0365,-1.311279296875,-6.716552734375,5.855712890625
0.037,-2.192138671875,-6.276123046875,6.416259765625
0.0375,-3.473388671875,-5.074951171875,6.696533203125
0.038,-4.754638671875,-3.753662109375,6.936767578125
0.0385,-5.715576171875,-2.432373046875,6.896728515625
0.039,-6.236083984375,-1.311279296875,6.696533203125
0.0395,-6.396240234375,-0.510498046875,6.376220703125
0.04,-6.115966796875,0.570556640625,5.455322265625
0.0405,-5.755615234375,1.771728515625,4.134033203125
0.041,-5.595458984375,3.173095703125,2.892822265625
0.0415,-5.275146484375,4.214111328125,1.611572265625
0.042,-4.914794921875,5.094970703125,0.650634765625
0.0425,-4.314208984375,5.455322265625,-0.270263671875
0.043,-3.233154296875,5.615478515625,-1.311279296875
0.0435,-1.871826171875,5.775634765625,-2.832763671875
0.044,-0.590576171875,5.855712890625,-4.274169921875
0.0445,0.370361328125,5.895751953125,-5.195068359375
0.045,1.051025390625,5.935791015625,-5.995849609375
0.0455,1.971923828125,5.255126953125,-6.436279296875
0.046,3.333251953125,4.013916015625,-6.716552734375
0.0465,4.494384765625,2.772705078125,-6.916748046875
0.047,5.255126953125,1.531494140625,-6.796630859375
0.0475,5.735595703125,0.570556640625,-6.676513671875
0.048,5.775634765625,-0.310302734375,-6.236083984375
0.0485,5.535400390625,-1.311279296875,-5.315185546875
0.049,5.295166015625,-2.592529296875,-4.114013671875
0.0495,5.054931640625,-3.913818359375,-2.832763671875
0.05,4.774658203125,-4.874755859375,-1.671630859375
0.0505,4.494384765625,-5.715576171875,-0.790771484375
0.051,3.773681640625,-5.955810546875,0.170166015625
0.0515,2.652587890625,-6.115966796875,1.331298828125
0.052,1.371337890625,-6.396240234375,2.852783203125
0.0525,0.170166015625,-6.396240234375,4.134033203125
0.053,-0.750732421875,-6.516357421875,5.094970703125
0.0535,-1.431396484375,-6.476318359375,5.775634765625
0.054,-2.432373046875,-5.715576171875,6.216064453125
0.0545,-3.793701171875,-4.514404296875,6.536376953125
0.055,-4.874755859375,-3.233154296875,6.696533203125
0.0555,-5.635498046875,-2.072021484375,6.576416015625
0.056,-6.035888671875,-1.231201171875,6.456298828125
0.0565,-5.955810546875,-0.390380859375,5.895751953125
0.057,-5.715576171875,0.770751953125,4.854736328125
0.0575,-5.595458984375,2.011962890625,3.693603515625
0.058,-5.355224609375,3.333251953125,2.452392578125
0.0585,-5.074951171875,4.294189453125,1.411376953125
0.059,-4.714599609375,4.974853515625,0.570556640625
0.0595,-3.873779296875,5.175048828125,-0.510498046875
0.06,-2.712646484375,5.375244140625,-1.791748046875
0.0605,-1.551513671875,5.655517578125,-3.193115234375
0.061,-0.430419921875,5.695556640625,-4.354248046875
0.0615,0.370361328125,5.895751953125,-5.275146484375
0.062,1.171142578125,5.615478515625,-5.835693359375
0.0625,2.292236328125,4.614501953125,-6.236083984375
0.063,3.573486328125,3.493408203125,-6.556396484375
0.0635,4.614501953125,2.252197265625,-6.676513671875
0.064,5.215087890625,1.211181640625,-6.556396484375
0.0645,5.495361328125,0.410400390625,-6.396240234375
0.065,5.375244140625,-0.590576171875,-5.675537109375
0.0655,5.094970703125,-1.751708984375,-4.634521484375
0.066,5.054931640625,-2.912841796875,-3.513427734375
0.0665,4.814697265625,-4.073974609375,-2.312255859375
0.067,4.574462890625,-4.954833984375,-1.431396484375
0.0675,4.134033203125,-5.475341796875,-0.630615234375
0.068,3.253173828125,-5.715576171875,0.490478515625
0.0685,2.092041015625,-5.955810546875,1.811767578125
0.069,0.930908203125,-6.115966796875,3.173095703125
0.0695,0.010009765625,-6.276123046875,4.214111328125
0.07,-0.750732421875,-6.436279296875,5.094970703125
0.0705,-1.631591796875,-5.995849609375,5.615478515625
0.071,-2.832763671875,-4.954833984375,5.935791015625
0.0715,-3.993896484375,-3.873779296875,6.296142578125
0.072,-4.874755859375,-2.712646484375,6.296142578125
0.0725,-5.435302734375,-1.911865234375,6.296142578125
0.073,-5.635498046875,-1.151123046875,5.975830078125
0.0735,-5.515380859375,-0.270263671875,5.215087890625
0.074,-5.315185546875,0.970947265625,4.294189453125
0.0745,-5.235107421875,2.252197265625,3.173095703125
0.075,-5.034912109375,3.293212890625,2.172119140625
0.0755,-4.834716796875,4.134033203125,1.331298828125
0.076,-4.314208984375,4.574462890625,0.490478515625
0.0765,-3.393310546875,4.814697265625,-0.670654296875
0.077,-2.392333984375,5.215087890625,-1.951904296875
0.0775,-1.271240234375,5.375244140625,-3.193115234375
0.078,-0.550537109375,5.575439453125,-4.194091796875
0.0785,0.290283203125,5.695556640625,-5.074951171875
0.079,1.251220703125,5.135009765625,-5.555419921875
0.0795,2.452392578125,4.134033203125,-5.955810546875
0.08,3.573486328125,3.093017578125,-6.236083984375
0.0805,4.334228515625,1.971923828125,-6.276123046875
0.081,4.974853515625,1.171142578125,-6.356201171875
0.0815,5.054931640625,0.370361328125,-5.955810546875
0.082,4.934814453125,-0.630615234375,-5.155029296875
0.0825,4.854736328125,-1.711669921875,-4.234130859375
0.083,4.774658203125,-2.912841796875,-3.193115234375
0.0835,4.614501953125,-3.913818359375,-2.232177734375
0.084,4.454345703125,-4.754638671875,-1.431396484375
0.0845,3.813720703125,-5.114990234375,-0.590576171875
0.085,2.852783203125,-5.435302734375,0.650634765625
0.0855,1.851806640625,-5.795654296875,1.971923828125
0.086,0.890869140625,-5.955810546875,3.133056640625
0.0865,0.170166015625,-6.276123046875,4.134033203125
0.087,-0.670654296875,-6.156005859375,4.854736328125
0.0875,-1.751708984375,-5.475341796875,5.295166015625
0.088,-2.912841796875,-4.554443359375,5.775634765625
0.0885,-3.993896484375,-3.513427734375,6.015869140625
0.089,-4.714599609375,-2.552490234375,6.055908203125
0.0895,-5.195068359375,-1.871826171875,6.015869140625
0.09,-5.195068359375,-0.990966796875,5.535400390625
0.0905,-5.114990234375,0.090087890625,4.734619140625
0.091,-5.114990234375,1.251220703125,3.893798828125
0.0915,-4.994873046875,2.332275390625,2.852783203125
0.092,-4.874755859375,3.293212890625,1.971923828125
0.0925,-4.634521484375,3.973876953125,1.251220703125
0.093,-3.913818359375,4.334228515625,0.290283203125
0.0935,-3.072998046875,4.734619140625,-0.990966796875
0.094,-2.072021484375,5.054931640625,-2.272216796875
0.0945,-1.231201171875,5.335205078125,-3.313232421875
0.095,-0.590576171875,5.615478515625,-4.274169921875
0.0955,0.450439453125,5.375244140625,-4.954833984375
0.096,1.571533203125,4.534423828125,-5.395263671875
0.0965,2.692626953125,3.653564453125,-5.835693359375
0.097,3.693603515625,2.572509765625,-6.035888671875
0.0975,4.334228515625,1.731689453125,-6.156005859375
0.098,4.774658203125,1.010986328125,-6.075927734375
0.0985,4.774658203125,0.210205078125,-5.475341796875
0.099,4.734619140625,-0.950927734375,-4.714599609375
0.0995,4.774658203125,-2.112060546875,-3.793701171875
0.1,4.614501953125,-3.193115234375,-2.832763671875
0.1005,4.574462890625,-4.154052734375,-2.072021484375
0.101,4.134033203125,-4.674560546875,-1.191162109375
0.1015,3.373291015625,-5.074951171875,-0.150146484375
0.102,2.492431640625,-5.515380859375,1.211181640625
0.1025,1.411376953125,-5.755615234375,2.412353515625
0.103,0.650634765625,-6.115966796875,3.493408203125
0.1035,0.010009765625,-6.276123046875,4.414306640625
0.104,-1.111083984375,-5.795654296875,4.974853515625
0.1045,-2.272216796875,-4.994873046875,5.455322265625
0.105,-3.473388671875,-3.993896484375,5.815673828125
0.1055,-4.354248046875,-2.992919921875,5.895751953125
0.106,-4.954833984375,-2.192138671875,6.095947265625
0.1065,-5.114990234375,-1.391357421875,5.735595703125
0.107,-5.074951171875,-0.510498046875,5.054931640625
0.1075,-5.114990234375,0.730712890625,4.214111328125
0.108,-5.074951171875,1.931884765625,3.213134765625
0.1085,-4.954833984375,2.932861328125,2.292236328125
0.109,-4.834716796875,3.813720703125,1.531494140625
0.1095,-4.194091796875,4.214111328125,0.610595703125
0.11,-3.313232421875,4.574462890625,-0.630615234375
0.1105,-2.432373046875,5.054931640625,-1.911865234375
0.111,-1.431396484375,5.255126953125,-3.072998046875
0.1115,-0.710693359375,5.615478515625,-4.073974609375
0.112,0.210205078125,5.495361328125,-4.874755859375
0.1125,1.291259765625,4.814697265625,-5.355224609375
0.113,2.492431640625,3.853759765625,-5.835693359375
0.1135,3.533447265625,2.732666015625,-6.115966796875
0.114,4.334228515625,1.851806640625,-6.156005859375
0.1145,4.814697265625,1.091064453125,-6.156005859375
0.115,4.854736328125,0.290283203125,-5.635498046875
0.1155,4.814697265625,-0.870849609375,-4.794677734375
0.116,4.814697265625,-2.072021484375,-3.873779296875
0.1165,4.694580078125,-3.193115234375,-2.872802734375
0.117,4.534423828125,-4.194091796875,-1.951904296875
0.1175,4.254150390625,-4.874755859375,-1.151123046875
0.118,3.493408203125,-5.155029296875,-0.190185546875
0.1185,2.492431640625,-5.515380859375,1.171142578125
0.119,1.411376953125,-5.835693359375,2.532470703125
0.1195,0.570556640625,-6.115966796875,3.573486328125
0.12,-0.270263671875,-6.356201171875,4.534423828125
0.1205,-1.151123046875,-5.995849609375,5.175048828125
0.121,-2.312255859375,-5.074951171875,5.575439453125
0.1215,-3.553466796875,-4.073974609375,5.975830078125
0.122,-4.514404296875,-2.912841796875,6.095947265625
0.1225,-5.155029296875,-2.031982421875,6.135986328125
0.123,-5.395263671875,-1.271240234375,5.895751953125
0.1235,-5.275146484375,-0.350341796875,5.175048828125
0.124,-5.195068359375,0.890869140625,4.254150390625
0.1245,-5.155029296875,2.172119140625,3.173095703125
0.125,-4.994873046875,3.173095703125,2.172119140625
0.1255,-4.834716796875,4.093994140625,1.331298828125
0.126,-4.274169921875,4.494384765625,0.490478515625
0.1265,-3.353271484375,4.774658203125,-0.670654296875
0.127,-2.312255859375,5.175048828125,-2.072021484375
0.1275,-1.231201171875,5.375244140625,-3.353271484375
0.128,-0.510498046875,5.615478515625,-4.314208984375
0.1285,0.330322265625,5.615478515625,-5.114990234375
0.129,1.411376953125,4.974853515625,-5.635498046875
0.1295,2.652587890625,3.893798828125,-6.075927734375
0.13,3.853759765625,2.812744140625,-6.356201171875
0.1305,4.614501953125,1.731689453125,-6.356201171875
0.131,5.135009765625,0.930908203125,-6.356201171875
0.1315,5.175048828125,0.130126953125,-5.875732421875
0.132,5.014892578125,-0.990966796875,-4.954833984375
0.1325,4.934814453125,-2.272216796875,-3.913818359375
0.133,4.814697265625,-3.513427734375,-2.792724609375
0.1335,4.614501953125,-4.514404296875,-1.791748046875
0.134,4.414306640625,-5.195068359375,-1.031005859375
0.1345,3.573486328125,-5.475341796875,0.010009765625
0.135,2.492431640625,-5.755615234375,1.291259765625
0.1355,1.331298828125,-6.115966796875,2.732666015625
0.136,0.330322265625,-6.236083984375,3.853759765625
0.1365,-0.470458984375,-6.476318359375,4.814697265625
0.137,-1.271240234375,-6.276123046875,5.495361328125
0.1375,-2.472412109375,-5.315185546875,5.895751953125
0.138,-3.793701171875,-4.114013671875,6.296142578125
0.1385,-4.834716796875,-2.872802734375,6.416259765625
0.139,-5.475341796875,-1.911865234375,6.376220703125
0.1395,-5.795654296875,-1.151123046875,6.216064453125
0.14,-5.675537109375,-0.190185546875,5.455322265625
0.1405,-5.475341796875,1.051025390625,4.414306640625
0.141,-5.435302734375,2.412353515625,3.213134765625
0.1415,-5.195068359375,3.533447265625,2.092041015625
0.142,-4.954833984375,4.454345703125,1.171142578125
0.1425,-4.474365234375,4.974853515625,0.330322265625
0.143,-3.513427734375,5.175048828125,-0.830810546875
0.1435,-2.272216796875,5.455322265625,-2.312255859375
0.144,-1.031005859375,5.695556640625,-3.713623046875
0.1445,-0.150146484375,5.775634765625,-4.754638671875
0.145,0.610595703125,5.895751953125,-5.635498046875
0.1455,1.611572265625,5.255126953125,-6.156005859375
0.146,3.052978515625,4.053955078125,-6.476318359375
0.1465,4.294189453125,2.812744140625,-6.796630859375
0.147,5.094970703125,1.571533203125,-6.756591796875
0.1475,5.655517578125,0.610595703125,-6.596435546875
0.148,5.735595703125,-0.310302734375,-6.196044921875
0.1485,5.495361328125,-1.311279296875,-5.235107421875
0.149,5.255126953125,-2.672607421875,-3.913818359375
0.1495,5.094970703125,-4.033935546875,-2.632568359375
0.15,4.814697265625,-5.074951171875,-1.511474609375
0.1505,4.494384765625,-5.795654296875,-0.630615234375
0.151,3.693603515625,-6.115966796875,0.370361328125
0.1515,2.452392578125,-6.276123046875,1.691650390625
0.152,1.051025390625,-6.436279296875,3.253173828125
0.1525,-0.230224609375,-6.556396484375,4.534423828125
0.153,-0.990966796875,-6.596435546875,5.415283203125
0.1535,-1.791748046875,-6.476318359375,6.095947265625
0.154,-2.872802734375,-5.435302734375,6.456298828125
0.1545,-4.234130859375,-4.114013671875,6.736572265625
0.155,-5.395263671875,-2.832763671875,6.896728515625
0.1555,-5.955810546875,-1.631591796875,6.696533203125
0.156,-6.276123046875,-0.750732421875,6.456298828125
0.1565,-6.156005859375,0.250244140625,5.735595703125
0.157,-5.835693359375,1.411376953125,4.534423828125
0.1575,-5.635498046875,2.772705078125,3.213134765625
0.158,-5.355224609375,3.973876953125,1.931884765625
0.1585,-4.994873046875,4.854736328125,0.930908203125
0.159,-4.554443359375,5.415283203125,0.050048828125
0.1595,-3.553466796875,5.575439453125,-1.031005859375
0.16,-2.192138671875,5.695556640625,-2.512451171875
0.1605,-0.950927734375,5.855712890625,-3.993896484375
0.161,0.210205078125,5.815673828125,-5.074951171875
0.1615,0.930908203125,5.935791015625,-5.915771484375
0.162,1.771728515625,5.575439453125,-6.436279296875
0.1625,3.012939453125,4.414306640625,-6.756591796875
0.163,4.294189453125,3.052978515625,-6.996826171875
0.1635,5.255126953125,1.771728515625,-6.996826171875
0.164,5.775634765625,0.650634765625,-6.756591796875
0.1645,6.015869140625,-0.230224609375,-6.556396484375
0.165,5.735595703125,-1.191162109375,-5.635498046875
0.1655,5.415283203125,-2.432373046875,-4.314208984375
0.166,5.255126953125,-3.793701171875,-3.072998046875
0.1665,4.934814453125,-4.914794921875,-1.791748046875
0.167,4.574462890625,-5.715576171875,-0.830810546875
0.1675,4.013916015625,-6.156005859375,0.130126953125
0.168,2.972900390625,-6.276123046875,1.211181640625
0.1685,1.571533203125,-6.476318359375,2.692626953125
0.169,0.250244140625,-6.596435546875,4.134033203125
0.1695,-0.790771484375,-6.596435546875,5.094970703125
0.17,-1.431396484375,-6.636474609375,5.935791015625
0.1705,-2.432373046875,-5.915771484375,6.376220703125
0.171,-3.753662109375,-4.634521484375,6.656494140625
0.1715,-4.954833984375,-3.393310546875,6.896728515625
0.172,-5.755615234375,-2.152099609375,6.776611328125
0.1725,-6.236083984375,-1.151123046875,6.576416015625
0.173,-6.276123046875,-0.350341796875,6.135986328125
0.1735,-5.955810546875,0.770751953125,5.175048828125
0.174,-5.715576171875,2.052001953125,3.893798828125
0.1745,-5.515380859375,3.413330078125,2.572509765625
0.175,-5.195068359375,4.454345703125,1.411376953125
0.1755,-4.874755859375,5.215087890625,0.530517578125
0.176,-4.114013671875,5.495361328125,-0.510498046875
0.1765,-2.872802734375,5.615478515625,-1.711669921875
0.177,-1.591552734375,5.815673828125,-3.233154296875
0.1775,-0.350341796875,5.815673828125,-4.554443359375
0.178,0.570556640625,6.015869140625,-5.475341796875
0.1785,1.291259765625,5.895751953125,-6.236083984375
0.179,2.412353515625,4.974853515625,-6.636474609375
0.1795,3.773681640625,3.653564453125,-6.916748046875
0.18,4.894775390625,2.372314453125,-7.076904296875
0.1805,5.615478515625,1.131103515625,-6.876708984375
0.181,6.015869140625,0.250244140625,-6.756591796875
0.1815,5.895751953125,-0.790771484375,-6.075927734375
0.182,5.615478515625,-1.951904296875,-4.914794921875
0.1825,5.375244140625,-3.273193359375,-3.593505859375
0.183,5.135009765625,-4.634521484375,-2.232177734375
0.1835,4.774658203125,-5.515380859375,-1.151123046875
0.184,4.414306640625,-6.196044921875,-0.310302734375
0.1845,3.373291015625,-6.396240234375,0.850830078125
0.185,2.011962890625,-6.556396484375,2.292236328125
0.1855,0.570556640625,-6.756591796875,3.853759765625
0.186,-0.630615234375,-6.676513671875,5.014892578125
0.1865,-1.311279296875,-6.716552734375,5.895751953125
0.187,-2.192138671875,-6.356201171875,6.456298828125
0.1875,-3.473388671875,-5.114990234375,6.776611328125
0.188,-4.794677734375,-3.713623046875,7.056884765625
0.1885,-5.795654296875,-2.392333984375,7.056884765625
0.189,-6.316162109375,-1.271240234375,6.776611328125
0.1895,-6.476318359375,-0.430419921875,6.416259765625
0.19,-6.236083984375,0.650634765625,5.495361328125
0.1905,-5.915771484375,1.971923828125,4.134033203125
0.191,-5.675537109375,3.373291015625,2.812744140625
0.1915,-5.315185546875,4.494384765625,1.531494140625
0.192,-4.914794921875,5.255126953125,0.530517578125
0.1925,-4.314208984375,5.655517578125,-0.430419921875
0.193,-3.153076171875,5.735595703125,-1.551513671875
0.1935,-1.791748046875,5.815673828125,-3.072998046875
0.194,-0.390380859375,5.935791015625,-4.514404296875
0.1945,0.570556640625,5.935791015625,-5.435302734375
0.195,1.251220703125,5.975830078125,-6.236083984375
0.1955,2.212158203125,5.255126953125,-6.636474609375
0.196,3.533447265625,3.893798828125,-6.876708984375
0.1965,4.654541015625,2.652587890625,-7.036865234375
0.197,5.455322265625,1.371337890625,-6.916748046875
0.1975,5.895751953125,0.370361328125,-6.716552734375
0.198,5.935791015625,-0.510498046875,-6.276123046875
0.1985,5.615478515625,-1.471435546875,-5.275146484375
0.199,5.335205078125,-2.752685546875,-3.993896484375
0.1995,5.094970703125,-4.073974609375,-2.672607421875
0.2,4.734619140625,-5.074951171875,-1.551513671875
0.2005,4.454345703125,-5.835693359375,-0.670654296875
0.201,3.733642578125,-6.115966796875,0.290283203125
0.2015,2.532470703125,-6.276123046875,1.451416015625
0.202,1.291259765625,-6.396240234375,2.932861328125
0.2025,0.050048828125,-6.396240234375,4.214111328125
0.203,-0.830810546875,-6.516357421875,5.135009765625
0.2035,-1.471435546875,-6.476318359375,5.855712890625
0.204,-2.512451171875,-5.715576171875,6.256103515625
0.2045,-3.793701171875,-4.514404296875,6.536376953125
0.205,-4.914794921875,-3.233154296875,6.696533203125
0.2055,-5.635498046875,-2.112060546875,6.576416015625
0.206,-6.075927734375,-1.271240234375,6.496337890625
0.2065,-6.035888671875,-0.430419921875,5.935791015625
0.207,-5.755615234375,0.730712890625,4.934814453125
0.2075,-5.595458984375,1.971923828125,3.813720703125
0.208,-5.355224609375,3.213134765625,2.532470703125
0.2085,-5.074951171875,4.174072265625,1.491455078125
0.209,-4.794677734375,4.854736328125,0.650634765625
0.2095,-3.993896484375,5.135009765625,-0.390380859375
0.21,-2.832763671875,5.415283203125,-1.631591796875
0.2105,-1.631591796875,5.695556640625,-3.072998046875
0.211,-0.550537109375,5.695556640625,-4.234130859375
0.2115,0.290283203125,5.895751953125,-5.155029296875
0.212,1.091064453125,5.735595703125,-5.835693359375
0.2125,2.252197265625,4.774658203125,-6.276123046875
0.213,3.493408203125,3.613525390625,-6.556396484375
0.2135,4.534423828125,2.372314453125,-6.716552734375
0.214,5.175048828125,1.291259765625,-6.596435546875
0.2145,5.535400390625,0.490478515625,-6.436279296875
0.215,5.415283203125,-0.510498046875,-5.755615234375
0.2155,5.215087890625,-1.631591796875,-4.674560546875
0.216,5.094970703125,-2.912841796875,-3.553466796875
0.2165,4.814697265625,-4.114013671875,-2.352294921875
0.217,4.614501953125,-4.994873046875,-1.431396484375
0.2175,4.174072265625,-5.595458984375,-0.670654296875
0.218,3.333251953125,-5.755615234375,0.490478515625
0.2185,2.132080078125,-5.995849609375,1.851806640625
0.219,0.890869140625,-6.156005859375,3.213134765625
0.2195,0.010009765625,-6.276123046875,4.254150390625
0.22,-0.750732421875,-6.436279296875,5.135009765625
0.2205,-1.631591796875,-6.035888671875,5.655517578125
0.221,-2.872802734375,-4.954833984375,6.015869140625
0.2215,-3.993896484375,-3.873779296875,6.336181640625
0.222,-4.874755859375,-2.712646484375,6.336181640625
0.2225,-5.435302734375,-1.791748046875,6.296142578125
0.223,-5.635498046875,-1.031005859375,6.015869140625
0.2235,-5.475341796875,-0.150146484375,5.255126953125
0.224,-5.355224609375,1.010986328125,4.254150390625
0.2245,-5.275146484375,2.252197265625,3.133056640625
0.225,-4.994873046875,3.293212890625,2.132080078125
0.2255,-4.834716796875,4.134033203125,1.251220703125
0.226,-4.274169921875,4.614501953125,0.450439453125
0.2265,-3.353271484375,4.854736328125,-0.710693359375
0.227,-2.352294921875,5.215087890625,-1.991943359375
0.2275,-1.231201171875,5.375244140625,-3.233154296875
0.228,-0.510498046875,5.575439453125,-4.234130859375
0.2285,0.290283203125,5.695556640625,-5.074951171875
0.229,1.251220703125,5.135009765625,-5.595458984375
0.2295,2.452392578125,4.134033203125,-5.955810546875
0.23,3.573486328125,3.133056640625,-6.276123046875
0.2305,4.374267578125,2.052001953125,-6.276123046875
0.231,4.974853515625,1.251220703125,-6.356201171875
0.2315,5.094970703125,0.450439453125,-5.955810546875
0.232,4.974853515625,-0.630615234375,-5.195068359375
0.2325,4.934814453125,-1.751708984375,-4.354248046875
0.233,4.814697265625,-2.952880859375,-3.193115234375
0.2335,4.614501953125,-3.953857421875,-2.272216796875
0.234,4.494384765625,-4.754638671875,-1.471435546875
0.2345,3.853759765625,-5.155029296875,-0.630615234375
0.235,2.892822265625,-5.475341796875,0.610595703125
0.2355,1.931884765625,-5.795654296875,1.971923828125
0.236,0.930908203125,-5.955810546875,3.133056640625
0.2365,0.170166015625,-6.276123046875,4.134033203125
0.237,-0.670654296875,-6.236083984375,4.854736328125
0.2375,-1.711669921875,-5.515380859375,5.335205078125
0.238,-2.912841796875,-4.634521484375,5.775634765625
0.2385,-3.993896484375,-3.553466796875,6.015869140625
0.239,-4.754638671875,-2.552490234375,6.095947265625
0.2395,-5.195068359375,-1.831787109375,6.095947265625
0.24,-5.235107421875,-0.990966796875,5.575439453125
0.2405,-5.114990234375,0.050048828125,4.814697265625
0.241,-5.155029296875,1.171142578125,3.853759765625
0.2415,-5.074951171875,2.292236328125,2.892822265625
0.242,-4.914794921875,3.333251953125,1.971923828125
0.2425,-4.634521484375,3.973876953125,1.251220703125
0.243,-3.993896484375,4.414306640625,0.290283203125
0.2435,-3.072998046875,4.734619140625,-0.990966796875
0.244,-2.072021484375,5.094970703125,-2.272216796875
0.2445,-1.231201171875,5.295166015625,-3.313232421875
0.245,-0.510498046875,5.615478515625,-4.314208984375
0.2455,0.450439453125,5.415283203125,-4.994873046875
0.246,1.571533203125,4.534423828125,-5.435302734375
0.2465,2.732666015625,3.693603515625,-5.875732421875
0.247,3.693603515625,2.612548828125,-6.075927734375
0.2475,4.414306640625,1.771728515625,-6.156005859375
0.248,4.734619140625,1.010986328125,-6.035888671875
0.2485,4.774658203125,0.130126953125,-5.475341796875
0.249,4.774658203125,-0.990966796875,-4.714599609375
0.2495,4.734619140625,-2.232177734375,-3.833740234375
0.25,4.614501953125,-3.233154296875,-2.792724609375
0.2505,4.574462890625,-4.154052734375,-1.991943359375
0.251,4.134033203125,-4.754638671875,-1.191162109375
0.2515,3.373291015625,-5.114990234375,0.010009765625
0.252,2.452392578125,-5.515380859375,1.251220703125
0.2525,1.411376953125,-5.795654296875,2.492431640625
0.253,0.610595703125,-6.115966796875,3.533447265625
0.2535,-0.150146484375,-6.276123046875,4.414306640625
0.254,-1.111083984375,-5.795654296875,5.014892578125
0.2545,-2.312255859375,-4.954833984375,5.455322265625
0.255,-3.473388671875,-3.993896484375,5.815673828125
0.2555,-4.354248046875,-2.952880859375,5.935791015625
0.256,-4.994873046875,-2.192138671875,6.095947265625
0.2565,-5.155029296875,-1.391357421875,5.735595703125
0.257,-5.114990234375,-0.510498046875,5.054931640625
0.2575,-5.114990234375,0.650634765625,4.134033203125
0.258,-5.074951171875,1.931884765625,3.173095703125
0.2585,-4.954833984375,2.932861328125,2.292236328125
0.259,-4.834716796875,3.813720703125,1.491455078125
0.2595,-4.194091796875,4.214111328125,0.610595703125
0.26,-3.313232421875,4.574462890625,-0.630615234375
0.2605,-2.432373046875,5.054931640625,-1.911865234375
0.261,-1.431396484375,5.255126953125,-3.072998046875
0.2615,-0.750732421875,5.575439453125,-4.073974609375
0.262,0.130126953125,5.535400390625,-4.834716796875
0.2625,1.251220703125,4.854736328125,-5.355224609375
0.263,2.492431640625,3.893798828125,-5.795654296875
0.2635,3.533447265625,2.852783203125,-6.075927734375
0.264,4.334228515625,1.851806640625,-6.115966796875
0.2645,4.814697265625,1.091064453125,-6.156005859375
0.265,4.814697265625,0.290283203125,-5.675537109375
0.2655,4.734619140625,-0.910888671875,-4.834716796875
0.266,4.774658203125,-1.951904296875,-3.913818359375
0.2665,4.654541015625,-3.153076171875,-2.912841796875
0.267,4.534423828125,-4.073974609375,-2.072021484375
0.2675,4.294189453125,-4.794677734375,-1.271240234375
0.268,3.573486328125,-5.114990234375,-0.350341796875
0.2685,2.572509765625,-5.435302734375,1.010986328125
0.269,1.531494140625,-5.755615234375,2.332275390625
0.2695,0.650634765625,-5.995849609375,3.413330078125
0.27,0.010009765625,-6.316162109375,4.414306640625
0.2705,-0.990966796875,-5.955810546875,5.014892578125
0.271,-2.152099609375,-5.114990234375,5.455322265625
0.2715,-3.353271484375,-4.154052734375,5.895751953125
0.272,-4.314208984375,-3.072998046875,6.015869140625
0.2725,-4.994873046875,-2.192138671875,6.095947265625
0.273,-5.275146484375,-1.431396484375,5.895751953125
0.2735,-5.235107421875,-0.630615234375,5.215087890625
0.274,-5.155029296875,0.610595703125,4.374267578125
0.2745,-5.114990234375,1.891845703125,3.373291015625
0.275,-4.994873046875,2.892822265625,2.372314453125
0.2755,-4.874755859375,3.813720703125,1.571533203125
0.276,-4.354248046875,4.294189453125,0.730712890625
0.2765,-3.513427734375,4.614501953125,-0.430419921875
0.277,-2.552490234375,5.054931640625,-1.751708984375
0.2775,-1.471435546875,5.255126953125,-3.032958984375
0.278,-0.710693359375,5.535400390625,-4.033935546875
0.2785,0.130126953125,5.655517578125,-4.914794921875
0.279,1.131103515625,5.094970703125,-5.435302734375
0.2795,2.412353515625,4.093994140625,-5.915771484375
0.28,3.573486328125,3.052978515625,-6.236083984375
0.2805,4.414306640625,1.931884765625,-6.276123046875
0.281,4.974853515625,1.091064453125,-6.356201171875
0.2815,5.054931640625,0.290283203125,-5.955810546875
0.282,4.974853515625,-0.790771484375,-5.074951171875
0.2825,4.934814453125,-1.991943359375,-4.073974609375
0.283,4.814697265625,-3.233154296875,-2.952880859375
0.2835,4.614501953125,-4.234130859375,-1.991943359375
0.284,4.454345703125,-5.034912109375,-1.191162109375
0.2845,3.693603515625,-5.355224609375,-0.270263671875
0.285,2.652587890625,-5.635498046875,1.051025390625
0.2855,1.531494140625,-5.995849609375,2.532470703125
0.286,0.530517578125,-6.115966796875,3.693603515625
0.2865,-0.310302734375,-6.396240234375,4.614501953125
0.287,-1.111083984375,-6.196044921875,5.335205078125
0.2875,-2.272216796875,-5.315185546875,5.735595703125
0.288,-3.553466796875,-4.194091796875,6.135986328125
0.2885,-4.634521484375,-3.072998046875,6.336181640625
0.289,-5.275146484375,-2.031982421875,6.296142578125
0.2895,-5.715576171875,-1.311279296875,6.135986328125
0.29,-5.555419921875,-0.350341796875,5.455322265625
0.2905,-5.395263671875,0.890869140625,4.414306640625
0.291,-5.315185546875,2.212158203125,3.293212890625
0.2915,-5.114990234375,3.373291015625,2.212158203125
0.292,-4.914794921875,4.254150390625,1.291259765625
0.2925,-4.514404296875,4.814697265625,0.490478515625
0.293,-3.553466796875,5.054931640625,-0.670654296875
0.2935,-2.392333984375,5.295166015625,-2.072021484375
0.294,-1.191162109375,5.575439453125,-3.513427734375
0.2945,-0.350341796875,5.695556640625,-4.514404296875
0.295,0.490478515625,5.855712890625,-5.435302734375
0.2955,1.451416015625,5.295166015625,-5.955810546875
0.296,2.772705078125,4.134033203125,-6.356201171875
0.2965,4.013916015625,2.932861328125,-6.676513671875
0.297,4.934814453125,1.731689453125,-6.676513671875
0.2975,5.415283203125,0.730712890625,-6.556396484375
0.298,5.615478515625,0.010009765625,-6.236083984375
0.2985,5.415283203125,-1.151123046875,-5.275146484375
0.299,5.175048828125,-2.432373046875,-4.073974609375
0.2995,5.094970703125,-3.833740234375,-2.832763671875
0.3,4.814697265625,-4.834716796875,-1.711669921875
0.3005,4.534423828125,-5.635498046875,-0.830810546875
0.301,3.813720703125,-5.955810546875,0.170166015625
0.3015,2.612548828125,-6.115966796875,1.411376953125
0.302,1.291259765625,-6.396240234375,3.012939453125
0.3025,0.130126953125,-6.436279296875,4.294189453125
0.303,-0.790771484375,-6.556396484375,5.215087890625
0.3035,-1.511474609375,-6.436279296875,5.895751953125
0.304,-2.672607421875,-5.515380859375,6.376220703125
0.3045,-4.033935546875,-4.234130859375,6.656494140625
0.305,-5.155029296875,-2.952880859375,6.776611328125
0.3055,-5.915771484375,-1.831787109375,6.656494140625
0.306,-6.236083984375,-0.910888671875,6.456298828125
0.3065,-6.115966796875,0.090087890625,5.815673828125
0.307,-5.795654296875,1.251220703125,4.614501953125
0.3075,-5.595458984375,2.572509765625,3.333251953125
0.308,-5.395263671875,3.853759765625,2.052001953125
0.3085,-5.034912109375,4.774658203125,0.970947265625
0.309,-4.634521484375,5.375244140625,0.170166015625
0.3095,-3.673583984375,5.495361328125,-0.950927734375
0.31,-2.272216796875,5.695556640625,-2.352294921875
0.3105,-0.990966796875,5.895751953125,-3.873779296875
0.311,0.130126953125,5.895751953125,-4.994873046875
0.3115,0.890869140625,5.975830078125,-5.835693359375
0.312,1.691650390625,5.615478515625,-6.396240234375
0.3125,2.972900390625,4.414306640625,-6.716552734375
0.313,4.294189453125,3.052978515625,-7.036865234375
0.3135,5.215087890625,1.691650390625,-7.076904296875
0.314,5.815673828125,0.650634765625,-6.796630859375
0.3145,6.015869140625,-0.270263671875,-6.516357421875
0.315,5.735595703125,-1.231201171875,-5.635498046875
0.3155,5.415283203125,-2.512451171875,-4.314208984375
0.316,5.255126953125,-3.873779296875,-2.952880859375
0.3165,4.934814453125,-4.994873046875,-1.751708984375
0.317,4.574462890625,-5.795654296875,-0.790771484375
0.3175,4.013916015625,-6.276123046875,0.170166015625
0.318,2.892822265625,-6.356201171875,1.291259765625
0.3185,1.451416015625,-6.476318359375,2.852783203125
0.319,0.130126953125,-6.596435546875,4.294189453125
0.3195,-0.910888671875,-6.596435546875,5.295166015625
0.32,-1.551513671875,-6.636474609375,6.095947265625
0.3205,-2.552490234375,-5.995849609375,6.496337890625
0.321,-3.873779296875,-4.634521484375,6.736572265625
0.3215,-5.114990234375,-3.353271484375,6.976806640625
0.322,-5.915771484375,-2.031982421875,6.856689453125
0.3225,-6.316162109375,-1.031005859375,6.616455078125
0.323,-6.356201171875,-0.190185546875,6.135986328125
0.3235,-6.035888671875,0.890869140625,5.094970703125
0.324,-5.755615234375,2.252197265625,3.773681640625
0.3245,-5.515380859375,3.573486328125,2.412353515625
0.325,-5.155029296875,4.614501953125,1.291259765625
0.3255,-4.834716796875,5.295166015625,0.370361328125
0.326,-3.993896484375,5.575439453125,-0.630615234375
0.3265,-2.752685546875,5.695556640625,-1.871826171875
0.327,-1.431396484375,5.895751953125,-3.393310546875
0.3275,-0.190185546875,5.895751953125,-4.674560546875
0.328,0.650634765625,5.935791015625,-5.595458984375
0.3285,1.411376953125,5.815673828125,-6.276123046875
0.329,2.452392578125,4.934814453125,-6.676513671875
0.3295,3.813720703125,3.533447265625,-6.916748046875
0.33,4.974853515625,2.292236328125,-7.076904296875
0.3305,5.615478515625,1.091064453125,-6.876708984375
0.331,5.975830078125,0.210205078125,-6.716552734375
0.3315,5.895751953125,-0.790771484375,-6.075927734375
0.332,5.575439453125,-1.911865234375,-4.914794921875
0.3325,5.375244140625,-3.193115234375,-3.593505859375
0.333,5.094970703125,-4.554443359375,-2.272216796875
0.3335,4.734619140625,-5.435302734375,-1.191162109375
0.334,4.374267578125,-6.115966796875,-0.350341796875
0.3345,3.413330078125,-6.316162109375,0.730712890625
0.335,2.052001953125,-6.396240234375,2.172119140625
0.3355,0.730712890625,-6.636474609375,3.693603515625
0.336,-0.510498046875,-6.596435546875,4.814697265625
0.3365,-1.191162109375,-6.756591796875,5.735595703125
0.337,-2.031982421875,-6.396240234375,6.296142578125
0.3375,-3.233154296875,-5.275146484375,6.616455078125
0.338,-4.554443359375,-3.873779296875,6.896728515625
0.3385,-5.635498046875,-2.552490234375,6.896728515625
0.339,-6.156005859375,-1.471435546875,6.736572265625
0.3395,-6.396240234375,-0.630615234375,6.456298828125
0.34,-6.196044921875,0.450439453125,5.615478515625
0.3405,-5.835693359375,1.731689453125,4.334228515625
0.341,-5.675537109375,3.093017578125,3.012939453125
0.3415,-5.355224609375,4.254150390625,1.731689453125
0.342,-4.994873046875,5.094970703125,0.730712890625
0.3425,-4.434326171875,5.535400390625,-0.270263671875
0.343,-3.353271484375,5.695556640625,-1.311279296875
0.3435,-1.951904296875,5.815673828125,-2.872802734375
0.344,-0.630615234375,5.975830078125,-4.354248046875
0.3445,0.410400390625,5.935791015625,-5.315185546875
0.345,1.091064453125,6.015869140625,-6.115966796875
0.3455,2.052001953125,5.295166015625,-6.596435546875
0.346,3.453369140625,4.013916015625,-6.836669921875
0.3465,4.614501953125,2.732666015625,-7.076904296875
0.347,5.455322265625,1.411376953125,-6.956787109375
0.3475,5.895751953125,0.450439453125,-6.756591796875
0.348,5.975830078125,-0.510498046875,-6.276123046875
0.3485,5.655517578125,-1.471435546875,-5.315185546875
0.349,5.375244140625,-2.752685546875,-3.993896484375
0.3495,5.135009765625,-4.154052734375,-2.632568359375
0.35,4.814697265625,-5.155029296875,-1.511474609375
0.3505,4.494384765625,-5.915771484375,-0.630615234375
0.351,3.733642578125,-6.156005859375,0.370361328125
0.3515,2.532470703125,-6.276123046875,1.571533203125
0.352,1.211181640625,-6.476318359375,3.093017578125
0.3525,-0.190185546875,-6.516357421875,4.414306640625
0.353,-0.950927734375,-6.596435546875,5.295166015625
0.3535,-1.631591796875,-6.516357421875,5.935791015625
0.354,-2.672607421875,-5.635498046875,6.376220703125
0.3545,-3.953857421875,-4.354248046875,6.616455078125
0.355,-5.034912109375,-3.153076171875,6.776611328125
0.3555,-5.755615234375,-1.951904296875,6.616455078125
0.356,-6.115966796875,-1.071044921875,6.456298828125
0.3565,-6.075927734375,-0.270263671875,5.895751953125
0.357,-5.755615234375,0.890869140625,4.854736328125
0.3575,-5.555419921875,2.172119140625,3.653564453125
0.358,-5.315185546875,3.413330078125,2.412353515625
0.3585,-5.034912109375,4.374267578125,1.331298828125
0.359,-4.714599609375,5.054931640625,0.530517578125
0.3595,-3.873779296875,5.295166015625,-0.510498046875
0.36,-2.712646484375,5.415283203125,-1.791748046875
0.3605,-1.511474609375,5.695556640625,-3.233154296875
0.361,-0.390380859375,5.735595703125,-4.354248046875
0.3615,0.450439453125,5.855712890625,-5.355224609375
0.362,1.211181640625,5.695556640625,-5.955810546875
0.3625,2.292236328125,4.814697265625,-6.356201171875
0.363,3.613525390625,3.533447265625,-6.636474609375
0.3635,4.614501953125,2.292236328125,-6.756591796875
0.364,5.295166015625,1.251220703125,-6.636474609375
0.3645,5.615478515625,0.450439453125,-6.476318359375
0.365,5.495361328125,-0.590576171875,-5.755615234375
0.3655,5.255126953125,-1.711669921875,-4.754638671875
0.366,5.135009765625,-3.032958984375,-3.553466796875
0.3665,4.894775390625,-4.154052734375,-2.312255859375
0.367,4.614501953125,-5.074951171875,-1.351318359375
0.3675,4.254150390625,-5.635498046875,-0.590576171875
0.368,3.333251953125,-5.875732421875,0.490478515625
0.3685,2.052001953125,-6.115966796875,1.931884765625
0.369,0.890869140625,-6.316162109375,3.333251953125
0.3695,-0.230224609375,-6.396240234375,4.334228515625
0.37,-0.790771484375,-6.556396484375,5.255126953125
0.3705,-1.751708984375,-6.075927734375,5.775634765625
0.371,-2.952880859375,-4.954833984375,6.095947265625
0.3715,-4.154052734375,-3.833740234375,6.416259765625
0.372,-5.074951171875,-2.632568359375,6.416259765625
0.3725,-5.635498046875,-1.671630859375,6.376220703125
0.373,-5.755615234375,-0.950927734375,6.055908203125
0.3735,-5.595458984375,0.050048828125,5.255126953125
0.374,-5.435302734375,1.211181640625,4.214111328125
0.3745,-5.315185546875,2.492431640625,3.093017578125
0.375,-5.074951171875,3.533447265625,1.971923828125
0.3755,-4.834716796875,4.334228515625,1.171142578125
0.376,-4.234130859375,4.774658203125,0.290283203125
0.3765,-3.353271484375,4.934814453125,-0.830810546875
0.377,-2.232177734375,5.255126953125,-2.192138671875
0.3775,-1.111083984375,5.415283203125,-3.513427734375
0.378,-0.310302734375,5.615478515625,-4.434326171875
0.3785,0.450439453125,5.735595703125,-5.235107421875
0.379,1.411376953125,5.094970703125,-5.715576171875
0.3795,2.612548828125,4.093994140625,-6.115966796875
0.38,3.773681640625,3.012939453125,-6.396240234375
0.3805,4.534423828125,1.931884765625,-6.356201171875
0.381,5.094970703125,1.091064453125,-6.396240234375
0.3815,5.175048828125,0.290283203125,-5.955810546875
0.382,5.054931640625,-0.750732421875,-5.155029296875
0.3825,4.934814453125,-1.911865234375,-4.194091796875
0.383,4.814697265625,-3.113037109375,-3.113037109375
0.3835,4.614501953125,-4.114013671875,-2.112060546875
0.384,4.494384765625,-4.914794921875,-1.311279296875
0.3845,3.773681640625,-5.275146484375,-0.470458984375
0.385,2.812744140625,-5.595458984375,0.770751953125
0.3855,1.771728515625,-5.955810546875,2.092041015625
0.386,0.730712890625,-6.035888671875,3.293212890625
0.3865,0.050048828125,-6.316162109375,4.294189453125
0.387,-0.830810546875,-6.236083984375,5.014892578125
0.3875,-1.871826171875,-5.515380859375,5.455322265625
0.388,-3.072998046875,-4.554443359375,5.855712890625
0.3885,-4.114013671875,-3.473388671875,6.095947265625
0.389,-4.834716796875,-2.472412109375,6.095947265625
0.3895,-5.315185546875,-1.711669921875,6.095947265625
0.39,-5.315185546875,-0.950927734375,5.575439453125
0.3905,-5.195068359375,0.170166015625,4.734619140625
0.391,-5.155029296875,1.331298828125,3.853759765625
0.3915,-5.074951171875,2.452392578125,2.812744140625
0.392,-4.914794921875,3.413330078125,1.931884765625
0.3925,-4.634521484375,4.053955078125,1.131103515625
0.393,-3.913818359375,4.414306640625,0.250244140625
0.3935,-3.032958984375,4.734619140625,-1.071044921875
0.394,-1.991943359375,5.094970703125,-2.352294921875
0.3945,-1.151123046875,5.335205078125,-3.393310546875
0.395,-0.470458984375,5.615478515625,-4.354248046875
0.3955,0.490478515625,5.415283203125,-4.994873046875
0.396,1.571533203125,4.574462890625,-5.435302734375
0.3965,2.772705078125,3.653564453125,-5.915771484375
0.397,3.773681640625,2.612548828125,-6.075927734375
0.3975,4.454345703125,1.731689453125,-6.156005859375
0.398,4.774658203125,1.010986328125,-6.075927734375
0.3985,4.774658203125,0.170166015625,-5.475341796875
0.399,4.734619140625,-0.910888671875,-4.714599609375
0.3995,4.734619140625,-2.112060546875,-3.793701171875
0.4,4.614501953125,-3.193115234375,-2.872802734375
0.4005,4.534423828125,-4.154052734375,-2.031982421875
0.401,4.134033203125,-4.714599609375,-1.231201171875
0.4015,3.373291015625,-5.114990234375,-0.270263671875
0.402,2.492431640625,-5.475341796875,1.131103515625
0.4025,1.531494140625,-5.755615234375,2.332275390625
0.403,0.690673828125,-6.075927734375,3.413330078125
0.4035,0.050048828125,-6.276123046875,4.294189453125
0.404,-0.990966796875,-5.835693359375,4.894775390625
0.4045,-2.152099609375,-5.074951171875,5.375244140625
0.405,-3.353271484375,-4.114013671875,5.775634765625
0.4055,-4.194091796875,-3.072998046875,5.895751953125
0.406,-4.834716796875,-2.272216796875,6.055908203125
0.4065,-5.074951171875,-1.551513671875,5.775634765625
0.407,-5.074951171875,-0.630615234375,5.135009765625
0.4075,-5.074951171875,0.570556640625,4.334228515625
0.408,-5.074951171875,1.731689453125,3.373291015625
0.4085,-4.994873046875,2.692626953125,2.492431640625
0.409,-4.834716796875,3.573486328125,1.731689453125
0.4095,-4.314208984375,4.013916015625,0.810791015625
0.41,-3.473388671875,4.454345703125,-0.350341796875
0.4105,-2.592529296875,4.974853515625,-1.631591796875
0.411,-1.631591796875,5.175048828125,-2.792724609375
0.4115,-0.910888671875,5.495361328125,-3.833740234375
0.412,0.010009765625,5.535400390625,-4.674560546875
0.4125,1.010986328125,4.974853515625,-5.195068359375
0.413,2.252197265625,4.053955078125,-5.715576171875
0.4135,3.333251953125,3.012939453125,-5.995849609375
0.414,4.174072265625,2.011962890625,-6.115966796875
0.4145,4.694580078125,1.291259765625,-6.156005859375
0.415,4.814697265625,0.490478515625,-5.715576171875
0.4155,4.734619140625,-0.630615234375,-4.914794921875
0.416,4.774658203125,-1.791748046875,-4.033935546875
0.4165,4.654541015625,-3.032958984375,-3.072998046875
0.417,4.574462890625,-3.953857421875,-2.152099609375
0.4175,4.334228515625,-4.754638671875,-1.431396484375
0.418,3.653564453125,-5.034912109375,-0.430419921875
0.4185,2.652587890625,-5.395263671875,0.890869140625
0.419,1.651611328125,-5.755615234375,2.252197265625
0.4195,0.770751953125,-5.995849609375,3.333251953125
0.42,0.090087890625,-6.316162109375,4.334228515625
0.4205,-0.910888671875,-6.035888671875,4.974853515625
0.421,-2.072021484375,-5.155029296875,5.415283203125
0.4215,-3.273193359375,-4.194091796875,5.855712890625
0.422,-4.274169921875,-3.072998046875,6.015869140625
0.4225,-4.954833984375,-2.232177734375,6.055908203125
0.423,-5.235107421875,-1.431396484375,5.895751953125
0.4235,-5.195068359375,-0.630615234375,5.255126953125
0.424,-5.114990234375,0.570556640625,4.414306640625
0.4245,-5.114990234375,1.811767578125,3.333251953125
0.425,-4.994873046875,2.852783203125,2.372314453125
0.4255,-4.874755859375,3.773681640625,1.531494140625
0.426,-4.354248046875,4.294189453125,0.730712890625
0.4265,-3.513427734375,4.614501953125,-0.430419921875
0.427,-2.552490234375,5.014892578125,-1.751708984375
0.4275,-1.471435546875,5.255126953125,-3.032958984375
0.428,-0.670654296875,5.495361328125,-4.033935546875
0.4285,0.130126953125,5.615478515625,-4.874755859375
0.429,1.091064453125,5.094970703125,-5.435302734375
0.4295,2.372314453125,4.093994140625,-5.835693359375
0.43,3.533447265625,3.012939453125,-6.196044921875
0.4305,4.374267578125,1.931884765625,-6.236083984375
0.431,4.934814453125,1.131103515625,-6.276123046875
0.4315,5.054931640625,0.330322265625,-5.915771484375
0.432,4.934814453125,-0.710693359375,-5.074951171875
0.4325,4.854736328125,-1.951904296875,-4.154052734375
0.433,4.814697265625,-3.193115234375,-2.992919921875
0.4335,4.574462890625,-4.194091796875,-2.072021484375
0.434,4.454345703125,-4.954833984375,-1.271240234375
0.4345,3.733642578125,-5.275146484375,-0.350341796875
0.435,2.692626953125,-5.595458984375,0.970947265625
0.4355,1.571533203125,-5.915771484375,2.372314453125
0.436,0.610595703125,-6.115966796875,3.533447265625
0.4365,-0.230224609375,-6.356201171875,4.494384765625
0.437,-0.990966796875,-6.196044921875,5.215087890625
0.4375,-2.112060546875,-5.395263671875,5.655517578125
0.438,-3.433349609375,-4.274169921875,6.055908203125
0.4385,-4.514404296875,-3.153076171875,6.256103515625
0.439,-5.155029296875,-2.112060546875,6.216064453125
0.4395,-5.595458984375,-1.351318359375,6.135986328125
0.44,-5.475341796875,-0.510498046875,5.495361328125
0.4405,-5.315185546875,0.690673828125,4.494384765625
0.441,-5.275146484375,1.931884765625,3.453369140625
0.4415,-5.114990234375,3.093017578125,2.292236328125
0.442,-4.914794921875,4.053955078125,1.411376953125
0.4425,-4.514404296875,4.614501953125,0.650634765625
0.443,-3.673583984375,4.894775390625,-0.470458984375
0.4435,-2.552490234375,5.175048828125,-1.791748046875
0.444,-1.351318359375,5.455322265625,-3.233154296875
0.4445,-0.510498046875,5.655517578125,-4.314208984375
0.445,0.290283203125,5.815673828125,-5.195068359375
0.4455,1.251220703125,5.375244140625,-5.795654296875
0.446,2.532470703125,4.254150390625,-6.196044921875
0.4465,3.813720703125,3.133056640625,-6.556396484375
0.447,4.774658203125,1.931884765625,-6.596435546875
0.4475,5.295166015625,0.970947265625,-6.556396484375
0.448,5.495361328125,0.170166015625,-6.236083984375
0.4485,5.335205078125,-0.990966796875,-5.395263671875
0.449,5.135009765625,-2.272216796875,-4.194091796875
0.4495,5.054931640625,-3.633544921875,-2.952880859375
0.45,4.814697265625,-4.634521484375,-1.871826171875
0.4505,4.534423828125,-5.435302734375,-0.990966796875
0.451,3.853759765625,-5.835693359375,0.010009765625
0.4515,2.732666015625,-6.035888671875,1.251220703125
0.452,1.411376953125,-6.276123046875,2.852783203125
0.4525,0.210205078125,-6.396240234375,4.134033203125
0.453,-0.670654296875,-6.516357421875,5.094970703125
0.4535,-1.391357421875,-6.476318359375,5.815673828125
0.454,-2.552490234375,-5.595458984375,6.296142578125
0.4545,-3.913818359375,-4.234130859375,6.576416015625
0.455,-5.114990234375,-2.992919921875,6.776611328125
0.4555,-5.755615234375,-1.831787109375,6.656494140625
0.456,-6.156005859375,-0.950927734375,6.416259765625
0.4565,-6.075927734375,0.010009765625,5.775634765625
0.457,-5.795654296875,1.131103515625,4.614501953125
0.4575,-5.635498046875,2.532470703125,3.333251953125
0.458,-5.355224609375,3.853759765625,2.052001953125
0.4585,-4.994873046875,4.734619140625,1.010986328125
0.459,-4.594482421875,5.375244140625,0.210205078125
0.4595,-3.673583984375,5.495361328125,-0.910888671875
0.46,-2.272216796875,5.615478515625,-2.312255859375
0.4605,-0.990966796875,5.895751953125,-3.873779296875
0.461,0.130126953125,5.855712890625,-4.954833984375
0.4615,0.810791015625,5.895751953125,-5.755615234375
0.462,1.651611328125,5.575439453125,-6.396240234375
0.4625,2.892822265625,4.454345703125,-6.676513671875
0.463,4.214111328125,3.093017578125,-6.956787109375
0.4635,5.215087890625,1.771728515625,-6.956787109375
0.464,5.735595703125,0.690673828125,-6.716552734375
0.4645,5.935791015625,-0.270263671875,-6.516357421875
0.465,5.735595703125,-1.191162109375,-5.635498046875
0.4655,5.375244140625,-2.512451171875,-4.354248046875
0.466,5.215087890625,-3.793701171875,-3.032958984375
0.4665,4.894775390625,-4.914794921875,-1.791748046875
0.467,4.534423828125,-5.715576171875,-0.830810546875
0.4675,4.013916015625,-6.196044921875,0.130126953125
0.468,2.972900390625,-6.276123046875,1.171142578125
0.4685,1.531494140625,-6.436279296875,2.692626953125
0.469,0.250244140625,-6.556396484375,4.134033203125
0.4695,-0.790771484375,-6.556396484375,5.135009765625
0.47,-1.431396484375,-6.636474609375,5.935791015625
0.4705,-2.392333984375,-5.995849609375,6.416259765625
0.471,-3.753662109375,-4.674560546875,6.656494140625
0.4715,-4.954833984375,-3.393310546875,6.896728515625
0.472,-5.795654296875,-2.152099609375,6.816650390625
0.4725,-6.276123046875,-1.151123046875,6.656494140625
0.473,-6.276123046875,-0.350341796875,6.216064453125
0.4735,-6.035888671875,0.690673828125,5.175048828125
0.474,-5.755615234375,2.052001953125,3.893798828125
0.4745,-5.515380859375,3.413330078125,2.572509765625
0.475,-5.155029296875,4.454345703125,1.411376953125
0.4755,-4.874755859375,5.175048828125,0.570556640625
0.476,-4.114013671875,5.495361328125,-0.470458984375
0.4765,-2.912841796875,5.615478515625,-1.631591796875
0.477,-1.591552734375,5.815673828125,-3.193115234375
0.4775,-0.350341796875,5.895751953125,-4.514404296875
0.478,0.570556640625,5.935791015625,-5.435302734375
0.4785,1.251220703125,5.895751953125,-6.156005859375
0.479,2.332275390625,5.014892578125,-6.556396484375
0.4795,3.693603515625,3.693603515625,-6.836669921875
0.48,4.814697265625,2.412353515625,-7.036865234375
0.4805,5.535400390625,1.131103515625,-6.876708984375
0.481,5.895751953125,0.290283203125,-6.716552734375
0.4815,5.855712890625,-0.670654296875,-6.115966796875
0.482,5.575439453125,-1.791748046875,-4.994873046875
0.4825,5.335205078125,-3.153076171875,-3.673583984375
0.483,5.094970703125,-4.434326171875,-2.352294921875
0.4835,4.774658203125,-5.395263671875,-1.271240234375
0.484,4.414306640625,-6.075927734375,-0.470458984375
0.4845,3.493408203125,-6.276123046875,0.650634765625
0.485,2.132080078125,-6.396240234375,2.052001953125
0.4855,0.810791015625,-6.596435546875,3.653564453125
0.486,-0.470458984375,-6.556396484375,4.814697265625
0.4865,-1.151123046875,-6.676513671875,5.695556640625
0.487,-1.951904296875,-6.396240234375,6.296142578125
0.4875,-3.193115234375,-5.275146484375,6.616455078125
0.488,-4.554443359375,-3.913818359375,6.896728515625
0.4885,-5.595458984375,-2.592529296875,6.936767578125
0.489,-6.196044921875,-1.471435546875,6.696533203125
0.4895,-6.436279296875,-0.670654296875,6.456298828125
0.49,-6.196044921875,0.450439453125,5.615478515625
0.4905,-5.915771484375,1.771728515625,4.334228515625
0.491,-5.715576171875,3.133056640625,3.012939453125
0.4915,-5.395263671875,4.334228515625,1.691650390625
0.492,-5.034912109375,5.135009765625,0.690673828125
0.4925,-4.434326171875,5.615478515625,-0.270263671875
0.493,-3.353271484375,5.735595703125,-1.351318359375
0.4935,-1.951904296875,5.895751953125,-2.912841796875
0.494,-0.590576171875,6.055908203125,-4.434326171875
0.4945,0.490478515625,6.015869140625,-5.435302734375
0.495,1.171142578125,6.055908203125,-6.196044921875
0.4955,2.132080078125,5.375244140625,-6.716552734375
0.496,3.533447265625,4.013916015625,-6.916748046875
0.4965,4.774658203125,2.652587890625,-7.156982421875
0.497,5.615478515625,1.331298828125,-7.076904296875
0.4975,6.015869140625,0.290283203125,-6.876708984375
0.498,6.055908203125,-0.590576171875,-6.356201171875
0.4985,5.735595703125,-1.591552734375,-5.315185546875
0.499,5.415283203125,-2.952880859375,-3.953857421875
0.4995,5.175048828125,-4.354248046875,-2.552490234375
0.5,4.814697265625,-5.315185546875,-1.391357421875
0.5005,4.494384765625,-6.035888671875,-0.510498046875
0.501,3.693603515625,-6.276123046875,0.490478515625
0.5015,2.492431640625,-6.396240234375,1.691650390625
0.502,1.091064453125,-6.556396484375,3.253173828125
0.5025,-0.310302734375,-6.556396484375,4.574462890625
0.503,-1.071044921875,-6.596435546875,5.455322265625
0.5035,-1.751708984375,-6.476318359375,6.095947265625
0.504,-2.832763671875,-5.635498046875,6.456298828125
0.5045,-4.114013671875,-4.354248046875,6.696533203125
0.505,-5.195068359375,-3.072998046875,6.896728515625
0.5055,-5.835693359375,-1.911865234375,6.656494140625
0.506,-6.276123046875,-0.990966796875,6.496337890625
0.5065,-6.156005859375,-0.150146484375,5.895751953125
0.507,-5.795654296875,0.970947265625,4.854736328125
0.5075,-5.595458984375,2.252197265625,3.613525390625
0.508,-5.395263671875,3.533447265625,2.292236328125
0.5085,-5.034912109375,4.494384765625,1.291259765625
0.509,-4.674560546875,5.094970703125,0.450439453125
0.5095,-3.873779296875,5.375244140625,-0.590576171875
0.51,-2.672607421875,5.455322265625,-1.791748046875
0.5105,-1.431396484375,5.735595703125,-3.313232421875
0.511,-0.310302734375,5.735595703125,-4.434326171875
0.5115,0.530517578125,5.895751953125,-5.395263671875
0.512,1.251220703125,5.735595703125,-6.035888671875
0.5125,2.332275390625,4.774658203125,-6.396240234375
0.513,3.653564453125,3.573486328125,-6.676513671875
0.5135,4.734619140625,2.292236328125,-6.876708984375
0.514,5.335205078125,1.211181640625,-6.676513671875
0.5145,5.655517578125,0.410400390625,-6.556396484375
0.515,5.575439453125,-0.550537109375,-5.835693359375
0.5155,5.335205078125,-1.671630859375,-4.794677734375
0.516,5.175048828125,-2.992919921875,-3.593505859375
0.5165,4.934814453125,-4.194091796875,-2.392333984375
0.517,4.654541015625,-5.114990234375,-1.391357421875
0.5175,4.294189453125,-5.715576171875,-0.590576171875
0.518,3.373291015625,-5.915771484375,0.530517578125
0.5185,2.132080078125,-6.115966796875,1.931884765625
0.519,0.890869140625,-6.316162109375,3.333251953125
0.5195,-0.190185546875,-6.396240234375,4.414306640625
0.52,-0.870849609375,-6.556396484375,5.295166015625
0.5205,-1.751708984375,-6.115966796875,5.815673828125
0.521,-2.952880859375,-5.034912109375,6.135986328125
0.5215,-4.154052734375,-3.873779296875,6.416259765625
0.522,-5.114990234375,-2.672607421875,6.496337890625
0.5225,-5.675537109375,-1.671630859375,6.376220703125
0.523,-5.795654296875,-0.950927734375,6.095947265625
0.5235,-5.635498046875,0.090087890625,5.295166015625
0.524,-5.435302734375,1.251220703125,4.214111328125
0.5245,-5.315185546875,2.532470703125,3.052978515625
0.525,-5.074951171875,3.573486328125,1.931884765625
0.5255,-4.834716796875,4.414306640625,1.131103515625
0.526,-4.274169921875,4.814697265625,0.290283203125
0.5265,-3.353271484375,5.014892578125,-0.870849609375
0.527,-2.192138671875,5.335205078125,-2.232177734375
0.5275,-1.031005859375,5.455322265625,-3.553466796875
0.528,-0.270263671875,5.615478515625,-4.514404296875
0.5285,0.490478515625,5.695556640625,-5.275146484375
0.529,1.411376953125,5.094970703125,-5.755615234375
0.5295,2.692626953125,4.053955078125,-6.115966796875
0.53,3.813720703125,2.972900390625,-6.396240234375
0.5305,4.574462890625,1.891845703125,-6.396240234375
0.531,5.094970703125,1.051025390625,-6.396240234375
0.5315,5.175048828125,0.250244140625,-5.955810546875
0.532,5.054931640625,-0.750732421875,-5.195068359375
0.5325,4.974853515625,-1.871826171875,-4.194091796875
0.533,4.814697265625,-3.153076171875,-3.072998046875
0.5335,4.614501953125,-4.114013671875,-2.112060546875
0.534,4.494384765625,-4.954833984375,-1.311279296875
0.5345,3.813720703125,-5.275146484375,-0.470458984375
0.535,2.852783203125,-5.515380859375,0.770751953125
0.5355,1.811767578125,-5.875732421875,2.092041015625
0.536,0.690673828125,-6.035888671875,3.253173828125
0.5365,0.010009765625,-6.316162109375,4.294189453125
0.537,-0.830810546875,-6.276123046875,5.014892578125
0.5375,-1.791748046875,-5.635498046875,5.455322265625
0.538,-3.032958984375,-4.594482421875,5.895751953125
0.5385,-4.114013671875,-3.553466796875,6.095947265625
0.539,-4.834716796875,-2.512451171875,6.135986328125
0.5395,-5.315185546875,-1.791748046875,6.135986328125
0.54,-5.355224609375,-0.990966796875,5.655517578125
0.5405,-5.235107421875,0.130126953125,4.814697265625
0.541,-5.195068359375,1.291259765625,3.893798828125
0.5415,-5.074951171875,2.452392578125,2.852783203125
0.542,-4.954833984375,3.413330078125,1.931884765625
0.5425,-4.674560546875,4.134033203125,1.211181640625
0.543,-3.993896484375,4.494384765625,0.290283203125
0.5435,-3.072998046875,4.814697265625,-0.990966796875
0.544,-1.991943359375,5.175048828125,-2.352294921875
0.5445,-1.151123046875,5.335205078125,-3.393310546875
0.545,-0.470458984375,5.615478515625,-4.434326171875
0.5455,0.410400390625,5.375244140625,-5.034912109375
0.546,1.571533203125,4.614501953125,-5.475341796875
0.5465,2.772705078125,3.693603515625,-5.915771484375
0.547,3.773681640625,2.612548828125,-6.115966796875
0.5475,4.494384765625,1.731689453125,-6.196044921875
0.548,4.814697265625,1.010986328125,-6.115966796875
0.5485,4.814697265625,0.170166015625,-5.515380859375
0.549,4.774658203125,-0.950927734375,-4.714599609375
0.5495,4.774658203125,-2.192138671875,-3.753662109375
0.55,4.614501953125,-3.233154296875,-2.792724609375
0.5505,4.534423828125,-4.194091796875,-1.951904296875
0.551,4.134033203125,-4.714599609375,-1.151123046875
0.5515,3.373291015625,-5.114990234375,-0.190185546875
0.552,2.452392578125,-5.475341796875,1.171142578125
0.5525,1.411376953125,-5.795654296875,2.452392578125
0.553,0.610595703125,-6.075927734375,3.493408203125
0.5535,-0.230224609375,-6.356201171875,4.414306640625
0.554,-1.071044921875,-5.795654296875,4.974853515625
0.5545,-2.232177734375,-4.994873046875,5.415283203125
0.555,-3.393310546875,-4.033935546875,5.815673828125
0.5555,-4.234130859375,-3.032958984375,5.935791015625
0.556,-4.914794921875,-2.232177734375,6.055908203125
0.5565,-5.114990234375,-1.471435546875,5.775634765625
0.557,-5.074951171875,-0.630615234375,5.135009765625
0.5575,-5.074951171875,0.570556640625,4.334228515625
0.558,-5.074951171875,1.771728515625,3.333251953125
0.5585,-4.954833984375,2.812744140625,2.412353515625
0.559,-4.834716796875,3.693603515625,1.611572265625
0.5595,-4.274169921875,4.134033203125,0.770751953125
0.56,-3.433349609375,4.494384765625,-0.390380859375
0.5605,-2.552490234375,4.934814453125,-1.671630859375
0.561,-1.591552734375,5.135009765625,-2.872802734375
0.5615,-0.910888671875,5.415283203125,-3.873779296875
0.562,0.010009765625,5.575439453125,-4.674560546875
0.5625,1.010986328125,4.974853515625,-5.235107421875
0.563,2.252197265625,4.053955078125,-5.715576171875
0.5635,3.333251953125,3.012939453125,-6.035888671875
0.564,4.174072265625,2.011962890625,-6.115966796875
0.5645,4.694580078125,1.291259765625,-6.156005859375
0.565,4.774658203125,0.490478515625,-5.715576171875
0.5655,4.734619140625,-0.590576171875,-4.954833984375
0.566,4.774658203125,-1.751708984375,-4.073974609375
0.5665,4.654541015625,-2.912841796875,-3.072998046875
0.567,4.534423828125,-3.873779296875,-2.192138671875
0.5675,4.334228515625,-4.634521484375,-1.431396484375
0.568,3.693603515625,-4.994873046875,-0.510498046875
0.5685,2.692626953125,-5.395263671875,0.770751953125
0.569,1.731689453125,-5.755615234375,2.092041015625
0.5695,0.730712890625,-6.035888671875,3.213134765625
0.57,0.170166015625,-6.276123046875,4.174072265625
0.5705,-0.790771484375,-6.035888671875,4.854736328125
0.571,-1.911865234375,-5.235107421875,5.295166015625
0.5715,-3.113037109375,-4.274169921875,5.775634765625
0.572,-4.154052734375,-3.193115234375,5.935791015625
0.5725,-4.834716796875,-2.312255859375,6.015869140625
0.573,-5.155029296875,-1.591552734375,5.895751953125
0.5735,-5.114990234375,-0.750732421875,5.295166015625
0.574,-5.074951171875,0.370361328125,4.494384765625
0.5745,-5.114990234375,1.571533203125,3.533447265625
0.575,-4.994873046875,2.692626953125,2.532470703125
0.5755,-4.834716796875,3.613525390625,1.731689453125
0.576,-4.434326171875,4.134033203125,0.930908203125
0.5765,-3.673583984375,4.454345703125,-0.190185546875
0.577,-2.712646484375,4.814697265625,-1.431396484375
0.5775,-1.751708984375,5.094970703125,-2.712646484375
0.578,-0.910888671875,5.415283203125,-3.793701171875
0.5785,-0.190185546875,5.615478515625,-4.634521484375
0.579,0.850830078125,5.135009765625,-5.195068359375
0.5795,2.052001953125,4.214111328125,-5.675537109375
0.58,3.253173828125,3.173095703125,-6.115966796875
0.5805,4.134033203125,2.132080078125,-6.156005859375
0.581,4.734619140625,1.331298828125,-6.236083984375
0.5815,4.934814453125,0.570556640625,-5.915771484375
0.582,4.814697265625,-0.470458984375,-5.195068359375
0.5825,4.814697265625,-1.591552734375,-4.274169921875
0.583,4.774658203125,-2.872802734375,-3.193115234375
0.5835,4.614501953125,-3.873779296875,-2.272216796875
0.584,4.494384765625,-4.754638671875,-1.471435546875
0.5845,3.853759765625,-5.155029296875,-0.630615234375
0.585,2.852783203125,-5.435302734375,0.690673828125
0.5855,1.811767578125,-5.835693359375,2.092041015625
0.586,0.810791015625,-6.035888671875,3.253173828125
0.5865,0.090087890625,-6.276123046875,4.254150390625
0.587,-0.790771484375,-6.236083984375,5.014892578125
0.5875,-1.871826171875,-5.475341796875,5.495361328125
0.588,-3.193115234375,-4.434326171875,5.895751953125
0.5885,-4.314208984375,-3.273193359375,6.176025390625
0.589,-5.034912109375,-2.272216796875,6.216064453125
0.5895,-5.435302734375,-1.471435546875,6.135986328125
0.59,-5.395263671875,-0.670654296875,5.535400390625
0.5905,-5.275146484375,0.490478515625,4.534423828125
0.591,-5.235107421875,1.771728515625,3.573486328125
0.5915,-5.114990234375,2.972900390625,2.452392578125
0.592,-4.914794921875,3.853759765625,1.531494140625
0.5925,-4.554443359375,4.494384765625,0.770751953125
0.593,-3.753662109375,4.734619140625,-0.310302734375
0.5935,-2.712646484375,5.094970703125,-1.551513671875
0.594,-1.511474609375,5.375244140625,-3.072998046875
0.5945,-0.630615234375,5.535400390625,-4.114013671875
0.595,0.170166015625,5.735595703125,-5.034912109375
0.5955,1.010986328125,5.375244140625,-5.595458984375
0.596,2.292236328125,4.294189453125,-5.995849609375
0.5965,3.573486328125,3.173095703125,-6.356201171875
0.597,4.534423828125,2.011962890625,-6.436279296875
0.5975,5.094970703125,1.091064453125,-6.396240234375
0.598,5.335205078125,0.290283203125,-6.156005859375
0.5985,5.175048828125,-0.710693359375,-5.355224609375
0.599,5.014892578125,-1.951904296875,-4.274169921875
0.5995,4.974853515625,-3.273193359375,-3.113037109375
0.6,4.774658203125,-4.354248046875,-2.031982421875
0.6005,4.534423828125,-5.235107421875,-1.151123046875
0.601,3.933837890625,-5.635498046875,-0.350341796875
0.6015,2.812744140625,-5.875732421875,0.930908203125
0.602,1.651611328125,-6.115966796875,2.412353515625
0.6025,0.490478515625,-6.276123046875,3.773681640625
0.603,-0.390380859375,-6.436279296875,4.734619140625
0.6035,-1.111083984375,-6.436279296875,5.495361328125
0.604,-2.192138671875,-5.715576171875,5.975830078125
0.6045,-3.553466796875,-4.434326171875,6.336181640625
0.605,-4.754638671875,-3.193115234375,6.576416015625
0.6055,-5.515380859375,-2.072021484375,6.536376953125
0.606,-5.955810546875,-1.231201171875,6.416259765625
0.6065,-5.915771484375,-0.350341796875,5.815673828125
0.607,-5.635498046875,0.810791015625,4.814697265625
0.6075,-5.515380859375,2.172119140625,3.573486328125
0.608,-5.355224609375,3.493408203125,2.292236328125
0.6085,-5.074951171875,4.414306640625,1.291259765625
0.609,-4.714599609375,5.054931640625,0.450439453125
0.6095,-3.833740234375,5.255126953125,-0.670654296875
0.61,-2.552490234375,5.455322265625,-1.951904296875
0.6105,-1.311279296875,5.735595703125,-3.553466796875
0.611,-0.190185546875,5.775634765625,-4.674560546875
0.6115,0.610595703125,5.895751953125,-5.555419921875
0.612,1.411376953125,5.615478515625,-6.156005859375
0.6125,2.652587890625,4.534423828125,-6.516357421875
0.613,3.973876953125,3.213134765625,-6.836669921875
0.6135,5.094970703125,1.931884765625,-6.916748046875
0.614,5.655517578125,0.810791015625,-6.716552734375
0.6145,5.895751953125,0.010009765625,-6.476318359375
0.615,5.695556640625,-0.990966796875,-5.715576171875
0.6155,5.375244140625,-2.272216796875,-4.434326171875
0.616,5.215087890625,-3.713623046875,-3.072998046875
0.6165,4.974853515625,-4.874755859375,-1.871826171875
0.617,4.574462890625,-5.715576171875,-0.910888671875
0.6175,4.134033203125,-6.115966796875,0.010009765625
0.618,3.012939453125,-6.276123046875,1.131103515625
0.6185,1.571533203125,-6.396240234375,2.652587890625
0.619,0.250244140625,-6.556396484375,4.174072265625
0.6195,-0.790771484375,-6.556396484375,5.175048828125
0.62,-1.471435546875,-6.636474609375,5.935791015625
0.6205,-2.432373046875,-5.995849609375,6.416259765625
0.621,-3.713623046875,-4.674560546875,6.696533203125
0.6215,-4.994873046875,-3.353271484375,6.896728515625
0.622,-5.835693359375,-2.072021484375,6.856689453125
0.6225,-6.316162109375,-1.031005859375,6.656494140625
0.623,-6.356201171875,-0.270263671875,6.176025390625
0.6235,-6.035888671875,0.850830078125,5.175048828125
0.624,-5.755615234375,2.212158203125,3.813720703125
0.6245,-5.555419921875,3.533447265625,2.492431640625
0.625,-5.155029296875,4.534423828125,1.291259765625
0.6255,-4.914794921875,5.295166015625,0.490478515625
0.626,-4.033935546875,5.575439453125,-0.590576171875
0.6265,-2.872802734375,5.655517578125,-1.791748046875
0.627,-1.471435546875,5.895751953125,-3.353271484375
0.6275,-0.230224609375,5.935791015625,-4.674560546875
0.628,0.650634765625,5.935791015625,-5.595458984375
0.6285,1.331298828125,5.895751953125,-6.276123046875
0.629,2.412353515625,5.014892578125,-6.596435546875
0.6295,3.773681640625,3.613525390625,-6.876708984375
0.63,4.934814453125,2.292236328125,-7.076904296875
0.6305,5.615478515625,1.091064453125,-6.876708984375
0.631,5.975830078125,0.210205078125,-6.716552734375
0.6315,5.895751953125,-0.750732421875,-6.075927734375
0.632,5.575439453125,-1.791748046875,-4.994873046875
0.6325,5.295166015625,-3.233154296875,-3.673583984375
0.633,5.094970703125,-4.594482421875,-2.312255859375
0.6335,4.734619140625,-5.595458984375,-1.311279296875
0.634,4.374267578125,-6.115966796875,-0.390380859375
0.6345,3.453369140625,-6.276123046875,0.650634765625
0.635,2.172119140625,-6.356201171875,2.011962890625
0.6355,0.810791015625,-6.556396484375,3.573486328125
0.636,-0.470458984375,-6.556396484375,4.774658203125
0.6365,-1.191162109375,-6.676513671875,5.655517578125
0.637,-1.911865234375,-6.396240234375,6.216064453125
0.6375,-3.072998046875,-5.355224609375,6.536376953125
0.638,-4.434326171875,-3.993896484375,6.776611328125
0.6385,-5.475341796875,-2.672607421875,6.896728515625
0.639,-6.115966796875,-1.551513671875,6.696533203125
0.6395,-6.356201171875,-0.710693359375,6.456298828125
0.64,-6.115966796875,0.290283203125,5.655517578125
0.6405,-5.795654296875,1.451416015625,4.414306640625
0.641,-5.635498046875,2.812744140625,3.133056640625
0.6415,-5.275146484375,4.093994140625,1.811767578125
0.642,-5.074951171875,4.934814453125,0.890869140625
0.6425,-4.514404296875,5.455322265625,0.010009765625
0.643,-3.513427734375,5.615478515625,-1.111083984375
0.6435,-2.112060546875,5.735595703125,-2.592529296875
0.644,-0.830810546875,5.935791015625,-4.114013671875
0.6445,0.290283203125,5.975830078125,-5.195068359375
0.645,0.970947265625,6.095947265625,-6.035888671875
0.6455,1.891845703125,5.455322265625,-6.516357421875
0.646,3.213134765625,4.214111328125,-6.756591796875
0.6465,4.494384765625,2.892822265625,-7.076904296875
0.647,5.415283203125,1.571533203125,-7.036865234375
0.6475,5.935791015625,0.570556640625,-6.836669921875
0.648,6.015869140625,-0.390380859375,-6.436279296875
0.6485,5.735595703125,-1.391357421875,-5.435302734375
0.649,5.455322265625,-2.752685546875,-4.114013671875
0.6495,5.175048828125,-4.114013671875,-2.712646484375
0.65,4.894775390625,-5.195068359375,-1.551513671875
0.6505,4.534423828125,-5.915771484375,-0.630615234375
0.651,3.853759765625,-6.276123046875,0.370361328125
0.6515,2.612548828125,-6.356201171875,1.571533203125
0.652,1.211181640625,-6.556396484375,3.133056640625
0.6525,-0.190185546875,-6.556396484375,4.494384765625
0.653,-1.031005859375,-6.596435546875,5.415283203125
0.6535,-1.631591796875,-6.556396484375,6.095947265625
0.654,-2.712646484375,-5.715576171875,6.456298828125
0.6545,-4.073974609375,-4.314208984375,6.696533203125
0.655,-5.195068359375,-3.072998046875,6.896728515625
0.6555,-5.915771484375,-1.791748046875,6.696533203125
0.656,-6.276123046875,-0.910888671875,6.536376953125
0.6565,-6.156005859375,0.010009765625,5.935791015625
0.657,-5.835693359375,1.010986328125,4.814697265625
0.6575,-5.635498046875,2.412353515625,3.613525390625
0.658,-5.395263671875,3.653564453125,2.252197265625
0.6585,-5.034912109375,4.574462890625,1.131103515625
0.659,-4.674560546875,5.215087890625,0.330322265625
0.6595,-3.833740234375,5.415283203125,-0.670654296875
0.66,-2.592529296875,5.495361328125,-1.951904296875
0.6605,-1.311279296875,5.735595703125,-3.393310546875
0.661,-0.190185546875,5.735595703125,-4.554443359375
0.6615,0.610595703125,5.895751953125,-5.475341796875
0.662,1.331298828125,5.695556640625,-6.075927734375
0.6625,2.412353515625,4.774658203125,-6.396240234375
0.663,3.693603515625,3.533447265625,-6.716552734375
0.6635,4.774658203125,2.252197265625,-6.796630859375
0.664,5.375244140625,1.131103515625,-6.676513671875
0.6645,5.695556640625,0.290283203125,-6.516357421875
0.665,5.575439453125,-0.630615234375,-5.835693359375
0.6655,5.175048828125,-1.791748046875,-4.674560546875
0.666,5.135009765625,-3.032958984375,-3.553466796875
0.6665,4.934814453125,-4.194091796875,-2.352294921875
0.667,4.654541015625,-5.155029296875,-1.351318359375
0.6675,4.294189453125,-5.755615234375,-0.590576171875
0.668,3.373291015625,-5.915771484375,0.530517578125
0.6685,2.172119140625,-6.115966796875,1.851806640625
0.669,0.930908203125,-6.356201171875,3.333251953125
0.6695,-0.190185546875,-6.396240234375,4.414306640625
0.67,-0.910888671875,-6.556396484375,5.335205078125
0.6705,-1.711669921875,-6.196044921875,5.815673828125
0.671,-2.872802734375,-5.114990234375,6.176025390625
0.6715,-4.154052734375,-3.913818359375,6.496337890625
0.672,-5.114990234375,-2.712646484375,6.536376953125
0.6725,-5.755615234375,-1.711669921875,6.456298828125
0.673,-5.915771484375,-0.990966796875,6.216064453125
0.6735,-5.795654296875,0.050048828125,5.455322265625
0.674,-5.515380859375,1.251220703125,4.334228515625
0.6745,-5.435302734375,2.532470703125,3.133056640625
0.675,-5.155029296875,3.653564453125,1.971923828125
0.6755,-4.914794921875,4.494384765625,1.131103515625
0.676,-4.354248046875,4.894775390625,0.290283203125
0.6765,-3.393310546875,5.094970703125,-0.870849609375
0.677,-2.192138671875,5.415283203125,-2.272216796875
0.6775,-1.031005859375,5.535400390625,-3.593505859375
0.678,-0.190185546875,5.655517578125,-4.634521484375
0.6785,0.570556640625,5.775634765625,-5.395263671875
0.679,1.491455078125,5.135009765625,-5.835693359375
0.6795,2.732666015625,4.093994140625,-6.196044921875
0.68,3.893798828125,2.932861328125,-6.476318359375
0.6805,4.734619140625,1.771728515625,-6.436279296875
0.681,5.255126953125,0.890869140625,-6.436279296875
0.6815,5.215087890625,0.130126953125,-5.955810546875
0.682,5.094970703125,-0.910888671875,-5.195068359375
0.6825,4.974853515625,-2.031982421875,-4.154052734375
0.683,4.854736328125,-3.313232421875,-2.992919921875
0.6835,4.614501953125,-4.314208984375,-1.951904296875
0.684,4.454345703125,-5.114990234375,-1.191162109375
0.6845,3.773681640625,-5.435302734375,-0.310302734375
0.685,2.732666015625,-5.635498046875,0.890869140625
0.6855,1.651611328125,-5.955810546875,2.252197265625
0.686,0.570556640625,-6.115966796875,3.493408203125
0.6865,-0.270263671875,-6.276123046875,4.494384765625
0.687,-0.990966796875,-6.276123046875,5.175048828125
0.6875,-1.951904296875,-5.555419921875,5.575439453125
0.688,-3.153076171875,-4.514404296875,5.935791015625
0.6885,-4.274169921875,-3.473388671875,6.216064453125
0.689,-4.994873046875,-2.392333984375,6.176025390625
0.6895,-5.555419921875,-1.711669921875,6.216064453125
0.69,-5.435302734375,-0.790771484375,5.615478515625
0.6905,-5.275146484375,0.290283203125,4.814697265625
0.691,-5.195068359375,1.411376953125,3.853759765625
0.6915,-5.074951171875,2.572509765625,2.772705078125
0.692,-4.914794921875,3.533447265625,1.851806640625
0.6925,-4.634521484375,4.214111328125,1.091064453125
0.693,-3.953857421875,4.534423828125,0.170166015625
0.6935,-2.992919921875,4.814697265625,-1.111083984375
0.694,-1.951904296875,5.175048828125,-2.432373046875
0.6945,-1.031005859375,5.375244140625,-3.553466796875
0.695,-0.350341796875,5.655517578125,-4.514404296875
0.6955,0.570556640625,5.455322265625,-5.114990234375
0.696,1.651611328125,4.614501953125,-5.515380859375
0.6965,2.812744140625,3.653564453125,-5.995849609375
0.697,3.853759765625,2.532470703125,-6.115966796875
0.6975,4.494384765625,1.531494140625,-6.276123046875
0.698,4.894775390625,0.930908203125,-6.115966796875
0.6985,4.854736328125,0.130126953125,-5.555419921875
0.699,4.774658203125,-0.990966796875,-4.714599609375
0.6995,4.734619140625,-2.152099609375,-3.793701171875
0.7,4.614501953125,-3.233154296875,-2.832763671875
0.7005,4.534423828125,-4.194091796875,-1.951904296875
0.701,4.174072265625,-4.754638671875,-1.191162109375
0.7015,3.413330078125,-5.114990234375,-0.230224609375
0.702,2.492431640625,-5.475341796875,1.091064453125
0.7025,1.451416015625,-5.755615234375,2.372314453125
0.703,0.650634765625,-5.995849609375,3.413330078125
0.7035,0.010009765625,-6.236083984375,4.334228515625
0.704,-0.990966796875,-5.875732421875,4.894775390625
0.7045,-2.112060546875,-5.114990234375,5.335205078125
0.705,-3.273193359375,-4.154052734375,5.735595703125
0.7055,-4.154052734375,-3.193115234375,5.735595703125
0.706,-4.834716796875,-2.272216796875,6.015869140625
0.7065,-5.074951171875,-1.551513671875,5.775634765625
0.707,-5.074951171875,-0.710693359375,5.175048828125
0.7075,-5.034912109375,0.370361328125,4.454345703125
0.708,-5.034912109375,1.571533203125,3.493408203125
0.7085,-4.914794921875,2.612548828125,2.532470703125
0.709,-4.834716796875,3.533447265625,1.771728515625
0.7095,-4.354248046875,4.013916015625,0.970947265625
0.71,-3.553466796875,4.414306640625,-0.190185546875
0.7105,-2.712646484375,4.854736328125,-1.431396484375
0.711,-1.791748046875,5.094970703125,-2.592529296875
0.7115,-0.990966796875,5.455322265625,-3.673583984375
0.712,-0.270263671875,5.535400390625,-4.514404296875
0.7125,0.770751953125,5.014892578125,-5.074951171875
0.713,1.931884765625,4.174072265625,-5.555419921875
0.7135,3.133056640625,3.052978515625,-6.035888671875
0.714,3.973876953125,2.252197265625,-6.035888671875
0.7145,4.614501953125,1.491455078125,-6.156005859375
0.715,4.734619140625,0.690673828125,-5.795654296875
0.7155,4.694580078125,-0.350341796875,-5.114990234375
0.716,4.734619140625,-1.471435546875,-4.234130859375
0.7165,4.694580078125,-2.632568359375,-3.273193359375
0.717,4.574462890625,-3.673583984375,-2.392333984375
0.7175,4.454345703125,-4.474365234375,-1.631591796875
0.718,3.813720703125,-4.874755859375,-0.710693359375
0.7185,2.932861328125,-5.275146484375,0.530517578125
0.719,1.931884765625,-5.675537109375,1.851806640625
0.7195,1.010986328125,-5.915771484375,2.972900390625
0.72,0.330322265625,-6.276123046875,4.013916015625
0.7205,-0.630615234375,-6.115966796875,4.734619140625
0.721,-1.711669921875,-5.355224609375,5.215087890625
0.7215,-2.872802734375,-4.514404296875,5.535400390625
0.722,-3.993896484375,-3.353271484375,5.895751953125
0.7225,-4.754638671875,-2.432373046875,6.015869140625
0.723,-5.114990234375,-1.671630859375,5.935791015625
0.7235,-5.114990234375,-0.830810546875,5.375244140625
0.724,-5.074951171875,0.290283203125,4.534423828125
0.7245,-5.114990234375,1.491455078125,3.613525390625
0.725,-4.994873046875,2.612548828125,2.612548828125
0.7255,-4.874755859375,3.533447265625,1.771728515625
0.726,-4.514404296875,4.093994140625,0.970947265625
0.7265,-3.713623046875,4.454345703125,0.010009765625
0.727,-2.752685546875,4.814697265625,-1.351318359375
0.7275,-1.711669921875,5.135009765625,-2.672607421875
0.728,-0.950927734375,5.415283203125,-3.713623046875
0.7285,-0.230224609375,5.575439453125,-4.674560546875
0.729,0.770751953125,5.094970703125,-5.195068359375
0.7295,2.132080078125,4.294189453125,-5.715576171875
0.73,3.173095703125,3.213134765625,-6.035888671875
0.7305,4.134033203125,2.132080078125,-6.115966796875
0.731,4.734619140625,1.331298828125,-6.196044921875
0.7315,4.934814453125,0.570556640625,-5.915771484375
0.732,4.814697265625,-0.430419921875,-5.195068359375
0.7325,4.774658203125,-1.551513671875,-4.314208984375
0.733,4.734619140625,-2.832763671875,-3.193115234375
0.7335,4.574462890625,-3.833740234375,-2.272216796875
0.734,4.494384765625,-4.674560546875,-1.471435546875
0.7345,3.853759765625,-5.074951171875,-0.630615234375
0.735,2.892822265625,-5.355224609375,0.610595703125
0.7355,1.891845703125,-5.755615234375,1.931884765625
0.736,0.850830078125,-5.955810546875,3.173095703125
0.7365,0.130126953125,-6.236083984375,4.174072265625
0.737,-0.710693359375,-6.276123046875,4.934814453125
0.7375,-1.791748046875,-5.515380859375,5.495361328125
0.738,-2.992919921875,-4.514404296875,5.815673828125
0.7385,-4.154052734375,-3.393310546875,6.095947265625
0.739,-4.914794921875,-2.352294921875,6.095947265625
0.7395,-5.395263671875,-1.591552734375,6.095947265625
0.74,-5.395263671875,-0.790771484375,5.615478515625
0.7405,-5.195068359375,0.330322265625,4.654541015625
0.741,-5.195068359375,1.491455078125,3.693603515625
0.7415,-5.074951171875,2.732666015625,2.612548828125
0.742,-4.914794921875,3.693603515625,1.691650390625
0.7425,-4.634521484375,4.334228515625,0.930908203125
0.743,-3.833740234375,4.654541015625,0.010009765625
0.7435,-2.832763671875,4.934814453125,-1.351318359375
0.744,-1.711669921875,5.255126953125,-2.752685546875
0.7445,-0.830810546875,5.415283203125,-3.833740234375
0.745,0.010009765625,5.695556640625,-4.834716796875
0.7455,0.690673828125,5.375244140625,-5.355224609375
0.746,2.011962890625,4.494384765625,-5.795654296875
0.7465,3.293212890625,3.373291015625,-6.236083984375
0.747,4.334228515625,2.212158203125,-6.396240234375
0.7475,4.934814453125,1.251220703125,-6.356201171875
0.748,5.255126953125,0.490478515625,-6.156005859375
0.7485,5.094970703125,-0.510498046875,-5.475341796875
0.749,4.974853515625,-1.631591796875,-4.434326171875
0.7495,4.934814453125,-2.952880859375,-3.273193359375
0.75,4.734619140625,-4.073974609375,-2.232177734375
0.7505,4.534423828125,-4.954833984375,-1.311279296875
0.751,4.053955078125,-5.435302734375,-0.510498046875
0.7515,3.093017578125,-5.715576171875,0.690673828125
0.752,1.891845703125,-5.995849609375,2.092041015625
0.7525,0.650634765625,-6.236083984375,3.573486328125
0.753,-0.270263671875,-6.396240234375,4.534423828125
0.7535,-1.111083984375,-6.556396484375,5.415283203125
0.754,-1.951904296875,-5.755615234375,5.855712890625
0.7545,-3.313232421875,-4.554443359375,6.216064453125
0.755,-4.554443359375,-3.353271484375,6.536376953125
0.7555,-5.395263671875,-2.192138671875,6.496337890625
0.756,-5.875732421875,-1.311279296875,6.416259765625
0.7565,-5.875732421875,-0.510498046875,5.895751953125
0.757,-5.635498046875,0.650634765625,4.894775390625
0.7575,-5.475341796875,1.971923828125,3.693603515625
0.758,-5.355224609375,3.373291015625,2.412353515625
0.7585,-5.074951171875,4.334228515625,1.331298828125
0.759,-4.754638671875,5.054931640625,0.490478515625
0.7595,-3.873779296875,5.255126953125,-0.510498046875
0.76,-2.632568359375,5.415283203125,-1.871826171875
0.7605,-1.391357421875,5.655517578125,-3.393310546875
0.761,-0.270263671875,5.735595703125,-4.554443359375
0.7615,0.490478515625,5.695556640625,-5.555419921875
0.762,1.331298828125,5.655517578125,-6.115966796875
0.7625,2.532470703125,4.614501953125,-6.436279296875
0.763,3.853759765625,3.293212890625,-6.756591796875
0.7635,4.974853515625,1.931884765625,-6.876708984375
0.764,5.575439453125,0.890869140625,-6.716552734375
0.7645,5.855712890625,0.050048828125,-6.476318359375
0.765,5.655517578125,-0.950927734375,-5.715576171875
0.7655,5.335205078125,-2.152099609375,-4.474365234375
0.766,5.135009765625,-3.553466796875,-3.153076171875
0.7665,4.894775390625,-4.714599609375,-1.911865234375
0.767,4.574462890625,-5.555419921875,-0.950927734375
0.7675,4.093994140625,-6.075927734375,0.010009765625
0.768,3.052978515625,-6.156005859375,0.970947265625
0.7685,1.651611328125,-6.396240234375,2.452392578125
0.769,0.370361328125,-6.516357421875,3.973876953125
0.7695,-0.630615234375,-6.596435546875,4.854736328125
0.77,-1.351318359375,-6.596435546875,5.775634765625
0.7705,-2.272216796875,-6.075927734375,6.296142578125
0.771,-3.553466796875,-4.834716796875,6.536376953125
0.7715,-4.754638671875,-3.513427734375,6.776611328125
0.772,-5.715576171875,-2.232177734375,6.776611328125
0.7725,-6.196044921875,-1.191162109375,6.576416015625
0.773,-6.276123046875,-0.390380859375,6.216064453125
0.7735,-5.955810546875,0.610595703125,5.295166015625
0.774,-5.675537109375,1.931884765625,3.973876953125
0.7745,-5.515380859375,3.293212890625,2.652587890625
0.775,-5.195068359375,4.374267578125,1.491455078125
0.7755,-4.834716796875,5.094970703125,0.570556640625
0.776,-4.194091796875,5.455322265625,-0.390380859375
0.7765,-3.072998046875,5.495361328125,-1.511474609375
0.777,-1.671630859375,5.735595703125,-3.072998046875
0.7775,-0.310302734375,5.855712890625,-4.514404296875
0.778,0.490478515625,5.895751953125,-5.395263671875
0.7785,1.171142578125,5.895751953125,-6.115966796875
0.779,2.212158203125,5.094970703125,-6.516357421875
0.7795,3.533447265625,3.813720703125,-6.756591796875
0.78,4.734619140625,2.492431640625,-6.996826171875
0.7805,5.495361328125,1.291259765625,-6.836669921875
0.781,5.895751953125,0.330322265625,-6.676513671875
0.7815,5.855712890625,-0.630615234375,-6.115966796875
0.782,5.575439453125,-1.631591796875,-5.074951171875
0.7825,5.295166015625,-2.992919921875,-3.793701171875
0.783,5.094970703125,-4.314208984375,-2.432373046875
0.7835,4.774658203125,-5.275146484375,-1.311279296875
0.784,4.454345703125,-5.995849609375,-0.510498046875
0.7845,3.573486328125,-6.236083984375,0.490478515625
0.785,2.252197265625,-6.356201171875,1.851806640625
0.7855,1.051025390625,-6.476318359375,3.333251953125
0.786,-0.390380859375,-6.516357421875,4.614501953125
0.7865,-1.111083984375,-6.596435546875,5.575439453125
0.787,-1.831787109375,-6.396240234375,6.135986328125
0.7875,-2.952880859375,-5.395263671875,6.496337890625
0.788,-4.314208984375,-4.033935546875,6.776611328125
0.7885,-5.435302734375,-2.752685546875,6.896728515625
0.789,-6.075927734375,-1.591552734375,6.696533203125
0.7895,-6.316162109375,-0.750732421875,6.456298828125
0.79,-6.115966796875,0.250244140625,5.695556640625
0.7905,-5.795654296875,1.411376953125,4.494384765625
0.791,-5.635498046875,2.772705078125,3.213134765625
0.7915,-5.355224609375,4.013916015625,1.891845703125
0.792,-5.034912109375,4.934814453125,0.890869140625
0.7925,-4.514404296875,5.415283203125,-0.150146484375
0.793,-3.553466796875,5.575439453125,-1.071044921875
0.7935,-2.072021484375,5.815673828125,-2.552490234375
0.794,-0.910888671875,5.935791015625,-4.073974609375
0.7945,0.290283203125,5.935791015625,-5.155029296875
0.795,0.970947265625,6.055908203125,-6.035888671875
0.7955,1.851806640625,5.535400390625,-6.476318359375
0.796,3.133056640625,4.294189453125,-6.796630859375
0.7965,4.454345703125,2.932861328125,-7.076904296875
0.797,5.415283203125,1.571533203125,-7.036865234375
0.7975,5.895751953125,0.570556640625,-6.796630859375
0.798,6.055908203125,-0.390380859375,-6.476318359375
0.7985,5.735595703125,-1.351318359375,-5.515380859375
0.799,5.455322265625,-2.712646484375,-4.194091796875
0.7995,5.255126953125,-4.114013671875,-2.832763671875
0.8,4.934814453125,-5.195068359375,-1.591552734375
0.8005,4.614501953125,-6.035888671875,-0.630615234375
0.801,3.853759765625,-6.396240234375,0.330322265625
0.8015,2.612548828125,-6.436279296875,1.651611328125
0.802,1.291259765625,-6.596435546875,3.133056640625
0.8025,-0.230224609375,-6.636474609375,4.534423828125
0.803,-1.031005859375,-6.636474609375,5.455322265625
0.8035,-1.711669921875,-6.596435546875,6.216064453125
0.804,-2.792724609375,-5.755615234375,6.576416015625
0.8045,-4.154052734375,-4.354248046875,6.776611328125
0.805,-5.275146484375,-3.072998046875,7.016845703125
0.8055,-6.035888671875,-1.791748046875,6.776611328125
0.806,-6.396240234375,-0.870849609375,6.576416015625
0.8065,-6.276123046875,0.090087890625,5.975830078125
0.807,-5.955810546875,1.131103515625,4.854736328125
0.8075,-5.675537109375,2.412353515625,3.573486328125
0.808,-5.435302734375,3.773681640625,2.212158203125
0.8085,-5.114990234375,4.694580078125,1.131103515625
0.809,-4.674560546875,5.335205078125,0.210205078125
0.8095,-3.913818359375,5.415283203125,-0.750732421875
0.81,-2.552490234375,5.615478515625,-2.031982421875
0.8105,-1.271240234375,5.855712890625,-3.513427734375
0.811,0.010009765625,5.815673828125,-4.714599609375
0.8115,0.770751953125,5.895751953125,-5.595458984375
0.812,1.451416015625,5.735595703125,-6.196044921875
0.8125,2.532470703125,4.814697265625,-6.516357421875
0.813,3.813720703125,3.493408203125,-6.796630859375
0.8135,4.854736328125,2.212158203125,-6.876708984375
0.814,5.495361328125,1.091064453125,-6.716552734375
0.8145,5.815673828125,0.250244140625,-6.556396484375
0.815,5.695556640625,-0.710693359375,-5.875732421875
0.8155,5.375244140625,-1.791748046875,-4.794677734375
0.816,5.175048828125,-3.072998046875,-3.553466796875
0.8165,4.854736328125,-4.354248046875,-2.272216796875
0.817,4.614501953125,-5.235107421875,-1.271240234375
0.8175,4.174072265625,-5.995849609375,-0.550537109375
0.818,3.373291015625,-6.035888671875,0.610595703125
0.8185,2.172119140625,-6.196044921875,1.931884765625
0.819,0.890869140625,-6.396240234375,3.373291015625
0.8195,-0.310302734375,-6.396240234375,4.494384765625
0.82,-0.990966796875,-6.596435546875,5.415283203125
0.8205,-1.791748046875,-6.236083984375,5.935791015625
0.821,-2.952880859375,-5.155029296875,6.256103515625
0.8215,-4.154052734375,-3.993896484375,6.536376953125
0.822,-5.155029296875,-2.712646484375,6.616455078125
0.8225,-5.795654296875,-1.671630859375,6.496337890625
0.823,-5.995849609375,-0.910888671875,6.256103515625
0.8235,-5.795654296875,0.130126953125,5.455322265625
0.824,-5.595458984375,1.251220703125,4.374267578125
0.8245,-5.435302734375,2.452392578125,3.133056640625
0.825,-5.155029296875,3.653564453125,1.971923828125
0.8255,-4.874755859375,4.494384765625,0.930908203125
0.826,-4.354248046875,4.974853515625,0.250244140625
0.8265,-3.433349609375,5.175048828125,-0.910888671875
0.827,-2.272216796875,5.415283203125,-2.272216796875
0.8275,-1.031005859375,5.615478515625,-3.633544921875
0.828,-0.150146484375,5.695556640625,-4.634521484375
0.8285,0.610595703125,5.815673828125,-5.475341796875
0.829,1.531494140625,5.175048828125,-5.915771484375
0.8295,2.772705078125,4.134033203125,-6.276123046875
0.83,3.933837890625,2.972900390625,-6.516357421875
0.8305,4.774658203125,1.851806640625,-6.476318359375
0.831,5.295166015625,0.930908203125,-6.436279296875
0.8315,5.375244140625,0.130126953125,-6.075927734375
0.832,5.175048828125,-0.910888671875,-5.235107421875
0.8325,4.974853515625,-2.112060546875,-4.194091796875
0.833,4.854736328125,-3.353271484375,-3.072998046875
0.8335,4.654541015625,-4.354248046875,-2.072021484375
0.834,4.494384765625,-5.155029296875,-1.151123046875
0.8345,3.773681640625,-5.435302734375,-0.310302734375
0.835,2.812744140625,-5.675537109375,0.890869140625
0.8355,1.691650390625,-5.995849609375,2.252197265625
0.836,0.570556640625,-6.115966796875,3.493408203125
0.8365,-0.310302734375,-6.276123046875,4.494384765625
0.837,-0.990966796875,-6.276123046875,5.175048828125
0.8375,-1.951904296875,-5.635498046875,5.615478515625
0.838,-3.153076171875,-4.594482421875,5.975830078125
0.8385,-4.194091796875,-3.513427734375,6.216064453125
0.839,-4.994873046875,-2.432373046875,6.176025390625
0.8395,-5.435302734375,-1.631591796875,6.216064453125
0.84,-5.475341796875,-0.830810546875,5.695556640625
0.8405,-5.275146484375,0.210205078125,4.814697265625
0.841,-5.275146484375,1.291259765625,3.933837890625
0.8415,-5.155029296875,2.572509765625,2.892822265625
0.842,-4.954833984375,3.493408203125,1.891845703125
0.8425,-4.714599609375,4.254150390625,1.091064453125
0.843,-3.993896484375,4.574462890625,0.250244140625
0.8435,-3.072998046875,4.854736328125,-1.031005859375
0.844,-2.072021484375,5.255126953125,-2.312255859375
0.8445,-1.071044921875,5.415283203125,-3.473388671875
0.845,-0.350341796875,5.695556640625,-4.514404296875
0.8455,0.570556640625,5.495361328125,-5.155029296875
0.846,1.571533203125,4.734619140625,-5.595458984375
0.8465,2.772705078125,3.773681640625,-5.995849609375
0.847,3.813720703125,2.692626953125,-6.196044921875
0.8475,4.534423828125,1.731689453125,-6.276123046875
0.848,4.974853515625,0.970947265625,-6.196044921875
0.8485,4.974853515625,0.130126953125,-5.635498046875
0.849,4.814697265625,-0.990966796875,-4.794677734375
0.8495,4.814697265625,-2.112060546875,-3.833740234375
0.85,4.654541015625,-3.273193359375,-2.832763671875
0.8505,4.574462890625,-4.234130859375,-1.951904296875
0.851,4.214111328125,-4.834716796875,-1.151123046875
0.8515,3.493408203125,-5.155029296875,-0.190185546875
0.852,2.532470703125,-5.555419921875,1.131103515625
0.8525,1.411376953125,-5.795654296875,2.452392578125
0.853,0.610595703125,-6.035888671875,3.533447265625
0.8535,-0.190185546875,-6.276123046875,4.494384765625
0.854,-1.111083984375,-5.915771484375,5.014892578125
0.8545,-2.192138671875,-5.074951171875,5.455322265625
0.855,-3.353271484375,-4.114013671875,5.815673828125
0.8555,-4.234130859375,-3.072998046875,5.975830078125
0.856,-4.954833984375,-2.192138671875,6.055908203125
0.8565,-5.114990234375,-1.471435546875,5.775634765625
0.857,-5.114990234375,-0.630615234375,5.175048828125
0.8575,-5.155029296875,0.570556640625,4.454345703125
0.858,-5.074951171875,1.731689453125,3.373291015625
0.8585,-4.914794921875,2.772705078125,2.412353515625
0.859,-4.834716796875,3.653564453125,1.611572265625
0.8595,-4.314208984375,4.134033203125,0.810791015625
0.86,-3.553466796875,4.494384765625,-0.310302734375
0.8605,-2.632568359375,4.934814453125,-1.551513671875
0.861,-1.591552734375,5.135009765625,-2.752685546875
0.8615,-0.870849609375,5.455322265625,-3.793701171875
0.862,0.010009765625,5.535400390625,-4.634521484375
0.8625,0.930908203125,5.054931640625,-5.155029296875
0.863,2.052001953125,4.174072265625,-5.635498046875
0.8635,3.173095703125,3.173095703125,-5.955810546875
0.864,4.013916015625,2.172119140625,-6.075927734375
0.8645,4.694580078125,1.411376953125,-6.156005859375
0.865,4.774658203125,0.570556640625,-5.755615234375
0.8655,4.734619140625,-0.390380859375,-5.034912109375
0.866,4.734619140625,-1.511474609375,-4.234130859375
0.8665,4.654541015625,-2.672607421875,-3.233154296875
0.867,4.534423828125,-3.713623046875,-2.312255859375
0.8675,4.454345703125,-4.514404296875,-1.591552734375
0.868,3.773681640625,-4.954833984375,-0.670654296875
0.8685,2.932861328125,-5.275146484375,0.530517578125
0.869,1.931884765625,-5.715576171875,1.851806640625
0.8695,0.970947265625,-5.915771484375,3.012939453125
0.87,0.290283203125,-6.236083984375,4.013916015625
0.8705,-0.630615234375,-6.115966796875,4.774658203125
0.871,-1.671630859375,-5.395263671875,5.215087890625
0.8715,-2.872802734375,-4.514404296875,5.655517578125
0.872,-3.913818359375,-3.393310546875,5.895751953125
0.8725,-4.714599609375,-2.432373046875,6.055908203125
0.873,-5.114990234375,-1.791748046875,5.935791015625
0.8735,-5.114990234375,-0.990966796875,5.295166015625
0.874,-5.114990234375,0.170166015625,4.614501953125
0.8745,-5.114990234375,1.331298828125,3.733642578125
0.875,-4.994873046875,2.452392578125,2.732666015625
0.8755,-4.874755859375,3.413330078125,1.891845703125
0.876,-4.554443359375,4.053955078125,1.091064453125
0.8765,-3.833740234375,4.414306640625,0.130126953125
0.877,-2.872802734375,4.814697265625,-1.191162109375
0.8775,-1.871826171875,5.094970703125,-2.472412109375
0.878,-0.990966796875,5.375244140625,-3.553466796875
0.8785,-0.350341796875,5.615478515625,-4.514404296875
0.879,0.650634765625,5.215087890625,-5.114990234375
0.8795,1.851806640625,4.334228515625,-5.515380859375
0.88,3.012939453125,3.373291015625,-5.915771484375
0.8805,3.933837890625,2.372314453125,-6.035888671875
0.881,4.534423828125,1.411376953125,-6.156005859375
0.8815,4.854736328125,0.650634765625,-6.075927734375
0.882,4.774658203125,-0.270263671875,-5.275146484375
0.8825,4.734619140625,-1.311279296875,-4.474365234375
0.883,4.734619140625,-2.552490234375,-3.433349609375
0.8835,4.574462890625,-3.593505859375,-2.432373046875
0.884,4.494384765625,-4.514404296875,-1.631591796875
0.8845,3.933837890625,-4.994873046875,-0.790771484375
0.885,3.052978515625,-5.275146484375,0.370361328125
0.8855,2.052001953125,-5.675537109375,1.691650390625
0.886,1.051025390625,-5.915771484375,2.932861328125
0.8865,0.290283203125,-6.156005859375,3.973876953125
0.887,-0.590576171875,-6.236083984375,4.814697265625
0.8875,-1.551513671875,-5.635498046875,5.295166015625
0.888,-2.792724609375,-4.634521484375,5.735595703125
0.8885,-3.913818359375,-3.553466796875,6.095947265625
0.889,-4.754638671875,-2.552490234375,6.055908203125
0.8895,-5.275146484375,-1.791748046875,6.015869140625
0.89,-5.355224609375,-0.950927734375,5.615478515625
0.8905,-5.195068359375,0.170166015625,4.774658203125
0.891,-5.155029296875,1.331298828125,3.853759765625
0.8915,-5.114990234375,2.532470703125,2.772705078125
0.892,-4.914794921875,3.533447265625,1.811767578125
0.8925,-4.674560546875,4.294189453125,1.010986328125
0.893,-3.953857421875,4.614501953125,0.130126953125
0.8935,-2.912841796875,4.894775390625,-1.231201171875
0.894,-1.911865234375,5.255126953125,-2.592529296875
0.8945,-0.910888671875,5.415283203125,-3.713623046875
0.895,-0.190185546875,5.695556640625,-4.754638671875
0.8955,0.770751953125,5.455322265625,-5.395263671875
0.896,1.931884765625,4.534423828125,-5.795654296875
0.8965,3.173095703125,3.493408203125,-6.115966796875
0.897,4.174072265625,2.252197265625,-6.356201171875
0.8975,4.854736328125,1.291259765625,-6.436279296875
0.898,5.175048828125,0.570556640625,-6.156005859375
0.8985,5.094970703125,-0.390380859375,-5.475341796875
0.899,4.934814453125,-1.551513671875,-4.474365234375
0.8995,4.854736328125,-2.832763671875,-3.353271484375
0.9,4.694580078125,-3.953857421875,-2.312255859375
0.9005,4.534423828125,-4.874755859375,-1.391357421875
0.901,4.053955078125,-5.395263671875,-0.590576171875
0.9015,3.133056640625,-5.595458984375,0.570556640625
0.902,1.971923828125,-5.915771484375,1.931884765625
0.9025,0.810791015625,-6.115966796875,3.293212890625
0.903,0.010009765625,-6.276123046875,4.334228515625
0.9035,-0.830810546875,-6.396240234375,5.175048828125
0.904,-1.791748046875,-5.795654296875,5.695556640625
0.9045,-3.153076171875,-4.714599609375,6.095947265625
0.905,-4.274169921875,-3.593505859375,6.376220703125
0.9055,-5.114990234375,-2.432373046875,6.296142578125
0.906,-5.715576171875,-1.511474609375,6.336181640625
0.9065,-5.755615234375,-0.670654296875,5.895751953125
0.907,-5.555419921875,0.370361328125,5.014892578125
0.9075,-5.435302734375,1.611572265625,3.853759765625
0.908,-5.275146484375,2.972900390625,2.692626953125
0.9085,-5.074951171875,3.973876953125,1.571533203125
0.909,-4.794677734375,4.774658203125,0.730712890625
0.9095,-4.033935546875,5.094970703125,-0.270263671875
0.91,-2.912841796875,5.255126953125,-1.471435546875
0.9105,-1.711669921875,5.615478515625,-2.952880859375
0.911,-0.590576171875,5.695556640625,-4.194091796875
0.9115,0.290283203125,5.855712890625,-5.155029296875
0.912,1.091064453125,5.695556640625,-5.915771484375
0.9125,2.172119140625,4.814697265625,-6.276123046875
0.913,3.533447265625,3.493408203125,-6.636474609375
0.9135,4.654541015625,2.252197265625,-6.876708984375
0.914,5.335205078125,1.131103515625,-6.676513671875
0.9145,5.735595703125,0.290283203125,-6.516357421875
0.915,5.615478515625,-0.710693359375,-5.835693359375
0.9155,5.335205078125,-1.911865234375,-4.634521484375
0.916,5.175048828125,-3.273193359375,-3.393310546875
0.9165,4.974853515625,-4.514404296875,-2.112060546875
0.917,4.614501953125,-5.435302734375,-1.111083984375
0.9175,4.174072265625,-5.955810546875,-0.310302734375
0.918,3.213134765625,-6.115966796875,0.890869140625
0.9185,1.851806640625,-6.276123046875,2.332275390625
0.919,0.530517578125,-6.476318359375,3.853759765625
0.9195,-0.550537109375,-6.516357421875,4.894775390625
0.92,-1.271240234375,-6.596435546875,5.775634765625
0.9205,-2.272216796875,-6.115966796875,6.376220703125
0.921,-3.473388671875,-4.874755859375,6.536376953125
0.9215,-4.714599609375,-3.593505859375,6.736572265625
0.922,-5.715576171875,-2.232177734375,6.776611328125
0.9225,-6.156005859375,-1.191162109375,6.576416015625
0.923,-6.276123046875,-0.350341796875,6.216064453125
0.9235,-6.035888671875,0.690673828125,5.255126953125
0.924,-5.715576171875,2.011962890625,3.933837890625
0.9245,-5.515380859375,3.373291015625,2.612548828125
0.925,-5.195068359375,4.494384765625,1.411376953125
0.9255,-4.834716796875,5.255126953125,0.490478515625
0.926,-4.154052734375,5.575439453125,-0.510498046875
0.9265,-2.992919921875,5.655517578125,-1.631591796875
0.927,-1.591552734375,5.815673828125,-3.193115234375
0.9275,-0.350341796875,5.895751953125,-4.554443359375
0.928,0.610595703125,5.975830078125,-5.515380859375
0.9285,1.251220703125,5.895751953125,-6.236083984375
0.929,2.332275390625,5.054931640625,-6.676513671875
0.9295,3.693603515625,3.693603515625,-6.996826171875
0.93,4.854736328125,2.412353515625,-7.076904296875
0.9305,5.615478515625,1.171142578125,-6.916748046875
0.931,6.015869140625,0.210205078125,-6.716552734375
0.9315,5.975830078125,-0.710693359375,-6.156005859375
0.932,5.655517578125,-1.791748046875,-5.074951171875
0.9325,5.295166015625,-3.153076171875,-3.713623046875
0.933,5.094970703125,-4.474365234375,-2.352294921875
0.9335,4.734619140625,-5.435302734375,-1.271240234375
0.934,4.414306640625,-6.115966796875,-0.390380859375
0.9345,3.493408203125,-6.276123046875,0.690673828125
0.935,2.252197265625,-6.396240234375,1.971923828125
0.9355,0.850830078125,-6.596435546875,3.533447265625
0.936,-0.390380859375,-6.596435546875,4.734619140625
0.9365,-1.231201171875,-6.596435546875,5.695556640625
0.937,-1.951904296875,-6.436279296875,6.256103515625
0.9375,-3.032958984375,-5.435302734375,6.536376953125
0.938,-4.354248046875,-4.033935546875,6.776611328125
0.9385,-5.435302734375,-2.752685546875,6.896728515625
0.939,-6.075927734375,-1.591552734375,6.696533203125
0.9395,-6.396240234375,-0.750732421875,6.496337890625
0.94,-6.196044921875,0.290283203125,5.735595703125
0.9405,-5.875732421875,1.411376953125,4.534423828125
0.941,-5.635498046875,2.732666015625,3.253173828125
0.9415,-5.395263671875,3.973876953125,1.971923828125
0.942,-4.994873046875,4.854736328125,0.930908203125
0.9425,-4.554443359375,5.455322265625,0.090087890625
0.943,-3.593505859375,5.615478515625,-0.990966796875
0.9435,-2.272216796875,5.735595703125,-2.432373046875
0.944,-0.990966796875,5.935791015625,-3.913818359375
0.9445,0.130126953125,5.895751953125,-4.994873046875
0.945,0.890869140625,6.015869140625,-5.915771484375
0.9455,1.771728515625,5.535400390625,-6.476318359375
0.946,3.012939453125,4.414306640625,-6.716552734375
0.9465,4.294189453125,3.133056640625,-6.996826171875
0.947,5.255126953125,1.771728515625,-6.996826171875
0.9475,5.815673828125,0.650634765625,-6.796630859375
0.948,6.015869140625,-0.270263671875,-6.516357421875
0.9485,5.775634765625,-1.231201171875,-5.635498046875
0.949,5.455322265625,-2.512451171875,-4.314208984375
0.9495,5.255126953125,-3.873779296875,-2.992919921875
0.95,4.974853515625,-4.994873046875,-1.791748046875
0.9505,4.614501953125,-5.835693359375,-0.790771484375
0.951,3.973876953125,-6.276123046875,0.250244140625
0.9515,2.892822265625,-6.396240234375,1.371337890625
0.952,1.451416015625,-6.556396484375,2.932861328125
0.9525,0.050048828125,-6.756591796875,4.334228515625
0.953,-0.910888671875,-6.676513671875,5.335205078125
0.9535,-1.551513671875,-6.716552734375,6.095947265625
0.954,-2.632568359375,-5.875732421875,6.536376953125
0.9545,-3.993896484375,-4.514404296875,6.816650390625
0.955,-5.155029296875,-3.193115234375,7.016845703125
0.9555,-5.955810546875,-1.951904296875,6.856689453125
0.956,-6.396240234375,-0.990966796875,6.656494140625
0.9565,-6.356201171875,0.010009765625,6.055908203125
0.957,-6.035888671875,1.051025390625,5.014892578125
0.9575,-5.755615234375,2.372314453125,3.653564453125
0.958,-5.475341796875,3.773681640625,2.292236328125
0.9585,-5.114990234375,4.694580078125,1.131103515625
0.959,-4.754638671875,5.415283203125,0.250244140625
0.9595,-3.873779296875,5.615478515625,-0.790771484375
0.96,-2.592529296875,5.695556640625,-2.072021484375
0.9605,-1.231201171875,5.815673828125,-3.673583984375
0.961,0.050048828125,5.855712890625,-4.794677734375
0.9615,0.770751953125,5.895751953125,-5.675537109375
0.962,1.451416015625,5.735595703125,-6.316162109375
0.9625,2.572509765625,4.814697265625,-6.636474609375
0.963,3.893798828125,3.453369140625,-6.916748046875
0.9635,4.974853515625,2.172119140625,-6.956787109375
0.964,5.575439453125,0.970947265625,-6.756591796875
0.9645,5.895751953125,0.170166015625,-6.556396484375
0.965,5.775634765625,-0.830810546875,-5.875732421875
0.9655,5.415283203125,-1.951904296875,-4.754638671875
0.966,5.215087890625,-3.193115234375,-3.513427734375
0.9665,4.934814453125,-4.434326171875,-2.232177734375
0.967,4.614501953125,-5.275146484375,-1.231201171875
0.9675,4.214111328125,-5.915771484375,-0.390380859375
0.968,3.333251953125,-6.075927734375,0.690673828125
0.9685,2.212158203125,-6.156005859375,1.971923828125
0.969,0.770751953125,-6.436279296875,3.453369140625
0.9695,-0.350341796875,-6.436279296875,4.494384765625
0.97,-1.031005859375,-6.556396484375,5.415283203125
0.9705,-1.831787109375,-6.236083984375,6.015869140625
0.971,-2.952880859375,-5.155029296875,6.296142578125
0.9715,-4.154052734375,-3.993896484375,6.576416015625
0.972,-5.195068359375,-2.752685546875,6.616455078125
0.9725,-5.755615234375,-1.711669921875,6.536376953125
0.973,-6.035888671875,-0.910888671875,6.296142578125
0.9735,-5.875732421875,0.050048828125,5.535400390625
0.974,-5.635498046875,1.211181640625,4.454345703125
0.9745,-5.475341796875,2.532470703125,3.253173828125
0.975,-5.235107421875,3.653564453125,2.092041015625
0.9755,-4.994873046875,4.534423828125,1.131103515625
0.976,-4.474365234375,5.054931640625,0.330322265625
0.9765,-3.633544921875,5.175048828125,-0.790771484375
0.977,-2.352294921875,5.455322265625,-2.232177734375
0.9775,-1.111083984375,5.615478515625,-3.633544921875
0.978,-0.230224609375,5.775634765625,-4.634521484375
0.9785,0.610595703125,5.895751953125,-5.515380859375
0.979,1.571533203125,5.375244140625,-6.035888671875
0.9795,2.812744140625,4.174072265625,-6.356201171875
0.98,3.973876953125,3.052978515625,-6.676513671875
0.9805,4.814697265625,1.891845703125,-6.596435546875
0.981,5.415283203125,0.930908203125,-6.556396484375
0.9815,5.535400390625,0.130126953125,-6.196044921875
0.982,5.335205078125,-0.950927734375,-5.315185546875
0.9825,5.135009765625,-2.152099609375,-4.234130859375
0.983,4.974853515625,-3.473388671875,-2.992919921875
0.9835,4.734619140625,-4.474365234375,-1.951904296875
0.984,4.494384765625,-5.275146484375,-1.071044921875
0.9845,3.893798828125,-5.715576171875,-0.310302734375
0.985,2.772705078125,-5.875732421875,1.010986328125
0.9855,1.571533203125,-6.115966796875,2.452392578125
0.986,0.450439453125,-6.196044921875,3.693603515625
0.9865,-0.390380859375,-6.356201171875,4.654541015625
0.987,-1.151123046875,-6.356201171875,5.415283203125
0.9875,-2.112060546875,-5.635498046875,5.815673828125
0.988,-3.353271484375,-4.514404296875,6.135986328125
0.9885,-4.474365234375,-3.353271484375,6.376220703125
0.989,-5.155029296875,-2.272216796875,6.296142578125
0.9895,-5.635498046875,-1.471435546875,6.256103515625
0.99,-5.635498046875,-0.630615234375,5.735595703125
0.9905,-5.435302734375,0.450439453125,4.814697265625
0.991,-5.315185546875,1.571533203125,3.813720703125
0.9915,-5.114990234375,2.812744140625,2.652587890625
0.992,-4.914794921875,3.773681640625,1.731689453125
0.9925,-4.514404296875,4.494384765625,0.810791015625
0.993,-3.913818359375,4.774658203125,0.010009765625
0.9935,-2.912841796875,4.974853515625,-1.271240234375
0.994,-1.871826171875,5.335205078125,-2.592529296875
0.9945,-0.830810546875,5.415283203125,-3.713623046875
0.995,0.010009765625,5.695556640625,-4.714599609375
0.9955,0.730712890625,5.495361328125,-5.395263671875
0.996,1.811767578125,4.734619140625,-5.755615234375
0.9965,3.012939453125,3.693603515625,-6.115966796875
0.997,4.013916015625,2.572509765625,-6.276123046875
0.9975,4.694580078125,1.571533203125,-6.316162109375
0.998,5.094970703125,0.850830078125,-6.236083984375
0.9985,5.054931640625,0.010009765625,-5.635498046875
0.999,4.934814453125,-1.151123046875,-4.754638671875
0.9995,4.854736328125,-2.272216796875,-3.793701171875
