wavelength,x,y,z
0.0,-4.3792724609375,4.5494384765625,-0.5755615234375
0.0005,-4.6195068359375,4.0689697265625,0.1851806640625
0.001,-4.8197021484375,3.5885009765625,0.7857666015625
0.0015,-4.8597412109375,2.7877197265625,1.6265869140625
0.002,-4.9798583984375,1.9468994140625,2.6275634765625
0.0025,-4.7396240234375,1.1461181640625,3.1881103515625
0.003,-4.8197021484375,0.3853759765625,3.9488525390625
0.0035,-3.9788818359375,-0.6156005859375,4.1090087890625
0.004,-3.8187255859375,-1.2161865234375,4.5093994140625
0.0045,-2.5374755859375,-2.4573974609375,4.4293212890625
0.005,-2.0570068359375,-3.0980224609375,4.5494384765625
0.0055,-1.0960693359375,-3.8187255859375,4.3492431640625
0.006,-0.3753662109375,-4.3392333984375,4.1490478515625
0.0065,0.3853759765625,-4.4993896484375,3.5484619140625
0.007,1.1861572265625,-4.8197021484375,3.0679931640625
0.0075,2.3873291015625,-4.9398193359375,1.9869384765625
0.008,2.9078369140625,-4.8597412109375,1.3863525390625
0.0085,3.7086181640625,-4.9398193359375,0.6256103515625
0.009,3.8687744140625,-4.3792724609375,-0.0550537109375
0.0095,4.1890869140625,-4.1790771484375,-0.6156005859375
0.01,4.2291259765625,-3.1380615234375,-1.5765380859375
0.0105,4.4693603515625,-2.5775146484375,-2.3372802734375
0.011,4.2291259765625,-1.6966552734375,-2.9779052734375
0.0115,4.3092041015625,-1.0159912109375,-3.6986083984375
0.012,3.4683837890625,0.0250244140625,-3.8587646484375
0.0125,3.2681884765625,0.6656494140625,-4.2991943359375
0.013,2.0670166015625,1.9468994140625,-4.3392333984375
0.0135,1.7066650390625,2.5474853515625,-4.4993896484375
0.014,0.7857666015625,3.3482666015625,-4.3392333984375
0.0145,0.0250244140625,3.7486572265625,-4.0189208984375
0.015,-0.7757568359375,4.0289306640625,-3.5784912109375
0.0155,-1.7366943359375,4.2291259765625,-2.8177490234375
0.016,-2.8577880859375,4.5093994140625,-1.9368896484375
0.0165,-3.3782958984375,4.2291259765625,-1.2562255859375
0.017,-4.0989990234375,4.2691650390625,-0.5755615234375
0.0175,-4.1790771484375,3.5885009765625,0.1851806640625
0.018,-4.4993896484375,3.3883056640625,0.7056884765625
0.0185,-4.4993896484375,2.3072509765625,1.8267822265625
0.019,-4.6995849609375,1.7867431640625,2.4674072265625
0.0195,-4.4193115234375,0.9058837890625,3.1480712890625
0.02,-4.3392333984375,0.2252197265625,3.6685791015625
0.0205,-3.5784912109375,-0.6956787109375,3.8687744140625
0.021,-3.2181396484375,-1.3363037109375,4.0289306640625
0.0215,-2.2572021484375,-2.5374755859375,4.1890869140625
0.022,-1.7366943359375,-2.9378662109375,4.1090087890625
0.0225,-0.9759521484375,-3.6986083984375,4.0689697265625
0.023,-0.2552490234375,-3.8988037109375,3.5885009765625
0.0235,0.4254150390625,-4.2591552734375,3.2681884765625
0.024,1.4664306640625,-4.4193115234375,2.3873291015625
0.0245,2.3072509765625,-4.6995849609375,1.7867431640625
0.025,2.8677978515625,-4.4593505859375,1.0260009765625
0.0255,3.3482666015625,-4.5394287109375,0.5855712890625
0.026,3.4683837890625,-3.8587646484375,-0.0950927734375
0.0265,3.7886962890625,-3.6585693359375,-0.6156005859375
0.027,3.8687744140625,-2.7376708984375,-1.6566162109375
0.0275,3.9888916015625,-2.2572021484375,-2.1771240234375
0.028,3.9488525390625,-1.4964599609375,-2.8978271484375
0.0285,3.6285400390625,-0.7757568359375,-3.2581787109375
0.029,3.1881103515625,0.1051025390625,-3.6585693359375
0.0295,2.5875244140625,0.9058837890625,-3.8187255859375
0.03,1.9869384765625,1.8668212890625,-4.1790771484375
0.0305,1.3463134765625,2.3472900390625,-3.9788818359375
0.031,0.7457275390625,3.0679931640625,-4.1390380859375
0.0315,-0.0950927734375,3.3082275390625,-3.5384521484375
0.032,-0.7357177734375,3.7886962890625,-3.2982177734375
0.0325,-1.9368896484375,3.8687744140625,-2.2972412109375
0.033,-2.6575927734375,4.1090087890625,-1.8568115234375
0.0335,-3.2581787109375,3.8687744140625,-1.0560302734375
0.034,-3.6986083984375,3.8687744140625,-0.5755615234375
0.0345,-3.8587646484375,3.3482666015625,0.1851806640625
0.035,-4.0989990234375,2.9078369140625,0.7857666015625
0.0355,-4.3392333984375,2.1470947265625,1.8668212890625
0.036,-4.2591552734375,1.5465087890625,2.3072509765625
0.0365,-4.3392333984375,0.8258056640625,3.1080322265625
0.037,-3.7786865234375,0.0250244140625,3.3482666015625
0.0375,-3.4984130859375,-0.6956787109375,3.7086181640625
0.038,-2.6575927734375,-1.6566162109375,3.8287353515625
0.0385,-2.1771240234375,-2.4974365234375,4.1090087890625
0.039,-1.4163818359375,-2.9378662109375,3.8287353515625
0.0395,-0.8958740234375,-3.5784912109375,3.9088134765625
0.04,-0.0550537109375,-3.6986083984375,3.2281494140625
0.0405,0.6256103515625,-4.1390380859375,2.8677978515625
0.041,1.7867431640625,-4.3792724609375,1.9468994140625
0.0415,2.3472900390625,-4.4193115234375,1.4664306640625
0.042,2.9478759765625,-4.3392333984375,0.8658447265625
0.0425,3.1881103515625,-4.0189208984375,0.3853759765625
0.043,3.4683837890625,-3.6986083984375,-0.2552490234375
0.0435,3.5484619140625,-3.0579833984375,-0.9759521484375
0.044,3.8687744140625,-2.5374755859375,-1.8968505859375
0.0445,3.6685791015625,-1.7767333984375,-2.2972412109375
0.045,3.8287353515625,-1.2161865234375,-3.0579833984375
0.0455,3.0679931640625,-0.2952880859375,-3.1781005859375
0.046,2.8677978515625,0.3052978515625,-3.6185302734375
0.0465,2.0269775390625,1.4263916015625,-3.7786865234375
0.047,1.6666259765625,1.9468994140625,-3.9788818359375
0.0475,0.9459228515625,2.5474853515625,-3.8187255859375
0.048,0.3853759765625,3.0679931640625,-3.7786865234375
0.0485,-0.4554443359375,3.2681884765625,-3.1781005859375
0.049,-1.2562255859375,3.5484619140625,-2.7376708984375
0.0495,-2.3773193359375,3.9088134765625,-1.9368896484375
0.05,-2.8177490234375,3.8287353515625,-1.3363037109375
0.0505,-3.4583740234375,3.9088134765625,-0.8157958984375
0.051,-3.5784912109375,3.3883056640625,-0.1751708984375
0.0515,-3.8988037109375,3.1480712890625,0.4654541015625
0.052,-4.0189208984375,2.3072509765625,1.3463134765625
0.0525,-4.3392333984375,1.8668212890625,2.0670166015625
0.053,-4.0189208984375,1.0260009765625,2.5875244140625
0.0535,-4.1790771484375,0.5054931640625,3.2281494140625
0.054,-3.3382568359375,-0.4954833984375,3.3482666015625
0.0545,-3.1380615234375,-1.1361083984375,3.7486572265625
0.055,-2.2572021484375,-2.2572021484375,3.9088134765625
0.0555,-1.7366943359375,-2.6976318359375,3.8687744140625
0.056,-1.0960693359375,-3.3382568359375,3.8687744140625
0.0565,-0.4154052734375,-3.6986083984375,3.5084228515625
0.057,0.3453369140625,-3.9788818359375,3.0279541015625
0.0575,1.3062744140625,-4.2591552734375,2.3072509765625
0.058,2.3072509765625,-4.4993896484375,1.6666259765625
0.0585,2.6275634765625,-4.1390380859375,0.9859619140625
0.059,3.1881103515625,-4.3392333984375,0.6256103515625
0.0595,3.2681884765625,-3.6585693359375,-0.1351318359375
0.06,3.5484619140625,-3.3382568359375,-0.6956787109375
0.0605,3.7486572265625,-2.5374755859375,-1.6966552734375
0.061,3.8287353515625,-1.9769287109375,-2.2572021484375
0.0615,3.5885009765625,-1.1761474609375,-2.8577880859375
0.062,3.3883056640625,-0.5755615234375,-3.2181396484375
0.0625,2.7476806640625,0.3052978515625,-3.4183349609375
0.063,2.3072509765625,1.0660400390625,-3.6986083984375
0.0635,1.6666259765625,1.9869384765625,-3.9788818359375
0.064,1.0260009765625,2.3873291015625,-3.7386474609375
0.0645,0.5054931640625,3.0279541015625,-3.8988037109375
0.065,-0.2952880859375,3.1881103515625,-3.2181396484375
0.0655,-1.0159912109375,3.5484619140625,-2.8978271484375
0.066,-2.0970458984375,3.8287353515625,-2.0169677734375
0.0665,-2.8577880859375,3.9888916015625,-1.4564208984375
0.067,-3.2581787109375,3.6685791015625,-0.7757568359375
0.0675,-3.6986083984375,3.7086181640625,-0.3753662109375
0.068,-3.8187255859375,3.0279541015625,0.4254150390625
0.0685,-4.0589599609375,2.6275634765625,1.0260009765625
0.069,-4.3392333984375,1.8668212890625,2.0670166015625
0.0695,-4.1790771484375,1.2662353515625,2.5474853515625
0.07,-4.1390380859375,0.5054931640625,3.2281494140625
0.0705,-3.6585693359375,-0.2952880859375,3.4683837890625
0.071,-3.1781005859375,-1.0960693359375,3.7486572265625
0.0715,-2.4974365234375,-1.9368896484375,3.9088134765625
0.072,-1.8568115234375,-2.8577880859375,4.1490478515625
0.0725,-1.0960693359375,-3.2581787109375,3.7886962890625
0.073,-0.6156005859375,-3.8988037109375,3.8687744140625
0.0735,0.3453369140625,-4.0189208984375,3.0279541015625
0.074,1.1461181640625,-4.3392333984375,2.6676025390625
0.0745,2.3072509765625,-4.5394287109375,1.7467041015625
0.075,2.8677978515625,-4.4993896484375,1.1060791015625
0.0755,3.3082275390625,-4.2991943359375,0.4654541015625
0.076,3.6285400390625,-4.0989990234375,0.0250244140625
0.0765,3.7086181640625,-3.3382568359375,-0.8958740234375
0.077,3.8687744140625,-2.7777099609375,-1.5765380859375
0.0775,4.1490478515625,-2.0570068359375,-2.5775146484375
0.078,3.7486572265625,-1.1361083984375,-3.0179443359375
0.0785,3.7086181640625,-0.4954833984375,-3.6185302734375
0.079,2.8677978515625,0.4254150390625,-3.6986083984375
0.0795,2.4273681640625,1.1861572265625,-3.9788818359375
0.08,1.6666259765625,2.1470947265625,-4.0989990234375
0.0805,0.9859619140625,2.8677978515625,-4.1790771484375
0.081,0.2652587890625,3.1881103515625,-3.7786865234375
0.0815,-0.2952880859375,3.7086181640625,-3.6986083984375
0.082,-1.3363037109375,3.7486572265625,-2.6976318359375
0.0825,-2.0970458984375,3.9888916015625,-2.2572021484375
0.083,-3.1781005859375,4.1490478515625,-1.2962646484375
0.0835,-3.5784912109375,3.8687744140625,-0.6156005859375
0.084,-4.0189208984375,3.7886962890625,-0.0950927734375
0.0845,-4.1390380859375,3.2281494140625,0.5855712890625
0.085,-4.2991943359375,2.5875244140625,1.3062744140625
0.0855,-4.4193115234375,1.9068603515625,2.1070556640625
0.086,-4.6195068359375,1.2261962890625,3.0279541015625
0.0865,-4.0589599609375,0.3052978515625,3.3482666015625
0.087,-4.1390380859375,-0.2952880859375,3.9088134765625
0.0875,-3.0579833984375,-1.2962646484375,3.8687744140625
0.088,-2.6976318359375,-1.9769287109375,4.3492431640625
0.0885,-1.7767333984375,-3.0579833984375,4.2291259765625
0.089,-1.0560302734375,-3.6986083984375,4.1490478515625
0.0895,-0.3353271484375,-4.0189208984375,3.7886962890625
0.09,0.3453369140625,-4.4193115234375,3.5084228515625
0.0905,1.4664306640625,-4.4993896484375,2.5074462890625
0.091,2.2271728515625,-4.7396240234375,1.9468994140625
0.0915,3.2681884765625,-4.8597412109375,1.1060791015625
0.092,3.5484619140625,-4.4593505859375,0.3453369140625
0.0925,3.9888916015625,-4.3392333984375,-0.1351318359375
0.093,4.0289306640625,-3.5384521484375,-0.9759521484375
0.0935,4.2291259765625,-2.9378662109375,-1.7767333984375
0.094,4.2291259765625,-2.0570068359375,-2.6175537109375
0.0945,4.3492431640625,-1.3763427734375,-3.4583740234375
0.095,3.6685791015625,-0.3353271484375,-3.7386474609375
0.0955,3.5484619140625,0.3052978515625,-4.1790771484375
0.096,2.4273681640625,1.4664306640625,-4.2991943359375
0.0965,1.9468994140625,2.1871337890625,-4.4593505859375
0.097,0.9859619140625,3.1480712890625,-4.4593505859375
0.0975,0.1851806640625,3.6685791015625,-4.1390380859375
0.098,-0.4954833984375,3.9888916015625,-3.7786865234375
0.0985,-1.4564208984375,4.3092041015625,-3.1380615234375
0.099,-2.5775146484375,4.4293212890625,-2.0970458984375
0.0995,-3.3382568359375,4.3892822265625,-1.4163818359375
0.1,-4.1790771484375,4.4693603515625,-0.6156005859375
0.1005,-4.3392333984375,3.8287353515625,0.1851806640625
0.101,-4.6595458984375,3.7086181640625,0.6256103515625
0.1015,-4.6995849609375,2.5875244140625,1.7467041015625
0.102,-4.8197021484375,1.9869384765625,2.4273681640625
0.1025,-4.6995849609375,1.0260009765625,3.2681884765625
0.103,-4.6195068359375,0.3052978515625,3.8687744140625
0.1035,-3.9388427734375,-0.6556396484375,4.1490478515625
0.104,-3.6986083984375,-1.3363037109375,4.4693603515625
0.1045,-2.4173583984375,-2.6175537109375,4.4693603515625
0.105,-1.9368896484375,-3.2181396484375,4.5093994140625
0.1055,-0.9759521484375,-4.0989990234375,4.5093994140625
0.106,-0.1351318359375,-4.4593505859375,3.9888916015625
0.1065,0.5455322265625,-4.7796630859375,3.6685791015625
0.107,1.6265869140625,-4.9798583984375,2.7476806640625
0.1075,2.7076416015625,-5.0999755859375,1.8668212890625
0.108,3.3482666015625,-4.9398193359375,1.0660400390625
0.1085,4.1490478515625,-4.9798583984375,0.3453369140625
0.109,4.1890869140625,-4.2191162109375,-0.4554443359375
0.1095,4.5093994140625,-4.0989990234375,-0.9759521484375
0.11,4.5093994140625,-2.8577880859375,-2.1771240234375
0.1105,4.5894775390625,-2.2572021484375,-2.8177490234375
0.111,4.5093994140625,-1.2562255859375,-3.6185302734375
0.1115,4.2291259765625,-0.4954833984375,-4.1790771484375
0.112,3.4683837890625,0.5054931640625,-4.4193115234375
0.1125,2.9478759765625,1.3062744140625,-4.6595458984375
0.113,1.7867431640625,2.6275634765625,-4.7796630859375
0.1135,1.2261962890625,3.1480712890625,-4.6195068359375
0.114,0.2652587890625,4.0289306640625,-4.5794677734375
0.1145,-0.6156005859375,4.3492431640625,-3.9788818359375
0.115,-1.2962646484375,4.5894775390625,-3.5784912109375
0.1155,-2.6175537109375,4.7496337890625,-2.4173583984375
0.116,-3.6585693359375,4.8697509765625,-1.5364990234375
0.1165,-4.2191162109375,4.5093994140625,-0.6156005859375
0.117,-4.8997802734375,4.5093994140625,0.0650634765625
0.1175,-4.8597412109375,3.5885009765625,0.9459228515625
0.118,-5.0999755859375,3.2281494140625,1.4263916015625
0.1185,-5.1400146484375,1.9468994140625,2.7877197265625
0.119,-5.0198974609375,1.3062744140625,3.3482666015625
0.1195,-4.8197021484375,0.3052978515625,4.0689697265625
0.12,-4.4193115234375,-0.6156005859375,4.5093994140625
0.1205,-3.6585693359375,-1.5364990234375,4.5494384765625
0.121,-2.8978271484375,-2.4173583984375,4.7496337890625
0.1215,-1.8568115234375,-3.5784912109375,4.8297119140625
0.122,-1.0960693359375,-3.9788818359375,4.4693603515625
0.1225,-0.2552490234375,-4.8197021484375,4.4293212890625
0.123,0.6256103515625,-4.8197021484375,3.6685791015625
0.1235,1.3062744140625,-5.1400146484375,3.2281494140625
0.124,2.6275634765625,-5.1800537109375,1.9869384765625
0.1245,3.5084228515625,-5.2601318359375,1.2662353515625
0.125,3.9888916015625,-4.8597412109375,0.3453369140625
0.1255,4.5093994140625,-4.7796630859375,-0.2952880859375
0.126,4.5093994140625,-3.9388427734375,-1.0159912109375
0.1265,4.6295166015625,-3.4583740234375,-1.6566162109375
0.127,4.7896728515625,-2.2972412109375,-2.8978271484375
0.1275,4.5093994140625,-1.5765380859375,-3.3382568359375
0.128,4.4293212890625,-0.7357177734375,-4.1390380859375
0.1285,3.7486572265625,0.2252197265625,-4.4193115234375
0.129,3.1480712890625,0.9859619140625,-4.6995849609375
0.1295,2.2672119140625,2.1070556640625,-4.6595458984375
0.13,1.4263916015625,3.1881103515625,-4.8997802734375
0.1305,0.5855712890625,3.5885009765625,-4.3792724609375
0.131,-0.1751708984375,4.3492431640625,-4.4593505859375
0.1315,-1.1361083984375,4.4293212890625,-3.5384521484375
0.132,-1.8568115234375,4.7095947265625,-3.1781005859375
0.1325,-3.2581787109375,4.8297119140625,-1.8968505859375
0.133,-3.9788818359375,4.8297119140625,-1.1361083984375
0.1335,-4.5394287109375,4.3892822265625,-0.1751708984375
0.134,-4.9798583984375,4.1490478515625,0.4654541015625
0.1345,-4.9798583984375,3.3482666015625,1.2662353515625
0.135,-5.0599365234375,2.6676025390625,1.9468994140625
0.1355,-5.2601318359375,1.5865478515625,3.1881103515625
0.136,-4.8197021484375,0.7056884765625,3.5885009765625
0.1365,-4.7396240234375,-0.1351318359375,4.3492431640625
0.137,-3.8988037109375,-1.0159912109375,4.5093994140625
0.1375,-3.3382568359375,-1.8167724609375,4.6295166015625
0.138,-2.2972412109375,-2.8978271484375,4.6295166015625
0.1385,-1.4964599609375,-3.8587646484375,4.7496337890625
0.139,-0.5755615234375,-4.1790771484375,4.1490478515625
0.1395,0.0250244140625,-4.8197021484375,4.1490478515625
0.14,0.9859619140625,-4.7796630859375,3.2281494140625
0.1405,1.7467041015625,-5.0198974609375,2.7076416015625
0.141,3.0679931640625,-5.1800537109375,1.5465087890625
0.1415,3.5484619140625,-4.9398193359375,0.8258056640625
0.142,4.1090087890625,-4.6995849609375,0.0650634765625
0.1425,4.2691650390625,-4.2191162109375,-0.5755615234375
0.143,4.3492431640625,-3.6185302734375,-1.2161865234375
0.1435,4.3492431640625,-2.8177490234375,-2.0570068359375
0.144,4.6295166015625,-2.0570068359375,-3.0579833984375
0.1445,4.0689697265625,-1.1761474609375,-3.3782958984375
0.145,4.1490478515625,-0.5355224609375,-4.1390380859375
0.1455,3.1080322265625,0.5855712890625,-4.0989990234375
0.146,2.8677978515625,1.2662353515625,-4.4193115234375
0.1465,1.7867431640625,2.3873291015625,-4.4993896484375
0.147,1.2261962890625,3.0279541015625,-4.4993896484375
0.1475,0.3052978515625,3.5484619140625,-4.0989990234375
0.148,-0.2952880859375,3.9888916015625,-3.9788818359375
0.1485,-1.2562255859375,4.1090087890625,-3.1781005859375
0.149,-2.0570068359375,4.3492431640625,-2.5775146484375
0.1495,-3.3382568359375,4.5494384765625,-1.5765380859375
0.15,-3.6986083984375,4.1890869140625,-0.8958740234375
0.1505,-4.3392333984375,4.2291259765625,-0.2552490234375
0.151,-4.4193115234375,3.5484619140625,0.5054931640625
0.1515,-4.6195068359375,3.0679931640625,1.1861572265625
0.152,-4.6595458984375,2.1871337890625,2.1070556640625
0.1525,-4.8997802734375,1.4664306640625,2.9478759765625
0.153,-4.4193115234375,0.5054931640625,3.3482666015625
0.1535,-4.4593505859375,-0.0950927734375,4.0289306640625
0.154,-3.4183349609375,-1.1361083984375,4.0289306640625
0.1545,-3.0579833984375,-1.8167724609375,4.3492431640625
0.155,-2.0169677734375,-3.0179443359375,4.4293212890625
0.1555,-1.3363037109375,-3.5384521484375,4.2691650390625
0.156,-0.5755615234375,-4.0589599609375,4.0289306640625
0.1565,0.1451416015625,-4.3392333984375,3.6685791015625
0.157,0.9859619140625,-4.4993896484375,2.9078369140625
0.1575,1.9468994140625,-4.6595458984375,2.2271728515625
0.158,2.9879150390625,-4.8997802734375,1.3863525390625
0.1585,3.2681884765625,-4.4193115234375,0.6256103515625
0.159,3.8287353515625,-4.4993896484375,0.1851806640625
0.1595,3.7886962890625,-3.6986083984375,-0.6156005859375
0.16,3.9888916015625,-3.3382568359375,-1.2161865234375
0.1605,4.0689697265625,-2.4173583984375,-2.1771240234375
0.161,4.1090087890625,-1.8568115234375,-2.8177490234375
0.1615,3.7086181640625,-0.8558349609375,-3.2581787109375
0.162,3.5484619140625,-0.2952880859375,-3.6986083984375
0.1625,2.7076416015625,0.6656494140625,-3.7786865234375
0.163,2.3072509765625,1.3463134765625,-3.9788818359375
0.1635,1.5465087890625,2.3873291015625,-4.2191162109375
0.164,0.8658447265625,2.7076416015625,-3.8988037109375
0.1645,0.3453369140625,3.3482666015625,-3.9788818359375
0.165,-0.4954833984375,3.5084228515625,-3.2982177734375
0.1655,-1.2562255859375,3.8287353515625,-2.8577880859375
0.166,-2.2572021484375,3.9888916015625,-2.0169677734375
0.1665,-3.0579833984375,4.1490478515625,-1.4564208984375
0.167,-3.3782958984375,3.7886962890625,-0.6956787109375
0.1675,-3.8587646484375,3.8687744140625,-0.3353271484375
0.168,-3.9388427734375,3.0679931640625,0.5054931640625
0.1685,-4.2191162109375,2.7076416015625,1.1060791015625
0.169,-4.4993896484375,1.8668212890625,2.1070556640625
0.1695,-4.3392333984375,1.3463134765625,2.5875244140625
0.17,-4.2191162109375,0.5054931640625,3.3082275390625
0.1705,-3.8187255859375,-0.2552490234375,3.5484619140625
0.171,-3.1781005859375,-1.0960693359375,3.8287353515625
0.1715,-2.6175537109375,-1.9368896484375,4.0289306640625
0.172,-1.9368896484375,-2.8577880859375,4.2291259765625
0.1725,-1.2161865234375,-3.2181396484375,3.8687744140625
0.173,-0.6956787109375,-3.8587646484375,3.9888916015625
0.1735,0.3052978515625,-3.9388427734375,3.1480712890625
0.174,1.0260009765625,-4.3392333984375,2.7476806640625
0.1745,2.1470947265625,-4.4993896484375,1.8668212890625
0.175,2.7476806640625,-4.4993896484375,1.2662353515625
0.1755,3.1480712890625,-4.2191162109375,0.5855712890625
0.176,3.4683837890625,-4.1390380859375,0.1451416015625
0.1765,3.5484619140625,-3.3782958984375,-0.6556396484375
0.177,3.7486572265625,-2.9378662109375,-1.4163818359375
0.1775,4.0289306640625,-2.1771240234375,-2.2972412109375
0.178,3.6685791015625,-1.4163818359375,-2.6976318359375
0.1785,3.6685791015625,-0.7757568359375,-3.3382568359375
0.179,2.8677978515625,0.1451416015625,-3.4183349609375
0.1795,2.5474853515625,0.8258056640625,-3.7386474609375
0.18,1.8668212890625,1.7467041015625,-3.8988037109375
0.1805,1.3062744140625,2.4273681640625,-3.9788818359375
0.181,0.5855712890625,2.7877197265625,-3.6585693359375
0.1815,0.1451416015625,3.2681884765625,-3.6585693359375
0.182,-0.8958740234375,3.3883056640625,-2.7777099609375
0.1825,-1.6165771484375,3.7486572265625,-2.4173583984375
0.183,-2.6575927734375,3.9088134765625,-1.5765380859375
0.1835,-3.0579833984375,3.7486572265625,-1.0560302734375
0.184,-3.5384521484375,3.6685791015625,-0.5755615234375
0.1845,-3.6986083984375,3.2281494140625,0.0250244140625
0.185,-3.9388427734375,2.7076416015625,0.7457275390625
0.1855,-4.0989990234375,2.1070556640625,1.5465087890625
0.186,-4.3792724609375,1.6265869140625,2.3472900390625
0.1865,-3.9388427734375,0.7857666015625,2.7476806640625
0.187,-4.0989990234375,0.2652587890625,3.3883056640625
0.1875,-3.1781005859375,-0.7357177734375,3.4283447265625
0.188,-2.9378662109375,-1.4163818359375,3.8687744140625
0.1885,-2.0970458984375,-2.4173583984375,3.9888916015625
0.189,-1.5765380859375,-2.9378662109375,3.9888916015625
0.1895,-0.8958740234375,-3.4583740234375,3.7486572265625
0.19,-0.2152099609375,-3.8187255859375,3.5084228515625
0.1905,0.7857666015625,-4.0189208984375,2.7076416015625
0.191,1.5865478515625,-4.3392333984375,2.2271728515625
0.1915,2.5474853515625,-4.5394287109375,1.5064697265625
0.192,2.8677978515625,-4.2991943359375,0.8658447265625
0.1925,3.3482666015625,-4.2991943359375,0.3853759765625
0.193,3.3883056640625,-3.6185302734375,-0.4154052734375
0.1935,3.7086181640625,-3.1380615234375,-1.0960693359375
0.194,3.8287353515625,-2.3773193359375,-1.9368896484375
0.1945,3.9888916015625,-1.7767333984375,-2.6175537109375
0.195,3.4683837890625,-0.8958740234375,-3.0179443359375
0.1955,3.3482666015625,-0.2952880859375,-3.4984130859375
0.196,2.4273681640625,0.7457275390625,-3.5384521484375
0.1965,2.1470947265625,1.4263916015625,-3.8587646484375
0.197,1.3463134765625,2.3072509765625,-3.9788818359375
0.1975,0.7457275390625,2.7076416015625,-3.7386474609375
0.198,0.1851806640625,3.1480712890625,-3.6185302734375
0.1985,-0.6556396484375,3.3482666015625,-3.0179443359375
0.199,-1.5765380859375,3.6285400390625,-2.3773193359375
0.1995,-2.3372802734375,3.7886962890625,-1.7767333984375
0.2,-3.0579833984375,3.8687744140625,-1.2161865234375
0.2005,-3.3382568359375,3.4683837890625,-0.5755615234375
0.201,-3.7786865234375,3.5084228515625,-0.2152099609375
0.2015,-3.7786865234375,2.7076416015625,0.7056884765625
0.202,-4.0989990234375,2.3873291015625,1.3062744140625
0.2025,-4.1790771484375,1.5865478515625,2.2271728515625
0.203,-4.1390380859375,0.9859619140625,2.7476806640625
0.2035,-3.8587646484375,0.1851806640625,3.2281494140625
0.204,-3.5384521484375,-0.4554443359375,3.5484619140625
0.2045,-2.8177490234375,-1.4163818359375,3.7086181640625
0.205,-2.3773193359375,-2.1370849609375,3.9488525390625
0.2055,-1.6165771484375,-2.9779052734375,4.0689697265625
0.206,-0.9759521484375,-3.3382568359375,3.7486572265625
0.2065,-0.3753662109375,-3.8587646484375,3.7086181640625
0.207,0.6656494140625,-4.0189208984375,2.8277587890625
0.2075,1.5064697265625,-4.4193115234375,2.3472900390625
0.208,2.3472900390625,-4.4993896484375,1.5465087890625
0.2085,2.9879150390625,-4.5394287109375,0.9859619140625
0.209,3.2281494140625,-4.1390380859375,0.3453369140625
0.2095,3.5885009765625,-3.9788818359375,-0.1351318359375
0.21,3.7486572265625,-3.0579833984375,-1.1761474609375
0.2105,3.9488525390625,-2.6175537109375,-1.8167724609375
0.211,4.0689697265625,-1.7767333984375,-2.6976318359375
0.2115,3.7486572265625,-1.0159912109375,-3.1781005859375
0.212,3.3883056640625,-0.2552490234375,-3.5784912109375
0.2125,2.7877197265625,0.6256103515625,-3.7786865234375
0.213,2.0670166015625,1.5865478515625,-4.0189208984375
0.2135,1.4664306640625,2.2672119140625,-4.0589599609375
0.214,0.7857666015625,3.0279541015625,-4.0989990234375
0.2145,0.0250244140625,3.2681884765625,-3.5784912109375
0.215,-0.5755615234375,3.7086181640625,-3.4583740234375
0.2155,-1.7767333984375,3.8687744140625,-2.2972412109375
0.216,-2.5374755859375,3.9888916015625,-1.8568115234375
0.2165,-3.2982177734375,3.9488525390625,-1.0159912109375
0.217,-3.7786865234375,3.8287353515625,-0.4954833984375
0.2175,-3.8988037109375,3.3883056640625,0.1851806640625
0.218,-4.1390380859375,3.0279541015625,0.7457275390625
0.2185,-4.2991943359375,2.1470947265625,1.7867431640625
0.219,-4.2991943359375,1.5465087890625,2.3072509765625
0.2195,-4.4193115234375,0.8658447265625,3.1480712890625
0.22,-3.8587646484375,0.0250244140625,3.4283447265625
0.2205,-3.6986083984375,-0.6156005859375,3.8287353515625
0.221,-2.7777099609375,-1.6165771484375,3.8687744140625
0.2215,-2.2572021484375,-2.4573974609375,4.1490478515625
0.222,-1.4564208984375,-3.0980224609375,3.9888916015625
0.2225,-0.8157958984375,-3.7786865234375,4.0289306640625
0.223,-0.0550537109375,-3.9788818359375,3.5084228515625
0.2235,0.6256103515625,-4.4193115234375,3.2281494140625
0.224,1.9068603515625,-4.5794677734375,2.0670166015625
0.2245,2.5474853515625,-4.7396240234375,1.5865478515625
0.225,3.2681884765625,-4.6595458984375,0.7857666015625
0.2255,3.6285400390625,-4.3392333984375,0.1851806640625
0.226,3.8687744140625,-3.9788818359375,-0.3753662109375
0.2265,3.9888916015625,-3.2581787109375,-1.2161865234375
0.227,4.2291259765625,-2.5374755859375,-2.1771240234375
0.2275,4.0289306640625,-1.7767333984375,-2.6976318359375
0.228,4.1490478515625,-1.0960693359375,-3.5384521484375
0.2285,3.3883056640625,-0.0950927734375,-3.6986083984375
0.229,3.1480712890625,0.6256103515625,-4.1390380859375
0.2295,2.0670166015625,1.7867431640625,-4.1790771484375
0.23,1.5865478515625,2.5474853515625,-4.4193115234375
0.2305,0.6656494140625,3.1480712890625,-4.1390380859375
0.231,0.0250244140625,3.7886962890625,-4.0589599609375
0.2315,-0.7757568359375,3.8687744140625,-3.3782958984375
0.232,-1.6165771484375,4.1490478515625,-2.8978271484375
0.2325,-2.8978271484375,4.3492431640625,-1.8167724609375
0.233,-3.5384521484375,4.2291259765625,-1.1361083984375
0.2335,-4.1790771484375,4.1890869140625,-0.3753662109375
0.234,-4.3792724609375,3.7086181640625,0.3052978515625
0.2345,-4.5394287109375,3.2681884765625,0.9058837890625
0.235,-4.6195068359375,2.3472900390625,1.9068603515625
0.2355,-4.8197021484375,1.5865478515625,2.8277587890625
0.236,-4.4593505859375,0.7056884765625,3.2681884765625
0.2365,-4.4993896484375,0.0250244140625,4.0289306640625
0.237,-3.6185302734375,-0.9759521484375,4.1090087890625
0.2375,-3.2982177734375,-1.5765380859375,4.3892822265625
0.238,-2.0970458984375,-2.8978271484375,4.5093994140625
0.2385,-1.4564208984375,-3.5384521484375,4.4293212890625
0.239,-0.6156005859375,-4.1390380859375,4.1490478515625
0.2395,0.0650634765625,-4.5794677734375,3.9088134765625
0.24,0.9459228515625,-4.6995849609375,3.1881103515625
0.2405,1.8668212890625,-4.9398193359375,2.5074462890625
0.241,3.1480712890625,-5.1800537109375,1.4263916015625
0.2415,3.5484619140625,-4.7396240234375,0.6656494140625
0.242,4.1890869140625,-4.7796630859375,0.0250244140625
0.2425,4.2291259765625,-4.0589599609375,-0.6956787109375
0.243,4.4293212890625,-3.6185302734375,-1.2962646484375
0.2435,4.5093994140625,-2.5374755859375,-2.4173583984375
0.244,4.6295166015625,-1.7767333984375,-3.2181396484375
0.2445,4.1090087890625,-0.7757568359375,-3.6986083984375
0.245,4.0289306640625,-0.1351318359375,-4.3392333984375
0.2455,3.0279541015625,0.9459228515625,-4.2991943359375
0.246,2.5875244140625,1.6265869140625,-4.5394287109375
0.2465,1.4664306640625,2.9478759765625,-4.7396240234375
0.247,0.7457275390625,3.4683837890625,-4.4593505859375
0.2475,-0.0950927734375,4.0689697265625,-4.2191162109375
0.248,-0.8558349609375,4.3492431640625,-3.8187255859375
0.2485,-1.6966552734375,4.4693603515625,-3.0579833984375
0.249,-2.8177490234375,4.5894775390625,-2.2171630859375
0.2495,-3.9788818359375,4.8297119140625,-1.2161865234375
0.25,-4.3392333984375,4.2691650390625,-0.2952880859375
0.2505,-4.9798583984375,4.3092041015625,0.3052978515625
0.251,-4.8597412109375,3.3883056640625,1.1461181640625
0.2515,-5.0198974609375,2.8677978515625,1.7867431640625
0.252,-5.1400146484375,1.7867431640625,2.9478759765625
0.2525,-5.0999755859375,0.9459228515625,3.7086181640625
0.253,-4.5394287109375,-0.0950927734375,4.1490478515625
0.2535,-4.3792724609375,-0.7757568359375,4.6695556640625
0.254,-3.2581787109375,-1.8167724609375,4.5894775390625
0.2545,-2.7376708984375,-2.5775146484375,4.7496337890625
0.255,-1.5765380859375,-3.8988037109375,4.8697509765625
0.2555,-0.6956787109375,-4.2991943359375,4.4293212890625
0.256,0.0650634765625,-4.9798583984375,4.2291259765625
0.2565,0.9859619140625,-5.0999755859375,3.5084228515625
0.257,1.8668212890625,-5.1800537109375,2.7076416015625
0.2575,2.9478759765625,-5.2601318359375,1.7867431640625
0.258,3.9888916015625,-5.3802490234375,0.8258056640625
0.2585,4.1890869140625,-4.6595458984375,-0.0550537109375
0.259,4.7095947265625,-4.6995849609375,-0.5755615234375
0.2595,4.6295166015625,-3.6185302734375,-1.4564208984375
0.26,4.6695556640625,-3.0579833984375,-2.0970458984375
0.2605,4.8297119140625,-1.9368896484375,-3.3382568359375
0.261,4.5093994140625,-1.1361083984375,-3.8587646484375
0.2615,4.0289306640625,-0.1351318359375,-4.3392333984375
0.262,3.5885009765625,0.6656494140625,-4.6195068359375
0.2625,2.5875244140625,1.6666259765625,-4.5794677734375
0.263,1.9468994140625,2.5074462890625,-4.6995849609375
0.2635,0.9859619140625,3.6285400390625,-4.8197021484375
0.264,0.0250244140625,3.8687744140625,-4.1790771484375
0.2645,-0.5355224609375,4.4293212890625,-4.2191162109375
0.265,-1.5765380859375,4.4293212890625,-3.2181396484375
0.2655,-2.3773193359375,4.6295166015625,-2.5775146484375
0.266,-3.5384521484375,4.7496337890625,-1.4964599609375
0.2665,-4.3392333984375,4.7095947265625,-0.6956787109375
0.267,-4.5794677734375,4.1090087890625,0.1451416015625
0.2675,-5.0198974609375,3.9888916015625,0.6256103515625
0.268,-4.9398193359375,2.9478759765625,1.5865478515625
0.2685,-5.0599365234375,2.3873291015625,2.2672119140625
0.269,-5.2200927734375,1.3463134765625,3.4683837890625
0.2695,-4.8197021484375,0.4654541015625,3.8687744140625
0.27,-4.4993896484375,-0.4554443359375,4.5093994140625
0.2705,-3.8187255859375,-1.2962646484375,4.5894775390625
0.271,-2.9378662109375,-2.2572021484375,4.6695556640625
0.2715,-2.1771240234375,-3.1781005859375,4.7496337890625
0.272,-1.2161865234375,-4.2191162109375,4.8297119140625
0.2725,-0.2952880859375,-4.4993896484375,4.1090087890625
0.273,0.3052978515625,-5.0599365234375,4.1090087890625
0.2735,1.5465087890625,-5.0198974609375,2.9078369140625
0.274,2.2672119140625,-5.1800537109375,2.3472900390625
0.2745,3.4683837890625,-5.2200927734375,1.2662353515625
0.275,3.9888916015625,-5.0198974609375,0.5054931640625
0.2755,4.2291259765625,-4.4993896484375,-0.2952880859375
0.276,4.5093994140625,-4.1790771484375,-0.8157958984375
0.2765,4.5093994140625,-3.1380615234375,-1.8568115234375
0.277,4.5093994140625,-2.4974365234375,-2.4573974609375
0.2775,4.6695556640625,-1.5765380859375,-3.5384521484375
0.278,4.0289306640625,-0.6156005859375,-3.8187255859375
0.2785,3.8687744140625,0.1051025390625,-4.3392333984375
0.279,2.8677978515625,1.1461181640625,-4.3392333984375
0.2795,2.2271728515625,1.9468994140625,-4.4993896484375
0.28,1.4263916015625,2.7476806640625,-4.4993896484375
0.2805,0.6256103515625,3.5484619140625,-4.4993896484375
0.281,-0.2152099609375,3.7086181640625,-3.8988037109375
0.2815,-0.7757568359375,4.2291259765625,-3.7786865234375
0.282,-1.9368896484375,4.1890869140625,-2.5775146484375
0.2825,-2.5775146484375,4.4293212890625,-2.1370849609375
0.283,-3.6585693359375,4.5093994140625,-1.1361083984375
0.2835,-4.0189208984375,4.1490478515625,-0.4554443359375
0.284,-4.3792724609375,3.8687744140625,0.1451416015625
0.2845,-4.4993896484375,3.3482666015625,0.7857666015625
0.285,-4.6195068359375,2.5474853515625,1.6666259765625
0.2855,-4.6595458984375,1.8668212890625,2.3873291015625
0.286,-4.8197021484375,1.1461181640625,3.2681884765625
0.2865,-4.2191162109375,0.1851806640625,3.5885009765625
0.287,-4.2191162109375,-0.4154052734375,4.1490478515625
0.2875,-3.1781005859375,-1.4564208984375,4.1490478515625
0.288,-2.7376708984375,-2.2572021484375,4.4293212890625
0.2885,-1.8167724609375,-3.1781005859375,4.4293212890625
0.289,-1.0960693359375,-3.8587646484375,4.2691650390625
0.2895,-0.2952880859375,-4.1790771484375,3.8687744140625
0.29,0.3853759765625,-4.5794677734375,3.5885009765625
0.2905,1.5865478515625,-4.6995849609375,2.5474853515625
0.291,2.3072509765625,-4.8597412109375,2.0269775390625
0.2915,3.2681884765625,-4.9798583984375,1.1461181640625
0.292,3.5484619140625,-4.4993896484375,0.4254150390625
0.2925,3.9888916015625,-4.3792724609375,-0.1351318359375
0.293,4.0289306640625,-3.5384521484375,-0.9759521484375
0.2935,4.2291259765625,-2.9378662109375,-1.7767333984375
0.294,4.1490478515625,-2.0970458984375,-2.5374755859375
0.2945,4.2691650390625,-1.4564208984375,-3.2581787109375
0.295,3.5484619140625,-0.4554443359375,-3.5384521484375
0.2955,3.4683837890625,0.1851806640625,-3.9788818359375
0.296,2.3072509765625,1.2662353515625,-3.9788818359375
0.2965,1.9869384765625,1.9068603515625,-4.2191162109375
0.297,1.1060791015625,2.7076416015625,-4.2191162109375
0.2975,0.4254150390625,3.1881103515625,-3.8988037109375
0.298,-0.2152099609375,3.5484619140625,-3.6185302734375
0.2985,-1.0560302734375,3.7886962890625,-3.0579833984375
0.299,-2.0169677734375,3.9888916015625,-2.2572021484375
0.2995,-2.6976318359375,3.9888916015625,-1.6165771484375
0.3,-3.4183349609375,4.1090087890625,-1.0159912109375
0.3005,-3.5784912109375,3.5885009765625,-0.3353271484375
0.301,-3.9788818359375,3.5885009765625,0.0650634765625
0.3015,-3.9788818359375,2.6676025390625,0.9459228515625
0.302,-4.2991943359375,2.3472900390625,1.5865478515625
0.3025,-4.2991943359375,1.5064697265625,2.3873291015625
0.303,-4.2991943359375,0.9859619140625,2.9078369140625
0.3035,-3.9388427734375,-0.0550537109375,3.2681884765625
0.304,-3.6585693359375,-0.5355224609375,3.6685791015625
0.3045,-2.8177490234375,-1.5765380859375,3.8687744140625
0.305,-2.4173583984375,-2.2171630859375,4.0689697265625
0.3055,-1.6165771484375,-3.0579833984375,4.1490478515625
0.306,-0.9759521484375,-3.4183349609375,3.8287353515625
0.3065,-0.3753662109375,-3.9388427734375,3.7086181640625
0.307,0.6656494140625,-4.1390380859375,2.8677978515625
0.3075,1.5465087890625,-4.4993896484375,2.4273681640625
0.308,2.3072509765625,-4.4993896484375,1.6265869140625
0.3085,2.9478759765625,-4.6195068359375,1.1461181640625
0.309,3.2281494140625,-4.1390380859375,0.4654541015625
0.3095,3.5885009765625,-4.0989990234375,0.0250244140625
0.31,3.7086181640625,-3.1781005859375,-1.0560302734375
0.3105,3.9888916015625,-2.7376708984375,-1.6966552734375
0.311,3.9888916015625,-1.9368896484375,-2.5374755859375
0.3115,3.8287353515625,-1.1361083984375,-2.9779052734375
0.312,3.3883056640625,-0.3753662109375,-3.4583740234375
0.3125,2.8677978515625,0.3853759765625,-3.6986083984375
0.313,2.1871337890625,1.3863525390625,-3.8988037109375
0.3135,1.6265869140625,1.9869384765625,-3.9788818359375
0.314,0.9859619140625,2.7076416015625,-4.0189208984375
0.3145,0.2652587890625,2.9879150390625,-3.5384521484375
0.315,-0.3353271484375,3.4683837890625,-3.4583740234375
0.3155,-1.4163818359375,3.5484619140625,-2.4173583984375
0.316,-2.1771240234375,3.8687744140625,-2.0169677734375
0.3165,-2.8577880859375,3.7886962890625,-1.2562255859375
0.317,-3.2581787109375,3.7086181640625,-0.8157958984375
0.3175,-3.5384521484375,3.3482666015625,-0.1751708984375
0.318,-3.7386474609375,3.0679931640625,0.3052978515625
0.3185,-3.9388427734375,2.3472900390625,1.2261962890625
0.319,-4.0189208984375,1.8668212890625,1.7867431640625
0.3195,-4.2191162109375,1.1461181640625,2.5474853515625
0.32,-3.8187255859375,0.4654541015625,2.8677978515625
0.3205,-3.6986083984375,-0.2152099609375,3.3482666015625
0.321,-2.8978271484375,-1.0560302734375,3.4683837890625
0.3215,-2.5775146484375,-1.8167724609375,3.8687744140625
0.322,-1.8568115234375,-2.4974365234375,3.7886962890625
0.3225,-1.3363037109375,-3.0980224609375,3.9088134765625
0.323,-0.6156005859375,-3.4183349609375,3.4683837890625
0.3235,0.0250244140625,-3.8587646484375,3.2681884765625
0.324,1.1461181640625,-4.0989990234375,2.3873291015625
0.3245,1.8267822265625,-4.3392333984375,1.9869384765625
0.325,2.5474853515625,-4.4193115234375,1.3062744140625
0.3255,2.9078369140625,-4.2191162109375,0.7857666015625
0.326,3.3482666015625,-4.0189208984375,0.2252197265625
0.3265,3.4683837890625,-3.4183349609375,-0.5355224609375
0.327,3.8287353515625,-2.8577880859375,-1.4163818359375
0.3275,3.7886962890625,-2.2171630859375,-2.0570068359375
0.328,3.9088134765625,-1.6165771484375,-2.8177490234375
0.3285,3.3082275390625,-0.6956787109375,-3.0579833984375
0.329,3.1881103515625,0.0250244140625,-3.5784912109375
0.3295,2.2672119140625,1.0660400390625,-3.6585693359375
0.33,1.9468994140625,1.7066650390625,-3.9788818359375
0.3305,1.1461181640625,2.3873291015625,-3.8587646484375
0.331,0.6256103515625,2.9478759765625,-3.8187255859375
0.3315,-0.1351318359375,3.1881103515625,-3.3382568359375
0.332,-0.9759521484375,3.5084228515625,-2.8978271484375
0.3325,-2.0169677734375,3.7886962890625,-2.0570068359375
0.333,-2.5775146484375,3.7886962890625,-1.4964599609375
0.3335,-3.2181396484375,3.8287353515625,-0.9359130859375
0.334,-3.3782958984375,3.3883056640625,-0.3353271484375
0.3345,-3.7386474609375,3.1881103515625,0.1451416015625
0.335,-3.8187255859375,2.4273681640625,1.0260009765625
0.3355,-4.1390380859375,1.9468994140625,1.7467041015625
0.336,-3.9788818359375,1.2261962890625,2.3072509765625
0.3365,-4.0589599609375,0.7056884765625,2.9078369140625
0.337,-3.4583740234375,-0.1351318359375,3.1480712890625
0.3375,-3.2581787109375,-0.6956787109375,3.5084228515625
0.338,-2.4173583984375,-1.7767333984375,3.7086181640625
0.3385,-2.0570068359375,-2.2972412109375,3.8687744140625
0.339,-1.3363037109375,-3.0579833984375,3.8287353515625
0.3395,-0.7757568359375,-3.3382568359375,3.5885009765625
0.34,-0.0950927734375,-3.7786865234375,3.2681884765625
0.3405,0.9058837890625,-4.0189208984375,2.5875244140625
0.341,1.8267822265625,-4.3792724609375,1.9869384765625
0.3415,2.3873291015625,-4.2591552734375,1.3463134765625
0.342,2.9879150390625,-4.4193115234375,0.9459228515625
0.3425,3.1881103515625,-3.8988037109375,0.2652587890625
0.343,3.5484619140625,-3.6986083984375,-0.2952880859375
0.3435,3.7086181640625,-2.8577880859375,-1.3363037109375
0.344,3.9088134765625,-2.4173583984375,-1.9769287109375
0.3445,3.7886962890625,-1.5765380859375,-2.6976318359375
0.345,3.6685791015625,-0.9359130859375,-3.1781005859375
0.3455,3.0679931640625,0.0250244140625,-3.4583740234375
0.346,2.6275634765625,0.7457275390625,-3.7786865234375
0.3465,1.9468994140625,1.8267822265625,-4.0189208984375
0.347,1.3062744140625,2.3072509765625,-3.8988037109375
0.3475,0.6656494140625,3.0279541015625,-3.9788818359375
0.348,-0.0950927734375,3.2281494140625,-3.4984130859375
0.3485,-0.7757568359375,3.6685791015625,-3.1781005859375
0.349,-1.9368896484375,3.8287353515625,-2.2572021484375
0.3495,-2.8177490234375,4.0689697265625,-1.5765380859375
0.35,-3.2581787109375,3.7886962890625,-0.8157958984375
0.3505,-3.7786865234375,3.8287353515625,-0.4154052734375
0.351,-3.8587646484375,3.1480712890625,0.3453369140625
0.3515,-4.0989990234375,2.7476806640625,0.9058837890625
0.352,-4.2991943359375,1.9068603515625,1.9468994140625
0.3525,-4.1790771484375,1.3863525390625,2.5474853515625
0.353,-4.1390380859375,0.5855712890625,3.1881103515625
0.3535,-3.7786865234375,-0.1751708984375,3.4683837890625
0.354,-3.2181396484375,-0.9759521484375,3.7086181640625
0.3545,-2.5775146484375,-1.8167724609375,3.8687744140625
0.355,-1.9368896484375,-2.7376708984375,4.1090087890625
0.3555,-1.2161865234375,-3.1380615234375,3.7886962890625
0.356,-0.6556396484375,-3.8187255859375,3.9088134765625
0.3565,0.1451416015625,-3.8988037109375,3.1881103515625
0.357,0.8658447265625,-4.2591552734375,2.8677978515625
0.3575,2.0670166015625,-4.4993896484375,1.8668212890625
0.358,2.7476806640625,-4.5394287109375,1.3062744140625
0.3585,3.2281494140625,-4.3392333984375,0.6256103515625
0.359,3.5885009765625,-4.1790771484375,0.1451416015625
0.3595,3.7086181640625,-3.6185302734375,-0.6156005859375
0.36,3.8687744140625,-3.0980224609375,-1.2962646484375
0.3605,4.1890869140625,-2.3773193359375,-2.4173583984375
0.361,3.8687744140625,-1.5364990234375,-2.8177490234375
0.3615,3.9088134765625,-0.7757568359375,-3.5384521484375
0.362,3.1881103515625,0.1051025390625,-3.6986083984375
0.3625,2.7877197265625,0.8258056640625,-3.9788818359375
0.363,1.9468994140625,1.9068603515625,-4.1390380859375
0.3635,1.3062744140625,2.7076416015625,-4.3392333984375
0.364,0.5054931640625,3.1480712890625,-3.8587646484375
0.3645,-0.0550537109375,3.7086181640625,-3.9388427734375
0.365,-0.9759521484375,3.7886962890625,-3.0579833984375
0.3655,-1.7767333984375,4.1090087890625,-2.6175537109375
0.366,-3.0579833984375,4.3092041015625,-1.5765380859375
0.3665,-3.5384521484375,4.1090087890625,-0.8958740234375
0.367,-4.0589599609375,3.9088134765625,-0.2552490234375
0.3675,-4.2991943359375,3.5484619140625,0.3453369140625
0.368,-4.3392333984375,2.8677978515625,1.1060791015625
0.3685,-4.4993896484375,2.1070556640625,1.9468994140625
0.369,-4.7396240234375,1.4263916015625,2.9078369140625
0.3695,-4.2191162109375,0.5054931640625,3.2681884765625
0.37,-4.3392333984375,-0.1351318359375,3.9888916015625
0.3705,-3.3782958984375,-1.1361083984375,3.9888916015625
0.371,-2.9378662109375,-1.8167724609375,4.2291259765625
0.3715,-1.9769287109375,-2.9378662109375,4.3492431640625
0.372,-1.2562255859375,-3.6185302734375,4.3492431640625
0.3725,-0.4954833984375,-4.0189208984375,3.9088134765625
0.373,0.1451416015625,-4.4993896484375,3.7886962890625
0.3735,1.2261962890625,-4.5394287109375,2.8277587890625
0.374,2.0269775390625,-4.8197021484375,2.2672119140625
0.3745,3.2281494140625,-5.0599365234375,1.2662353515625
0.375,3.5885009765625,-4.6195068359375,0.5054931640625
0.3755,4.1090087890625,-4.5394287109375,-0.0950927734375
0.376,4.1490478515625,-3.8988037109375,-0.8157958984375
0.3765,4.3092041015625,-3.2181396484375,-1.6165771484375
0.377,4.3492431640625,-2.3372802734375,-2.5374755859375
0.3775,4.5093994140625,-1.5765380859375,-3.4183349609375
0.378,3.8687744140625,-0.5355224609375,-3.7386474609375
0.3785,3.7886962890625,0.1051025390625,-4.2991943359375
0.379,2.6676025390625,1.2261962890625,-4.2191162109375
0.3795,2.2271728515625,1.9468994140625,-4.4593505859375
0.38,1.2662353515625,3.0679931640625,-4.5794677734375
0.3805,0.4254150390625,3.6285400390625,-4.2991943359375
0.381,-0.2952880859375,3.9888916015625,-3.9788818359375
0.3815,-1.0960693359375,4.3092041015625,-3.5384521484375
0.382,-2.1771240234375,4.3892822265625,-2.4974365234375
0.3825,-2.9779052734375,4.5093994140625,-1.8167724609375
0.383,-4.0989990234375,4.6295166015625,-0.8958740234375
0.3835,-4.2591552734375,3.9888916015625,-0.0950927734375
0.384,-4.7396240234375,3.9088134765625,0.3853759765625
0.3845,-4.7396240234375,2.9478759765625,1.3062744140625
0.385,-4.8197021484375,2.4273681640625,2.0269775390625
0.3855,-4.8197021484375,1.4263916015625,2.9879150390625
0.386,-4.8597412109375,0.7056884765625,3.7086181640625
0.3865,-4.2191162109375,-0.2952880859375,4.0289306640625
0.387,-4.0989990234375,-0.9359130859375,4.5093994140625
0.3875,-2.8577880859375,-2.0970458984375,4.4693603515625
0.388,-2.4173583984375,-2.8177490234375,4.6295166015625
0.3885,-1.3363037109375,-3.8988037109375,4.6695556640625
0.389,-0.4954833984375,-4.3392333984375,4.2291259765625
0.3895,0.2252197265625,-4.7796630859375,3.9888916015625
0.39,1.2261962890625,-5.0599365234375,3.2281494140625
0.3905,2.3072509765625,-5.0999755859375,2.2672119140625
0.391,3.1080322265625,-5.1400146484375,1.5064697265625
0.3915,4.0689697265625,-5.3001708984375,0.6256103515625
0.392,4.1890869140625,-4.5394287109375,-0.2152099609375
0.3925,4.5494384765625,-4.4993896484375,-0.6956787109375
0.393,4.5894775390625,-3.2581787109375,-1.8568115234375
0.3935,4.6695556640625,-2.6175537109375,-2.4974365234375
0.394,4.6295166015625,-1.6165771484375,-3.4583740234375
0.3945,4.4693603515625,-0.7757568359375,-4.0589599609375
0.395,3.6685791015625,0.2652587890625,-4.2991943359375
0.3955,3.3082275390625,0.9859619140625,-4.6195068359375
0.396,2.0670166015625,2.2672119140625,-4.6195068359375
0.3965,1.5465087890625,2.8677978515625,-4.6195068359375
0.397,0.5455322265625,3.8287353515625,-4.6195068359375
0.3975,-0.3353271484375,4.1090087890625,-4.0189208984375
0.398,-0.9759521484375,4.4693603515625,-3.7786865234375
0.3985,-2.1370849609375,4.5894775390625,-2.7376708984375
0.399,-3.0579833984375,4.6295166015625,-1.9368896484375
0.3995,-3.8187255859375,4.5093994140625,-1.0560302734375
0.4,-4.4993896484375,4.5093994140625,-0.3353271484375
0.4005,-4.5794677734375,3.7086181640625,0.4254150390625
0.401,-4.8597412109375,3.5885009765625,0.9058837890625
0.4015,-4.8597412109375,2.3472900390625,2.0670166015625
0.402,-4.8997802734375,1.8668212890625,2.6275634765625
0.4025,-4.8597412109375,0.9058837890625,3.5484619140625
0.403,-4.5394287109375,0.0650634765625,3.9888916015625
0.4035,-4.0189208984375,-0.8157958984375,4.3092041015625
0.404,-3.4583740234375,-1.6165771484375,4.5093994140625
0.4045,-2.4173583984375,-2.7376708984375,4.6295166015625
0.405,-1.7767333984375,-3.3382568359375,4.5494384765625
0.4055,-0.9359130859375,-4.2991943359375,4.5494384765625
0.406,0.0250244140625,-4.4993896484375,3.9888916015625
0.4065,0.6256103515625,-4.9798583984375,3.7886962890625
0.407,1.9468994140625,-5.0599365234375,2.5875244140625
0.4075,2.7476806640625,-5.2601318359375,1.9468994140625
0.408,3.5484619140625,-5.0999755859375,0.9859619140625
0.4085,4.1490478515625,-5.0599365234375,0.3052978515625
0.409,4.3092041015625,-4.3392333984375,-0.4954833984375
0.4095,4.5494384765625,-3.9788818359375,-1.0960693359375
0.41,4.6295166015625,-2.8177490234375,-2.3372802734375
0.4105,4.5494384765625,-2.1771240234375,-2.8577880859375
0.411,4.5494384765625,-1.2161865234375,-3.7786865234375
0.4115,3.9888916015625,-0.2952880859375,-4.1390380859375
0.412,3.4683837890625,0.6256103515625,-4.4193115234375
0.4125,2.5875244140625,1.5865478515625,-4.5394287109375
0.413,1.7467041015625,2.6275634765625,-4.6595458984375
0.4135,0.9859619140625,3.1881103515625,-4.4193115234375
0.414,0.1851806640625,3.9488525390625,-4.4193115234375
0.4145,-0.6956787109375,4.0289306640625,-3.6185302734375
0.415,-1.2962646484375,4.4293212890625,-3.3782958984375
0.4155,-2.6175537109375,4.4293212890625,-2.0570068359375
0.416,-3.3382568359375,4.5093994140625,-1.4964599609375
0.4165,-3.9788818359375,4.1890869140625,-0.6156005859375
0.417,-4.4193115234375,4.0289306640625,0.0250244140625
0.4175,-4.4593505859375,3.4683837890625,0.6656494140625
0.418,-4.5394287109375,2.9078369140625,1.2662353515625
0.4185,-4.7396240234375,1.9869384765625,2.3072509765625
0.419,-4.5394287109375,1.3463134765625,2.7877197265625
0.4195,-4.6195068359375,0.6256103515625,3.5885009765625
0.42,-3.9788818359375,-0.2952880859375,3.7886962890625
0.4205,-3.6986083984375,-0.9759521484375,4.1490478515625
0.421,-2.6976318359375,-1.9769287109375,4.1490478515625
0.4215,-2.2171630859375,-2.7777099609375,4.4293212890625
0.422,-1.3763427734375,-3.3782958984375,4.1490478515625
0.4225,-0.7357177734375,-4.0189208984375,4.1890869140625
0.423,0.0650634765625,-4.1790771484375,3.5484619140625
0.4235,0.7857666015625,-4.6195068359375,3.2281494140625
0.424,2.0269775390625,-4.8197021484375,2.1470947265625
0.4245,2.6275634765625,-4.8597412109375,1.6265869140625
0.425,3.3883056640625,-4.8197021484375,0.8258056640625
0.4255,3.7086181640625,-4.4593505859375,0.2252197265625
0.426,3.9888916015625,-4.0989990234375,-0.4554443359375
0.4265,4.1090087890625,-3.3382568359375,-1.2562255859375
0.427,4.4293212890625,-2.6575927734375,-2.2171630859375
0.4275,4.1490478515625,-1.8968505859375,-2.7376708984375
0.428,4.3092041015625,-1.1361083984375,-3.5784912109375
0.4285,3.4683837890625,-0.1351318359375,-3.7786865234375
0.429,3.2681884765625,0.5855712890625,-4.1390380859375
0.4295,2.1470947265625,1.7867431640625,-4.2191162109375
0.43,1.6666259765625,2.4273681640625,-4.4193115234375
0.4305,0.7857666015625,3.0679931640625,-4.1390380859375
0.431,0.1451416015625,3.6285400390625,-4.0189208984375
0.4315,-0.6556396484375,3.7086181640625,-3.3382568359375
0.432,-1.4964599609375,3.9888916015625,-2.8577880859375
0.4325,-2.6976318359375,4.1490478515625,-1.8968505859375
0.433,-3.1781005859375,4.0689697265625,-1.2562255859375
0.4335,-3.8187255859375,4.0289306640625,-0.6156005859375
0.434,-3.8988037109375,3.5084228515625,0.0650634765625
0.4345,-4.1790771484375,3.1881103515625,0.6256103515625
0.435,-4.1790771484375,2.3072509765625,1.4664306640625
0.4355,-4.4193115234375,1.7867431640625,2.2271728515625
0.436,-4.1390380859375,1.0260009765625,2.7076416015625
0.4365,-4.2191162109375,0.4654541015625,3.3082275390625
0.437,-3.4583740234375,-0.4954833984375,3.4683837890625
0.4375,-3.2581787109375,-1.0159912109375,3.8287353515625
0.438,-2.2972412109375,-2.0970458984375,3.9088134765625
0.4385,-1.9368896484375,-2.5775146484375,3.9888916015625
0.439,-1.2161865234375,-3.2581787109375,3.9088134765625
0.4395,-0.6156005859375,-3.6585693359375,3.6285400390625
0.44,0.1451416015625,-4.0189208984375,3.2681884765625
0.4405,1.0260009765625,-4.2191162109375,2.5474853515625
0.441,1.9869384765625,-4.4993896484375,1.9869384765625
0.4415,2.4273681640625,-4.3392333984375,1.3863525390625
0.442,3.0679931640625,-4.5394287109375,0.9459228515625
0.4425,3.2281494140625,-3.9788818359375,0.2652587890625
0.443,3.6685791015625,-3.8187255859375,-0.3353271484375
0.4435,3.7886962890625,-2.8978271484375,-1.3363037109375
0.444,4.0289306640625,-2.5374755859375,-1.9769287109375
0.4445,3.8687744140625,-1.6566162109375,-2.6976318359375
0.445,3.7886962890625,-1.0159912109375,-3.1781005859375
0.4455,3.1480712890625,0.0250244140625,-3.4984130859375
0.446,2.7476806640625,0.6656494140625,-3.8187255859375
0.4465,2.0670166015625,1.7867431640625,-4.1390380859375
0.447,1.4664306640625,2.2271728515625,-3.9788818359375
0.4475,0.7857666015625,2.9478759765625,-4.0989990234375
0.448,0.0250244140625,3.1881103515625,-3.5384521484375
0.4485,-0.6956787109375,3.5484619140625,-3.2181396484375
0.449,-1.7767333984375,3.7886962890625,-2.2972412109375
0.4495,-2.6175537109375,3.9888916015625,-1.7366943359375
0.45,-3.0579833984375,3.7486572265625,-1.0159912109375
0.4505,-3.5384521484375,3.8287353515625,-0.6156005859375
0.451,-3.6585693359375,3.1881103515625,0.1451416015625
0.4515,-3.8988037109375,2.8677978515625,0.6656494140625
0.452,-4.1390380859375,2.0670166015625,1.6666259765625
0.4525,-4.0989990234375,1.5465087890625,2.1871337890625
0.453,-4.0989990234375,0.7857666015625,2.8677978515625
0.4535,-3.6986083984375,0.1451416015625,3.1480712890625
0.454,-3.2581787109375,-0.6156005859375,3.4283447265625
0.4545,-2.6575927734375,-1.4163818359375,3.5885009765625
0.455,-2.1771240234375,-2.2972412109375,3.8687744140625
0.4555,-1.4964599609375,-2.6976318359375,3.6285400390625
0.456,-1.0560302734375,-3.3782958984375,3.8287353515625
0.4565,-0.2952880859375,-3.5384521484375,3.1480712890625
0.457,0.4254150390625,-3.8988037109375,2.9078369140625
0.4575,1.5064697265625,-4.1390380859375,2.0670166015625
0.458,2.1070556640625,-4.2991943359375,1.6265869140625
0.4585,2.6676025390625,-4.1790771484375,1.0260009765625
0.459,2.9478759765625,-4.1390380859375,0.6256103515625
0.4595,3.2281494140625,-3.6986083984375,-0.0550537109375
0.46,3.4683837890625,-3.1781005859375,-0.7757568359375
0.4605,3.8687744140625,-2.5775146484375,-1.6966552734375
0.461,3.6685791015625,-1.9368896484375,-2.1771240234375
0.4615,3.8687744140625,-1.3363037109375,-2.9378662109375
0.462,3.1480712890625,-0.4554443359375,-3.1380615234375
0.4625,2.9478759765625,0.2652587890625,-3.5784912109375
0.463,2.1871337890625,1.3062744140625,-3.8187255859375
0.4635,1.7867431640625,1.9468994140625,-4.0589599609375
0.464,0.9859619140625,2.4273681640625,-3.8187255859375
0.4645,0.5054931640625,3.0279541015625,-3.8587646484375
0.465,-0.4154052734375,3.2281494140625,-3.1781005859375
0.4655,-1.2161865234375,3.6285400390625,-2.7376708984375
0.466,-2.2972412109375,3.8687744140625,-1.8968505859375
0.4665,-2.8177490234375,3.8287353515625,-1.2962646484375
0.467,-3.3782958984375,3.7886962890625,-0.7357177734375
0.4675,-3.5784912109375,3.3883056640625,-0.1751708984375
0.468,-3.8187255859375,2.9879150390625,0.5054931640625
0.4685,-3.9788818359375,2.3072509765625,1.3062744140625
0.469,-4.2591552734375,1.7867431640625,2.1070556640625
0.4695,-3.8988037109375,0.9859619140625,2.5074462890625
0.47,-4.0589599609375,0.4654541015625,3.1881103515625
0.4705,-3.2581787109375,-0.4954833984375,3.2281494140625
0.471,-3.0179443359375,-1.0960693359375,3.6285400390625
0.4715,-2.2171630859375,-2.1771240234375,3.7886962890625
0.472,-1.7366943359375,-2.6976318359375,3.8287353515625
0.4725,-1.0560302734375,-3.2181396484375,3.6685791015625
0.473,-0.4954833984375,-3.5384521484375,3.4683837890625
0.4735,0.3052978515625,-3.7786865234375,2.9078369140625
0.474,1.1861572265625,-4.0989990234375,2.3472900390625
0.4745,2.1470947265625,-4.3392333984375,1.6666259765625
0.475,2.5474853515625,-4.0989990234375,1.0660400390625
0.4755,3.0679931640625,-4.2991943359375,0.6656494140625
0.476,3.1881103515625,-3.6986083984375,0.0250244140625
0.4765,3.5084228515625,-3.3782958984375,-0.6156005859375
0.477,3.7086181640625,-2.5775146484375,-1.5765380859375
0.4775,3.8687744140625,-2.1370849609375,-2.2171630859375
0.478,3.5885009765625,-1.2562255859375,-2.7376708984375
0.4785,3.5484619140625,-0.6956787109375,-3.2181396484375
0.479,2.7476806640625,0.2652587890625,-3.3782958984375
0.4795,2.4674072265625,0.9459228515625,-3.8187255859375
0.48,1.7467041015625,1.9468994140625,-4.0589599609375
0.4805,1.0660400390625,2.3873291015625,-3.8587646484375
0.481,0.5054931640625,3.0679931640625,-3.8988037109375
0.4815,-0.2552490234375,3.3082275390625,-3.3382568359375
0.482,-1.0960693359375,3.6285400390625,-2.8577880859375
0.4825,-2.0970458984375,3.8687744140625,-2.0570068359375
0.483,-2.9378662109375,4.0689697265625,-1.4163818359375
0.4835,-3.2982177734375,3.6685791015625,-0.6956787109375
0.484,-3.8187255859375,3.7486572265625,-0.3353271484375
0.4845,-3.8187255859375,2.9879150390625,0.5054931640625
0.485,-4.0989990234375,2.5875244140625,1.1461181640625
0.4855,-4.3392333984375,1.7867431640625,2.1871337890625
0.486,-4.2191162109375,1.1461181640625,2.6676025390625
0.4865,-4.0189208984375,0.3052978515625,3.2681884765625
0.487,-3.6986083984375,-0.3353271484375,3.5484619140625
0.4875,-2.9779052734375,-1.2562255859375,3.6685791015625
0.488,-2.4573974609375,-2.0570068359375,3.9088134765625
0.4885,-1.7366943359375,-3.0179443359375,4.1090087890625
0.489,-0.9759521484375,-3.3382568359375,3.7486572265625
0.4895,-0.4954833984375,-3.8988037109375,3.8287353515625
0.49,0.5054931640625,-4.0189208984375,2.9879150390625
0.4905,1.2662353515625,-4.2991943359375,2.5474853515625
0.491,2.3072509765625,-4.4993896484375,1.6265869140625
0.4915,2.9478759765625,-4.4993896484375,1.0260009765625
0.492,3.2681884765625,-4.1390380859375,0.3853759765625
0.4925,3.5885009765625,-4.0589599609375,0.0250244140625
0.493,3.7086181640625,-3.2181396484375,-0.9359130859375
0.4935,3.8687744140625,-2.7376708984375,-1.5765380859375
0.494,4.1090087890625,-1.9769287109375,-2.5775146484375
0.4945,3.7486572265625,-1.2161865234375,-3.0179443359375
0.495,3.6285400390625,-0.4954833984375,-3.5384521484375
0.4955,2.9478759765625,0.3853759765625,-3.6986083984375
0.496,2.3873291015625,1.1861572265625,-3.9788818359375
0.4965,1.7066650390625,2.0269775390625,-4.1390380859375
0.497,1.0260009765625,2.8677978515625,-4.2191162109375
0.4975,0.2652587890625,3.1881103515625,-3.7386474609375
0.498,-0.2952880859375,3.7486572265625,-3.7786865234375
0.4985,-1.4163818359375,3.8287353515625,-2.6976318359375
0.499,-2.1771240234375,4.1090087890625,-2.2572021484375
0.4995,-3.1781005859375,4.1490478515625,-1.2962646484375
0.5,-3.6986083984375,3.9888916015625,-0.6556396484375
0.5005,-3.9788818359375,3.7086181640625,-0.0550537109375
0.501,-4.1790771484375,3.3482666015625,0.5054931640625
0.5015,-4.2991943359375,2.5074462890625,1.4263916015625
0.502,-4.4193115234375,1.9468994140625,2.1070556640625
0.5025,-4.6195068359375,1.1461181640625,3.0679931640625
0.503,-4.0989990234375,0.2652587890625,3.3883056640625
0.5035,-4.0589599609375,-0.4154052734375,3.9088134765625
0.504,-3.0980224609375,-1.4163818359375,3.9488525390625
0.5045,-2.5374755859375,-2.2572021484375,4.1490478515625
0.505,-1.7366943359375,-3.0579833984375,4.1890869140625
0.5055,-1.0159912109375,-3.7786865234375,4.1890869140625
0.506,-0.2952880859375,-4.0189208984375,3.7486572265625
0.5065,0.3853759765625,-4.4993896484375,3.5484619140625
0.507,1.6265869140625,-4.5794677734375,2.4273681640625
0.5075,2.3072509765625,-4.7796630859375,1.9468994140625
0.508,3.2681884765625,-4.8597412109375,1.0260009765625
0.5085,3.6685791015625,-4.4993896484375,0.3453369140625
0.509,3.9888916015625,-4.2191162109375,-0.2552490234375
0.5095,4.1090087890625,-3.5384521484375,-1.0159912109375
0.51,4.2291259765625,-2.7777099609375,-1.9769287109375
0.5105,4.1890869140625,-1.9769287109375,-2.6575927734375
0.511,4.3892822265625,-1.2562255859375,-3.5384521484375
0.5115,3.6285400390625,-0.2952880859375,-3.8187255859375
0.512,3.5084228515625,0.3453369140625,-4.2591552734375
0.5125,2.2672119140625,1.5865478515625,-4.2991943359375
0.513,1.7867431640625,2.3873291015625,-4.4993896484375
0.5135,0.9058837890625,3.1881103515625,-4.3792724609375
0.514,0.1451416015625,3.8287353515625,-4.2191162109375
0.5145,-0.6156005859375,3.9888916015625,-3.6585693359375
0.515,-1.4564208984375,4.3492431640625,-3.1781005859375
0.5155,-2.7376708984375,4.4693603515625,-1.9769287109375
0.516,-3.3382568359375,4.3892822265625,-1.3763427734375
0.5165,-4.2191162109375,4.4293212890625,-0.5355224609375
0.517,-4.4193115234375,3.8687744140625,0.2252197265625
0.5175,-4.6195068359375,3.5484619140625,0.7457275390625
0.518,-4.6995849609375,2.5875244140625,1.7066650390625
0.5185,-4.8197021484375,1.9068603515625,2.5474853515625
0.519,-4.6595458984375,0.9859619140625,3.2281494140625
0.5195,-4.6595458984375,0.2652587890625,3.8687744140625
0.52,-3.8587646484375,-0.6956787109375,4.0289306640625
0.5205,-3.6986083984375,-1.2962646484375,4.4293212890625
0.521,-2.3773193359375,-2.5775146484375,4.4293212890625
0.5215,-1.8968505859375,-3.1781005859375,4.5093994140625
0.522,-0.9759521484375,-3.9788818359375,4.3492431640625
0.5225,-0.1751708984375,-4.4993896484375,4.1090087890625
0.523,0.5455322265625,-4.6995849609375,3.5484619140625
0.5235,1.5465087890625,-4.9798583984375,2.8677978515625
0.524,2.7476806640625,-5.1400146484375,1.8267822265625
0.5245,3.3482666015625,-4.9798583984375,1.1461181640625
0.525,4.1490478515625,-5.0198974609375,0.3453369140625
0.5255,4.2691650390625,-4.3392333984375,-0.4554443359375
0.526,4.5494384765625,-4.0589599609375,-0.9759521484375
0.5265,4.5894775390625,-2.9378662109375,-2.1370849609375
0.527,4.8297119140625,-2.2972412109375,-3.0579833984375
0.5275,4.4293212890625,-1.2962646484375,-3.5784912109375
0.528,4.3492431640625,-0.4954833984375,-4.3392333984375
0.5285,3.3883056640625,0.6256103515625,-4.4193115234375
0.529,3.0279541015625,1.3463134765625,-4.6995849609375
0.5295,1.7066650390625,2.7476806640625,-4.7796630859375
0.53,1.1060791015625,3.3082275390625,-4.6595458984375
0.5305,0.1451416015625,4.0289306640625,-4.4593505859375
0.531,-0.6556396484375,4.4293212890625,-4.0189208984375
0.5315,-1.4564208984375,4.5093994140625,-3.3782958984375
0.532,-2.5775146484375,4.7095947265625,-2.4173583984375
0.5325,-3.7786865234375,4.8297119140625,-1.4163818359375
0.533,-4.1790771484375,4.4293212890625,-0.5755615234375
0.5335,-4.8597412109375,4.3892822265625,0.1451416015625
0.534,-4.8197021484375,3.5484619140625,0.9459228515625
0.5345,-4.9798583984375,3.1881103515625,1.4263916015625
0.535,-5.0599365234375,1.9468994140625,2.7076416015625
0.5355,-4.9798583984375,1.2261962890625,3.2681884765625
0.536,-4.6195068359375,0.2652587890625,3.8687744140625
0.5365,-4.4193115234375,-0.4954833984375,4.3892822265625
0.537,-3.5384521484375,-1.4163818359375,4.4293212890625
0.5375,-3.0179443359375,-2.0970458984375,4.5494384765625
0.538,-1.8968505859375,-3.3782958984375,4.6695556640625
0.5385,-1.2161865234375,-3.8187255859375,4.4293212890625
0.539,-0.4154052734375,-4.4993896484375,4.3492431640625
0.5395,0.3853759765625,-4.6995849609375,3.7486572265625
0.54,1.1060791015625,-4.9798583984375,3.2681884765625
0.5405,2.3072509765625,-5.0599365234375,2.2271728515625
0.541,3.3082275390625,-5.2601318359375,1.4263916015625
0.5415,3.7486572265625,-4.8197021484375,0.5855712890625
0.542,4.3492431640625,-4.8597412109375,0.0250244140625
0.5425,4.3492431640625,-4.0189208984375,-0.8558349609375
0.543,4.5494384765625,-3.6986083984375,-1.4564208984375
0.5435,4.7496337890625,-2.5374755859375,-2.6976318359375
0.544,4.6295166015625,-1.8568115234375,-3.2982177734375
0.5445,4.3492431640625,-0.7757568359375,-3.9788818359375
0.545,3.9488525390625,0.0650634765625,-4.3792724609375
0.5455,3.1480712890625,1.0260009765625,-4.5394287109375
0.546,2.4273681640625,1.9468994140625,-4.6995849609375
0.5465,1.4664306640625,3.1881103515625,-4.8997802734375
0.547,0.6256103515625,3.5484619140625,-4.4193115234375
0.5475,-0.1351318359375,4.3092041015625,-4.4193115234375
0.548,-1.0159912109375,4.3492431640625,-3.5784912109375
0.5485,-1.8167724609375,4.5894775390625,-3.0579833984375
0.549,-3.1380615234375,4.7095947265625,-1.8968505859375
0.5495,-3.9788818359375,4.7496337890625,-1.0159912109375
0.55,-4.3792724609375,4.1490478515625,-0.1351318359375
0.5505,-4.8197021484375,4.0689697265625,0.3853759765625
0.551,-4.6995849609375,3.1480712890625,1.1861572265625
0.5515,-4.8197021484375,2.5474853515625,1.7867431640625
0.552,-4.9798583984375,1.5064697265625,2.9879150390625
0.5525,-4.6195068359375,0.7857666015625,3.3883056640625
0.553,-4.4993896484375,-0.0550537109375,4.0289306640625
0.5535,-3.8187255859375,-0.8958740234375,4.1490478515625
0.554,-3.1781005859375,-1.6165771484375,4.3092041015625
0.5545,-2.3773193359375,-2.5374755859375,4.3892822265625
0.555,-1.6165771484375,-3.4984130859375,4.5093994140625
0.5555,-0.7757568359375,-3.7786865234375,3.9888916015625
0.556,-0.2552490234375,-4.4193115234375,4.1090087890625
0.5565,0.6656494140625,-4.4193115234375,3.1881103515625
0.557,1.3062744140625,-4.6995849609375,2.8277587890625
0.5575,2.5875244140625,-4.8597412109375,1.7467041015625
0.558,3.1480712890625,-4.8197021484375,1.1461181640625
0.5585,3.6685791015625,-4.5394287109375,0.3853759765625
0.559,3.9088134765625,-4.3392333984375,-0.1351318359375
0.5595,4.0689697265625,-3.7386474609375,-0.8958740234375
0.56,4.2291259765625,-3.0179443359375,-1.5765380859375
0.5605,4.5093994140625,-2.2972412109375,-2.6575927734375
0.561,4.0689697265625,-1.4564208984375,-3.0179443359375
0.5615,4.1490478515625,-0.7757568359375,-3.8187255859375
0.562,3.2681884765625,0.2652587890625,-3.8587646484375
0.5625,2.9078369140625,0.9859619140625,-4.2591552734375
0.563,1.9869384765625,2.0670166015625,-4.3792724609375
0.5635,1.3863525390625,2.8277587890625,-4.4993896484375
0.564,0.5054931640625,3.2681884765625,-4.0589599609375
0.5645,-0.0550537109375,3.8687744140625,-4.0589599609375
0.565,-1.0560302734375,3.9488525390625,-3.1781005859375
0.5655,-1.8968505859375,4.2291259765625,-2.6976318359375
0.566,-3.1781005859375,4.5093994140625,-1.6566162109375
0.5665,-3.5784912109375,4.1890869140625,-0.9759521484375
0.567,-4.1390380859375,3.9888916015625,-0.2952880859375
0.5675,-4.2991943359375,3.5084228515625,0.3453369140625
0.568,-4.4993896484375,2.8677978515625,1.1461181640625
0.5685,-4.4993896484375,2.1871337890625,1.9468994140625
0.569,-4.7396240234375,1.4664306640625,2.8277587890625
0.5695,-4.1390380859375,0.5855712890625,3.1881103515625
0.57,-4.2191162109375,0.0250244140625,3.7886962890625
0.5705,-3.2581787109375,-0.9759521484375,3.7086181640625
0.571,-2.9378662109375,-1.6165771484375,4.0289306640625
0.5715,-1.9769287109375,-2.6976318359375,4.1490478515625
0.572,-1.4163818359375,-3.1781005859375,4.0289306640625
0.5725,-0.6956787109375,-3.6986083984375,3.8287353515625
0.573,-0.1351318359375,-3.9788818359375,3.5484619140625
0.5735,0.7056884765625,-4.1390380859375,2.8277587890625
0.574,1.5865478515625,-4.3792724609375,2.2672119140625
0.5745,2.5875244140625,-4.6195068359375,1.5064697265625
0.575,2.8677978515625,-4.2591552734375,0.8658447265625
0.5755,3.3883056640625,-4.4193115234375,0.4654541015625
0.576,3.3883056640625,-3.7786865234375,-0.2952880859375
0.5765,3.7086181640625,-3.3782958984375,-0.8157958984375
0.577,3.8687744140625,-2.5775146484375,-1.7767333984375
0.5775,3.9888916015625,-2.0970458984375,-2.3773193359375
0.578,3.6685791015625,-1.2161865234375,-2.8978271484375
0.5785,3.6685791015625,-0.6556396484375,-3.3782958984375
0.579,2.8677978515625,0.3453369140625,-3.5384521484375
0.5795,2.5474853515625,1.0260009765625,-3.8988037109375
0.58,1.7867431640625,2.0670166015625,-4.1790771484375
0.5805,1.1861572265625,2.5074462890625,-3.9788818359375
0.581,0.5855712890625,3.1881103515625,-4.0189208984375
0.5815,-0.2552490234375,3.3883056640625,-3.4583740234375
0.582,-1.0560302734375,3.7086181640625,-2.9378662109375
0.5825,-2.0570068359375,3.9488525390625,-2.2171630859375
0.583,-2.8978271484375,4.1490478515625,-1.5765380859375
0.5835,-3.2581787109375,3.7486572265625,-0.8157958984375
0.584,-3.8187255859375,3.8287353515625,-0.4954833984375
0.5845,-3.8187255859375,3.0679931640625,0.3853759765625
0.585,-4.1390380859375,2.7076416015625,1.0260009765625
0.5855,-4.3392333984375,1.8668212890625,2.0670166015625
0.586,-4.2591552734375,1.3062744140625,2.5474853515625
0.5865,-4.0589599609375,0.4654541015625,3.1480712890625
0.587,-3.6986083984375,-0.1751708984375,3.4283447265625
0.5875,-3.0579833984375,-1.0159912109375,3.5885009765625
0.588,-2.5374755859375,-1.8568115234375,3.8687744140625
0.5885,-1.8568115234375,-2.6976318359375,4.0289306640625
0.589,-1.1361083984375,-3.0579833984375,3.6685791015625
0.5895,-0.6956787109375,-3.6185302734375,3.7886962890625
0.59,0.1851806640625,-3.7386474609375,2.9879150390625
0.5905,0.9459228515625,-4.0989990234375,2.5875244140625
0.591,1.9468994140625,-4.2991943359375,1.8668212890625
0.5915,2.5474853515625,-4.3792724609375,1.3062744140625
0.592,2.8677978515625,-4.1390380859375,0.6656494140625
0.5925,3.1881103515625,-4.0189208984375,0.3453369140625
0.593,3.3482666015625,-3.3382568359375,-0.4954833984375
0.5935,3.5885009765625,-2.8978271484375,-1.1361083984375
0.594,3.8687744140625,-2.2572021484375,-2.0570068359375
0.5945,3.5885009765625,-1.5765380859375,-2.4573974609375
0.595,3.5885009765625,-0.9759521484375,-3.0579833984375
0.5955,2.9478759765625,-0.0950927734375,-3.2181396484375
0.596,2.5875244140625,0.6656494140625,-3.5784912109375
0.5965,1.9468994140625,1.5064697265625,-3.8187255859375
0.597,1.4263916015625,2.2271728515625,-3.9788818359375
0.5975,0.7056884765625,2.6275634765625,-3.6986083984375
0.598,0.3052978515625,3.1881103515625,-3.7786865234375
0.5985,-0.7757568359375,3.3082275390625,-2.8577880859375
0.599,-1.4964599609375,3.7086181640625,-2.5775146484375
0.5995,-2.5374755859375,3.8687744140625,-1.7366943359375
0.6,-3.0179443359375,3.7886962890625,-1.2161865234375
0.6005,-3.4583740234375,3.6685791015625,-0.6156005859375
0.601,-3.6986083984375,3.3482666015625,-0.0550537109375
0.6015,-3.8587646484375,2.7476806640625,0.7857666015625
0.602,-4.0989990234375,2.2271728515625,1.5064697265625
0.6025,-4.3392333984375,1.5865478515625,2.3472900390625
0.603,-3.9388427734375,0.7457275390625,2.7476806640625
0.6035,-4.0189208984375,0.1851806640625,3.3482666015625
0.604,-3.1781005859375,-0.7357177734375,3.3883056640625
0.6045,-2.8577880859375,-1.4564208984375,3.7886962890625
0.605,-2.0570068359375,-2.3773193359375,3.8687744140625
0.6055,-1.4964599609375,-2.9378662109375,3.8687744140625
0.606,-0.8157958984375,-3.3382568359375,3.6285400390625
0.6065,-0.2552490234375,-3.7386474609375,3.4283447265625
0.607,0.8258056640625,-3.9388427734375,2.5474853515625
0.6075,1.5465087890625,-4.2591552734375,2.1070556640625
0.608,2.4273681640625,-4.4593505859375,1.4263916015625
0.6085,2.7476806640625,-4.0989990234375,0.8258056640625
0.609,3.1881103515625,-4.1390380859375,0.4254150390625
0.6095,3.2681884765625,-3.4984130859375,-0.2952880859375
0.61,3.5484619140625,-3.0579833984375,-1.0159912109375
0.6105,3.6685791015625,-2.3372802734375,-1.8167724609375
0.611,3.8687744140625,-1.8568115234375,-2.4974365234375
0.6115,3.3482666015625,-0.9759521484375,-2.8577880859375
0.612,3.3482666015625,-0.3753662109375,-3.3382568359375
0.6125,2.4674072265625,0.6256103515625,-3.4183349609375
0.613,2.1871337890625,1.3062744140625,-3.8187255859375
0.6135,1.4263916015625,2.1871337890625,-3.8988037109375
0.614,0.8258056640625,2.6275634765625,-3.7786865234375
0.6145,0.2652587890625,3.1080322265625,-3.6585693359375
0.615,-0.5355224609375,3.3482666015625,-3.1781005859375
0.6155,-1.4964599609375,3.5885009765625,-2.4974365234375
0.616,-2.2972412109375,3.7886962890625,-1.8968505859375
0.6165,-3.0579833984375,3.9888916015625,-1.2562255859375
0.617,-3.3382568359375,3.5484619140625,-0.5755615234375
0.6175,-3.8187255859375,3.5885009765625,-0.1751708984375
0.618,-3.8187255859375,2.7476806640625,0.7056884765625
0.6185,-4.1790771484375,2.4273681640625,1.3863525390625
0.619,-4.2191162109375,1.5865478515625,2.2672119140625
0.6195,-4.2191162109375,0.9859619140625,2.8277587890625
0.62,-3.8187255859375,0.1451416015625,3.2281494140625
0.6205,-3.5384521484375,-0.4954833984375,3.5484619140625
0.621,-2.6976318359375,-1.5364990234375,3.7086181640625
0.6215,-2.2572021484375,-2.2171630859375,3.9488525390625
0.622,-1.5364990234375,-3.0579833984375,3.9888916015625
0.6225,-0.8157958984375,-3.4583740234375,3.7086181640625
0.623,-0.2952880859375,-3.8988037109375,3.5484619140625
0.6235,0.7857666015625,-4.1390380859375,2.7476806640625
0.624,1.6265869140625,-4.4593505859375,2.1470947265625
0.6245,2.4273681640625,-4.4193115234375,1.4664306640625
0.625,3.0679931640625,-4.4993896484375,0.9058837890625
0.6255,3.2681884765625,-3.9788818359375,0.2652587890625
0.626,3.6685791015625,-3.8988037109375,-0.2152099609375
0.6265,3.7086181640625,-2.9378662109375,-1.2562255859375
0.627,3.9088134765625,-2.4974365234375,-1.8968505859375
0.6275,3.9488525390625,-1.6566162109375,-2.7376708984375
0.628,3.7086181640625,-0.9359130859375,-3.1781005859375
0.6285,3.2681884765625,-0.1351318359375,-3.5384521484375
0.629,2.7476806640625,0.6656494140625,-3.7786865234375
0.6295,1.9468994140625,1.7066650390625,-3.9788818359375
0.63,1.4263916015625,2.2672119140625,-4.0189208984375
0.6305,0.7056884765625,3.0679931640625,-4.0989990234375
0.631,0.0250244140625,3.2681884765625,-3.5784912109375
0.6315,-0.6156005859375,3.7086181640625,-3.4183349609375
0.632,-1.8568115234375,3.8287353515625,-2.3773193359375
0.6325,-2.5775146484375,4.1090087890625,-1.8167724609375
0.633,-3.3382568359375,3.9888916015625,-0.9759521484375
0.6335,-3.8187255859375,3.8687744140625,-0.4954833984375
0.634,-3.9788818359375,3.3482666015625,0.2252197265625
0.6345,-4.1790771484375,3.0679931640625,0.7857666015625
0.635,-4.3392333984375,2.1070556640625,1.8668212890625
0.6355,-4.3392333984375,1.5865478515625,2.3873291015625
0.636,-4.4193115234375,0.8258056640625,3.1881103515625
0.6365,-3.9788818359375,0.0250244140625,3.5084228515625
0.637,-3.6585693359375,-0.7357177734375,3.8687744140625
0.6375,-2.8577880859375,-1.6966552734375,3.9888916015625
0.638,-2.1771240234375,-2.5775146484375,4.2291259765625
0.6385,-1.4163818359375,-3.1781005859375,4.0289306640625
0.639,-0.7757568359375,-3.8988037109375,4.1090087890625
0.6395,0.0250244140625,-4.0989990234375,3.4683837890625
0.64,0.6256103515625,-4.4993896484375,3.1881103515625
0.6405,1.9468994140625,-4.5794677734375,2.0670166015625
0.641,2.6676025390625,-4.7396240234375,1.5465087890625
0.6415,3.3482666015625,-4.6195068359375,0.7457275390625
0.642,3.7486572265625,-4.4193115234375,0.1451416015625
0.6425,3.9088134765625,-3.8988037109375,-0.4954833984375
0.643,4.0289306640625,-3.3382568359375,-1.2161865234375
0.6435,4.3092041015625,-2.4974365234375,-2.2972412109375
0.644,4.1090087890625,-1.7366943359375,-2.8177490234375
0.6445,4.1890869140625,-0.9759521484375,-3.6585693359375
0.645,3.4683837890625,0.0250244140625,-3.8187255859375
0.6455,3.1480712890625,0.7056884765625,-4.1790771484375
0.646,2.0670166015625,1.9068603515625,-4.2991943359375
0.6465,1.4664306640625,2.7076416015625,-4.4993896484375
0.647,0.6256103515625,3.2281494140625,-4.1390380859375
0.6475,0.0250244140625,3.8687744140625,-4.1790771484375
0.648,-0.9359130859375,3.9088134765625,-3.4183349609375
0.6485,-1.6966552734375,4.3492431640625,-2.8978271484375
0.649,-3.0579833984375,4.5093994140625,-1.7366943359375
0.6495,-3.6986083984375,4.3492431640625,-1.0159912109375
0.65,-4.3392333984375,4.1490478515625,-0.2552490234375
0.6505,-4.5394287109375,3.7486572265625,0.4654541015625
0.651,-4.6195068359375,3.1881103515625,1.1060791015625
0.6515,-4.6995849609375,2.3072509765625,1.9468994140625
0.652,-4.9398193359375,1.5465087890625,2.9879150390625
0.6525,-4.4593505859375,0.6256103515625,3.3883056640625
0.653,-4.4993896484375,-0.0950927734375,4.1490478515625
0.6535,-3.5784912109375,-1.0560302734375,4.1490478515625
0.654,-3.2181396484375,-1.6966552734375,4.4293212890625
0.6545,-2.0570068359375,-2.9378662109375,4.5093994140625
0.655,-1.4163818359375,-3.6986083984375,4.4693603515625
0.6555,-0.5355224609375,-4.1790771484375,4.0689697265625
0.656,0.0650634765625,-4.6595458984375,3.9088134765625
0.6565,0.9859619140625,-4.6595458984375,3.1480712890625
0.657,1.7867431640625,-4.8997802734375,2.5474853515625
0.6575,3.1480712890625,-5.0999755859375,1.4263916015625
0.658,3.5484619140625,-4.7796630859375,0.6656494140625
0.6585,4.1490478515625,-4.7396240234375,0.0650634765625
0.659,4.2691650390625,-4.0989990234375,-0.6556396484375
0.6595,4.4693603515625,-3.6185302734375,-1.2562255859375
0.66,4.5093994140625,-2.6175537109375,-2.3372802734375
0.6605,4.6695556640625,-1.9368896484375,-3.2581787109375
0.661,4.1490478515625,-0.8958740234375,-3.6986083984375
0.6615,4.1490478515625,-0.1751708984375,-4.3392333984375
0.662,3.1080322265625,0.9459228515625,-4.3392333984375
0.6625,2.7076416015625,1.5865478515625,-4.6195068359375
0.663,1.5465087890625,2.9078369140625,-4.8197021484375
0.6635,0.7857666015625,3.5084228515625,-4.6195068359375
0.664,-0.1351318359375,4.0689697265625,-4.3392333984375
0.6645,-0.8157958984375,4.4693603515625,-3.9388427734375
0.665,-1.7767333984375,4.5494384765625,-3.0579833984375
0.6655,-2.7777099609375,4.7095947265625,-2.2572021484375
0.666,-4.0989990234375,4.9498291015625,-1.1361083984375
0.6665,-4.4193115234375,4.3492431640625,-0.2952880859375
0.667,-4.9798583984375,4.3492431640625,0.3853759765625
0.6675,-4.9798583984375,3.3883056640625,1.1861572265625
0.668,-5.0599365234375,2.7877197265625,1.9068603515625
0.6685,-5.0999755859375,1.7066650390625,2.9478759765625
0.669,-5.0999755859375,0.9058837890625,3.8287353515625
0.6695,-4.4193115234375,-0.1751708984375,4.1490478515625
0.67,-4.3392333984375,-0.8558349609375,4.6295166015625
0.6705,-3.1781005859375,-1.8968505859375,4.5093994140625
0.671,-2.6175537109375,-2.6175537109375,4.6295166015625
0.6715,-1.4964599609375,-3.8988037109375,4.7896728515625
0.672,-0.6556396484375,-4.2991943359375,4.3092041015625
0.6725,0.0250244140625,-4.7396240234375,4.1490478515625
0.673,0.8258056640625,-4.8997802734375,3.5084228515625
0.6735,1.7467041015625,-4.9798583984375,2.7076416015625
0.674,2.7476806640625,-5.0999755859375,1.7867431640625
0.6745,3.7886962890625,-5.2601318359375,0.9459228515625
0.675,3.9888916015625,-4.5794677734375,0.1051025390625
0.6755,4.5093994140625,-4.6195068359375,-0.3353271484375
0.676,4.4293212890625,-3.6585693359375,-1.2562255859375
0.6765,4.5093994140625,-3.1380615234375,-1.8968505859375
0.677,4.6695556640625,-2.0970458984375,-3.0579833984375
0.6775,4.5093994140625,-1.3363037109375,-3.6185302734375
0.678,4.0289306640625,-0.2952880859375,-4.1390380859375
0.6785,3.7086181640625,0.4254150390625,-4.4993896484375
0.679,2.7476806640625,1.3863525390625,-4.4993896484375
0.6795,2.1871337890625,2.1871337890625,-4.6595458984375
0.68,1.1461181640625,3.3482666015625,-4.8997802734375
0.6805,0.2652587890625,3.8287353515625,-4.2991943359375
0.681,-0.3753662109375,4.3892822265625,-4.2991943359375
0.6815,-1.4163818359375,4.5093994140625,-3.3782958984375
0.682,-2.2972412109375,4.6695556640625,-2.6976318359375
0.6825,-3.4183349609375,4.7896728515625,-1.6566162109375
0.683,-4.3392333984375,4.8297119140625,-0.8157958984375
0.6835,-4.5394287109375,4.1490478515625,0.0650634765625
0.684,-4.9798583984375,4.0689697265625,0.5855712890625
0.6845,-4.8997802734375,2.9078369140625,1.5865478515625
0.685,-5.0198974609375,2.3873291015625,2.2672119140625
0.6855,-5.0999755859375,1.3062744140625,3.3883056640625
0.686,-4.7396240234375,0.4254150390625,3.8687744140625
0.6865,-4.3392333984375,-0.4954833984375,4.3492431640625
0.687,-3.7786865234375,-1.2962646484375,4.5093994140625
0.6875,-2.7376708984375,-2.3372802734375,4.5093994140625
0.688,-2.0970458984375,-3.1380615234375,4.5093994140625
0.6885,-1.1761474609375,-4.0589599609375,4.6295166015625
0.689,-0.2952880859375,-4.2991943359375,3.9488525390625
0.6895,0.2652587890625,-4.7796630859375,3.9088134765625
0.69,1.4263916015625,-4.7796630859375,2.8277587890625
0.6905,2.0670166015625,-4.9398193359375,2.2672119140625
0.691,3.1480712890625,-4.9798583984375,1.3062744140625
0.6915,3.7086181640625,-4.8197021484375,0.6256103515625
0.692,3.9488525390625,-4.3392333984375,-0.1351318359375
0.6925,4.1890869140625,-4.1390380859375,-0.5755615234375
0.693,4.1890869140625,-3.1781005859375,-1.5364990234375
0.6935,4.2691650390625,-2.5775146484375,-2.0970458984375
0.694,4.5093994140625,-1.7767333984375,-3.1781005859375
0.6945,3.9088134765625,-0.8958740234375,-3.4583740234375
0.695,3.8287353515625,-0.2152099609375,-4.0589599609375
0.6955,2.9478759765625,0.7056884765625,-4.0989990234375
0.696,2.4273681640625,1.5465087890625,-4.3392333984375
0.6965,1.6265869140625,2.4273681640625,-4.3792724609375
0.697,0.9459228515625,3.2281494140625,-4.4593505859375
0.6975,0.1051025390625,3.5484619140625,-3.8988037109375
0.698,-0.4554443359375,4.0689697265625,-3.8988037109375
0.6985,-1.6165771484375,4.1090087890625,-2.7777099609375
0.699,-2.3372802734375,4.3892822265625,-2.3372802734375
0.6995,-3.4583740234375,4.4693603515625,-1.3363037109375
0.7,-3.8587646484375,4.1890869140625,-0.6556396484375
0.7005,-4.2991943359375,3.9088134765625,0.0250244140625
0.701,-4.4593505859375,3.4683837890625,0.6256103515625
0.7015,-4.5794677734375,2.6275634765625,1.5865478515625
0.702,-4.6195068359375,1.9869384765625,2.2672119140625
0.7025,-4.8197021484375,1.2261962890625,3.1881103515625
0.703,-4.1790771484375,0.1851806640625,3.5084228515625
0.7035,-4.1790771484375,-0.4554443359375,4.1090087890625
0.704,-3.1380615234375,-1.5364990234375,4.0289306640625
0.7045,-2.6575927734375,-2.2572021484375,4.3492431640625
0.705,-1.7366943359375,-3.1380615234375,4.3092041015625
0.7055,-1.0159912109375,-3.6986083984375,4.1890869140625
0.706,-0.2952880859375,-4.0189208984375,3.7086181640625
0.7065,0.3453369140625,-4.4193115234375,3.4683837890625
0.707,1.5465087890625,-4.4993896484375,2.3873291015625
0.7075,2.1871337890625,-4.6195068359375,1.9068603515625
0.708,3.0679931640625,-4.6595458984375,1.1060791015625
0.7085,3.3082275390625,-4.2591552734375,0.4654541015625
0.709,3.7086181640625,-4.1390380859375,0.0250244140625
0.7095,3.7086181640625,-3.4183349609375,-0.7757568359375
0.71,3.9088134765625,-2.8577880859375,-1.5364990234375
0.7105,3.9088134765625,-2.0970458984375,-2.2572021484375
0.711,4.0289306640625,-1.5765380859375,-2.8978271484375
0.7115,3.4283447265625,-0.6556396484375,-3.1781005859375
0.712,3.3482666015625,-0.1351318359375,-3.6986083984375
0.7125,2.3873291015625,0.9459228515625,-3.6986083984375
0.713,2.1470947265625,1.5865478515625,-4.0189208984375
0.7135,1.3463134765625,2.4273681640625,-4.0989990234375
0.714,0.7056884765625,2.8677978515625,-3.8587646484375
0.7145,0.1051025390625,3.3082275390625,-3.6986083984375
0.715,-0.6556396484375,3.5484619140625,-3.1781005859375
0.7155,-1.6566162109375,3.8687744140625,-2.4974365234375
0.716,-2.4173583984375,3.9888916015625,-1.8968505859375
0.7165,-3.1781005859375,4.1490478515625,-1.2562255859375
0.717,-3.4984130859375,3.7086181640625,-0.5755615234375
0.7175,-3.9388427734375,3.7086181640625,-0.1351318359375
0.718,-3.9788818359375,2.8277587890625,0.7857666015625
0.7185,-4.3392333984375,2.5074462890625,1.4263916015625
0.719,-4.3392333984375,1.5865478515625,2.2672119140625
0.7195,-4.3792724609375,1.0260009765625,2.8677978515625
0.72,-3.8988037109375,0.1451416015625,3.2681884765625
0.7205,-3.6986083984375,-0.4554443359375,3.6685791015625
0.721,-2.7777099609375,-1.5364990234375,3.8287353515625
0.7215,-2.4173583984375,-2.2171630859375,4.0289306640625
0.722,-1.6165771484375,-3.0579833984375,4.0689697265625
0.7225,-0.9759521484375,-3.4183349609375,3.7886962890625
0.723,-0.3353271484375,-3.8587646484375,3.6285400390625
0.7235,0.6656494140625,-4.0189208984375,2.8277587890625
0.724,1.5465087890625,-4.3792724609375,2.2672119140625
0.7245,2.2672119140625,-4.3792724609375,1.5465087890625
0.725,2.8677978515625,-4.4593505859375,1.0260009765625
0.7255,3.0679931640625,-3.9788818359375,0.3853759765625
0.726,3.4283447265625,-3.8587646484375,0.0250244140625
0.7265,3.5484619140625,-2.9779052734375,-1.0159912109375
0.727,3.7486572265625,-2.6175537109375,-1.6165771484375
0.7275,3.8287353515625,-1.8968505859375,-2.4173583984375
0.728,3.5885009765625,-1.2161865234375,-2.8577880859375
0.7285,3.2281494140625,-0.4154052734375,-3.2181396484375
0.729,2.7476806640625,0.3453369140625,-3.4583740234375
0.7295,2.1470947265625,1.2662353515625,-3.7786865234375
0.73,1.6666259765625,1.8668212890625,-3.8187255859375
0.7305,1.0260009765625,2.5474853515625,-3.8988037109375
0.731,0.3853759765625,2.8677978515625,-3.5384521484375
0.7315,-0.1751708984375,3.3482666015625,-3.4583740234375
0.732,-1.2562255859375,3.4683837890625,-2.4974365234375
0.7325,-1.9769287109375,3.8287353515625,-2.0970458984375
0.733,-2.7376708984375,3.7886962890625,-1.3363037109375
0.7335,-3.1781005859375,3.7886962890625,-0.9359130859375
0.734,-3.4984130859375,3.3883056640625,-0.2952880859375
0.7345,-3.7386474609375,2.9879150390625,0.1051025390625
0.735,-3.9788818359375,2.3873291015625,1.1461181640625
0.7355,-4.0989990234375,1.9068603515625,1.7467041015625
0.736,-4.2591552734375,1.2662353515625,2.5875244140625
0.7365,-3.8587646484375,0.5054931640625,2.9078369140625
0.737,-3.7786865234375,-0.1751708984375,3.4683837890625
0.7375,-2.9378662109375,-1.0960693359375,3.5484619140625
0.738,-2.5374755859375,-1.9368896484375,3.9488525390625
0.7385,-1.8568115234375,-2.5775146484375,3.8687744140625
0.739,-1.2962646484375,-3.1781005859375,3.9888916015625
0.7395,-0.5755615234375,-3.4984130859375,3.5084228515625
0.74,0.1051025390625,-3.9388427734375,3.2681884765625
0.7405,1.2662353515625,-4.1390380859375,2.3072509765625
0.741,1.9468994140625,-4.3792724609375,1.9068603515625
0.7415,2.6275634765625,-4.3392333984375,1.1861572265625
0.742,2.9879150390625,-4.1390380859375,0.6656494140625
0.7425,3.3482666015625,-3.8587646484375,0.1051025390625
0.743,3.4683837890625,-3.3382568359375,-0.6156005859375
0.7435,3.7886962890625,-2.7777099609375,-1.5364990234375
0.744,3.7086181640625,-2.0570068359375,-2.0970458984375
0.7445,3.8687744140625,-1.4564208984375,-2.8577880859375
0.745,3.1881103515625,-0.5755615234375,-3.0579833984375
0.7455,3.1080322265625,0.0250244140625,-3.5384521484375
0.746,2.1871337890625,1.1060791015625,-3.6185302734375
0.7465,1.8668212890625,1.7867431640625,-3.9388427734375
0.747,1.1060791015625,2.4273681640625,-3.8187255859375
0.7475,0.5855712890625,2.9078369140625,-3.7786865234375
0.748,-0.1351318359375,3.1480712890625,-3.2982177734375
0.7485,-0.9759521484375,3.5084228515625,-2.8577880859375
0.749,-2.0169677734375,3.7486572265625,-2.0570068359375
0.7495,-2.5775146484375,3.7886962890625,-1.5364990234375
0.75,-3.2181396484375,3.8287353515625,-0.9359130859375
0.7505,-3.4583740234375,3.3482666015625,-0.3353271484375
0.751,-3.8187255859375,3.1881103515625,0.1451416015625
0.7515,-3.8587646484375,2.4273681640625,1.0260009765625
0.752,-4.1790771484375,1.9869384765625,1.7867431640625
0.7525,-4.0589599609375,1.2662353515625,2.4273681640625
0.753,-4.1790771484375,0.7056884765625,3.0679931640625
0.7535,-3.5384521484375,-0.2152099609375,3.2681884765625
0.754,-3.3382568359375,-0.7757568359375,3.6685791015625
0.7545,-2.4173583984375,-1.9368896484375,3.8287353515625
0.755,-2.0169677734375,-2.4974365234375,3.9488525390625
0.7555,-1.2562255859375,-3.1781005859375,3.8687744140625
0.756,-0.6556396484375,-3.5784912109375,3.6685791015625
0.7565,0.0650634765625,-3.8988037109375,3.2681884765625
0.757,1.0260009765625,-4.1390380859375,2.5875244140625
0.7575,2.0670166015625,-4.4993896484375,1.9068603515625
0.758,2.5474853515625,-4.3392333984375,1.2662353515625
0.7585,3.1881103515625,-4.4993896484375,0.7056884765625
0.759,3.3082275390625,-3.8988037109375,0.0650634765625
0.7595,3.6285400390625,-3.6986083984375,-0.4954833984375
0.76,3.8287353515625,-2.7376708984375,-1.5364990234375
0.7605,3.9888916015625,-2.2572021484375,-2.2171630859375
0.761,3.7886962890625,-1.3763427734375,-2.8577880859375
0.7615,3.6685791015625,-0.7357177734375,-3.3382568359375
0.762,2.9879150390625,0.1851806640625,-3.5384521484375
0.7625,2.5474853515625,0.9459228515625,-3.8587646484375
0.763,1.7867431640625,2.0670166015625,-4.1390380859375
0.7635,1.1461181640625,2.5074462890625,-3.9788818359375
0.764,0.5054931640625,3.1881103515625,-3.9788818359375
0.7645,-0.2552490234375,3.4683837890625,-3.4984130859375
0.765,-0.9759521484375,3.7886962890625,-3.1380615234375
0.7655,-2.0970458984375,3.9488525390625,-2.1771240234375
0.766,-3.0579833984375,4.1490478515625,-1.4564208984375
0.7665,-3.4583740234375,3.7886962890625,-0.6956787109375
0.767,-3.9788818359375,3.8287353515625,-0.2552490234375
0.7675,-3.9788818359375,3.0679931640625,0.5054931640625
0.768,-4.1790771484375,2.7076416015625,1.0660400390625
0.7685,-4.4193115234375,1.8668212890625,2.1871337890625
0.769,-4.3392333984375,1.2261962890625,2.7076416015625
0.7695,-4.1790771484375,0.3853759765625,3.3482666015625
0.77,-3.8187255859375,-0.2952880859375,3.6685791015625
0.7705,-3.2181396484375,-1.0960693359375,3.8687744140625
0.771,-2.5775146484375,-1.9368896484375,3.9888916015625
0.7715,-1.8568115234375,-2.9378662109375,4.2291259765625
0.772,-1.0960693359375,-3.3382568359375,3.8687744140625
0.7725,-0.5755615234375,-4.0189208984375,3.9888916015625
0.773,0.3052978515625,-4.1390380859375,3.2681884765625
0.7735,0.9859619140625,-4.4193115234375,2.8677978515625
0.774,2.2271728515625,-4.6195068359375,1.8668212890625
0.7745,2.9478759765625,-4.7396240234375,1.2261962890625
0.775,3.4283447265625,-4.4593505859375,0.4654541015625
0.7755,3.8687744140625,-4.2191162109375,0.0250244140625
0.776,3.8687744140625,-3.6185302734375,-0.7757568359375
0.7765,3.9888916015625,-3.0579833984375,-1.4564208984375
0.777,4.3092041015625,-2.2572021484375,-2.5775146484375
0.7775,3.9888916015625,-1.4163818359375,-3.0179443359375
0.778,3.9488525390625,-0.6556396484375,-3.6986083984375
0.7785,3.2681884765625,0.2652587890625,-3.8587646484375
0.779,2.7877197265625,0.9859619140625,-4.1390380859375
0.7795,1.9468994140625,2.0269775390625,-4.2991943359375
0.78,1.2261962890625,2.9478759765625,-4.4993896484375
0.7805,0.3453369140625,3.3482666015625,-3.9788818359375
0.781,-0.1351318359375,3.9488525390625,-4.0989990234375
0.7815,-1.1761474609375,3.9888916015625,-3.1380615234375
0.782,-1.9368896484375,4.3092041015625,-2.6175537109375
0.7825,-3.2581787109375,4.4693603515625,-1.5765380859375
0.783,-3.8587646484375,4.2691650390625,-0.7757568359375
0.7835,-4.3392333984375,3.9088134765625,-0.0950927734375
0.784,-4.5794677734375,3.6685791015625,0.5455322265625
0.7845,-4.5794677734375,2.8677978515625,1.3463134765625
0.785,-4.6595458984375,2.1871337890625,2.1070556640625
0.7855,-4.9398193359375,1.3062744140625,3.2681884765625
0.786,-4.3392333984375,0.3052978515625,3.5885009765625
0.7865,-4.3792724609375,-0.3753662109375,4.2291259765625
0.787,-3.4183349609375,-1.3363037109375,4.2291259765625
0.7875,-2.8577880859375,-2.0970458984375,4.4293212890625
0.788,-1.8568115234375,-3.1781005859375,4.5093994140625
0.7885,-1.0960693359375,-3.9788818359375,4.5093994140625
0.789,-0.2552490234375,-4.2591552734375,3.9088134765625
0.7895,0.3453369140625,-4.7396240234375,3.8687744140625
0.79,1.4664306640625,-4.7796630859375,2.7076416015625
0.7905,2.1871337890625,-4.9798583984375,2.1871337890625
0.791,3.4683837890625,-5.1400146484375,1.1060791015625
0.7915,3.8287353515625,-4.7396240234375,0.3453369140625
0.792,4.1890869140625,-4.4993896484375,-0.2552490234375
0.7925,4.3492431640625,-3.8587646484375,-0.9759521484375
0.793,4.4293212890625,-3.1380615234375,-1.7767333984375
0.7935,4.4293212890625,-2.2972412109375,-2.5775146484375
0.794,4.6295166015625,-1.5364990234375,-3.5384521484375
0.7945,3.9088134765625,-0.4954833984375,-3.8587646484375
0.795,3.8687744140625,0.1451416015625,-4.4193115234375
0.7955,2.7076416015625,1.3062744140625,-4.3792724609375
0.796,2.2672119140625,2.0269775390625,-4.5794677734375
0.7965,1.2662353515625,3.1480712890625,-4.6595458984375
0.797,0.4654541015625,3.7886962890625,-4.4993896484375
0.7975,-0.3353271484375,4.1090087890625,-4.0189208984375
0.798,-1.0960693359375,4.5093994140625,-3.6986083984375
0.7985,-2.2972412109375,4.5093994140625,-2.5374755859375
0.799,-3.0579833984375,4.6295166015625,-1.9368896484375
0.7995,-4.2991943359375,4.7896728515625,-0.9759521484375
0.8,-4.4993896484375,4.2291259765625,0.0250244140625
0.8005,-4.9798583984375,4.0689697265625,0.5455322265625
0.801,-5.0198974609375,3.1881103515625,1.4664306640625
0.8015,-5.0999755859375,2.4273681640625,2.3072509765625
0.802,-5.0599365234375,1.4664306640625,3.1881103515625
0.8025,-5.0999755859375,0.6256103515625,4.0689697265625
0.803,-4.2991943359375,-0.4954833984375,4.3092041015625
0.8035,-4.1790771484375,-1.0960693359375,4.7896728515625
0.804,-2.8177490234375,-2.4173583984375,4.6695556640625
0.8045,-2.2572021484375,-3.0980224609375,4.7896728515625
0.805,-1.1761474609375,-4.1390380859375,4.7095947265625
0.8055,-0.2952880859375,-4.6195068359375,4.3492431640625
0.806,0.4654541015625,-4.8997802734375,3.8687744140625
0.8065,1.3863525390625,-5.2601318359375,3.2281494140625
0.807,2.5875244140625,-5.2601318359375,2.0670166015625
0.8075,3.1881103515625,-5.1800537109375,1.3463134765625
0.808,4.1490478515625,-5.1800537109375,0.5054931640625
0.8085,4.3092041015625,-4.4993896484375,-0.2952880859375
0.809,4.6295166015625,-4.3392333984375,-0.7757568359375
0.8095,4.6295166015625,-3.1781005859375,-1.8968505859375
0.81,4.6295166015625,-2.5374755859375,-2.5775146484375
0.8105,4.5494384765625,-1.5765380859375,-3.4183349609375
0.811,4.4693603515625,-0.8157958984375,-4.0589599609375
0.8115,3.6285400390625,0.2652587890625,-4.2591552734375
0.812,3.3482666015625,0.9058837890625,-4.6195068359375
0.8125,2.1070556640625,2.1871337890625,-4.6195068359375
0.813,1.6265869140625,2.7476806640625,-4.6595458984375
0.8135,0.6256103515625,3.7086181640625,-4.6195068359375
0.814,-0.1751708984375,4.1090087890625,-4.1390380859375
0.8145,-0.8558349609375,4.3892822265625,-3.8587646484375
0.815,-1.9368896484375,4.5494384765625,-2.9378662109375
0.8155,-3.0179443359375,4.7095947265625,-2.0970458984375
0.816,-3.6986083984375,4.6295166015625,-1.2562255859375
0.8165,-4.5394287109375,4.6695556640625,-0.4954833984375
0.817,-4.6595458984375,3.9088134765625,0.3453369140625
0.8175,-5.0198974609375,3.8287353515625,0.8258056640625
0.818,-5.0198974609375,2.5474853515625,2.0670166015625
0.8185,-5.0999755859375,1.9869384765625,2.7076416015625
0.819,-4.9798583984375,0.9859619140625,3.6285400390625
0.8195,-4.8197021484375,0.1451416015625,4.1890869140625
0.82,-4.0989990234375,-0.8958740234375,4.4693603515625
0.8205,-3.6585693359375,-1.6165771484375,4.7095947265625
0.821,-2.4173583984375,-2.9378662109375,4.7896728515625
0.8215,-1.7767333984375,-3.5384521484375,4.6695556640625
0.822,-0.7757568359375,-4.4193115234375,4.5894775390625
0.8225,0.1051025390625,-4.6995849609375,3.9888916015625
0.823,0.7857666015625,-5.0599365234375,3.6285400390625
0.8235,1.9869384765625,-5.1400146484375,2.5074462890625
0.824,2.9478759765625,-5.2200927734375,1.7467041015625
0.8245,3.5484619140625,-4.9798583984375,0.8658447265625
0.825,4.1890869140625,-4.8997802734375,0.1851806640625
0.8255,4.2291259765625,-4.1390380859375,-0.6156005859375
0.826,4.5093994140625,-3.8587646484375,-1.0960693359375
0.8265,4.5093994140625,-2.6175537109375,-2.2972412109375
0.827,4.4693603515625,-2.0570068359375,-2.8177490234375
0.8275,4.3492431640625,-1.1361083984375,-3.6185302734375
0.828,3.8687744140625,-0.2952880859375,-3.9788818359375
0.8285,3.3082275390625,0.5855712890625,-4.2191162109375
0.829,2.6275634765625,1.3863525390625,-4.3392333984375
0.8295,1.7867431640625,2.4674072265625,-4.5394287109375
0.83,1.1461181640625,2.9078369140625,-4.3392333984375
0.8305,0.3853759765625,3.6685791015625,-4.3792724609375
0.831,-0.4954833984375,3.8287353515625,-3.6986083984375
0.8315,-1.0960693359375,4.1490478515625,-3.5384521484375
0.832,-2.3372802734375,4.3092041015625,-2.2572021484375
0.8325,-3.0579833984375,4.5093994140625,-1.7366943359375
0.833,-3.7786865234375,4.2291259765625,-0.8558349609375
0.8335,-4.2191162109375,4.1490478515625,-0.2952880859375
0.834,-4.3392333984375,3.5484619140625,0.4654541015625
0.8345,-4.5394287109375,3.1881103515625,0.9859619140625
0.835,-4.7396240234375,2.2271728515625,2.1470947265625
0.8355,-4.6595458984375,1.5865478515625,2.6676025390625
0.836,-4.7396240234375,0.7857666015625,3.5484619140625
0.8365,-4.1390380859375,-0.1351318359375,3.8287353515625
0.837,-3.8187255859375,-0.8958740234375,4.1890869140625
0.8375,-2.8978271484375,-1.8968505859375,4.2691650390625
0.838,-2.2572021484375,-2.8577880859375,4.5093994140625
0.8385,-1.4564208984375,-3.3782958984375,4.2291259765625
0.839,-0.7757568359375,-4.1390380859375,4.3092041015625
0.8395,0.1051025390625,-4.3392333984375,3.5484619140625
0.84,0.7857666015625,-4.6595458984375,3.3082275390625
0.8405,2.1070556640625,-4.8197021484375,2.1070556640625
0.841,2.7476806640625,-4.8997802734375,1.5865478515625
0.8415,3.4283447265625,-4.6995849609375,0.7457275390625
0.842,3.7486572265625,-4.4593505859375,0.1851806640625
0.8425,3.9088134765625,-3.8988037109375,-0.4954833984375
0.843,4.0289306640625,-3.2581787109375,-1.2562255859375
0.8435,4.3092041015625,-2.4974365234375,-2.2572021484375
0.844,3.9888916015625,-1.7767333984375,-2.6976318359375
0.8445,4.1090087890625,-1.0159912109375,-3.5384521484375
0.845,3.3082275390625,-0.0950927734375,-3.6185302734375
0.8455,3.0679931640625,0.5855712890625,-3.9788818359375
0.846,2.0269775390625,1.6666259765625,-4.0189208984375
0.8465,1.5865478515625,2.2672119140625,-4.2991943359375
0.847,0.7857666015625,2.8277587890625,-3.9788818359375
0.8475,0.2652587890625,3.3482666015625,-3.9788818359375
0.848,-0.5755615234375,3.5484619140625,-3.2581787109375
0.8485,-1.2962646484375,3.8687744140625,-2.8577880859375
0.849,-2.4173583984375,4.0289306640625,-1.9368896484375
0.8495,-2.8978271484375,3.9888916015625,-1.4163818359375
0.85,-3.5784912109375,3.9888916015625,-0.7757568359375
0.8505,-3.7386474609375,3.5484619140625,-0.1751708984375
0.851,-4.0189208984375,3.2681884765625,0.3853759765625
0.8515,-4.0989990234375,2.5074462890625,1.2662353515625
0.852,-4.4193115234375,1.9869384765625,1.9869384765625
0.8525,-4.1790771484375,1.2261962890625,2.5474853515625
0.853,-4.3392333984375,0.7056884765625,3.1881103515625
0.8535,-3.6185302734375,-0.2952880859375,3.4283447265625
0.854,-3.5384521484375,-0.8558349609375,3.8687744140625
0.8545,-2.4974365234375,-2.0570068359375,3.9888916015625
0.855,-2.1370849609375,-2.5775146484375,4.1090087890625
0.8555,-1.3363037109375,-3.3382568359375,3.9888916015625
0.856,-0.6956787109375,-3.6585693359375,3.8287353515625
0.8565,0.1051025390625,-3.9788818359375,3.3482666015625
0.857,0.9859619140625,-4.2591552734375,2.7076416015625
0.8575,2.0670166015625,-4.6195068359375,1.9869384765625
0.858,2.5074462890625,-4.4193115234375,1.3863525390625
0.8585,3.1881103515625,-4.5394287109375,0.8258056640625
0.859,3.3082275390625,-3.9788818359375,0.1451416015625
0.8595,3.6685791015625,-3.7386474609375,-0.4554443359375
0.86,3.7886962890625,-2.8577880859375,-1.4163818359375
0.8605,3.9888916015625,-2.4173583984375,-2.0970458984375
0.861,3.7886962890625,-1.5364990234375,-2.6976318359375
0.8615,3.7086181640625,-0.9359130859375,-3.2181396484375
0.862,2.9879150390625,0.0650634765625,-3.4183349609375
0.8625,2.6676025390625,0.6656494140625,-3.7786865234375
0.863,1.9068603515625,1.7867431640625,-4.0189208984375
0.8635,1.3062744140625,2.2271728515625,-3.8988037109375
0.864,0.7056884765625,2.9078369140625,-3.8988037109375
0.8645,0.0250244140625,3.1480712890625,-3.4583740234375
0.865,-0.6956787109375,3.5084228515625,-3.1380615234375
0.8655,-1.7767333984375,3.7086181640625,-2.2572021484375
0.866,-2.5775146484375,3.9888916015625,-1.6566162109375
0.8665,-3.0179443359375,3.6685791015625,-1.0159912109375
0.867,-3.5384521484375,3.7886962890625,-0.6156005859375
0.8675,-3.5784912109375,3.1480712890625,0.1451416015625
0.868,-3.8587646484375,2.8677978515625,0.6256103515625
0.8685,-4.0989990234375,2.0670166015625,1.6265869140625
0.869,-4.1390380859375,1.5865478515625,2.1470947265625
0.8695,-4.0989990234375,0.8258056640625,2.8277587890625
0.87,-3.8187255859375,0.1851806640625,3.1480712890625
0.8705,-3.3382568359375,-0.6156005859375,3.4683837890625
0.871,-2.7777099609375,-1.4163818359375,3.6685791015625
0.8715,-2.2572021484375,-2.3773193359375,3.9088134765625
0.872,-1.6165771484375,-2.6976318359375,3.7486572265625
0.8725,-1.0960693359375,-3.4183349609375,3.9088134765625
0.873,-0.2952880859375,-3.5784912109375,3.2681884765625
0.8735,0.4654541015625,-4.0189208984375,3.0279541015625
0.874,1.5865478515625,-4.2191162109375,2.1470947265625
0.8745,2.2271728515625,-4.4593505859375,1.6666259765625
0.875,2.7476806640625,-4.2591552734375,0.9859619140625
0.8755,3.1480712890625,-4.2191162109375,0.6256103515625
0.876,3.3482666015625,-3.6585693359375,-0.1751708984375
0.8765,3.5885009765625,-3.2181396484375,-0.8157958984375
0.877,3.9088134765625,-2.5374755859375,-1.8568115234375
0.8775,3.7086181640625,-1.9368896484375,-2.2972412109375
0.878,3.8287353515625,-1.2161865234375,-3.0579833984375
0.8785,3.1881103515625,-0.3753662109375,-3.2581787109375
0.879,2.8677978515625,0.3453369140625,-3.6585693359375
0.8795,2.1070556640625,1.3062744140625,-3.8587646484375
0.88,1.6265869140625,2.1070556640625,-4.0989990234375
0.8805,0.9058837890625,2.5875244140625,-3.7786865234375
0.881,0.4254150390625,3.1881103515625,-3.8587646484375
0.8815,-0.4954833984375,3.2681884765625,-3.0980224609375
0.882,-1.2562255859375,3.6685791015625,-2.6976318359375
0.8825,-2.4173583984375,3.9088134765625,-1.7767333984375
0.883,-2.8978271484375,3.8287353515625,-1.2562255859375
0.8835,-3.4583740234375,3.7086181640625,-0.6156005859375
0.884,-3.6185302734375,3.3883056640625,-0.1351318359375
0.8845,-3.8187255859375,2.8677978515625,0.5855712890625
0.885,-3.9788818359375,2.2672119140625,1.3062744140625
0.8855,-4.2991943359375,1.7066650390625,2.2271728515625
0.886,-3.8988037109375,0.9459228515625,2.5875244140625
0.8865,-4.0989990234375,0.3453369140625,3.2281494140625
0.887,-3.2581787109375,-0.5755615234375,3.3082275390625
0.8875,-3.0579833984375,-1.2161865234375,3.6685791015625
0.888,-2.2171630859375,-2.2171630859375,3.8687744140625
0.8885,-1.6966552734375,-2.7777099609375,3.9088134765625
0.889,-1.0159912109375,-3.2581787109375,3.7086181640625
0.8895,-0.4954833984375,-3.6986083984375,3.5885009765625
0.89,0.4254150390625,-3.8587646484375,2.9078369140625
0.8905,1.2662353515625,-4.2191162109375,2.4273681640625
0.891,2.2672119140625,-4.4993896484375,1.6666259765625
0.8915,2.6676025390625,-4.2191162109375,1.0260009765625
0.892,3.2681884765625,-4.3392333984375,0.5855712890625
0.8925,3.3482666015625,-3.7386474609375,-0.1351318359375
0.893,3.6685791015625,-3.3382568359375,-0.7757568359375
0.8935,3.8287353515625,-2.5775146484375,-1.6966552734375
0.894,4.0289306640625,-2.0570068359375,-2.4173583984375
0.8945,3.6285400390625,-1.2161865234375,-2.8978271484375
0.895,3.6285400390625,-0.6156005859375,-3.4583740234375
0.8955,2.7476806640625,0.3853759765625,-3.5384521484375
0.896,2.4674072265625,1.1461181640625,-3.8988037109375
0.8965,1.5865478515625,2.2271728515625,-4.1390380859375
0.897,0.9859619140625,2.7076416015625,-3.9788818359375
0.8975,0.3453369140625,3.2281494140625,-3.8587646484375
0.898,-0.4154052734375,3.5484619140625,-3.4183349609375
0.8985,-1.2962646484375,3.7486572265625,-2.6976318359375
0.899,-2.2572021484375,3.9888916015625,-2.0570068359375
0.8995,-3.2581787109375,4.2291259765625,-1.2962646484375
0.9,-3.5384521484375,3.7486572265625,-0.5755615234375
0.9005,-4.0189208984375,3.8287353515625,-0.1351318359375
0.901,-4.0189208984375,2.9478759765625,0.7457275390625
0.9015,-4.2991943359375,2.5474853515625,1.3463134765625
0.902,-4.4193115234375,1.6265869140625,2.3873291015625
0.9025,-4.4193115234375,0.9859619140625,2.9879150390625
0.903,-3.9788818359375,0.0650634765625,3.3883056640625
0.9035,-3.7786865234375,-0.5755615234375,3.7886962890625
0.904,-2.8577880859375,-1.4964599609375,3.8287353515625
0.9045,-2.4173583984375,-2.2171630859375,4.0689697265625
0.905,-1.5765380859375,-3.2181396484375,4.2291259765625
0.9055,-0.7757568359375,-3.5784912109375,3.8287353515625
0.906,-0.2952880859375,-4.0989990234375,3.7886962890625
0.9065,0.7056884765625,-4.2191162109375,2.9879150390625
0.907,1.5064697265625,-4.4993896484375,2.4273681640625
0.9075,2.4674072265625,-4.5794677734375,1.5865478515625
0.908,3.1881103515625,-4.6595458984375,0.9859619140625
0.9085,3.4283447265625,-4.1790771484375,0.2652587890625
0.909,3.8687744140625,-4.1790771484375,-0.1751708984375
0.9095,3.8687744140625,-3.2181396484375,-1.1361083984375
0.91,4.0289306640625,-2.7777099609375,-1.7366943359375
0.9105,4.2291259765625,-1.9368896484375,-2.8177490234375
0.911,3.9088134765625,-1.1761474609375,-3.2581787109375
0.9115,3.6685791015625,-0.3753662109375,-3.7786865234375
0.912,3.1480712890625,0.5054931640625,-3.9788818359375
0.9125,2.3072509765625,1.4664306640625,-4.1390380859375
0.913,1.7867431640625,2.2271728515625,-4.2991943359375
0.9135,0.9859619140625,3.1480712890625,-4.4193115234375
0.914,0.1451416015625,3.4683837890625,-3.8587646484375
0.9145,-0.3753662109375,3.9888916015625,-3.8587646484375
0.915,-1.6165771484375,4.0689697265625,-2.7376708984375
0.9155,-2.4173583984375,4.3092041015625,-2.2171630859375
0.916,-3.3782958984375,4.3492431640625,-1.2562255859375
0.9165,-3.9788818359375,4.2691650390625,-0.6156005859375
0.917,-4.2191162109375,3.7486572265625,0.1451416015625
0.9175,-4.5394287109375,3.5484619140625,0.6656494140625
0.918,-4.6195068359375,2.4674072265625,1.7867431640625
0.9185,-4.6595458984375,1.9068603515625,2.3472900390625
0.919,-4.8197021484375,0.9859619140625,3.3883056640625
0.9195,-4.3392333984375,0.0650634765625,3.7086181640625
0.92,-4.0589599609375,-0.6156005859375,4.1890869140625
0.9205,-3.1781005859375,-1.6165771484375,4.3492431640625
0.921,-2.4173583984375,-2.6175537109375,4.4693603515625
0.9215,-1.6165771484375,-3.3382568359375,4.3892822265625
0.922,-0.8157958984375,-4.1390380859375,4.3892822265625
0.9225,0.0250244140625,-4.3392333984375,3.7486572265625
0.923,0.6256103515625,-4.8197021484375,3.5885009765625
0.9235,1.9869384765625,-4.8597412109375,2.2672119140625
0.924,2.7076416015625,-4.9798583984375,1.7467041015625
0.9245,3.5885009765625,-4.8997802734375,0.7857666015625
0.925,4.0289306640625,-4.6595458984375,0.1451416015625
0.9255,4.1490478515625,-4.1390380859375,-0.5755615234375
0.926,4.3892822265625,-3.6185302734375,-1.2562255859375
0.9265,4.5093994140625,-2.6175537109375,-2.3773193359375
0.927,4.3492431640625,-1.9368896484375,-2.8978271484375
0.9275,4.4693603515625,-1.1361083984375,-3.8187255859375
0.928,3.7086181640625,-0.0550537109375,-4.0189208984375
0.9285,3.4283447265625,0.6256103515625,-4.4193115234375
0.929,2.3472900390625,1.7867431640625,-4.4993896484375
0.9295,1.6666259765625,2.6275634765625,-4.6195068359375
0.93,0.8258056640625,3.3482666015625,-4.4193115234375
0.9305,0.0650634765625,3.9888916015625,-4.3392333984375
0.931,-0.7757568359375,4.1490478515625,-3.6585693359375
0.9315,-1.4964599609375,4.5093994140625,-3.3382568359375
0.932,-2.8978271484375,4.5894775390625,-2.0169677734375
0.9325,-3.5384521484375,4.5894775390625,-1.4163818359375
0.933,-4.3392333984375,4.5093994140625,-0.4954833984375
0.9335,-4.6595458984375,4.1090087890625,0.2652587890625
0.934,-4.8197021484375,3.5885009765625,0.9058837890625
0.9345,-4.9398193359375,2.7877197265625,1.7467041015625
0.935,-5.0999755859375,1.9068603515625,2.7476806640625
0.9355,-4.8197021484375,1.0260009765625,3.2681884765625
0.936,-4.9398193359375,0.2652587890625,4.1890869140625
0.9365,-4.0989990234375,-0.7757568359375,4.3492431640625
0.937,-3.8187255859375,-1.4564208984375,4.7496337890625
0.9375,-2.4974365234375,-2.8177490234375,4.7896728515625
0.938,-1.8568115234375,-3.5784912109375,4.8297119140625
0.9385,-0.8958740234375,-4.2191162109375,4.5093994140625
0.939,-0.0950927734375,-4.8597412109375,4.3492431640625
0.9395,0.7857666015625,-4.9798583984375,3.5484619140625
0.94,1.6265869140625,-5.2601318359375,3.0279541015625
0.9405,3.1480712890625,-5.4202880859375,1.7467041015625
0.941,3.6685791015625,-5.1800537109375,0.9859619140625
0.9415,4.3892822265625,-5.0198974609375,0.1451416015625
0.942,4.6295166015625,-4.5394287109375,-0.7757568359375
0.9425,4.6695556640625,-3.9788818359375,-1.2562255859375
0.943,4.7496337890625,-2.9378662109375,-2.2972412109375
0.9435,4.8697509765625,-2.0570068359375,-3.2581787109375
0.944,4.3892822265625,-1.0960693359375,-3.7386474609375
0.9445,4.4293212890625,-0.2952880859375,-4.4993896484375
0.945,3.3482666015625,0.8258056640625,-4.4993896484375
0.9455,2.9879150390625,1.4263916015625,-4.7796630859375
0.946,1.6666259765625,2.8277587890625,-4.8197021484375
0.9465,1.0660400390625,3.4683837890625,-4.7396240234375
0.947,0.0650634765625,3.9888916015625,-4.3392333984375
0.9475,-0.6156005859375,4.5093994140625,-4.1390380859375
0.948,-1.4564208984375,4.5093994140625,-3.3382568359375
0.9485,-2.4173583984375,4.7496337890625,-2.5775146484375
0.949,-3.7386474609375,4.8697509765625,-1.4564208984375
0.9495,-4.1390380859375,4.5093994140625,-0.6556396484375
0.95,-4.8597412109375,4.4693603515625,0.1451416015625
0.9505,-4.8597412109375,3.6685791015625,0.8258056640625
0.951,-5.0198974609375,3.2281494140625,1.4263916015625
0.9515,-5.0599365234375,2.1470947265625,2.5074462890625
0.952,-5.1800537109375,1.4263916015625,3.3482666015625
0.9525,-4.6595458984375,0.4654541015625,3.8287353515625
0.953,-4.6595458984375,-0.2952880859375,4.5093994140625
0.9535,-3.6585693359375,-1.3763427734375,4.5093994140625
0.954,-3.2982177734375,-2.0169677734375,4.7896728515625
0.9545,-2.0169677734375,-3.3782958984375,4.8697509765625
0.955,-1.3363037109375,-3.8988037109375,4.6695556640625
0.9555,-0.4554443359375,-4.5794677734375,4.4293212890625
0.956,0.3853759765625,-4.9798583984375,3.9888916015625
0.9565,1.2662353515625,-5.0999755859375,3.2681884765625
0.957,2.2672119140625,-5.2601318359375,2.4273681640625
0.9575,3.5484619140625,-5.4603271484375,1.3863525390625
0.958,3.8687744140625,-4.9798583984375,0.4654541015625
0.9585,4.5494384765625,-4.9798583984375,-0.1351318359375
0.959,4.5093994140625,-4.0989990234375,-0.9759521484375
0.9595,4.6695556640625,-3.5784912109375,-1.5765380859375
0.96,4.7896728515625,-2.4173583984375,-2.7777099609375
0.9605,4.7496337890625,-1.6566162109375,-3.5384521484375
0.961,4.1890869140625,-0.6156005859375,-3.9788818359375
0.9615,3.9888916015625,0.1451416015625,-4.4993896484375
0.962,2.9478759765625,1.1861572265625,-4.4593505859375
0.9625,2.4273681640625,1.9468994140625,-4.6195068359375
0.963,1.3463134765625,3.1881103515625,-4.8197021484375
0.9635,0.5455322265625,3.5484619140625,-4.3792724609375
0.964,-0.2152099609375,4.1490478515625,-4.2191162109375
0.9645,-1.0159912109375,4.3092041015625,-3.5784912109375
0.965,-1.8167724609375,4.4693603515625,-2.9378662109375
0.9655,-2.8978271484375,4.5494384765625,-1.9368896484375
0.966,-3.8988037109375,4.6295166015625,-1.1361083984375
0.9665,-4.1790771484375,4.0289306640625,-0.2952880859375
0.967,-4.6995849609375,4.0689697265625,0.2252197265625
0.9675,-4.6195068359375,3.1881103515625,1.0260009765625
0.968,-4.7796630859375,2.7476806640625,1.5865478515625
0.9685,-4.8997802734375,1.6666259765625,2.7877197265625
0.969,-4.7396240234375,1.0260009765625,3.2281494140625
0.9695,-4.4593505859375,0.1051025390625,3.8687744140625
0.97,-4.0989990234375,-0.6156005859375,4.1490478515625
0.9705,-3.2581787109375,-1.5364990234375,4.2291259765625
0.971,-2.6575927734375,-2.2972412109375,4.4293212890625
0.9715,-1.8167724609375,-3.3782958984375,4.6295166015625
0.972,-1.0159912109375,-3.6986083984375,4.1090087890625
0.9725,-0.4154052734375,-4.4593505859375,4.2291259765625
0.973,0.5455322265625,-4.4993896484375,3.3883056640625
0.9735,1.3062744140625,-4.8197021484375,2.9478759765625
0.974,2.5074462890625,-4.9798583984375,1.9468994140625
0.9745,3.2281494140625,-5.0599365234375,1.2261962890625
0.975,3.6685791015625,-4.6195068359375,0.4254150390625
0.9755,4.0689697265625,-4.4993896484375,-0.0550537109375
0.976,4.1490478515625,-3.6986083984375,-0.9759521484375
0.9765,4.3092041015625,-3.1781005859375,-1.6165771484375
0.977,4.5494384765625,-2.2572021484375,-2.7777099609375
0.9775,4.1890869140625,-1.4564208984375,-3.1781005859375
0.978,4.0689697265625,-0.6156005859375,-3.8587646484375
0.9785,3.3482666015625,0.3052978515625,-4.0189208984375
0.979,2.7877197265625,1.1060791015625,-4.2191162109375
0.9795,1.9869384765625,2.0670166015625,-4.3792724609375
0.98,1.2662353515625,2.9478759765625,-4.4993896484375
0.9805,0.3853759765625,3.2681884765625,-3.9788818359375
0.981,-0.1351318359375,3.8687744140625,-4.0189208984375
0.9815,-1.1361083984375,3.8687744140625,-3.0579833984375
0.982,-1.8968505859375,4.1490478515625,-2.6175537109375
0.9825,-3.0579833984375,4.3092041015625,-1.5765380859375
0.983,-3.6585693359375,4.0289306640625,-0.9759521484375
0.9835,-3.9788818359375,3.8687744140625,-0.2552490234375
0.984,-4.1790771484375,3.5484619140625,0.3052978515625
0.9845,-4.2191162109375,2.8277587890625,1.0260009765625
0.985,-4.3392333984375,2.2271728515625,1.7467041015625
0.9855,-4.6195068359375,1.5064697265625,2.7076416015625
0.986,-4.1390380859375,0.6656494140625,3.0279541015625
0.9865,-4.2191162109375,0.1051025390625,3.7086181640625
0.987,-3.3382568359375,-0.7757568359375,3.6685791015625
0.9875,-3.0579833984375,-1.4564208984375,3.9888916015625
0.988,-2.1771240234375,-2.4974365234375,4.0689697265625
0.9885,-1.6165771484375,-3.0579833984375,4.1490478515625
0.989,-0.8958740234375,-3.5384521484375,3.8287353515625
0.9895,-0.3753662109375,-3.9788818359375,3.7486572265625
0.99,0.6256103515625,-4.1390380859375,2.9078369140625
0.9905,1.3463134765625,-4.4993896484375,2.5074462890625
0.991,2.4674072265625,-4.7796630859375,1.5865478515625
0.9915,2.8277587890625,-4.4193115234375,1.1060791015625
0.992,3.3883056640625,-4.4193115234375,0.5455322265625
0.9925,3.5084228515625,-3.8988037109375,-0.1351318359375
0.993,3.8287353515625,-3.4583740234375,-0.8157958984375
0.9935,3.9088134765625,-2.6976318359375,-1.6966552734375
0.994,4.1890869140625,-2.1771240234375,-2.5374755859375
0.9945,3.7086181640625,-1.2161865234375,-2.9378662109375
0.995,3.7886962890625,-0.6156005859375,-3.5784912109375
0.9955,2.8677978515625,0.4254150390625,-3.6185302734375
0.996,2.5875244140625,1.1060791015625,-4.0189208984375
0.9965,1.7867431640625,2.1470947265625,-4.1790771484375
0.997,1.1060791015625,2.6676025390625,-4.0989990234375
0.9975,0.4254150390625,3.1881103515625,-3.8587646484375
0.998,-0.2952880859375,3.4683837890625,-3.5384521484375
0.9985,-1.2562255859375,3.6685791015625,-2.7777099609375
0.999,-2.0970458984375,3.9088134765625,-2.2171630859375
0.9995,-3.0579833984375,4.1490478515625,-1.4163818359375
