wavelength,x,y,z
0.0,1.841796875,1.4013671875,-3.603515625
0.0005,2.40234375,0.9208984375,-3.8037109375
0.001,2.642578125,0.640625,-3.8037109375
0.0015,2.6025390625,0.240234375,-3.2431640625
0.002,2.6025390625,-0.48046875,-2.642578125
0.0025,2.7626953125,-1.2412109375,-2.0419921875
0.003,3.0029296875,-1.9619140625,-1.5615234375
0.0035,3.123046875,-2.4423828125,-1.201171875
0.004,2.962890625,-2.72265625,-0.80078125
0.0045,2.482421875,-2.72265625,-0.2802734375
0.005,1.8017578125,-2.8828125,0.560546875
0.0055,1.2412109375,-3.0830078125,1.3212890625
0.006,0.80078125,-3.36328125,2.0419921875
0.0065,0.48046875,-3.4833984375,2.4423828125
0.007,0.0,-3.0830078125,2.5625
0.0075,-0.640625,-2.6025390625,2.6826171875
0.008,-1.521484375,-1.9619140625,2.8828125
0.0085,-2.162109375,-1.4814453125,3.123046875
0.009,-2.642578125,-1.1611328125,3.2431640625
0.0095,-2.8828125,-0.8408203125,3.123046875
0.01,-2.8427734375,-0.3203125,2.6025390625
0.0105,-2.8828125,0.4404296875,1.921875
0.011,-3.0830078125,1.201171875,1.4013671875
0.0115,-3.283203125,1.921875,0.880859375
0.012,-3.36328125,2.3623046875,0.6005859375
0.0125,-3.0830078125,2.5224609375,0.080078125
0.013,-2.5224609375,2.642578125,-0.560546875
0.0135,-1.8017578125,2.8427734375,-1.4814453125
0.014,-1.28125,3.123046875,-2.2822265625
0.0145,-0.8408203125,3.3232421875,-2.8828125
0.015,-0.5205078125,3.3232421875,-3.203125
0.0155,0.1201171875,2.7626953125,-3.283203125
0.016,0.9208984375,2.162109375,-3.4833984375
0.0165,1.76171875,1.44140625,-3.68359375
0.017,2.40234375,1.0009765625,-3.8837890625
0.0175,2.6826171875,0.640625,-3.8837890625
0.018,2.802734375,0.2802734375,-3.5234375
0.0185,2.72265625,-0.3203125,-2.8828125
0.019,2.802734375,-1.1611328125,-2.08203125
0.0195,3.0029296875,-1.921875,-1.6015625
0.02,3.1630859375,-2.5625,-1.1611328125
0.0205,3.123046875,-2.8427734375,-0.80078125
0.021,2.5625,-2.8427734375,-0.2802734375
0.0215,1.921875,-2.962890625,0.5205078125
0.022,1.2412109375,-3.1630859375,1.4013671875
0.0225,0.7607421875,-3.4033203125,2.1220703125
0.023,0.400390625,-3.4833984375,2.5625
0.0235,0.0,-3.3232421875,2.802734375
0.024,-0.6806640625,-2.642578125,2.802734375
0.0245,-1.521484375,-2.001953125,2.9228515625
0.025,-2.2822265625,-1.44140625,3.123046875
0.0255,-2.8427734375,-1.0810546875,3.283203125
0.026,-3.0029296875,-0.720703125,3.203125
0.0265,-2.9228515625,-0.2802734375,2.6826171875
0.027,-2.962890625,0.400390625,2.0419921875
0.0275,-3.04296875,1.28125,1.28125
0.028,-3.2431640625,1.9619140625,0.880859375
0.0285,-3.36328125,2.482421875,0.4404296875
0.029,-3.203125,2.72265625,0.1201171875
0.0295,-2.5625,2.6826171875,-0.5205078125
0.03,-1.921875,2.8427734375,-1.361328125
0.0305,-1.28125,3.0830078125,-2.2822265625
0.031,-0.8408203125,3.36328125,-2.9228515625
0.0315,-0.48046875,3.3232421875,-3.283203125
0.032,0.0,2.962890625,-3.4033203125
0.0325,0.7607421875,2.2822265625,-3.5634765625
0.033,1.6416015625,1.5615234375,-3.6435546875
0.0335,2.2822265625,1.041015625,-3.84375
0.034,2.8427734375,0.720703125,-3.9638671875
0.0345,2.9228515625,0.3603515625,-3.763671875
0.035,2.802734375,-0.2001953125,-3.0830078125
0.0355,2.8427734375,-1.0009765625,-2.3623046875
0.036,3.04296875,-1.841796875,-1.6416015625
0.0365,3.203125,-2.5224609375,-1.2412109375
0.037,3.1630859375,-2.8828125,-0.8408203125
0.0375,2.8427734375,-2.962890625,-0.400390625
0.038,2.162109375,-3.0029296875,0.3203125
0.0385,1.4013671875,-3.1630859375,1.2412109375
0.039,0.8408203125,-3.36328125,2.001953125
0.0395,0.48046875,-3.603515625,2.6025390625
0.04,0.080078125,-3.443359375,2.8427734375
0.0405,-0.5205078125,-2.8828125,2.8427734375
0.041,-1.28125,-2.2822265625,2.9228515625
0.0415,-2.2021484375,-1.5615234375,3.0830078125
0.042,-2.72265625,-1.12109375,3.283203125
0.0425,-3.04296875,-0.720703125,3.203125
0.043,-3.04296875,-0.400390625,2.9228515625
0.0435,-2.9228515625,0.240234375,2.2021484375
0.044,-3.0029296875,1.0009765625,1.521484375
0.0445,-3.203125,1.76171875,0.9609375
0.045,-3.36328125,2.40234375,0.560546875
0.0455,-3.203125,2.6025390625,0.240234375
0.046,-2.7626953125,2.6826171875,-0.3603515625
0.0465,-2.162109375,2.7626953125,-1.041015625
0.047,-1.44140625,2.9228515625,-1.9619140625
0.0475,-1.0009765625,3.1630859375,-2.642578125
0.048,-0.640625,3.3232421875,-3.1630859375
0.0485,-0.2802734375,3.123046875,-3.36328125
0.049,0.4404296875,2.482421875,-3.36328125
0.0495,1.201171875,1.841796875,-3.5634765625
0.05,2.0419921875,1.28125,-3.7236328125
0.0505,2.5625,0.9208984375,-3.923828125
0.051,2.7626953125,0.6005859375,-3.763671875
0.0515,2.802734375,0.1201171875,-3.3232421875
0.052,2.7626953125,-0.560546875,-2.72265625
0.0525,2.8427734375,-1.361328125,-1.9619140625
0.053,3.0830078125,-2.08203125,-1.4814453125
0.0535,3.2431640625,-2.642578125,-1.12109375
0.054,3.04296875,-2.8427734375,-0.720703125
0.0545,2.4423828125,-2.8828125,-0.080078125
0.055,1.8017578125,-3.0830078125,0.6806640625
0.0555,1.1611328125,-3.283203125,1.6015625
0.056,0.720703125,-3.5634765625,2.2822265625
0.0565,0.3203125,-3.5634765625,2.6826171875
0.057,-0.16015625,-3.2431640625,2.802734375
0.0575,-0.9609375,-2.5625,2.8427734375
0.058,-1.76171875,-1.8818359375,3.04296875
0.0585,-2.482421875,-1.3212890625,3.203125
0.059,-2.962890625,-1.0009765625,3.4033203125
0.0595,-3.04296875,-0.640625,3.123046875
0.06,-2.9228515625,0.0,2.5224609375
0.0605,-3.0029296875,0.6806640625,1.841796875
0.061,-3.1630859375,1.5615234375,1.12109375
0.0615,-3.36328125,2.2021484375,0.720703125
0.062,-3.36328125,2.6025390625,0.2802734375
0.0625,-3.04296875,2.6826171875,-0.1201171875
0.063,-2.2822265625,2.6826171875,-0.8408203125
0.0635,-1.6416015625,2.8828125,-1.681640625
0.064,-1.041015625,3.123046875,-2.5625
0.0645,-0.6806640625,3.3232421875,-3.123046875
0.065,-0.2802734375,3.1630859375,-3.36328125
0.0655,0.2802734375,2.6025390625,-3.4033203125
0.066,1.0810546875,1.9619140625,-3.5234375
0.0665,1.8818359375,1.3212890625,-3.603515625
0.067,2.4423828125,0.9609375,-3.8037109375
0.0675,2.802734375,0.6005859375,-3.84375
0.068,2.802734375,0.2802734375,-3.4833984375
0.0685,2.6826171875,-0.3603515625,-2.7626953125
0.069,2.802734375,-1.1611328125,-2.1220703125
0.0695,2.962890625,-1.9619140625,-1.5615234375
0.07,3.1630859375,-2.482421875,-1.1611328125
0.0705,3.04296875,-2.802734375,-0.80078125
0.071,2.6826171875,-2.8828125,-0.3603515625
0.0715,1.9619140625,-2.9228515625,0.48046875
0.072,1.28125,-3.1630859375,1.28125
0.0725,0.8408203125,-3.4033203125,2.001953125
0.073,0.48046875,-3.603515625,2.5625
0.0735,0.0400390625,-3.36328125,2.6826171875
0.074,-0.6005859375,-2.72265625,2.7626953125
0.0745,-1.361328125,-2.1220703125,2.9228515625
0.075,-2.2021484375,-1.521484375,3.1630859375
0.0755,-2.72265625,-1.1611328125,3.3232421875
0.076,-2.962890625,-0.80078125,3.203125
0.0765,-2.9228515625,-0.400390625,2.802734375
0.077,-2.9228515625,0.3203125,2.08203125
0.0775,-3.04296875,1.12109375,1.44140625
0.078,-3.283203125,1.921875,0.9208984375
0.0785,-3.443359375,2.40234375,0.560546875
0.079,-3.203125,2.6025390625,0.1201171875
0.0795,-2.642578125,2.6826171875,-0.48046875
0.08,-1.9619140625,2.8427734375,-1.3212890625
0.0805,-1.3212890625,3.04296875,-2.2021484375
0.081,-0.880859375,3.2431640625,-2.8427734375
0.0815,-0.5205078125,3.283203125,-3.2431640625
0.082,0.0,2.9228515625,-3.36328125
0.0825,0.7607421875,2.2421875,-3.4033203125
0.083,1.5615234375,1.6015625,-3.5634765625
0.0835,2.2822265625,1.0810546875,-3.763671875
0.084,2.6826171875,0.7607421875,-3.8837890625
0.0845,2.802734375,0.400390625,-3.603515625
0.085,2.6826171875,-0.1201171875,-3.0830078125
0.0855,2.72265625,-0.9208984375,-2.322265625
0.086,2.8427734375,-1.6416015625,-1.7216796875
0.0865,3.0830078125,-2.2822265625,-1.28125
0.087,3.1630859375,-2.72265625,-1.0009765625
0.0875,2.72265625,-2.7626953125,-0.5205078125
0.088,2.1220703125,-2.8427734375,0.16015625
0.0885,1.521484375,-3.0029296875,1.0009765625
0.089,0.9609375,-3.283203125,1.76171875
0.0895,0.6005859375,-3.5234375,2.2822265625
0.09,0.240234375,-3.36328125,2.6025390625
0.0905,-0.3203125,-2.9228515625,2.6826171875
0.091,-1.0810546875,-2.2822265625,2.802734375
0.0915,-1.8017578125,-1.7216796875,2.962890625
0.092,-2.482421875,-1.28125,3.1630859375
0.0925,-2.8427734375,-1.0009765625,3.2431640625
0.093,-2.8427734375,-0.6005859375,2.8828125
0.0935,-2.8427734375,0.0,2.322265625
0.094,-2.9228515625,0.7607421875,1.7216796875
0.0945,-3.1630859375,1.521484375,1.1611328125
0.095,-3.3232421875,2.1220703125,0.7607421875
0.0955,-3.3232421875,2.482421875,0.3603515625
0.096,-2.8828125,2.5625,-0.16015625
0.0965,-2.2421875,2.642578125,-0.9609375
0.097,-1.6015625,2.8828125,-1.8017578125
0.0975,-1.1611328125,3.1630859375,-2.5625
0.098,-0.80078125,3.4033203125,-3.0830078125
0.0985,-0.3203125,3.1630859375,-3.2431640625
0.099,0.3603515625,2.6025390625,-3.36328125
0.0995,1.2412109375,1.8818359375,-3.5634765625
0.1,1.9619140625,1.3212890625,-3.7236328125
0.1005,2.5224609375,0.9208984375,-3.8837890625
0.101,2.8427734375,0.6005859375,-3.84375
0.1015,2.7626953125,0.1201171875,-3.283203125
0.102,2.7626953125,-0.640625,-2.6025390625
0.1025,2.8828125,-1.44140625,-1.9619140625
0.103,3.123046875,-2.2421875,-1.44140625
0.1035,3.1630859375,-2.6826171875,-1.0810546875
0.104,2.962890625,-2.8828125,-0.640625
0.1045,2.40234375,-2.962890625,0.0
0.105,1.6015625,-3.0830078125,0.9208984375
0.1055,1.0009765625,-3.283203125,1.681640625
0.106,0.6005859375,-3.5234375,2.40234375
0.1065,0.2802734375,-3.5634765625,2.72265625
0.107,-0.3203125,-3.04296875,2.802734375
0.1075,-1.041015625,-2.40234375,2.8427734375
0.108,-1.8818359375,-1.681640625,3.0029296875
0.1085,-2.5224609375,-1.2412109375,3.203125
0.109,-2.8828125,-0.880859375,3.2431640625
0.1095,-3.04296875,-0.560546875,3.04296875
0.11,-2.9228515625,0.0,2.4423828125
0.1105,-2.9228515625,0.7607421875,1.681640625
0.111,-3.0830078125,1.521484375,1.12109375
0.1115,-3.283203125,2.2021484375,0.640625
0.112,-3.36328125,2.5625,0.3203125
0.1125,-2.8828125,2.6025390625,-0.16015625
0.113,-2.322265625,2.6826171875,-0.8408203125
0.1135,-1.6015625,2.8427734375,-1.76171875
0.114,-1.12109375,3.123046875,-2.4423828125
0.1145,-0.6806640625,3.3232421875,-3.04296875
0.115,-0.3603515625,3.2431640625,-3.36328125
0.1155,0.2802734375,2.6826171875,-3.36328125
0.116,1.041015625,2.0419921875,-3.4833984375
0.1165,1.841796875,1.4013671875,-3.68359375
0.117,2.5224609375,0.9609375,-3.8837890625
0.1175,2.8427734375,0.640625,-3.8837890625
0.118,2.8427734375,0.240234375,-3.4833984375
0.1185,2.802734375,-0.400390625,-2.8828125
0.119,2.8427734375,-1.28125,-2.08203125
0.1195,3.04296875,-2.001953125,-1.6015625
0.12,3.2431640625,-2.6025390625,-1.1611328125
0.1205,3.1630859375,-2.962890625,-0.80078125
0.121,2.5625,-2.9228515625,-0.240234375
0.1215,1.921875,-3.0830078125,0.560546875
0.122,1.201171875,-3.203125,1.521484375
0.1225,0.7607421875,-3.5234375,2.2021484375
0.123,0.3603515625,-3.5634765625,2.642578125
0.1235,-0.080078125,-3.283203125,2.8427734375
0.124,-0.7607421875,-2.642578125,2.8828125
0.1245,-1.6015625,-1.921875,3.0029296875
0.125,-2.322265625,-1.361328125,3.1630859375
0.1255,-2.8828125,-1.0009765625,3.3232421875
0.126,-3.04296875,-0.6806640625,3.203125
0.1265,-2.9228515625,-0.16015625,2.5625
0.127,-2.9228515625,0.48046875,1.9619140625
0.1275,-3.0830078125,1.3212890625,1.2412109375
0.128,-3.2431640625,2.001953125,0.80078125
0.1285,-3.3232421875,2.4423828125,0.400390625
0.129,-3.1630859375,2.642578125,0.0400390625
0.1295,-2.5224609375,2.6025390625,-0.640625
0.13,-1.841796875,2.802734375,-1.44140625
0.1305,-1.2412109375,3.0029296875,-2.2421875
0.131,-0.80078125,3.3232421875,-2.8828125
0.1315,-0.48046875,3.283203125,-3.2431640625
0.132,0.0400390625,2.8427734375,-3.3232421875
0.1325,0.720703125,2.2822265625,-3.443359375
0.133,1.5615234375,1.5615234375,-3.5634765625
0.1335,2.2421875,1.12109375,-3.7236328125
0.134,2.6826171875,0.7607421875,-3.84375
0.1345,2.8427734375,0.4404296875,-3.68359375
0.135,2.6826171875,-0.1201171875,-3.04296875
0.1355,2.7626953125,-0.8408203125,-2.40234375
0.136,2.8828125,-1.6416015625,-1.8017578125
0.1365,3.1630859375,-2.322265625,-1.3212890625
0.137,3.1630859375,-2.72265625,-1.0009765625
0.1375,2.802734375,-2.8828125,-0.5205078125
0.138,2.2421875,-2.8828125,0.1201171875
0.1385,1.521484375,-3.04296875,1.041015625
0.139,1.041015625,-3.283203125,1.76171875
0.1395,0.6005859375,-3.5634765625,2.40234375
0.14,0.2802734375,-3.4833984375,2.642578125
0.1405,-0.3203125,-2.9228515625,2.6826171875
0.141,-1.0810546875,-2.322265625,2.8427734375
0.1415,-1.9619140625,-1.681640625,3.04296875
0.142,-2.5625,-1.28125,3.283203125
0.1425,-2.8427734375,-0.9609375,3.2431640625
0.143,-2.9228515625,-0.6005859375,2.9228515625
0.1435,-2.8828125,0.080078125,2.322265625
0.144,-2.962890625,0.880859375,1.6015625
0.1445,-3.203125,1.5615234375,1.12109375
0.145,-3.4033203125,2.2421875,0.6806640625
0.1455,-3.283203125,2.482421875,0.3203125
0.146,-2.802734375,2.5625,-0.240234375
0.1465,-2.2421875,2.72265625,-1.0009765625
0.147,-1.4814453125,2.9228515625,-1.921875
0.1475,-1.041015625,3.203125,-2.5625
0.148,-0.640625,3.3232421875,-3.0830078125
0.1485,-0.2802734375,3.123046875,-3.283203125
0.149,0.4404296875,2.482421875,-3.3232421875
0.1495,1.2412109375,1.841796875,-3.4833984375
0.15,2.001953125,1.28125,-3.68359375
0.1505,2.5625,0.9208984375,-3.8837890625
0.151,2.72265625,0.6005859375,-3.7236328125
0.1515,2.72265625,0.080078125,-3.203125
0.152,2.72265625,-0.6005859375,-2.642578125
0.1525,2.8427734375,-1.4814453125,-1.8818359375
0.153,3.04296875,-2.1220703125,-1.4814453125
0.1535,3.1630859375,-2.6826171875,-1.12109375
0.154,3.0029296875,-2.8427734375,-0.6806640625
0.1545,2.3623046875,-2.8427734375,0.0
0.155,1.7216796875,-3.0029296875,0.7607421875
0.1555,1.0810546875,-3.203125,1.6015625
0.156,0.6806640625,-3.4833984375,2.2421875
0.1565,0.3203125,-3.443359375,2.6025390625
0.157,-0.16015625,-3.0830078125,2.72265625
0.1575,-0.9208984375,-2.4423828125,2.802734375
0.158,-1.7216796875,-1.8017578125,2.962890625
0.1585,-2.3623046875,-1.3212890625,3.1630859375
0.159,-2.8427734375,-1.0009765625,3.3232421875
0.1595,-2.9228515625,-0.6806640625,3.04296875
0.16,-2.8427734375,-0.1201171875,2.40234375
0.1605,-2.8828125,0.560546875,1.841796875
0.161,-3.0830078125,1.4013671875,1.201171875
0.1615,-3.3232421875,2.001953125,0.80078125
0.162,-3.283203125,2.482421875,0.400390625
0.1625,-3.0029296875,2.6025390625,0.0
0.163,-2.3623046875,2.642578125,-0.720703125
0.1635,-1.681640625,2.8427734375,-1.5615234375
0.164,-1.201171875,3.0830078125,-2.3623046875
0.1645,-0.80078125,3.3232421875,-2.962890625
0.165,-0.400390625,3.203125,-3.203125
0.1655,0.16015625,2.6826171875,-3.2431640625
0.166,0.9208984375,2.08203125,-3.4833984375
0.1665,1.76171875,1.44140625,-3.603515625
0.167,2.3623046875,1.0810546875,-3.84375
0.1675,2.6826171875,0.720703125,-3.84375
0.168,2.72265625,0.3203125,-3.5234375
0.1685,2.6826171875,-0.3603515625,-2.8427734375
0.169,2.802734375,-1.1611328125,-2.2021484375
0.1695,3.0029296875,-1.9619140625,-1.6416015625
0.17,3.1630859375,-2.4423828125,-1.2412109375
0.1705,3.0830078125,-2.72265625,-0.8408203125
0.171,2.6025390625,-2.8427734375,-0.3203125
0.1715,1.9619140625,-2.9228515625,0.4404296875
0.172,1.28125,-3.123046875,1.28125
0.1725,0.8408203125,-3.36328125,2.001953125
0.173,0.48046875,-3.5634765625,2.5224609375
0.1735,0.0400390625,-3.2431640625,2.6826171875
0.174,-0.640625,-2.642578125,2.6826171875
0.1745,-1.4013671875,-2.0419921875,2.8828125
0.175,-2.162109375,-1.4814453125,3.123046875
0.1755,-2.642578125,-1.1611328125,3.283203125
0.176,-2.8828125,-0.80078125,3.123046875
0.1765,-2.8828125,-0.400390625,2.6826171875
0.177,-2.8427734375,0.2802734375,2.001953125
0.1775,-3.0029296875,1.0810546875,1.4013671875
0.178,-3.203125,1.841796875,0.9609375
0.1785,-3.36328125,2.322265625,0.6005859375
0.179,-3.0830078125,2.5224609375,0.16015625
0.1795,-2.5625,2.5625,-0.48046875
0.18,-1.9619140625,2.7626953125,-1.2412109375
0.1805,-1.361328125,3.0029296875,-2.08203125
0.181,-0.9609375,3.203125,-2.72265625
0.1815,-0.6005859375,3.203125,-3.0830078125
0.182,-0.16015625,2.9228515625,-3.203125
0.1825,0.6005859375,2.2822265625,-3.283203125
0.183,1.4013671875,1.681640625,-3.4833984375
0.1835,2.08203125,1.1611328125,-3.68359375
0.184,2.5224609375,0.880859375,-3.84375
0.1845,2.642578125,0.5205078125,-3.603515625
0.185,2.6025390625,0.0,-3.0830078125
0.1855,2.6826171875,-0.80078125,-2.5224609375
0.186,2.8427734375,-1.521484375,-1.841796875
0.1865,3.0830078125,-2.1220703125,-1.44140625
0.187,3.123046875,-2.6025390625,-1.041015625
0.1875,2.802734375,-2.72265625,-0.640625
0.188,2.162109375,-2.802734375,0.1201171875
0.1885,1.5615234375,-3.0029296875,0.9208984375
0.189,1.0810546875,-3.2431640625,1.681640625
0.1895,0.720703125,-3.5234375,2.2822265625
0.19,0.2802734375,-3.36328125,2.5224609375
0.1905,-0.2802734375,-2.9228515625,2.642578125
0.191,-1.041015625,-2.2822265625,2.802734375
0.1915,-1.8017578125,-1.76171875,3.0029296875
0.192,-2.4423828125,-1.3212890625,3.203125
0.1925,-2.802734375,-1.041015625,3.203125
0.193,-2.8427734375,-0.640625,2.8828125
0.1935,-2.802734375,0.0,2.2421875
0.194,-2.9228515625,0.7607421875,1.681640625
0.1945,-3.1630859375,1.5615234375,1.12109375
0.195,-3.3232421875,2.162109375,0.7607421875
0.1955,-3.203125,2.4423828125,0.3203125
0.196,-2.802734375,2.5625,-0.16015625
0.1965,-2.162109375,2.6826171875,-1.0009765625
0.197,-1.5615234375,2.8828125,-1.8017578125
0.1975,-1.041015625,3.1630859375,-2.5625
0.198,-0.720703125,3.3232421875,-3.0830078125
0.1985,-0.2802734375,3.04296875,-3.203125
0.199,0.4404296875,2.482421875,-3.283203125
0.1995,1.28125,1.841796875,-3.5234375
0.2,2.001953125,1.28125,-3.7236328125
0.2005,2.5224609375,0.880859375,-3.8837890625
0.201,2.7626953125,0.560546875,-3.7236328125
0.2015,2.72265625,0.0400390625,-3.283203125
0.202,2.6826171875,-0.640625,-2.5625
0.2025,2.8427734375,-1.44140625,-1.9619140625
0.203,3.123046875,-2.2021484375,-1.4013671875
0.2035,3.203125,-2.642578125,-1.041015625
0.204,2.8828125,-2.8427734375,-0.640625
0.2045,2.3623046875,-2.8828125,0.0
0.205,1.6015625,-3.04296875,0.9208984375
0.2055,1.041015625,-3.2431640625,1.7216796875
0.206,0.6005859375,-3.4833984375,2.3623046875
0.2065,0.2802734375,-3.5234375,2.6826171875
0.207,-0.3203125,-3.04296875,2.7626953125
0.2075,-1.041015625,-2.322265625,2.8427734375
0.208,-1.841796875,-1.7216796875,3.0029296875
0.2085,-2.5224609375,-1.28125,3.203125
0.209,-2.8828125,-1.0009765625,3.2431640625
0.2095,-3.0029296875,-0.6005859375,2.9228515625
0.21,-2.9228515625,0.0,2.40234375
0.2105,-2.962890625,0.80078125,1.681640625
0.211,-3.1630859375,1.521484375,1.12109375
0.2115,-3.283203125,2.2421875,0.640625
0.212,-3.36328125,2.5625,0.3203125
0.2125,-2.8828125,2.6025390625,-0.2001953125
0.213,-2.2822265625,2.72265625,-0.9208984375
0.2135,-1.5615234375,2.9228515625,-1.8017578125
0.214,-1.041015625,3.1630859375,-2.5625
0.2145,-0.6806640625,3.3232421875,-3.0830078125
0.215,-0.3203125,3.203125,-3.3232421875
0.2155,0.3203125,2.642578125,-3.4033203125
0.216,1.1611328125,1.921875,-3.5234375
0.2165,1.921875,1.3212890625,-3.7236328125
0.217,2.5625,0.880859375,-3.8837890625
0.2175,2.8427734375,0.560546875,-3.8837890625
0.218,2.802734375,0.16015625,-3.36328125
0.2185,2.7626953125,-0.5205078125,-2.7626953125
0.219,2.8427734375,-1.3212890625,-2.001953125
0.2195,3.04296875,-2.08203125,-1.4814453125
0.22,3.1630859375,-2.6025390625,-1.12109375
0.2205,3.123046875,-2.9228515625,-0.720703125
0.221,2.5625,-2.9228515625,-0.16015625
0.2215,1.841796875,-3.0029296875,0.6806640625
0.222,1.1611328125,-3.203125,1.5615234375
0.2225,0.720703125,-3.5234375,2.2822265625
0.223,0.3203125,-3.5634765625,2.6826171875
0.2235,-0.16015625,-3.203125,2.802734375
0.224,-0.80078125,-2.6025390625,2.8828125
0.2245,-1.7216796875,-1.921875,3.04296875
0.225,-2.40234375,-1.361328125,3.203125
0.2255,-2.9228515625,-1.0009765625,3.283203125
0.226,-3.0830078125,-0.640625,3.203125
0.2265,-2.962890625,-0.1201171875,2.5625
0.227,-2.962890625,0.6005859375,1.921875
0.2275,-3.123046875,1.4013671875,1.2412109375
0.228,-3.283203125,2.162109375,0.720703125
0.2285,-3.36328125,2.5224609375,0.400390625
0.229,-3.0830078125,2.6826171875,-0.080078125
0.2295,-2.482421875,2.72265625,-0.6806640625
0.23,-1.7216796875,2.8427734375,-1.6015625
0.2305,-1.1611328125,3.04296875,-2.3623046875
0.231,-0.720703125,3.3232421875,-3.04296875
0.2315,-0.400390625,3.283203125,-3.3232421875
0.232,0.16015625,2.802734375,-3.3232421875
0.2325,0.880859375,2.162109375,-3.4833984375
0.233,1.76171875,1.4013671875,-3.6435546875
0.2335,2.3623046875,0.9609375,-3.84375
0.234,2.7626953125,0.6806640625,-3.84375
0.2345,2.8427734375,0.3203125,-3.603515625
0.235,2.7626953125,-0.240234375,-3.0029296875
0.2355,2.802734375,-1.0009765625,-2.2822265625
0.236,2.962890625,-1.8017578125,-1.681640625
0.2365,3.1630859375,-2.482421875,-1.2412109375
0.237,3.1630859375,-2.802734375,-0.9208984375
0.2375,2.7626953125,-2.8828125,-0.400390625
0.238,2.162109375,-2.962890625,0.2802734375
0.2385,1.361328125,-3.1630859375,1.2412109375
0.239,0.9208984375,-3.36328125,1.921875
0.2395,0.48046875,-3.5634765625,2.5224609375
0.24,0.16015625,-3.4833984375,2.802734375
0.2405,-0.5205078125,-2.8828125,2.802734375
0.241,-1.28125,-2.2421875,2.9228515625
0.2415,-2.1220703125,-1.6015625,3.0830078125
0.242,-2.7626953125,-1.1611328125,3.3232421875
0.2425,-2.962890625,-0.80078125,3.2431640625
0.243,-2.962890625,-0.400390625,2.8427734375
0.2435,-2.962890625,0.2802734375,2.2421875
0.244,-3.04296875,1.0810546875,1.44140625
0.2445,-3.203125,1.841796875,0.9609375
0.245,-3.36328125,2.40234375,0.560546875
0.2455,-3.283203125,2.642578125,0.2001953125
0.246,-2.6826171875,2.642578125,-0.400390625
0.2465,-2.08203125,2.802734375,-1.201171875
0.247,-1.361328125,3.0029296875,-2.1220703125
0.2475,-0.9208984375,3.283203125,-2.802734375
0.248,-0.5205078125,3.283203125,-3.203125
0.2485,-0.16015625,3.04296875,-3.36328125
0.249,0.6005859375,2.3623046875,-3.4033203125
0.2495,1.4013671875,1.6416015625,-3.5634765625
0.25,2.162109375,1.201171875,-3.7236328125
0.2505,2.6826171875,0.80078125,-3.8837890625
0.251,2.8427734375,0.5205078125,-3.7236328125
0.2515,2.72265625,0.0,-3.123046875
0.252,2.72265625,-0.6806640625,-2.5625
0.2525,2.8427734375,-1.5615234375,-1.8017578125
0.253,3.0830078125,-2.2421875,-1.361328125
0.2535,3.123046875,-2.642578125,-1.0009765625
0.254,2.9228515625,-2.8828125,-0.6005859375
0.2545,2.2822265625,-2.8828125,0.0400390625
0.255,1.6416015625,-3.0029296875,0.880859375
0.2555,1.041015625,-3.203125,1.6416015625
0.256,0.640625,-3.5234375,2.322265625
0.2565,0.2802734375,-3.4833984375,2.6025390625
0.257,-0.2001953125,-3.0830078125,2.6826171875
0.2575,-0.9609375,-2.5224609375,2.8427734375
0.258,-1.8017578125,-1.8017578125,3.04296875
0.2585,-2.4423828125,-1.3212890625,3.203125
0.259,-2.8828125,-1.0009765625,3.283203125
0.2595,-2.962890625,-0.640625,3.0830078125
0.26,-2.8828125,0.0,2.40234375
0.2605,-2.962890625,0.6806640625,1.841796875
0.261,-3.1630859375,1.521484375,1.201171875
0.2615,-3.36328125,2.2021484375,0.7607421875
0.262,-3.3232421875,2.5224609375,0.3603515625
0.2625,-2.962890625,2.642578125,-0.1201171875
0.263,-2.3623046875,2.72265625,-0.80078125
0.2635,-1.6416015625,2.8828125,-1.7216796875
0.264,-1.1611328125,3.1630859375,-2.4423828125
0.2645,-0.720703125,3.3232421875,-3.0830078125
0.265,-0.3203125,3.1630859375,-3.3232421875
0.2655,0.2802734375,2.5625,-3.36328125
0.266,1.0810546875,2.001953125,-3.5234375
0.2665,1.921875,1.3212890625,-3.7236328125
0.267,2.482421875,0.9609375,-3.84375
0.2675,2.7626953125,0.6005859375,-3.8037109375
0.268,2.802734375,0.240234375,-3.4033203125
0.2685,2.72265625,-0.4404296875,-2.72265625
0.269,2.802734375,-1.28125,-2.001953125
0.2695,3.04296875,-2.001953125,-1.521484375
0.27,3.203125,-2.6025390625,-1.12109375
0.2705,3.04296875,-2.802734375,-0.7607421875
0.271,2.482421875,-2.8427734375,-0.16015625
0.2715,1.8818359375,-2.962890625,0.6005859375
0.272,1.201171875,-3.203125,1.4814453125
0.2725,0.7607421875,-3.443359375,2.08203125
0.273,0.3603515625,-3.5634765625,2.5625
0.2735,0.0,-3.283203125,2.6826171875
0.274,-0.720703125,-2.6025390625,2.7626953125
0.2745,-1.521484375,-1.9619140625,2.9228515625
0.275,-2.2822265625,-1.4013671875,3.123046875
0.2755,-2.7626953125,-1.12109375,3.283203125
0.276,-2.8828125,-0.720703125,3.123046875
0.2765,-2.8828125,-0.2802734375,2.6025390625
0.277,-2.9228515625,0.400390625,2.001953125
0.2775,-3.0029296875,1.201171875,1.361328125
0.278,-3.2431640625,1.8818359375,0.9208984375
0.2785,-3.3232421875,2.40234375,0.5205078125
0.279,-3.123046875,2.5224609375,0.1201171875
0.2795,-2.5224609375,2.5625,-0.5205078125
0.28,-1.9619140625,2.802734375,-1.3212890625
0.2805,-1.3212890625,3.0029296875,-2.162109375
0.281,-0.9609375,3.2431640625,-2.802734375
0.2815,-0.560546875,3.1630859375,-3.1630859375
0.282,0.0,2.9228515625,-3.2431640625
0.2825,0.720703125,2.2822265625,-3.36328125
0.283,1.521484375,1.6015625,-3.5634765625
0.2835,2.2421875,1.1611328125,-3.8037109375
0.284,2.6826171875,0.8408203125,-3.923828125
0.2845,2.7626953125,0.48046875,-3.603515625
0.285,2.6826171875,-0.16015625,-3.04296875
0.2855,2.802734375,-0.880859375,-2.4423828125
0.286,3.0029296875,-1.76171875,-1.76171875
0.2865,3.1630859375,-2.322265625,-1.3212890625
0.287,3.1630859375,-2.7626953125,-0.9208984375
0.2875,2.802734375,-2.8828125,-0.48046875
0.288,2.08203125,-2.9228515625,0.3203125
0.2885,1.4013671875,-3.203125,1.201171875
0.289,0.9208984375,-3.443359375,1.9619140625
0.2895,0.560546875,-3.603515625,2.5224609375
0.29,0.080078125,-3.36328125,2.72265625
0.2905,-0.560546875,-2.802734375,2.802734375
0.291,-1.361328125,-2.1220703125,2.962890625
0.2915,-2.162109375,-1.521484375,3.123046875
0.292,-2.72265625,-1.12109375,3.2431640625
0.2925,-3.0029296875,-0.7607421875,3.2431640625
0.293,-2.962890625,-0.3603515625,2.802734375
0.2935,-2.8828125,0.3203125,2.0419921875
0.294,-3.04296875,1.12109375,1.4013671875
0.2945,-3.203125,1.921875,0.880859375
0.295,-3.36328125,2.40234375,0.5205078125
0.2955,-3.1630859375,2.642578125,0.1201171875
0.296,-2.642578125,2.6826171875,-0.48046875
0.2965,-1.9619140625,2.7626953125,-1.3212890625
0.297,-1.3212890625,2.962890625,-2.1220703125
0.2975,-0.8408203125,3.2431640625,-2.8427734375
0.298,-0.560546875,3.36328125,-3.203125
0.2985,0.0,3.0029296875,-3.36328125
0.299,0.640625,2.322265625,-3.4033203125
0.2995,1.4814453125,1.681640625,-3.5634765625
0.3,2.2421875,1.12109375,-3.763671875
0.3005,2.6826171875,0.7607421875,-3.8837890625
0.301,2.8427734375,0.4404296875,-3.7236328125
0.3015,2.802734375,0.0,-3.203125
0.302,2.802734375,-0.80078125,-2.4423828125
0.3025,2.9228515625,-1.6015625,-1.8017578125
0.303,3.1630859375,-2.322265625,-1.28125
0.3035,3.203125,-2.802734375,-0.9609375
0.304,2.8828125,-2.9228515625,-0.5205078125
0.3045,2.2421875,-3.0029296875,0.16015625
0.305,1.5615234375,-3.1630859375,1.041015625
0.3055,0.9609375,-3.36328125,1.921875
0.306,0.560546875,-3.5634765625,2.482421875
0.3065,0.16015625,-3.5234375,2.802734375
0.307,-0.400390625,-3.04296875,2.8828125
0.3075,-1.201171875,-2.2822265625,2.9228515625
0.308,-2.001953125,-1.6416015625,3.123046875
0.3085,-2.72265625,-1.1611328125,3.3232421875
0.309,-3.04296875,-0.8408203125,3.3232421875
0.3095,-3.0830078125,-0.4404296875,2.9228515625
0.31,-2.962890625,0.1201171875,2.3623046875
0.3105,-3.04296875,0.9609375,1.5615234375
0.311,-3.203125,1.7216796875,1.0009765625
0.3115,-3.36328125,2.322265625,0.560546875
0.312,-3.3232421875,2.6826171875,0.240234375
0.3125,-2.8427734375,2.642578125,-0.3203125
0.313,-2.1220703125,2.6826171875,-1.041015625
0.3135,-1.44140625,2.9228515625,-1.9619140625
0.314,-1.0009765625,3.1630859375,-2.642578125
0.3145,-0.6005859375,3.3232421875,-3.1630859375
0.315,-0.2001953125,3.123046875,-3.36328125
0.3155,0.4404296875,2.5625,-3.36328125
0.316,1.28125,1.841796875,-3.5234375
0.3165,1.9619140625,1.28125,-3.68359375
0.317,2.5625,0.8408203125,-3.8037109375
0.3175,2.8427734375,0.6005859375,-3.84375
0.318,2.7626953125,0.1201171875,-3.3232421875
0.3185,2.72265625,-0.5205078125,-2.6826171875
0.319,2.8427734375,-1.3212890625,-2.0419921875
0.3195,3.04296875,-2.0419921875,-1.4814453125
0.32,3.1630859375,-2.5625,-1.1611328125
0.3205,3.04296875,-2.8828125,-0.720703125
0.321,2.5625,-2.9228515625,-0.2001953125
0.3215,1.841796875,-2.962890625,0.6806640625
0.322,1.2412109375,-3.203125,1.4814453125
0.3225,0.7607421875,-3.4833984375,2.2421875
0.323,0.400390625,-3.5634765625,2.642578125
0.3235,-0.080078125,-3.203125,2.7626953125
0.324,-0.7607421875,-2.642578125,2.8427734375
0.3245,-1.6416015625,-1.921875,3.0029296875
0.325,-2.322265625,-1.44140625,3.1630859375
0.3255,-2.8427734375,-1.0009765625,3.3232421875
0.326,-3.04296875,-0.720703125,3.1630859375
0.3265,-2.9228515625,-0.2001953125,2.6025390625
0.327,-2.9228515625,0.560546875,1.921875
0.3275,-3.0830078125,1.28125,1.3212890625
0.328,-3.283203125,2.0419921875,0.80078125
0.3285,-3.36328125,2.40234375,0.48046875
0.329,-3.04296875,2.5625,0.0
0.3295,-2.5224609375,2.6826171875,-0.640625
0.33,-1.76171875,2.8427734375,-1.5615234375
0.3305,-1.2412109375,3.04296875,-2.2822265625
0.331,-0.80078125,3.3232421875,-2.9228515625
0.3315,-0.48046875,3.283203125,-3.2431640625
0.332,0.1201171875,2.7626953125,-3.283203125
0.3325,0.8408203125,2.2021484375,-3.4033203125
0.333,1.6416015625,1.521484375,-3.5634765625
0.3335,2.2822265625,1.0810546875,-3.8037109375
0.334,2.642578125,0.7607421875,-3.8037109375
0.3345,2.72265625,0.3603515625,-3.5634765625
0.335,2.6826171875,-0.2001953125,-2.962890625
0.3355,2.72265625,-1.0009765625,-2.2421875
0.336,2.9228515625,-1.681640625,-1.7216796875
0.3365,3.123046875,-2.4423828125,-1.28125
0.337,3.123046875,-2.72265625,-0.9609375
0.3375,2.6826171875,-2.802734375,-0.4404296875
0.338,2.162109375,-2.8828125,0.2802734375
0.3385,1.4013671875,-3.0830078125,1.1611328125
0.339,0.9609375,-3.36328125,1.921875
0.3395,0.560546875,-3.5234375,2.40234375
0.34,0.2001953125,-3.4033203125,2.6826171875
0.3405,-0.48046875,-2.8427734375,2.7626953125
0.341,-1.28125,-2.2021484375,2.8828125
0.3415,-2.001953125,-1.6015625,3.0830078125
0.342,-2.642578125,-1.2412109375,3.3232421875
0.3425,-2.9228515625,-0.9208984375,3.2431640625
0.343,-2.9228515625,-0.4404296875,2.802734375
0.3435,-2.9228515625,0.2001953125,2.2421875
0.344,-3.04296875,1.0810546875,1.681640625
0.3445,-3.203125,1.7216796875,1.0009765625
0.345,-3.36328125,2.322265625,0.6005859375
0.3455,-3.2431640625,2.6025390625,0.240234375
0.346,-2.72265625,2.6025390625,-0.3603515625
0.3465,-2.08203125,2.7626953125,-1.201171875
0.347,-1.4013671875,3.0029296875,-2.0419921875
0.3475,-1.0009765625,3.283203125,-2.7626953125
0.348,-0.6005859375,3.283203125,-3.1630859375
0.3485,-0.16015625,2.962890625,-3.2431640625
0.349,0.6005859375,2.40234375,-3.36328125
0.3495,1.44140625,1.681640625,-3.5634765625
0.35,2.1220703125,1.201171875,-3.7236328125
0.3505,2.642578125,0.80078125,-3.84375
0.351,2.802734375,0.5205078125,-3.7236328125
0.3515,2.6826171875,0.0,-3.0830078125
0.352,2.6025390625,-0.80078125,-2.4423828125
0.3525,2.8427734375,-1.6015625,-1.841796875
0.353,3.0830078125,-2.2822265625,-1.361328125
0.3535,3.123046875,-2.6025390625,-1.0009765625
0.354,2.8828125,-2.802734375,-0.6005859375
0.3545,2.2822265625,-2.8427734375,0.0400390625
0.355,1.5615234375,-2.962890625,0.9208984375
0.3555,1.041015625,-3.203125,1.681640625
0.356,0.640625,-3.5234375,2.322265625
0.3565,0.2802734375,-3.443359375,2.6025390625
0.357,-0.2802734375,-2.962890625,2.6826171875
0.3575,-1.0009765625,-2.4423828125,2.8427734375
0.358,-1.841796875,-1.76171875,3.0029296875
0.3585,-2.4423828125,-1.3212890625,3.203125
0.359,-2.8427734375,-1.0009765625,3.2431640625
0.3595,-2.9228515625,-0.640625,3.04296875
0.36,-2.7626953125,0.0400390625,2.40234375
0.3605,-2.9228515625,0.640625,1.76171875
0.361,-3.123046875,1.4013671875,1.201171875
0.3615,-3.3232421875,2.162109375,0.7607421875
0.362,-3.283203125,2.4423828125,0.4404296875
0.3625,-2.8828125,2.5625,-0.1201171875
0.363,-2.3623046875,2.6826171875,-0.80078125
0.3635,-1.6416015625,2.8828125,-1.681640625
0.364,-1.1611328125,3.1630859375,-2.40234375
0.3645,-0.7607421875,3.3232421875,-2.962890625
0.365,-0.400390625,3.203125,-3.203125
0.3655,0.2802734375,2.6025390625,-3.2431640625
0.366,1.0009765625,2.0419921875,-3.4833984375
0.3665,1.841796875,1.4013671875,-3.68359375
0.367,2.4423828125,1.041015625,-3.8837890625
0.3675,2.6826171875,0.6806640625,-3.8037109375
0.368,2.6826171875,0.16015625,-3.443359375
0.3685,2.72265625,-0.48046875,-2.802734375
0.369,2.6826171875,-1.3212890625,-2.0419921875
0.3695,3.0029296875,-1.9619140625,-1.6015625
0.37,3.1630859375,-2.5224609375,-1.201171875
0.3705,3.04296875,-2.7626953125,-0.80078125
0.371,2.482421875,-2.7626953125,-0.240234375
0.3715,1.921875,-2.9228515625,0.6005859375
0.372,1.201171875,-3.203125,1.44140625
0.3725,0.80078125,-3.443359375,2.08203125
0.373,0.400390625,-3.4833984375,2.5224609375
0.3735,0.0,-3.203125,2.6826171875
0.374,-0.720703125,-2.5625,2.72265625
0.3745,-1.521484375,-1.9619140625,2.8828125
0.375,-2.2822265625,-1.44140625,3.123046875
0.3755,-2.72265625,-1.0810546875,3.283203125
0.376,-2.8828125,-0.7607421875,3.123046875
0.3765,-2.8427734375,-0.3203125,2.5224609375
0.377,-2.7626953125,0.400390625,1.921875
0.3775,-3.04296875,1.2412109375,1.3212890625
0.378,-3.203125,1.921875,0.9208984375
0.3785,-3.283203125,2.3623046875,0.5205078125
0.379,-3.0830078125,2.5224609375,0.1201171875
0.3795,-2.482421875,2.5625,-0.560546875
0.38,-1.8818359375,2.802734375,-1.3212890625
0.3805,-1.3212890625,3.04296875,-2.162109375
0.381,-0.9609375,3.283203125,-2.7626953125
0.3815,-0.5205078125,3.203125,-3.0830078125
0.382,0.0,2.8427734375,-3.203125
0.3825,0.6806640625,2.2421875,-3.36328125
0.383,1.521484375,1.6015625,-3.5634765625
0.3835,2.162109375,1.201171875,-3.7236328125
0.384,2.5625,0.7607421875,-3.84375
0.3845,2.6826171875,0.4404296875,-3.603515625
0.385,2.5625,-0.2802734375,-2.962890625
0.3855,2.7626953125,-0.8408203125,-2.40234375
0.386,2.962890625,-1.681640625,-1.8017578125
0.3865,3.1630859375,-2.322265625,-1.361328125
0.387,3.123046875,-2.642578125,-1.0009765625
0.3875,2.7626953125,-2.8427734375,-0.48046875
0.388,2.1220703125,-2.8828125,0.2802734375
0.3885,1.44140625,-3.123046875,1.12109375
0.389,0.9609375,-3.36328125,1.921875
0.3895,0.6005859375,-3.603515625,2.5224609375
0.39,0.1201171875,-3.36328125,2.6826171875
0.3905,-0.5205078125,-2.7626953125,2.7626953125
0.391,-1.3212890625,-2.2021484375,2.962890625
0.3915,-2.162109375,-1.5615234375,3.1630859375
0.392,-2.72265625,-1.201171875,3.3232421875
0.3925,-2.962890625,-0.80078125,3.203125
0.393,-2.9228515625,-0.400390625,2.7626953125
0.3935,-2.8828125,0.3603515625,2.08203125
0.394,-3.04296875,1.1611328125,1.4013671875
0.3945,-3.2431640625,1.921875,0.880859375
0.395,-3.4033203125,2.4423828125,0.5205078125
0.3955,-3.1630859375,2.6025390625,0.1201171875
0.396,-2.6025390625,2.642578125,-0.5205078125
0.3965,-1.921875,2.802734375,-1.3212890625
0.397,-1.28125,3.04296875,-2.2021484375
0.3975,-0.8408203125,3.2431640625,-2.8427734375
0.398,-0.5205078125,3.3232421875,-3.2431640625
0.3985,0.0,2.9228515625,-3.36328125
0.399,0.720703125,2.2421875,-3.36328125
0.3995,1.521484375,1.6015625,-3.5634765625
0.4,2.2421875,1.041015625,-3.7236328125
0.4005,2.6826171875,0.720703125,-3.8837890625
0.401,2.802734375,0.3203125,-3.6435546875
0.4015,2.7626953125,-0.080078125,-3.123046875
0.402,2.802734375,-0.8408203125,-2.40234375
0.4025,2.8828125,-1.6416015625,-1.76171875
0.403,3.123046875,-2.322265625,-1.28125
0.4035,3.203125,-2.802734375,-0.9208984375
0.404,2.8427734375,-2.8828125,-0.5205078125
0.4045,2.2421875,-2.9228515625,0.16015625
0.405,1.5615234375,-3.0830078125,1.041015625
0.4055,0.9609375,-3.36328125,1.921875
0.406,0.560546875,-3.5634765625,2.482421875
0.4065,0.16015625,-3.4833984375,2.802734375
0.407,-0.400390625,-3.0029296875,2.8427734375
0.4075,-1.2412109375,-2.2822265625,2.962890625
0.408,-2.001953125,-1.7216796875,3.123046875
0.4085,-2.72265625,-1.201171875,3.3232421875
0.409,-3.0830078125,-0.9208984375,3.36328125
0.4095,-3.0830078125,-0.400390625,2.962890625
0.41,-3.0029296875,0.2001953125,2.2822265625
0.4105,-3.123046875,1.041015625,1.6015625
0.411,-3.2431640625,1.841796875,0.9609375
0.4115,-3.4033203125,2.40234375,0.560546875
0.412,-3.36328125,2.72265625,0.16015625
0.4125,-2.8828125,2.802734375,-0.3603515625
0.413,-2.08203125,2.8427734375,-1.201171875
0.4135,-1.4013671875,3.04296875,-2.08203125
0.414,-0.880859375,3.283203125,-2.8427734375
0.4145,-0.5205078125,3.4033203125,-3.283203125
0.415,0.0,3.0830078125,-3.443359375
0.4155,0.6005859375,2.482421875,-3.4833984375
0.416,1.4814453125,1.6416015625,-3.603515625
0.4165,2.2021484375,1.12109375,-3.763671875
0.417,2.6826171875,0.640625,-3.8837890625
0.4175,2.9228515625,0.4404296875,-3.8037109375
0.418,2.802734375,0.0,-3.203125
0.4185,2.72265625,-0.720703125,-2.5224609375
0.419,2.8427734375,-1.4814453125,-1.8818359375
0.4195,3.04296875,-2.2421875,-1.3212890625
0.42,3.1630859375,-2.642578125,-1.0009765625
0.4205,2.9228515625,-2.8828125,-0.6005859375
0.421,2.40234375,-2.8828125,0.0
0.4215,1.6416015625,-2.962890625,0.80078125
0.422,1.0810546875,-3.203125,1.5615234375
0.4225,0.640625,-3.4033203125,2.2421875
0.423,0.3203125,-3.5234375,2.6826171875
0.4235,-0.16015625,-3.0830078125,2.72265625
0.424,-0.8408203125,-2.5625,2.802734375
0.4245,-1.6416015625,-1.921875,2.962890625
0.425,-2.40234375,-1.44140625,3.1630859375
0.4255,-2.8427734375,-1.041015625,3.3232421875
0.426,-2.962890625,-0.6806640625,3.123046875
0.4265,-2.9228515625,-0.2001953125,2.6025390625
0.427,-2.9228515625,0.560546875,1.921875
0.4275,-3.123046875,1.3212890625,1.3212890625
0.428,-3.36328125,2.08203125,0.80078125
0.4285,-3.4033203125,2.5224609375,0.48046875
0.429,-3.0830078125,2.642578125,0.0
0.4295,-2.5224609375,2.72265625,-0.640625
0.43,-1.8017578125,2.8828125,-1.6015625
0.4305,-1.2412109375,3.1630859375,-2.3623046875
0.431,-0.80078125,3.3232421875,-2.962890625
0.4315,-0.4404296875,3.3232421875,-3.3232421875
0.432,0.2001953125,2.7626953125,-3.4033203125
0.4325,0.9609375,2.08203125,-3.5634765625
0.433,1.76171875,1.4013671875,-3.7236328125
0.4335,2.482421875,1.0009765625,-3.8837890625
0.434,2.8427734375,0.6806640625,-3.8837890625
0.4345,2.8427734375,0.240234375,-3.5234375
0.435,2.802734375,-0.3603515625,-2.8828125
0.4355,2.8427734375,-1.2412109375,-2.08203125
0.436,3.04296875,-1.9619140625,-1.5615234375
0.4365,3.1630859375,-2.5625,-1.12109375
0.437,3.1630859375,-2.8828125,-0.80078125
0.4375,2.6025390625,-2.8828125,-0.240234375
0.438,1.921875,-2.962890625,0.560546875
0.4385,1.201171875,-3.203125,1.44140625
0.439,0.7607421875,-3.4033203125,2.162109375
0.4395,0.3603515625,-3.4833984375,2.5625
0.44,0.0,-3.3232421875,2.7626953125
0.4405,-0.640625,-2.72265625,2.802734375
0.441,-1.521484375,-2.001953125,2.8828125
0.4415,-2.2021484375,-1.44140625,3.0830078125
0.442,-2.7626953125,-1.0009765625,3.2431640625
0.4425,-2.962890625,-0.7607421875,3.1630859375
0.443,-2.8828125,-0.2802734375,2.642578125
0.4435,-2.8828125,0.3203125,2.08203125
0.444,-3.0029296875,1.12109375,1.4013671875
0.4445,-3.203125,1.841796875,0.9208984375
0.445,-3.283203125,2.322265625,0.560546875
0.4455,-3.203125,2.6025390625,0.16015625
0.446,-2.6025390625,2.6025390625,-0.4404296875
0.4465,-1.9619140625,2.7626953125,-1.2412109375
0.447,-1.4013671875,3.0029296875,-2.001953125
0.4475,-0.9609375,3.283203125,-2.7626953125
0.448,-0.640625,3.283203125,-3.1630859375
0.4485,-0.16015625,2.9228515625,-3.283203125
0.449,0.5205078125,2.40234375,-3.443359375
0.4495,1.4013671875,1.7216796875,-3.5634765625
0.45,2.1220703125,1.2412109375,-3.8037109375
0.4505,2.6025390625,0.880859375,-3.8837890625
0.451,2.802734375,0.5205078125,-3.8037109375
0.4515,2.72265625,0.0,-3.203125
0.452,2.802734375,-0.80078125,-2.5224609375
0.4525,2.962890625,-1.6015625,-1.8818359375
0.453,3.203125,-2.322265625,-1.361328125
0.4535,3.203125,-2.72265625,-1.0009765625
0.454,2.8828125,-2.8828125,-0.5205078125
0.4545,2.2822265625,-2.9228515625,0.16015625
0.455,1.521484375,-3.0830078125,1.12109375
0.4555,1.0009765625,-3.36328125,1.8818359375
0.456,0.6005859375,-3.6435546875,2.482421875
0.4565,0.16015625,-3.5634765625,2.7626953125
0.457,-0.4404296875,-2.962890625,2.7626953125
0.4575,-1.201171875,-2.2822265625,2.9228515625
0.458,-2.08203125,-1.6015625,3.123046875
0.4585,-2.642578125,-1.1611328125,3.283203125
0.459,-2.962890625,-0.80078125,3.203125
0.4595,-3.0029296875,-0.4404296875,2.9228515625
0.46,-2.8828125,0.2001953125,2.2421875
0.4605,-2.962890625,0.9609375,1.521484375
0.461,-3.1630859375,1.7216796875,1.0009765625
0.4615,-3.36328125,2.2822265625,0.6005859375
0.462,-3.2431640625,2.5625,0.240234375
0.4625,-2.72265625,2.5625,-0.3203125
0.463,-2.162109375,2.72265625,-1.0009765625
0.4635,-1.44140625,2.8828125,-1.921875
0.464,-1.0009765625,3.123046875,-2.5625
0.4645,-0.640625,3.203125,-3.0830078125
0.465,-0.2802734375,3.0830078125,-3.283203125
0.4655,0.3603515625,2.5224609375,-3.283203125
0.466,1.12109375,1.921875,-3.443359375
0.4665,1.921875,1.3212890625,-3.603515625
0.467,2.482421875,0.9609375,-3.84375
0.4675,2.6826171875,0.640625,-3.7236328125
0.468,2.6826171875,0.2001953125,-3.283203125
0.4685,2.72265625,-0.400390625,-2.7626953125
0.469,2.802734375,-1.2412109375,-2.0419921875
0.4695,3.04296875,-1.9619140625,-1.6015625
0.47,3.1630859375,-2.5224609375,-1.1611328125
0.4705,3.04296875,-2.7626953125,-0.80078125
0.471,2.5224609375,-2.8427734375,-0.240234375
0.4715,1.921875,-2.962890625,0.6005859375
0.472,1.28125,-3.283203125,1.44140625
0.4725,0.8408203125,-3.5634765625,2.162109375
0.473,0.4404296875,-3.5634765625,2.5224609375
0.4735,0.0,-3.2431640625,2.72265625
0.474,-0.7607421875,-2.642578125,2.8427734375
0.4745,-1.6416015625,-1.9619140625,3.04296875
0.475,-2.322265625,-1.44140625,3.2431640625
0.4755,-2.8828125,-1.041015625,3.4033203125
0.476,-3.0029296875,-0.720703125,3.1630859375
0.4765,-2.9228515625,-0.16015625,2.5224609375
0.477,-3.0029296875,0.6005859375,1.921875
0.4775,-3.1630859375,1.521484375,1.2412109375
0.478,-3.36328125,2.162109375,0.7607421875
0.4785,-3.36328125,2.5625,0.3603515625
0.479,-3.0830078125,2.6826171875,0.0
0.4795,-2.322265625,2.6826171875,-0.80078125
0.48,-1.681640625,2.8427734375,-1.7216796875
0.4805,-1.0810546875,3.123046875,-2.5224609375
0.481,-0.720703125,3.3232421875,-3.1630859375
0.4815,-0.3203125,3.1630859375,-3.3232421875
0.482,0.2802734375,2.642578125,-3.36328125
0.4825,1.041015625,2.001953125,-3.4833984375
0.483,1.8818359375,1.3212890625,-3.6435546875
0.4835,2.4423828125,0.9208984375,-3.8037109375
0.484,2.802734375,0.6005859375,-3.8037109375
0.4845,2.802734375,0.240234375,-3.4833984375
0.485,2.6826171875,-0.400390625,-2.72265625
0.4855,2.802734375,-1.1611328125,-2.08203125
0.486,2.962890625,-1.9619140625,-1.521484375
0.4865,3.1630859375,-2.5224609375,-1.1611328125
0.487,3.04296875,-2.7626953125,-0.80078125
0.4875,2.6025390625,-2.8828125,-0.2802734375
0.488,1.9619140625,-3.0029296875,0.4404296875
0.4885,1.28125,-3.203125,1.28125
0.489,0.8408203125,-3.443359375,2.001953125
0.4895,0.48046875,-3.5634765625,2.5625
0.49,0.080078125,-3.36328125,2.7626953125
0.4905,-0.6005859375,-2.72265625,2.802734375
0.491,-1.4013671875,-2.1220703125,2.962890625
0.4915,-2.2421875,-1.521484375,3.1630859375
0.492,-2.7626953125,-1.1611328125,3.36328125
0.4925,-2.962890625,-0.80078125,3.203125
0.493,-3.0029296875,-0.3603515625,2.802734375
0.4935,-2.962890625,0.3603515625,2.1220703125
0.494,-3.0830078125,1.201171875,1.44140625
0.4945,-3.3232421875,1.9619140625,0.9208984375
0.495,-3.5234375,2.5224609375,0.560546875
0.4955,-3.2431640625,2.6826171875,0.1201171875
0.496,-2.642578125,2.6826171875,-0.560546875
0.4965,-1.9619140625,2.8828125,-1.4013671875
0.497,-1.28125,3.123046875,-2.3623046875
0.4975,-0.80078125,3.3232421875,-3.0029296875
0.498,-0.4404296875,3.36328125,-3.36328125
0.4985,0.1201171875,2.9228515625,-3.4833984375
0.499,0.9208984375,2.2021484375,-3.5234375
0.4995,1.7216796875,1.5615234375,-3.68359375
0.5,2.4423828125,1.0009765625,-3.84375
0.5005,2.8427734375,0.6806640625,-3.923828125
0.501,2.8828125,0.2802734375,-3.5634765625
0.5015,2.802734375,-0.3203125,-2.962890625
0.502,2.802734375,-1.041015625,-2.2421875
0.5025,2.9228515625,-1.841796875,-1.6015625
0.503,3.0830078125,-2.4423828125,-1.1611328125
0.5035,3.123046875,-2.8427734375,-0.80078125
0.504,2.72265625,-2.9228515625,-0.400390625
0.5045,2.0419921875,-2.8828125,0.3203125
0.505,1.361328125,-3.123046875,1.12109375
0.5055,0.8408203125,-3.283203125,1.921875
0.506,0.48046875,-3.4833984375,2.482421875
0.5065,0.1201171875,-3.3232421875,2.6826171875
0.507,-0.400390625,-2.8828125,2.7626953125
0.5075,-1.201171875,-2.2021484375,2.8427734375
0.508,-1.9619140625,-1.6416015625,3.0029296875
0.5085,-2.5625,-1.1611328125,3.1630859375
0.509,-2.8828125,-0.9208984375,3.2431640625
0.5095,-2.9228515625,-0.5205078125,2.8828125
0.51,-2.8828125,0.080078125,2.2822265625
0.5105,-2.962890625,0.80078125,1.7216796875
0.511,-3.203125,1.6015625,1.12109375
0.5115,-3.36328125,2.162109375,0.720703125
0.512,-3.2431640625,2.482421875,0.2802734375
0.5125,-2.9228515625,2.5625,-0.16015625
0.513,-2.2421875,2.6826171875,-0.9609375
0.5135,-1.6416015625,2.9228515625,-1.8017578125
0.514,-1.12109375,3.203125,-2.5625
0.5145,-0.80078125,3.4033203125,-3.0830078125
0.515,-0.3203125,3.123046875,-3.2431640625
0.5155,0.3203125,2.6025390625,-3.3232421875
0.516,1.1611328125,1.921875,-3.5234375
0.5165,1.921875,1.4013671875,-3.7236328125
0.517,2.482421875,1.0009765625,-3.8837890625
0.5175,2.7626953125,0.640625,-3.8037109375
0.518,2.72265625,0.2001953125,-3.36328125
0.5185,2.6826171875,-0.5205078125,-2.642578125
0.519,2.8427734375,-1.3212890625,-2.0419921875
0.5195,3.123046875,-2.08203125,-1.4814453125
0.52,3.203125,-2.6025390625,-1.1611328125
0.5205,2.962890625,-2.8427734375,-0.720703125
0.521,2.40234375,-2.8828125,-0.16015625
0.5215,1.7216796875,-2.962890625,0.7607421875
0.522,1.1611328125,-3.203125,1.5615234375
0.5225,0.6806640625,-3.443359375,2.2421875
0.523,0.3603515625,-3.5234375,2.5625
0.5235,-0.16015625,-3.0830078125,2.6826171875
0.524,-0.8408203125,-2.4423828125,2.7626953125
0.5245,-1.681640625,-1.8017578125,2.9228515625
0.525,-2.3623046875,-1.3212890625,3.1630859375
0.5255,-2.7626953125,-1.0009765625,3.2431640625
0.526,-2.8828125,-0.640625,3.0029296875
0.5265,-2.8427734375,-0.16015625,2.5224609375
0.527,-2.8828125,0.6005859375,1.8017578125
0.5275,-3.04296875,1.3212890625,1.2412109375
0.528,-3.2431640625,1.9619140625,0.7607421875
0.5285,-3.3232421875,2.40234375,0.48046875
0.529,-2.962890625,2.482421875,0.0
0.5295,-2.40234375,2.6025390625,-0.6806640625
0.53,-1.76171875,2.802734375,-1.521484375
0.5305,-1.2412109375,3.0830078125,-2.322265625
0.531,-0.8408203125,3.283203125,-2.8828125
0.5315,-0.48046875,3.203125,-3.203125
0.532,0.080078125,2.802734375,-3.2431640625
0.5325,0.880859375,2.1220703125,-3.36328125
0.533,1.6416015625,1.5615234375,-3.5634765625
0.5335,2.322265625,1.12109375,-3.84375
0.534,2.6826171875,0.7607421875,-3.8837890625
0.5345,2.72265625,0.3603515625,-3.4833984375
0.535,2.6826171875,-0.2802734375,-2.9228515625
0.5355,2.802734375,-1.041015625,-2.2421875
0.536,3.04296875,-1.841796875,-1.681640625
0.5365,3.1630859375,-2.4423828125,-1.28125
0.537,3.123046875,-2.8427734375,-0.9208984375
0.5375,2.642578125,-2.8427734375,-0.3603515625
0.538,1.9619140625,-2.9228515625,0.4404296875
0.5385,1.3212890625,-3.1630859375,1.28125
0.539,0.880859375,-3.5234375,2.0419921875
0.5395,0.5205078125,-3.5634765625,2.482421875
0.54,0.0400390625,-3.283203125,2.6826171875
0.5405,-0.640625,-2.72265625,2.802734375
0.541,-1.4814453125,-2.001953125,2.9228515625
0.5415,-2.2021484375,-1.4814453125,3.123046875
0.542,-2.72265625,-1.0810546875,3.283203125
0.5425,-2.9228515625,-0.80078125,3.203125
0.543,-2.8828125,-0.3203125,2.642578125
0.5435,-2.8828125,0.400390625,2.001953125
0.544,-3.04296875,1.12109375,1.361328125
0.5445,-3.2431640625,1.921875,0.880859375
0.545,-3.3232421875,2.2822265625,0.48046875
0.5455,-3.0830078125,2.5625,0.1201171875
0.546,-2.5625,2.6025390625,-0.5205078125
0.5465,-1.8818359375,2.72265625,-1.3212890625
0.547,-1.3212890625,3.0029296875,-2.1220703125
0.5475,-0.9208984375,3.2431640625,-2.802734375
0.548,-0.560546875,3.283203125,-3.1630859375
0.5485,0.0,2.8427734375,-3.203125
0.549,0.640625,2.2822265625,-3.36328125
0.5495,1.4814453125,1.6015625,-3.5234375
0.55,2.1220703125,1.1611328125,-3.7236328125
0.5505,2.5625,0.80078125,-3.8037109375
0.551,2.72265625,0.48046875,-3.603515625
0.5515,2.6826171875,0.0,-3.0830078125
0.552,2.6826171875,-0.80078125,-2.4423828125
0.5525,2.8828125,-1.5615234375,-1.8818359375
0.553,3.0830078125,-2.2822265625,-1.4013671875
0.5535,3.123046875,-2.6025390625,-1.0810546875
0.554,2.7626953125,-2.72265625,-0.6005859375
0.5545,2.2421875,-2.8427734375,0.0400390625
0.555,1.5615234375,-3.04296875,0.9208984375
0.5555,1.0810546875,-3.2431640625,1.6416015625
0.556,0.6806640625,-3.4833984375,2.2822265625
0.5565,0.3203125,-3.4833984375,2.6025390625
0.557,-0.2802734375,-2.9228515625,2.642578125
0.5575,-1.0009765625,-2.3623046875,2.8427734375
0.558,-1.841796875,-1.76171875,3.0029296875
0.5585,-2.482421875,-1.3212890625,3.2431640625
0.559,-2.802734375,-1.0009765625,3.2431640625
0.5595,-2.8828125,-0.6005859375,2.8828125
0.56,-2.8828125,0.0,2.322265625
0.5605,-2.962890625,0.7607421875,1.6416015625
0.561,-3.1630859375,1.4814453125,1.12109375
0.5615,-3.36328125,2.2021484375,0.7607421875
0.562,-3.283203125,2.482421875,0.3603515625
0.5625,-2.7626953125,2.5224609375,-0.16015625
0.563,-2.2021484375,2.6826171875,-0.9208984375
0.5635,-1.521484375,2.8828125,-1.8017578125
0.564,-1.12109375,3.1630859375,-2.5224609375
0.5645,-0.720703125,3.2431640625,-2.962890625
0.565,-0.3203125,3.0830078125,-3.203125
0.5655,0.3603515625,2.5224609375,-3.283203125
0.566,1.1611328125,1.8818359375,-3.4033203125
0.5665,1.8818359375,1.3212890625,-3.603515625
0.567,2.482421875,0.9609375,-3.84375
0.5675,2.6826171875,0.640625,-3.7236328125
0.568,2.6025390625,0.1201171875,-3.203125
0.5685,2.6826171875,-0.5205078125,-2.642578125
0.569,2.7626953125,-1.3212890625,-2.001953125
0.5695,3.0029296875,-1.9619140625,-1.5615234375
0.57,3.123046875,-2.4423828125,-1.1611328125
0.5705,2.9228515625,-2.72265625,-0.80078125
0.571,2.40234375,-2.7626953125,-0.2001953125
0.5715,1.76171875,-2.9228515625,0.6005859375
0.572,1.2412109375,-3.203125,1.4013671875
0.5725,0.8408203125,-3.4833984375,2.08203125
0.573,0.48046875,-3.4833984375,2.482421875
0.5735,0.0,-3.123046875,2.5625
0.574,-0.6806640625,-2.6025390625,2.7626953125
0.5745,-1.5615234375,-1.921875,2.962890625
0.575,-2.2421875,-1.4814453125,3.1630859375
0.5755,-2.72265625,-1.12109375,3.283203125
0.576,-2.8828125,-0.80078125,3.123046875
0.5765,-2.8427734375,-0.2802734375,2.5224609375
0.577,-2.9228515625,0.48046875,1.921875
0.5775,-3.1630859375,1.3212890625,1.3212890625
0.578,-3.36328125,2.0419921875,0.880859375
0.5785,-3.36328125,2.4423828125,0.48046875
0.579,-3.04296875,2.6025390625,0.0
0.5795,-2.4423828125,2.6826171875,-0.6806640625
0.58,-1.7216796875,2.8828125,-1.6015625
0.5805,-1.201171875,3.1630859375,-2.40234375
0.581,-0.80078125,3.4033203125,-3.04296875
0.5815,-0.400390625,3.283203125,-3.283203125
0.582,0.240234375,2.6826171875,-3.3232421875
0.5825,1.0009765625,2.0419921875,-3.5234375
0.583,1.921875,1.361328125,-3.7236328125
0.5835,2.5224609375,0.9609375,-3.8837890625
0.584,2.8427734375,0.560546875,-3.84375
0.5845,2.8427734375,0.16015625,-3.5234375
0.585,2.72265625,-0.5205078125,-2.7626953125
0.5855,2.8427734375,-1.28125,-2.0419921875
0.586,3.04296875,-2.0419921875,-1.4814453125
0.5865,3.203125,-2.642578125,-1.12109375
0.587,3.04296875,-2.8427734375,-0.720703125
0.5875,2.5224609375,-2.8427734375,-0.16015625
0.588,1.8818359375,-3.0029296875,0.6005859375
0.5885,1.1611328125,-3.203125,1.5615234375
0.589,0.6806640625,-3.443359375,2.2021484375
0.5895,0.3203125,-3.5234375,2.642578125
0.59,-0.080078125,-3.2431640625,2.802734375
0.5905,-0.80078125,-2.5625,2.802734375
0.591,-1.6015625,-1.9619140625,2.962890625
0.5915,-2.322265625,-1.3212890625,3.1630859375
0.592,-2.8427734375,-1.041015625,3.3232421875
0.5925,-3.0029296875,-0.720703125,3.123046875
0.593,-2.9228515625,-0.2802734375,2.6025390625
0.5935,-2.962890625,0.4404296875,2.001953125
0.594,-3.0830078125,1.28125,1.28125
0.5945,-3.283203125,1.9619140625,0.880859375
0.595,-3.36328125,2.482421875,0.48046875
0.5955,-3.1630859375,2.6826171875,0.080078125
0.596,-2.5625,2.6826171875,-0.6005859375
0.5965,-1.921875,2.8828125,-1.361328125
0.597,-1.28125,3.123046875,-2.2822265625
0.5975,-0.8408203125,3.36328125,-2.9228515625
0.598,-0.48046875,3.3232421875,-3.283203125
0.5985,0.0400390625,2.962890625,-3.4033203125
0.599,0.8408203125,2.2421875,-3.5234375
0.5995,1.681640625,1.5615234375,-3.68359375
0.6,2.40234375,1.0009765625,-3.84375
0.6005,2.8427734375,0.6806640625,-4.00390625
0.601,2.9228515625,0.2802734375,-3.7236328125
0.6015,2.8427734375,-0.2802734375,-3.0029296875
0.602,2.8828125,-1.041015625,-2.322265625
0.6025,3.04296875,-1.9619140625,-1.6015625
0.603,3.2431640625,-2.5625,-1.2412109375
0.6035,3.1630859375,-2.9228515625,-0.80078125
0.604,2.802734375,-3.0029296875,-0.3603515625
0.6045,2.0419921875,-3.0029296875,0.48046875
0.605,1.3212890625,-3.203125,1.3212890625
0.6055,0.7607421875,-3.443359375,2.162109375
0.606,0.400390625,-3.603515625,2.6826171875
0.6065,0.0,-3.36328125,2.8427734375
0.607,-0.640625,-2.7626953125,2.8828125
0.6075,-1.4814453125,-2.0419921875,3.0029296875
0.608,-2.2822265625,-1.44140625,3.123046875
0.6085,-2.802734375,-1.041015625,3.2431640625
0.609,-3.0830078125,-0.720703125,3.203125
0.6095,-3.04296875,-0.3203125,2.802734375
0.61,-2.8828125,0.3203125,2.0419921875
0.6105,-3.0029296875,1.12109375,1.4013671875
0.611,-3.203125,1.921875,0.880859375
0.6115,-3.36328125,2.40234375,0.560546875
0.612,-3.203125,2.642578125,0.1201171875
0.6125,-2.72265625,2.642578125,-0.3603515625
0.613,-2.001953125,2.7626953125,-1.1611328125
0.6135,-1.361328125,2.962890625,-2.001953125
0.614,-0.9208984375,3.203125,-2.72265625
0.6145,-0.6005859375,3.36328125,-3.203125
0.615,-0.16015625,3.0830078125,-3.3232421875
0.6155,0.48046875,2.482421875,-3.36328125
0.616,1.28125,1.8017578125,-3.5634765625
0.6165,2.08203125,1.2412109375,-3.7236328125
0.617,2.5625,0.880859375,-3.923828125
0.6175,2.8427734375,0.560546875,-3.7236328125
0.618,2.802734375,0.1201171875,-3.3232421875
0.6185,2.7626953125,-0.640625,-2.642578125
0.619,2.8828125,-1.44140625,-1.9619140625
0.6195,3.1630859375,-2.2021484375,-1.44140625
0.62,3.2431640625,-2.72265625,-1.0810546875
0.6205,3.0029296875,-2.8828125,-0.640625
0.621,2.40234375,-2.9228515625,0.0
0.6215,1.7216796875,-3.0830078125,0.880859375
0.622,1.12109375,-3.3232421875,1.7216796875
0.6225,0.640625,-3.5634765625,2.40234375
0.623,0.2802734375,-3.5634765625,2.72265625
0.6235,-0.3203125,-3.123046875,2.8427734375
0.624,-1.0810546875,-2.4423828125,2.8828125
0.6245,-1.8818359375,-1.8017578125,3.123046875
0.625,-2.642578125,-1.28125,3.283203125
0.6255,-3.0029296875,-0.9208984375,3.36328125
0.626,-3.04296875,-0.5205078125,3.04296875
0.6265,-2.962890625,0.080078125,2.40234375
0.627,-3.04296875,0.9208984375,1.6416015625
0.6275,-3.203125,1.6416015625,1.0810546875
0.628,-3.36328125,2.2822265625,0.6005859375
0.6285,-3.36328125,2.6826171875,0.240234375
0.629,-2.8828125,2.6826171875,-0.2802734375
0.6295,-2.2021484375,2.6826171875,-1.0009765625
0.63,-1.4814453125,2.8828125,-1.8818359375
0.6305,-1.0009765625,3.1630859375,-2.6025390625
0.631,-0.640625,3.283203125,-3.1630859375
0.6315,-0.240234375,3.123046875,-3.36328125
0.632,0.3603515625,2.5625,-3.36328125
0.6325,1.201171875,1.841796875,-3.4833984375
0.633,1.921875,1.28125,-3.6435546875
0.6335,2.5224609375,0.880859375,-3.8037109375
0.634,2.802734375,0.6005859375,-3.84375
0.6345,2.7626953125,0.2001953125,-3.36328125
0.635,2.6826171875,-0.4404296875,-2.72265625
0.6355,2.802734375,-1.2412109375,-2.08203125
0.636,3.0029296875,-1.9619140625,-1.5615234375
0.6365,3.1630859375,-2.5224609375,-1.1611328125
0.637,3.04296875,-2.8427734375,-0.7607421875
0.6375,2.6025390625,-2.8828125,-0.2802734375
0.638,1.921875,-2.962890625,0.560546875
0.6385,1.28125,-3.203125,1.4013671875
0.639,0.80078125,-3.4833984375,2.162109375
0.6395,0.48046875,-3.603515625,2.6025390625
0.64,0.0,-3.283203125,2.72265625
0.6405,-0.640625,-2.7626953125,2.8427734375
0.641,-1.5615234375,-2.08203125,3.0029296875
0.6415,-2.2822265625,-1.521484375,3.203125
0.642,-2.802734375,-1.0810546875,3.3232421875
0.6425,-3.04296875,-0.7607421875,3.2431640625
0.643,-2.962890625,-0.2802734375,2.6826171875
0.6435,-2.962890625,0.48046875,1.9619140625
0.644,-3.123046875,1.28125,1.361328125
0.6445,-3.36328125,2.0419921875,0.880859375
0.645,-3.443359375,2.5224609375,0.48046875
0.6455,-3.1630859375,2.6826171875,0.0
0.646,-2.5625,2.72265625,-0.640625
0.6465,-1.8017578125,2.8427734375,-1.521484375
0.647,-1.2412109375,3.123046875,-2.322265625
0.6475,-0.80078125,3.3232421875,-3.0029296875
0.648,-0.4404296875,3.3232421875,-3.36328125
0.6485,0.16015625,2.7626953125,-3.36328125
0.649,0.9208984375,2.08203125,-3.5234375
0.6495,1.76171875,1.44140625,-3.603515625
0.65,2.40234375,1.0009765625,-3.84375
0.6505,2.7626953125,0.640625,-3.84375
0.651,2.8427734375,0.2802734375,-3.5634765625
0.6515,2.72265625,-0.2802734375,-2.9228515625
0.652,2.72265625,-1.041015625,-2.162109375
0.6525,2.8828125,-1.76171875,-1.6416015625
0.653,3.123046875,-2.4423828125,-1.201171875
0.6535,3.123046875,-2.72265625,-0.880859375
0.654,2.642578125,-2.7626953125,-0.3603515625
0.6545,2.08203125,-2.8828125,0.2802734375
0.655,1.4013671875,-3.0029296875,1.1611328125
0.6555,0.9208984375,-3.2431640625,1.841796875
0.656,0.560546875,-3.4833984375,2.3623046875
0.6565,0.2001953125,-3.4033203125,2.6025390625
0.657,-0.400390625,-2.8828125,2.642578125
0.6575,-1.1611328125,-2.2021484375,2.802734375
0.658,-1.8818359375,-1.681640625,3.0029296875
0.6585,-2.5224609375,-1.28125,3.2431640625
0.659,-2.8427734375,-1.0009765625,3.203125
0.6595,-2.8828125,-0.5205078125,2.8427734375
0.66,-2.8828125,0.080078125,2.322265625
0.6605,-2.962890625,0.880859375,1.6416015625
0.661,-3.203125,1.5615234375,1.1611328125
0.6615,-3.36328125,2.2021484375,0.720703125
0.662,-3.3232421875,2.5625,0.3603515625
0.6625,-2.8427734375,2.5625,-0.240234375
0.663,-2.2421875,2.802734375,-1.0009765625
0.6635,-1.5615234375,3.0029296875,-1.8818359375
0.664,-1.12109375,3.283203125,-2.642578125
0.6645,-0.720703125,3.3232421875,-3.123046875
0.665,-0.2802734375,3.123046875,-3.3232421875
0.6655,0.48046875,2.5625,-3.443359375
0.666,1.361328125,1.841796875,-3.5634765625
0.6665,2.08203125,1.28125,-3.8037109375
0.667,2.6826171875,0.880859375,-3.9638671875
0.6675,2.8427734375,0.560546875,-3.84375
0.668,2.7626953125,0.0,-3.203125
0.6685,2.8427734375,-0.7607421875,-2.5625
0.669,2.962890625,-1.6416015625,-1.8017578125
0.6695,3.1630859375,-2.3623046875,-1.3212890625
0.67,3.203125,-2.7626953125,-0.9609375
0.6705,2.9228515625,-2.9228515625,-0.5205078125
0.671,2.2421875,-2.9228515625,0.16015625
0.6715,1.521484375,-3.0830078125,1.0810546875
0.672,0.9208984375,-3.3232421875,1.8818359375
0.6725,0.5205078125,-3.5634765625,2.5224609375
0.673,0.1201171875,-3.4033203125,2.802734375
0.6735,-0.400390625,-2.9228515625,2.802734375
0.674,-1.1611328125,-2.2822265625,2.8828125
0.6745,-2.0419921875,-1.6015625,3.04296875
0.675,-2.6025390625,-1.1611328125,3.203125
0.6755,-2.962890625,-0.80078125,3.203125
0.676,-3.04296875,-0.5205078125,3.0029296875
0.6765,-2.8828125,0.1201171875,2.2822265625
0.677,-2.962890625,0.880859375,1.6015625
0.6775,-3.0830078125,1.6015625,1.0810546875
0.678,-3.36328125,2.2421875,0.640625
0.6785,-3.283203125,2.5224609375,0.2802734375
0.679,-2.8828125,2.642578125,-0.2001953125
0.6795,-2.2822265625,2.72265625,-0.880859375
0.68,-1.5615234375,2.8427734375,-1.8017578125
0.6805,-1.12109375,3.123046875,-2.5224609375
0.681,-0.6806640625,3.36328125,-3.0830078125
0.6815,-0.3603515625,3.2431640625,-3.36328125
0.682,0.2802734375,2.6826171875,-3.36328125
0.6825,1.041015625,2.0419921875,-3.5634765625
0.683,1.921875,1.4013671875,-3.7236328125
0.6835,2.5224609375,1.0009765625,-3.923828125
0.684,2.802734375,0.640625,-3.8837890625
0.6845,2.8427734375,0.240234375,-3.5234375
0.685,2.8427734375,-0.400390625,-2.8828125
0.6855,2.8828125,-1.28125,-2.08203125
0.686,3.123046875,-2.08203125,-1.5615234375
0.6865,3.283203125,-2.6826171875,-1.1611328125
0.687,3.1630859375,-2.9228515625,-0.7607421875
0.6875,2.5224609375,-2.9228515625,-0.16015625
0.688,1.921875,-3.123046875,0.640625
0.6885,1.201171875,-3.3232421875,1.6015625
0.689,0.720703125,-3.5634765625,2.2822265625
0.6895,0.3203125,-3.5634765625,2.6826171875
0.69,-0.16015625,-3.283203125,2.8427734375
0.6905,-0.9208984375,-2.5625,2.8828125
0.691,-1.7216796875,-1.8818359375,3.04296875
0.6915,-2.4423828125,-1.28125,3.1630859375
0.692,-2.962890625,-1.0009765625,3.36328125
0.6925,-3.0830078125,-0.6005859375,3.123046875
0.693,-2.9228515625,-0.1201171875,2.5224609375
0.6935,-2.962890625,0.6005859375,1.8818359375
0.694,-3.0830078125,1.44140625,1.1611328125
0.6945,-3.2431640625,2.08203125,0.720703125
0.695,-3.283203125,2.5224609375,0.3203125
0.6955,-3.0830078125,2.6826171875,0.0
0.696,-2.3623046875,2.6025390625,-0.720703125
0.6965,-1.76171875,2.7626953125,-1.5615234375
0.697,-1.1611328125,3.04296875,-2.3623046875
0.6975,-0.80078125,3.3232421875,-2.9228515625
0.698,-0.400390625,3.203125,-3.2431640625
0.6985,0.1201171875,2.8427734375,-3.3232421875
0.699,0.8408203125,2.2021484375,-3.4033203125
0.6995,1.6015625,1.5615234375,-3.5634765625
0.7,2.2421875,1.0810546875,-3.763671875
0.7005,2.72265625,0.7607421875,-3.84375
0.701,2.802734375,0.400390625,-3.603515625
0.7015,2.6826171875,-0.2001953125,-2.962890625
0.702,2.802734375,-0.880859375,-2.3623046875
0.7025,2.962890625,-1.7216796875,-1.7216796875
0.703,3.1630859375,-2.322265625,-1.3212890625
0.7035,3.123046875,-2.72265625,-0.9609375
0.704,2.802734375,-2.8828125,-0.5205078125
0.7045,2.162109375,-2.962890625,0.240234375
0.705,1.521484375,-3.0830078125,1.0810546875
0.7055,0.9609375,-3.36328125,1.841796875
0.706,0.6005859375,-3.603515625,2.4423828125
0.7065,0.240234375,-3.4033203125,2.6826171875
0.707,-0.400390625,-2.8828125,2.72265625
0.7075,-1.1611328125,-2.2822265625,2.8828125
0.708,-1.9619140625,-1.6416015625,3.123046875
0.7085,-2.6025390625,-1.28125,3.3232421875
0.709,-2.8828125,-0.880859375,3.2431640625
0.7095,-2.9228515625,-0.5205078125,2.8828125
0.71,-2.8828125,0.2001953125,2.2021484375
0.7105,-3.04296875,0.9609375,1.5615234375
0.711,-3.203125,1.76171875,1.0009765625
0.7115,-3.4033203125,2.322265625,0.640625
0.712,-3.203125,2.482421875,0.240234375
0.7125,-2.72265625,2.5625,-0.3603515625
0.713,-2.08203125,2.7626953125,-1.1611328125
0.7135,-1.4013671875,3.0029296875,-2.001953125
0.714,-1.0009765625,3.203125,-2.72265625
0.7145,-0.6005859375,3.3232421875,-3.1630859375
0.715,-0.16015625,3.04296875,-3.283203125
0.7155,0.560546875,2.3623046875,-3.3232421875
0.716,1.3212890625,1.76171875,-3.5634765625
0.7165,2.1220703125,1.201171875,-3.7236328125
0.717,2.6025390625,0.880859375,-3.8837890625
0.7175,2.7626953125,0.48046875,-3.68359375
0.718,2.6826171875,0.0400390625,-3.203125
0.7185,2.72265625,-0.720703125,-2.5224609375
0.719,2.8427734375,-1.4814453125,-1.841796875
0.7195,3.04296875,-2.2021484375,-1.28125
0.72,3.1630859375,-2.72265625,-1.0009765625
0.7205,2.8828125,-2.8427734375,-0.640625
0.721,2.2421875,-2.8427734375,0.0400390625
0.7215,1.6416015625,-3.0029296875,0.880859375
0.722,1.0810546875,-3.2431640625,1.681640625
0.7225,0.640625,-3.4833984375,2.2822265625
0.723,0.2802734375,-3.443359375,2.642578125
0.7235,-0.240234375,-3.04296875,2.72265625
0.724,-1.0009765625,-2.3623046875,2.8427734375
0.7245,-1.76171875,-1.8017578125,3.0029296875
0.725,-2.4423828125,-1.28125,3.203125
0.7255,-2.8828125,-1.0009765625,3.3232421875
0.726,-2.8828125,-0.640625,3.0029296875
0.7265,-2.8828125,0.0,2.40234375
0.727,-2.962890625,0.6806640625,1.8017578125
0.7275,-3.203125,1.521484375,1.28125
0.728,-3.3232421875,2.0419921875,0.7607421875
0.7285,-3.3232421875,2.482421875,0.3603515625
0.729,-2.9228515625,2.6025390625,-0.1201171875
0.7295,-2.2822265625,2.642578125,-0.8408203125
0.73,-1.6416015625,2.8828125,-1.681640625
0.7305,-1.1611328125,3.1630859375,-2.5224609375
0.731,-0.7607421875,3.36328125,-3.04296875
0.7315,-0.3603515625,3.1630859375,-3.2431640625
0.732,0.2802734375,2.642578125,-3.36328125
0.7325,1.12109375,1.9619140625,-3.4833984375
0.733,1.8818359375,1.4013671875,-3.68359375
0.7335,2.482421875,0.9609375,-3.84375
0.734,2.802734375,0.640625,-3.84375
0.7345,2.7626953125,0.240234375,-3.36328125
0.735,2.6826171875,-0.48046875,-2.72265625
0.7355,2.8828125,-1.28125,-2.162109375
0.736,3.04296875,-2.08203125,-1.521484375
0.7365,3.1630859375,-2.5625,-1.1611328125
0.737,3.0029296875,-2.802734375,-0.720703125
0.7375,2.5224609375,-2.8828125,-0.2001953125
0.738,1.76171875,-2.9228515625,0.640625
0.7385,1.201171875,-3.1630859375,1.44140625
0.739,0.7607421875,-3.4033203125,2.162109375
0.7395,0.4404296875,-3.5634765625,2.5625
0.74,-0.1201171875,-3.1630859375,2.6826171875
0.7405,-0.720703125,-2.5625,2.72265625
0.741,-1.5615234375,-1.921875,2.9228515625
0.7415,-2.2421875,-1.44140625,3.123046875
0.742,-2.72265625,-1.0810546875,3.203125
0.7425,-2.9228515625,-0.720703125,3.0830078125
0.743,-2.8828125,-0.3203125,2.6025390625
0.7435,-2.8828125,0.3603515625,1.921875
0.744,-3.0029296875,1.12109375,1.3212890625
0.7445,-3.2431640625,1.921875,0.9609375
0.745,-3.3232421875,2.3623046875,0.560546875
0.7455,-3.04296875,2.5224609375,0.1201171875
0.746,-2.5625,2.5625,-0.5205078125
0.7465,-1.8818359375,2.7626953125,-1.3212890625
0.747,-1.3212890625,3.0029296875,-2.1220703125
0.7475,-0.9609375,3.2431640625,-2.72265625
0.748,-0.6005859375,3.283203125,-3.123046875
0.7485,0.0,2.8427734375,-3.203125
0.749,0.640625,2.2421875,-3.3232421875
0.7495,1.4013671875,1.6416015625,-3.5234375
0.75,2.162109375,1.201171875,-3.763671875
0.7505,2.5625,0.880859375,-3.84375
0.751,2.6826171875,0.48046875,-3.5634765625
0.7515,2.6826171875,-0.1201171875,-3.0830078125
0.752,2.72265625,-0.9208984375,-2.3623046875
0.7525,2.8828125,-1.76171875,-1.9619140625
0.753,3.1630859375,-2.2822265625,-1.361328125
0.7535,3.1630859375,-2.642578125,-1.0009765625
0.754,2.72265625,-2.72265625,-0.5205078125
0.7545,2.1220703125,-2.8828125,0.240234375
0.755,1.4814453125,-3.0830078125,1.0810546875
0.7555,1.0009765625,-3.36328125,1.841796875
0.756,0.6005859375,-3.5234375,2.3623046875
0.7565,0.240234375,-3.36328125,2.6025390625
0.757,-0.400390625,-2.8427734375,2.6826171875
0.7575,-1.2412109375,-2.162109375,2.8427734375
0.758,-1.9619140625,-1.6416015625,3.04296875
0.7585,-2.6025390625,-1.201171875,3.2431640625
0.759,-2.8427734375,-0.9208984375,3.2431640625
0.7595,-2.8427734375,-0.5205078125,2.7626953125
0.76,-2.8427734375,0.1201171875,2.162109375
0.7605,-2.9228515625,0.9609375,1.4814453125
0.761,-3.203125,1.6416015625,1.041015625
0.7615,-3.283203125,2.2021484375,0.640625
0.762,-3.203125,2.5224609375,0.2802734375
0.7625,-2.6826171875,2.5224609375,-0.3203125
0.763,-2.0419921875,2.6826171875,-1.0810546875
0.7635,-1.44140625,2.8828125,-1.921875
0.764,-1.041015625,3.203125,-2.642578125
0.7645,-0.6806640625,3.283203125,-3.04296875
0.765,-0.2001953125,2.962890625,-3.203125
0.7655,0.4404296875,2.482421875,-3.283203125
0.766,1.28125,1.76171875,-3.4833984375
0.7665,1.9619140625,1.28125,-3.68359375
0.767,2.5224609375,0.9208984375,-3.84375
0.7675,2.7626953125,0.560546875,-3.8037109375
0.768,2.6826171875,0.0,-3.203125
0.7685,2.6826171875,-0.720703125,-2.5625
0.769,2.8828125,-1.44140625,-1.921875
0.7695,3.123046875,-2.2021484375,-1.44140625
0.77,3.1630859375,-2.642578125,-1.12109375
0.7705,2.9228515625,-2.8427734375,-0.640625
0.771,2.3623046875,-2.8828125,0.0400390625
0.7715,1.5615234375,-3.0830078125,0.9609375
0.772,1.0810546875,-3.283203125,1.7216796875
0.7725,0.640625,-3.5634765625,2.40234375
0.773,0.2802734375,-3.5234375,2.72265625
0.7735,-0.3203125,-2.962890625,2.7626953125
0.774,-1.0810546875,-2.3623046875,2.8828125
0.7745,-1.9619140625,-1.6416015625,3.04296875
0.775,-2.6025390625,-1.2412109375,3.283203125
0.7755,-2.9228515625,-0.9208984375,3.2431640625
0.776,-3.04296875,-0.560546875,2.962890625
0.7765,-2.9228515625,0.080078125,2.2822265625
0.777,-2.962890625,0.9208984375,1.5615234375
0.7775,-3.1630859375,1.6416015625,1.041015625
0.778,-3.36328125,2.322265625,0.6005859375
0.7785,-3.283203125,2.6025390625,0.2802734375
0.779,-2.802734375,2.642578125,-0.3203125
0.7795,-2.2021484375,2.7626953125,-1.0009765625
0.78,-1.44140625,2.9228515625,-1.9619140625
0.7805,-1.0009765625,3.1630859375,-2.642578125
0.781,-0.6005859375,3.3232421875,-3.1630859375
0.7815,-0.240234375,3.1630859375,-3.36328125
0.782,0.48046875,2.5224609375,-3.36328125
0.7825,1.28125,1.8818359375,-3.5234375
0.783,2.0419921875,1.2412109375,-3.68359375
0.7835,2.6025390625,0.8408203125,-3.8837890625
0.784,2.8427734375,0.5205078125,-3.8037109375
0.7845,2.7626953125,0.0400390625,-3.36328125
0.785,2.7626953125,-0.560546875,-2.72265625
0.7855,2.8427734375,-1.361328125,-1.9619140625
0.786,3.04296875,-2.1220703125,-1.4814453125
0.7865,3.1630859375,-2.6826171875,-1.041015625
0.787,3.0830078125,-2.9228515625,-0.6806640625
0.7875,2.4423828125,-2.8828125,-0.080078125
0.788,1.8017578125,-3.04296875,0.720703125
0.7885,1.12109375,-3.2431640625,1.6015625
0.789,0.6806640625,-3.5634765625,2.2822265625
0.7895,0.3203125,-3.5634765625,2.6826171875
0.79,-0.16015625,-3.203125,2.8427734375
0.7905,-0.9208984375,-2.5625,2.8828125
0.791,-1.76171875,-1.841796875,3.0830078125
0.7915,-2.4423828125,-1.361328125,3.203125
0.792,-2.962890625,-1.0009765625,3.36328125
0.7925,-3.0830078125,-0.6806640625,3.1630859375
0.793,-2.962890625,-0.080078125,2.5224609375
0.7935,-3.04296875,0.640625,1.921875
0.794,-3.1630859375,1.5615234375,1.1611328125
0.7945,-3.36328125,2.162109375,0.7607421875
0.795,-3.36328125,2.5625,0.3603515625
0.7955,-3.0830078125,2.72265625,0.0
0.796,-2.3623046875,2.72265625,-0.80078125
0.7965,-1.681640625,2.8828125,-1.6416015625
0.797,-1.12109375,3.123046875,-2.4423828125
0.7975,-0.720703125,3.36328125,-3.0830078125
0.798,-0.3203125,3.2431640625,-3.36328125
0.7985,0.2001953125,2.72265625,-3.36328125
0.799,0.9609375,2.1220703125,-3.5234375
0.7995,1.841796875,1.361328125,-3.68359375
0.8,2.4423828125,0.9609375,-3.84375
0.8005,2.8427734375,0.560546875,-3.8837890625
0.801,2.8427734375,0.2802734375,-3.5634765625
0.8015,2.72265625,-0.3203125,-2.8427734375
0.802,2.802734375,-1.12109375,-2.2021484375
0.8025,3.0029296875,-1.921875,-1.5615234375
0.803,3.203125,-2.5625,-1.1611328125
0.8035,3.123046875,-2.8427734375,-0.80078125
0.804,2.6826171875,-2.8828125,-0.3203125
0.8045,2.0419921875,-2.962890625,0.4404296875
0.805,1.28125,-3.1630859375,1.3212890625
0.8055,0.80078125,-3.36328125,2.0419921875
0.806,0.48046875,-3.603515625,2.6025390625
0.8065,0.0400390625,-3.4033203125,2.802734375
0.807,-0.6005859375,-2.7626953125,2.802734375
0.8075,-1.361328125,-2.162109375,2.9228515625
0.808,-2.2421875,-1.521484375,3.1630859375
0.8085,-2.7626953125,-1.1611328125,3.3232421875
0.809,-3.04296875,-0.720703125,3.203125
0.8095,-3.04296875,-0.3203125,2.802734375
0.81,-2.962890625,0.3603515625,2.08203125
0.8105,-3.0830078125,1.1611328125,1.4013671875
0.811,-3.283203125,1.921875,0.9208984375
0.8115,-3.443359375,2.482421875,0.560546875
0.812,-3.203125,2.642578125,0.1201171875
0.8125,-2.642578125,2.6826171875,-0.5205078125
0.813,-2.001953125,2.8427734375,-1.28125
0.8135,-1.3212890625,3.0830078125,-2.2021484375
0.814,-0.8408203125,3.283203125,-2.8427734375
0.8145,-0.5205078125,3.36328125,-3.283203125
0.815,0.0,3.0029296875,-3.4033203125
0.8155,0.720703125,2.2421875,-3.443359375
0.816,1.521484375,1.6015625,-3.603515625
0.8165,2.2822265625,1.0009765625,-3.8037109375
0.817,2.7626953125,0.7607421875,-3.923828125
0.8175,2.8427734375,0.3603515625,-3.6435546875
0.818,2.7626953125,-0.16015625,-3.0830078125
0.8185,2.802734375,-0.880859375,-2.40234375
0.819,2.8828125,-1.681640625,-1.7216796875
0.8195,3.123046875,-2.322265625,-1.28125
0.82,3.1630859375,-2.7626953125,-0.9208984375
0.8205,2.8427734375,-2.8828125,-0.5205078125
0.821,2.162109375,-2.8828125,0.2001953125
0.8215,1.521484375,-3.0830078125,1.0009765625
0.822,0.9208984375,-3.283203125,1.841796875
0.8225,0.6005859375,-3.5234375,2.40234375
0.823,0.16015625,-3.4033203125,2.72265625
0.8235,-0.3203125,-3.0029296875,2.7626953125
0.824,-1.1611328125,-2.322265625,2.8427734375
0.8245,-1.921875,-1.76171875,3.0029296875
0.825,-2.5625,-1.201171875,3.203125
0.8255,-2.9228515625,-0.9208984375,3.3232421875
0.826,-2.962890625,-0.5205078125,2.9228515625
0.8265,-2.8828125,0.080078125,2.2822265625
0.827,-2.962890625,0.80078125,1.7216796875
0.8275,-3.1630859375,1.6015625,1.0810546875
0.828,-3.36328125,2.2021484375,0.6806640625
0.8285,-3.283203125,2.5625,0.2802734375
0.829,-2.9228515625,2.642578125,-0.16015625
0.8295,-2.2021484375,2.72265625,-0.9609375
0.83,-1.6015625,2.9228515625,-1.8017578125
0.8305,-1.041015625,3.1630859375,-2.5625
0.831,-0.720703125,3.36328125,-3.0830078125
0.8315,-0.2802734375,3.123046875,-3.3232421875
0.832,0.3603515625,2.5625,-3.36328125
0.8325,1.201171875,1.8818359375,-3.5634765625
0.833,1.921875,1.3212890625,-3.7236328125
0.8335,2.5224609375,0.9208984375,-3.8837890625
0.834,2.802734375,0.6005859375,-3.84375
0.8345,2.802734375,0.16015625,-3.36328125
0.835,2.6826171875,-0.560546875,-2.642578125
0.8355,2.8427734375,-1.3212890625,-2.001953125
0.836,3.0830078125,-2.1220703125,-1.44140625
0.8365,3.203125,-2.6025390625,-1.12109375
0.837,3.0029296875,-2.8427734375,-0.640625
0.8375,2.482421875,-2.8828125,-0.1201171875
0.838,1.76171875,-3.0029296875,0.7607421875
0.8385,1.12109375,-3.203125,1.5615234375
0.839,0.640625,-3.4833984375,2.2822265625
0.8395,0.3203125,-3.603515625,2.6826171875
0.84,-0.2001953125,-3.1630859375,2.7626953125
0.8405,-0.9208984375,-2.5625,2.802734375
0.841,-1.681640625,-1.841796875,2.962890625
0.8415,-2.40234375,-1.3212890625,3.1630859375
0.842,-2.8427734375,-1.0009765625,3.2431640625
0.8425,-2.962890625,-0.640625,3.04296875
0.843,-2.8828125,-0.16015625,2.5224609375
0.8435,-2.8828125,0.6005859375,1.8017578125
0.844,-3.04296875,1.3212890625,1.2412109375
0.8445,-3.203125,2.0419921875,0.7607421875
0.845,-3.3232421875,2.482421875,0.48046875
0.8455,-2.962890625,2.5625,0.0
0.846,-2.40234375,2.6025390625,-0.640625
0.8465,-1.76171875,2.802734375,-1.4814453125
0.847,-1.2412109375,3.04296875,-2.2822265625
0.8475,-0.8408203125,3.203125,-2.8828125
0.848,-0.48046875,3.203125,-3.203125
0.8485,0.0400390625,2.7626953125,-3.283203125
0.849,0.80078125,2.162109375,-3.36328125
0.8495,1.5615234375,1.5615234375,-3.5634765625
0.85,2.2421875,1.12109375,-3.8037109375
0.8505,2.642578125,0.8408203125,-3.8837890625
0.851,2.6826171875,0.400390625,-3.5634765625
0.8515,2.6826171875,-0.2001953125,-2.962890625
0.852,2.802734375,-1.0009765625,-2.2822265625
0.8525,2.962890625,-1.7216796875,-1.76171875
0.853,3.1630859375,-2.3623046875,-1.3212890625
0.8535,3.1630859375,-2.7626953125,-0.9609375
0.854,2.72265625,-2.802734375,-0.4404296875
0.8545,2.0419921875,-2.9228515625,0.3203125
0.855,1.4013671875,-3.1630859375,1.2412109375
0.8555,0.9208984375,-3.4833984375,2.001953125
0.856,0.5205078125,-3.603515625,2.482421875
0.8565,0.080078125,-3.4033203125,2.6826171875
0.857,-0.560546875,-2.8427734375,2.802734375
0.8575,-1.44140625,-2.08203125,2.9228515625
0.858,-2.1220703125,-1.521484375,3.1630859375
0.8585,-2.7626953125,-1.12109375,3.3232421875
0.859,-3.0029296875,-0.80078125,3.2431640625
0.8595,-2.9228515625,-0.3203125,2.6826171875
0.86,-2.9228515625,0.3603515625,2.0419921875
0.8605,-3.04296875,1.201171875,1.361328125
0.861,-3.2431640625,1.921875,0.880859375
0.8615,-3.36328125,2.40234375,0.48046875
0.862,-3.1630859375,2.642578125,0.1201171875
0.8625,-2.6025390625,2.642578125,-0.5205078125
0.863,-1.8818359375,2.7626953125,-1.361328125
0.8635,-1.28125,3.0029296875,-2.2021484375
0.864,-0.8408203125,3.2431640625,-2.8828125
0.8645,-0.5205078125,3.2431640625,-3.2431640625
0.865,0.0400390625,2.8828125,-3.283203125
0.8655,0.720703125,2.2822265625,-3.4033203125
0.866,1.5615234375,1.5615234375,-3.5634765625
0.8665,2.2421875,1.12109375,-3.763671875
0.867,2.6826171875,0.720703125,-3.84375
0.8675,2.8427734375,0.4404296875,-3.7236328125
0.868,2.7626953125,-0.16015625,-3.0830078125
0.8685,2.7626953125,-0.880859375,-2.3623046875
0.869,2.9228515625,-1.6416015625,-1.8017578125
0.8695,3.1630859375,-2.40234375,-1.28125
0.87,3.1630859375,-2.7626953125,-0.9609375
0.8705,2.8427734375,-2.8828125,-0.48046875
0.871,2.2421875,-2.962890625,0.2001953125
0.8715,1.521484375,-3.1630859375,1.12109375
0.872,0.9609375,-3.4033203125,1.841796875
0.8725,0.5205078125,-3.603515625,2.482421875
0.873,0.16015625,-3.5234375,2.802734375
0.8735,-0.48046875,-2.9228515625,2.8427734375
0.874,-1.2412109375,-2.2822265625,2.9228515625
0.8745,-2.08203125,-1.6015625,3.123046875
0.875,-2.72265625,-1.201171875,3.3232421875
0.8755,-3.0029296875,-0.80078125,3.283203125
0.876,-3.0830078125,-0.400390625,2.962890625
0.8765,-3.0029296875,0.2001953125,2.2822265625
0.877,-3.04296875,1.041015625,1.521484375
0.8775,-3.203125,1.76171875,1.0009765625
0.878,-3.36328125,2.40234375,0.560546875
0.8785,-3.283203125,2.6826171875,0.240234375
0.879,-2.7626953125,2.6826171875,-0.3603515625
0.8795,-2.1220703125,2.72265625,-1.1611328125
0.88,-1.4013671875,2.9228515625,-2.0419921875
0.8805,-1.0009765625,3.1630859375,-2.72265625
0.881,-0.6005859375,3.283203125,-3.203125
0.8815,-0.16015625,3.123046875,-3.36328125
0.882,0.5205078125,2.482421875,-3.36328125
0.8825,1.3212890625,1.8017578125,-3.5234375
0.883,2.0419921875,1.201171875,-3.68359375
0.8835,2.642578125,0.8408203125,-3.8837890625
0.884,2.802734375,0.5205078125,-3.8037109375
0.8845,2.7626953125,0.0400390625,-3.203125
0.885,2.7626953125,-0.6005859375,-2.642578125
0.8855,2.8427734375,-1.44140625,-1.8818359375
0.886,3.04296875,-2.1220703125,-1.44140625
0.8865,3.1630859375,-2.642578125,-1.041015625
0.887,3.04296875,-2.8828125,-0.6806640625
0.8875,2.40234375,-2.9228515625,-0.080078125
0.888,1.76171875,-3.0830078125,0.7607421875
0.8885,1.12109375,-3.2431640625,1.5615234375
0.889,0.720703125,-3.5234375,2.2822265625
0.8895,0.3203125,-3.5234375,2.642578125
0.89,-0.16015625,-3.1630859375,2.72265625
0.8905,-0.8408203125,-2.5625,2.8427734375
0.891,-1.681640625,-1.841796875,3.0029296875
0.8915,-2.3623046875,-1.361328125,3.1630859375
0.892,-2.8828125,-1.0009765625,3.3232421875
0.8925,-3.0029296875,-0.640625,3.1630859375
0.893,-2.8828125,-0.1201171875,2.5224609375
0.8935,-2.9228515625,0.6005859375,1.921875
0.894,-3.0830078125,1.4013671875,1.2412109375
0.8945,-3.283203125,2.0419921875,0.80078125
0.895,-3.3232421875,2.482421875,0.4404296875
0.8955,-3.04296875,2.5625,0.0
0.896,-2.40234375,2.642578125,-0.6806640625
0.8965,-1.76171875,2.7626953125,-1.6015625
0.897,-1.201171875,3.0830078125,-2.2822265625
0.8975,-0.80078125,3.3232421875,-2.962890625
0.898,-0.4404296875,3.203125,-3.203125
0.8985,0.1201171875,2.72265625,-3.2431640625
0.899,0.880859375,2.162109375,-3.443359375
0.8995,1.7216796875,1.4814453125,-3.603515625
0.9,2.322265625,1.0810546875,-3.84375
0.9005,2.6826171875,0.720703125,-3.8037109375
0.901,2.7626953125,0.3603515625,-3.5634765625
0.9015,2.6826171875,-0.2802734375,-2.8828125
0.902,2.7626953125,-1.041015625,-2.2421875
0.9025,3.0029296875,-1.841796875,-1.6416015625
0.903,3.203125,-2.482421875,-1.2412109375
0.9035,3.123046875,-2.802734375,-0.9208984375
0.904,2.6826171875,-2.8828125,-0.3603515625
0.9045,2.0419921875,-3.04296875,0.3603515625
0.905,1.3212890625,-3.1630859375,1.28125
0.9055,0.880859375,-3.36328125,2.001953125
0.906,0.48046875,-3.5634765625,2.5224609375
0.9065,0.080078125,-3.36328125,2.72265625
0.907,-0.640625,-2.72265625,2.7626953125
0.9075,-1.4013671875,-2.08203125,2.9228515625
0.908,-2.2021484375,-1.4814453125,3.1630859375
0.9085,-2.7626953125,-1.1611328125,3.3232421875
0.909,-2.962890625,-0.7607421875,3.1630859375
0.9095,-2.9228515625,-0.3203125,2.72265625
0.91,-2.9228515625,0.3603515625,2.0419921875
0.9105,-3.04296875,1.201171875,1.4013671875
0.911,-3.203125,1.8818359375,0.9208984375
0.9115,-3.36328125,2.40234375,0.5205078125
0.912,-3.203125,2.5224609375,0.1201171875
0.9125,-2.5625,2.5224609375,-0.5205078125
0.913,-1.9619140625,2.802734375,-1.28125
0.9135,-1.3212890625,3.04296875,-2.1220703125
0.914,-0.9208984375,3.2431640625,-2.7626953125
0.9145,-0.5205078125,3.203125,-3.1630859375
0.915,0.0,2.9228515625,-3.2431640625
0.9155,0.6806640625,2.2822265625,-3.36328125
0.916,1.44140625,1.6416015625,-3.5234375
0.9165,2.162109375,1.12109375,-3.68359375
0.917,2.6025390625,0.880859375,-3.8837890625
0.9175,2.72265625,0.48046875,-3.603515625
0.918,2.6826171875,0.0,-3.0830078125
0.9185,2.72265625,-0.7607421875,-2.4423828125
0.919,2.8828125,-1.5615234375,-1.8017578125
0.9195,3.123046875,-2.2421875,-1.44140625
0.92,3.123046875,-2.72265625,-1.041015625
0.9205,2.8427734375,-2.8828125,-0.640625
0.921,2.2421875,-2.8427734375,0.1201171875
0.9215,1.6015625,-3.04296875,0.9208984375
0.922,1.0009765625,-3.283203125,1.76171875
0.9225,0.6806640625,-3.5634765625,2.3623046875
0.923,0.2802734375,-3.4033203125,2.642578125
0.9235,-0.3203125,-2.962890625,2.72265625
0.924,-1.0810546875,-2.322265625,2.8828125
0.9245,-1.8818359375,-1.7216796875,3.04296875
0.925,-2.5224609375,-1.28125,3.2431640625
0.9255,-2.8828125,-0.9609375,3.283203125
0.926,-2.9228515625,-0.6005859375,2.962890625
0.9265,-2.8828125,0.080078125,2.2822265625
0.927,-2.962890625,0.80078125,1.681640625
0.9275,-3.203125,1.5615234375,1.0810546875
0.928,-3.36328125,2.162109375,0.6806640625
0.9285,-3.2431640625,2.482421875,0.2802734375
0.929,-2.8427734375,2.5625,-0.2001953125
0.9295,-2.162109375,2.6826171875,-1.0009765625
0.93,-1.5615234375,2.8828125,-1.8017578125
0.9305,-1.041015625,3.1630859375,-2.5625
0.931,-0.720703125,3.3232421875,-3.0830078125
0.9315,-0.2802734375,3.04296875,-3.203125
0.932,0.400390625,2.482421875,-3.283203125
0.9325,1.201171875,1.8818359375,-3.4833984375
0.933,1.921875,1.28125,-3.6435546875
0.9335,2.4423828125,0.9609375,-3.8037109375
0.934,2.6826171875,0.6005859375,-3.7236328125
0.9345,2.6826171875,0.2001953125,-3.283203125
0.935,2.642578125,-0.5205078125,-2.6025390625
0.9355,2.802734375,-1.28125,-2.001953125
0.936,3.0029296875,-2.001953125,-1.521484375
0.9365,3.1630859375,-2.5625,-1.201171875
0.937,2.9228515625,-2.72265625,-0.720703125
0.9375,2.40234375,-2.7626953125,-0.2001953125
0.938,1.8017578125,-2.9228515625,0.6005859375
0.9385,1.201171875,-3.1630859375,1.4013671875
0.939,0.80078125,-3.4033203125,2.0419921875
0.9395,0.4404296875,-3.4833984375,2.5224609375
0.94,0.0,-3.1630859375,2.6025390625
0.9405,-0.720703125,-2.5224609375,2.72265625
0.941,-1.4814453125,-1.9619140625,2.8828125
0.9415,-2.2421875,-1.44140625,3.123046875
0.942,-2.6826171875,-1.1611328125,3.283203125
0.9425,-2.8427734375,-0.7607421875,3.04296875
0.943,-2.8427734375,-0.2802734375,2.5625
0.9435,-2.8828125,0.4404296875,1.921875
0.944,-3.04296875,1.201171875,1.3212890625
0.9445,-3.2431640625,1.841796875,0.9208984375
0.945,-3.36328125,2.3623046875,0.560546875
0.9455,-3.0029296875,2.482421875,0.080078125
0.946,-2.4423828125,2.5625,-0.6005859375
0.9465,-1.8017578125,2.802734375,-1.4013671875
0.947,-1.28125,3.0830078125,-2.2021484375
0.9475,-0.9208984375,3.283203125,-2.802734375
0.948,-0.5205078125,3.1630859375,-3.123046875
0.9485,0.0400390625,2.802734375,-3.203125
0.949,0.80078125,2.1220703125,-3.36328125
0.9495,1.5615234375,1.5615234375,-3.5634765625
0.95,2.2421875,1.12109375,-3.763671875
0.9505,2.6025390625,0.80078125,-3.84375
0.951,2.642578125,0.400390625,-3.4833984375
0.9515,2.6025390625,-0.3203125,-2.8828125
0.952,2.7626953125,-1.041015625,-2.2822265625
0.9525,2.962890625,-1.8017578125,-1.76171875
0.953,3.1630859375,-2.322265625,-1.3212890625
0.9535,3.0830078125,-2.72265625,-0.9208984375
0.954,2.642578125,-2.7626953125,-0.400390625
0.9545,1.9619140625,-2.8828125,0.400390625
0.955,1.361328125,-3.0830078125,1.2412109375
0.9555,0.880859375,-3.4033203125,1.9619140625
0.956,0.560546875,-3.5634765625,2.482421875
0.9565,0.0400390625,-3.2431640625,2.6826171875
0.957,-0.6005859375,-2.72265625,2.7626953125
0.9575,-1.4814453125,-2.001953125,2.9228515625
0.958,-2.2021484375,-1.4814453125,3.123046875
0.9585,-2.72265625,-1.12109375,3.2431640625
0.959,-2.962890625,-0.7607421875,3.203125
0.9595,-2.9228515625,-0.3203125,2.642578125
0.96,-2.8828125,0.400390625,1.9619140625
0.9605,-3.04296875,1.1611328125,1.3212890625
0.961,-3.2431640625,1.921875,0.880859375
0.9615,-3.36328125,2.40234375,0.5205078125
0.962,-3.0830078125,2.6025390625,0.080078125
0.9625,-2.5625,2.642578125,-0.5205078125
0.963,-1.841796875,2.802734375,-1.361328125
0.9635,-1.28125,3.0029296875,-2.162109375
0.964,-0.80078125,3.2431640625,-2.8828125
0.9645,-0.5205078125,3.3232421875,-3.203125
0.965,0.0400390625,2.8427734375,-3.283203125
0.9655,0.7607421875,2.2421875,-3.4033203125
0.966,1.5615234375,1.5615234375,-3.5634765625
0.9665,2.2822265625,1.0810546875,-3.8037109375
0.967,2.6826171875,0.7607421875,-3.84375
0.9675,2.802734375,0.3203125,-3.6435546875
0.968,2.72265625,-0.2001953125,-3.0830078125
0.9685,2.72265625,-1.0009765625,-2.322265625
0.969,2.9228515625,-1.681640625,-1.76171875
0.9695,3.1630859375,-2.40234375,-1.28125
0.97,3.203125,-2.802734375,-0.9609375
0.9705,2.802734375,-2.8828125,-0.4404296875
0.971,2.162109375,-2.962890625,0.2802734375
0.9715,1.4013671875,-3.123046875,1.201171875
0.972,0.9208984375,-3.36328125,1.921875
0.9725,0.5205078125,-3.5634765625,2.5224609375
0.973,0.1201171875,-3.4833984375,2.8427734375
0.9735,-0.5205078125,-2.8828125,2.8427734375
0.974,-1.3212890625,-2.2021484375,2.962890625
0.9745,-2.1220703125,-1.5615234375,3.123046875
0.975,-2.802734375,-1.1611328125,3.36328125
0.9755,-3.0830078125,-0.80078125,3.3232421875
0.976,-3.04296875,-0.3603515625,2.8427734375
0.9765,-3.04296875,0.240234375,2.2021484375
0.977,-3.0830078125,1.201171875,1.44140625
0.9775,-3.2431640625,1.921875,0.9208984375
0.978,-3.36328125,2.482421875,0.48046875
0.9785,-3.3232421875,2.7626953125,0.16015625
0.979,-2.6826171875,2.72265625,-0.48046875
0.9795,-2.001953125,2.8427734375,-1.28125
0.98,-1.28125,3.04296875,-2.2021484375
0.9805,-0.880859375,3.283203125,-2.8828125
0.981,-0.48046875,3.3232421875,-3.283203125
0.9815,0.0,3.04296875,-3.443359375
0.982,0.6806640625,2.40234375,-3.4833984375
0.9825,1.521484375,1.6416015625,-3.5634765625
0.983,2.2021484375,1.12109375,-3.7236328125
0.9835,2.7626953125,0.6806640625,-3.8837890625
0.984,2.8828125,0.3603515625,-3.763671875
0.9845,2.7626953125,-0.16015625,-3.203125
0.985,2.802734375,-0.7607421875,-2.5224609375
0.9855,2.8427734375,-1.6015625,-1.76171875
0.986,3.0830078125,-2.2822265625,-1.3212890625
0.9865,3.123046875,-2.72265625,-0.9609375
0.987,2.9228515625,-2.9228515625,-0.6005859375
0.9875,2.3623046875,-2.8828125,0.0400390625
0.988,1.6015625,-3.04296875,0.880859375
0.9885,1.041015625,-3.203125,1.681640625
0.989,0.640625,-3.5634765625,2.3623046875
0.9895,0.2802734375,-3.5234375,2.6826171875
0.99,-0.240234375,-3.0830078125,2.7626953125
0.9905,-0.9208984375,-2.5224609375,2.8828125
0.991,-1.8017578125,-1.8017578125,3.04296875
0.9915,-2.4423828125,-1.4013671875,3.203125
0.992,-2.9228515625,-1.0009765625,3.3232421875
0.9925,-3.0830078125,-0.6806640625,3.123046875
0.993,-2.9228515625,0.0,2.482421875
0.9935,-2.962890625,0.6806640625,1.841796875
0.994,-3.1630859375,1.4814453125,1.201171875
0.9945,-3.4033203125,2.2021484375,0.7607421875
0.995,-3.36328125,2.5224609375,0.400390625
0.9955,-3.0029296875,2.6826171875,-0.16015625
0.996,-2.40234375,2.72265625,-0.80078125
0.9965,-1.6416015625,2.9228515625,-1.7216796875
0.997,-1.12109375,3.1630859375,-2.482421875
0.9975,-0.720703125,3.4033203125,-3.0830078125
0.998,-0.3603515625,3.3232421875,-3.36328125
0.9985,0.2802734375,2.6826171875,-3.36328125
0.999,1.0810546875,2.0419921875,-3.5634765625
0.9995,1.921875,1.3212890625,-3.7236328125
