wavelength,x,y,z
0.0,4.134033203125,-4.754638671875,0.050048828125
0.0005,4.093994140625,-3.953857421875,-0.710693359375
0.001,4.294189453125,-3.793701171875,-1.111083984375
0.0015,4.254150390625,-2.632568359375,-2.272216796875
0.002,4.334228515625,-1.991943359375,-2.832763671875
0.0025,4.013916015625,-0.990966796875,-3.553466796875
0.003,3.853759765625,-0.190185546875,-4.073974609375
0.0035,3.052978515625,0.690673828125,-4.194091796875
0.004,2.732666015625,1.331298828125,-4.474365234375
0.0045,1.651611328125,2.572509765625,-4.634521484375
0.005,1.051025390625,3.052978515625,-4.434326171875
0.0055,0.170166015625,3.893798828125,-4.354248046875
0.006,-0.630615234375,4.134033203125,-3.793701171875
0.0065,-1.311279296875,4.454345703125,-3.473388671875
0.007,-2.432373046875,4.494384765625,-2.432373046875
0.0075,-3.433349609375,4.734619140625,-1.631591796875
0.008,-3.953857421875,4.334228515625,-0.710693359375
0.0085,-4.634521484375,4.294189453125,-0.070068359375
0.009,-4.594482421875,3.453369140625,0.690673828125
0.0095,-4.834716796875,3.133056640625,1.211181640625
0.01,-4.874755859375,1.971923828125,2.492431640625
0.0105,-4.794677734375,1.251220703125,3.052978515625
0.011,-4.514404296875,0.210205078125,3.853759765625
0.0115,-4.114013671875,-0.630615234375,4.214111328125
0.012,-3.433349609375,-1.511474609375,4.334228515625
0.0125,-2.792724609375,-2.312255859375,4.494384765625
0.013,-1.791748046875,-3.513427734375,4.654541015625
0.0135,-0.990966796875,-3.873779296875,4.214111328125
0.014,-0.270263671875,-4.634521484375,4.214111328125
0.0145,0.570556640625,-4.634521484375,3.493408203125
0.015,1.171142578125,-4.914794921875,3.133056640625
0.0155,2.452392578125,-4.994873046875,1.931884765625
0.016,3.253173828125,-4.994873046875,1.211181640625
0.0165,3.693603515625,-4.554443359375,0.290283203125
0.017,4.134033203125,-4.474365234375,-0.270263671875
0.0175,4.013916015625,-3.673583984375,-0.990966796875
0.018,4.134033203125,-3.193115234375,-1.471435546875
0.0185,4.254150390625,-2.192138671875,-2.592529296875
0.019,3.973876953125,-1.431396484375,-3.072998046875
0.0195,3.853759765625,-0.550537109375,-3.833740234375
0.02,3.253173828125,0.290283203125,-3.953857421875
0.0205,2.852783203125,0.970947265625,-4.194091796875
0.021,2.052001953125,1.891845703125,-4.274169921875
0.0215,1.331298828125,2.812744140625,-4.514404296875
0.022,0.490478515625,3.213134765625,-4.033935546875
0.0225,-0.150146484375,3.893798828125,-4.154052734375
0.023,-0.990966796875,3.973876953125,-3.353271484375
0.0235,-1.591552734375,4.294189453125,-3.032958984375
0.024,-2.872802734375,4.414306640625,-1.911865234375
0.0245,-3.553466796875,4.334228515625,-1.271240234375
0.025,-4.073974609375,4.053955078125,-0.390380859375
0.0255,-4.394287109375,3.773681640625,0.130126953125
0.026,-4.514404296875,3.173095703125,0.890869140625
0.0265,-4.554443359375,2.572509765625,1.571533203125
0.027,-4.834716796875,1.651611328125,2.692626953125
0.0275,-4.394287109375,0.770751953125,3.173095703125
0.028,-4.434326171875,0.010009765625,3.933837890625
0.0285,-3.593505859375,-0.990966796875,4.013916015625
0.029,-3.273193359375,-1.631591796875,4.334228515625
0.0295,-2.272216796875,-2.712646484375,4.414306640625
0.03,-1.551513671875,-3.553466796875,4.494384765625
0.0305,-0.630615234375,-3.993896484375,3.973876953125
0.031,-0.110107421875,-4.514404296875,3.973876953125
0.0315,0.770751953125,-4.554443359375,3.173095703125
0.032,1.491455078125,-4.754638671875,2.692626953125
0.0325,2.772705078125,-4.994873046875,1.571533203125
0.033,3.253173828125,-4.674560546875,0.810791015625
0.0335,3.773681640625,-4.514404296875,0.090087890625
0.034,3.853759765625,-3.913818359375,-0.470458984375
0.0345,3.893798828125,-3.393310546875,-1.071044921875
0.035,3.893798828125,-2.592529296875,-1.871826171875
0.0355,4.134033203125,-1.871826171875,-2.752685546875
0.036,3.613525390625,-0.950927734375,-3.193115234375
0.0365,3.653564453125,-0.310302734375,-3.833740234375
0.037,2.812744140625,0.570556640625,-3.793701171875
0.0375,2.532470703125,1.211181640625,-4.114013671875
0.038,1.611572265625,2.252197265625,-4.234130859375
0.0385,0.970947265625,2.852783203125,-4.194091796875
0.039,0.170166015625,3.373291015625,-3.913818359375
0.0395,-0.350341796875,3.693603515625,-3.713623046875
0.04,-1.191162109375,3.853759765625,-3.032958984375
0.0405,-1.991943359375,4.053955078125,-2.472412109375
0.041,-3.153076171875,4.294189453125,-1.591552734375
0.0415,-3.513427734375,3.853759765625,-0.870849609375
0.042,-4.114013671875,3.973876953125,-0.310302734375
0.0425,-4.114013671875,3.333251953125,0.450439453125
0.043,-4.354248046875,2.892822265625,1.010986328125
0.0435,-4.394287109375,1.971923828125,1.931884765625
0.044,-4.554443359375,1.331298828125,2.732666015625
0.0445,-4.073974609375,0.330322265625,3.253173828125
0.045,-4.114013671875,-0.310302734375,3.853759765625
0.0455,-3.193115234375,-1.271240234375,3.893798828125
0.046,-2.872802734375,-1.951904296875,4.174072265625
0.0465,-1.951904296875,-3.072998046875,4.334228515625
0.047,-1.151123046875,-3.553466796875,4.093994140625
0.0475,-0.510498046875,-4.114013671875,3.973876953125
0.048,0.210205078125,-4.354248046875,3.533447265625
0.0485,1.051025390625,-4.514404296875,2.852783203125
0.049,1.971923828125,-4.674560546875,2.132080078125
0.0495,2.972900390625,-4.874755859375,1.251220703125
0.05,3.253173828125,-4.274169921875,0.490478515625
0.0505,3.693603515625,-4.314208984375,0.050048828125
0.051,3.653564453125,-3.513427734375,-0.710693359375
0.0515,3.853759765625,-3.072998046875,-1.271240234375
0.052,3.893798828125,-2.152099609375,-2.272216796875
0.0525,3.853759765625,-1.471435546875,-2.912841796875
0.053,3.453369140625,-0.510498046875,-3.353271484375
0.0535,3.253173828125,0.050048828125,-3.713623046875
0.054,2.532470703125,0.930908203125,-3.833740234375
0.0545,2.092041015625,1.611572265625,-4.073974609375
0.055,1.251220703125,2.612548828125,-4.234130859375
0.0555,0.490478515625,3.012939453125,-3.833740234375
0.056,0.010009765625,3.533447265625,-3.833740234375
0.0565,-0.910888671875,3.653564453125,-3.193115234375
0.057,-1.591552734375,3.853759765625,-2.712646484375
0.0575,-2.552490234375,3.973876953125,-1.871826171875
0.058,-3.353271484375,4.134033203125,-1.191162109375
0.0585,-3.633544921875,3.653564453125,-0.430419921875
0.059,-3.993896484375,3.653564453125,-0.070068359375
0.0595,-3.993896484375,2.852783203125,0.770751953125
0.06,-4.234130859375,2.452392578125,1.331298828125
0.0605,-4.354248046875,1.531494140625,2.412353515625
0.061,-4.154052734375,0.770751953125,2.892822265625
0.0615,-3.913818359375,0.010009765625,3.493408203125
0.062,-3.553466796875,-0.750732421875,3.733642578125
0.0625,-2.912841796875,-1.591552734375,3.893798828125
0.063,-2.312255859375,-2.352294921875,4.093994140625
0.0635,-1.551513671875,-3.273193359375,4.214111328125
0.064,-0.750732421875,-3.633544921875,3.773681640625
0.0645,-0.310302734375,-4.194091796875,3.813720703125
0.065,0.690673828125,-4.274169921875,2.892822265625
0.0655,1.411376953125,-4.554443359375,2.492431640625
0.066,2.412353515625,-4.594482421875,1.571533203125
0.0665,3.012939453125,-4.514404296875,0.930908203125
0.067,3.293212890625,-4.154052734375,0.290283203125
0.0675,3.533447265625,-3.953857421875,-0.150146484375
0.068,3.613525390625,-3.153076171875,-0.990966796875
0.0685,3.773681640625,-2.632568359375,-1.631591796875
0.069,3.893798828125,-1.831787109375,-2.592529296875
0.0695,3.493408203125,-0.990966796875,-3.032958984375
0.07,3.413330078125,-0.310302734375,-3.553466796875
0.0705,2.732666015625,0.490478515625,-3.673583984375
0.071,2.292236328125,1.251220703125,-3.953857421875
0.0715,1.571533203125,2.052001953125,-4.033935546875
0.072,0.930908203125,2.852783203125,-4.114013671875
0.0725,0.170166015625,3.133056640625,-3.713623046875
0.073,-0.310302734375,3.533447265625,-3.673583984375
0.0735,-1.351318359375,3.613525390625,-2.672607421875
0.074,-2.031982421875,3.973876953125,-2.272216796875
0.0745,-3.032958984375,4.013916015625,-1.431396484375
0.075,-3.433349609375,3.813720703125,-0.750732421875
0.0755,-3.833740234375,3.573486328125,-0.230224609375
0.076,-3.913818359375,3.173095703125,0.330322265625
0.0765,-4.114013671875,2.532470703125,1.171142578125
0.077,-4.154052734375,1.851806640625,1.891845703125
0.0775,-4.354248046875,1.131103515625,2.732666015625
0.078,-3.793701171875,0.170166015625,3.133056640625
0.0785,-3.833740234375,-0.390380859375,3.693603515625
0.079,-2.952880859375,-1.311279296875,3.733642578125
0.0795,-2.592529296875,-2.072021484375,4.053955078125
0.08,-1.711669921875,-2.912841796875,4.013916015625
0.0805,-1.031005859375,-3.593505859375,3.933837890625
0.081,-0.390380859375,-3.873779296875,3.573486328125
0.0815,0.250244140625,-4.314208984375,3.333251953125
0.082,1.291259765625,-4.354248046875,2.452392578125
0.0825,1.931884765625,-4.514404296875,1.931884765625
0.083,2.852783203125,-4.594482421875,1.131103515625
0.0835,3.173095703125,-4.154052734375,0.450439453125
0.084,3.493408203125,-4.033935546875,0.010009765625
0.0845,3.533447265625,-3.353271484375,-0.710693359375
0.085,3.773681640625,-2.832763671875,-1.471435546875
0.0855,3.733642578125,-1.991943359375,-2.272216796875
0.086,3.853759765625,-1.311279296875,-3.032958984375
0.0865,3.213134765625,-0.390380859375,-3.273193359375
0.087,3.213134765625,0.130126953125,-3.793701171875
0.0875,2.252197265625,1.211181640625,-3.833740234375
0.088,1.931884765625,1.851806640625,-4.154052734375
0.0885,1.010986328125,2.692626953125,-4.114013671875
0.089,0.330322265625,3.173095703125,-3.913818359375
0.0895,-0.310302734375,3.493408203125,-3.593505859375
0.09,-1.151123046875,3.853759765625,-3.072998046875
0.0905,-2.192138671875,4.013916015625,-2.272216796875
0.091,-2.832763671875,4.013916015625,-1.591552734375
0.0915,-3.593505859375,4.134033203125,-0.910888671875
0.092,-3.833740234375,3.573486328125,-0.150146484375
0.0925,-4.154052734375,3.493408203125,0.250244140625
0.093,-4.154052734375,2.532470703125,1.251220703125
0.0935,-4.394287109375,2.011962890625,1.931884765625
0.094,-4.234130859375,1.091064453125,2.732666015625
0.0945,-4.194091796875,0.330322265625,3.373291015625
0.095,-3.553466796875,-0.590576171875,3.613525390625
0.0955,-3.353271484375,-1.191162109375,3.973876953125
0.096,-2.392333984375,-2.312255859375,4.093994140625
0.0965,-1.871826171875,-2.912841796875,4.134033203125
0.097,-0.990966796875,-3.753662109375,4.093994140625
0.0975,-0.310302734375,-4.114013671875,3.693603515625
0.098,0.290283203125,-4.354248046875,3.453369140625
0.0985,1.291259765625,-4.514404296875,2.612548828125
0.099,2.212158203125,-4.714599609375,1.931884765625
0.0995,2.852783203125,-4.514404296875,1.131103515625
0.1,3.493408203125,-4.554443359375,0.490478515625
0.1005,3.533447265625,-3.873779296875,-0.270263671875
0.101,3.853759765625,-3.793701171875,-0.630615234375
0.1015,3.853759765625,-2.712646484375,-1.671630859375
0.102,3.973876953125,-2.232177734375,-2.272216796875
0.1025,3.853759765625,-1.271240234375,-3.072998046875
0.103,3.573486328125,-0.510498046875,-3.593505859375
0.1035,3.052978515625,0.330322265625,-3.793701171875
0.104,2.652587890625,1.010986328125,-4.114013671875
0.1045,1.771728515625,2.092041015625,-4.314208984375
0.105,1.171142578125,2.652587890625,-4.194091796875
0.1055,0.370361328125,3.453369140625,-4.234130859375
0.106,-0.390380859375,3.693603515625,-3.673583984375
0.1065,-0.990966796875,4.093994140625,-3.473388671875
0.107,-2.232177734375,4.214111328125,-2.392333984375
0.1075,-3.072998046875,4.414306640625,-1.711669921875
0.108,-3.713623046875,4.134033203125,-0.830810546875
0.1085,-4.314208984375,4.134033203125,-0.230224609375
0.109,-4.354248046875,3.373291015625,0.570556640625
0.1095,-4.554443359375,3.052978515625,1.091064453125
0.11,-4.674560546875,1.931884765625,2.292236328125
0.1105,-4.594482421875,1.291259765625,2.852783203125
0.111,-4.434326171875,0.290283203125,3.693603515625
0.1115,-3.953857421875,-0.630615234375,4.053955078125
0.112,-3.433349609375,-1.391357421875,4.214111328125
0.1125,-2.712646484375,-2.352294921875,4.374267578125
0.113,-1.791748046875,-3.473388671875,4.534423828125
0.1135,-0.950927734375,-3.873779296875,4.134033203125
0.114,-0.270263671875,-4.554443359375,4.174072265625
0.1145,0.570556640625,-4.554443359375,3.413330078125
0.115,1.211181640625,-4.874755859375,3.093017578125
0.1155,2.532470703125,-4.994873046875,1.891845703125
0.116,3.213134765625,-4.954833984375,1.131103515625
0.1165,3.773681640625,-4.514404296875,0.210205078125
0.117,4.134033203125,-4.354248046875,-0.350341796875
0.1175,4.093994140625,-3.593505859375,-0.990966796875
0.118,4.134033203125,-3.072998046875,-1.591552734375
0.1185,4.294189453125,-2.072021484375,-2.712646484375
0.119,3.973876953125,-1.271240234375,-3.153076171875
0.1195,3.893798828125,-0.430419921875,-3.913818359375
0.12,3.173095703125,0.450439453125,-4.033935546875
0.1205,2.852783203125,1.010986328125,-4.354248046875
0.121,1.931884765625,2.052001953125,-4.434326171875
0.1215,1.251220703125,2.972900390625,-4.634521484375
0.122,0.330322265625,3.453369140625,-4.114013671875
0.1225,-0.310302734375,4.134033203125,-4.154052734375
0.123,-1.151123046875,4.134033203125,-3.353271484375
0.1235,-1.831787109375,4.494384765625,-2.952880859375
0.124,-3.193115234375,4.614501953125,-1.791748046875
0.1245,-3.833740234375,4.494384765625,-1.031005859375
0.125,-4.434326171875,4.174072265625,-0.150146484375
0.1255,-4.754638671875,3.853759765625,0.450439453125
0.126,-4.794677734375,3.173095703125,1.211181640625
0.1265,-4.834716796875,2.492431640625,1.931884765625
0.127,-5.114990234375,1.491455078125,3.173095703125
0.1275,-4.514404296875,0.490478515625,3.613525390625
0.128,-4.514404296875,-0.390380859375,4.374267578125
0.1285,-3.633544921875,-1.431396484375,4.454345703125
0.129,-3.193115234375,-2.152099609375,4.654541015625
0.1295,-2.072021484375,-3.273193359375,4.694580078125
0.13,-1.231201171875,-4.154052734375,4.734619140625
0.1305,-0.270263671875,-4.514404296875,4.093994140625
0.131,0.370361328125,-5.074951171875,4.093994140625
0.1315,1.371337890625,-5.034912109375,3.052978515625
0.132,2.092041015625,-5.155029296875,2.492431640625
0.1325,3.453369140625,-5.315185546875,1.291259765625
0.133,3.893798828125,-4.874755859375,0.410400390625
0.1335,4.334228515625,-4.554443359375,-0.350341796875
0.134,4.414306640625,-3.993896484375,-0.990966796875
0.1345,4.374267578125,-3.273193359375,-1.631591796875
0.135,4.334228515625,-2.392333984375,-2.432373046875
0.1355,4.494384765625,-1.511474609375,-3.513427734375
0.136,3.813720703125,-0.470458984375,-3.833740234375
0.1365,3.773681640625,0.170166015625,-4.434326171875
0.137,2.812744140625,1.091064453125,-4.354248046875
0.1375,2.412353515625,1.731689453125,-4.554443359375
0.138,1.371337890625,2.892822265625,-4.634521484375
0.1385,0.570556640625,3.573486328125,-4.474365234375
0.139,-0.310302734375,3.973876953125,-4.033935546875
0.1395,-0.870849609375,4.334228515625,-3.833740234375
0.14,-1.791748046875,4.414306640625,-2.952880859375
0.1405,-2.552490234375,4.534423828125,-2.352294921875
0.141,-3.833740234375,4.734619140625,-1.271240234375
0.1415,-4.154052734375,4.174072265625,-0.430419921875
0.142,-4.714599609375,4.134033203125,0.170166015625
0.1425,-4.754638671875,3.413330078125,0.930908203125
0.143,-4.834716796875,2.852783203125,1.571533203125
0.1435,-4.834716796875,1.851806640625,2.532470703125
0.144,-4.994873046875,1.051025390625,3.493408203125
0.1445,-4.314208984375,-0.150146484375,3.853759765625
0.145,-4.274169921875,-0.790771484375,4.494384765625
0.1455,-3.193115234375,-1.871826171875,4.414306640625
0.146,-2.792724609375,-2.512451171875,4.654541015625
0.1465,-1.671630859375,-3.713623046875,4.734619140625
0.147,-0.790771484375,-4.314208984375,4.414306640625
0.1475,0.010009765625,-4.714599609375,4.093994140625
0.148,0.770751953125,-4.994873046875,3.653564453125
0.1485,1.771728515625,-5.074951171875,2.692626953125
0.149,2.532470703125,-5.114990234375,1.971923828125
0.1495,3.693603515625,-5.275146484375,0.970947265625
0.15,3.893798828125,-4.554443359375,0.050048828125
0.1505,4.334228515625,-4.474365234375,-0.430419921875
0.151,4.254150390625,-3.553466796875,-1.271240234375
0.1515,4.334228515625,-2.952880859375,-1.951904296875
0.152,4.334228515625,-1.951904296875,-2.872802734375
0.1525,4.214111328125,-1.191162109375,-3.633544921875
0.153,3.573486328125,-0.150146484375,-3.913818359375
0.1535,3.413330078125,0.450439453125,-4.354248046875
0.154,2.412353515625,1.531494140625,-4.314208984375
0.1545,1.931884765625,2.172119140625,-4.474365234375
0.155,0.970947265625,3.253173828125,-4.514404296875
0.1555,0.090087890625,3.653564453125,-4.033935546875
0.156,-0.510498046875,4.093994140625,-3.913818359375
0.1565,-1.351318359375,4.214111328125,-3.193115234375
0.157,-2.232177734375,4.334228515625,-2.512451171875
0.1575,-3.072998046875,4.374267578125,-1.671630859375
0.158,-3.953857421875,4.494384765625,-0.910888671875
0.1585,-4.154052734375,3.813720703125,0.010009765625
0.159,-4.554443359375,3.853759765625,0.330322265625
0.1595,-4.514404296875,2.852783203125,1.251220703125
0.16,-4.674560546875,2.412353515625,1.851806640625
0.1605,-4.674560546875,1.291259765625,2.852783203125
0.161,-4.514404296875,0.490478515625,3.493408203125
0.1615,-4.033935546875,-0.510498046875,3.893798828125
0.162,-3.793701171875,-1.151123046875,4.214111328125
0.1625,-2.832763671875,-2.152099609375,4.334228515625
0.163,-2.272216796875,-2.832763671875,4.494384765625
0.1635,-1.311279296875,-3.833740234375,4.534423828125
0.164,-0.470458984375,-4.194091796875,3.973876953125
0.1645,0.130126953125,-4.674560546875,3.973876953125
0.165,1.171142578125,-4.834716796875,3.012939453125
0.1655,1.971923828125,-4.994873046875,2.412353515625
0.166,2.892822265625,-4.914794921875,1.411376953125
0.1665,3.653564453125,-4.914794921875,0.690673828125
0.167,3.813720703125,-4.234130859375,-0.110107421875
0.1675,4.093994140625,-4.154052734375,-0.510498046875
0.168,4.053955078125,-3.072998046875,-1.551513671875
0.1685,4.134033203125,-2.592529296875,-2.112060546875
0.169,4.174072265625,-1.591552734375,-3.193115234375
0.1695,3.773681640625,-0.710693359375,-3.593505859375
0.17,3.373291015625,0.130126953125,-3.913818359375
0.1705,2.852783203125,0.890869140625,-4.114013671875
0.171,2.052001953125,1.811767578125,-4.234130859375
0.1715,1.451416015625,2.452392578125,-4.234130859375
0.172,0.610595703125,3.333251953125,-4.274169921875
0.1725,-0.190185546875,3.533447265625,-3.713623046875
0.173,-0.630615234375,3.973876953125,-3.673583984375
0.1735,-1.791748046875,4.013916015625,-2.552490234375
0.174,-2.432373046875,4.214111328125,-2.152099609375
0.1745,-3.313232421875,4.134033203125,-1.231201171875
0.175,-3.833740234375,4.013916015625,-0.590576171875
0.1755,-4.033935546875,3.573486328125,0.050048828125
0.176,-4.234130859375,3.333251953125,0.530517578125
0.1765,-4.354248046875,2.412353515625,1.451416015625
0.177,-4.354248046875,1.771728515625,2.052001953125
0.1775,-4.514404296875,1.010986328125,3.052978515625
0.178,-3.993896484375,0.050048828125,3.413330078125
0.1785,-3.873779296875,-0.630615234375,3.933837890625
0.179,-3.072998046875,-1.511474609375,4.013916015625
0.1795,-2.552490234375,-2.312255859375,4.334228515625
0.18,-1.711669921875,-3.072998046875,4.174072265625
0.1805,-0.990966796875,-3.833740234375,4.174072265625
0.181,-0.270263671875,-4.073974609375,3.693603515625
0.1815,0.330322265625,-4.514404296875,3.573486328125
0.182,1.531494140625,-4.594482421875,2.452392578125
0.1825,2.212158203125,-4.754638671875,1.971923828125
0.183,3.093017578125,-4.714599609375,1.091064453125
0.1835,3.453369140625,-4.394287109375,0.410400390625
0.184,3.693603515625,-4.073974609375,-0.190185546875
0.1845,3.813720703125,-3.553466796875,-0.790771484375
0.185,3.973876953125,-2.832763671875,-1.791748046875
0.1855,3.893798828125,-1.991943359375,-2.392333984375
0.186,4.013916015625,-1.271240234375,-3.233154296875
0.1865,3.293212890625,-0.310302734375,-3.513427734375
0.187,3.213134765625,0.290283203125,-3.913818359375
0.1875,2.252197265625,1.331298828125,-3.953857421875
0.188,1.851806640625,2.011962890625,-4.274169921875
0.1885,0.970947265625,2.772705078125,-4.073974609375
0.189,0.290283203125,3.373291015625,-3.993896484375
0.1895,-0.390380859375,3.533447265625,-3.513427734375
0.19,-1.071044921875,3.893798828125,-3.193115234375
0.1905,-2.232177734375,4.013916015625,-2.192138671875
0.191,-2.792724609375,4.053955078125,-1.631591796875
0.1915,-3.553466796875,4.053955078125,-0.910888671875
0.192,-3.793701171875,3.573486328125,-0.230224609375
0.1925,-4.114013671875,3.373291015625,0.250244140625
0.193,-4.114013671875,2.572509765625,1.051025390625
0.1935,-4.354248046875,2.052001953125,1.851806640625
0.194,-4.154052734375,1.211181640625,2.532470703125
0.1945,-4.274169921875,0.530517578125,3.253173828125
0.195,-3.553466796875,-0.430419921875,3.493408203125
0.1955,-3.553466796875,-0.990966796875,3.893798828125
0.196,-2.472412109375,-2.072021484375,3.973876953125
0.1965,-2.072021484375,-2.672607421875,4.134033203125
0.197,-1.231201171875,-3.433349609375,4.013916015625
0.1975,-0.590576171875,-3.873779296875,3.813720703125
0.198,0.090087890625,-4.154052734375,3.453369140625
0.1985,0.930908203125,-4.394287109375,2.852783203125
0.199,1.931884765625,-4.634521484375,2.052001953125
0.1995,2.532470703125,-4.514404296875,1.411376953125
0.2,3.213134765625,-4.554443359375,0.770751953125
0.2005,3.333251953125,-3.993896484375,0.050048828125
0.201,3.653564453125,-3.913818359375,-0.350341796875
0.2015,3.693603515625,-2.872802734375,-1.271240234375
0.202,3.893798828125,-2.472412109375,-1.951904296875
0.2025,3.693603515625,-1.511474609375,-2.712646484375
0.203,3.653564453125,-0.830810546875,-3.273193359375
0.2035,3.012939453125,0.010009765625,-3.513427734375
0.204,2.852783203125,0.610595703125,-3.833740234375
0.2045,1.931884765625,1.731689453125,-4.033935546875
0.205,1.451416015625,2.212158203125,-4.033935546875
0.2055,0.650634765625,3.012939453125,-4.033935546875
0.206,0.010009765625,3.293212890625,-3.633544921875
0.2065,-0.630615234375,3.693603515625,-3.393310546875
0.207,-1.631591796875,3.813720703125,-2.552490234375
0.2075,-2.512451171875,4.093994140625,-1.951904296875
0.208,-3.032958984375,3.773681640625,-1.231201171875
0.2085,-3.633544921875,3.853759765625,-0.670654296875
0.209,-3.753662109375,3.253173828125,0.010009765625
0.2095,-3.993896484375,3.133056640625,0.490478515625
0.21,-4.114013671875,2.172119140625,1.531494140625
0.2105,-4.234130859375,1.651611328125,2.092041015625
0.211,-4.114013671875,0.770751953125,2.852783203125
0.2115,-3.833740234375,0.050048828125,3.333251953125
0.212,-3.393310546875,-0.710693359375,3.613525390625
0.2125,-2.912841796875,-1.471435546875,3.853759765625
0.213,-2.232177734375,-2.472412109375,4.093994140625
0.2135,-1.551513671875,-2.952880859375,3.853759765625
0.214,-0.910888671875,-3.713623046875,3.973876953125
0.2145,-0.190185546875,-3.833740234375,3.413330078125
0.215,0.410400390625,-4.234130859375,3.253173828125
0.2155,1.571533203125,-4.394287109375,2.252197265625
0.216,2.292236328125,-4.674560546875,1.571533203125
0.2165,2.852783203125,-4.354248046875,0.890869140625
0.217,3.293212890625,-4.314208984375,0.410400390625
0.2175,3.373291015625,-3.713623046875,-0.270263671875
0.218,3.573486328125,-3.353271484375,-0.790771484375
0.2185,3.773681640625,-2.512451171875,-1.791748046875
0.219,3.693603515625,-1.911865234375,-2.312255859375
0.2195,3.693603515625,-1.071044921875,-3.072998046875
0.22,3.173095703125,-0.270263671875,-3.353271484375
0.2205,2.932861328125,0.370361328125,-3.713623046875
0.221,2.172119140625,1.291259765625,-3.833740234375
0.2215,1.651611328125,2.132080078125,-4.154052734375
0.222,0.890869140625,2.612548828125,-3.833740234375
0.2225,0.290283203125,3.293212890625,-3.953857421875
0.223,-0.510498046875,3.413330078125,-3.273193359375
0.2235,-1.151123046875,3.813720703125,-3.072998046875
0.224,-2.392333984375,3.853759765625,-2.072021484375
0.2245,-2.912841796875,3.973876953125,-1.511474609375
0.225,-3.553466796875,3.853759765625,-0.630615234375
0.2255,-3.833740234375,3.613525390625,-0.190185546875
0.226,-3.993896484375,3.133056640625,0.450439453125
0.2265,-4.154052734375,2.532470703125,1.171142578125
0.227,-4.434326171875,1.811767578125,2.172119140625
0.2275,-4.114013671875,0.970947265625,2.652587890625
0.228,-4.194091796875,0.250244140625,3.453369140625
0.2285,-3.473388671875,-0.670654296875,3.573486328125
0.229,-3.233154296875,-1.271240234375,3.973876953125
0.2295,-2.272216796875,-2.352294921875,4.093994140625
0.23,-1.671630859375,-3.153076171875,4.174072265625
0.2305,-0.830810546875,-3.593505859375,3.853759765625
0.231,-0.350341796875,-4.154052734375,3.853759765625
0.2315,0.530517578125,-4.194091796875,3.133056640625
0.232,1.211181640625,-4.554443359375,2.652587890625
0.2325,2.492431640625,-4.754638671875,1.611572265625
0.233,2.972900390625,-4.434326171875,0.970947265625
0.2335,3.493408203125,-4.354248046875,0.290283203125
0.234,3.573486328125,-3.873779296875,-0.310302734375
0.2345,3.733642578125,-3.433349609375,-0.910888671875
0.235,3.813720703125,-2.592529296875,-1.671630859375
0.2355,4.013916015625,-1.951904296875,-2.592529296875
0.236,3.533447265625,-0.990966796875,-3.072998046875
0.2365,3.613525390625,-0.390380859375,-3.673583984375
0.237,2.772705078125,0.490478515625,-3.713623046875
0.2375,2.532470703125,1.131103515625,-4.033935546875
0.238,1.571533203125,2.252197265625,-4.194091796875
0.2385,0.970947265625,2.852783203125,-4.154052734375
0.239,0.170166015625,3.333251953125,-3.873779296875
0.2395,-0.430419921875,3.693603515625,-3.673583984375
0.24,-1.271240234375,3.853759765625,-3.032958984375
0.2405,-2.072021484375,4.093994140625,-2.392333984375
0.241,-3.193115234375,4.334228515625,-1.511474609375
0.2415,-3.593505859375,3.893798828125,-0.710693359375
0.242,-4.194091796875,3.973876953125,-0.190185546875
0.2425,-4.194091796875,3.253173828125,0.530517578125
0.243,-4.434326171875,2.852783203125,1.171142578125
0.2435,-4.514404296875,1.931884765625,2.132080078125
0.244,-4.634521484375,1.211181640625,2.972900390625
0.2445,-4.114013671875,0.130126953125,3.493408203125
0.245,-4.073974609375,-0.550537109375,4.053955078125
0.2455,-3.193115234375,-1.471435546875,4.093994140625
0.246,-2.752685546875,-2.192138671875,4.334228515625
0.2465,-1.751708984375,-3.353271484375,4.494384765625
0.247,-0.910888671875,-3.913818359375,4.174072265625
0.2475,-0.190185546875,-4.434326171875,4.013916015625
0.248,0.570556640625,-4.754638671875,3.493408203125
0.2485,1.451416015625,-4.834716796875,2.692626953125
0.249,2.412353515625,-4.994873046875,1.931884765625
0.2495,3.493408203125,-5.074951171875,0.970947265625
0.25,3.693603515625,-4.394287109375,0.130126953125
0.2505,4.134033203125,-4.354248046875,-0.350341796875
0.251,4.093994140625,-3.433349609375,-1.151123046875
0.2515,4.174072265625,-2.912841796875,-1.791748046875
0.252,4.214111328125,-1.911865234375,-2.832763671875
0.2525,4.093994140625,-1.071044921875,-3.513427734375
0.253,3.533447265625,-0.110107421875,-3.833740234375
0.2535,3.293212890625,0.530517578125,-4.194091796875
0.254,2.372314453125,1.491455078125,-4.194091796875
0.2545,1.891845703125,2.172119140625,-4.354248046875
0.255,0.890869140625,3.213134765625,-4.474365234375
0.2555,0.050048828125,3.613525390625,-3.993896484375
0.256,-0.550537109375,4.013916015625,-3.913818359375
0.2565,-1.431396484375,4.134033203125,-3.153076171875
0.257,-2.232177734375,4.294189453125,-2.472412109375
0.2575,-3.193115234375,4.374267578125,-1.591552734375
0.258,-3.993896484375,4.454345703125,-0.790771484375
0.2585,-4.234130859375,3.813720703125,0.010009765625
0.259,-4.634521484375,3.813720703125,0.450439453125
0.2595,-4.594482421875,2.772705078125,1.331298828125
0.26,-4.714599609375,2.252197265625,1.971923828125
0.2605,-4.794677734375,1.251220703125,3.052978515625
0.261,-4.514404296875,0.370361328125,3.653564453125
0.2615,-4.114013671875,-0.590576171875,4.134033203125
0.262,-3.673583984375,-1.311279296875,4.454345703125
0.2625,-2.752685546875,-2.352294921875,4.494384765625
0.263,-2.112060546875,-3.113037109375,4.614501953125
0.2635,-1.151123046875,-4.194091796875,4.654541015625
0.264,-0.190185546875,-4.514404296875,4.053955078125
0.2645,0.330322265625,-4.994873046875,3.973876953125
0.265,1.571533203125,-5.155029296875,2.892822265625
0.2655,2.372314453125,-5.195068359375,2.252197265625
0.266,3.333251953125,-5.114990234375,1.211181640625
0.2665,4.093994140625,-5.074951171875,0.370361328125
0.267,4.174072265625,-4.314208984375,-0.470458984375
0.2675,4.494384765625,-4.114013671875,-0.950927734375
0.268,4.414306640625,-2.912841796875,-2.072021484375
0.2685,4.374267578125,-2.312255859375,-2.592529296875
0.269,4.414306640625,-1.231201171875,-3.673583984375
0.2695,3.853759765625,-0.310302734375,-4.073974609375
0.27,3.413330078125,0.570556640625,-4.354248046875
0.2705,2.772705078125,1.411376953125,-4.514404296875
0.271,1.851806640625,2.412353515625,-4.554443359375
0.2715,1.131103515625,3.052978515625,-4.514404296875
0.272,0.250244140625,3.893798828125,-4.474365234375
0.2725,-0.630615234375,4.013916015625,-3.793701171875
0.273,-1.151123046875,4.374267578125,-3.673583984375
0.2735,-2.392333984375,4.494384765625,-2.432373046875
0.274,-3.032958984375,4.494384765625,-1.871826171875
0.2745,-3.913818359375,4.414306640625,-0.870849609375
0.275,-4.434326171875,4.214111328125,-0.150146484375
0.2755,-4.514404296875,3.613525390625,0.530517578125
0.276,-4.714599609375,3.253173828125,1.010986328125
0.2765,-4.794677734375,2.212158203125,2.092041015625
0.277,-4.674560546875,1.571533203125,2.652587890625
0.2775,-4.794677734375,0.650634765625,3.653564453125
0.278,-4.114013671875,-0.390380859375,3.973876953125
0.2785,-3.873779296875,-1.071044921875,4.414306640625
0.279,-2.992919921875,-2.072021484375,4.494384765625
0.2795,-2.312255859375,-2.952880859375,4.614501953125
0.28,-1.431396484375,-3.713623046875,4.454345703125
0.2805,-0.630615234375,-4.514404296875,4.414306640625
0.281,0.250244140625,-4.714599609375,3.733642578125
0.2815,0.810791015625,-5.074951171875,3.613525390625
0.282,2.172119140625,-5.074951171875,2.292236328125
0.2825,2.772705078125,-5.155029296875,1.771728515625
0.283,3.693603515625,-4.994873046875,0.770751953125
0.2835,4.093994140625,-4.634521484375,0.010009765625
0.284,4.214111328125,-4.114013671875,-0.670654296875
0.2845,4.334228515625,-3.553466796875,-1.311279296875
0.285,4.454345703125,-2.552490234375,-2.392333984375
0.2855,4.214111328125,-1.791748046875,-2.952880859375
0.286,4.294189453125,-0.910888671875,-3.873779296875
0.2865,3.453369140625,0.170166015625,-4.033935546875
0.287,3.253173828125,0.770751953125,-4.434326171875
0.2875,2.212158203125,1.931884765625,-4.474365234375
0.288,1.571533203125,2.652587890625,-4.634521484375
0.2885,0.650634765625,3.333251953125,-4.354248046875
0.289,-0.110107421875,3.973876953125,-4.234130859375
0.2895,-0.910888671875,4.093994140625,-3.513427734375
0.29,-1.591552734375,4.414306640625,-3.193115234375
0.2905,-2.872802734375,4.454345703125,-1.951904296875
0.291,-3.353271484375,4.334228515625,-1.351318359375
0.2915,-4.154052734375,4.254150390625,-0.510498046875
0.292,-4.354248046875,3.773681640625,0.210205078125
0.2925,-4.554443359375,3.413330078125,0.730712890625
0.293,-4.514404296875,2.572509765625,1.531494140625
0.2935,-4.714599609375,1.851806640625,2.412353515625
0.294,-4.434326171875,0.970947265625,3.012939453125
0.2945,-4.474365234375,0.170166015625,3.813720703125
0.295,-3.633544921875,-0.830810546875,3.893798828125
0.2955,-3.553466796875,-1.351318359375,4.334228515625
0.296,-2.392333984375,-2.592529296875,4.334228515625
0.2965,-1.911865234375,-3.193115234375,4.414306640625
0.297,-0.990966796875,-3.913818359375,4.134033203125
0.2975,-0.270263671875,-4.434326171875,4.013916015625
0.298,0.490478515625,-4.554443359375,3.453369140625
0.2985,1.291259765625,-4.834716796875,2.932861328125
0.299,2.492431640625,-4.994873046875,1.931884765625
0.2995,2.972900390625,-4.794677734375,1.251220703125
0.3,3.773681640625,-4.794677734375,0.490478515625
0.3005,3.853759765625,-4.154052734375,-0.270263671875
0.301,4.134033203125,-3.913818359375,-0.790771484375
0.3015,4.093994140625,-2.912841796875,-1.751708984375
0.302,4.334228515625,-2.272216796875,-2.552490234375
0.3025,3.973876953125,-1.271240234375,-3.153076171875
0.303,3.933837890625,-0.550537109375,-3.873779296875
0.3035,3.093017578125,0.450439453125,-3.913818359375
0.304,2.892822265625,0.970947265625,-4.314208984375
0.3045,1.771728515625,2.212158203125,-4.434326171875
0.305,1.251220703125,2.732666015625,-4.434326171875
0.3055,0.330322265625,3.533447265625,-4.154052734375
0.306,-0.390380859375,3.853759765625,-3.833740234375
0.3065,-1.071044921875,4.053955078125,-3.353271484375
0.307,-1.991943359375,4.174072265625,-2.552490234375
0.3075,-3.072998046875,4.414306640625,-1.711669921875
0.308,-3.473388671875,4.013916015625,-0.950927734375
0.3085,-4.154052734375,4.093994140625,-0.310302734375
0.309,-4.154052734375,3.333251953125,0.410400390625
0.3095,-4.354248046875,3.093017578125,0.850830078125
0.31,-4.434326171875,2.052001953125,1.931884765625
0.3105,-4.514404296875,1.451416015625,2.532470703125
0.311,-4.194091796875,0.530517578125,3.213134765625
0.3115,-3.993896484375,-0.190185546875,3.693603515625
0.312,-3.353271484375,-1.111083984375,3.853759765625
0.3125,-2.952880859375,-1.751708984375,4.093994140625
0.313,-2.072021484375,-2.872802734375,4.254150390625
0.3135,-1.431396484375,-3.273193359375,4.093994140625
0.314,-0.710693359375,-3.993896484375,4.093994140625
0.3145,0.010009765625,-4.154052734375,3.533447265625
0.315,0.650634765625,-4.514404296875,3.253173828125
0.3155,1.731689453125,-4.594482421875,2.292236328125
0.316,2.572509765625,-4.834716796875,1.611572265625
0.3165,3.052978515625,-4.434326171875,0.810791015625
0.317,3.573486328125,-4.474365234375,0.330322265625
0.3175,3.613525390625,-3.753662109375,-0.470458984375
0.318,3.853759765625,-3.473388671875,-0.950927734375
0.3185,3.973876953125,-2.472412109375,-1.991943359375
0.319,3.973876953125,-1.911865234375,-2.552490234375
0.3195,3.773681640625,-0.950927734375,-3.353271484375
0.32,3.373291015625,-0.270263671875,-3.673583984375
0.3205,2.892822265625,0.570556640625,-3.913818359375
0.321,2.292236328125,1.331298828125,-4.114013671875
0.3215,1.571533203125,2.412353515625,-4.354248046875
0.322,0.810791015625,2.852783203125,-3.993896484375
0.3225,0.210205078125,3.573486328125,-4.114013671875
0.323,-0.630615234375,3.653564453125,-3.393310546875
0.3235,-1.271240234375,3.973876953125,-3.072998046875
0.324,-2.432373046875,4.134033203125,-2.072021484375
0.3245,-3.193115234375,4.174072265625,-1.391357421875
0.325,-3.673583984375,3.853759765625,-0.630615234375
0.3255,-3.993896484375,3.773681640625,-0.150146484375
0.326,-4.114013671875,3.093017578125,0.610595703125
0.3265,-4.194091796875,2.572509765625,1.211181640625
0.327,-4.434326171875,1.771728515625,2.252197265625
0.3275,-4.154052734375,0.970947265625,2.732666015625
0.328,-4.154052734375,0.130126953125,3.493408203125
0.3285,-3.513427734375,-0.670654296875,3.653564453125
0.329,-3.193115234375,-1.351318359375,3.893798828125
0.3295,-2.392333984375,-2.272216796875,4.053955078125
0.33,-1.711669921875,-3.113037109375,4.214111328125
0.3305,-0.910888671875,-3.553466796875,3.813720703125
0.331,-0.470458984375,-4.114013671875,3.893798828125
0.3315,0.410400390625,-4.154052734375,3.133056640625
0.332,1.051025390625,-4.474365234375,2.772705078125
0.3325,2.252197265625,-4.634521484375,1.771728515625
0.333,2.772705078125,-4.514404296875,1.131103515625
0.3335,3.333251953125,-4.314208984375,0.450439453125
0.334,3.453369140625,-3.953857421875,0.010009765625
0.3345,3.613525390625,-3.473388671875,-0.670654296875
0.335,3.693603515625,-2.832763671875,-1.391357421875
0.3355,3.973876953125,-2.112060546875,-2.352294921875
0.336,3.573486328125,-1.311279296875,-2.832763671875
0.3365,3.653564453125,-0.670654296875,-3.513427734375
0.337,2.892822265625,0.170166015625,-3.553466796875
0.3375,2.692626953125,0.850830078125,-3.913818359375
0.338,1.851806640625,1.891845703125,-4.073974609375
0.3385,1.251220703125,2.572509765625,-4.154052734375
0.339,0.450439453125,3.052978515625,-3.833740234375
0.3395,0.010009765625,3.493408203125,-3.753662109375
0.34,-0.910888671875,3.613525390625,-3.072998046875
0.3405,-1.671630859375,3.893798828125,-2.592529296875
0.341,-2.832763671875,4.134033203125,-1.711669921875
0.3415,-3.193115234375,3.853759765625,-1.031005859375
0.342,-3.793701171875,3.853759765625,-0.470458984375
0.3425,-3.873779296875,3.333251953125,0.130126953125
0.343,-4.114013671875,2.892822265625,0.770751953125
0.3435,-4.154052734375,2.092041015625,1.611572265625
0.344,-4.434326171875,1.411376953125,2.452392578125
0.3445,-3.913818359375,0.450439453125,2.932861328125
0.345,-3.993896484375,-0.150146484375,3.533447265625
0.3455,-3.193115234375,-0.990966796875,3.613525390625
0.346,-2.872802734375,-1.631591796875,3.973876953125
0.3465,-1.991943359375,-2.712646484375,4.093994140625
0.347,-1.311279296875,-3.233154296875,3.973876953125
0.3475,-0.670654296875,-3.753662109375,3.813720703125
0.348,0.010009765625,-3.993896484375,3.493408203125
0.3485,0.770751953125,-4.194091796875,2.852783203125
0.349,1.611572265625,-4.394287109375,2.212158203125
0.3495,2.572509765625,-4.634521484375,1.411376953125
0.35,2.892822265625,-4.154052734375,0.690673828125
0.3505,3.373291015625,-4.234130859375,0.290283203125
0.351,3.373291015625,-3.513427734375,-0.430419921875
0.3515,3.613525390625,-3.193115234375,-0.990966796875
0.352,3.693603515625,-2.352294921875,-1.951904296875
0.3525,3.773681640625,-1.751708984375,-2.592529296875
0.353,3.373291015625,-0.790771484375,-3.153076171875
0.3535,3.253173828125,-0.230224609375,-3.513427734375
0.354,2.572509765625,0.610595703125,-3.633544921875
0.3545,2.252197265625,1.331298828125,-3.953857421875
0.355,1.411376953125,2.372314453125,-4.154052734375
0.3555,0.690673828125,2.772705078125,-3.833740234375
0.356,0.170166015625,3.333251953125,-3.833740234375
0.3565,-0.630615234375,3.533447265625,-3.233154296875
0.357,-1.391357421875,3.813720703125,-2.712646484375
0.3575,-2.352294921875,3.933837890625,-1.951904296875
0.358,-3.153076171875,4.093994140625,-1.311279296875
0.3585,-3.473388671875,3.613525390625,-0.590576171875
0.359,-3.873779296875,3.693603515625,-0.230224609375
0.3595,-3.913818359375,2.852783203125,0.610595703125
0.36,-4.154052734375,2.492431640625,1.251220703125
0.3605,-4.354248046875,1.531494140625,2.252197265625
0.361,-4.154052734375,0.810791015625,2.812744140625
0.3615,-3.873779296875,0.010009765625,3.373291015625
0.362,-3.553466796875,-0.670654296875,3.693603515625
0.3625,-2.872802734375,-1.591552734375,3.853759765625
0.363,-2.352294921875,-2.352294921875,4.093994140625
0.3635,-1.551513671875,-3.273193359375,4.214111328125
0.364,-0.750732421875,-3.673583984375,3.813720703125
0.3645,-0.270263671875,-4.154052734375,3.853759765625
0.365,0.770751953125,-4.314208984375,2.932861328125
0.3655,1.491455078125,-4.514404296875,2.452392578125
0.366,2.492431640625,-4.594482421875,1.531494140625
0.3665,3.133056640625,-4.554443359375,0.890869140625
0.367,3.373291015625,-4.114013671875,0.170166015625
0.3675,3.653564453125,-3.953857421875,-0.270263671875
0.368,3.693603515625,-3.113037109375,-1.151123046875
0.3685,3.813720703125,-2.632568359375,-1.791748046875
0.369,3.973876953125,-1.751708984375,-2.792724609375
0.3695,3.533447265625,-0.830810546875,-3.193115234375
0.37,3.333251953125,-0.150146484375,-3.673583984375
0.3705,2.772705078125,0.650634765625,-3.833740234375
0.371,2.172119140625,1.491455078125,-3.993896484375
0.3715,1.531494140625,2.252197265625,-4.114013671875
0.372,0.770751953125,3.052978515625,-4.194091796875
0.3725,0.010009765625,3.333251953125,-3.673583984375
0.373,-0.510498046875,3.813720703125,-3.633544921875
0.3735,-1.631591796875,3.853759765625,-2.592529296875
0.374,-2.272216796875,4.093994140625,-2.192138671875
0.3745,-3.273193359375,4.134033203125,-1.271240234375
0.375,-3.713623046875,3.933837890625,-0.630615234375
0.3755,-3.993896484375,3.573486328125,0.010009765625
0.376,-4.194091796875,3.173095703125,0.570556640625
0.3765,-4.314208984375,2.412353515625,1.451416015625
0.377,-4.354248046875,1.731689453125,2.092041015625
0.3775,-4.514404296875,0.970947265625,3.093017578125
0.378,-3.913818359375,0.010009765625,3.453369140625
0.3785,-3.833740234375,-0.630615234375,3.933837890625
0.379,-2.952880859375,-1.631591796875,4.053955078125
0.3795,-2.432373046875,-2.432373046875,4.294189453125
0.38,-1.591552734375,-3.273193359375,4.214111328125
0.3805,-0.830810546875,-3.993896484375,4.174072265625
0.381,-0.070068359375,-4.194091796875,3.693603515625
0.3815,0.570556640625,-4.674560546875,3.493408203125
0.382,1.771728515625,-4.754638671875,2.372314453125
0.3825,2.412353515625,-4.834716796875,1.811767578125
0.383,3.373291015625,-4.834716796875,0.890869140625
0.3835,3.733642578125,-4.434326171875,0.170166015625
0.384,3.933837890625,-4.114013671875,-0.470458984375
0.3845,4.013916015625,-3.473388671875,-1.151123046875
0.385,4.174072265625,-2.632568359375,-2.152099609375
0.3855,4.013916015625,-1.791748046875,-2.752685546875
0.386,4.134033203125,-0.990966796875,-3.633544921875
0.3865,3.333251953125,0.050048828125,-3.833740234375
0.387,3.173095703125,0.610595703125,-4.234130859375
0.3875,2.092041015625,1.811767578125,-4.274169921875
0.388,1.571533203125,2.532470703125,-4.474365234375
0.3885,0.610595703125,3.253173828125,-4.234130859375
0.389,-0.150146484375,3.853759765625,-4.073974609375
0.3895,-0.830810546875,3.973876953125,-3.473388671875
0.39,-1.551513671875,4.294189453125,-3.072998046875
0.3905,-2.792724609375,4.374267578125,-1.951904296875
0.391,-3.353271484375,4.294189453125,-1.311279296875
0.3915,-4.154052734375,4.214111328125,-0.510498046875
0.392,-4.354248046875,3.653564453125,0.250244140625
0.3925,-4.554443359375,3.373291015625,0.690673828125
0.393,-4.514404296875,2.412353515625,1.571533203125
0.3935,-4.674560546875,1.771728515625,2.452392578125
0.394,-4.434326171875,0.850830078125,3.052978515625
0.3945,-4.434326171875,0.090087890625,3.853759765625
0.395,-3.593505859375,-0.950927734375,3.973876953125
0.3955,-3.513427734375,-1.471435546875,4.374267578125
0.396,-2.312255859375,-2.712646484375,4.414306640625
0.3965,-1.791748046875,-3.313232421875,4.494384765625
0.397,-0.830810546875,-4.114013671875,4.294189453125
0.3975,-0.070068359375,-4.554443359375,3.973876953125
0.398,0.610595703125,-4.714599609375,3.493408203125
0.3985,1.531494140625,-4.994873046875,2.852783203125
0.399,2.732666015625,-5.155029296875,1.851806640625
0.3995,3.253173828125,-4.874755859375,1.010986328125
0.4,4.093994140625,-4.954833984375,0.250244140625
0.4005,4.134033203125,-4.194091796875,-0.590576171875
0.401,4.334228515625,-3.953857421875,-1.031005859375
0.4015,4.334228515625,-2.792724609375,-2.112060546875
0.402,4.494384765625,-2.072021484375,-2.872802734375
0.4025,4.093994140625,-0.990966796875,-3.553466796875
0.403,4.013916015625,-0.230224609375,-4.234130859375
0.4035,3.052978515625,0.810791015625,-4.274169921875
0.404,2.812744140625,1.411376953125,-4.594482421875
0.4045,1.571533203125,2.732666015625,-4.674560546875
0.405,0.930908203125,3.293212890625,-4.554443359375
0.4055,0.010009765625,3.973876953125,-4.314208984375
0.406,-0.790771484375,4.334228515625,-3.873779296875
0.4065,-1.471435546875,4.454345703125,-3.273193359375
0.407,-2.552490234375,4.534423828125,-2.392333984375
0.4075,-3.713623046875,4.734619140625,-1.391357421875
0.408,-4.073974609375,4.174072265625,-0.550537109375
0.4085,-4.754638671875,4.174072265625,0.130126953125
0.409,-4.634521484375,3.293212890625,0.850830078125
0.4095,-4.834716796875,3.012939453125,1.331298828125
0.41,-4.834716796875,1.851806640625,2.532470703125
0.4105,-4.794677734375,1.131103515625,3.173095703125
0.411,-4.354248046875,0.090087890625,3.773681640625
0.4115,-4.154052734375,-0.670654296875,4.294189453125
0.412,-3.313232421875,-1.551513671875,4.334228515625
0.4125,-2.872802734375,-2.272216796875,4.494384765625
0.413,-1.791748046875,-3.473388671875,4.614501953125
0.4135,-0.990966796875,-3.873779296875,4.294189453125
0.414,-0.270263671875,-4.594482421875,4.214111328125
0.4145,0.490478515625,-4.754638671875,3.573486328125
0.415,1.171142578125,-4.994873046875,3.173095703125
0.4155,2.292236328125,-5.074951171875,2.132080078125
0.416,3.253173828125,-5.195068359375,1.291259765625
0.4165,3.693603515625,-4.714599609375,0.370361328125
0.417,4.254150390625,-4.674560546875,-0.190185546875
0.4175,4.134033203125,-3.793701171875,-0.990966796875
0.418,4.334228515625,-3.393310546875,-1.431396484375
0.4185,4.414306640625,-2.272216796875,-2.632568359375
0.419,4.254150390625,-1.551513671875,-3.193115234375
0.4195,3.973876953125,-0.510498046875,-3.913818359375
0.42,3.533447265625,0.290283203125,-4.234130859375
0.4205,2.852783203125,1.131103515625,-4.354248046875
0.421,2.252197265625,1.931884765625,-4.514404296875
0.4215,1.291259765625,3.093017578125,-4.754638671875
0.422,0.450439453125,3.493408203125,-4.234130859375
0.4225,-0.270263671875,4.174072265625,-4.274169921875
0.423,-1.111083984375,4.214111328125,-3.473388671875
0.4235,-1.791748046875,4.494384765625,-3.032958984375
0.424,-3.032958984375,4.534423828125,-1.911865234375
0.4245,-3.873779296875,4.534423828125,-1.111083984375
0.425,-4.234130859375,3.973876953125,-0.230224609375
0.4255,-4.634521484375,3.973876953125,0.330322265625
0.426,-4.594482421875,3.093017578125,1.131103515625
0.4265,-4.674560546875,2.532470703125,1.731689453125
0.427,-4.834716796875,1.531494140625,2.892822265625
0.4275,-4.514404296875,0.650634765625,3.333251953125
0.428,-4.274169921875,-0.270263671875,4.013916015625
0.4285,-3.673583984375,-1.111083984375,4.174072265625
0.429,-3.153076171875,-1.831787109375,4.334228515625
0.4295,-2.272216796875,-2.752685546875,4.414306640625
0.43,-1.431396484375,-3.753662109375,4.534423828125
0.4305,-0.550537109375,-4.073974609375,3.973876953125
0.431,0.010009765625,-4.674560546875,4.053955078125
0.4315,0.890869140625,-4.634521484375,3.173095703125
0.432,1.531494140625,-4.954833984375,2.692626953125
0.4325,2.772705078125,-4.994873046875,1.571533203125
0.433,3.373291015625,-4.874755859375,0.810791015625
0.4335,3.853759765625,-4.474365234375,0.050048828125
0.434,4.013916015625,-4.154052734375,-0.430419921875
0.4345,4.053955078125,-3.393310546875,-1.151123046875
0.435,4.093994140625,-2.792724609375,-1.831787109375
0.4355,4.334228515625,-1.911865234375,-2.872802734375
0.436,3.853759765625,-0.990966796875,-3.273193359375
0.4365,3.813720703125,-0.270263671875,-3.993896484375
0.437,3.012939453125,0.610595703125,-4.033935546875
0.4375,2.612548828125,1.291259765625,-4.354248046875
0.438,1.771728515625,2.292236328125,-4.434326171875
0.4385,0.970947265625,3.173095703125,-4.514404296875
0.439,0.130126953125,3.533447265625,-3.993896484375
0.4395,-0.390380859375,4.093994140625,-3.953857421875
0.44,-1.351318359375,4.093994140625,-3.072998046875
0.4405,-2.112060546875,4.294189453125,-2.592529296875
0.441,-3.353271484375,4.494384765625,-1.511474609375
0.4415,-3.833740234375,4.134033203125,-0.710693359375
0.442,-4.274169921875,3.973876953125,-0.110107421875
0.4425,-4.434326171875,3.493408203125,0.530517578125
0.443,-4.514404296875,2.812744140625,1.291259765625
0.4435,-4.514404296875,2.011962890625,2.052001953125
0.444,-4.754638671875,1.251220703125,3.052978515625
0.4445,-4.114013671875,0.170166015625,3.453369140625
0.445,-4.114013671875,-0.470458984375,4.013916015625
0.4455,-3.193115234375,-1.391357421875,3.973876953125
0.446,-2.792724609375,-2.072021484375,4.294189453125
0.4465,-1.831787109375,-3.113037109375,4.334228515625
0.447,-1.071044921875,-3.793701171875,4.214111328125
0.4475,-0.350341796875,-4.154052734375,3.853759765625
0.448,0.250244140625,-4.514404296875,3.573486328125
0.4485,1.211181640625,-4.554443359375,2.692626953125
0.449,1.931884765625,-4.674560546875,2.212158203125
0.4495,3.012939453125,-4.834716796875,1.291259765625
0.45,3.293212890625,-4.354248046875,0.490478515625
0.4505,3.733642578125,-4.314208984375,0.010009765625
0.451,3.693603515625,-3.593505859375,-0.630615234375
0.4515,3.893798828125,-3.153076171875,-1.311279296875
0.452,3.893798828125,-2.272216796875,-2.192138671875
0.4525,4.013916015625,-1.591552734375,-2.952880859375
0.453,3.493408203125,-0.590576171875,-3.353271484375
0.4535,3.493408203125,-0.070068359375,-3.833740234375
0.454,2.572509765625,0.890869140625,-3.833740234375
0.4545,2.252197265625,1.531494140625,-4.194091796875
0.455,1.331298828125,2.612548828125,-4.274169921875
0.4555,0.610595703125,3.093017578125,-4.033935546875
0.456,0.010009765625,3.533447265625,-3.873779296875
0.4565,-0.750732421875,3.773681640625,-3.473388671875
0.457,-1.631591796875,3.973876953125,-2.712646484375
0.4575,-2.512451171875,4.134033203125,-2.031982421875
0.458,-3.473388671875,4.334228515625,-1.271240234375
0.4585,-3.713623046875,3.773681640625,-0.470458984375
0.459,-4.154052734375,3.813720703125,0.010009765625
0.4595,-4.154052734375,2.932861328125,0.770751953125
0.46,-4.434326171875,2.532470703125,1.451416015625
0.4605,-4.434326171875,1.531494140625,2.412353515625
0.461,-4.394287109375,0.810791015625,3.052978515625
0.4615,-3.873779296875,-0.150146484375,3.533447265625
0.462,-3.713623046875,-0.750732421875,3.893798828125
0.4625,-2.832763671875,-1.791748046875,3.973876953125
0.463,-2.352294921875,-2.432373046875,4.174072265625
0.4635,-1.471435546875,-3.393310546875,4.254150390625
0.464,-0.670654296875,-3.833740234375,3.853759765625
0.4645,-0.190185546875,-4.274169921875,3.773681640625
0.465,0.810791015625,-4.394287109375,3.012939453125
0.4655,1.611572265625,-4.554443359375,2.412353515625
0.466,2.412353515625,-4.594482421875,1.571533203125
0.4665,3.173095703125,-4.634521484375,0.890869140625
0.467,3.333251953125,-4.033935546875,0.170166015625
0.4675,3.693603515625,-4.033935546875,-0.190185546875
0.468,3.613525390625,-3.072998046875,-1.111083984375
0.4685,3.813720703125,-2.632568359375,-1.631591796875
0.469,3.853759765625,-1.751708984375,-2.632568359375
0.4695,3.613525390625,-0.990966796875,-3.113037109375
0.47,3.253173828125,-0.230224609375,-3.513427734375
0.4705,2.892822265625,0.450439453125,-3.713623046875
0.471,2.212158203125,1.331298828125,-3.913818359375
0.4715,1.691650390625,2.011962890625,-4.073974609375
0.472,0.970947265625,2.852783203125,-4.154052734375
0.4725,0.170166015625,3.133056640625,-3.713623046875
0.473,-0.310302734375,3.653564453125,-3.713623046875
0.4735,-1.311279296875,3.733642578125,-2.752685546875
0.474,-2.072021484375,4.053955078125,-2.352294921875
0.4745,-2.912841796875,4.013916015625,-1.471435546875
0.475,-3.553466796875,3.973876953125,-0.910888671875
0.4755,-3.753662109375,3.533447265625,-0.230224609375
0.476,-3.993896484375,3.373291015625,0.210205078125
0.4765,-4.114013671875,2.532470703125,1.171142578125
0.477,-4.234130859375,1.971923828125,1.771728515625
0.4775,-4.354248046875,1.211181640625,2.732666015625
0.478,-3.953857421875,0.290283203125,3.173095703125
0.4785,-3.833740234375,-0.390380859375,3.653564453125
0.479,-3.153076171875,-1.271240234375,3.813720703125
0.4795,-2.512451171875,-2.112060546875,3.973876953125
0.48,-1.831787109375,-2.872802734375,4.053955078125
0.4805,-1.151123046875,-3.633544921875,4.093994140625
0.481,-0.390380859375,-3.833740234375,3.613525390625
0.4815,0.130126953125,-4.274169921875,3.533447265625
0.482,1.291259765625,-4.354248046875,2.452392578125
0.4825,1.931884765625,-4.554443359375,2.052001953125
0.483,2.772705078125,-4.514404296875,1.131103515625
0.4835,3.173095703125,-4.314208984375,0.570556640625
0.484,3.373291015625,-3.913818359375,0.010009765625
0.4845,3.493408203125,-3.513427734375,-0.590576171875
0.485,3.693603515625,-2.752685546875,-1.431396484375
0.4855,3.653564453125,-2.072021484375,-2.072021484375
0.486,3.813720703125,-1.391357421875,-2.912841796875
0.4865,3.173095703125,-0.510498046875,-3.193115234375
0.487,3.173095703125,0.010009765625,-3.633544921875
0.4875,2.292236328125,0.930908203125,-3.793701171875
0.488,1.931884765625,1.651611328125,-4.073974609375
0.4885,1.131103515625,2.412353515625,-3.953857421875
0.489,0.530517578125,3.052978515625,-3.913818359375
0.4895,-0.150146484375,3.253173828125,-3.473388671875
0.49,-0.790771484375,3.693603515625,-3.233154296875
0.4905,-1.871826171875,3.813720703125,-2.312255859375
0.491,-2.472412109375,3.933837890625,-1.831787109375
0.4915,-3.273193359375,3.973876953125,-1.031005859375
0.492,-3.553466796875,3.613525390625,-0.470458984375
0.4925,-3.873779296875,3.453369140625,0.050048828125
0.493,-3.953857421875,2.732666015625,0.810791015625
0.4935,-4.234130859375,2.212158203125,1.571533203125
0.494,-4.114013671875,1.331298828125,2.292236328125
0.4945,-4.234130859375,0.690673828125,3.093017578125
0.495,-3.593505859375,-0.270263671875,3.333251953125
0.4955,-3.593505859375,-0.910888671875,3.773681640625
0.496,-2.552490234375,-1.951904296875,3.853759765625
0.4965,-2.232177734375,-2.592529296875,4.174072265625
0.497,-1.311279296875,-3.353271484375,3.973876953125
0.4975,-0.630615234375,-3.833740234375,3.853759765625
0.498,0.010009765625,-4.033935546875,3.453369140625
0.4985,0.810791015625,-4.354248046875,2.892822265625
0.499,1.931884765625,-4.554443359375,2.052001953125
0.4995,2.492431640625,-4.514404296875,1.411376953125
0.5,3.213134765625,-4.514404296875,0.730712890625
0.5005,3.333251953125,-3.953857421875,0.050048828125
0.501,3.693603515625,-3.833740234375,-0.390380859375
0.5015,3.693603515625,-2.872802734375,-1.351318359375
0.502,3.893798828125,-2.352294921875,-2.072021484375
0.5025,3.693603515625,-1.431396484375,-2.752685546875
0.503,3.693603515625,-0.750732421875,-3.393310546875
0.5035,2.932861328125,0.090087890625,-3.553466796875
0.504,2.812744140625,0.650634765625,-3.913818359375
0.5045,1.851806640625,1.891845703125,-4.073974609375
0.505,1.331298828125,2.412353515625,-4.114013671875
0.5055,0.530517578125,3.173095703125,-3.993896484375
0.506,-0.150146484375,3.453369140625,-3.633544921875
0.5065,-0.790771484375,3.733642578125,-3.313232421875
0.507,-1.791748046875,3.893798828125,-2.512451171875
0.5075,-2.752685546875,4.134033203125,-1.791748046875
0.508,-3.273193359375,3.893798828125,-1.031005859375
0.5085,-3.873779296875,3.933837890625,-0.470458984375
0.509,-3.913818359375,3.293212890625,0.250244140625
0.5095,-4.234130859375,3.133056640625,0.690673828125
0.51,-4.274169921875,2.092041015625,1.771728515625
0.5105,-4.354248046875,1.531494140625,2.412353515625
0.511,-4.194091796875,0.570556640625,3.133056640625
0.5115,-3.953857421875,-0.230224609375,3.653564453125
0.512,-3.353271484375,-0.990966796875,3.813720703125
0.5125,-2.912841796875,-1.751708984375,4.013916015625
0.513,-2.031982421875,-2.832763671875,4.294189453125
0.5135,-1.351318359375,-3.313232421875,4.053955078125
0.514,-0.670654296875,-4.033935546875,4.093994140625
0.5145,0.090087890625,-4.194091796875,3.533447265625
0.515,0.690673828125,-4.514404296875,3.213134765625
0.5155,1.891845703125,-4.674560546875,2.212158203125
0.516,2.732666015625,-4.834716796875,1.491455078125
0.5165,3.253173828125,-4.514404296875,0.610595703125
0.517,3.773681640625,-4.474365234375,0.130126953125
0.5175,3.773681640625,-3.713623046875,-0.630615234375
0.518,3.933837890625,-3.353271484375,-1.151123046875
0.5185,4.093994140625,-2.312255859375,-2.272216796875
0.519,3.973876953125,-1.631591796875,-2.872802734375
0.5195,3.853759765625,-0.750732421875,-3.593505859375
0.52,3.373291015625,0.090087890625,-3.873779296875
0.5205,2.852783203125,0.810791015625,-4.154052734375
0.521,2.172119140625,1.731689453125,-4.274169921875
0.5215,1.371337890625,2.812744140625,-4.514404296875
0.522,0.490478515625,3.253173828125,-4.073974609375
0.5225,-0.150146484375,3.933837890625,-4.154052734375
0.523,-0.990966796875,3.973876953125,-3.353271484375
0.5235,-1.631591796875,4.294189453125,-2.952880859375
0.524,-2.912841796875,4.414306640625,-1.871826171875
0.5245,-3.713623046875,4.414306640625,-1.071044921875
0.525,-4.154052734375,3.973876953125,-0.230224609375
0.5255,-4.514404296875,3.813720703125,0.290283203125
0.526,-4.514404296875,3.052978515625,1.051025390625
0.5265,-4.594482421875,2.452392578125,1.691650390625
0.527,-4.794677734375,1.491455078125,2.852783203125
0.5275,-4.394287109375,0.530517578125,3.293212890625
0.528,-4.274169921875,-0.310302734375,4.013916015625
0.5285,-3.553466796875,-1.231201171875,4.134033203125
0.529,-3.072998046875,-1.871826171875,4.334228515625
0.5295,-2.192138671875,-2.872802734375,4.414306640625
0.53,-1.351318359375,-3.793701171875,4.494384765625
0.5305,-0.470458984375,-4.114013671875,3.933837890625
0.531,0.050048828125,-4.714599609375,4.013916015625
0.5315,1.010986328125,-4.714599609375,3.093017578125
0.532,1.651611328125,-4.914794921875,2.612548828125
0.5325,2.972900390625,-5.074951171875,1.491455078125
0.533,3.533447265625,-4.834716796875,0.690673828125
0.5335,3.973876953125,-4.514404296875,-0.070068359375
0.534,4.134033203125,-4.114013671875,-0.630615234375
0.5345,4.134033203125,-3.393310546875,-1.311279296875
0.535,4.214111328125,-2.712646484375,-2.072021484375
0.5355,4.494384765625,-1.831787109375,-3.193115234375
0.536,3.893798828125,-0.830810546875,-3.593505859375
0.5365,3.853759765625,-0.110107421875,-4.274169921875
0.537,3.012939453125,0.890869140625,-4.274169921875
0.5375,2.572509765625,1.571533203125,-4.514404296875
0.538,1.571533203125,2.692626953125,-4.634521484375
0.5385,0.770751953125,3.533447265625,-4.634521484375
0.539,-0.150146484375,3.893798828125,-4.114013671875
0.5395,-0.750732421875,4.414306640625,-3.993896484375
0.54,-1.791748046875,4.454345703125,-2.992919921875
0.5405,-2.552490234375,4.614501953125,-2.432373046875
0.541,-3.873779296875,4.774658203125,-1.271240234375
0.5415,-4.314208984375,4.334228515625,-0.430419921875
0.542,-4.754638671875,4.053955078125,0.290283203125
0.5425,-4.834716796875,3.533447265625,0.930908203125
0.543,-4.834716796875,2.692626953125,1.771728515625
0.5435,-4.834716796875,1.771728515625,2.532470703125
0.544,-5.034912109375,0.890869140625,3.653564453125
0.5445,-4.234130859375,-0.310302734375,3.933837890625
0.545,-4.194091796875,-0.910888671875,4.494384765625
0.5455,-3.113037109375,-1.951904296875,4.494384765625
0.546,-2.592529296875,-2.672607421875,4.654541015625
0.5465,-1.551513671875,-3.753662109375,4.614501953125
0.547,-0.630615234375,-4.434326171875,4.454345703125
0.5475,0.130126953125,-4.674560546875,3.893798828125
0.548,0.770751953125,-5.034912109375,3.613525390625
0.5485,1.891845703125,-5.034912109375,2.532470703125
0.549,2.532470703125,-5.074951171875,1.931884765625
0.5495,3.693603515625,-5.155029296875,0.890869140625
0.55,3.973876953125,-4.554443359375,0.090087890625
0.5505,4.294189453125,-4.394287109375,-0.470458984375
0.551,4.214111328125,-3.593505859375,-1.231201171875
0.5515,4.334228515625,-2.952880859375,-1.951904296875
0.552,4.214111328125,-2.031982421875,-2.752685546875
0.5525,4.334228515625,-1.271240234375,-3.673583984375
0.553,3.613525390625,-0.150146484375,-3.913818359375
0.5535,3.533447265625,0.450439453125,-4.434326171875
0.554,2.492431640625,1.451416015625,-4.354248046875
0.5545,2.052001953125,2.132080078125,-4.554443359375
0.555,1.051025390625,3.213134765625,-4.634521484375
0.5555,0.210205078125,3.773681640625,-4.274169921875
0.556,-0.510498046875,4.134033203125,-3.953857421875
0.5565,-1.271240234375,4.414306640625,-3.513427734375
0.557,-2.312255859375,4.494384765625,-2.552490234375
0.5575,-3.072998046875,4.534423828125,-1.871826171875
0.558,-4.114013671875,4.654541015625,-0.950927734375
0.5585,-4.354248046875,3.973876953125,0.010009765625
0.559,-4.754638671875,3.893798828125,0.450439453125
0.5595,-4.714599609375,2.892822265625,1.291259765625
0.56,-4.874755859375,2.332275390625,2.052001953125
0.5605,-4.794677734375,1.291259765625,2.932861328125
0.561,-4.754638671875,0.530517578125,3.773681640625
0.5615,-3.993896484375,-0.590576171875,4.053955078125
0.562,-3.833740234375,-1.231201171875,4.494384765625
0.5625,-2.712646484375,-2.392333984375,4.494384765625
0.563,-2.192138671875,-3.032958984375,4.534423828125
0.5635,-1.151123046875,-4.033935546875,4.534423828125
0.564,-0.270263671875,-4.434326171875,4.093994140625
0.5645,0.330322265625,-4.754638671875,3.773681640625
0.565,1.291259765625,-4.954833984375,3.052978515625
0.5655,2.252197265625,-5.034912109375,2.172119140625
0.566,2.972900390625,-4.914794921875,1.331298828125
0.5665,3.813720703125,-4.914794921875,0.570556640625
0.567,3.893798828125,-4.194091796875,-0.270263671875
0.5675,4.134033203125,-4.154052734375,-0.630615234375
0.568,4.134033203125,-3.072998046875,-1.671630859375
0.5685,4.174072265625,-2.552490234375,-2.272216796875
0.569,4.134033203125,-1.471435546875,-3.153076171875
0.5695,3.893798828125,-0.670654296875,-3.713623046875
0.57,3.293212890625,0.210205078125,-3.913818359375
0.5705,3.012939453125,0.810791015625,-4.194091796875
0.571,2.052001953125,1.931884765625,-4.354248046875
0.5715,1.571533203125,2.492431640625,-4.394287109375
0.572,0.610595703125,3.413330078125,-4.354248046875
0.5725,-0.190185546875,3.693603515625,-3.833740234375
0.573,-0.710693359375,4.093994140625,-3.753662109375
0.5735,-1.791748046875,4.214111328125,-2.752685546875
0.574,-2.592529296875,4.414306640625,-2.192138671875
0.5745,-3.393310546875,4.294189453125,-1.271240234375
0.575,-4.033935546875,4.294189453125,-0.630615234375
0.5755,-4.234130859375,3.653564453125,0.170166015625
0.576,-4.514404296875,3.533447265625,0.570556640625
0.5765,-4.554443359375,2.412353515625,1.651611328125
0.577,-4.634521484375,1.931884765625,2.252197265625
0.5775,-4.634521484375,0.930908203125,3.253173828125
0.578,-4.234130859375,0.010009765625,3.693603515625
0.5785,-3.833740234375,-0.790771484375,4.093994140625
0.579,-3.233154296875,-1.591552734375,4.294189453125
0.5795,-2.392333984375,-2.672607421875,4.494384765625
0.58,-1.671630859375,-3.233154296875,4.334228515625
0.5805,-0.870849609375,-4.114013671875,4.334228515625
0.581,0.010009765625,-4.314208984375,3.733642578125
0.5815,0.490478515625,-4.714599609375,3.573486328125
0.582,1.771728515625,-4.754638671875,2.412353515625
0.5825,2.452392578125,-4.874755859375,1.851806640625
0.583,3.213134765625,-4.674560546875,0.930908203125
0.5835,3.693603515625,-4.554443359375,0.290283203125
0.584,3.773681640625,-3.913818359375,-0.390380859375
0.5845,3.893798828125,-3.633544921875,-0.910888671875
0.585,3.973876953125,-2.592529296875,-1.951904296875
0.5855,3.893798828125,-1.991943359375,-2.432373046875
0.586,3.893798828125,-1.151123046875,-3.273193359375
0.5865,3.333251953125,-0.270263671875,-3.553466796875
0.587,3.133056640625,0.370361328125,-3.913818359375
0.5875,2.332275390625,1.291259765625,-3.993896484375
0.588,1.811767578125,2.092041015625,-4.274169921875
0.5885,1.010986328125,2.692626953125,-4.073974609375
0.589,0.330322265625,3.413330078125,-4.073974609375
0.5895,-0.390380859375,3.533447265625,-3.473388671875
0.59,-0.990966796875,3.973876953125,-3.353271484375
0.5905,-2.192138671875,4.053955078125,-2.232177734375
0.591,-2.752685546875,4.134033203125,-1.791748046875
0.5915,-3.553466796875,4.053955078125,-0.990966796875
0.592,-3.873779296875,3.773681640625,-0.310302734375
0.5925,-4.114013671875,3.453369140625,0.250244140625
0.593,-4.194091796875,2.852783203125,0.930908203125
0.5935,-4.514404296875,2.172119140625,1.891845703125
0.594,-4.314208984375,1.371337890625,2.492431640625
0.5945,-4.474365234375,0.610595703125,3.333251953125
0.595,-3.753662109375,-0.390380859375,3.573486328125
0.5955,-3.673583984375,-0.990966796875,4.053955078125
0.596,-2.592529296875,-2.072021484375,4.134033203125
0.5965,-2.152099609375,-2.832763671875,4.334228515625
0.597,-1.231201171875,-3.473388671875,4.093994140625
0.5975,-0.590576171875,-4.114013671875,4.053955078125
0.598,0.170166015625,-4.234130859375,3.453369140625
0.5985,0.890869140625,-4.554443359375,3.052978515625
0.599,2.092041015625,-4.714599609375,2.011962890625
0.5995,2.652587890625,-4.674560546875,1.371337890625
0.6,3.373291015625,-4.634521484375,0.610595703125
0.6005,3.533447265625,-4.114013671875,0.010009765625
0.601,3.773681640625,-3.793701171875,-0.550537109375
0.6015,3.773681640625,-2.952880859375,-1.351318359375
0.602,3.973876953125,-2.312255859375,-2.192138671875
0.6025,3.693603515625,-1.431396484375,-2.752685546875
0.603,3.733642578125,-0.750732421875,-3.473388671875
0.6035,2.932861328125,0.170166015625,-3.553466796875
0.604,2.852783203125,0.650634765625,-3.913818359375
0.6045,1.851806640625,1.771728515625,-3.993896484375
0.605,1.411376953125,2.372314453125,-4.154052734375
0.6055,0.570556640625,3.052978515625,-3.913818359375
0.606,-0.070068359375,3.453369140625,-3.713623046875
0.6065,-0.710693359375,3.653564453125,-3.233154296875
0.607,-1.551513671875,3.853759765625,-2.632568359375
0.6075,-2.592529296875,4.013916015625,-1.871826171875
0.608,-3.072998046875,3.853759765625,-1.231201171875
0.6085,-3.713623046875,3.893798828125,-0.630615234375
0.609,-3.793701171875,3.333251953125,0.050048828125
0.6095,-4.114013671875,3.173095703125,0.490478515625
0.61,-4.154052734375,2.252197265625,1.451416015625
0.6105,-4.354248046875,1.771728515625,2.172119140625
0.611,-4.114013671875,0.770751953125,2.812744140625
0.6115,-4.033935546875,0.130126953125,3.413330078125
0.612,-3.393310546875,-0.750732421875,3.613525390625
0.6125,-3.153076171875,-1.351318359375,3.933837890625
0.613,-2.272216796875,-2.472412109375,4.134033203125
0.6135,-1.631591796875,-2.992919921875,4.053955078125
0.614,-0.950927734375,-3.713623046875,4.013916015625
0.6145,-0.270263671875,-3.993896484375,3.573486328125
0.615,0.410400390625,-4.314208984375,3.253173828125
0.6155,1.411376953125,-4.514404296875,2.412353515625
0.616,2.372314453125,-4.754638671875,1.731689453125
0.6165,2.852783203125,-4.394287109375,0.930908203125
0.617,3.413330078125,-4.434326171875,0.450439453125
0.6175,3.413330078125,-3.713623046875,-0.270263671875
0.618,3.693603515625,-3.473388671875,-0.710693359375
0.6185,3.773681640625,-2.512451171875,-1.791748046875
0.619,3.813720703125,-1.951904296875,-2.392333984375
0.6195,3.573486328125,-1.031005859375,-3.072998046875
0.62,3.333251953125,-0.350341796875,-3.393310546875
0.6205,2.812744140625,0.410400390625,-3.633544921875
0.621,2.292236328125,1.131103515625,-3.833740234375
0.6215,1.611572265625,2.132080078125,-4.114013671875
0.622,0.930908203125,2.532470703125,-3.833740234375
0.6225,0.330322265625,3.213134765625,-3.913818359375
0.623,-0.390380859375,3.333251953125,-3.313232421875
0.6235,-1.031005859375,3.653564453125,-3.072998046875
0.624,-2.112060546875,3.853759765625,-2.112060546875
0.6245,-2.832763671875,3.933837890625,-1.591552734375
0.625,-3.313232421875,3.693603515625,-0.790771484375
0.6255,-3.713623046875,3.693603515625,-0.390380859375
0.626,-3.833740234375,3.052978515625,0.330322265625
0.6265,-3.993896484375,2.692626953125,0.930908203125
0.627,-4.234130859375,1.891845703125,1.931884765625
0.6275,-4.114013671875,1.211181640625,2.452392578125
0.628,-4.073974609375,0.410400390625,3.173095703125
0.6285,-3.553466796875,-0.390380859375,3.413330078125
0.629,-3.273193359375,-1.071044921875,3.813720703125
0.6295,-2.552490234375,-1.951904296875,3.893798828125
0.63,-1.911865234375,-2.872802734375,4.134033203125
0.6305,-1.151123046875,-3.273193359375,3.813720703125
0.631,-0.630615234375,-3.913818359375,3.933837890625
0.6315,0.210205078125,-4.073974609375,3.173095703125
0.632,0.890869140625,-4.434326171875,2.852783203125
0.6325,2.092041015625,-4.634521484375,1.851806640625
0.633,2.692626953125,-4.514404296875,1.251220703125
0.6335,3.213134765625,-4.314208984375,0.490478515625
0.634,3.413330078125,-3.993896484375,0.050048828125
0.6345,3.573486328125,-3.473388671875,-0.630615234375
0.635,3.653564453125,-2.872802734375,-1.311279296875
0.6355,3.973876953125,-2.112060546875,-2.312255859375
0.636,3.573486328125,-1.271240234375,-2.792724609375
0.6365,3.613525390625,-0.630615234375,-3.473388671875
0.637,2.892822265625,0.250244140625,-3.553466796875
0.6375,2.612548828125,0.890869140625,-3.913818359375
0.638,1.811767578125,1.931884765625,-4.033935546875
0.6385,1.131103515625,2.652587890625,-4.154052734375
0.639,0.370361328125,3.093017578125,-3.833740234375
0.6395,-0.150146484375,3.533447265625,-3.793701171875
0.64,-1.031005859375,3.653564453125,-3.032958984375
0.6405,-1.791748046875,3.893798828125,-2.592529296875
0.641,-2.952880859375,4.134033203125,-1.591552734375
0.6415,-3.393310546875,3.893798828125,-0.870849609375
0.642,-3.913818359375,3.853759765625,-0.310302734375
0.6425,-3.993896484375,3.293212890625,0.290283203125
0.643,-4.194091796875,2.812744140625,0.970947265625
0.6435,-4.234130859375,1.971923828125,1.771728515625
0.644,-4.514404296875,1.331298828125,2.732666015625
0.6445,-3.953857421875,0.330322265625,3.173095703125
0.645,-3.993896484375,-0.310302734375,3.773681640625
0.6455,-3.153076171875,-1.191162109375,3.813720703125
0.646,-2.832763671875,-1.871826171875,4.134033203125
0.6465,-1.911865234375,-2.952880859375,4.214111328125
0.647,-1.151123046875,-3.593505859375,4.134033203125
0.6475,-0.470458984375,-4.033935546875,3.853759765625
0.648,0.170166015625,-4.394287109375,3.533447265625
0.6485,1.091064453125,-4.514404296875,2.732666015625
0.649,1.891845703125,-4.634521484375,2.172119140625
0.6495,3.012939453125,-4.834716796875,1.251220703125
0.65,3.333251953125,-4.354248046875,0.450439453125
0.6505,3.773681640625,-4.314208984375,0.010009765625
0.651,3.773681640625,-3.553466796875,-0.710693359375
0.6515,3.893798828125,-3.072998046875,-1.351318359375
0.652,3.973876953125,-2.192138671875,-2.272216796875
0.6525,4.093994140625,-1.471435546875,-3.072998046875
0.653,3.493408203125,-0.470458984375,-3.473388671875
0.6535,3.413330078125,0.090087890625,-3.913818359375
0.654,2.532470703125,1.091064453125,-3.953857421875
0.6545,2.172119140625,1.771728515625,-4.234130859375
0.655,1.211181640625,2.852783203125,-4.394287109375
0.6555,0.410400390625,3.293212890625,-4.073974609375
0.656,-0.270263671875,3.733642578125,-3.913818359375
0.6565,-1.031005859375,3.973876953125,-3.353271484375
0.657,-1.951904296875,4.134033203125,-2.552490234375
0.6575,-2.832763671875,4.294189453125,-1.871826171875
0.658,-3.833740234375,4.454345703125,-1.031005859375
0.6585,-4.073974609375,3.853759765625,-0.190185546875
0.659,-4.474365234375,3.853759765625,0.250244140625
0.6595,-4.474365234375,2.852783203125,1.211181640625
0.66,-4.634521484375,2.372314453125,1.851806640625
0.6605,-4.634521484375,1.291259765625,2.852783203125
0.661,-4.554443359375,0.530517578125,3.573486328125
0.6615,-3.953857421875,-0.510498046875,3.893798828125
0.662,-3.713623046875,-1.151123046875,4.294189453125
0.6625,-2.632568359375,-2.312255859375,4.334228515625
0.663,-2.152099609375,-2.912841796875,4.454345703125
0.6635,-1.151123046875,-3.993896484375,4.494384765625
0.664,-0.310302734375,-4.394287109375,3.973876953125
0.6645,0.290283203125,-4.754638671875,3.773681640625
0.665,1.331298828125,-4.874755859375,2.932861328125
0.6655,2.212158203125,-4.954833984375,2.132080078125
0.666,3.052978515625,-4.874755859375,1.291259765625
0.6665,3.853759765625,-4.914794921875,0.490478515625
0.667,3.893798828125,-4.154052734375,-0.310302734375
0.6675,4.174072265625,-4.033935546875,-0.670654296875
0.668,4.134033203125,-2.912841796875,-1.751708984375
0.6685,4.174072265625,-2.432373046875,-2.272216796875
0.669,4.134033203125,-1.391357421875,-3.273193359375
0.6695,3.853759765625,-0.550537109375,-3.793701171875
0.67,3.333251953125,0.290283203125,-4.033935546875
0.6705,2.892822265625,0.970947265625,-4.314208984375
0.671,1.931884765625,2.052001953125,-4.394287109375
0.6715,1.411376953125,2.612548828125,-4.434326171875
0.672,0.490478515625,3.613525390625,-4.474365234375
0.6725,-0.350341796875,3.853759765625,-3.913818359375
0.673,-0.910888671875,4.254150390625,-3.713623046875
0.6735,-2.072021484375,4.414306640625,-2.672607421875
0.674,-2.872802734375,4.534423828125,-2.031982421875
0.6745,-3.713623046875,4.454345703125,-1.111083984375
0.675,-4.394287109375,4.414306640625,-0.390380859375
0.6755,-4.514404296875,3.693603515625,0.410400390625
0.676,-4.834716796875,3.533447265625,0.890869140625
0.6765,-4.834716796875,2.332275390625,2.052001953125
0.677,-4.834716796875,1.731689453125,2.652587890625
0.6775,-4.834716796875,0.690673828125,3.693603515625
0.678,-4.354248046875,-0.310302734375,4.134033203125
0.6785,-3.833740234375,-1.151123046875,4.454345703125
0.679,-3.153076171875,-2.072021484375,4.614501953125
0.6795,-2.192138671875,-3.193115234375,4.734619140625
0.68,-1.351318359375,-3.833740234375,4.494384765625
0.6805,-0.510498046875,-4.714599609375,4.494384765625
0.681,0.410400390625,-4.834716796875,3.773681640625
0.6815,0.970947265625,-5.155029296875,3.533447265625
0.682,2.372314453125,-5.195068359375,2.252197265625
0.6825,3.093017578125,-5.195068359375,1.531494140625
0.683,3.853759765625,-4.954833984375,0.490478515625
0.6835,4.334228515625,-4.714599609375,-0.190185546875
0.684,4.294189453125,-3.873779296875,-0.910888671875
0.6845,4.414306640625,-3.513427734375,-1.431396484375
0.685,4.414306640625,-2.352294921875,-2.592529296875
0.6855,4.214111328125,-1.631591796875,-3.072998046875
0.686,4.134033203125,-0.670654296875,-3.913818359375
0.6865,3.453369140625,0.290283203125,-4.154052734375
0.687,3.093017578125,0.930908203125,-4.434326171875
0.6875,2.212158203125,1.851806640625,-4.474365234375
0.688,1.491455078125,2.772705078125,-4.634521484375
0.6885,0.650634765625,3.253173828125,-4.354248046875
0.689,-0.150146484375,4.093994140625,-4.274169921875
0.6895,-0.950927734375,4.134033203125,-3.553466796875
0.69,-1.471435546875,4.494384765625,-3.273193359375
0.6905,-2.832763671875,4.494384765625,-2.031982421875
0.691,-3.393310546875,4.494384765625,-1.471435546875
0.6915,-4.154052734375,4.334228515625,-0.590576171875
0.692,-4.514404296875,4.013916015625,0.130126953125
0.6925,-4.634521484375,3.493408203125,0.770751953125
0.693,-4.754638671875,2.852783203125,1.451416015625
0.6935,-4.954833984375,1.931884765625,2.532470703125
0.694,-4.634521484375,1.091064453125,3.093017578125
0.6945,-4.714599609375,0.210205078125,3.973876953125
0.695,-3.873779296875,-0.830810546875,4.134033203125
0.6955,-3.673583984375,-1.511474609375,4.534423828125
0.696,-2.552490234375,-2.712646484375,4.534423828125
0.6965,-1.871826171875,-3.553466796875,4.694580078125
0.697,-0.910888671875,-4.073974609375,4.334228515625
0.6975,-0.190185546875,-4.794677734375,4.294189453125
0.698,0.690673828125,-4.794677734375,3.493408203125
0.6985,1.411376953125,-5.114990234375,3.093017578125
0.699,2.812744140625,-5.195068359375,1.851806640625
0.6995,3.333251953125,-4.994873046875,1.091064453125
0.7,4.013916015625,-4.834716796875,0.210205078125
0.7005,4.174072265625,-4.274169921875,-0.510498046875
0.701,4.294189453125,-3.793701171875,-1.111083984375
0.7015,4.294189453125,-2.872802734375,-1.911865234375
0.702,4.454345703125,-2.072021484375,-2.872802734375
0.7025,3.973876953125,-1.111083984375,-3.353271484375
0.703,3.973876953125,-0.310302734375,-4.114013671875
0.7035,3.052978515625,0.610595703125,-4.114013671875
0.704,2.812744140625,1.131103515625,-4.394287109375
0.7045,1.691650390625,2.412353515625,-4.434326171875
0.705,1.131103515625,3.012939453125,-4.474365234375
0.7055,0.170166015625,3.573486328125,-4.073974609375
0.706,-0.510498046875,4.053955078125,-3.913818359375
0.7065,-1.231201171875,4.093994140625,-3.193115234375
0.707,-1.991943359375,4.294189453125,-2.632568359375
0.7075,-3.193115234375,4.494384765625,-1.631591796875
0.708,-3.593505859375,4.134033203125,-0.950927734375
0.7085,-4.314208984375,4.134033203125,-0.270263671875
0.709,-4.314208984375,3.493408203125,0.450439453125
0.7095,-4.554443359375,3.173095703125,0.970947265625
0.71,-4.514404296875,2.212158203125,1.931884765625
0.7105,-4.754638671875,1.571533203125,2.732666015625
0.711,-4.314208984375,0.570556640625,3.253173828125
0.7115,-4.354248046875,-0.190185546875,3.933837890625
0.712,-3.473388671875,-1.151123046875,4.013916015625
0.7125,-3.193115234375,-1.751708984375,4.374267578125
0.713,-2.112060546875,-2.952880859375,4.494384765625
0.7135,-1.471435546875,-3.553466796875,4.414306640625
0.714,-0.630615234375,-4.234130859375,4.174072265625
0.7145,0.090087890625,-4.514404296875,3.853759765625
0.715,0.810791015625,-4.754638671875,3.253173828125
0.7155,1.811767578125,-4.874755859375,2.492431640625
0.716,2.972900390625,-5.114990234375,1.571533203125
0.7165,3.373291015625,-4.634521484375,0.690673828125
0.717,3.973876953125,-4.634521484375,0.130126953125
0.7175,3.893798828125,-3.833740234375,-0.630615234375
0.718,4.134033203125,-3.513427734375,-1.191162109375
0.7185,4.134033203125,-2.432373046875,-2.272216796875
0.719,4.174072265625,-1.751708984375,-2.952880859375
0.7195,3.773681640625,-0.790771484375,-3.553466796875
0.72,3.533447265625,-0.070068359375,-3.953857421875
0.7205,2.772705078125,0.810791015625,-3.993896484375
0.721,2.332275390625,1.531494140625,-4.194091796875
0.7215,1.411376953125,2.612548828125,-4.354248046875
0.722,0.650634765625,3.052978515625,-4.033935546875
0.7225,0.010009765625,3.653564453125,-3.993896484375
0.723,-0.710693359375,3.773681640625,-3.393310546875
0.7235,-1.391357421875,4.013916015625,-2.952880859375
0.724,-2.432373046875,4.134033203125,-2.072021484375
0.7245,-3.273193359375,4.254150390625,-1.351318359375
0.725,-3.633544921875,3.813720703125,-0.550537109375
0.7255,-4.114013671875,3.853759765625,-0.150146484375
0.726,-4.114013671875,3.093017578125,0.610595703125
0.7265,-4.314208984375,2.732666015625,1.131103515625
0.727,-4.474365234375,1.771728515625,2.252197265625
0.7275,-4.354248046875,1.131103515625,2.732666015625
0.728,-4.154052734375,0.170166015625,3.413330078125
0.7285,-3.793701171875,-0.510498046875,3.773681640625
0.729,-3.233154296875,-1.311279296875,3.973876953125
0.7295,-2.632568359375,-2.112060546875,4.134033203125
0.73,-1.871826171875,-3.153076171875,4.334228515625
0.7305,-1.031005859375,-3.553466796875,3.973876953125
0.731,-0.510498046875,-4.234130859375,4.134033203125
0.7315,0.370361328125,-4.314208984375,3.333251953125
0.732,1.051025390625,-4.634521484375,2.972900390625
0.7325,2.252197265625,-4.754638671875,1.931884765625
0.733,2.972900390625,-4.834716796875,1.251220703125
0.7335,3.413330078125,-4.394287109375,0.410400390625
0.734,3.733642578125,-4.274169921875,0.010009765625
0.7345,3.773681640625,-3.513427734375,-0.790771484375
0.735,3.893798828125,-3.072998046875,-1.511474609375
0.7355,4.134033203125,-2.112060546875,-2.552490234375
0.736,3.813720703125,-1.311279296875,-3.032958984375
0.7365,3.693603515625,-0.510498046875,-3.633544921875
0.737,3.052978515625,0.290283203125,-3.793701171875
0.7375,2.572509765625,1.010986328125,-3.993896484375
0.738,1.891845703125,1.931884765625,-4.154052734375
0.7385,1.131103515625,2.812744140625,-4.314208984375
0.739,0.290283203125,3.173095703125,-3.793701171875
0.7395,-0.190185546875,3.693603515625,-3.833740234375
0.74,-1.111083984375,3.733642578125,-2.952880859375
0.7405,-1.791748046875,3.973876953125,-2.592529296875
0.741,-2.912841796875,4.134033203125,-1.591552734375
0.7415,-3.393310546875,3.973876953125,-0.950927734375
0.742,-3.873779296875,3.733642578125,-0.310302734375
0.7425,-3.993896484375,3.413330078125,0.210205078125
0.743,-4.194091796875,2.612548828125,0.850830078125
0.7435,-4.194091796875,2.092041015625,1.611572265625
0.744,-4.474365234375,1.371337890625,2.572509765625
0.7445,-3.913818359375,0.490478515625,3.012939453125
0.745,-4.033935546875,-0.150146484375,3.653564453125
0.7455,-3.233154296875,-0.990966796875,3.693603515625
0.746,-2.912841796875,-1.671630859375,4.013916015625
0.7465,-2.072021484375,-2.632568359375,4.093994140625
0.747,-1.431396484375,-3.353271484375,4.134033203125
0.7475,-0.630615234375,-3.793701171875,3.813720703125
0.748,-0.150146484375,-4.194091796875,3.693603515625
0.7485,0.810791015625,-4.314208984375,2.852783203125
0.749,1.571533203125,-4.554443359375,2.412353515625
0.7495,2.692626953125,-4.754638671875,1.451416015625
0.75,3.052978515625,-4.394287109375,0.770751953125
0.7505,3.533447265625,-4.314208984375,0.210205078125
0.751,3.533447265625,-3.833740234375,-0.430419921875
0.7515,3.773681640625,-3.273193359375,-1.111083984375
0.752,3.813720703125,-2.392333984375,-1.831787109375
0.7525,4.013916015625,-1.751708984375,-2.752685546875
0.753,3.453369140625,-0.750732421875,-3.193115234375
0.7535,3.453369140625,-0.270263671875,-3.673583984375
0.754,2.612548828125,0.690673828125,-3.713623046875
0.7545,2.292236328125,1.331298828125,-4.033935546875
0.755,1.411376953125,2.372314453125,-4.154052734375
0.7555,0.690673828125,2.892822265625,-3.993896484375
0.756,0.090087890625,3.333251953125,-3.753662109375
0.7565,-0.590576171875,3.653564453125,-3.393310546875
0.757,-1.471435546875,3.773681640625,-2.592529296875
0.7575,-2.272216796875,3.933837890625,-2.072021484375
0.758,-3.193115234375,4.134033203125,-1.311279296875
0.7585,-3.473388671875,3.653564453125,-0.590576171875
0.759,-3.913818359375,3.653564453125,-0.150146484375
0.7595,-3.873779296875,2.852783203125,0.570556640625
0.76,-4.114013671875,2.492431640625,1.131103515625
0.7605,-4.194091796875,1.611572265625,2.132080078125
0.761,-4.234130859375,0.970947265625,2.812744140625
0.7615,-3.793701171875,0.050048828125,3.213134765625
0.762,-3.713623046875,-0.510498046875,3.693603515625
0.7625,-2.872802734375,-1.471435546875,3.773681640625
0.763,-2.512451171875,-2.112060546875,4.013916015625
0.7635,-1.631591796875,-3.072998046875,4.134033203125
0.764,-0.910888671875,-3.553466796875,3.813720703125
0.7645,-0.390380859375,-3.993896484375,3.773681640625
0.765,0.490478515625,-4.194091796875,3.133056640625
0.7655,1.291259765625,-4.434326171875,2.532470703125
0.766,2.172119140625,-4.514404296875,1.771728515625
0.7665,2.932861328125,-4.634521484375,1.091064453125
0.767,3.213134765625,-4.114013671875,0.330322265625
0.7675,3.573486328125,-4.154052734375,0.010009765625
0.768,3.533447265625,-3.233154296875,-0.950927734375
0.7685,3.813720703125,-2.832763671875,-1.511474609375
0.769,3.853759765625,-1.911865234375,-2.472412109375
0.7695,3.693603515625,-1.151123046875,-3.072998046875
0.77,3.253173828125,-0.310302734375,-3.433349609375
0.7705,3.012939453125,0.290283203125,-3.713623046875
0.771,2.252197265625,1.291259765625,-3.873779296875
0.7715,1.771728515625,1.931884765625,-4.073974609375
0.772,0.970947265625,2.852783203125,-4.154052734375
0.7725,0.210205078125,3.173095703125,-3.713623046875
0.773,-0.310302734375,3.653564453125,-3.673583984375
0.7735,-1.311279296875,3.773681640625,-2.792724609375
0.774,-2.072021484375,4.013916015625,-2.272216796875
0.7745,-2.952880859375,3.973876953125,-1.431396484375
0.775,-3.553466796875,3.973876953125,-0.830810546875
0.7755,-3.793701171875,3.493408203125,-0.150146484375
0.776,-4.114013671875,3.333251953125,0.290283203125
0.7765,-4.154052734375,2.452392578125,1.291259765625
0.777,-4.314208984375,1.931884765625,1.891845703125
0.7775,-4.354248046875,1.091064453125,2.852783203125
0.778,-3.993896484375,0.210205078125,3.293212890625
0.7785,-3.753662109375,-0.510498046875,3.693603515625
0.779,-3.153076171875,-1.351318359375,3.893798828125
0.7795,-2.432373046875,-2.272216796875,4.134033203125
0.78,-1.751708984375,-2.952880859375,4.093994140625
0.7805,-0.990966796875,-3.753662109375,4.134033203125
0.781,-0.270263671875,-3.993896484375,3.613525390625
0.7815,0.290283203125,-4.434326171875,3.533447265625
0.782,1.491455078125,-4.514404296875,2.412353515625
0.7825,2.212158203125,-4.674560546875,1.931884765625
0.783,3.052978515625,-4.634521484375,0.970947265625
0.7835,3.493408203125,-4.474365234375,0.370361328125
0.784,3.653564453125,-3.993896484375,-0.310302734375
0.7845,3.813720703125,-3.553466796875,-0.790771484375
0.785,3.893798828125,-2.632568359375,-1.791748046875
0.7855,3.853759765625,-2.031982421875,-2.392333984375
0.786,3.973876953125,-1.151123046875,-3.273193359375
0.7865,3.373291015625,-0.270263671875,-3.553466796875
0.787,3.173095703125,0.330322265625,-3.913818359375
0.7875,2.292236328125,1.331298828125,-3.993896484375
0.788,1.771728515625,2.132080078125,-4.274169921875
0.7885,0.970947265625,2.812744140625,-4.114013671875
0.789,0.250244140625,3.493408203125,-4.114013671875
0.7895,-0.510498046875,3.653564453125,-3.513427734375
0.79,-1.111083984375,4.013916015625,-3.273193359375
0.7905,-2.312255859375,4.134033203125,-2.152099609375
0.791,-2.952880859375,4.174072265625,-1.631591796875
0.7915,-3.753662109375,4.093994140625,-0.750732421875
0.792,-4.114013671875,3.733642578125,-0.150146484375
0.7925,-4.314208984375,3.413330078125,0.450439453125
0.793,-4.394287109375,2.772705078125,1.171142578125
0.7935,-4.594482421875,1.971923828125,2.172119140625
0.794,-4.394287109375,1.171142578125,2.732666015625
0.7945,-4.514404296875,0.370361328125,3.653564453125
0.795,-3.753662109375,-0.630615234375,3.853759765625
0.7955,-3.593505859375,-1.271240234375,4.254150390625
0.796,-2.472412109375,-2.432373046875,4.334228515625
0.7965,-1.911865234375,-3.193115234375,4.494384765625
0.797,-0.990966796875,-3.873779296875,4.214111328125
0.7975,-0.270263671875,-4.514404296875,4.134033203125
0.798,0.530517578125,-4.554443359375,3.453369140625
0.7985,1.291259765625,-4.914794921875,3.012939453125
0.799,2.612548828125,-5.074951171875,1.771728515625
0.7995,3.173095703125,-4.914794921875,1.051025390625
0.8,3.893798828125,-4.794677734375,0.210205078125
0.8005,4.013916015625,-4.154052734375,-0.470458984375
0.801,4.214111328125,-3.713623046875,-0.990966796875
0.8015,4.174072265625,-2.792724609375,-1.951904296875
0.802,4.374267578125,-2.031982421875,-2.872802734375
0.8025,3.893798828125,-1.031005859375,-3.353271484375
0.803,3.933837890625,-0.310302734375,-4.114013671875
0.8035,2.972900390625,0.690673828125,-4.073974609375
0.804,2.812744140625,1.211181640625,-4.394287109375
0.8045,1.611572265625,2.492431640625,-4.434326171875
0.805,0.970947265625,3.133056640625,-4.434326171875
0.8055,0.050048828125,3.693603515625,-4.073974609375
0.806,-0.590576171875,4.134033203125,-3.833740234375
0.8065,-1.311279296875,4.134033203125,-3.193115234375
0.807,-2.192138671875,4.334228515625,-2.592529296875
0.8075,-3.393310546875,4.494384765625,-1.551513671875
0.808,-3.833740234375,4.134033203125,-0.790771484375
0.8085,-4.514404296875,4.134033203125,-0.070068359375
0.809,-4.514404296875,3.453369140625,0.610595703125
0.8095,-4.714599609375,3.133056640625,1.131103515625
0.81,-4.754638671875,2.092041015625,2.212158203125
0.8105,-4.834716796875,1.371337890625,3.012939453125
0.811,-4.434326171875,0.330322265625,3.533447265625
0.8115,-4.394287109375,-0.430419921875,4.254150390625
0.812,-3.473388671875,-1.431396484375,4.294189453125
0.8125,-3.153076171875,-2.031982421875,4.614501953125
0.813,-1.991943359375,-3.353271484375,4.734619140625
0.8135,-1.231201171875,-3.953857421875,4.494384765625
0.814,-0.310302734375,-4.634521484375,4.294189453125
0.8145,0.410400390625,-4.954833984375,3.853759765625
0.815,1.251220703125,-5.114990234375,3.173095703125
0.8155,2.252197265625,-5.275146484375,2.332275390625
0.816,3.533447265625,-5.475341796875,1.251220703125
0.8165,3.893798828125,-4.834716796875,0.330322265625
0.817,4.494384765625,-4.794677734375,-0.310302734375
0.8175,4.414306640625,-3.833740234375,-1.111083984375
0.818,4.494384765625,-3.353271484375,-1.671630859375
0.8185,4.534423828125,-2.232177734375,-2.832763671875
0.819,4.494384765625,-1.351318359375,-3.593505859375
0.8195,3.853759765625,-0.310302734375,-4.073974609375
0.82,3.693603515625,0.450439453125,-4.514404296875
0.8205,2.692626953125,1.331298828125,-4.434326171875
0.821,2.172119140625,2.052001953125,-4.594482421875
0.8215,1.131103515625,3.333251953125,-4.754638671875
0.822,0.210205078125,3.733642578125,-4.234130859375
0.8225,-0.510498046875,4.294189453125,-4.114013671875
0.823,-1.271240234375,4.334228515625,-3.473388671875
0.8235,-1.991943359375,4.454345703125,-2.832763671875
0.824,-3.032958984375,4.494384765625,-1.871826171875
0.8245,-4.033935546875,4.614501953125,-0.990966796875
0.825,-4.314208984375,3.973876953125,-0.110107421875
0.8255,-4.794677734375,3.973876953125,0.370361328125
0.826,-4.634521484375,3.093017578125,1.171142578125
0.8265,-4.754638671875,2.612548828125,1.691650390625
0.827,-4.874755859375,1.531494140625,2.852783203125
0.8275,-4.634521484375,0.770751953125,3.453369140625
0.828,-4.274169921875,-0.270263671875,4.013916015625
0.8285,-3.913818359375,-0.990966796875,4.334228515625
0.829,-3.153076171875,-1.871826171875,4.454345703125
0.8295,-2.512451171875,-2.632568359375,4.534423828125
0.83,-1.551513671875,-3.833740234375,4.734619140625
0.8305,-0.630615234375,-4.194091796875,4.134033203125
0.831,0.010009765625,-4.834716796875,4.174072265625
0.8315,0.890869140625,-4.914794921875,3.333251953125
0.832,1.611572265625,-5.155029296875,2.852783203125
0.8325,2.812744140625,-5.155029296875,1.771728515625
0.833,3.693603515625,-5.195068359375,0.930908203125
0.8335,3.973876953125,-4.594482421875,0.010009765625
0.834,4.414306640625,-4.514404296875,-0.470458984375
0.8345,4.334228515625,-3.513427734375,-1.351318359375
0.835,4.414306640625,-2.952880859375,-1.951904296875
0.8355,4.494384765625,-1.871826171875,-3.193115234375
0.836,4.134033203125,-0.950927734375,-3.673583984375
0.8365,3.813720703125,0.010009765625,-4.194091796875
0.837,3.173095703125,0.770751953125,-4.354248046875
0.8375,2.492431640625,1.611572265625,-4.514404296875
0.838,1.771728515625,2.492431640625,-4.554443359375
0.8385,0.810791015625,3.533447265625,-4.634521484375
0.839,-0.110107421875,3.773681640625,-3.993896484375
0.8395,-0.630615234375,4.214111328125,-3.993896484375
0.84,-1.671630859375,4.214111328125,-2.992919921875
0.8405,-2.352294921875,4.454345703125,-2.432373046875
0.841,-3.513427734375,4.494384765625,-1.351318359375
0.8415,-4.073974609375,4.334228515625,-0.630615234375
0.842,-4.354248046875,3.853759765625,0.130126953125
0.8425,-4.554443359375,3.533447265625,0.610595703125
0.843,-4.554443359375,2.692626953125,1.451416015625
0.8435,-4.554443359375,2.052001953125,2.052001953125
0.844,-4.794677734375,1.131103515625,3.173095703125
0.8445,-4.194091796875,0.170166015625,3.533447265625
0.845,-4.114013671875,-0.510498046875,4.093994140625
0.8455,-3.313232421875,-1.391357421875,4.134033203125
0.846,-2.832763671875,-2.152099609375,4.374267578125
0.8465,-1.951904296875,-3.072998046875,4.414306640625
0.847,-1.191162109375,-3.913818359375,4.414306640625
0.8475,-0.310302734375,-4.234130859375,3.853759765625
0.848,0.130126953125,-4.714599609375,3.853759765625
0.8485,1.251220703125,-4.674560546875,2.852783203125
0.849,1.931884765625,-4.954833984375,2.412353515625
0.8495,3.133056640625,-4.994873046875,1.291259765625
0.85,3.533447265625,-4.674560546875,0.570556640625
0.8505,3.893798828125,-4.434326171875,-0.110107421875
0.851,4.093994140625,-3.913818359375,-0.630615234375
0.8515,4.134033203125,-3.193115234375,-1.551513671875
0.852,4.134033203125,-2.432373046875,-2.272216796875
0.8525,4.374267578125,-1.591552734375,-3.273193359375
0.853,3.693603515625,-0.510498046875,-3.633544921875
0.8535,3.653564453125,0.130126953125,-4.154052734375
0.854,2.692626953125,1.091064453125,-4.154052734375
0.8545,2.252197265625,1.851806640625,-4.434326171875
0.855,1.291259765625,2.692626953125,-4.394287109375
0.8555,0.490478515625,3.453369140625,-4.314208984375
0.856,-0.310302734375,3.693603515625,-3.833740234375
0.8565,-0.910888671875,4.134033203125,-3.553466796875
0.857,-1.991943359375,4.134033203125,-2.512451171875
0.8575,-2.632568359375,4.214111328125,-1.991943359375
0.858,-3.673583984375,4.334228515625,-1.071044921875
0.8585,-3.913818359375,3.853759765625,-0.310302734375
0.859,-4.234130859375,3.693603515625,0.170166015625
0.8595,-4.274169921875,2.932861328125,0.930908203125
0.86,-4.434326171875,2.372314453125,1.651611328125
0.8605,-4.354248046875,1.491455078125,2.412353515625
0.861,-4.474365234375,0.810791015625,3.173095703125
0.8615,-3.793701171875,-0.190185546875,3.493408203125
0.862,-3.793701171875,-0.710693359375,3.973876953125
0.8625,-2.752685546875,-1.751708984375,3.973876953125
0.863,-2.432373046875,-2.432373046875,4.174072265625
0.8635,-1.511474609375,-3.353271484375,4.174072265625
0.864,-0.790771484375,-3.873779296875,3.973876953125
0.8645,-0.150146484375,-4.154052734375,3.693603515625
0.865,0.610595703125,-4.474365234375,3.253173828125
0.8655,1.571533203125,-4.594482421875,2.412353515625
0.866,2.252197265625,-4.634521484375,1.771728515625
0.8665,3.173095703125,-4.794677734375,1.010986328125
0.867,3.373291015625,-4.194091796875,0.290283203125
0.8675,3.813720703125,-4.194091796875,-0.150146484375
0.868,3.733642578125,-3.273193359375,-0.990966796875
0.8685,4.013916015625,-2.872802734375,-1.671630859375
0.869,3.973876953125,-1.911865234375,-2.552490234375
0.8695,3.973876953125,-1.191162109375,-3.233154296875
0.87,3.333251953125,-0.230224609375,-3.553466796875
0.8705,3.213134765625,0.330322265625,-3.993896484375
0.871,2.212158203125,1.371337890625,-4.033935546875
0.8715,1.851806640625,2.052001953125,-4.314208984375
0.872,0.930908203125,2.932861328125,-4.274169921875
0.8725,0.170166015625,3.373291015625,-3.873779296875
0.873,-0.430419921875,3.773681640625,-3.673583984375
0.8735,-1.391357421875,3.933837890625,-2.912841796875
0.874,-2.272216796875,4.134033203125,-2.232177734375
0.8745,-2.992919921875,4.053955078125,-1.471435546875
0.875,-3.713623046875,4.134033203125,-0.790771484375
0.8755,-3.833740234375,3.533447265625,-0.070068359375
0.876,-4.154052734375,3.453369140625,0.290283203125
0.8765,-4.194091796875,2.452392578125,1.291259765625
0.877,-4.354248046875,1.971923828125,1.931884765625
0.8775,-4.314208984375,1.051025390625,2.772705078125
0.878,-4.073974609375,0.290283203125,3.293212890625
0.8785,-3.593505859375,-0.510498046875,3.613525390625
0.879,-3.233154296875,-1.271240234375,3.853759765625
0.8795,-2.432373046875,-2.272216796875,4.093994140625
0.88,-1.871826171875,-2.832763671875,4.013916015625
0.8805,-1.111083984375,-3.593505859375,4.093994140625
0.881,-0.390380859375,-3.873779296875,3.613525390625
0.8815,0.130126953125,-4.274169921875,3.533447265625
0.882,1.251220703125,-4.354248046875,2.532470703125
0.8825,1.971923828125,-4.634521484375,2.052001953125
0.883,2.692626953125,-4.514404296875,1.171142578125
0.8835,3.213134765625,-4.434326171875,0.610595703125
0.884,3.373291015625,-3.873779296875,0.010009765625
0.8845,3.613525390625,-3.713623046875,-0.470458984375
0.885,3.733642578125,-2.792724609375,-1.431396484375
0.8855,3.853759765625,-2.312255859375,-2.031982421875
0.886,3.853759765625,-1.431396484375,-2.912841796875
0.8865,3.453369140625,-0.630615234375,-3.273193359375
0.887,3.173095703125,0.050048828125,-3.713623046875
0.8875,2.572509765625,0.850830078125,-3.833740234375
0.888,1.971923828125,1.731689453125,-4.154052734375
0.8885,1.291259765625,2.372314453125,-3.993896484375
0.889,0.610595703125,3.133056640625,-4.114013671875
0.8895,-0.150146484375,3.333251953125,-3.513427734375
0.89,-0.710693359375,3.773681640625,-3.393310546875
0.8905,-1.871826171875,3.853759765625,-2.312255859375
0.891,-2.512451171875,4.053955078125,-1.911865234375
0.8915,-3.233154296875,3.893798828125,-1.071044921875
0.892,-3.673583984375,3.773681640625,-0.510498046875
0.8925,-3.833740234375,3.333251953125,0.090087890625
0.893,-3.993896484375,2.892822265625,0.650634765625
0.8935,-4.194091796875,2.172119140625,1.611572265625
0.894,-4.154052734375,1.451416015625,2.212158203125
0.8945,-4.234130859375,0.770751953125,3.012939453125
0.895,-3.633544921875,-0.190185546875,3.253173828125
0.8955,-3.553466796875,-0.790771484375,3.693603515625
0.896,-2.632568359375,-1.791748046875,3.773681640625
0.8965,-2.192138671875,-2.512451171875,4.093994140625
0.897,-1.391357421875,-3.072998046875,3.853759765625
0.8975,-0.790771484375,-3.753662109375,3.893798828125
0.898,-0.110107421875,-3.833740234375,3.333251953125
0.8985,0.570556640625,-4.274169921875,3.093017578125
0.899,1.691650390625,-4.434326171875,2.092041015625
0.8995,2.292236328125,-4.474365234375,1.571533203125
0.9,3.012939453125,-4.394287109375,0.810791015625
0.9005,3.173095703125,-3.993896484375,0.290283203125
0.901,3.493408203125,-3.793701171875,-0.270263671875
0.9015,3.533447265625,-3.072998046875,-0.990966796875
0.902,3.813720703125,-2.512451171875,-1.871826171875
0.9025,3.613525390625,-1.671630859375,-2.432373046875
0.903,3.733642578125,-1.071044921875,-3.193115234375
0.9035,3.012939453125,-0.190185546875,-3.353271484375
0.904,2.972900390625,0.330322265625,-3.793701171875
0.9045,1.971923828125,1.491455078125,-3.873779296875
0.905,1.611572265625,2.092041015625,-4.114013671875
0.9055,0.770751953125,2.812744140625,-3.873779296875
0.906,0.170166015625,3.253173828125,-3.793701171875
0.9065,-0.550537109375,3.493408203125,-3.273193359375
0.907,-1.311279296875,3.773681640625,-2.792724609375
0.9075,-2.432373046875,4.013916015625,-1.951904296875
0.908,-2.912841796875,3.853759765625,-1.311279296875
0.9085,-3.593505859375,3.893798828125,-0.710693359375
0.909,-3.713623046875,3.373291015625,-0.070068359375
0.9095,-4.033935546875,3.173095703125,0.450439453125
0.91,-4.114013671875,2.292236328125,1.331298828125
0.9105,-4.354248046875,1.771728515625,2.092041015625
0.911,-4.033935546875,0.810791015625,2.692626953125
0.9115,-4.114013671875,0.170166015625,3.333251953125
0.912,-3.353271484375,-0.790771484375,3.533447265625
0.9125,-3.193115234375,-1.311279296875,3.933837890625
0.913,-2.232177734375,-2.472412109375,4.093994140625
0.9135,-1.631591796875,-3.072998046875,4.053955078125
0.914,-0.910888671875,-3.713623046875,3.973876953125
0.9145,-0.270263671875,-3.993896484375,3.653564453125
0.915,0.490478515625,-4.314208984375,3.213134765625
0.9155,1.451416015625,-4.474365234375,2.412353515625
0.916,2.492431640625,-4.754638671875,1.651611328125
0.9165,2.932861328125,-4.354248046875,0.890869140625
0.917,3.533447265625,-4.434326171875,0.330322265625
0.9175,3.533447265625,-3.713623046875,-0.390380859375
0.918,3.773681640625,-3.473388671875,-0.870849609375
0.9185,3.853759765625,-2.472412109375,-1.951904296875
0.919,3.893798828125,-1.911865234375,-2.592529296875
0.9195,3.613525390625,-0.950927734375,-3.193115234375
0.92,3.413330078125,-0.310302734375,-3.673583984375
0.9205,2.772705078125,0.610595703125,-3.793701171875
0.921,2.332275390625,1.291259765625,-3.993896484375
0.9215,1.531494140625,2.412353515625,-4.234130859375
0.922,0.770751953125,2.852783203125,-3.953857421875
0.9225,0.130126953125,3.493408203125,-3.993896484375
0.923,-0.630615234375,3.653564453125,-3.353271484375
0.9235,-1.271240234375,3.893798828125,-3.032958984375
0.924,-2.392333984375,4.053955078125,-2.072021484375
0.9245,-3.233154296875,4.174072265625,-1.351318359375
0.925,-3.633544921875,3.813720703125,-0.590576171875
0.9255,-4.114013671875,3.813720703125,-0.150146484375
0.926,-4.114013671875,3.052978515625,0.650634765625
0.9265,-4.274169921875,2.692626953125,1.211181640625
0.927,-4.474365234375,1.691650390625,2.252197265625
0.9275,-4.314208984375,0.970947265625,2.812744140625
0.928,-4.114013671875,0.090087890625,3.493408203125
0.9285,-3.713623046875,-0.630615234375,3.853759765625
0.929,-3.193115234375,-1.391357421875,4.013916015625
0.9295,-2.512451171875,-2.272216796875,4.174072265625
0.93,-1.711669921875,-3.313232421875,4.414306640625
0.9305,-0.830810546875,-3.713623046875,3.973876953125
0.931,-0.350341796875,-4.394287109375,4.093994140625
0.9315,0.570556640625,-4.434326171875,3.253173828125
0.932,1.291259765625,-4.754638671875,2.852783203125
0.9325,2.532470703125,-4.914794921875,1.771728515625
0.933,3.253173828125,-4.874755859375,1.010986328125
0.9335,3.693603515625,-4.434326171875,0.170166015625
0.934,4.013916015625,-4.274169921875,-0.310302734375
0.9345,4.013916015625,-3.473388671875,-1.111083984375
0.935,4.134033203125,-2.912841796875,-1.791748046875
0.9355,4.334228515625,-1.951904296875,-2.952880859375
0.936,3.893798828125,-1.031005859375,-3.433349609375
0.9365,3.733642578125,-0.150146484375,-4.033935546875
0.937,3.052978515625,0.650634765625,-4.154052734375
0.9375,2.492431640625,1.451416015625,-4.314208984375
0.938,1.651611328125,2.412353515625,-4.434326171875
0.9385,0.810791015625,3.373291015625,-4.514404296875
0.939,-0.110107421875,3.653564453125,-3.873779296875
0.9395,-0.630615234375,4.174072265625,-3.873779296875
0.94,-1.631591796875,4.174072265625,-2.872802734375
0.9405,-2.312255859375,4.334228515625,-2.392333984375
0.941,-3.513427734375,4.454345703125,-1.271240234375
0.9415,-4.033935546875,4.174072265625,-0.590576171875
0.942,-4.354248046875,3.813720703125,0.170166015625
0.9425,-4.514404296875,3.453369140625,0.650634765625
0.943,-4.514404296875,2.612548828125,1.451416015625
0.9435,-4.554443359375,1.931884765625,2.132080078125
0.944,-4.794677734375,1.010986328125,3.173095703125
0.9445,-4.154052734375,0.090087890625,3.573486328125
0.945,-4.114013671875,-0.630615234375,4.134033203125
0.9455,-3.193115234375,-1.551513671875,4.174072265625
0.946,-2.752685546875,-2.272216796875,4.454345703125
0.9465,-1.791748046875,-3.273193359375,4.454345703125
0.947,-0.990966796875,-4.033935546875,4.454345703125
0.9475,-0.190185546875,-4.354248046875,3.893798828125
0.948,0.370361328125,-4.834716796875,3.853759765625
0.9485,1.491455078125,-4.874755859375,2.772705078125
0.949,2.212158203125,-5.074951171875,2.252197265625
0.9495,3.453369140625,-5.155029296875,1.171142578125
0.95,3.853759765625,-4.754638671875,0.370361328125
0.9505,4.214111328125,-4.514404296875,-0.310302734375
0.951,4.334228515625,-3.953857421875,-0.990966796875
0.9515,4.414306640625,-3.113037109375,-1.911865234375
0.952,4.374267578125,-2.312255859375,-2.672607421875
0.9525,4.534423828125,-1.311279296875,-3.713623046875
0.953,3.733642578125,-0.230224609375,-3.993896484375
0.9535,3.693603515625,0.450439453125,-4.514404296875
0.954,2.572509765625,1.571533203125,-4.514404296875
0.9545,2.011962890625,2.292236328125,-4.674560546875
0.955,1.010986328125,3.293212890625,-4.634521484375
0.9555,0.130126953125,3.973876953125,-4.434326171875
0.956,-0.670654296875,4.174072265625,-3.833740234375
0.9565,-1.391357421875,4.534423828125,-3.513427734375
0.957,-2.592529296875,4.534423828125,-2.272216796875
0.9575,-3.193115234375,4.534423828125,-1.671630859375
0.958,-4.234130859375,4.534423828125,-0.670654296875
0.9585,-4.474365234375,3.973876953125,0.130126953125
0.959,-4.754638671875,3.653564453125,0.610595703125
0.9595,-4.754638671875,2.852783203125,1.451416015625
0.96,-4.794677734375,2.092041015625,2.252197265625
0.9605,-4.634521484375,1.211181640625,2.972900390625
0.961,-4.674560546875,0.410400390625,3.773681640625
0.9615,-3.833740234375,-0.630615234375,3.973876953125
0.962,-3.793701171875,-1.231201171875,4.454345703125
0.9625,-2.592529296875,-2.392333984375,4.414306640625
0.963,-2.192138671875,-2.952880859375,4.494384765625
0.9635,-1.151123046875,-3.913818359375,4.454345703125
0.964,-0.350341796875,-4.434326171875,4.134033203125
0.9645,0.290283203125,-4.674560546875,3.773681640625
0.965,1.091064453125,-4.954833984375,3.213134765625
0.9655,2.172119140625,-4.994873046875,2.252197265625
0.966,2.852783203125,-4.994873046875,1.571533203125
0.9665,3.773681640625,-5.074951171875,0.690673828125
0.967,3.933837890625,-4.434326171875,-0.150146484375
0.9675,4.294189453125,-4.314208984375,-0.590576171875
0.968,4.294189453125,-3.233154296875,-1.551513671875
0.9685,4.414306640625,-2.712646484375,-2.272216796875
0.969,4.294189453125,-1.631591796875,-3.153076171875
0.9695,4.214111328125,-0.830810546875,-3.833740234375
0.97,3.453369140625,0.250244140625,-4.073974609375
0.9705,3.293212890625,0.770751953125,-4.514404296875
0.971,2.092041015625,2.052001953125,-4.514404296875
0.9715,1.651611328125,2.612548828125,-4.634521484375
0.972,0.610595703125,3.573486328125,-4.514404296875
0.9725,-0.270263671875,3.973876953125,-4.073974609375
0.973,-0.910888671875,4.254150390625,-3.713623046875
0.9735,-1.951904296875,4.494384765625,-2.912841796875
0.974,-2.952880859375,4.574462890625,-1.991943359375
0.9745,-3.553466796875,4.374267578125,-1.191162109375
0.975,-4.354248046875,4.334228515625,-0.470458984375
0.9755,-4.394287109375,3.653564453125,0.370361328125
0.976,-4.634521484375,3.493408203125,0.770751953125
0.9765,-4.634521484375,2.292236328125,1.931884765625
0.977,-4.714599609375,1.771728515625,2.532470703125
0.9775,-4.514404296875,0.730712890625,3.333251953125
0.978,-4.314208984375,-0.070068359375,3.853759765625
0.9785,-3.593505859375,-0.990966796875,4.053955078125
0.979,-3.233154296875,-1.631591796875,4.334228515625
0.9795,-2.232177734375,-2.752685546875,4.414306640625
0.98,-1.631591796875,-3.273193359375,4.294189453125
0.9805,-0.790771484375,-4.114013671875,4.294189453125
0.981,0.010009765625,-4.354248046875,3.693603515625
0.9815,0.530517578125,-4.674560546875,3.533447265625
0.982,1.651611328125,-4.754638671875,2.492431640625
0.9825,2.492431640625,-4.914794921875,1.891845703125
0.983,3.133056640625,-4.754638671875,0.970947265625
0.9835,3.733642578125,-4.714599609375,0.370361328125
0.984,3.813720703125,-3.953857421875,-0.350341796875
0.9845,4.013916015625,-3.833740234375,-0.790771484375
0.985,4.093994140625,-2.712646484375,-1.911865234375
0.9855,4.134033203125,-2.232177734375,-2.432373046875
0.986,4.093994140625,-1.231201171875,-3.353271484375
0.9865,3.693603515625,-0.390380859375,-3.713623046875
0.987,3.213134765625,0.410400390625,-4.033935546875
0.9875,2.692626953125,1.211181640625,-4.194091796875
0.988,1.891845703125,2.252197265625,-4.474365234375
0.9885,1.131103515625,2.772705078125,-4.274169921875
0.989,0.370361328125,3.653564453125,-4.314208984375
0.9895,-0.470458984375,3.813720703125,-3.673583984375
0.99,-1.031005859375,4.174072265625,-3.513427734375
0.9905,-2.272216796875,4.254150390625,-2.312255859375
0.991,-3.032958984375,4.334228515625,-1.791748046875
0.9915,-3.713623046875,4.134033203125,-0.910888671875
0.992,-4.154052734375,4.013916015625,-0.270263671875
0.9925,-4.234130859375,3.373291015625,0.490478515625
0.993,-4.434326171875,2.972900390625,1.010986328125
0.9935,-4.554443359375,1.971923828125,2.092041015625
0.994,-4.394287109375,1.331298828125,2.612548828125
0.9945,-4.394287109375,0.450439453125,3.453369140625
0.995,-3.793701171875,-0.470458984375,3.693603515625
0.9955,-3.473388671875,-1.151123046875,4.013916015625
0.996,-2.632568359375,-2.072021484375,4.093994140625
0.9965,-1.991943359375,-2.912841796875,4.334228515625
0.997,-1.191162109375,-3.393310546875,3.973876953125
0.9975,-0.590576171875,-4.114013671875,4.013916015625
0.998,0.210205078125,-4.154052734375,3.333251953125
0.9985,0.770751953125,-4.634521484375,3.012939453125
0.999,2.011962890625,-4.634521484375,1.971923828125
0.9995,2.572509765625,-4.674560546875,1.411376953125
