wavelength,x,y,z
0.0,-2.8427734375,3.203125,-0.560546875
0.0005,-3.123046875,2.6826171875,0.240234375
0.001,-3.4033203125,2.2822265625,0.880859375
0.0015,-3.5634765625,1.7216796875,1.521484375
0.002,-3.203125,1.1611328125,1.8818359375
0.0025,-3.3232421875,0.6005859375,2.5224609375
0.003,-2.962890625,-0.1201171875,2.9228515625
0.0035,-2.7626953125,-0.7607421875,3.36328125
0.004,-2.2021484375,-1.44140625,3.4833984375
0.0045,-1.6416015625,-1.8818359375,3.4033203125
0.005,-0.880859375,-2.40234375,3.1630859375
0.0055,-0.3203125,-2.962890625,3.1630859375
0.006,0.4404296875,-3.2431640625,2.7626953125
0.0065,1.041015625,-3.603515625,2.5224609375
0.007,1.6015625,-3.7236328125,2.0419921875
0.0075,1.921875,-3.4833984375,1.5615234375
0.008,2.482421875,-3.4833984375,1.0009765625
0.0085,2.8828125,-3.1630859375,0.3203125
0.009,3.2431640625,-2.8828125,-0.3203125
0.0095,3.443359375,-2.3623046875,-1.0810546875
0.01,3.5234375,-1.921875,-1.5615234375
0.0105,3.3232421875,-1.28125,-1.9619140625
0.011,3.4833984375,-0.720703125,-2.642578125
0.0115,3.1630859375,0.0400390625,-3.0830078125
0.012,2.9228515625,0.640625,-3.5234375
0.0125,2.3623046875,1.3212890625,-3.68359375
0.013,1.76171875,1.76171875,-3.4833984375
0.0135,1.041015625,2.3623046875,-3.4033203125
0.014,0.3203125,2.8828125,-3.2431640625
0.0145,-0.3203125,3.2431640625,-2.9228515625
0.015,-1.0009765625,3.5234375,-2.6025390625
0.0155,-1.4814453125,3.603515625,-2.2021484375
0.016,-1.841796875,3.36328125,-1.6015625
0.0165,-2.5224609375,3.443359375,-1.12109375
0.017,-2.8427734375,2.9228515625,-0.240234375
0.0175,-3.283203125,2.642578125,0.3603515625
0.018,-3.443359375,2.0419921875,1.201171875
0.0185,-3.4033203125,1.6015625,1.5615234375
0.019,-3.203125,0.880859375,2.162109375
0.0195,-3.2431640625,0.2802734375,2.7626953125
0.02,-2.8828125,-0.48046875,3.1630859375
0.0205,-2.5224609375,-1.1611328125,3.4833984375
0.021,-1.8818359375,-1.76171875,3.5234375
0.0215,-1.1611328125,-2.2021484375,3.2431640625
0.022,-0.5205078125,-2.8427734375,3.283203125
0.0225,0.2802734375,-3.2431640625,2.8828125
0.023,0.9208984375,-3.603515625,2.6025390625
0.0235,1.5615234375,-3.7236328125,2.1220703125
0.024,1.9619140625,-3.6435546875,1.681640625
0.0245,2.40234375,-3.4033203125,1.041015625
0.025,2.962890625,-3.4033203125,0.48046875
0.0255,3.1630859375,-2.802734375,-0.3603515625
0.026,3.5234375,-2.4423828125,-1.0009765625
0.0265,3.603515625,-1.8017578125,-1.681640625
0.027,3.443359375,-1.28125,-2.0419921875
0.0275,3.4033203125,-0.640625,-2.642578125
0.028,3.1630859375,0.0400390625,-3.1630859375
0.0285,2.8427734375,0.7607421875,-3.5634765625
0.029,2.3623046875,1.4013671875,-3.68359375
0.0295,1.76171875,1.921875,-3.603515625
0.03,0.9609375,2.322265625,-3.283203125
0.0305,0.3603515625,3.0029296875,-3.36328125
0.031,-0.4404296875,3.2431640625,-2.802734375
0.0315,-1.0009765625,3.5634765625,-2.6025390625
0.032,-1.6015625,3.603515625,-2.08203125
0.0325,-1.9619140625,3.443359375,-1.6015625
0.033,-2.4423828125,3.283203125,-1.0009765625
0.0335,-3.0029296875,3.04296875,-0.3203125
0.034,-3.2431640625,2.5224609375,0.48046875
0.0345,-3.4833984375,2.162109375,1.12109375
0.035,-3.5234375,1.5615234375,1.76171875
0.0355,-3.203125,0.9208984375,2.1220703125
0.036,-3.3232421875,0.3203125,2.802734375
0.0365,-2.8828125,-0.48046875,3.1630859375
0.037,-2.5625,-1.12109375,3.5234375
0.0375,-1.9619140625,-1.76171875,3.5234375
0.038,-1.28125,-2.2421875,3.443359375
0.0385,-0.5205078125,-2.72265625,3.1630859375
0.039,0.080078125,-3.3232421875,3.1630859375
0.0395,0.9609375,-3.5634765625,2.5625
0.04,1.4814453125,-3.8037109375,2.2822265625
0.0405,2.0419921875,-3.8037109375,1.7216796875
0.041,2.3623046875,-3.5234375,1.12109375
0.0415,2.8828125,-3.4833984375,0.560546875
0.042,3.2431640625,-2.9228515625,-0.2802734375
0.0425,3.5634765625,-2.5224609375,-0.9609375
0.043,3.68359375,-1.9619140625,-1.6015625
0.0435,3.603515625,-1.4013671875,-2.1220703125
0.044,3.3232421875,-0.6806640625,-2.5625
0.0445,3.443359375,-0.16015625,-3.203125
0.045,2.8828125,0.720703125,-3.5634765625
0.0455,2.5224609375,1.3212890625,-3.84375
0.046,1.841796875,1.9619140625,-3.8037109375
0.0465,1.12109375,2.40234375,-3.5234375
0.047,0.3603515625,2.9228515625,-3.3232421875
0.0475,-0.3203125,3.36328125,-3.04296875
0.048,-1.12109375,3.603515625,-2.5625
0.0485,-1.6015625,3.68359375,-2.2021484375
0.049,-2.1220703125,3.6435546875,-1.6416015625
0.0495,-2.482421875,3.2431640625,-1.0009765625
0.05,-3.0830078125,3.3232421875,-0.400390625
0.0505,-3.283203125,2.5224609375,0.48046875
0.051,-3.603515625,2.2021484375,1.12109375
0.0515,-3.5634765625,1.5615234375,1.76171875
0.052,-3.4033203125,0.9609375,2.2021484375
0.0525,-3.1630859375,0.2802734375,2.6826171875
0.053,-3.0830078125,-0.3203125,3.203125
0.0535,-2.5224609375,-1.1611328125,3.5234375
0.054,-2.08203125,-1.681640625,3.603515625
0.0545,-1.361328125,-2.2822265625,3.5234375
0.055,-0.6005859375,-2.642578125,3.1630859375
0.0555,0.0,-3.2431640625,3.1630859375
0.056,0.8408203125,-3.5634765625,2.6025390625
0.0565,1.44140625,-3.84375,2.2822265625
0.057,1.921875,-3.763671875,1.8017578125
0.0575,2.322265625,-3.7236328125,1.28125
0.058,2.6826171875,-3.283203125,0.640625
0.0585,3.2431640625,-3.203125,0.0400390625
0.059,3.4033203125,-2.5224609375,-0.80078125
0.0595,3.68359375,-2.2021484375,-1.3212890625
0.06,3.603515625,-1.5615234375,-1.9619140625
0.0605,3.443359375,-1.0009765625,-2.322265625
0.061,3.36328125,-0.3203125,-2.9228515625
0.0615,3.0830078125,0.3603515625,-3.36328125
0.062,2.6826171875,1.0810546875,-3.7236328125
0.0625,2.162109375,1.6015625,-3.7236328125
0.063,1.4814453125,2.162109375,-3.68359375
0.0635,0.6806640625,2.6025390625,-3.283203125
0.064,0.080078125,3.2431640625,-3.36328125
0.0645,-0.7607421875,3.443359375,-2.72265625
0.065,-1.28125,3.68359375,-2.5224609375
0.0655,-1.841796875,3.5634765625,-1.9619140625
0.066,-2.2421875,3.5234375,-1.361328125
0.0665,-2.72265625,3.2431640625,-0.6806640625
0.067,-3.203125,3.0029296875,0.0
0.0675,-3.4033203125,2.40234375,0.880859375
0.068,-3.5634765625,1.9619140625,1.4013671875
0.0685,-3.5634765625,1.28125,2.0419921875
0.069,-3.2431640625,0.640625,2.4423828125
0.0695,-3.283203125,0.0,3.0830078125
0.07,-2.72265625,-0.8408203125,3.443359375
0.0705,-2.3623046875,-1.4814453125,3.68359375
0.071,-1.6015625,-2.0419921875,3.5634765625
0.0715,-1.0009765625,-2.6025390625,3.4833984375
0.072,-0.16015625,-3.04296875,3.123046875
0.0725,0.48046875,-3.603515625,3.0029296875
0.073,1.4013671875,-3.84375,2.2822265625
0.0735,1.8017578125,-3.923828125,2.001953125
0.074,2.40234375,-3.763671875,1.4013671875
0.0745,2.72265625,-3.4833984375,0.7607421875
0.075,3.2431640625,-3.3232421875,0.1201171875
0.0755,3.5234375,-2.72265625,-0.720703125
0.076,3.763671875,-2.2021484375,-1.4814453125
0.0765,3.7236328125,-1.6015625,-2.001953125
0.077,3.6435546875,-1.0009765625,-2.5625
0.0775,3.3232421875,-0.2802734375,-2.962890625
0.078,3.3232421875,0.3203125,-3.5634765625
0.0785,2.642578125,1.28125,-3.8837890625
0.079,2.2021484375,1.841796875,-4.00390625
0.0795,1.4013671875,2.40234375,-3.8037109375
0.08,0.640625,2.8828125,-3.5634765625
0.0805,-0.080078125,3.3232421875,-3.2431640625
0.081,-0.9208984375,3.68359375,-2.8828125
0.0815,-1.8017578125,3.8837890625,-2.2822265625
0.082,-2.162109375,3.84375,-1.8017578125
0.0825,-2.72265625,3.7236328125,-1.1611328125
0.083,-3.04296875,3.3232421875,-0.48046875
0.0835,-3.5634765625,3.1630859375,0.2001953125
0.084,-3.7236328125,2.322265625,1.2412109375
0.0845,-3.923828125,1.8017578125,1.921875
0.085,-3.68359375,1.0810546875,2.40234375
0.0855,-3.5634765625,0.4404296875,2.9228515625
0.086,-3.1630859375,-0.3203125,3.3232421875
0.0865,-2.8828125,-1.0009765625,3.8037109375
0.087,-2.2021484375,-2.001953125,4.00390625
0.0875,-1.5615234375,-2.4423828125,3.8837890625
0.088,-0.720703125,-3.04296875,3.68359375
0.0885,0.0400390625,-3.4833984375,3.283203125
0.089,0.80078125,-3.923828125,3.04296875
0.0895,1.681640625,-4.1640625,2.40234375
0.09,2.4423828125,-4.244140625,1.841796875
0.0905,2.72265625,-3.8837890625,1.201171875
0.091,3.283203125,-3.8037109375,0.6005859375
0.0915,3.5234375,-3.2431640625,-0.16015625
0.092,3.9638671875,-3.04296875,-0.8408203125
0.0925,4.083984375,-2.08203125,-1.8818359375
0.093,4.1240234375,-1.6015625,-2.4423828125
0.0935,3.8037109375,-0.720703125,-2.9228515625
0.094,3.6435546875,-0.1201171875,-3.443359375
0.0945,3.2431640625,0.640625,-3.84375
0.095,2.8427734375,1.4013671875,-4.1640625
0.0955,2.1220703125,2.322265625,-4.404296875
0.096,1.361328125,2.6826171875,-4.00390625
0.0965,0.560546875,3.203125,-3.8837890625
0.097,-0.2802734375,3.5634765625,-3.36328125
0.0975,-1.0009765625,3.9638671875,-3.123046875
0.098,-1.9619140625,4.1240234375,-2.322265625
0.0985,-2.6025390625,4.2041015625,-1.76171875
0.099,-2.8828125,3.763671875,-1.0009765625
0.0995,-3.443359375,3.68359375,-0.4404296875
0.1,-3.7236328125,3.123046875,0.400390625
0.1005,-4.0439453125,2.6826171875,1.12109375
0.101,-4.1640625,1.76171875,2.2021484375
0.1015,-4.00390625,1.12109375,2.642578125
0.102,-3.7236328125,0.2802734375,3.1630859375
0.1025,-3.4033203125,-0.3603515625,3.5634765625
0.103,-3.04296875,-1.12109375,3.9638671875
0.1035,-2.3623046875,-1.9619140625,4.1640625
0.104,-1.681640625,-2.7626953125,4.32421875
0.1045,-0.80078125,-3.0830078125,3.763671875
0.105,-0.0400390625,-3.7236328125,3.68359375
0.1055,0.80078125,-4.00390625,3.04296875
0.106,1.5615234375,-4.32421875,2.7626953125
0.1065,2.5224609375,-4.404296875,1.921875
0.107,3.0029296875,-4.244140625,1.3212890625
0.1075,3.3232421875,-3.84375,0.6005859375
0.108,3.7236328125,-3.603515625,0.0
0.1085,3.9638671875,-3.0029296875,-0.8408203125
0.109,4.2041015625,-2.482421875,-1.6015625
0.1095,4.32421875,-1.6015625,-2.5625
0.11,3.9638671875,-1.0009765625,-2.8828125
0.1105,3.8037109375,-0.240234375,-3.4833984375
0.111,3.4033203125,0.48046875,-3.8037109375
0.1115,3.0830078125,1.201171875,-4.2041015625
0.112,2.3623046875,2.0419921875,-4.3642578125
0.1125,1.7216796875,2.642578125,-4.3642578125
0.113,0.7607421875,3.0029296875,-3.8037109375
0.1135,0.0400390625,3.5634765625,-3.7236328125
0.114,-0.80078125,3.84375,-3.0830078125
0.1145,-1.521484375,4.1240234375,-2.72265625
0.115,-2.40234375,4.2041015625,-1.9619140625
0.1155,-2.72265625,3.9638671875,-1.361328125
0.116,-3.1630859375,3.68359375,-0.640625
0.1165,-3.5634765625,3.36328125,0.0
0.117,-3.84375,2.8427734375,0.7607421875
0.1175,-4.0439453125,2.2421875,1.5615234375
0.118,-4.1240234375,1.521484375,2.40234375
0.1185,-3.68359375,0.7607421875,2.72265625
0.119,-3.6435546875,0.1201171875,3.3232421875
0.1195,-3.1630859375,-0.640625,3.68359375
0.12,-2.8427734375,-1.361328125,4.083984375
0.1205,-2.0419921875,-2.322265625,4.1240234375
0.121,-1.3212890625,-2.802734375,4.00390625
0.1215,-0.48046875,-3.2431640625,3.5634765625
0.122,0.240234375,-3.7236328125,3.443359375
0.1225,1.0810546875,-4.00390625,2.8427734375
0.123,1.76171875,-4.2841796875,2.4423828125
0.1235,2.642578125,-4.3642578125,1.76171875
0.124,2.8828125,-3.923828125,1.0810546875
0.1245,3.443359375,-3.8037109375,0.48046875
0.125,3.763671875,-3.283203125,-0.3203125
0.1255,4.083984375,-2.8427734375,-1.0810546875
0.126,4.1240234375,-2.08203125,-1.9619140625
0.1265,4.1640625,-1.44140625,-2.6025390625
0.127,3.7236328125,-0.640625,-2.962890625
0.1275,3.7236328125,-0.0400390625,-3.5634765625
0.128,3.1630859375,0.80078125,-3.923828125
0.1285,2.802734375,1.4814453125,-4.2841796875
0.129,2.0419921875,2.3623046875,-4.3642578125
0.1295,1.201171875,2.72265625,-4.00390625
0.13,0.400390625,3.2431640625,-3.7236328125
0.1305,-0.3603515625,3.7236328125,-3.4033203125
0.131,-1.201171875,3.9638671875,-2.8828125
0.1315,-1.8818359375,4.1240234375,-2.322265625
0.132,-2.5625,4.1240234375,-1.681640625
0.1325,-2.8427734375,3.6435546875,-0.9609375
0.133,-3.4033203125,3.6435546875,-0.400390625
0.1335,-3.68359375,2.9228515625,0.48046875
0.134,-3.9638671875,2.5625,1.2412109375
0.1345,-4.0439453125,1.7216796875,2.08203125
0.135,-3.8837890625,1.12109375,2.5625
0.1355,-3.5234375,0.2802734375,3.0029296875
0.136,-3.4033203125,-0.2802734375,3.5234375
0.1365,-2.8427734375,-1.201171875,3.84375
0.137,-2.3623046875,-1.8818359375,4.0439453125
0.1375,-1.6416015625,-2.6826171875,4.083984375
0.138,-0.720703125,-2.962890625,3.603515625
0.1385,-0.0400390625,-3.5634765625,3.5234375
0.139,0.80078125,-3.8837890625,3.04296875
0.1395,1.5615234375,-4.1640625,2.6025390625
0.14,2.2421875,-4.2041015625,1.9619140625
0.1405,2.802734375,-4.1640625,1.4013671875
0.141,3.0830078125,-3.603515625,0.640625
0.1415,3.6435546875,-3.603515625,0.080078125
0.142,3.84375,-2.8427734375,-0.880859375
0.1425,4.1240234375,-2.4423828125,-1.521484375
0.143,4.1240234375,-1.6416015625,-2.40234375
0.1435,3.84375,-1.0009765625,-2.7626953125
0.144,3.6435546875,-0.2802734375,-3.283203125
0.1445,3.443359375,0.400390625,-3.763671875
0.145,2.9228515625,1.2412109375,-4.083984375
0.1455,2.3623046875,1.841796875,-4.244140625
0.146,1.6416015625,2.5224609375,-4.2041015625
0.1465,0.720703125,2.8828125,-3.603515625
0.147,0.0400390625,3.5234375,-3.603515625
0.1475,-0.880859375,3.8037109375,-2.962890625
0.148,-1.4814453125,4.0439453125,-2.642578125
0.1485,-2.2021484375,4.0439453125,-1.9619140625
0.149,-2.6025390625,3.84375,-1.361328125
0.1495,-2.962890625,3.4833984375,-0.6806640625
0.15,-3.4833984375,3.3232421875,-0.0400390625
0.1505,-3.7236328125,2.5625,0.9208984375
0.151,-3.923828125,2.162109375,1.521484375
0.1515,-3.923828125,1.4013671875,2.2822265625
0.152,-3.5634765625,0.6806640625,2.6025390625
0.1525,-3.4833984375,0.0400390625,3.203125
0.153,-3.04296875,-0.720703125,3.5634765625
0.1535,-2.642578125,-1.4814453125,3.8837890625
0.154,-1.9619140625,-2.1220703125,3.923828125
0.1545,-1.28125,-2.642578125,3.8037109375
0.155,-0.3603515625,-3.04296875,3.36328125
0.1555,0.240234375,-3.6435546875,3.36328125
0.156,1.201171875,-3.84375,2.6025390625
0.1565,1.7216796875,-4.083984375,2.3623046875
0.157,2.3623046875,-4.0439453125,1.681640625
0.1575,2.6826171875,-3.7236328125,1.12109375
0.158,3.1630859375,-3.5634765625,0.4404296875
0.1585,3.5234375,-3.1630859375,-0.2802734375
0.159,3.763671875,-2.6025390625,-1.0810546875
0.1595,3.84375,-2.08203125,-1.6416015625
0.16,3.84375,-1.44140625,-2.2822265625
0.1605,3.4833984375,-0.720703125,-2.642578125
0.161,3.5634765625,-0.2001953125,-3.283203125
0.1615,3.0029296875,0.640625,-3.603515625
0.162,2.72265625,1.28125,-3.923828125
0.1625,2.0419921875,1.921875,-3.8837890625
0.163,1.3212890625,2.322265625,-3.68359375
0.1635,0.6005859375,2.8427734375,-3.4033203125
0.164,-0.0400390625,3.3232421875,-3.283203125
0.1645,-0.880859375,3.5634765625,-2.7626953125
0.165,-1.361328125,3.763671875,-2.4423828125
0.1655,-1.9619140625,3.763671875,-1.921875
0.166,-2.2421875,3.443359375,-1.3212890625
0.1665,-2.8828125,3.4833984375,-0.7607421875
0.167,-3.1630859375,2.8828125,0.0400390625
0.1675,-3.5234375,2.5625,0.720703125
0.168,-3.5634765625,1.921875,1.4013671875
0.1685,-3.5234375,1.44140625,1.841796875
0.169,-3.2431640625,0.6806640625,2.322265625
0.1695,-3.36328125,0.1201171875,2.962890625
0.17,-2.8427734375,-0.640625,3.3232421875
0.1705,-2.5625,-1.2412109375,3.603515625
0.171,-1.8818359375,-1.8818359375,3.603515625
0.1715,-1.1611328125,-2.2822265625,3.36328125
0.172,-0.5205078125,-2.9228515625,3.3232421875
0.1725,0.240234375,-3.36328125,3.04296875
0.173,0.9609375,-3.7236328125,2.6826171875
0.1735,1.521484375,-3.84375,2.2822265625
0.174,1.9619140625,-3.8037109375,1.8017578125
0.1745,2.3623046875,-3.4833984375,1.12109375
0.175,3.04296875,-3.5634765625,0.560546875
0.1755,3.283203125,-2.8828125,-0.3203125
0.176,3.6435546875,-2.6025390625,-0.9609375
0.1765,3.68359375,-1.9619140625,-1.6416015625
0.177,3.5634765625,-1.44140625,-2.1220703125
0.1775,3.443359375,-0.720703125,-2.72265625
0.178,3.36328125,0.0,-3.2431640625
0.1785,2.9228515625,0.7607421875,-3.603515625
0.179,2.5224609375,1.3212890625,-3.8037109375
0.1795,1.841796875,1.921875,-3.7236328125
0.18,1.0009765625,2.40234375,-3.4033203125
0.1805,0.3603515625,3.0830078125,-3.4833984375
0.181,-0.48046875,3.36328125,-2.9228515625
0.1815,-1.041015625,3.68359375,-2.642578125
0.182,-1.6015625,3.68359375,-2.1220703125
0.1825,-2.08203125,3.5634765625,-1.6015625
0.183,-2.5224609375,3.3232421875,-0.9609375
0.1835,-3.0830078125,3.1630859375,-0.3203125
0.184,-3.283203125,2.482421875,0.6005859375
0.1845,-3.5634765625,2.162109375,1.1611328125
0.185,-3.5234375,1.4814453125,1.8017578125
0.1855,-3.283203125,0.8408203125,2.2021484375
0.186,-3.283203125,0.240234375,2.8427734375
0.1865,-2.8828125,-0.5205078125,3.203125
0.187,-2.5224609375,-1.1611328125,3.5234375
0.1875,-1.921875,-1.7216796875,3.5234375
0.188,-1.28125,-2.2822265625,3.443359375
0.1885,-0.5205078125,-2.6826171875,3.123046875
0.189,0.080078125,-3.283203125,3.1630859375
0.1895,0.9609375,-3.4833984375,2.5224609375
0.19,1.4013671875,-3.763671875,2.2822265625
0.1905,1.921875,-3.68359375,1.76171875
0.191,2.2421875,-3.4833984375,1.2412109375
0.1915,2.802734375,-3.36328125,0.6005859375
0.192,3.1630859375,-2.962890625,-0.080078125
0.1925,3.443359375,-2.5625,-0.80078125
0.193,3.5634765625,-2.1220703125,-1.361328125
0.1935,3.5234375,-1.6015625,-1.9619140625
0.194,3.3232421875,-0.9208984375,-2.322265625
0.1945,3.443359375,-0.2802734375,-3.0830078125
0.195,2.9228515625,0.48046875,-3.36328125
0.1955,2.6826171875,1.0810546875,-3.7236328125
0.196,2.001953125,1.6416015625,-3.603515625
0.1965,1.4013671875,2.08203125,-3.4833984375
0.197,0.640625,2.642578125,-3.283203125
0.1975,0.0,3.1630859375,-3.203125
0.198,-0.80078125,3.443359375,-2.72265625
0.1985,-1.2412109375,3.603515625,-2.4423828125
0.199,-1.8017578125,3.5634765625,-1.921875
0.1995,-2.1220703125,3.3232421875,-1.3212890625
0.2,-2.7626953125,3.36328125,-0.6806640625
0.2005,-3.0830078125,2.72265625,0.1201171875
0.201,-3.4833984375,2.40234375,0.7607421875
0.2015,-3.4833984375,1.8017578125,1.361328125
0.202,-3.4033203125,1.3212890625,1.921875
0.2025,-3.203125,0.6005859375,2.40234375
0.203,-3.203125,0.0,3.0029296875
0.2035,-2.642578125,-0.8408203125,3.3232421875
0.204,-2.2822265625,-1.361328125,3.5234375
0.2045,-1.6015625,-2.001953125,3.4833984375
0.205,-0.880859375,-2.4423828125,3.2431640625
0.2055,-0.2001953125,-3.0830078125,3.1630859375
0.206,0.560546875,-3.4033203125,2.802734375
0.2065,1.2412109375,-3.7236328125,2.40234375
0.207,1.6416015625,-3.68359375,2.001953125
0.2075,2.162109375,-3.6435546875,1.521484375
0.208,2.5224609375,-3.283203125,0.80078125
0.2085,3.123046875,-3.3232421875,0.2001953125
0.209,3.3232421875,-2.5625,-0.6806640625
0.2095,3.5634765625,-2.2822265625,-1.28125
0.21,3.5234375,-1.6015625,-1.8017578125
0.2105,3.4033203125,-1.0810546875,-2.2822265625
0.211,3.283203125,-0.3603515625,-2.802734375
0.2115,3.123046875,0.2802734375,-3.3232421875
0.212,2.642578125,1.041015625,-3.603515625
0.2125,2.162109375,1.521484375,-3.603515625
0.213,1.4814453125,2.0419921875,-3.5634765625
0.2135,0.720703125,2.5224609375,-3.203125
0.214,0.1201171875,3.123046875,-3.2431640625
0.2145,-0.6806640625,3.3232421875,-2.642578125
0.215,-1.201171875,3.5634765625,-2.4423828125
0.2155,-1.6416015625,3.4833984375,-1.9619140625
0.216,-2.0419921875,3.4033203125,-1.4814453125
0.2165,-2.5224609375,3.123046875,-0.80078125
0.217,-2.962890625,2.9228515625,-0.16015625
0.2175,-3.2431640625,2.2822265625,0.640625
0.218,-3.4033203125,2.0419921875,1.1611328125
0.2185,-3.3232421875,1.4013671875,1.76171875
0.219,-3.1630859375,0.8408203125,2.1220703125
0.2195,-3.203125,0.16015625,2.802734375
0.22,-2.7626953125,-0.5205078125,3.1630859375
0.2205,-2.4423828125,-1.1611328125,3.443359375
0.221,-1.8017578125,-1.6416015625,3.3232421875
0.2215,-1.28125,-2.162109375,3.3232421875
0.222,-0.48046875,-2.642578125,3.04296875
0.2225,0.080078125,-3.203125,3.04296875
0.223,0.880859375,-3.4033203125,2.5224609375
0.2235,1.28125,-3.6435546875,2.322265625
0.224,1.76171875,-3.5634765625,1.8017578125
0.2245,2.08203125,-3.4833984375,1.3212890625
0.225,2.6826171875,-3.3232421875,0.6005859375
0.2255,3.04296875,-2.9228515625,-0.080078125
0.226,3.36328125,-2.5224609375,-0.720703125
0.2265,3.4033203125,-2.08203125,-1.2412109375
0.227,3.443359375,-1.5615234375,-1.8017578125
0.2275,3.283203125,-0.9208984375,-2.2822265625
0.228,3.36328125,-0.3203125,-2.962890625
0.2285,2.8828125,0.48046875,-3.283203125
0.229,2.642578125,0.9609375,-3.5634765625
0.2295,1.921875,1.521484375,-3.443359375
0.23,1.361328125,2.0419921875,-3.4033203125
0.2305,0.6005859375,2.642578125,-3.2431640625
0.231,0.0,3.0830078125,-3.0830078125
0.2315,-0.720703125,3.36328125,-2.72265625
0.232,-1.12109375,3.4833984375,-2.40234375
0.2325,-1.6416015625,3.443359375,-1.921875
0.233,-2.08203125,3.2431640625,-1.28125
0.2335,-2.7626953125,3.203125,-0.640625
0.234,-3.04296875,2.6025390625,0.2001953125
0.2345,-3.36328125,2.3623046875,0.80078125
0.235,-3.2431640625,1.76171875,1.3212890625
0.2355,-3.3232421875,1.28125,1.8818359375
0.236,-3.1630859375,0.5205078125,2.4423828125
0.2365,-3.0830078125,-0.080078125,3.0029296875
0.237,-2.5625,-0.880859375,3.3232421875
0.2375,-2.162109375,-1.361328125,3.4033203125
0.238,-1.44140625,-1.9619140625,3.283203125
0.2385,-0.7607421875,-2.482421875,3.1630859375
0.239,-0.080078125,-3.0830078125,3.123046875
0.2395,0.640625,-3.36328125,2.642578125
0.24,1.28125,-3.68359375,2.3623046875
0.2405,1.6416015625,-3.5634765625,1.921875
0.241,2.1220703125,-3.5634765625,1.4013671875
0.2415,2.5224609375,-3.2431640625,0.6806640625
0.242,3.0830078125,-3.123046875,0.0400390625
0.2425,3.3232421875,-2.4423828125,-0.80078125
0.243,3.5234375,-2.1220703125,-1.28125
0.2435,3.36328125,-1.44140625,-1.8017578125
0.244,3.36328125,-1.0009765625,-2.2822265625
0.2445,3.2431640625,-0.2802734375,-2.9228515625
0.245,2.962890625,0.4404296875,-3.36328125
0.2455,2.5625,1.12109375,-3.6435546875
0.246,1.9619140625,1.5615234375,-3.5634765625
0.2465,1.3212890625,2.162109375,-3.4833984375
0.247,0.6005859375,2.6025390625,-3.203125
0.2475,0.0,3.1630859375,-3.1630859375
0.248,-0.8408203125,3.4033203125,-2.6025390625
0.2485,-1.3212890625,3.5634765625,-2.322265625
0.249,-1.76171875,3.36328125,-1.8017578125
0.2495,-2.2421875,3.36328125,-1.3212890625
0.25,-2.72265625,3.123046875,-0.5205078125
0.2505,-3.1630859375,2.802734375,0.16015625
0.251,-3.36328125,2.2021484375,1.0009765625
0.2515,-3.4033203125,1.8017578125,1.4013671875
0.252,-3.3232421875,1.1611328125,2.001953125
0.2525,-3.1630859375,0.5205078125,2.4423828125
0.253,-3.0830078125,-0.1201171875,3.04296875
0.2535,-2.6025390625,-0.9208984375,3.36328125
0.254,-2.2021484375,-1.521484375,3.5634765625
0.2545,-1.4814453125,-1.9619140625,3.3232421875
0.255,-0.880859375,-2.5625,3.3232421875
0.2555,-0.080078125,-3.0029296875,3.0029296875
0.256,0.560546875,-3.4833984375,2.8427734375
0.2565,1.4013671875,-3.7236328125,2.2421875
0.257,1.76171875,-3.763671875,1.9619140625
0.2575,2.2021484375,-3.603515625,1.3212890625
0.258,2.6025390625,-3.36328125,0.7607421875
0.2585,3.123046875,-3.123046875,0.0400390625
0.259,3.4033203125,-2.6025390625,-0.6806640625
0.2595,3.6435546875,-2.08203125,-1.44140625
0.26,3.4833984375,-1.5615234375,-1.8017578125
0.2605,3.5234375,-1.0009765625,-2.40234375
0.261,3.2431640625,-0.2802734375,-2.8828125
0.2615,3.1630859375,0.3203125,-3.4033203125
0.262,2.5625,1.1611328125,-3.7236328125
0.2625,2.1220703125,1.6416015625,-3.7236328125
0.263,1.3212890625,2.162109375,-3.5234375
0.2635,0.640625,2.6826171875,-3.4033203125
0.264,-0.0400390625,3.1630859375,-3.123046875
0.2645,-0.720703125,3.443359375,-2.8427734375
0.265,-1.4814453125,3.68359375,-2.2822265625
0.2655,-1.841796875,3.4833984375,-1.8818359375
0.266,-2.322265625,3.5234375,-1.28125
0.2665,-2.72265625,3.1630859375,-0.6005859375
0.267,-3.203125,2.9228515625,0.080078125
0.2675,-3.4033203125,2.2421875,0.9609375
0.268,-3.5634765625,1.841796875,1.5615234375
0.2685,-3.283203125,1.12109375,1.9619140625
0.269,-3.3232421875,0.640625,2.5224609375
0.2695,-3.04296875,-0.1201171875,2.962890625
0.27,-2.802734375,-0.720703125,3.36328125
0.2705,-2.2021484375,-1.5615234375,3.603515625
0.271,-1.6015625,-1.9619140625,3.443359375
0.2715,-0.9208984375,-2.5224609375,3.3232421875
0.272,-0.2001953125,-2.962890625,3.0830078125
0.2725,0.4404296875,-3.4833984375,2.8828125
0.273,1.2412109375,-3.7236328125,2.3623046875
0.2735,1.76171875,-3.8837890625,1.9619140625
0.274,2.0419921875,-3.5234375,1.44140625
0.2745,2.5625,-3.5634765625,1.0009765625
0.275,2.9228515625,-3.0830078125,0.240234375
0.2755,3.4033203125,-2.8828125,-0.400390625
0.276,3.5634765625,-2.162109375,-1.28125
0.2765,3.603515625,-1.8017578125,-1.681640625
0.277,3.4033203125,-1.12109375,-2.2421875
0.2775,3.36328125,-0.6005859375,-2.72265625
0.278,3.1630859375,0.1201171875,-3.2431640625
0.2785,2.8427734375,0.8408203125,-3.5634765625
0.279,2.3623046875,1.521484375,-3.84375
0.2795,1.6416015625,1.921875,-3.5234375
0.28,1.0009765625,2.5224609375,-3.5634765625
0.2805,0.2001953125,2.9228515625,-3.203125
0.281,-0.400390625,3.36328125,-3.0830078125
0.2815,-1.2412109375,3.5634765625,-2.482421875
0.282,-1.6416015625,3.68359375,-2.1220703125
0.2825,-2.08203125,3.443359375,-1.4814453125
0.283,-2.5625,3.443359375,-1.0009765625
0.2835,-3.0029296875,3.0029296875,-0.16015625
0.284,-3.4033203125,2.642578125,0.560546875
0.2845,-3.603515625,1.9619140625,1.4013671875
0.285,-3.4833984375,1.4814453125,1.76171875
0.2855,-3.36328125,0.80078125,2.3623046875
0.286,-3.203125,0.16015625,2.8427734375
0.2865,-3.0029296875,-0.5205078125,3.3232421875
0.287,-2.4423828125,-1.3212890625,3.5634765625
0.2875,-1.921875,-1.921875,3.68359375
0.288,-1.12109375,-2.322265625,3.3232421875
0.2885,-0.48046875,-2.962890625,3.36328125
0.289,0.3203125,-3.4033203125,2.962890625
0.2895,0.9609375,-3.84375,2.6826171875
0.29,1.841796875,-3.8837890625,2.0419921875
0.2905,2.2021484375,-3.8037109375,1.6015625
0.291,2.6025390625,-3.5634765625,0.9609375
0.2915,3.04296875,-3.36328125,0.3603515625
0.292,3.4833984375,-2.9228515625,-0.400390625
0.2925,3.68359375,-2.40234375,-1.2412109375
0.293,3.84375,-1.8017578125,-1.9619140625
0.2935,3.5634765625,-1.12109375,-2.322265625
0.294,3.5634765625,-0.560546875,-2.9228515625
0.2945,3.2431640625,0.240234375,-3.36328125
0.295,3.0029296875,0.9208984375,-3.84375
0.2955,2.2822265625,1.76171875,-4.00390625
0.296,1.6416015625,2.2421875,-3.8837890625
0.2965,0.80078125,2.6826171875,-3.5634765625
0.297,0.16015625,3.2431640625,-3.4833984375
0.2975,-0.720703125,3.5234375,-2.962890625
0.298,-1.361328125,3.84375,-2.5625
0.2985,-2.162109375,3.9638671875,-1.9619140625
0.299,-2.482421875,3.6435546875,-1.28125
0.2995,-2.962890625,3.5234375,-0.720703125
0.3,-3.36328125,3.123046875,0.0400390625
0.3005,-3.7236328125,2.6025390625,0.880859375
0.301,-3.84375,1.921875,1.681640625
0.3015,-3.8837890625,1.28125,2.3623046875
0.302,-3.4033203125,0.5205078125,2.6826171875
0.3025,-3.443359375,0.0,3.283203125
0.303,-2.8828125,-0.9208984375,3.603515625
0.3035,-2.482421875,-1.6015625,3.8837890625
0.304,-1.76171875,-2.40234375,4.00390625
0.3045,-1.0009765625,-2.8427734375,3.68359375
0.305,-0.16015625,-3.283203125,3.4033203125
0.3055,0.5205078125,-3.84375,3.123046875
0.306,1.4013671875,-4.00390625,2.5625
0.3065,2.0419921875,-4.1640625,2.08203125
0.307,2.72265625,-4.1640625,1.44140625
0.3075,3.0029296875,-3.68359375,0.720703125
0.308,3.5234375,-3.603515625,0.16015625
0.3085,3.8037109375,-2.9228515625,-0.7607421875
0.309,4.083984375,-2.4423828125,-1.4814453125
0.3095,4.1240234375,-1.681640625,-2.2822265625
0.31,3.9638671875,-1.0009765625,-2.8427734375
0.3105,3.5634765625,-0.2802734375,-3.203125
0.311,3.5234375,0.3203125,-3.7236328125
0.3115,2.8828125,1.28125,-4.083984375
0.312,2.4423828125,1.921875,-4.2841796875
0.3125,1.6416015625,2.642578125,-4.2841796875
0.313,0.7607421875,2.962890625,-3.8037109375
0.3135,0.0,3.5234375,-3.603515625
0.314,-0.9208984375,3.9638671875,-3.0830078125
0.3145,-1.681640625,4.1240234375,-2.5625
0.315,-2.322265625,4.1640625,-1.9619140625
0.3155,-2.9228515625,4.083984375,-1.3212890625
0.316,-3.1630859375,3.5234375,-0.560546875
0.3165,-3.7236328125,3.4833984375,0.0
0.317,-3.923828125,2.5625,1.12109375
0.3175,-4.1640625,2.1220703125,1.76171875
0.318,-4.1240234375,1.28125,2.5625
0.3185,-3.8037109375,0.560546875,3.0029296875
0.319,-3.443359375,-0.16015625,3.443359375
0.3195,-3.203125,-0.880859375,3.923828125
0.32,-2.482421875,-1.841796875,4.1640625
0.3205,-1.921875,-2.4423828125,4.2041015625
0.321,-1.12109375,-3.1630859375,4.1240234375
0.3215,-0.16015625,-3.443359375,3.5234375
0.322,0.48046875,-3.9638671875,3.4033203125
0.3225,1.5615234375,-4.2041015625,2.642578125
0.323,2.2421875,-4.3642578125,2.2021484375
0.3235,2.802734375,-4.2841796875,1.521484375
0.324,3.2431640625,-4.0439453125,0.8408203125
0.3245,3.5234375,-3.5234375,0.1201171875
0.325,4.00390625,-3.36328125,-0.560546875
0.3255,4.1240234375,-2.40234375,-1.6015625
0.326,4.2041015625,-1.9619140625,-2.1220703125
0.3265,4.1240234375,-1.1611328125,-2.8828125
0.327,3.7236328125,-0.400390625,-3.203125
0.3275,3.5634765625,0.240234375,-3.7236328125
0.328,3.123046875,1.0810546875,-4.083984375
0.3285,2.5224609375,1.921875,-4.32421875
0.329,1.8818359375,2.40234375,-4.244140625
0.3295,1.12109375,3.04296875,-4.083984375
0.33,0.2001953125,3.2431640625,-3.5234375
0.3305,-0.400390625,3.84375,-3.5234375
0.331,-1.44140625,4.00390625,-2.6025390625
0.3315,-1.9619140625,4.1640625,-2.2822265625
0.332,-2.5625,4.00390625,-1.6015625
0.3325,-2.962890625,3.7236328125,-0.9609375
0.333,-3.283203125,3.4033203125,-0.2802734375
0.3335,-3.763671875,3.04296875,0.48046875
0.334,-3.9638671875,2.2421875,1.44140625
0.3345,-4.00390625,1.841796875,1.9619140625
0.335,-3.923828125,1.041015625,2.642578125
0.3355,-3.4833984375,0.2802734375,2.962890625
0.336,-3.443359375,-0.3203125,3.5634765625
0.3365,-2.7626953125,-1.2412109375,3.8837890625
0.337,-2.322265625,-1.9619140625,4.1240234375
0.3375,-1.5615234375,-2.4423828125,4.0439453125
0.338,-0.80078125,-3.04296875,3.763671875
0.3385,0.0,-3.4033203125,3.3232421875
0.339,0.720703125,-4.00390625,3.203125
0.3395,1.76171875,-4.1640625,2.40234375
0.34,2.2021484375,-4.244140625,2.08203125
0.3405,2.802734375,-4.1240234375,1.361328125
0.341,3.123046875,-3.7236328125,0.640625
0.3415,3.603515625,-3.5234375,0.0
0.342,3.923828125,-2.8828125,-0.9208984375
0.3425,4.1240234375,-2.2822265625,-1.76171875
0.343,4.083984375,-1.681640625,-2.2822265625
0.3435,3.9638671875,-0.9609375,-2.9228515625
0.344,3.5234375,-0.16015625,-3.2431640625
0.3445,3.5634765625,0.48046875,-3.8837890625
0.345,2.7626953125,1.44140625,-4.2041015625
0.3455,2.3623046875,2.162109375,-4.2841796875
0.346,1.44140625,2.642578125,-4.1240234375
0.3465,0.640625,3.123046875,-3.8037109375
0.347,-0.16015625,3.5634765625,-3.4033203125
0.3475,-0.9609375,3.9638671875,-3.0830078125
0.348,-1.921875,4.1240234375,-2.322265625
0.3485,-2.2822265625,4.083984375,-1.921875
0.349,-2.8828125,3.8837890625,-1.2412109375
0.3495,-3.1630859375,3.443359375,-0.4404296875
0.35,-3.7236328125,3.3232421875,0.2001953125
0.3505,-3.8837890625,2.482421875,1.2412109375
0.351,-4.083984375,1.921875,1.921875
0.3515,-3.8837890625,1.201171875,2.482421875
0.352,-3.7236328125,0.5205078125,3.0029296875
0.3525,-3.203125,-0.2001953125,3.3232421875
0.353,-3.1630859375,-1.0009765625,3.84375
0.3535,-2.3623046875,-1.9619140625,4.1240234375
0.354,-1.8017578125,-2.40234375,4.0439453125
0.3545,-0.9609375,-3.0029296875,3.84375
0.355,-0.1201171875,-3.4033203125,3.443359375
0.3555,0.6005859375,-3.8837890625,3.203125
0.356,1.4814453125,-4.1640625,2.6025390625
0.3565,2.2421875,-4.32421875,2.0419921875
0.357,2.6025390625,-4.0439453125,1.521484375
0.3575,3.123046875,-3.923828125,0.8408203125
0.358,3.36328125,-3.36328125,0.080078125
0.3585,3.8837890625,-3.2431640625,-0.560546875
0.359,4.00390625,-2.2822265625,-1.6015625
0.3595,4.1240234375,-1.921875,-2.1220703125
0.36,3.84375,-1.12109375,-2.6826171875
0.3605,3.8037109375,-0.48046875,-3.203125
0.361,3.36328125,0.240234375,-3.5634765625
0.3615,3.04296875,0.9609375,-4.00390625
0.362,2.40234375,1.8818359375,-4.2041015625
0.3625,1.8017578125,2.2822265625,-4.0439453125
0.363,1.0009765625,2.8828125,-3.8837890625
0.3635,0.16015625,3.203125,-3.4033203125
0.364,-0.5205078125,3.763671875,-3.3232421875
0.3645,-1.4013671875,3.8837890625,-2.5625
0.365,-1.9619140625,4.083984375,-2.2021484375
0.3655,-2.3623046875,3.763671875,-1.5615234375
0.366,-2.8427734375,3.6435546875,-1.0009765625
0.3665,-3.203125,3.203125,-0.2001953125
0.367,-3.68359375,3.0029296875,0.48046875
0.3675,-3.8037109375,2.162109375,1.44140625
0.368,-3.84375,1.76171875,1.921875
0.3685,-3.5634765625,0.9609375,2.3623046875
0.369,-3.4033203125,0.2802734375,2.8828125
0.3695,-3.203125,-0.400390625,3.443359375
0.37,-2.72265625,-1.1611328125,3.7236328125
0.3705,-2.2021484375,-1.8818359375,3.923828125
0.371,-1.4814453125,-2.2822265625,3.68359375
0.3715,-0.80078125,-2.9228515625,3.603515625
0.372,0.0400390625,-3.283203125,3.1630859375
0.3725,0.6806640625,-3.84375,3.0830078125
0.373,1.6015625,-3.9638671875,2.322265625
0.3735,2.0419921875,-4.0439453125,2.0419921875
0.374,2.482421875,-3.8037109375,1.3212890625
0.3745,2.8828125,-3.5634765625,0.7607421875
0.375,3.3232421875,-3.2431640625,0.0
0.3755,3.68359375,-2.8427734375,-0.720703125
0.376,3.84375,-2.2021484375,-1.5615234375
0.3765,3.84375,-1.681640625,-2.0419921875
0.377,3.68359375,-1.041015625,-2.5625
0.3775,3.4033203125,-0.3603515625,-2.962890625
0.378,3.3232421875,0.2802734375,-3.5634765625
0.3785,2.72265625,1.1611328125,-3.84375
0.379,2.322265625,1.681640625,-4.00390625
0.3795,1.521484375,2.162109375,-3.68359375
0.38,0.880859375,2.6826171875,-3.603515625
0.3805,0.0400390625,3.1630859375,-3.203125
0.381,-0.6005859375,3.5634765625,-3.0830078125
0.3815,-1.4013671875,3.763671875,-2.4423828125
0.382,-1.7216796875,3.68359375,-2.1220703125
0.3825,-2.2822265625,3.5634765625,-1.4814453125
0.383,-2.6025390625,3.3232421875,-0.8408203125
0.3835,-3.203125,3.1630859375,-0.16015625
0.384,-3.4033203125,2.5224609375,0.6806640625
0.3845,-3.68359375,2.1220703125,1.2412109375
0.385,-3.4833984375,1.4814453125,1.76171875
0.3855,-3.4833984375,0.9208984375,2.322265625
0.386,-3.203125,0.16015625,2.8427734375
0.3865,-3.0830078125,-0.4404296875,3.3232421875
0.387,-2.482421875,-1.28125,3.5634765625
0.3875,-2.001953125,-1.76171875,3.6435546875
0.388,-1.2412109375,-2.2822265625,3.443359375
0.3885,-0.6005859375,-2.802734375,3.283203125
0.389,0.1201171875,-3.3232421875,3.123046875
0.3895,0.880859375,-3.6435546875,2.72265625
0.39,1.5615234375,-3.8837890625,2.2822265625
0.3905,1.8818359375,-3.7236328125,1.8818359375
0.391,2.40234375,-3.7236328125,1.28125
0.3915,2.802734375,-3.283203125,0.560546875
0.392,3.3232421875,-3.203125,-0.080078125
0.3925,3.5234375,-2.4423828125,-1.0009765625
0.393,3.763671875,-2.2021484375,-1.4814453125
0.3935,3.5234375,-1.44140625,-2.001953125
0.394,3.5234375,-0.9208984375,-2.5625
0.3945,3.3232421875,-0.1201171875,-3.0830078125
0.395,3.0830078125,0.560546875,-3.5634765625
0.3955,2.5625,1.28125,-3.84375
0.396,1.9619140625,1.76171875,-3.68359375
0.3965,1.28125,2.3623046875,-3.603515625
0.397,0.48046875,2.802734375,-3.283203125
0.3975,-0.16015625,3.3232421875,-3.203125
0.398,-1.0009765625,3.5634765625,-2.642578125
0.3985,-1.4814453125,3.763671875,-2.322265625
0.399,-1.8818359375,3.4833984375,-1.76171875
0.3995,-2.40234375,3.5234375,-1.28125
0.4,-2.8427734375,3.123046875,-0.4404296875
0.4005,-3.283203125,2.8427734375,0.240234375
0.401,-3.4833984375,2.162109375,1.12109375
0.4015,-3.5234375,1.76171875,1.5615234375
0.402,-3.36328125,1.0810546875,2.08203125
0.4025,-3.2431640625,0.48046875,2.5625
0.403,-3.0830078125,-0.240234375,3.123046875
0.4035,-2.6025390625,-1.0009765625,3.4033203125
0.404,-2.162109375,-1.6015625,3.6435546875
0.4045,-1.44140625,-2.001953125,3.3232421875
0.405,-0.8408203125,-2.6025390625,3.36328125
0.4055,-0.0400390625,-3.04296875,3.0029296875
0.406,0.560546875,-3.5234375,2.8828125
0.4065,1.361328125,-3.7236328125,2.2421875
0.407,1.7216796875,-3.763671875,2.0419921875
0.4075,2.162109375,-3.5234375,1.361328125
0.408,2.6025390625,-3.4033203125,0.8408203125
0.4085,3.04296875,-3.0830078125,0.1201171875
0.409,3.36328125,-2.72265625,-0.6005859375
0.4095,3.5634765625,-2.2021484375,-1.3212890625
0.41,3.4833984375,-1.681640625,-1.681640625
0.4105,3.4833984375,-1.12109375,-2.322265625
0.411,3.283203125,-0.400390625,-2.7626953125
0.4115,3.203125,0.240234375,-3.36328125
0.412,2.6826171875,0.9609375,-3.603515625
0.4125,2.2822265625,1.44140625,-3.7236328125
0.413,1.4814453125,1.9619140625,-3.443359375
0.4135,0.9208984375,2.5625,-3.443359375
0.414,0.1201171875,3.0029296875,-3.1630859375
0.4145,-0.5205078125,3.36328125,-2.9228515625
0.415,-1.2412109375,3.603515625,-2.4423828125
0.4155,-1.5615234375,3.5234375,-2.08203125
0.416,-2.08203125,3.4833984375,-1.4814453125
0.4165,-2.5625,3.2431640625,-0.8408203125
0.417,-3.0830078125,2.962890625,-0.1201171875
0.4175,-3.3232421875,2.40234375,0.6806640625
0.418,-3.5634765625,2.0419921875,1.28125
0.4185,-3.283203125,1.4013671875,1.681640625
0.419,-3.36328125,0.880859375,2.2822265625
0.4195,-3.0830078125,0.0400390625,2.8427734375
0.42,-2.9228515625,-0.5205078125,3.3232421875
0.4205,-2.3623046875,-1.3212890625,3.5234375
0.421,-1.841796875,-1.76171875,3.4833984375
0.4215,-1.0810546875,-2.2822265625,3.3232421875
0.422,-0.400390625,-2.8427734375,3.1630859375
0.4225,0.2802734375,-3.283203125,2.9228515625
0.423,1.0009765625,-3.603515625,2.5625
0.4235,1.6416015625,-3.8037109375,2.162109375
0.424,1.921875,-3.5634765625,1.6015625
0.4245,2.5224609375,-3.5634765625,1.12109375
0.425,2.8427734375,-3.203125,0.3203125
0.4255,3.3232421875,-2.962890625,-0.3203125
0.426,3.4833984375,-2.2822265625,-1.12109375
0.4265,3.5634765625,-1.921875,-1.6015625
0.427,3.3232421875,-1.201171875,-2.08203125
0.4275,3.4033203125,-0.6806640625,-2.6025390625
0.428,3.1630859375,0.0400390625,-3.1630859375
0.4285,2.8427734375,0.720703125,-3.5234375
0.429,2.3623046875,1.4013671875,-3.7236328125
0.4295,1.7216796875,1.76171875,-3.4833984375
0.43,1.041015625,2.40234375,-3.443359375
0.4305,0.3203125,2.8427734375,-3.203125
0.431,-0.3203125,3.2431640625,-3.0029296875
0.4315,-1.0009765625,3.4833984375,-2.5224609375
0.432,-1.4814453125,3.5634765625,-2.2021484375
0.4325,-1.8017578125,3.283203125,-1.6015625
0.433,-2.3623046875,3.36328125,-1.1611328125
0.4335,-2.7626953125,2.9228515625,-0.3603515625
0.434,-3.203125,2.6826171875,0.2802734375
0.4345,-3.36328125,2.0419921875,1.12109375
0.435,-3.283203125,1.681640625,1.44140625
0.4355,-3.203125,1.041015625,2.001953125
0.436,-3.1630859375,0.48046875,2.5224609375
0.4365,-2.962890625,-0.2001953125,3.0029296875
0.437,-2.5625,-0.9208984375,3.2431640625
0.4375,-2.1220703125,-1.44140625,3.443359375
0.438,-1.4013671875,-1.8818359375,3.1630859375
0.4385,-0.880859375,-2.482421875,3.2431640625
0.439,-0.080078125,-2.9228515625,2.9228515625
0.4395,0.48046875,-3.36328125,2.8427734375
0.44,1.201171875,-3.5634765625,2.322265625
0.4405,1.44140625,-3.5634765625,2.0419921875
0.441,1.9619140625,-3.443359375,1.4814453125
0.4415,2.40234375,-3.36328125,0.9609375
0.442,2.8828125,-3.04296875,0.16015625
0.4425,3.203125,-2.642578125,-0.48046875
0.443,3.443359375,-2.2421875,-1.12109375
0.4435,3.3232421875,-1.76171875,-1.4814453125
0.444,3.4833984375,-1.2412109375,-2.1220703125
0.4445,3.283203125,-0.5205078125,-2.6826171875
0.445,3.1630859375,0.1201171875,-3.203125
0.4455,2.72265625,0.8408203125,-3.4833984375
0.446,2.2822265625,1.28125,-3.5234375
0.4465,1.521484375,1.841796875,-3.36328125
0.447,0.9208984375,2.482421875,-3.4033203125
0.4475,0.16015625,2.8828125,-3.123046875
0.448,-0.4404296875,3.283203125,-2.8828125
0.4485,-1.0810546875,3.5234375,-2.5224609375
0.449,-1.4013671875,3.3232421875,-2.08203125
0.4495,-2.001953125,3.4033203125,-1.6015625
0.45,-2.5224609375,3.1630859375,-0.8408203125
0.4505,-2.962890625,2.9228515625,-0.080078125
0.451,-3.2431640625,2.40234375,0.640625
0.4515,-3.36328125,1.9619140625,1.201171875
0.452,-3.203125,1.3212890625,1.6416015625
0.4525,-3.3232421875,0.8408203125,2.2822265625
0.453,-3.04296875,0.0,2.802734375
0.4535,-2.8427734375,-0.6005859375,3.2431640625
0.454,-2.2822265625,-1.3212890625,3.443359375
0.4545,-1.681640625,-1.76171875,3.283203125
0.455,-1.0009765625,-2.322265625,3.203125
0.4555,-0.2802734375,-2.8828125,3.0830078125
0.456,0.400390625,-3.283203125,2.802734375
0.4565,1.0810546875,-3.5634765625,2.4423828125
0.457,1.6015625,-3.7236328125,2.0419921875
0.4575,1.921875,-3.443359375,1.4814453125
0.458,2.5224609375,-3.4833984375,1.0009765625
0.4585,2.8828125,-3.0029296875,0.16015625
0.459,3.283203125,-2.72265625,-0.48046875
0.4595,3.4833984375,-2.1220703125,-1.2412109375
0.46,3.4833984375,-1.7216796875,-1.6416015625
0.4605,3.3232421875,-1.041015625,-2.162109375
0.461,3.3232421875,-0.5205078125,-2.72265625
0.4615,3.04296875,0.240234375,-3.203125
0.462,2.6826171875,0.880859375,-3.5634765625
0.4625,2.2021484375,1.521484375,-3.68359375
0.463,1.44140625,1.921875,-3.36328125
0.4635,0.8408203125,2.5224609375,-3.4033203125
0.464,0.080078125,2.962890625,-3.0830078125
0.4645,-0.5205078125,3.3232421875,-2.8828125
0.465,-1.2412109375,3.5234375,-2.40234375
0.4655,-1.6416015625,3.4833984375,-2.001953125
0.466,-2.001953125,3.283203125,-1.4013671875
0.4665,-2.5625,3.3232421875,-0.880859375
0.467,-2.9228515625,2.802734375,0.0
0.4675,-3.283203125,2.5224609375,0.640625
0.468,-3.4833984375,1.8818359375,1.4013671875
0.4685,-3.283203125,1.3212890625,1.76171875
0.469,-3.2431640625,0.7607421875,2.2822265625
0.4695,-3.0830078125,0.0400390625,2.8427734375
0.47,-2.8427734375,-0.6005859375,3.2431640625
0.4705,-2.2822265625,-1.28125,3.4833984375
0.471,-1.8017578125,-1.8818359375,3.4833984375
0.4715,-1.0009765625,-2.2822265625,3.1630859375
0.472,-0.400390625,-2.9228515625,3.2431640625
0.4725,0.400390625,-3.2431640625,2.802734375
0.473,1.0009765625,-3.68359375,2.5625
0.4735,1.681640625,-3.8037109375,2.0419921875
0.474,2.001953125,-3.603515625,1.5615234375
0.4745,2.482421875,-3.4033203125,0.9609375
0.475,2.962890625,-3.2431640625,0.3203125
0.4755,3.283203125,-2.72265625,-0.4404296875
0.476,3.5234375,-2.322265625,-1.1611328125
0.4765,3.6435546875,-1.7216796875,-1.76171875
0.477,3.36328125,-1.12109375,-2.162109375
0.4775,3.4833984375,-0.6005859375,-2.802734375
0.478,3.123046875,0.2001953125,-3.203125
0.4785,2.8427734375,0.880859375,-3.6435546875
0.479,2.2421875,1.5615234375,-3.763671875
0.4795,1.6015625,2.001953125,-3.603515625
0.48,0.8408203125,2.482421875,-3.36328125
0.4805,0.2001953125,3.0830078125,-3.3232421875
0.481,-0.640625,3.3232421875,-2.7626953125
0.4815,-1.201171875,3.603515625,-2.5224609375
0.482,-1.841796875,3.68359375,-2.001953125
0.4825,-2.1220703125,3.36328125,-1.361328125
0.483,-2.642578125,3.36328125,-0.8408203125
0.4835,-3.0830078125,2.9228515625,0.0
0.484,-3.36328125,2.482421875,0.6806640625
0.4845,-3.5234375,1.921875,1.4013671875
0.485,-3.5234375,1.4013671875,1.921875
0.4855,-3.203125,0.6806640625,2.2822265625
0.486,-3.2431640625,0.16015625,2.8828125
0.4865,-2.7626953125,-0.640625,3.2431640625
0.487,-2.4423828125,-1.28125,3.5634765625
0.4875,-1.8017578125,-1.921875,3.5634765625
0.488,-1.0810546875,-2.322265625,3.3232421875
0.4885,-0.400390625,-2.8427734375,3.1630859375
0.489,0.2802734375,-3.36328125,2.9228515625
0.4895,1.0009765625,-3.603515625,2.5224609375
0.49,1.5615234375,-3.8037109375,2.1220703125
0.4905,2.08203125,-3.7236328125,1.6416015625
0.491,2.3623046875,-3.36328125,1.041015625
0.4915,2.962890625,-3.4033203125,0.5205078125
0.492,3.203125,-2.802734375,-0.3203125
0.4925,3.5234375,-2.482421875,-0.9609375
0.493,3.603515625,-1.8818359375,-1.6416015625
0.4935,3.5234375,-1.361328125,-2.0419921875
0.494,3.3232421875,-0.6806640625,-2.5224609375
0.4945,3.3232421875,-0.1201171875,-3.1630859375
0.495,2.8828125,0.640625,-3.4833984375
0.4955,2.5224609375,1.2412109375,-3.7236328125
0.496,1.921875,1.8818359375,-3.7236328125
0.4965,1.12109375,2.2822265625,-3.4033203125
0.497,0.5205078125,2.8828125,-3.443359375
0.4975,-0.3203125,3.203125,-2.962890625
0.498,-1.0009765625,3.5234375,-2.72265625
0.4985,-1.5615234375,3.6435546875,-2.2021484375
0.499,-1.9619140625,3.603515625,-1.7216796875
0.4995,-2.322265625,3.3232421875,-1.0810546875
0.5,-2.962890625,3.3232421875,-0.5205078125
0.5005,-3.203125,2.6025390625,0.400390625
0.501,-3.5634765625,2.2822265625,1.0810546875
0.5015,-3.5634765625,1.6015625,1.76171875
0.502,-3.3232421875,1.0009765625,2.162109375
0.5025,-3.283203125,0.3603515625,2.72265625
0.503,-3.0029296875,-0.3203125,3.1630859375
0.5035,-2.6025390625,-1.12109375,3.5234375
0.504,-2.0419921875,-1.7216796875,3.603515625
0.5045,-1.361328125,-2.2822265625,3.5634765625
0.505,-0.6005859375,-2.72265625,3.1630859375
0.5055,0.0,-3.36328125,3.2431640625
0.506,0.9208984375,-3.6435546875,2.5625
0.5065,1.5615234375,-3.8837890625,2.322265625
0.507,2.08203125,-3.84375,1.76171875
0.5075,2.482421875,-3.603515625,1.201171875
0.508,2.8828125,-3.36328125,0.5205078125
0.5085,3.36328125,-3.123046875,-0.16015625
0.509,3.603515625,-2.4423828125,-1.0810546875
0.5095,3.8037109375,-2.001953125,-1.6416015625
0.51,3.7236328125,-1.3212890625,-2.2822265625
0.5105,3.443359375,-0.640625,-2.642578125
0.511,3.4833984375,-0.0400390625,-3.283203125
0.5115,2.9228515625,0.80078125,-3.68359375
0.512,2.5224609375,1.521484375,-3.9638671875
0.5125,1.841796875,2.08203125,-3.8837890625
0.513,1.12109375,2.6025390625,-3.7236328125
0.5135,0.2802734375,3.0029296875,-3.3232421875
0.514,-0.400390625,3.5634765625,-3.2431640625
0.5145,-1.361328125,3.8037109375,-2.482421875
0.515,-1.8818359375,3.8837890625,-2.162109375
0.5155,-2.4423828125,3.8037109375,-1.4814453125
0.516,-2.7626953125,3.4833984375,-0.8408203125
0.5165,-3.2431640625,3.2431640625,-0.2001953125
0.517,-3.603515625,2.6826171875,0.6806640625
0.5175,-3.84375,2.0419921875,1.5615234375
0.518,-3.8037109375,1.4814453125,2.08203125
0.5185,-3.68359375,0.80078125,2.6826171875
0.519,-3.203125,0.0400390625,3.0029296875
0.5195,-3.203125,-0.5205078125,3.5634765625
0.52,-2.4423828125,-1.5615234375,3.84375
0.5205,-1.9619140625,-2.1220703125,3.9638671875
0.521,-1.1611328125,-2.72265625,3.763671875
0.5215,-0.400390625,-3.203125,3.4833984375
0.522,0.3203125,-3.603515625,3.0830078125
0.5225,1.12109375,-3.9638671875,2.802734375
0.523,2.0419921875,-4.1640625,2.0419921875
0.5235,2.4423828125,-4.0439453125,1.6416015625
0.524,3.0029296875,-3.923828125,0.9609375
0.5245,3.2431640625,-3.4833984375,0.2802734375
0.525,3.763671875,-3.283203125,-0.3603515625
0.5255,3.9638671875,-2.482421875,-1.4013671875
0.526,4.1240234375,-1.921875,-2.08203125
0.5265,3.923828125,-1.2412109375,-2.6025390625
0.527,3.8037109375,-0.5205078125,-3.1630859375
0.5275,3.36328125,0.2001953125,-3.4833984375
0.528,3.203125,0.880859375,-4.00390625
0.5285,2.4423828125,1.8818359375,-4.244140625
0.529,1.921875,2.3623046875,-4.2041015625
0.5295,1.0009765625,2.9228515625,-3.9638671875
0.53,0.16015625,3.3232421875,-3.603515625
0.5305,-0.560546875,3.8037109375,-3.283203125
0.531,-1.44140625,4.083984375,-2.72265625
0.5315,-2.2421875,4.2041015625,-2.08203125
0.532,-2.6025390625,3.9638671875,-1.4814453125
0.5325,-3.1630859375,3.8037109375,-0.8408203125
0.533,-3.36328125,3.283203125,-0.080078125
0.5335,-3.923828125,3.0830078125,0.6005859375
0.534,-4.0439453125,2.08203125,1.76171875
0.5345,-4.1240234375,1.5615234375,2.3623046875
0.535,-3.8037109375,0.7607421875,2.8427734375
0.5355,-3.5634765625,0.080078125,3.283203125
0.536,-3.203125,-0.640625,3.68359375
0.5365,-2.802734375,-1.44140625,4.083984375
0.537,-2.001953125,-2.40234375,4.2041015625
0.5375,-1.3212890625,-2.7626953125,3.9638671875
0.538,-0.5205078125,-3.4033203125,3.7236328125
0.5385,0.3603515625,-3.68359375,3.2431640625
0.539,1.041015625,-4.1240234375,3.04296875
0.5395,2.001953125,-4.2841796875,2.2421875
0.54,2.6826171875,-4.3642578125,1.7216796875
0.5405,2.962890625,-3.923828125,1.0009765625
0.541,3.4833984375,-3.8037109375,0.400390625
0.5415,3.68359375,-3.203125,-0.3603515625
0.542,4.1240234375,-2.9228515625,-1.041015625
0.5425,4.1640625,-1.9619140625,-2.08203125
0.543,4.1240234375,-1.44140625,-2.5625
0.5435,3.84375,-0.640625,-3.0830078125
0.544,3.5634765625,0.0,-3.4833984375
0.5445,3.283203125,0.720703125,-3.8837890625
0.545,2.72265625,1.4814453125,-4.2041015625
0.5455,2.1220703125,2.2421875,-4.3642578125
0.546,1.28125,2.6025390625,-4.00390625
0.5465,0.560546875,3.2431640625,-3.84375
0.547,-0.2802734375,3.5634765625,-3.283203125
0.5475,-0.9208984375,3.9638671875,-3.123046875
0.548,-1.921875,4.083984375,-2.2822265625
0.5485,-2.3623046875,4.1240234375,-1.841796875
0.549,-2.7626953125,3.7236328125,-1.12109375
0.5495,-3.203125,3.5634765625,-0.5205078125
0.55,-3.5634765625,3.123046875,0.240234375
0.5505,-3.8837890625,2.6826171875,1.0009765625
0.551,-4.0439453125,1.841796875,1.9619140625
0.5515,-3.84375,1.28125,2.3623046875
0.552,-3.68359375,0.5205078125,2.962890625
0.5525,-3.3232421875,-0.16015625,3.3232421875
0.553,-3.1630859375,-0.9208984375,3.8037109375
0.5535,-2.4423828125,-1.8017578125,4.00390625
0.554,-1.8818359375,-2.4423828125,4.1240234375
0.5545,-1.0009765625,-2.8427734375,3.68359375
0.555,-0.2802734375,-3.443359375,3.6435546875
0.5555,0.6005859375,-3.7236328125,3.123046875
0.556,1.28125,-4.1640625,2.8427734375
0.5565,2.2421875,-4.2841796875,2.0419921875
0.557,2.6025390625,-4.1640625,1.5615234375
0.5575,3.0830078125,-3.84375,0.80078125
0.558,3.4833984375,-3.5634765625,0.1201171875
0.5585,3.84375,-3.0830078125,-0.6005859375
0.559,4.083984375,-2.482421875,-1.4814453125
0.5595,4.2041015625,-1.8017578125,-2.322265625
0.56,3.84375,-1.041015625,-2.6826171875
0.5605,3.8037109375,-0.400390625,-3.283203125
0.561,3.36328125,0.3203125,-3.68359375
0.5615,3.123046875,1.0009765625,-4.1240234375
0.562,2.322265625,1.9619140625,-4.32421875
0.5625,1.7216796875,2.5224609375,-4.2041015625
0.563,0.80078125,2.962890625,-3.763671875
0.5635,0.0400390625,3.5234375,-3.603515625
0.564,-0.720703125,3.8037109375,-3.0830078125
0.5645,-1.44140625,4.083984375,-2.72265625
0.565,-2.322265625,4.1640625,-1.9619140625
0.5655,-2.6025390625,3.8037109375,-1.3212890625
0.566,-3.123046875,3.68359375,-0.720703125
0.5665,-3.4833984375,3.203125,0.0
0.567,-3.84375,2.8427734375,0.7607421875
0.5675,-3.9638671875,2.0419921875,1.6416015625
0.568,-4.0439453125,1.44140625,2.3623046875
0.5685,-3.5634765625,0.640625,2.72265625
0.569,-3.5634765625,0.0400390625,3.2431640625
0.5695,-3.0830078125,-0.7607421875,3.6435546875
0.57,-2.7626953125,-1.44140625,3.923828125
0.5705,-1.9619140625,-2.2822265625,4.1240234375
0.571,-1.2412109375,-2.72265625,3.84375
0.5715,-0.400390625,-3.203125,3.5234375
0.572,0.2802734375,-3.68359375,3.2431640625
0.5725,1.0810546875,-3.9638671875,2.8427734375
0.573,1.841796875,-4.1640625,2.322265625
0.5735,2.5625,-4.244140625,1.7216796875
0.574,2.802734375,-3.8037109375,1.041015625
0.5745,3.3232421875,-3.7236328125,0.48046875
0.575,3.603515625,-3.1630859375,-0.3203125
0.5755,3.9638671875,-2.8427734375,-1.0009765625
0.576,4.0439453125,-1.9619140625,-1.9619140625
0.5765,4.00390625,-1.44140625,-2.4423828125
0.577,3.6435546875,-0.6806640625,-2.8828125
0.5775,3.5634765625,-0.1201171875,-3.4033203125
0.578,3.123046875,0.640625,-3.84375
0.5785,2.7626953125,1.4013671875,-4.1240234375
0.579,2.08203125,2.2021484375,-4.2041015625
0.5795,1.28125,2.5625,-3.84375
0.58,0.5205078125,3.1630859375,-3.7236328125
0.5805,-0.2802734375,3.5234375,-3.283203125
0.581,-0.9609375,3.84375,-2.962890625
0.5815,-1.76171875,3.9638671875,-2.322265625
0.582,-2.322265625,3.9638671875,-1.8017578125
0.5825,-2.6025390625,3.5234375,-1.12109375
0.583,-3.1630859375,3.5634765625,-0.6005859375
0.5835,-3.4833984375,2.9228515625,0.2802734375
0.584,-3.84375,2.6025390625,1.0009765625
0.5845,-3.923828125,1.76171875,1.921875
0.585,-3.7236328125,1.1611328125,2.2822265625
0.5855,-3.5234375,0.4404296875,2.8427734375
0.586,-3.3232421875,-0.2001953125,3.283203125
0.5865,-2.9228515625,-1.0009765625,3.68359375
0.587,-2.3623046875,-1.6416015625,3.8837890625
0.5875,-1.7216796875,-2.3623046875,3.923828125
0.588,-0.8408203125,-2.72265625,3.4833984375
0.5885,-0.240234375,-3.36328125,3.5234375
0.589,0.6005859375,-3.6435546875,2.9228515625
0.5895,1.28125,-3.9638671875,2.6826171875
0.59,2.0419921875,-4.0439453125,1.9619140625
0.5905,2.482421875,-3.8837890625,1.4814453125
0.591,2.802734375,-3.5634765625,0.80078125
0.5915,3.283203125,-3.443359375,0.240234375
0.592,3.5234375,-2.8828125,-0.6005859375
0.5925,3.84375,-2.4423828125,-1.28125
0.593,3.84375,-1.8017578125,-2.0419921875
0.5935,3.5634765625,-1.1611328125,-2.3623046875
0.594,3.5634765625,-0.6005859375,-2.962890625
0.5945,3.2431640625,0.16015625,-3.36328125
0.595,3.0029296875,0.880859375,-3.763671875
0.5955,2.40234375,1.5615234375,-3.8837890625
0.596,1.8017578125,2.0419921875,-3.84375
0.5965,0.9609375,2.482421875,-3.4833984375
0.597,0.3603515625,3.04296875,-3.4833984375
0.5975,-0.400390625,3.3232421875,-2.962890625
0.598,-1.0009765625,3.68359375,-2.72265625
0.5985,-1.681640625,3.763671875,-2.2021484375
0.599,-1.9619140625,3.5234375,-1.681640625
0.5995,-2.5224609375,3.4833984375,-1.12109375
0.6,-2.9228515625,3.1630859375,-0.400390625
0.6005,-3.3232421875,2.802734375,0.2802734375
0.601,-3.5634765625,2.2421875,1.0009765625
0.6015,-3.603515625,1.76171875,1.6015625
0.602,-3.3232421875,1.0810546875,1.9619140625
0.6025,-3.443359375,0.6005859375,2.6826171875
0.603,-3.04296875,-0.2001953125,3.0830078125
0.6035,-2.8828125,-0.8408203125,3.4833984375
0.604,-2.2021484375,-1.5615234375,3.603515625
0.6045,-1.6015625,-1.9619140625,3.4833984375
0.605,-0.8408203125,-2.5625,3.3232421875
0.6055,-0.2001953125,-3.1630859375,3.2431640625
0.606,0.560546875,-3.4833984375,2.8427734375
0.6065,1.201171875,-3.763671875,2.5224609375
0.607,1.76171875,-3.84375,2.0419921875
0.6075,2.08203125,-3.5634765625,1.4814453125
0.608,2.72265625,-3.603515625,0.9208984375
0.6085,3.123046875,-3.123046875,0.080078125
0.609,3.5234375,-2.9228515625,-0.560546875
0.6095,3.6435546875,-2.2421875,-1.361328125
0.61,3.6435546875,-1.8017578125,-1.841796875
0.6105,3.443359375,-1.0009765625,-2.322265625
0.611,3.5234375,-0.48046875,-2.962890625
0.6115,3.123046875,0.3203125,-3.4033203125
0.612,2.802734375,1.0009765625,-3.763671875
0.6125,2.2021484375,1.681640625,-3.84375
0.613,1.4013671875,2.1220703125,-3.5634765625
0.6135,0.7607421875,2.7626953125,-3.5234375
0.614,0.0,3.1630859375,-3.203125
0.6145,-0.720703125,3.5234375,-2.8828125
0.615,-1.4013671875,3.68359375,-2.40234375
0.6155,-1.8818359375,3.68359375,-1.921875
0.616,-2.2421875,3.3232421875,-1.28125
0.6165,-2.8427734375,3.4033203125,-0.6806640625
0.617,-3.1630859375,2.72265625,0.16015625
0.6175,-3.5234375,2.4423828125,0.8408203125
0.618,-3.603515625,1.7216796875,1.5615234375
0.6185,-3.36328125,1.201171875,1.9619140625
0.619,-3.2431640625,0.560546875,2.5224609375
0.6195,-3.1630859375,-0.080078125,3.0029296875
0.62,-2.72265625,-0.80078125,3.36328125
0.6205,-2.2822265625,-1.4814453125,3.5234375
0.621,-1.6416015625,-2.001953125,3.5234375
0.6215,-0.8408203125,-2.4423828125,3.1630859375
0.622,-0.2802734375,-3.0830078125,3.2431640625
0.6225,0.560546875,-3.36328125,2.7626953125
0.623,1.12109375,-3.7236328125,2.5224609375
0.6235,1.76171875,-3.7236328125,1.9619140625
0.624,2.08203125,-3.603515625,1.5615234375
0.6245,2.5224609375,-3.36328125,0.9208984375
0.625,3.0029296875,-3.3232421875,0.3203125
0.6255,3.283203125,-2.7626953125,-0.48046875
0.626,3.5234375,-2.4423828125,-1.12109375
0.6265,3.6435546875,-1.8017578125,-1.7216796875
0.627,3.4033203125,-1.201171875,-2.08203125
0.6275,3.4833984375,-0.640625,-2.72265625
0.628,3.1630859375,0.080078125,-3.203125
0.6285,2.9228515625,0.7607421875,-3.603515625
0.629,2.3623046875,1.4013671875,-3.7236328125
0.6295,1.76171875,1.921875,-3.6435546875
0.63,0.9609375,2.3623046875,-3.36328125
0.6305,0.400390625,3.0029296875,-3.443359375
0.631,-0.400390625,3.2431640625,-2.9228515625
0.6315,-1.0009765625,3.603515625,-2.72265625
0.632,-1.6015625,3.6435546875,-2.162109375
0.6325,-1.921875,3.4833984375,-1.6416015625
0.633,-2.482421875,3.36328125,-1.041015625
0.6335,-2.9228515625,3.04296875,-0.3203125
0.634,-3.3232421875,2.6025390625,0.4404296875
0.6345,-3.5234375,2.1220703125,1.12109375
0.635,-3.5234375,1.5615234375,1.7216796875
0.6355,-3.2431640625,0.9208984375,2.08203125
0.636,-3.36328125,0.3603515625,2.802734375
0.6365,-2.8828125,-0.48046875,3.1630859375
0.637,-2.6025390625,-1.0810546875,3.5234375
0.6375,-1.921875,-1.76171875,3.5234375
0.638,-1.28125,-2.2021484375,3.36328125
0.6385,-0.5205078125,-2.7626953125,3.203125
0.639,0.1201171875,-3.283203125,3.04296875
0.6395,0.9208984375,-3.5634765625,2.5625
0.64,1.44140625,-3.763671875,2.2421875
0.6405,2.001953125,-3.7236328125,1.76171875
0.641,2.322265625,-3.443359375,1.12109375
0.6415,2.9228515625,-3.4833984375,0.560546875
0.642,3.1630859375,-2.8828125,-0.3203125
0.6425,3.5234375,-2.5224609375,-0.9208984375
0.643,3.5634765625,-1.8818359375,-1.6015625
0.6435,3.5234375,-1.361328125,-2.001953125
0.644,3.283203125,-0.6806640625,-2.5224609375
0.6445,3.3232421875,-0.1201171875,-3.0830078125
0.645,2.8427734375,0.6806640625,-3.443359375
0.6455,2.5224609375,1.2412109375,-3.68359375
0.646,1.841796875,1.841796875,-3.68359375
0.6465,1.12109375,2.2421875,-3.36328125
0.647,0.48046875,2.8427734375,-3.36328125
0.6475,-0.2802734375,3.1630859375,-2.9228515625
0.648,-0.9208984375,3.4833984375,-2.642578125
0.6485,-1.44140625,3.5234375,-2.2421875
0.649,-1.841796875,3.4833984375,-1.76171875
0.6495,-2.2421875,3.203125,-1.1611328125
0.65,-2.8828125,3.203125,-0.640625
0.6505,-3.0830078125,2.5625,0.2802734375
0.651,-3.36328125,2.322265625,0.880859375
0.6515,-3.36328125,1.681640625,1.521484375
0.652,-3.203125,1.201171875,1.8818359375
0.6525,-3.203125,0.560546875,2.4423828125
0.653,-3.0029296875,-0.080078125,2.9228515625
0.6535,-2.642578125,-0.7607421875,3.2431640625
0.654,-2.2021484375,-1.3212890625,3.4033203125
0.6545,-1.6416015625,-1.8818359375,3.36328125
0.655,-0.9208984375,-2.322265625,3.123046875
0.6555,-0.3203125,-2.962890625,3.2431640625
0.656,0.48046875,-3.2431640625,2.6826171875
0.6565,1.0009765625,-3.603515625,2.5625
0.657,1.521484375,-3.6435546875,2.0419921875
0.6575,1.921875,-3.5634765625,1.6416015625
0.658,2.3623046875,-3.36328125,0.9609375
0.6585,2.8828125,-3.203125,0.3603515625
0.659,3.1630859375,-2.6826171875,-0.400390625
0.6595,3.443359375,-2.40234375,-1.0009765625
0.66,3.4833984375,-1.841796875,-1.5615234375
0.6605,3.3232421875,-1.28125,-1.9619140625
0.661,3.443359375,-0.640625,-2.6826171875
0.6615,3.123046875,0.080078125,-3.1630859375
0.662,2.8828125,0.720703125,-3.5634765625
0.6625,2.2822265625,1.28125,-3.5634765625
0.663,1.7216796875,1.8017578125,-3.5234375
0.6635,0.9609375,2.3623046875,-3.283203125
0.664,0.3203125,2.962890625,-3.3232421875
0.6645,-0.4404296875,3.2431640625,-2.8427734375
0.665,-0.9609375,3.4833984375,-2.642578125
0.6655,-1.521484375,3.5234375,-2.08203125
0.666,-1.921875,3.3232421875,-1.6015625
0.6665,-2.5224609375,3.3232421875,-0.9609375
0.667,-2.9228515625,2.8828125,-0.16015625
0.6675,-3.2431640625,2.5224609375,0.560546875
0.668,-3.36328125,2.001953125,1.1611328125
0.6685,-3.36328125,1.521484375,1.681640625
0.669,-3.1630859375,0.80078125,2.2021484375
0.6695,-3.2431640625,0.240234375,2.8427734375
0.67,-2.72265625,-0.6005859375,3.1630859375
0.6705,-2.4423828125,-1.1611328125,3.443359375
0.671,-1.7216796875,-1.8017578125,3.36328125
0.6715,-1.0810546875,-2.2822265625,3.203125
0.672,-0.3603515625,-2.8427734375,3.123046875
0.6725,0.3203125,-3.2431640625,2.8828125
0.673,1.041015625,-3.5634765625,2.4423828125
0.6735,1.4814453125,-3.68359375,2.1220703125
0.674,1.9619140625,-3.6435546875,1.5615234375
0.6745,2.3623046875,-3.3232421875,0.9609375
0.675,2.962890625,-3.283203125,0.4404296875
0.6755,3.203125,-2.642578125,-0.48046875
0.676,3.5234375,-2.3623046875,-1.041015625
0.6765,3.4833984375,-1.7216796875,-1.6015625
0.677,3.443359375,-1.2412109375,-2.08203125
0.6775,3.2431640625,-0.6005859375,-2.6025390625
0.678,3.203125,0.0400390625,-3.1630859375
0.6785,2.72265625,0.80078125,-3.4833984375
0.679,2.3623046875,1.3212890625,-3.6435546875
0.6795,1.6416015625,1.921875,-3.5634765625
0.68,0.9208984375,2.3623046875,-3.283203125
0.6805,0.2802734375,2.962890625,-3.283203125
0.681,-0.5205078125,3.2431640625,-2.802734375
0.6815,-1.0810546875,3.5234375,-2.5224609375
0.682,-1.5615234375,3.4833984375,-2.08203125
0.6825,-2.001953125,3.4833984375,-1.6015625
0.683,-2.4423828125,3.1630859375,-0.9208984375
0.6835,-3.04296875,3.123046875,-0.2802734375
0.684,-3.203125,2.40234375,0.640625
0.6845,-3.4833984375,2.1220703125,1.1611328125
0.685,-3.4033203125,1.4013671875,1.76171875
0.6855,-3.2431640625,0.880859375,2.2021484375
0.686,-3.203125,0.2001953125,2.802734375
0.6865,-2.8828125,-0.5205078125,3.203125
0.687,-2.4423828125,-1.1611328125,3.4833984375
0.6875,-1.8818359375,-1.7216796875,3.4833984375
0.688,-1.2412109375,-2.2822265625,3.4033203125
0.6885,-0.400390625,-2.72265625,3.0830078125
0.689,0.16015625,-3.36328125,3.123046875
0.6895,1.0810546875,-3.603515625,2.482421875
0.69,1.5615234375,-3.84375,2.2021484375
0.6905,2.001953125,-3.6435546875,1.6015625
0.691,2.40234375,-3.5634765625,1.12109375
0.6915,2.8427734375,-3.2431640625,0.4404296875
0.692,3.3232421875,-2.962890625,-0.2802734375
0.6925,3.5234375,-2.322265625,-1.12109375
0.693,3.6435546875,-1.9619140625,-1.6015625
0.6935,3.5234375,-1.28125,-2.2021484375
0.694,3.3232421875,-0.640625,-2.6025390625
0.6945,3.3232421875,0.0,-3.203125
0.695,2.802734375,0.80078125,-3.5634765625
0.6955,2.4423828125,1.4013671875,-3.84375
0.696,1.681640625,1.921875,-3.603515625
0.6965,1.041015625,2.482421875,-3.5634765625
0.697,0.2802734375,2.8828125,-3.203125
0.6975,-0.3603515625,3.36328125,-3.0830078125
0.698,-1.2412109375,3.5234375,-2.4423828125
0.6985,-1.6015625,3.6435546875,-2.1220703125
0.699,-2.1220703125,3.5234375,-1.521484375
0.6995,-2.482421875,3.3232421875,-0.9609375
0.7,-3.04296875,3.123046875,-0.3203125
0.7005,-3.283203125,2.5625,0.560546875
0.701,-3.5634765625,2.0419921875,1.28125
0.7015,-3.4033203125,1.521484375,1.7216796875
0.702,-3.36328125,0.9609375,2.2421875
0.7025,-3.0830078125,0.240234375,2.6826171875
0.703,-3.04296875,-0.3603515625,3.203125
0.7035,-2.4423828125,-1.201171875,3.443359375
0.704,-2.001953125,-1.681640625,3.5634765625
0.7045,-1.28125,-2.2421875,3.36328125
0.705,-0.640625,-2.72265625,3.1630859375
0.7055,0.0400390625,-3.203125,3.0029296875
0.706,0.7607421875,-3.5634765625,2.6826171875
0.7065,1.521484375,-3.763671875,2.2421875
0.707,1.841796875,-3.68359375,1.841796875
0.7075,2.3623046875,-3.603515625,1.28125
0.708,2.6826171875,-3.2431640625,0.640625
0.7085,3.203125,-3.1630859375,0.0
0.709,3.4033203125,-2.4423828125,-0.8408203125
0.7095,3.68359375,-2.1220703125,-1.4013671875
0.71,3.4833984375,-1.4814453125,-1.921875
0.7105,3.4833984375,-1.0009765625,-2.40234375
0.711,3.2431640625,-0.240234375,-2.9228515625
0.7115,3.1630859375,0.3603515625,-3.443359375
0.712,2.6025390625,1.201171875,-3.7236328125
0.7125,2.08203125,1.6015625,-3.7236328125
0.713,1.361328125,2.2021484375,-3.5634765625
0.7135,0.6005859375,2.6826171875,-3.36328125
0.714,-0.0400390625,3.203125,-3.2431640625
0.7145,-0.8408203125,3.5234375,-2.72265625
0.715,-1.44140625,3.763671875,-2.3623046875
0.7155,-1.8017578125,3.5234375,-1.841796875
0.716,-2.3623046875,3.5234375,-1.3212890625
0.7165,-2.7626953125,3.1630859375,-0.6005859375
0.717,-3.283203125,3.0029296875,0.1201171875
0.7175,-3.5234375,2.2421875,1.0810546875
0.718,-3.6435546875,1.841796875,1.6015625
0.7185,-3.4033203125,1.0810546875,2.1220703125
0.719,-3.283203125,0.48046875,2.6025390625
0.7195,-3.123046875,-0.2001953125,3.1630859375
0.72,-2.72265625,-0.9609375,3.5234375
0.7205,-2.2021484375,-1.7216796875,3.763671875
0.721,-1.4814453125,-2.162109375,3.4833984375
0.7215,-0.80078125,-2.7626953125,3.443359375
0.722,0.0,-3.203125,3.04296875
0.7225,0.640625,-3.68359375,2.9228515625
0.723,1.5615234375,-3.84375,2.2421875
0.7235,2.08203125,-3.923828125,1.8818359375
0.724,2.482421875,-3.6435546875,1.2412109375
0.7245,2.9228515625,-3.5634765625,0.6806640625
0.725,3.3232421875,-3.123046875,-0.080078125
0.7255,3.68359375,-2.72265625,-0.8408203125
0.726,3.84375,-2.001953125,-1.76171875
0.7265,3.763671875,-1.44140625,-2.2021484375
0.727,3.603515625,-0.7607421875,-2.7626953125
0.7275,3.36328125,-0.080078125,-3.203125
0.728,3.1630859375,0.6005859375,-3.7236328125
0.7285,2.5625,1.44140625,-3.9638671875
0.729,2.0419921875,2.08203125,-4.1240234375
0.7295,1.1611328125,2.482421875,-3.68359375
0.73,0.48046875,3.0830078125,-3.68359375
0.7305,-0.3203125,3.443359375,-3.1630859375
0.731,-1.0009765625,3.84375,-2.8828125
0.7315,-1.9619140625,3.9638671875,-2.1220703125
0.732,-2.3623046875,3.84375,-1.6416015625
0.7325,-2.7626953125,3.5634765625,-1.0009765625
0.733,-3.203125,3.36328125,-0.3203125
0.7335,-3.5634765625,2.8828125,0.48046875
0.734,-3.84375,2.2822265625,1.3212890625
0.7345,-3.9638671875,1.6015625,2.2021484375
0.735,-3.603515625,0.9208984375,2.5224609375
0.7355,-3.5634765625,0.2802734375,3.123046875
0.736,-3.123046875,-0.5205078125,3.443359375
0.7365,-2.8427734375,-1.1611328125,3.84375
0.737,-2.0419921875,-2.1220703125,4.00390625
0.7375,-1.44140625,-2.6826171875,3.923828125
0.738,-0.560546875,-3.0830078125,3.4833984375
0.7385,0.1201171875,-3.603515625,3.4033203125
0.739,1.0009765625,-3.8837890625,2.8427734375
0.7395,1.7216796875,-4.1640625,2.482421875
0.74,2.5625,-4.32421875,1.7216796875
0.7405,2.8828125,-3.923828125,1.12109375
0.741,3.36328125,-3.7236328125,0.48046875
0.7415,3.68359375,-3.2431640625,-0.2802734375
0.742,4.00390625,-2.8427734375,-1.041015625
0.7425,4.1240234375,-2.08203125,-1.9619140625
0.743,4.2041015625,-1.4013671875,-2.6826171875
0.7435,3.7236328125,-0.640625,-3.0029296875
0.744,3.7236328125,-0.0400390625,-3.5634765625
0.7445,3.1630859375,0.80078125,-3.923828125
0.745,2.8427734375,1.521484375,-4.2841796875
0.7455,2.0419921875,2.40234375,-4.4443359375
0.746,1.201171875,2.8427734375,-4.1640625
0.7465,0.3603515625,3.3232421875,-3.7236328125
0.747,-0.400390625,3.84375,-3.4833984375
0.7475,-1.28125,4.0439453125,-2.8828125
0.748,-1.9619140625,4.2041015625,-2.3623046875
0.7485,-2.7626953125,4.2841796875,-1.6416015625
0.749,-3.04296875,3.763671875,-0.8408203125
0.7495,-3.5634765625,3.68359375,-0.2802734375
0.75,-3.84375,3.0029296875,0.6005859375
0.7505,-4.1240234375,2.5224609375,1.4013671875
0.751,-4.2041015625,1.6416015625,2.2822265625
0.7515,-4.0439453125,0.9609375,2.8828125
0.752,-3.5634765625,0.1201171875,3.203125
0.7525,-3.4833984375,-0.4404296875,3.7236328125
0.753,-2.8427734375,-1.361328125,4.0439453125
0.7535,-2.3623046875,-2.0419921875,4.2041015625
0.754,-1.521484375,-2.9228515625,4.2841796875
0.7545,-0.640625,-3.203125,3.763671875
0.755,0.1201171875,-3.7236328125,3.5234375
0.7555,0.9609375,-4.1240234375,3.0830078125
0.756,1.8017578125,-4.32421875,2.5224609375
0.7565,2.482421875,-4.3642578125,1.921875
0.757,3.123046875,-4.32421875,1.2412109375
0.7575,3.3232421875,-3.7236328125,0.48046875
0.758,3.84375,-3.6435546875,-0.080078125
0.7585,4.00390625,-2.8427734375,-1.0810546875
0.759,4.2841796875,-2.40234375,-1.7216796875
0.7595,4.2841796875,-1.521484375,-2.6025390625
0.76,3.9638671875,-0.8408203125,-3.04296875
0.7605,3.6435546875,-0.080078125,-3.4033203125
0.761,3.4833984375,0.48046875,-3.8837890625
0.7615,2.8828125,1.361328125,-4.2041015625
0.762,2.322265625,1.9619140625,-4.3642578125
0.7625,1.6015625,2.7626953125,-4.3642578125
0.763,0.640625,3.04296875,-3.7236328125
0.7635,0.0,3.6435546875,-3.68359375
0.764,-0.9609375,3.923828125,-3.04296875
0.7645,-1.6015625,4.1240234375,-2.642578125
0.765,-2.322265625,4.1240234375,-1.9619140625
0.7655,-2.8427734375,4.00390625,-1.3212890625
0.766,-3.0830078125,3.5234375,-0.640625
0.7665,-3.603515625,3.4833984375,0.0
0.767,-3.84375,2.642578125,0.9609375
0.7675,-4.0439453125,2.2421875,1.6015625
0.768,-4.083984375,1.4013671875,2.4423828125
0.7685,-3.7236328125,0.6806640625,2.802734375
0.769,-3.5234375,0.0,3.3232421875
0.7695,-3.1630859375,-0.80078125,3.7236328125
0.77,-2.6826171875,-1.6015625,4.00390625
0.7705,-1.9619140625,-2.2421875,4.083984375
0.771,-1.28125,-2.8828125,4.00390625
0.7715,-0.3603515625,-3.203125,3.4833984375
0.772,0.2802734375,-3.84375,3.5234375
0.7725,1.28125,-4.0439453125,2.6826171875
0.773,1.921875,-4.32421875,2.40234375
0.7735,2.6025390625,-4.244140625,1.681640625
0.774,3.0029296875,-3.9638671875,1.0009765625
0.7745,3.36328125,-3.603515625,0.2802734375
0.775,3.84375,-3.3232421875,-0.3603515625
0.7755,4.0439453125,-2.5625,-1.361328125
0.776,4.1240234375,-2.08203125,-1.9619140625
0.7765,4.1240234375,-1.3212890625,-2.72265625
0.777,3.68359375,-0.560546875,-3.0830078125
0.7775,3.6435546875,0.0400390625,-3.68359375
0.778,3.04296875,0.9609375,-4.00390625
0.7785,2.6826171875,1.7216796875,-4.2841796875
0.779,1.921875,2.3623046875,-4.244140625
0.7795,1.12109375,2.8828125,-4.0439453125
0.78,0.240234375,3.2431640625,-3.5634765625
0.7805,-0.400390625,3.84375,-3.4833984375
0.781,-1.44140625,4.00390625,-2.6025390625
0.7815,-1.9619140625,4.1240234375,-2.2822265625
0.782,-2.6025390625,4.083984375,-1.6015625
0.7825,-2.9228515625,3.6435546875,-0.8408203125
0.783,-3.4033203125,3.4833984375,-0.2001953125
0.7835,-3.8037109375,2.8828125,0.640625
0.784,-4.00390625,2.2822265625,1.4814453125
0.7845,-4.00390625,1.681640625,2.1220703125
0.785,-3.923828125,0.9609375,2.72265625
0.7855,-3.443359375,0.1201171875,3.04296875
0.786,-3.4833984375,-0.48046875,3.6435546875
0.7865,-2.72265625,-1.44140625,3.923828125
0.787,-2.2822265625,-2.001953125,4.1240234375
0.7875,-1.44140625,-2.6826171875,3.9638671875
0.788,-0.640625,-3.123046875,3.68359375
0.7885,0.1201171875,-3.5634765625,3.3232421875
0.789,0.9208984375,-4.00390625,3.0830078125
0.7895,1.8818359375,-4.2041015625,2.322265625
0.79,2.2822265625,-4.2041015625,1.921875
0.7905,2.8828125,-4.1240234375,1.2412109375
0.791,3.1630859375,-3.603515625,0.5205078125
0.7915,3.68359375,-3.5234375,-0.080078125
0.792,3.8837890625,-2.72265625,-1.041015625
0.7925,4.1240234375,-2.2421875,-1.76171875
0.793,4.00390625,-1.6015625,-2.3623046875
0.7935,3.8837890625,-0.9609375,-2.8828125
0.794,3.443359375,-0.16015625,-3.2431640625
0.7945,3.443359375,0.48046875,-3.84375
0.795,2.6826171875,1.44140625,-4.1240234375
0.7955,2.2822265625,1.9619140625,-4.2041015625
0.796,1.44140625,2.6025390625,-4.0439453125
0.7965,0.640625,3.0029296875,-3.603515625
0.797,-0.080078125,3.5234375,-3.4833984375
0.7975,-0.9208984375,3.8037109375,-2.9228515625
0.798,-1.6416015625,4.00390625,-2.4423828125
0.7985,-2.08203125,3.8837890625,-1.9619140625
0.799,-2.6025390625,3.84375,-1.361328125
0.7995,-2.9228515625,3.36328125,-0.6005859375
0.8,-3.5234375,3.3232421875,0.0
0.8005,-3.68359375,2.4423828125,1.0009765625
0.801,-3.8837890625,2.1220703125,1.5615234375
0.8015,-3.763671875,1.3212890625,2.2021484375
0.802,-3.5634765625,0.6806640625,2.5625
0.8025,-3.283203125,0.0,3.123046875
0.803,-3.0830078125,-0.6806640625,3.5634765625
0.8035,-2.4423828125,-1.5615234375,3.84375
0.804,-1.9619140625,-2.001953125,3.8037109375
0.8045,-1.201171875,-2.6025390625,3.68359375
0.805,-0.3603515625,-2.962890625,3.283203125
0.8055,0.240234375,-3.603515625,3.283203125
0.806,1.1611328125,-3.8037109375,2.5625
0.8065,1.7216796875,-4.0439453125,2.322265625
0.807,2.162109375,-3.8837890625,1.7216796875
0.8075,2.6025390625,-3.763671875,1.1611328125
0.808,2.962890625,-3.36328125,0.48046875
0.8085,3.4833984375,-3.203125,-0.16015625
0.809,3.6435546875,-2.482421875,-1.0810546875
0.8095,3.84375,-2.162109375,-1.6015625
0.81,3.68359375,-1.4814453125,-2.2021484375
0.8105,3.4833984375,-0.80078125,-2.5625
0.811,3.4833984375,-0.16015625,-3.203125
0.8115,3.04296875,0.6005859375,-3.5634765625
0.812,2.6826171875,1.28125,-3.8837890625
0.8125,2.0419921875,1.76171875,-3.8037109375
0.813,1.4013671875,2.2822265625,-3.7236328125
0.8135,0.560546875,2.7626953125,-3.36328125
0.814,0.0,3.36328125,-3.36328125
0.8145,-0.9208984375,3.5234375,-2.6826171875
0.815,-1.3212890625,3.8037109375,-2.5224609375
0.8155,-1.8818359375,3.6435546875,-1.8818359375
0.816,-2.2822265625,3.4833984375,-1.3212890625
0.8165,-2.8427734375,3.3232421875,-0.640625
0.817,-3.203125,2.8828125,0.0400390625
0.8175,-3.4833984375,2.40234375,0.8408203125
0.818,-3.603515625,1.921875,1.361328125
0.8185,-3.5634765625,1.361328125,1.9619140625
0.819,-3.2431640625,0.640625,2.40234375
0.8195,-3.36328125,0.0400390625,3.123046875
0.82,-2.7626953125,-0.7607421875,3.36328125
0.8205,-2.4423828125,-1.361328125,3.68359375
0.821,-1.681640625,-1.921875,3.5234375
0.8215,-1.0810546875,-2.4423828125,3.443359375
0.822,-0.2802734375,-2.962890625,3.1630859375
0.8225,0.400390625,-3.4833984375,3.04296875
0.823,1.2412109375,-3.7236328125,2.482421875
0.8235,1.6015625,-3.84375,2.2021484375
0.824,2.162109375,-3.7236328125,1.6015625
0.8245,2.5224609375,-3.4833984375,0.9609375
0.825,3.123046875,-3.4033203125,0.2802734375
0.8255,3.36328125,-2.7626953125,-0.5205078125
0.826,3.6435546875,-2.4423828125,-1.201171875
0.8265,3.603515625,-1.8017578125,-1.681640625
0.827,3.5634765625,-1.2412109375,-2.2421875
0.8275,3.3232421875,-0.5205078125,-2.72265625
0.828,3.3232421875,0.1201171875,-3.36328125
0.8285,2.7626953125,0.9609375,-3.68359375
0.829,2.40234375,1.44140625,-3.8037109375
0.8295,1.6015625,2.0419921875,-3.6435546875
0.83,0.9208984375,2.5224609375,-3.4033203125
0.8305,0.16015625,3.123046875,-3.283203125
0.831,-0.560546875,3.4033203125,-2.8828125
0.8315,-1.2412109375,3.68359375,-2.5224609375
0.832,-1.6015625,3.5634765625,-2.08203125
0.8325,-2.1220703125,3.5634765625,-1.5615234375
0.833,-2.5224609375,3.1630859375,-0.8408203125
0.8335,-3.123046875,3.123046875,-0.2001953125
0.834,-3.3232421875,2.3623046875,0.6806640625
0.8345,-3.5634765625,2.08203125,1.2412109375
0.835,-3.36328125,1.4013671875,1.76171875
0.8355,-3.3232421875,0.9208984375,2.2421875
0.836,-3.1630859375,0.16015625,2.802734375
0.8365,-2.8828125,-0.48046875,3.203125
0.837,-2.4423828125,-1.2412109375,3.4833984375
0.8375,-1.8818359375,-1.681640625,3.443359375
0.838,-1.2412109375,-2.2822265625,3.36328125
0.8385,-0.48046875,-2.6826171875,3.123046875
0.839,0.1201171875,-3.283203125,3.123046875
0.8395,0.9208984375,-3.5234375,2.5224609375
0.84,1.4013671875,-3.763671875,2.2822265625
0.8405,1.841796875,-3.5634765625,1.76171875
0.841,2.2421875,-3.603515625,1.28125
0.8415,2.72265625,-3.283203125,0.5205078125
0.842,3.1630859375,-3.0830078125,-0.080078125
0.8425,3.443359375,-2.4423828125,-0.9208984375
0.843,3.5634765625,-2.1220703125,-1.361328125
0.8435,3.5234375,-1.44140625,-1.9619140625
0.844,3.36328125,-0.880859375,-2.40234375
0.8445,3.36328125,-0.2001953125,-3.0830078125
0.845,2.962890625,0.560546875,-3.4033203125
0.8455,2.6025390625,1.1611328125,-3.7236328125
0.846,1.921875,1.6015625,-3.5634765625
0.8465,1.3212890625,2.2421875,-3.5634765625
0.847,0.5205078125,2.72265625,-3.2431640625
0.8475,-0.0400390625,3.2431640625,-3.203125
0.848,-0.9208984375,3.4833984375,-2.6025390625
0.8485,-1.3212890625,3.6435546875,-2.40234375
0.849,-1.8017578125,3.4833984375,-1.8017578125
0.8495,-2.2822265625,3.36328125,-1.28125
0.85,-2.8427734375,3.1630859375,-0.560546875
0.8505,-3.203125,2.72265625,0.240234375
0.851,-3.4833984375,2.2421875,1.0009765625
0.8515,-3.4033203125,1.76171875,1.44140625
0.852,-3.36328125,1.1611328125,2.0419921875
0.8525,-3.1630859375,0.4404296875,2.5224609375
0.853,-3.1630859375,-0.16015625,3.123046875
0.8535,-2.5625,-1.0009765625,3.36328125
0.854,-2.2021484375,-1.521484375,3.5634765625
0.8545,-1.44140625,-2.001953125,3.3232421875
0.855,-0.80078125,-2.5625,3.283203125
0.8555,0.0,-3.0830078125,3.04296875
0.856,0.6005859375,-3.4833984375,2.802734375
0.8565,1.4013671875,-3.7236328125,2.2822265625
0.857,1.7216796875,-3.7236328125,1.9619140625
0.8575,2.2421875,-3.603515625,1.361328125
0.858,2.5625,-3.3232421875,0.6806640625
0.8585,3.123046875,-3.1630859375,0.0400390625
0.859,3.3232421875,-2.5224609375,-0.720703125
0.8595,3.603515625,-2.162109375,-1.3212890625
0.86,3.4033203125,-1.521484375,-1.76171875
0.8605,3.4833984375,-1.041015625,-2.322265625
0.861,3.203125,-0.3203125,-2.8427734375
0.8615,3.1630859375,0.2802734375,-3.36328125
0.862,2.5625,1.0810546875,-3.603515625
0.8625,2.162109375,1.521484375,-3.603515625
0.863,1.4013671875,2.08203125,-3.4833984375
0.8635,0.6806640625,2.5625,-3.283203125
0.864,0.0400390625,3.0830078125,-3.1630859375
0.8645,-0.640625,3.3232421875,-2.72265625
0.865,-1.28125,3.5634765625,-2.40234375
0.8655,-1.5615234375,3.36328125,-1.9619140625
0.866,-2.1220703125,3.4033203125,-1.521484375
0.8665,-2.5224609375,3.123046875,-0.720703125
0.867,-3.0830078125,3.0029296875,-0.1201171875
0.8675,-3.203125,2.2822265625,0.720703125
0.868,-3.443359375,2.0419921875,1.201171875
0.8685,-3.2431640625,1.3212890625,1.7216796875
0.869,-3.2431640625,0.880859375,2.2021484375
0.8695,-3.0830078125,0.1201171875,2.7626953125
0.87,-2.802734375,-0.5205078125,3.1630859375
0.8705,-2.3623046875,-1.1611328125,3.4033203125
0.871,-1.8017578125,-1.6015625,3.2431640625
0.8715,-1.201171875,-2.2021484375,3.3232421875
0.872,-0.48046875,-2.6826171875,3.04296875
0.8725,0.1201171875,-3.203125,3.0029296875
0.873,0.880859375,-3.4833984375,2.5224609375
0.8735,1.28125,-3.7236328125,2.2822265625
0.874,1.7216796875,-3.5234375,1.7216796875
0.8745,2.2021484375,-3.4833984375,1.3212890625
0.875,2.6826171875,-3.203125,0.560546875
0.8755,3.123046875,-2.9228515625,-0.080078125
0.876,3.3232421875,-2.40234375,-0.8408203125
0.8765,3.443359375,-2.08203125,-1.2412109375
0.877,3.4033203125,-1.44140625,-1.8818359375
0.8775,3.3232421875,-0.8408203125,-2.3623046875
0.878,3.283203125,-0.16015625,-3.0029296875
0.8785,2.8828125,0.560546875,-3.36328125
0.879,2.5625,1.0810546875,-3.603515625
0.8795,1.841796875,1.5615234375,-3.4033203125
0.88,1.28125,2.2421875,-3.4833984375
0.8805,0.48046875,2.72265625,-3.203125
0.881,-0.1201171875,3.1630859375,-3.0830078125
0.8815,-0.9208984375,3.4033203125,-2.6025390625
0.882,-1.28125,3.4833984375,-2.322265625
0.8825,-1.76171875,3.4033203125,-1.76171875
0.883,-2.2421875,3.283203125,-1.201171875
0.8835,-2.7626953125,3.0830078125,-0.48046875
0.884,-3.1630859375,2.6025390625,0.3203125
0.8845,-3.4033203125,2.2021484375,1.0009765625
0.885,-3.283203125,1.6416015625,1.44140625
0.8855,-3.36328125,1.12109375,2.0419921875
0.886,-3.123046875,0.3603515625,2.5625
0.8865,-3.04296875,-0.2802734375,3.0830078125
0.887,-2.482421875,-1.041015625,3.36328125
0.8875,-2.001953125,-1.521484375,3.443359375
0.888,-1.28125,-2.08203125,3.203125
0.8885,-0.640625,-2.642578125,3.203125
0.889,0.080078125,-3.1630859375,2.962890625
0.8895,0.7607421875,-3.5634765625,2.642578125
0.89,1.44140625,-3.7236328125,2.2421875
0.8905,1.76171875,-3.5634765625,1.8017578125
0.891,2.2822265625,-3.5634765625,1.28125
0.8915,2.6826171875,-3.203125,0.560546875
0.892,3.1630859375,-3.0029296875,-0.080078125
0.8925,3.36328125,-2.3623046875,-0.9609375
0.893,3.5634765625,-2.001953125,-1.4814453125
0.8935,3.36328125,-1.3212890625,-1.921875
0.894,3.4833984375,-0.8408203125,-2.5224609375
0.8945,3.1630859375,-0.080078125,-3.04296875
0.895,3.0029296875,0.560546875,-3.4833984375
0.8955,2.4423828125,1.3212890625,-3.7236328125
0.896,1.8818359375,1.7216796875,-3.5634765625
0.8965,1.12109375,2.322265625,-3.4833984375
0.897,0.400390625,2.8427734375,-3.203125
0.8975,-0.2802734375,3.203125,-3.04296875
0.898,-1.0009765625,3.4833984375,-2.5625
0.8985,-1.5615234375,3.68359375,-2.2021484375
0.899,-1.8818359375,3.36328125,-1.6416015625
0.8995,-2.4423828125,3.443359375,-1.1611328125
0.9,-2.8427734375,3.0029296875,-0.3203125
0.9005,-3.283203125,2.7626953125,0.3203125
0.901,-3.4833984375,2.0419921875,1.201171875
0.9015,-3.4833984375,1.6416015625,1.6416015625
0.902,-3.2431640625,0.9208984375,2.1220703125
0.9025,-3.203125,0.3603515625,2.642578125
0.903,-2.9228515625,-0.3603515625,3.123046875
0.9035,-2.5625,-1.041015625,3.443359375
0.904,-2.001953125,-1.7216796875,3.603515625
0.9045,-1.3212890625,-2.1220703125,3.3232421875
0.905,-0.720703125,-2.7626953125,3.36328125
0.9055,0.080078125,-3.203125,2.962890625
0.906,0.6005859375,-3.6435546875,2.8427734375
0.9065,1.521484375,-3.763671875,2.2421875
0.907,1.9619140625,-3.8037109375,1.841796875
0.9075,2.322265625,-3.4833984375,1.201171875
0.908,2.8427734375,-3.443359375,0.6806640625
0.9085,3.1630859375,-2.962890625,-0.1201171875
0.909,3.5234375,-2.6025390625,-0.8408203125
0.9095,3.68359375,-1.9619140625,-1.6416015625
0.91,3.5234375,-1.44140625,-1.9619140625
0.9105,3.4833984375,-0.80078125,-2.5625
0.911,3.283203125,-0.16015625,-3.0830078125
0.9115,3.04296875,0.560546875,-3.5234375
0.912,2.5224609375,1.28125,-3.763671875
0.9125,1.9619140625,1.8818359375,-3.84375
0.913,1.12109375,2.2421875,-3.443359375
0.9135,0.560546875,2.8427734375,-3.4833984375
0.914,-0.3203125,3.04296875,-3.0830078125
0.9145,-0.9208984375,3.603515625,-2.7626953125
0.915,-1.6416015625,3.763671875,-2.162109375
0.9155,-2.001953125,3.5634765625,-1.681640625
0.916,-2.4423828125,3.4033203125,-1.12109375
0.9165,-2.8828125,3.203125,-0.48046875
0.917,-3.2431640625,2.72265625,0.3203125
0.9175,-3.5234375,2.2421875,1.0810546875
0.918,-3.6435546875,1.6416015625,1.76171875
0.9185,-3.283203125,1.0009765625,2.08203125
0.919,-3.36328125,0.48046875,2.6826171875
0.9195,-2.962890625,-0.2802734375,3.0830078125
0.92,-2.72265625,-0.9208984375,3.4833984375
0.9205,-2.08203125,-1.6416015625,3.6435546875
0.921,-1.5615234375,-2.2421875,3.4833984375
0.9215,-0.720703125,-2.6025390625,3.2431640625
0.922,-0.16015625,-3.283203125,3.123046875
0.9225,0.6806640625,-3.4833984375,2.72265625
0.923,1.28125,-3.763671875,2.40234375
0.9235,1.921875,-3.8837890625,1.921875
0.924,2.2421875,-3.5634765625,1.3212890625
0.9245,2.7626953125,-3.5634765625,0.80078125
0.925,3.123046875,-3.123046875,0.0400390625
0.9255,3.4833984375,-2.7626953125,-0.640625
0.926,3.6435546875,-2.1220703125,-1.361328125
0.9265,3.68359375,-1.681640625,-1.921875
0.927,3.4033203125,-0.9609375,-2.322265625
0.9275,3.4833984375,-0.4404296875,-2.9228515625
0.928,3.123046875,0.3203125,-3.36328125
0.9285,2.802734375,0.9609375,-3.7236328125
0.929,2.08203125,1.6416015625,-3.84375
0.9295,1.521484375,2.1220703125,-3.603515625
0.93,0.7607421875,2.642578125,-3.443359375
0.9305,0.0,3.1630859375,-3.2431640625
0.931,-0.640625,3.4833984375,-2.8828125
0.9315,-1.3212890625,3.68359375,-2.4423828125
0.932,-1.921875,3.763671875,-1.9619140625
0.9325,-2.2021484375,3.4033203125,-1.3212890625
0.933,-2.8427734375,3.4833984375,-0.80078125
0.9335,-3.1630859375,2.8828125,0.0400390625
0.934,-3.5634765625,2.5625,0.7607421875
0.9345,-3.6435546875,1.841796875,1.5615234375
0.935,-3.5634765625,1.3212890625,2.001953125
0.9355,-3.283203125,0.6005859375,2.5224609375
0.936,-3.2431640625,0.0,3.04296875
0.9365,-2.802734375,-0.80078125,3.443359375
0.937,-2.4423828125,-1.6015625,3.6435546875
0.9375,-1.681640625,-2.162109375,3.7236328125
0.938,-0.9208984375,-2.5625,3.3232421875
0.9385,-0.3203125,-3.1630859375,3.36328125
0.939,0.560546875,-3.5634765625,2.8427734375
0.9395,1.28125,-3.84375,2.5625
0.94,1.921875,-3.9638671875,1.9619140625
0.9405,2.4423828125,-3.84375,1.4814453125
0.941,2.72265625,-3.4833984375,0.80078125
0.9415,3.3232421875,-3.443359375,0.2001953125
0.942,3.5234375,-2.72265625,-0.720703125
0.9425,3.84375,-2.322265625,-1.361328125
0.943,3.8837890625,-1.6015625,-2.162109375
0.9435,3.6435546875,-1.0009765625,-2.5625
0.944,3.5234375,-0.3203125,-3.123046875
0.9445,3.2431640625,0.4404296875,-3.603515625
0.945,2.6826171875,1.0810546875,-3.923828125
0.9455,2.2421875,1.8818359375,-4.0439453125
0.946,1.521484375,2.482421875,-4.0439453125
0.9465,0.6005859375,2.8427734375,-3.5234375
0.947,0.0,3.5234375,-3.5634765625
0.9475,-1.0009765625,3.763671875,-2.7626953125
0.948,-1.6416015625,3.9638671875,-2.4423828125
0.9485,-2.2822265625,3.9638671875,-1.8017578125
0.949,-2.72265625,3.7236328125,-1.1611328125
0.9495,-3.0830078125,3.4033203125,-0.5205078125
0.95,-3.603515625,3.1630859375,0.2802734375
0.9505,-3.8037109375,2.3623046875,1.2412109375
0.951,-3.923828125,1.8818359375,1.841796875
0.9515,-3.8837890625,1.12109375,2.5625
0.952,-3.443359375,0.3603515625,2.8828125
0.9525,-3.4033203125,-0.240234375,3.443359375
0.953,-2.8427734375,-1.201171875,3.7236328125
0.9535,-2.2822265625,-1.921875,4.0439453125
0.954,-1.5615234375,-2.5625,3.9638671875
0.9545,-0.8408203125,-3.0830078125,3.8037109375
0.955,0.0,-3.4033203125,3.283203125
0.9555,0.720703125,-4.00390625,3.203125
0.956,1.76171875,-4.1640625,2.322265625
0.9565,2.2822265625,-4.244140625,1.9619140625
0.957,2.9228515625,-4.1240234375,1.28125
0.9575,3.2431640625,-3.7236328125,0.6005859375
0.958,3.6435546875,-3.4833984375,-0.0400390625
0.9585,4.00390625,-2.9228515625,-1.0009765625
0.959,4.1640625,-2.2021484375,-1.841796875
0.9595,4.1240234375,-1.6015625,-2.40234375
0.96,4.00390625,-0.880859375,-3.04296875
0.9605,3.5234375,-0.080078125,-3.36328125
0.961,3.5234375,0.5205078125,-3.9638671875
0.9615,2.7626953125,1.5615234375,-4.244140625
0.962,2.2822265625,2.162109375,-4.4443359375
0.9625,1.4013671875,2.802734375,-4.2041015625
0.963,0.6005859375,3.283203125,-3.8837890625
0.9635,-0.240234375,3.6435546875,-3.443359375
0.964,-1.041015625,4.1240234375,-3.1630859375
0.9645,-2.001953125,4.2041015625,-2.322265625
0.965,-2.4423828125,4.1640625,-1.8818359375
0.9655,-3.0830078125,4.0439453125,-1.12109375
0.966,-3.36328125,3.5234375,-0.3603515625
0.9665,-3.84375,3.3232421875,0.2802734375
0.967,-4.083984375,2.5224609375,1.3212890625
0.9675,-4.2041015625,1.921875,2.1220703125
0.968,-4.0439453125,1.1611328125,2.642578125
0.9685,-3.84375,0.4404296875,3.203125
0.969,-3.283203125,-0.3203125,3.4833984375
0.9695,-3.203125,-1.041015625,4.00390625
0.97,-2.2822265625,-2.1220703125,4.2041015625
0.9705,-1.76171875,-2.6025390625,4.2041015625
0.971,-0.880859375,-3.203125,3.9638671875
0.9715,-0.0400390625,-3.5634765625,3.5234375
0.972,0.6806640625,-3.9638671875,3.203125
0.9725,1.5615234375,-4.2841796875,2.6826171875
0.973,2.482421875,-4.404296875,1.9619140625
0.9735,2.802734375,-4.1640625,1.44140625
0.974,3.36328125,-4.0439453125,0.7607421875
0.9745,3.5634765625,-3.443359375,0.0
0.975,4.0439453125,-3.283203125,-0.640625
0.9755,4.1640625,-2.2822265625,-1.7216796875
0.976,4.2841796875,-1.841796875,-2.2822265625
0.9765,4.00390625,-1.041015625,-2.8427734375
0.977,3.8037109375,-0.3603515625,-3.3232421875
0.9775,3.4033203125,0.3203125,-3.7236328125
0.978,3.1630859375,1.0009765625,-4.1640625
0.9785,2.3623046875,2.0419921875,-4.3642578125
0.979,1.841796875,2.4423828125,-4.244140625
0.9795,0.9609375,3.0830078125,-4.0439453125
0.98,0.1201171875,3.4033203125,-3.5634765625
0.9805,-0.6005859375,3.8837890625,-3.36328125
0.981,-1.521484375,4.083984375,-2.642578125
0.9815,-2.2021484375,4.2041015625,-2.162109375
0.982,-2.5625,3.9638671875,-1.5615234375
0.9825,-3.123046875,3.84375,-0.9208984375
0.983,-3.36328125,3.283203125,-0.080078125
0.9835,-3.8837890625,3.123046875,0.560546875
0.984,-4.00390625,2.162109375,1.6416015625
0.9845,-4.1240234375,1.681640625,2.162109375
0.985,-3.84375,0.880859375,2.802734375
0.9855,-3.5634765625,0.1201171875,3.1630859375
0.986,-3.3232421875,-0.6005859375,3.68359375
0.9865,-2.8427734375,-1.361328125,4.0439453125
0.987,-2.162109375,-2.2421875,4.2041015625
0.9875,-1.44140625,-2.642578125,3.9638671875
0.988,-0.640625,-3.283203125,3.84375
0.9885,0.240234375,-3.6435546875,3.3232421875
0.989,0.9609375,-4.1640625,3.1630859375
0.9895,1.9619140625,-4.32421875,2.2822265625
0.99,2.5224609375,-4.3642578125,1.8818359375
0.9905,2.962890625,-4.00390625,1.12109375
0.991,3.443359375,-3.84375,0.48046875
0.9915,3.763671875,-3.283203125,-0.3203125
0.992,4.1240234375,-2.9228515625,-1.12109375
0.9925,4.244140625,-2.001953125,-2.1220703125
0.993,4.1240234375,-1.4814453125,-2.5625
0.9935,3.923828125,-0.6806640625,-3.203125
0.994,3.5634765625,0.0400390625,-3.5634765625
0.9945,3.36328125,0.7607421875,-4.0439453125
0.995,2.6826171875,1.7216796875,-4.32421875
0.9955,2.0419921875,2.40234375,-4.484375
0.996,1.201171875,2.802734375,-4.00390625
0.9965,0.4404296875,3.443359375,-3.8837890625
0.997,-0.4404296875,3.7236328125,-3.283203125
0.9975,-1.12109375,4.1240234375,-3.0830078125
0.998,-2.162109375,4.2041015625,-2.2021484375
0.9985,-2.5625,4.1240234375,-1.7216796875
0.999,-2.962890625,3.8037109375,-0.9609375
0.9995,-3.4033203125,3.5234375,-0.3203125
