wavelength,x,y,z
0.0,1.921875,-4.0439453125,2.08203125
0.0005,2.40234375,-3.84375,1.6416015625
0.001,2.6826171875,-3.7236328125,1.0009765625
0.0015,3.123046875,-3.4833984375,0.3603515625
0.002,3.4033203125,-2.8427734375,-0.48046875
0.0025,3.68359375,-2.40234375,-1.2412109375
0.003,3.84375,-1.8017578125,-1.9619140625
0.0035,3.5634765625,-1.12109375,-2.322265625
0.004,3.5634765625,-0.5205078125,-2.962890625
0.0045,3.123046875,0.2802734375,-3.36328125
0.005,2.802734375,1.0810546875,-3.763671875
0.0055,2.2021484375,1.8017578125,-3.9638671875
0.006,1.5615234375,2.322265625,-3.8837890625
0.0065,0.720703125,2.802734375,-3.5634765625
0.007,0.0400390625,3.36328125,-3.4033203125
0.0075,-0.8408203125,3.603515625,-2.802734375
0.008,-1.4814453125,3.8837890625,-2.5224609375
0.0085,-2.08203125,4.1240234375,-1.9619140625
0.009,-2.482421875,3.68359375,-1.361328125
0.0095,-2.962890625,3.603515625,-0.80078125
0.01,-3.3232421875,3.123046875,0.0400390625
0.0105,-3.6435546875,2.5224609375,0.880859375
0.011,-3.84375,1.9619140625,1.6015625
0.0115,-3.8837890625,1.4013671875,2.2822265625
0.012,-3.4033203125,0.560546875,2.642578125
0.0125,-3.4833984375,0.0,3.2431640625
0.013,-2.802734375,-0.9609375,3.603515625
0.0135,-2.4423828125,-1.6416015625,3.923828125
0.014,-1.7216796875,-2.482421875,4.0439453125
0.0145,-0.9609375,-2.9228515625,3.763671875
0.015,-0.1201171875,-3.4033203125,3.443359375
0.0155,0.720703125,-3.923828125,3.123046875
0.016,1.6416015625,-4.1640625,2.4423828125
0.0165,2.2421875,-4.2841796875,2.2421875
0.017,2.8828125,-4.3642578125,1.44140625
0.0175,3.123046875,-3.84375,0.720703125
0.018,3.6435546875,-3.7236328125,0.16015625
0.0185,3.84375,-2.8828125,-0.880859375
0.019,4.083984375,-2.3623046875,-1.6015625
0.0195,4.1240234375,-1.6416015625,-2.40234375
0.02,4.00390625,-1.0009765625,-2.9228515625
0.0205,3.5634765625,-0.16015625,-3.283203125
0.021,3.443359375,0.48046875,-3.84375
0.0215,2.642578125,1.5615234375,-4.1240234375
0.022,2.2421875,2.08203125,-4.32421875
0.0225,1.4013671875,2.8427734375,-4.2841796875
0.023,0.560546875,3.203125,-3.8037109375
0.0235,-0.16015625,3.7236328125,-3.5634765625
0.024,-1.1611328125,4.0439453125,-2.962890625
0.0245,-1.9619140625,4.2041015625,-2.322265625
0.025,-2.482421875,4.1640625,-1.8818359375
0.0255,-3.0029296875,4.083984375,-1.28125
0.026,-3.203125,3.5634765625,-0.5205078125
0.0265,-3.763671875,3.4833984375,0.0400390625
0.027,-3.8837890625,2.4423828125,1.2412109375
0.0275,-4.1240234375,2.0419921875,1.841796875
0.028,-4.0439453125,1.28125,2.5625
0.0285,-3.763671875,0.560546875,3.0029296875
0.029,-3.4033203125,-0.16015625,3.36328125
0.0295,-3.0830078125,-1.0009765625,3.84375
0.03,-2.322265625,-1.9619140625,4.083984375
0.0305,-1.841796875,-2.4423828125,4.1240234375
0.031,-1.041015625,-3.1630859375,4.083984375
0.0315,-0.1201171875,-3.443359375,3.5234375
0.032,0.560546875,-4.00390625,3.36328125
0.0325,1.6416015625,-4.244140625,2.5625
0.033,2.2822265625,-4.484375,2.162109375
0.0335,2.8427734375,-4.3642578125,1.5615234375
0.034,3.2431640625,-4.1640625,0.9609375
0.0345,3.4833984375,-3.603515625,0.2001953125
0.035,3.9638671875,-3.36328125,-0.48046875
0.0355,4.083984375,-2.3623046875,-1.6015625
0.036,4.2041015625,-2.001953125,-2.08203125
0.0365,4.1240234375,-1.1611328125,-2.8427734375
0.037,3.763671875,-0.48046875,-3.203125
0.0375,3.5234375,0.240234375,-3.7236328125
0.038,3.0029296875,1.1611328125,-4.083984375
0.0385,2.40234375,1.9619140625,-4.3642578125
0.039,1.8017578125,2.482421875,-4.2841796875
0.0395,1.041015625,3.123046875,-4.1640625
0.04,0.080078125,3.443359375,-3.5634765625
0.0405,-0.6005859375,3.9638671875,-3.4833984375
0.041,-1.681640625,4.1240234375,-2.5224609375
0.0415,-2.162109375,4.2841796875,-2.2421875
0.042,-2.72265625,4.1240234375,-1.5615234375
0.0425,-3.0830078125,3.84375,-0.9609375
0.043,-3.4033203125,3.443359375,-0.240234375
0.0435,-3.84375,3.04296875,0.6005859375
0.044,-4.00390625,2.162109375,1.5615234375
0.0445,-4.0439453125,1.76171875,2.08203125
0.045,-3.9638671875,0.9609375,2.802734375
0.0455,-3.5234375,0.2001953125,3.123046875
0.046,-3.36328125,-0.5205078125,3.6435546875
0.0465,-2.6025390625,-1.521484375,3.9638671875
0.047,-2.162109375,-2.2021484375,4.1640625
0.0475,-1.361328125,-2.72265625,3.9638671875
0.048,-0.640625,-3.2431640625,3.84375
0.0485,0.240234375,-3.603515625,3.283203125
0.049,1.0009765625,-4.2041015625,3.123046875
0.0495,2.0419921875,-4.32421875,2.2421875
0.05,2.4423828125,-4.3642578125,1.9619140625
0.0505,3.0029296875,-4.2041015625,1.28125
0.051,3.283203125,-3.8037109375,0.6005859375
0.0515,3.68359375,-3.4833984375,-0.080078125
0.052,3.9638671875,-2.7626953125,-1.041015625
0.0525,4.1240234375,-2.2021484375,-1.8017578125
0.053,4.083984375,-1.6015625,-2.322265625
0.0535,3.9638671875,-0.9208984375,-2.962890625
0.054,3.5234375,-0.080078125,-3.283203125
0.0545,3.36328125,0.6005859375,-3.8837890625
0.055,2.5625,1.6015625,-4.1240234375
0.0555,2.2021484375,2.162109375,-4.32421875
0.056,1.3212890625,2.6826171875,-4.0439453125
0.0565,0.6005859375,3.203125,-3.8037109375
0.057,-0.240234375,3.5634765625,-3.4033203125
0.0575,-1.041015625,3.9638671875,-3.0029296875
0.058,-1.921875,4.1240234375,-2.322265625
0.0585,-2.2822265625,4.083984375,-1.9619140625
0.059,-2.802734375,3.9638671875,-1.3212890625
0.0595,-3.0830078125,3.5234375,-0.640625
0.06,-3.5634765625,3.3232421875,0.0400390625
0.0605,-3.7236328125,2.40234375,1.0810546875
0.061,-3.9638671875,2.0419921875,1.7216796875
0.0615,-3.8037109375,1.3212890625,2.2421875
0.062,-3.68359375,0.720703125,2.7626953125
0.0625,-3.2431640625,-0.080078125,3.1630859375
0.063,-3.04296875,-0.80078125,3.68359375
0.0635,-2.2822265625,-1.76171875,3.8837890625
0.064,-1.8818359375,-2.2021484375,3.9638671875
0.0645,-1.041015625,-2.8427734375,3.8037109375
0.065,-0.2802734375,-3.283203125,3.443359375
0.0655,0.48046875,-3.8037109375,3.203125
0.066,1.4013671875,-4.0439453125,2.6025390625
0.0665,2.0419921875,-4.244140625,2.2021484375
0.067,2.40234375,-4.1240234375,1.7216796875
0.0675,2.9228515625,-4.0439453125,1.1611328125
0.068,3.203125,-3.5234375,0.3603515625
0.0685,3.7236328125,-3.283203125,-0.3203125
0.069,3.84375,-2.40234375,-1.361328125
0.0695,4.083984375,-2.08203125,-1.921875
0.07,3.84375,-1.28125,-2.5224609375
0.0705,3.763671875,-0.640625,-2.962890625
0.071,3.36328125,0.2001953125,-3.4833984375
0.0715,3.04296875,0.9609375,-3.923828125
0.072,2.4423828125,1.841796875,-4.2041015625
0.0725,1.841796875,2.2822265625,-4.083984375
0.073,1.0009765625,2.8828125,-3.9638671875
0.0735,0.1201171875,3.283203125,-3.5234375
0.074,-0.6005859375,3.84375,-3.283203125
0.0745,-1.5615234375,3.9638671875,-2.5224609375
0.075,-2.08203125,4.1640625,-2.2021484375
0.0755,-2.4423828125,3.84375,-1.5615234375
0.076,-2.962890625,3.8037109375,-1.0009765625
0.0765,-3.2431640625,3.2431640625,-0.16015625
0.077,-3.68359375,2.8828125,0.560546875
0.0775,-3.84375,2.0419921875,1.5615234375
0.078,-3.8837890625,1.6416015625,1.9619140625
0.0785,-3.68359375,0.880859375,2.5625
0.079,-3.36328125,0.2001953125,2.962890625
0.0795,-3.0830078125,-0.560546875,3.4833984375
0.08,-2.5224609375,-1.4013671875,3.763671875
0.0805,-2.0419921875,-2.08203125,3.9638671875
0.081,-1.28125,-2.5224609375,3.6435546875
0.0815,-0.640625,-3.1630859375,3.603515625
0.082,0.240234375,-3.4033203125,3.0830078125
0.0825,0.9609375,-3.8837890625,2.9228515625
0.083,1.841796875,-4.0439453125,2.2021484375
0.0835,2.2021484375,-4.1240234375,1.921875
0.084,2.5625,-3.84375,1.28125
0.0845,2.9228515625,-3.6435546875,0.7607421875
0.085,3.283203125,-3.203125,0.0
0.0855,3.5634765625,-2.72265625,-0.80078125
0.086,3.8037109375,-2.1220703125,-1.5615234375
0.0865,3.7236328125,-1.681640625,-1.921875
0.087,3.68359375,-1.041015625,-2.5625
0.0875,3.3232421875,-0.3203125,-2.9228515625
0.088,3.1630859375,0.3603515625,-3.4833984375
0.0885,2.6025390625,1.201171875,-3.7236328125
0.089,2.2822265625,1.6416015625,-3.923828125
0.0895,1.4814453125,2.162109375,-3.68359375
0.09,0.880859375,2.6826171875,-3.68359375
0.0905,0.0400390625,3.1630859375,-3.203125
0.091,-0.6005859375,3.5234375,-2.962890625
0.0915,-1.3212890625,3.763671875,-2.5224609375
0.092,-1.6416015625,3.8037109375,-2.2421875
0.0925,-2.162109375,3.68359375,-1.681640625
0.093,-2.5224609375,3.443359375,-1.0810546875
0.0935,-3.0830078125,3.203125,-0.3203125
0.094,-3.283203125,2.5625,0.5205078125
0.0945,-3.603515625,2.2822265625,1.12109375
0.095,-3.4833984375,1.681640625,1.5615234375
0.0955,-3.5634765625,1.1611328125,2.2021484375
0.096,-3.203125,0.2802734375,2.72265625
0.0965,-3.0830078125,-0.400390625,3.2431640625
0.097,-2.5224609375,-1.2412109375,3.5634765625
0.0975,-2.08203125,-1.7216796875,3.6435546875
0.098,-1.3212890625,-2.322265625,3.4833984375
0.0985,-0.640625,-2.8427734375,3.36328125
0.099,0.16015625,-3.4033203125,3.123046875
0.0995,0.9609375,-3.7236328125,2.6826171875
0.1,1.5615234375,-4.00390625,2.40234375
0.1005,1.921875,-3.84375,1.921875
0.101,2.482421875,-3.84375,1.4013671875
0.1015,2.802734375,-3.4033203125,0.640625
0.102,3.283203125,-3.1630859375,-0.0400390625
0.1025,3.4833984375,-2.4423828125,-0.9609375
0.103,3.7236328125,-2.162109375,-1.4814453125
0.1035,3.5234375,-1.44140625,-2.001953125
0.104,3.5634765625,-0.9208984375,-2.5625
0.1045,3.203125,0.0,-3.0830078125
0.105,2.9228515625,0.640625,-3.5634765625
0.1055,2.482421875,1.4013671875,-3.84375
0.106,1.8818359375,1.8017578125,-3.7236328125
0.1065,1.12109375,2.482421875,-3.603515625
0.107,0.3203125,2.9228515625,-3.283203125
0.1075,-0.3203125,3.36328125,-3.0830078125
0.108,-1.12109375,3.6435546875,-2.5625
0.1085,-1.6015625,3.8037109375,-2.2822265625
0.109,-1.9619140625,3.5634765625,-1.76171875
0.1095,-2.4423828125,3.5634765625,-1.28125
0.11,-2.802734375,3.0830078125,-0.400390625
0.1105,-3.2431640625,2.802734375,0.2802734375
0.111,-3.4833984375,2.162109375,1.12109375
0.1115,-3.5234375,1.8017578125,1.521484375
0.112,-3.36328125,1.12109375,2.0419921875
0.1125,-3.203125,0.5205078125,2.5224609375
0.113,-2.962890625,-0.3203125,3.04296875
0.1135,-2.5625,-1.041015625,3.36328125
0.114,-2.162109375,-1.681640625,3.603515625
0.1145,-1.44140625,-2.0419921875,3.36328125
0.115,-0.8408203125,-2.6826171875,3.4033203125
0.1155,0.0,-3.0830078125,3.04296875
0.116,0.640625,-3.5634765625,2.8427734375
0.1165,1.4013671875,-3.8037109375,2.3623046875
0.117,1.76171875,-3.8837890625,2.08203125
0.1175,2.162109375,-3.68359375,1.521484375
0.118,2.6025390625,-3.5634765625,1.0009765625
0.1185,3.0029296875,-3.0830078125,0.16015625
0.119,3.3232421875,-2.72265625,-0.5205078125
0.1195,3.603515625,-2.2421875,-1.28125
0.12,3.5234375,-1.76171875,-1.6416015625
0.1205,3.5634765625,-1.1611328125,-2.2822265625
0.121,3.283203125,-0.48046875,-2.802734375
0.1215,3.123046875,0.240234375,-3.36328125
0.122,2.6025390625,1.0009765625,-3.68359375
0.1225,2.2421875,1.5615234375,-3.8037109375
0.123,1.44140625,2.0419921875,-3.5634765625
0.1235,0.8408203125,2.6826171875,-3.5634765625
0.124,0.0,3.0830078125,-3.1630859375
0.1245,-0.640625,3.4833984375,-2.8828125
0.125,-1.3212890625,3.7236328125,-2.4423828125
0.1255,-1.681640625,3.6435546875,-2.08203125
0.126,-2.2021484375,3.603515625,-1.5615234375
0.1265,-2.6025390625,3.3232421875,-0.880859375
0.127,-3.0830078125,2.9228515625,-0.0400390625
0.1275,-3.36328125,2.4423828125,0.720703125
0.128,-3.5634765625,2.001953125,1.361328125
0.1285,-3.36328125,1.361328125,1.76171875
0.129,-3.4033203125,0.80078125,2.40234375
0.1295,-3.04296875,0.0,2.8427734375
0.13,-2.7626953125,-0.7607421875,3.283203125
0.1305,-2.2822265625,-1.44140625,3.5634765625
0.131,-1.7216796875,-1.9619140625,3.5234375
0.1315,-1.0009765625,-2.482421875,3.36328125
0.132,-0.2802734375,-3.04296875,3.203125
0.1325,0.48046875,-3.4033203125,2.8427734375
0.133,1.2412109375,-3.763671875,2.482421875
0.1335,1.841796875,-3.923828125,2.08203125
0.134,2.08203125,-3.68359375,1.5615234375
0.1345,2.6025390625,-3.7236328125,1.0810546875
0.135,2.9228515625,-3.1630859375,0.2802734375
0.1355,3.3232421875,-2.8427734375,-0.400390625
0.136,3.5234375,-2.2021484375,-1.2412109375
0.1365,3.6435546875,-1.841796875,-1.681640625
0.137,3.4033203125,-1.1611328125,-2.2021484375
0.1375,3.443359375,-0.640625,-2.72265625
0.138,3.0029296875,0.16015625,-3.203125
0.1385,2.72265625,0.880859375,-3.5634765625
0.139,2.2421875,1.5615234375,-3.8037109375
0.1395,1.5615234375,1.9619140625,-3.5634765625
0.14,0.9208984375,2.5625,-3.4833984375
0.1405,0.1201171875,3.0029296875,-3.203125
0.141,-0.5205078125,3.3232421875,-2.8828125
0.1415,-1.201171875,3.603515625,-2.482421875
0.142,-1.6416015625,3.7236328125,-2.162109375
0.1425,-1.9619140625,3.443359375,-1.6015625
0.143,-2.482421875,3.5234375,-1.1611328125
0.1435,-2.802734375,2.9228515625,-0.3203125
0.144,-3.203125,2.6826171875,0.3603515625
0.1445,-3.443359375,2.08203125,1.12109375
0.145,-3.4033203125,1.6416015625,1.4814453125
0.1455,-3.3232421875,1.0009765625,2.0419921875
0.146,-3.203125,0.3603515625,2.5625
0.1465,-2.8828125,-0.3603515625,3.0830078125
0.147,-2.5224609375,-1.041015625,3.443359375
0.1475,-2.0419921875,-1.6416015625,3.5634765625
0.148,-1.3212890625,-2.1220703125,3.3232421875
0.1485,-0.720703125,-2.7626953125,3.36328125
0.149,0.1201171875,-3.203125,2.962890625
0.1495,0.7607421875,-3.603515625,2.72265625
0.15,1.4814453125,-3.84375,2.2822265625
0.1505,1.841796875,-3.84375,2.001953125
0.151,2.2421875,-3.6435546875,1.4013671875
0.1515,2.6826171875,-3.5234375,0.880859375
0.152,3.0830078125,-2.9228515625,0.0
0.1525,3.4033203125,-2.642578125,-0.6806640625
0.153,3.6435546875,-2.1220703125,-1.44140625
0.1535,3.4833984375,-1.6015625,-1.8017578125
0.154,3.5234375,-1.0009765625,-2.482421875
0.1545,3.203125,-0.2001953125,-2.9228515625
0.155,2.9228515625,0.560546875,-3.4033203125
0.1555,2.482421875,1.2412109375,-3.68359375
0.156,1.9619140625,1.76171875,-3.7236328125
0.1565,1.201171875,2.2421875,-3.4033203125
0.157,0.6005859375,2.8427734375,-3.4033203125
0.1575,-0.2802734375,3.1630859375,-2.9228515625
0.158,-0.8408203125,3.5234375,-2.72265625
0.1585,-1.521484375,3.68359375,-2.2822265625
0.159,-1.8017578125,3.5234375,-1.841796875
0.1595,-2.2822265625,3.5234375,-1.3212890625
0.16,-2.6826171875,3.1630859375,-0.6005859375
0.1605,-3.0830078125,2.6826171875,0.16015625
0.161,-3.36328125,2.2421875,0.880859375
0.1615,-3.4833984375,1.76171875,1.44140625
0.162,-3.2431640625,1.12109375,1.841796875
0.1625,-3.3232421875,0.640625,2.482421875
0.163,-2.8828125,-0.2001953125,2.8828125
0.1635,-2.642578125,-0.8408203125,3.3232421875
0.164,-2.08203125,-1.5615234375,3.5234375
0.1645,-1.521484375,-1.9619140625,3.36328125
0.165,-0.80078125,-2.5224609375,3.2431640625
0.1655,-0.1201171875,-3.0830078125,3.123046875
0.166,0.640625,-3.4033203125,2.6826171875
0.1665,1.28125,-3.7236328125,2.40234375
0.167,1.841796875,-3.8837890625,2.0419921875
0.1675,2.08203125,-3.5634765625,1.521484375
0.168,2.642578125,-3.603515625,1.041015625
0.1685,2.9228515625,-3.0830078125,0.16015625
0.169,3.3232421875,-2.8427734375,-0.5205078125
0.1695,3.5234375,-2.2021484375,-1.28125
0.17,3.5634765625,-1.841796875,-1.76171875
0.1705,3.36328125,-1.041015625,-2.2421875
0.171,3.4033203125,-0.5205078125,-2.8427734375
0.1715,2.962890625,0.3603515625,-3.2431640625
0.172,2.6826171875,1.0009765625,-3.6435546875
0.1725,2.162109375,1.681640625,-3.8037109375
0.173,1.4013671875,2.1220703125,-3.5634765625
0.1735,0.7607421875,2.72265625,-3.5234375
0.174,-0.080078125,3.1630859375,-3.0830078125
0.1745,-0.80078125,3.5234375,-2.7626953125
0.175,-1.361328125,3.7236328125,-2.4423828125
0.1755,-1.8818359375,3.763671875,-2.001953125
0.176,-2.2021484375,3.4833984375,-1.4013671875
0.1765,-2.7626953125,3.4833984375,-0.8408203125
0.177,-3.0830078125,2.72265625,0.1201171875
0.1775,-3.4833984375,2.482421875,0.7607421875
0.178,-3.603515625,1.76171875,1.5615234375
0.1785,-3.4833984375,1.28125,1.9619140625
0.179,-3.3232421875,0.6005859375,2.5224609375
0.1795,-3.0830078125,-0.080078125,3.0029296875
0.18,-2.6025390625,-0.9208984375,3.4033203125
0.1805,-2.2421875,-1.6015625,3.6435546875
0.181,-1.6015625,-2.2021484375,3.68359375
0.1815,-0.80078125,-2.6025390625,3.283203125
0.182,-0.16015625,-3.2431640625,3.3232421875
0.1825,0.80078125,-3.5634765625,2.6826171875
0.183,1.4013671875,-3.8837890625,2.40234375
0.1835,2.001953125,-3.923828125,1.921875
0.184,2.40234375,-3.84375,1.44140625
0.1845,2.72265625,-3.5234375,0.80078125
0.185,3.1630859375,-3.3232421875,0.16015625
0.1855,3.36328125,-2.5625,-0.720703125
0.186,3.6435546875,-2.2822265625,-1.361328125
0.1865,3.7236328125,-1.6015625,-2.0419921875
0.187,3.443359375,-1.0009765625,-2.40234375
0.1875,3.4033203125,-0.3603515625,-2.962890625
0.188,2.962890625,0.48046875,-3.36328125
0.1885,2.6025390625,1.1611328125,-3.7236328125
0.189,2.0419921875,1.76171875,-3.84375
0.1895,1.44140625,2.2822265625,-3.7236328125
0.19,0.640625,2.6826171875,-3.36328125
0.1905,0.0,3.283203125,-3.3232421875
0.191,-0.880859375,3.4833984375,-2.642578125
0.1915,-1.361328125,3.8037109375,-2.4423828125
0.192,-1.9619140625,3.8037109375,-1.9619140625
0.1925,-2.2421875,3.5234375,-1.44140625
0.193,-2.72265625,3.4033203125,-0.8408203125
0.1935,-3.0830078125,2.9228515625,-0.0400390625
0.194,-3.36328125,2.40234375,0.6806640625
0.1945,-3.5634765625,2.001953125,1.3212890625
0.195,-3.5634765625,1.44140625,1.921875
0.1955,-3.2431640625,0.7607421875,2.2822265625
0.196,-3.283203125,0.1201171875,2.9228515625
0.1965,-2.72265625,-0.720703125,3.2431640625
0.197,-2.4423828125,-1.3212890625,3.603515625
0.1975,-1.8017578125,-1.9619140625,3.6435546875
0.198,-1.1611328125,-2.4423828125,3.443359375
0.1985,-0.3603515625,-2.9228515625,3.2431640625
0.199,0.3203125,-3.443359375,3.04296875
0.1995,1.201171875,-3.7236328125,2.482421875
0.2,1.6416015625,-3.8837890625,2.2421875
0.2005,2.162109375,-3.8837890625,1.76171875
0.201,2.40234375,-3.603515625,1.1611328125
0.2015,3.0029296875,-3.5634765625,0.6005859375
0.202,3.203125,-2.8828125,-0.3203125
0.2025,3.5634765625,-2.5224609375,-0.9609375
0.203,3.6435546875,-1.9619140625,-1.6416015625
0.2035,3.6435546875,-1.44140625,-2.08203125
0.204,3.3232421875,-0.720703125,-2.5625
0.2045,3.3232421875,-0.080078125,-3.1630859375
0.205,2.7626953125,0.80078125,-3.4833984375
0.2055,2.5224609375,1.361328125,-3.8037109375
0.206,1.8017578125,2.001953125,-3.8037109375
0.2065,1.0810546875,2.40234375,-3.5634765625
0.207,0.3603515625,3.0029296875,-3.4033203125
0.2075,-0.4404296875,3.36328125,-2.962890625
0.208,-1.1611328125,3.68359375,-2.6025390625
0.2085,-1.6015625,3.763671875,-2.2421875
0.209,-2.1220703125,3.763671875,-1.8017578125
0.2095,-2.4423828125,3.36328125,-1.1611328125
0.21,-3.0830078125,3.3232421875,-0.5205078125
0.2105,-3.2431640625,2.5625,0.48046875
0.211,-3.603515625,2.322265625,1.0810546875
0.2115,-3.603515625,1.6416015625,1.76171875
0.212,-3.4833984375,1.0810546875,2.2021484375
0.2125,-3.283203125,0.2802734375,2.7626953125
0.213,-3.0029296875,-0.400390625,3.2431640625
0.2135,-2.5224609375,-1.28125,3.603515625
0.214,-2.001953125,-1.8017578125,3.7236328125
0.2145,-1.3212890625,-2.4423828125,3.68359375
0.215,-0.5205078125,-2.8828125,3.3232421875
0.2155,0.16015625,-3.5234375,3.2431640625
0.216,1.1611328125,-3.763671875,2.5224609375
0.2165,1.76171875,-4.0439453125,2.2822265625
0.217,2.2421875,-4.00390625,1.76171875
0.2175,2.642578125,-3.8837890625,1.2412109375
0.218,2.9228515625,-3.4833984375,0.5205078125
0.2185,3.443359375,-3.203125,-0.16015625
0.219,3.603515625,-2.322265625,-1.1611328125
0.2195,3.84375,-2.0419921875,-1.681640625
0.22,3.763671875,-1.3212890625,-2.322265625
0.2205,3.4833984375,-0.6806640625,-2.72265625
0.221,3.3232421875,0.0,-3.2431640625
0.2215,2.802734375,0.880859375,-3.6435546875
0.222,2.40234375,1.6015625,-3.9638671875
0.2225,1.76171875,2.08203125,-3.8837890625
0.223,1.0810546875,2.6826171875,-3.8037109375
0.2235,0.240234375,3.04296875,-3.3232421875
0.224,-0.400390625,3.6435546875,-3.203125
0.2245,-1.44140625,3.8037109375,-2.4423828125
0.225,-1.8818359375,3.9638671875,-2.2421875
0.2255,-2.40234375,3.8037109375,-1.6015625
0.226,-2.7626953125,3.5634765625,-1.0810546875
0.2265,-3.1630859375,3.3232421875,-0.3203125
0.227,-3.5634765625,2.802734375,0.560546875
0.2275,-3.8037109375,2.1220703125,1.44140625
0.228,-3.84375,1.6416015625,1.921875
0.2285,-3.7236328125,0.9609375,2.6025390625
0.229,-3.36328125,0.2001953125,2.962890625
0.2295,-3.203125,-0.5205078125,3.5234375
0.23,-2.4423828125,-1.521484375,3.84375
0.2305,-2.0419921875,-2.162109375,4.0439453125
0.231,-1.2412109375,-2.72265625,3.84375
0.2315,-0.48046875,-3.283203125,3.68359375
0.232,0.3603515625,-3.6435546875,3.1630859375
0.2325,1.201171875,-4.1240234375,2.8828125
0.233,2.2421875,-4.3642578125,2.0419921875
0.2335,2.5625,-4.32421875,1.681640625
0.234,3.123046875,-4.1640625,1.0009765625
0.2345,3.443359375,-3.7236328125,0.3203125
0.235,3.8037109375,-3.283203125,-0.400390625
0.2355,4.00390625,-2.5224609375,-1.4013671875
0.236,4.2041015625,-1.8818359375,-2.2421875
0.2365,3.9638671875,-1.201171875,-2.6826171875
0.237,3.8837890625,-0.48046875,-3.283203125
0.2375,3.36328125,0.2802734375,-3.5634765625
0.238,3.123046875,1.041015625,-4.083984375
0.2385,2.2822265625,2.08203125,-4.3642578125
0.239,1.76171875,2.6025390625,-4.3642578125
0.2395,0.8408203125,3.1630859375,-4.00390625
0.24,0.080078125,3.603515625,-3.7236328125
0.2405,-0.80078125,3.8837890625,-3.203125
0.241,-1.6416015625,4.1640625,-2.642578125
0.2415,-2.5224609375,4.32421875,-1.9619140625
0.242,-2.8427734375,4.00390625,-1.44140625
0.2425,-3.3232421875,3.8837890625,-0.80078125
0.243,-3.5634765625,3.36328125,-0.0400390625
0.2435,-3.8837890625,3.0029296875,0.6806640625
0.244,-4.0439453125,2.0419921875,1.76171875
0.2445,-4.1640625,1.521484375,2.40234375
0.245,-3.8037109375,0.7607421875,2.8427734375
0.2455,-3.68359375,0.1201171875,3.36328125
0.246,-3.123046875,-0.720703125,3.6435546875
0.2465,-2.72265625,-1.4814453125,4.0439453125
0.247,-1.9619140625,-2.4423828125,4.2841796875
0.2475,-1.3212890625,-2.8828125,4.083984375
0.248,-0.48046875,-3.4033203125,3.8037109375
0.2485,0.3203125,-3.8037109375,3.4033203125
0.249,1.12109375,-4.2041015625,3.0029296875
0.2495,2.0419921875,-4.404296875,2.322265625
0.25,2.802734375,-4.564453125,1.7216796875
0.2505,3.0029296875,-4.1240234375,1.12109375
0.251,3.5234375,-4.0439453125,0.560546875
0.2515,3.7236328125,-3.36328125,-0.2802734375
0.252,4.083984375,-2.962890625,-1.0009765625
0.2525,4.1640625,-2.0419921875,-2.001953125
0.253,4.2041015625,-1.5615234375,-2.5625
0.2535,3.84375,-0.720703125,-3.0830078125
0.254,3.7236328125,-0.080078125,-3.5234375
0.2545,3.203125,0.7607421875,-3.8837890625
0.255,2.72265625,1.521484375,-4.2041015625
0.2555,2.08203125,2.40234375,-4.484375
0.256,1.3212890625,2.7626953125,-4.083984375
0.2565,0.5205078125,3.4033203125,-3.923828125
0.257,-0.3203125,3.68359375,-3.4033203125
0.2575,-1.041015625,4.0439453125,-3.0830078125
0.258,-1.9619140625,4.1640625,-2.3623046875
0.2585,-2.5625,4.2841796875,-1.841796875
0.259,-2.8427734375,3.84375,-1.1611328125
0.2595,-3.36328125,3.8037109375,-0.640625
0.26,-3.5634765625,3.123046875,0.240234375
0.2605,-3.923828125,2.6826171875,1.0009765625
0.261,-4.083984375,1.841796875,2.001953125
0.2615,-3.9638671875,1.28125,2.4423828125
0.262,-3.7236328125,0.48046875,2.962890625
0.2625,-3.4033203125,-0.16015625,3.4033203125
0.263,-2.962890625,-1.0009765625,3.8037109375
0.2635,-2.40234375,-1.8017578125,4.0439453125
0.264,-1.8017578125,-2.6025390625,4.2041015625
0.2645,-0.9208984375,-2.9228515625,3.763671875
0.265,-0.2001953125,-3.603515625,3.7236328125
0.2655,0.6806640625,-3.8837890625,3.123046875
0.266,1.4013671875,-4.2841796875,2.72265625
0.2665,2.3623046875,-4.3642578125,2.0419921875
0.267,2.802734375,-4.32421875,1.5615234375
0.2675,3.123046875,-3.923828125,0.880859375
0.268,3.5634765625,-3.7236328125,0.2802734375
0.2685,3.8037109375,-3.0830078125,-0.640625
0.269,4.083984375,-2.5625,-1.4013671875
0.2695,4.2041015625,-1.76171875,-2.2822265625
0.27,3.923828125,-1.1611328125,-2.642578125
0.2705,3.8037109375,-0.400390625,-3.283203125
0.271,3.36328125,0.3203125,-3.6435546875
0.2715,3.0029296875,1.12109375,-4.0439453125
0.272,2.3623046875,1.9619140625,-4.244140625
0.2725,1.76171875,2.5625,-4.32421875
0.273,0.880859375,2.9228515625,-3.8037109375
0.2735,0.16015625,3.5234375,-3.7236328125
0.274,-0.80078125,3.763671875,-3.123046875
0.2745,-1.44140625,4.083984375,-2.72265625
0.275,-2.2822265625,4.2041015625,-2.0419921875
0.2755,-2.642578125,3.9638671875,-1.521484375
0.276,-3.0830078125,3.763671875,-0.880859375
0.2765,-3.4033203125,3.4033203125,-0.2001953125
0.277,-3.7236328125,2.802734375,0.640625
0.2775,-3.8837890625,2.2421875,1.44140625
0.278,-4.0439453125,1.5615234375,2.2421875
0.2785,-3.603515625,0.880859375,2.5625
0.279,-3.603515625,0.2802734375,3.1630859375
0.2795,-3.0830078125,-0.6005859375,3.4833984375
0.28,-2.72265625,-1.3212890625,3.8837890625
0.2805,-2.08203125,-2.162109375,4.083984375
0.281,-1.4013671875,-2.6826171875,3.923828125
0.2815,-0.5205078125,-3.1630859375,3.5634765625
0.282,0.16015625,-3.7236328125,3.4033203125
0.2825,1.0810546875,-3.9638671875,2.8427734375
0.283,1.76171875,-4.244140625,2.482421875
0.2835,2.5224609375,-4.3642578125,1.8818359375
0.284,2.802734375,-4.00390625,1.28125
0.2845,3.3232421875,-3.923828125,0.640625
0.285,3.5634765625,-3.3232421875,-0.16015625
0.2855,3.8837890625,-2.8427734375,-1.0009765625
0.286,4.0439453125,-2.1220703125,-1.8017578125
0.2865,4.1240234375,-1.5615234375,-2.4423828125
0.287,3.68359375,-0.7607421875,-2.8427734375
0.2875,3.68359375,-0.16015625,-3.443359375
0.288,3.0830078125,0.7607421875,-3.763671875
0.2885,2.72265625,1.44140625,-4.1240234375
0.289,2.0419921875,2.2421875,-4.32421875
0.2895,1.28125,2.6826171875,-3.9638671875
0.29,0.4404296875,3.203125,-3.763671875
0.2905,-0.3603515625,3.68359375,-3.36328125
0.291,-1.2412109375,3.923828125,-2.7626953125
0.2915,-1.841796875,4.1240234375,-2.40234375
0.292,-2.482421875,4.1240234375,-1.8017578125
0.2925,-2.72265625,3.68359375,-1.1611328125
0.293,-3.2431640625,3.68359375,-0.6005859375
0.2935,-3.4833984375,2.9228515625,0.3203125
0.294,-3.8037109375,2.5224609375,1.0810546875
0.2945,-3.8837890625,1.76171875,1.921875
0.295,-3.8037109375,1.2412109375,2.40234375
0.2955,-3.4033203125,0.4404296875,2.802734375
0.296,-3.3232421875,-0.16015625,3.283203125
0.2965,-2.72265625,-1.0810546875,3.603515625
0.297,-2.2822265625,-1.7216796875,3.84375
0.2975,-1.681640625,-2.4423828125,3.8837890625
0.298,-0.880859375,-2.802734375,3.4833984375
0.2985,-0.16015625,-3.36328125,3.4833984375
0.299,0.6806640625,-3.68359375,2.9228515625
0.2995,1.4013671875,-4.00390625,2.5625
0.3,2.001953125,-4.083984375,2.08203125
0.3005,2.482421875,-4.083984375,1.6015625
0.301,2.72265625,-3.6435546875,0.9609375
0.3015,3.2431640625,-3.603515625,0.48046875
0.302,3.443359375,-2.8427734375,-0.5205078125
0.3025,3.763671875,-2.5625,-1.12109375
0.303,3.84375,-1.841796875,-1.921875
0.3035,3.68359375,-1.3212890625,-2.2822265625
0.304,3.5634765625,-0.640625,-2.8427734375
0.3045,3.3232421875,0.0400390625,-3.283203125
0.305,2.8828125,0.8408203125,-3.7236328125
0.3055,2.482421875,1.44140625,-3.9638671875
0.306,1.8818359375,2.0419921875,-4.00390625
0.3065,1.0810546875,2.5224609375,-3.5634765625
0.307,0.400390625,3.1630859375,-3.603515625
0.3075,-0.5205078125,3.443359375,-3.0029296875
0.308,-1.0810546875,3.8037109375,-2.802734375
0.3085,-1.76171875,3.8837890625,-2.2822265625
0.309,-2.08203125,3.8037109375,-1.841796875
0.3095,-2.5625,3.5634765625,-1.2412109375
0.31,-3.04296875,3.4033203125,-0.5205078125
0.3105,-3.283203125,2.72265625,0.3603515625
0.311,-3.603515625,2.40234375,1.0009765625
0.3115,-3.7236328125,1.76171875,1.76171875
0.312,-3.443359375,1.12109375,2.1220703125
0.3125,-3.4833984375,0.48046875,2.802734375
0.313,-3.04296875,-0.3603515625,3.1630859375
0.3135,-2.6826171875,-1.12109375,3.5634765625
0.314,-2.1220703125,-1.8017578125,3.7236328125
0.3145,-1.4814453125,-2.2822265625,3.68359375
0.315,-0.640625,-2.7626953125,3.3232421875
0.3155,0.0,-3.4033203125,3.3232421875
0.316,0.9609375,-3.6435546875,2.6826171875
0.3165,1.44140625,-3.9638671875,2.482421875
0.317,2.08203125,-4.0439453125,1.921875
0.3175,2.3623046875,-3.763671875,1.4013671875
0.318,2.8828125,-3.603515625,0.80078125
0.3185,3.203125,-3.1630859375,0.0
0.319,3.5234375,-2.6025390625,-0.80078125
0.3195,3.68359375,-2.162109375,-1.44140625
0.32,3.763671875,-1.6015625,-2.001953125
0.3205,3.443359375,-0.9208984375,-2.40234375
0.321,3.5234375,-0.3603515625,-3.0830078125
0.3215,2.8828125,0.5205078125,-3.36328125
0.322,2.642578125,1.12109375,-3.84375
0.3225,2.0419921875,1.841796875,-3.84375
0.323,1.361328125,2.2421875,-3.603515625
0.3235,0.6005859375,2.802734375,-3.4033203125
0.324,-0.080078125,3.2431640625,-3.203125
0.3245,-0.880859375,3.5234375,-2.6826171875
0.325,-1.361328125,3.763671875,-2.482421875
0.3255,-1.921875,3.8037109375,-2.001953125
0.326,-2.162109375,3.4833984375,-1.4013671875
0.3265,-2.7626953125,3.5234375,-0.880859375
0.327,-3.04296875,2.802734375,0.0
0.3275,-3.4033203125,2.5625,0.6806640625
0.328,-3.5634765625,1.921875,1.361328125
0.3285,-3.5234375,1.44140625,1.8017578125
0.329,-3.2431640625,0.720703125,2.2822265625
0.3295,-3.203125,0.1201171875,2.8828125
0.33,-2.72265625,-0.7607421875,3.203125
0.3305,-2.4423828125,-1.28125,3.5234375
0.331,-1.8017578125,-1.9619140625,3.603515625
0.3315,-1.0810546875,-2.3623046875,3.3232421875
0.332,-0.400390625,-3.0029296875,3.3232421875
0.3325,0.4404296875,-3.4033203125,2.8828125
0.333,1.0810546875,-3.7236328125,2.6025390625
0.3335,1.6015625,-3.8837890625,2.2421875
0.334,2.0419921875,-3.84375,1.841796875
0.3345,2.40234375,-3.5634765625,1.201171875
0.335,2.962890625,-3.4833984375,0.6005859375
0.3355,3.1630859375,-2.7626953125,-0.3203125
0.336,3.5634765625,-2.5625,-0.9208984375
0.3365,3.6435546875,-1.8818359375,-1.6416015625
0.337,3.5234375,-1.44140625,-2.08203125
0.3375,3.443359375,-0.6806640625,-2.6826171875
0.338,3.1630859375,0.0,-3.203125
0.3385,2.802734375,0.880859375,-3.5634765625
0.339,2.40234375,1.4013671875,-3.8037109375
0.3395,1.76171875,2.0419921875,-3.763671875
0.34,0.9208984375,2.482421875,-3.4033203125
0.3405,0.3203125,3.123046875,-3.443359375
0.341,-0.640625,3.3232421875,-2.7626953125
0.3415,-1.1611328125,3.68359375,-2.6025390625
0.342,-1.681640625,3.7236328125,-2.1220703125
0.3425,-2.08203125,3.6435546875,-1.681640625
0.343,-2.482421875,3.4033203125,-1.0009765625
0.3435,-2.962890625,3.1630859375,-0.3203125
0.344,-3.2431640625,2.482421875,0.6005859375
0.3445,-3.5634765625,2.162109375,1.12109375
0.345,-3.5634765625,1.521484375,1.76171875
0.3455,-3.283203125,0.880859375,2.162109375
0.346,-3.283203125,0.2001953125,2.802734375
0.3465,-2.7626953125,-0.6005859375,3.1630859375
0.347,-2.482421875,-1.2412109375,3.5634765625
0.3475,-1.8818359375,-1.8017578125,3.5634765625
0.348,-1.2412109375,-2.3623046875,3.4833984375
0.3485,-0.4404296875,-2.802734375,3.1630859375
0.349,0.240234375,-3.4033203125,3.123046875
0.3495,1.12109375,-3.603515625,2.4423828125
0.35,1.5615234375,-3.8837890625,2.2822265625
0.3505,2.08203125,-3.84375,1.76171875
0.351,2.40234375,-3.603515625,1.2412109375
0.3515,2.8828125,-3.443359375,0.6005859375
0.352,3.1630859375,-2.8828125,-0.16015625
0.3525,3.4833984375,-2.4423828125,-0.9208984375
0.353,3.5634765625,-2.0419921875,-1.4814453125
0.3535,3.6435546875,-1.4814453125,-2.08203125
0.354,3.283203125,-0.8408203125,-2.482421875
0.3545,3.3232421875,-0.16015625,-3.0830078125
0.355,2.72265625,0.720703125,-3.36328125
0.3555,2.5224609375,1.28125,-3.7236328125
0.356,1.841796875,1.841796875,-3.68359375
0.3565,1.201171875,2.322265625,-3.5234375
0.357,0.4404296875,2.802734375,-3.283203125
0.3575,-0.240234375,3.2431640625,-3.04296875
0.358,-1.0009765625,3.5234375,-2.5625
0.3585,-1.4013671875,3.68359375,-2.3623046875
0.359,-1.921875,3.68359375,-1.8818359375
0.3595,-2.2021484375,3.36328125,-1.3212890625
0.36,-2.802734375,3.3232421875,-0.720703125
0.3605,-3.04296875,2.642578125,0.2001953125
0.361,-3.4033203125,2.40234375,0.7607421875
0.3615,-3.443359375,1.8017578125,1.4013671875
0.362,-3.4033203125,1.28125,1.841796875
0.3625,-3.203125,0.6005859375,2.3623046875
0.363,-3.0830078125,-0.0400390625,2.9228515625
0.3635,-2.5625,-0.880859375,3.3232421875
0.364,-2.2822265625,-1.4013671875,3.5234375
0.3645,-1.6015625,-2.0419921875,3.5234375
0.365,-0.880859375,-2.5224609375,3.283203125
0.3655,-0.2001953125,-3.1630859375,3.203125
0.366,0.640625,-3.443359375,2.72265625
0.3665,1.28125,-3.8037109375,2.482421875
0.367,1.7216796875,-3.8037109375,2.08203125
0.3675,2.162109375,-3.8037109375,1.6416015625
0.368,2.5224609375,-3.4033203125,0.9609375
0.3685,3.04296875,-3.3232421875,0.3203125
0.369,3.2431640625,-2.6025390625,-0.640625
0.3695,3.603515625,-2.40234375,-1.1611328125
0.37,3.5234375,-1.7216796875,-1.8017578125
0.3705,3.4833984375,-1.1611328125,-2.2021484375
0.371,3.283203125,-0.4404296875,-2.8427734375
0.3715,3.04296875,0.3203125,-3.2431640625
0.372,2.6025390625,1.0810546875,-3.603515625
0.3725,2.162109375,1.5615234375,-3.68359375
0.373,1.4814453125,2.162109375,-3.603515625
0.3735,0.6806640625,2.5625,-3.283203125
0.374,0.0400390625,3.1630859375,-3.2431640625
0.3745,-0.80078125,3.36328125,-2.642578125
0.375,-1.28125,3.68359375,-2.4423828125
0.3755,-1.7216796875,3.603515625,-1.9619140625
0.376,-2.1220703125,3.5234375,-1.5615234375
0.3765,-2.5625,3.2431640625,-0.8408203125
0.377,-2.962890625,2.9228515625,-0.080078125
0.3775,-3.203125,2.2822265625,0.6806640625
0.378,-3.4833984375,1.9619140625,1.201171875
0.3785,-3.36328125,1.4013671875,1.841796875
0.379,-3.203125,0.80078125,2.2021484375
0.3795,-3.1630859375,0.1201171875,2.8427734375
0.38,-2.642578125,-0.6806640625,3.1630859375
0.3805,-2.40234375,-1.28125,3.5234375
0.381,-1.7216796875,-1.8017578125,3.443359375
0.3815,-1.1611328125,-2.3623046875,3.4033203125
0.382,-0.3203125,-2.8427734375,3.0830078125
0.3825,0.3203125,-3.4033203125,3.0029296875
0.383,1.201171875,-3.603515625,2.40234375
0.3835,1.5615234375,-3.84375,2.2421875
0.384,2.0419921875,-3.8037109375,1.76171875
0.3845,2.40234375,-3.5634765625,1.2412109375
0.385,2.8828125,-3.36328125,0.48046875
0.3855,3.203125,-2.8427734375,-0.3203125
0.386,3.5234375,-2.4423828125,-1.041015625
0.3865,3.5234375,-1.921875,-1.5615234375
0.387,3.5634765625,-1.361328125,-2.08203125
0.3875,3.3232421875,-0.640625,-2.5625
0.388,3.2431640625,0.0,-3.203125
0.3885,2.6826171875,0.880859375,-3.5234375
0.389,2.40234375,1.4013671875,-3.8037109375
0.3895,1.6416015625,1.9619140625,-3.603515625
0.39,1.0009765625,2.5224609375,-3.5234375
0.3905,0.240234375,3.0029296875,-3.2431640625
0.391,-0.5205078125,3.4033203125,-2.9228515625
0.3915,-1.28125,3.68359375,-2.482421875
0.392,-1.6015625,3.68359375,-2.162109375
0.3925,-2.162109375,3.68359375,-1.6416015625
0.393,-2.482421875,3.3232421875,-1.0009765625
0.3935,-3.0830078125,3.1630859375,-0.3203125
0.394,-3.2431640625,2.40234375,0.6005859375
0.3945,-3.5634765625,2.1220703125,1.2412109375
0.395,-3.443359375,1.4814453125,1.76171875
0.3955,-3.4033203125,0.9609375,2.2421875
0.396,-3.0830078125,0.16015625,2.72265625
0.3965,-2.8828125,-0.5205078125,3.2431640625
0.397,-2.322265625,-1.361328125,3.5234375
0.3975,-1.8818359375,-1.841796875,3.603515625
0.398,-1.1611328125,-2.4423828125,3.4833984375
0.3985,-0.3603515625,-2.8828125,3.1630859375
0.399,0.2802734375,-3.4033203125,3.04296875
0.3995,1.201171875,-3.68359375,2.482421875
0.4,1.76171875,-3.923828125,2.162109375
0.4005,2.08203125,-3.763671875,1.6416015625
0.401,2.5625,-3.8037109375,1.201171875
0.4015,2.8427734375,-3.283203125,0.48046875
0.402,3.3232421875,-3.0830078125,-0.240234375
0.4025,3.4833984375,-2.2822265625,-1.12109375
0.403,3.68359375,-1.9619140625,-1.6015625
0.4035,3.5234375,-1.28125,-2.162109375
0.404,3.4033203125,-0.720703125,-2.6025390625
0.4045,3.1630859375,0.0,-3.0830078125
0.405,2.802734375,0.7607421875,-3.5234375
0.4055,2.40234375,1.44140625,-3.8037109375
0.406,1.76171875,1.921875,-3.68359375
0.4065,1.12109375,2.5224609375,-3.603515625
0.407,0.2802734375,2.8828125,-3.203125
0.4075,-0.3203125,3.36328125,-3.0830078125
0.408,-1.1611328125,3.5634765625,-2.482421875
0.4085,-1.6416015625,3.763671875,-2.2421875
0.409,-2.001953125,3.5634765625,-1.681640625
0.4095,-2.4423828125,3.5234375,-1.28125
0.41,-2.8427734375,3.123046875,-0.5205078125
0.4105,-3.203125,2.7626953125,0.240234375
0.411,-3.4833984375,2.162109375,1.0810546875
0.4115,-3.5634765625,1.76171875,1.5615234375
0.412,-3.443359375,1.12109375,2.1220703125
0.4125,-3.203125,0.48046875,2.5224609375
0.413,-3.04296875,-0.240234375,3.123046875
0.4135,-2.5224609375,-1.0009765625,3.4033203125
0.414,-2.162109375,-1.6416015625,3.6435546875
0.4145,-1.44140625,-2.08203125,3.443359375
0.415,-0.80078125,-2.72265625,3.443359375
0.4155,0.0,-3.123046875,3.04296875
0.416,0.6806640625,-3.5634765625,2.8427734375
0.4165,1.521484375,-3.8037109375,2.2822265625
0.417,1.841796875,-3.8837890625,1.9619140625
0.4175,2.2822265625,-3.763671875,1.4013671875
0.418,2.6025390625,-3.5634765625,0.880859375
0.4185,3.0830078125,-3.1630859375,0.1201171875
0.419,3.3232421875,-2.6025390625,-0.640625
0.4195,3.6435546875,-2.2021484375,-1.3212890625
0.42,3.5234375,-1.6416015625,-1.76171875
0.4205,3.5234375,-1.12109375,-2.322265625
0.421,3.203125,-0.3603515625,-2.802734375
0.4215,3.0830078125,0.3203125,-3.36328125
0.422,2.5625,1.12109375,-3.6435546875
0.4225,2.162109375,1.6015625,-3.8037109375
0.423,1.4013671875,2.162109375,-3.5234375
0.4235,0.7607421875,2.6826171875,-3.4833984375
0.424,0.0,3.123046875,-3.123046875
0.4245,-0.6806640625,3.4833984375,-2.802734375
0.425,-1.44140625,3.7236328125,-2.40234375
0.4255,-1.7216796875,3.603515625,-2.001953125
0.426,-2.2822265625,3.603515625,-1.5615234375
0.4265,-2.6025390625,3.283203125,-0.8408203125
0.427,-3.123046875,3.04296875,-0.080078125
0.4275,-3.36328125,2.40234375,0.7607421875
0.428,-3.603515625,2.001953125,1.361328125
0.4285,-3.36328125,1.3212890625,1.841796875
0.429,-3.443359375,0.80078125,2.40234375
0.4295,-3.0830078125,0.0,2.8828125
0.43,-2.802734375,-0.720703125,3.36328125
0.4305,-2.2822265625,-1.521484375,3.6435546875
0.431,-1.7216796875,-1.9619140625,3.5634765625
0.4315,-1.0009765625,-2.6025390625,3.443359375
0.432,-0.2001953125,-3.0830078125,3.203125
0.4325,0.560546875,-3.5634765625,2.9228515625
0.433,1.3212890625,-3.84375,2.4423828125
0.4335,1.9619140625,-4.083984375,2.0419921875
0.434,2.2421875,-3.8037109375,1.4814453125
0.4345,2.802734375,-3.763671875,1.041015625
0.435,3.04296875,-3.203125,0.2001953125
0.4355,3.4833984375,-2.8828125,-0.5205078125
0.436,3.68359375,-2.2021484375,-1.361328125
0.4365,3.763671875,-1.76171875,-1.9619140625
0.437,3.5234375,-1.0009765625,-2.4423828125
0.4375,3.4833984375,-0.4404296875,-2.9228515625
0.438,3.04296875,0.3603515625,-3.36328125
0.4385,2.6826171875,1.12109375,-3.7236328125
0.439,2.162109375,1.8818359375,-4.00390625
0.4395,1.4013671875,2.2421875,-3.7236328125
0.44,0.720703125,2.9228515625,-3.6435546875
0.4405,-0.080078125,3.283203125,-3.203125
0.441,-0.8408203125,3.6435546875,-2.8828125
0.4415,-1.6416015625,3.84375,-2.322265625
0.442,-2.2421875,3.923828125,-1.921875
0.4425,-2.5224609375,3.6435546875,-1.28125
0.443,-3.0029296875,3.603515625,-0.80078125
0.4435,-3.283203125,2.962890625,0.1201171875
0.444,-3.68359375,2.5224609375,0.9208984375
0.4445,-3.8837890625,1.8017578125,1.841796875
0.445,-3.7236328125,1.2412109375,2.2822265625
0.4455,-3.5634765625,0.48046875,2.8427734375
0.446,-3.2431640625,-0.2001953125,3.2431640625
0.4465,-2.802734375,-1.041015625,3.68359375
0.447,-2.2822265625,-1.841796875,3.923828125
0.4475,-1.6416015625,-2.6025390625,4.083984375
0.448,-0.720703125,-2.9228515625,3.603515625
0.4485,-0.0400390625,-3.5634765625,3.603515625
0.449,0.9609375,-3.9638671875,2.8828125
0.4495,1.7216796875,-4.244140625,2.482421875
0.45,2.5224609375,-4.4443359375,1.841796875
0.4505,2.962890625,-4.2041015625,1.28125
0.451,3.283203125,-3.84375,0.6005859375
0.4515,3.68359375,-3.5634765625,0.0
0.452,3.8837890625,-2.72265625,-1.0009765625
0.4525,4.083984375,-2.2421875,-1.76171875
0.453,4.2041015625,-1.4814453125,-2.642578125
0.4535,3.8037109375,-0.720703125,-3.0029296875
0.454,3.68359375,-0.080078125,-3.5234375
0.4545,3.1630859375,0.7607421875,-3.8837890625
0.455,2.642578125,1.6015625,-4.2041015625
0.4555,2.001953125,2.3623046875,-4.32421875
0.456,1.28125,3.0029296875,-4.244140625
0.4565,0.3603515625,3.2431640625,-3.68359375
0.457,-0.3203125,3.84375,-3.5634765625
0.4575,-1.361328125,4.00390625,-2.72265625
0.458,-2.001953125,4.1640625,-2.40234375
0.4585,-2.72265625,4.2841796875,-1.681640625
0.459,-3.0830078125,3.923828125,-1.041015625
0.4595,-3.36328125,3.6435546875,-0.400390625
0.46,-3.763671875,3.1630859375,0.3203125
0.4605,-3.923828125,2.40234375,1.28125
0.461,-4.0439453125,1.8818359375,1.9619140625
0.4615,-4.1240234375,1.1611328125,2.72265625
0.462,-3.5634765625,0.3203125,3.04296875
0.4625,-3.5634765625,-0.2001953125,3.5634765625
0.463,-2.8427734375,-1.201171875,3.84375
0.4635,-2.3623046875,-1.921875,4.1240234375
0.464,-1.6416015625,-2.642578125,4.1640625
0.4645,-0.9208984375,-3.203125,3.9638671875
0.465,0.0,-3.5634765625,3.4833984375
0.4655,0.720703125,-4.1240234375,3.283203125
0.466,1.76171875,-4.32421875,2.40234375
0.4665,2.2421875,-4.404296875,2.162109375
0.467,3.0029296875,-4.4443359375,1.44140625
0.4675,3.2431640625,-3.923828125,0.7607421875
0.468,3.6435546875,-3.763671875,0.16015625
0.4685,3.8837890625,-3.0830078125,-0.7607421875
0.469,4.1240234375,-2.4423828125,-1.5615234375
0.4695,4.1640625,-1.8017578125,-2.2822265625
0.47,4.1240234375,-1.12109375,-2.8828125
0.4705,3.6435546875,-0.3203125,-3.203125
0.471,3.603515625,0.2802734375,-3.84375
0.4715,2.8427734375,1.3212890625,-4.0439453125
0.472,2.40234375,1.921875,-4.3642578125
0.4725,1.6416015625,2.6826171875,-4.3642578125
0.473,0.8408203125,3.123046875,-3.9638671875
0.4735,0.0,3.5234375,-3.603515625
0.474,-0.80078125,3.9638671875,-3.2431640625
0.4745,-1.76171875,4.1240234375,-2.482421875
0.475,-2.2822265625,4.2041015625,-2.1220703125
0.4755,-2.8828125,4.2041015625,-1.4814453125
0.476,-3.0830078125,3.68359375,-0.720703125
0.4765,-3.603515625,3.603515625,-0.16015625
0.477,-3.84375,2.6826171875,0.9208984375
0.4775,-4.0439453125,2.2421875,1.5615234375
0.478,-4.0439453125,1.521484375,2.322265625
0.4785,-3.8837890625,0.80078125,2.8427734375
0.479,-3.4033203125,0.0400390625,3.203125
0.4795,-3.283203125,-0.640625,3.763671875
0.48,-2.482421875,-1.681640625,3.9638671875
0.4805,-2.08203125,-2.2421875,4.1240234375
0.481,-1.2412109375,-2.962890625,4.083984375
0.4815,-0.3603515625,-3.3232421875,3.6435546875
0.482,0.3203125,-3.8837890625,3.443359375
0.4825,1.361328125,-4.1640625,2.7626953125
0.483,2.08203125,-4.3642578125,2.2421875
0.4835,2.5625,-4.3642578125,1.76171875
0.484,3.123046875,-4.244140625,1.201171875
0.4845,3.3232421875,-3.68359375,0.4404296875
0.485,3.84375,-3.5634765625,-0.16015625
0.4855,3.923828125,-2.5224609375,-1.28125
0.486,4.1640625,-2.2021484375,-1.8818359375
0.4865,4.1240234375,-1.361328125,-2.6025390625
0.487,3.84375,-0.6806640625,-3.0029296875
0.4875,3.5234375,0.0,-3.4833984375
0.488,3.1630859375,0.80078125,-3.8837890625
0.4885,2.5224609375,1.76171875,-4.2041015625
0.489,2.0419921875,2.2021484375,-4.244140625
0.4895,1.2412109375,2.8427734375,-4.1240234375
0.49,0.4404296875,3.203125,-3.68359375
0.4905,-0.3203125,3.8037109375,-3.5234375
0.491,-1.3212890625,3.9638671875,-2.642578125
0.4915,-1.921875,4.1240234375,-2.3623046875
0.492,-2.4423828125,4.0439453125,-1.76171875
0.4925,-2.8427734375,3.8837890625,-1.201171875
0.493,-3.123046875,3.443359375,-0.5205078125
0.4935,-3.5634765625,3.1630859375,0.16015625
0.494,-3.7236328125,2.2822265625,1.2412109375
0.4945,-3.923828125,2.001953125,1.76171875
0.495,-3.84375,1.2412109375,2.40234375
0.4955,-3.5234375,0.5205078125,2.7626953125
0.496,-3.36328125,-0.16015625,3.3232421875
0.4965,-2.802734375,-1.041015625,3.68359375
0.497,-2.3623046875,-1.8818359375,3.9638671875
0.4975,-1.681640625,-2.3623046875,3.8837890625
0.498,-0.9609375,-3.04296875,3.68359375
0.4985,-0.1201171875,-3.3232421875,3.3232421875
0.499,0.6005859375,-3.8837890625,3.283203125
0.4995,1.6015625,-4.0439453125,2.40234375
0.5,2.0419921875,-4.2841796875,2.2421875
0.5005,2.6025390625,-4.1640625,1.5615234375
0.501,2.962890625,-3.8837890625,0.9609375
0.5015,3.36328125,-3.5634765625,0.240234375
0.502,3.7236328125,-3.0830078125,-0.560546875
0.5025,3.8837890625,-2.3623046875,-1.44140625
0.503,4.00390625,-1.921875,-1.9619140625
0.5035,3.9638671875,-1.1611328125,-2.642578125
0.504,3.5634765625,-0.400390625,-3.04296875
0.5045,3.4833984375,0.240234375,-3.6435546875
0.505,2.6826171875,1.201171875,-4.00390625
0.5055,2.40234375,1.8818359375,-4.244140625
0.506,1.6015625,2.2822265625,-4.1640625
0.5065,0.880859375,3.0029296875,-3.8837890625
0.507,0.0,3.36328125,-3.36328125
0.5075,-0.7607421875,3.84375,-3.1630859375
0.508,-1.7216796875,4.00390625,-2.40234375
0.5085,-2.08203125,4.083984375,-2.1220703125
0.509,-2.642578125,3.9638671875,-1.44140625
0.5095,-2.9228515625,3.5634765625,-0.80078125
0.51,-3.4033203125,3.3232421875,-0.1201171875
0.5105,-3.603515625,2.5625,0.8408203125
0.511,-3.8837890625,2.08203125,1.5615234375
0.5115,-3.763671875,1.44140625,2.08203125
0.512,-3.6435546875,0.80078125,2.6025390625
0.5125,-3.203125,0.0,2.962890625
0.513,-3.1630859375,-0.6806640625,3.5234375
0.5135,-2.322265625,-1.6015625,3.763671875
0.514,-2.001953125,-2.2421875,3.8037109375
0.5145,-1.201171875,-2.6025390625,3.68359375
0.515,-0.4404296875,-3.0830078125,3.443359375
0.5155,0.2802734375,-3.5634765625,3.1630859375
0.516,1.12109375,-3.84375,2.6826171875
0.5165,1.841796875,-4.083984375,2.2421875
0.517,2.162109375,-4.00390625,1.841796875
0.5175,2.6826171875,-3.923828125,1.3212890625
0.518,2.9228515625,-3.443359375,0.6005859375
0.5185,3.443359375,-3.3232421875,0.0
0.519,3.5234375,-2.482421875,-0.9609375
0.5195,3.84375,-2.2421875,-1.4814453125
0.52,3.68359375,-1.521484375,-2.0419921875
0.5205,3.6435546875,-1.041015625,-2.5224609375
0.521,3.203125,-0.3203125,-3.0029296875
0.5215,3.123046875,0.4404296875,-3.5234375
0.522,2.5625,1.2412109375,-3.7236328125
0.5225,2.2021484375,1.7216796875,-3.84375
0.523,1.44140625,2.322265625,-3.763671875
0.5235,0.6806640625,2.72265625,-3.443359375
0.524,0.0,3.3232421875,-3.36328125
0.5245,-0.80078125,3.5234375,-2.72265625
0.525,-1.361328125,3.84375,-2.5625
0.5255,-1.76171875,3.7236328125,-2.08203125
0.526,-2.2021484375,3.763671875,-1.6416015625
0.5265,-2.6025390625,3.3232421875,-0.9208984375
0.527,-3.1630859375,3.1630859375,-0.2001953125
0.5275,-3.36328125,2.482421875,0.6806640625
0.528,-3.603515625,2.2421875,1.1611328125
0.5285,-3.5234375,1.521484375,1.841796875
0.529,-3.5234375,0.880859375,2.322265625
0.5295,-3.203125,0.1201171875,2.8828125
0.53,-2.8427734375,-0.640625,3.283203125
0.5305,-2.5224609375,-1.3212890625,3.6435546875
0.531,-1.8818359375,-1.8017578125,3.5234375
0.5315,-1.2412109375,-2.4423828125,3.5634765625
0.532,-0.400390625,-2.8828125,3.203125
0.5325,0.2802734375,-3.4833984375,3.1630859375
0.533,1.1611328125,-3.7236328125,2.5224609375
0.5335,1.5615234375,-3.9638671875,2.3623046875
0.534,2.0419921875,-3.84375,1.76171875
0.5345,2.482421875,-3.7236328125,1.28125
0.535,2.8828125,-3.36328125,0.48046875
0.5355,3.283203125,-2.9228515625,-0.240234375
0.536,3.5234375,-2.40234375,-1.041015625
0.5365,3.6435546875,-2.001953125,-1.5615234375
0.537,3.4833984375,-1.4814453125,-2.1220703125
0.5375,3.4033203125,-0.720703125,-2.6025390625
0.538,3.2431640625,0.0,-3.203125
0.5385,2.6826171875,0.880859375,-3.5234375
0.539,2.4423828125,1.4013671875,-3.84375
0.5395,1.681640625,1.921875,-3.603515625
0.54,1.0810546875,2.482421875,-3.5634765625
0.5405,0.240234375,2.9228515625,-3.203125
0.541,-0.400390625,3.4033203125,-3.04296875
0.5415,-1.2412109375,3.68359375,-2.5224609375
0.542,-1.5615234375,3.7236328125,-2.2421875
0.5425,-2.08203125,3.6435546875,-1.7216796875
0.543,-2.4423828125,3.4033203125,-1.1611328125
0.5435,-2.9228515625,3.1630859375,-0.3603515625
0.544,-3.203125,2.5224609375,0.4404296875
0.5445,-3.5234375,2.2421875,1.0810546875
0.545,-3.4033203125,1.6015625,1.521484375
0.5455,-3.443359375,1.12109375,2.1220703125
0.546,-3.123046875,0.2802734375,2.5625
0.5465,-3.0029296875,-0.3203125,3.1630859375
0.547,-2.4423828125,-1.1611328125,3.443359375
0.5475,-2.08203125,-1.6416015625,3.5634765625
0.548,-1.3212890625,-2.2021484375,3.443359375
0.5485,-0.640625,-2.72265625,3.283203125
0.549,0.080078125,-3.203125,3.04296875
0.5495,0.8408203125,-3.5634765625,2.642578125
0.55,1.521484375,-3.8837890625,2.322265625
0.5505,1.841796875,-3.763671875,1.9619140625
0.551,2.322265625,-3.8037109375,1.4814453125
0.5515,2.642578125,-3.36328125,0.7607421875
0.552,3.1630859375,-3.203125,0.0400390625
0.5525,3.36328125,-2.482421875,-0.80078125
0.553,3.68359375,-2.2421875,-1.3212890625
0.5535,3.4833984375,-1.5615234375,-1.8818359375
0.554,3.5234375,-1.0810546875,-2.40234375
0.5545,3.203125,-0.2001953125,-2.9228515625
0.555,3.0029296875,0.48046875,-3.4033203125
0.5555,2.5224609375,1.2412109375,-3.7236328125
0.556,2.0419921875,1.681640625,-3.7236328125
0.5565,1.28125,2.2822265625,-3.603515625
0.557,0.560546875,2.7626953125,-3.3232421875
0.5575,-0.1201171875,3.2431640625,-3.203125
0.558,-0.9609375,3.5234375,-2.642578125
0.5585,-1.4814453125,3.8037109375,-2.40234375
0.559,-1.841796875,3.5634765625,-1.8818359375
0.5595,-2.322265625,3.6435546875,-1.44140625
0.56,-2.72265625,3.1630859375,-0.640625
0.5605,-3.203125,2.8828125,0.080078125
0.561,-3.4033203125,2.2421875,0.9609375
0.5615,-3.5634765625,1.921875,1.4013671875
0.562,-3.36328125,1.1611328125,1.9619140625
0.5625,-3.2431640625,0.6005859375,2.482421875
0.563,-3.04296875,-0.16015625,3.04296875
0.5635,-2.6025390625,-0.9609375,3.36328125
0.564,-2.2021484375,-1.6015625,3.6435546875
0.5645,-1.4814453125,-2.0419921875,3.443359375
0.565,-0.8408203125,-2.642578125,3.443359375
0.5655,0.0,-3.0830078125,3.04296875
0.566,0.6005859375,-3.5634765625,2.8427734375
0.5665,1.44140625,-3.8037109375,2.2822265625
0.567,1.921875,-3.8837890625,2.001953125
0.5675,2.2421875,-3.68359375,1.44140625
0.568,2.642578125,-3.5634765625,0.9609375
0.5685,3.04296875,-3.123046875,0.16015625
0.569,3.36328125,-2.72265625,-0.6005859375
0.5695,3.5634765625,-2.2021484375,-1.3212890625
0.57,3.5234375,-1.76171875,-1.76171875
0.5705,3.5234375,-1.0810546875,-2.322265625
0.571,3.2431640625,-0.3603515625,-2.7626953125
0.5715,3.04296875,0.2802734375,-3.283203125
0.572,2.5625,1.0810546875,-3.603515625
0.5725,2.2021484375,1.6015625,-3.763671875
0.573,1.4013671875,2.0419921875,-3.4833984375
0.5735,0.80078125,2.6025390625,-3.4833984375
0.574,0.0,3.04296875,-3.0830078125
0.5745,-0.640625,3.443359375,-2.8427734375
0.575,-1.3212890625,3.6435546875,-2.40234375
0.5755,-1.6416015625,3.6435546875,-2.08203125
0.576,-2.1220703125,3.5634765625,-1.5615234375
0.5765,-2.482421875,3.3232421875,-1.0009765625
0.577,-2.962890625,3.0029296875,-0.2001953125
0.5775,-3.203125,2.4423828125,0.560546875
0.578,-3.5234375,2.0419921875,1.201171875
0.5785,-3.3232421875,1.521484375,1.6015625
0.579,-3.4033203125,1.0009765625,2.2021484375
0.5795,-3.0830078125,0.16015625,2.6826171875
0.58,-2.8828125,-0.48046875,3.1630859375
0.5805,-2.40234375,-1.28125,3.4833984375
0.581,-1.9619140625,-1.7216796875,3.5234375
0.5815,-1.1611328125,-2.2822265625,3.36328125
0.582,-0.5205078125,-2.8427734375,3.2431640625
0.5825,0.240234375,-3.283203125,2.962890625
0.583,0.9609375,-3.603515625,2.6025390625
0.5835,1.6015625,-3.8837890625,2.2421875
0.584,1.8818359375,-3.7236328125,1.841796875
0.5845,2.40234375,-3.763671875,1.361328125
0.585,2.802734375,-3.283203125,0.560546875
0.5855,3.203125,-3.0830078125,-0.16015625
0.586,3.443359375,-2.4423828125,-1.0009765625
0.5865,3.6435546875,-2.08203125,-1.4814453125
0.587,3.443359375,-1.361328125,-1.9619140625
0.5875,3.4833984375,-0.8408203125,-2.5625
0.588,3.123046875,0.0,-3.04296875
0.5885,2.8427734375,0.6806640625,-3.4833984375
0.589,2.40234375,1.4013671875,-3.7236328125
0.5895,1.76171875,1.841796875,-3.5634765625
0.59,1.0810546875,2.4423828125,-3.5234375
0.5905,0.2802734375,2.8828125,-3.203125
0.591,-0.3603515625,3.283203125,-2.962890625
0.5915,-1.041015625,3.5634765625,-2.5625
0.592,-1.6015625,3.7236328125,-2.2421875
0.5925,-1.8818359375,3.4833984375,-1.681640625
0.593,-2.40234375,3.5234375,-1.28125
0.5935,-2.7626953125,2.962890625,-0.400390625
0.594,-3.203125,2.6826171875,0.2802734375
0.5945,-3.4033203125,2.08203125,1.0810546875
0.595,-3.443359375,1.7216796875,1.521484375
0.5955,-3.283203125,1.041015625,2.0419921875
0.596,-3.203125,0.4404296875,2.5224609375
0.5965,-2.8828125,-0.3203125,3.0029296875
0.597,-2.5224609375,-1.0009765625,3.3232421875
0.5975,-2.08203125,-1.6416015625,3.5634765625
0.598,-1.361328125,-2.08203125,3.3232421875
0.5985,-0.7607421875,-2.72265625,3.36328125
0.599,0.0400390625,-3.123046875,2.962890625
0.5995,0.720703125,-3.5634765625,2.72265625
0.6,1.44140625,-3.763671875,2.2822265625
0.6005,1.841796875,-3.84375,1.9619140625
0.601,2.2421875,-3.603515625,1.4013671875
0.6015,2.6826171875,-3.5634765625,0.880859375
0.602,3.04296875,-3.04296875,0.0
0.6025,3.36328125,-2.642578125,-0.640625
0.603,3.6435546875,-2.08203125,-1.4013671875
0.6035,3.4833984375,-1.6015625,-1.8017578125
0.604,3.5234375,-1.0009765625,-2.40234375
0.6045,3.203125,-0.2802734375,-2.8828125
0.605,2.962890625,0.48046875,-3.36328125
0.6055,2.5224609375,1.201171875,-3.68359375
0.606,2.0419921875,1.76171875,-3.763671875
0.6065,1.2412109375,2.2421875,-3.4833984375
0.607,0.640625,2.8427734375,-3.4833984375
0.6075,-0.2001953125,3.1630859375,-3.0029296875
0.608,-0.8408203125,3.5634765625,-2.7626953125
0.6085,-1.6015625,3.763671875,-2.2822265625
0.609,-1.921875,3.6435546875,-1.8818359375
0.6095,-2.40234375,3.5234375,-1.361328125
0.61,-2.7626953125,3.203125,-0.640625
0.6105,-3.1630859375,2.802734375,0.16015625
0.611,-3.443359375,2.2822265625,0.9609375
0.6115,-3.603515625,1.8017578125,1.6015625
0.612,-3.3232421875,1.12109375,2.001953125
0.6125,-3.36328125,0.6005859375,2.6025390625
0.613,-2.9228515625,-0.2802734375,3.04296875
0.6135,-2.642578125,-1.0009765625,3.4833984375
0.614,-2.08203125,-1.7216796875,3.68359375
0.6145,-1.44140625,-2.2021484375,3.5234375
0.615,-0.720703125,-2.72265625,3.3232421875
0.6155,0.0,-3.2431640625,3.1630859375
0.616,0.80078125,-3.5634765625,2.642578125
0.6165,1.44140625,-3.84375,2.3623046875
0.617,2.08203125,-4.00390625,1.921875
0.6175,2.322265625,-3.7236328125,1.3212890625
0.618,2.8427734375,-3.68359375,0.8408203125
0.6185,3.123046875,-3.04296875,0.0
0.619,3.443359375,-2.642578125,-0.720703125
0.6195,3.6435546875,-2.08203125,-1.44140625
0.62,3.68359375,-1.6015625,-1.9619140625
0.6205,3.36328125,-0.9208984375,-2.40234375
0.621,3.4033203125,-0.3603515625,-2.962890625
0.6215,2.8828125,0.48046875,-3.36328125
0.622,2.6025390625,1.12109375,-3.7236328125
0.6225,2.0419921875,1.841796875,-3.84375
0.623,1.3212890625,2.2421875,-3.5634765625
0.6235,0.640625,2.802734375,-3.4833984375
0.624,-0.1201171875,3.203125,-3.123046875
0.6245,-0.80078125,3.5234375,-2.72265625
0.625,-1.44140625,3.763671875,-2.3623046875
0.6255,-1.9619140625,3.763671875,-1.9619140625
0.626,-2.2421875,3.443359375,-1.361328125
0.6265,-2.7626953125,3.4833984375,-0.9208984375
0.627,-3.04296875,2.802734375,0.0
0.6275,-3.4033203125,2.5224609375,0.6806640625
0.628,-3.5634765625,1.8818359375,1.4814453125
0.6285,-3.4833984375,1.4013671875,1.841796875
0.629,-3.283203125,0.720703125,2.40234375
0.6295,-3.1630859375,0.0400390625,2.8828125
0.63,-2.72265625,-0.720703125,3.2431640625
0.6305,-2.322265625,-1.3212890625,3.5234375
0.631,-1.76171875,-1.9619140625,3.6435546875
0.6315,-1.0009765625,-2.40234375,3.3232421875
0.632,-0.400390625,-3.04296875,3.3232421875
0.6325,0.48046875,-3.36328125,2.8427734375
0.633,1.12109375,-3.7236328125,2.5625
0.6335,1.76171875,-3.923828125,2.08203125
0.634,2.08203125,-3.84375,1.7216796875
0.6345,2.4423828125,-3.5634765625,1.12109375
0.635,2.9228515625,-3.4033203125,0.560546875
0.6355,3.203125,-2.7626953125,-0.3203125
0.636,3.5234375,-2.482421875,-0.9609375
0.6365,3.68359375,-1.8818359375,-1.681640625
0.637,3.4833984375,-1.3212890625,-2.08203125
0.6375,3.4833984375,-0.6806640625,-2.642578125
0.638,3.123046875,0.0400390625,-3.0830078125
0.6385,2.8427734375,0.7607421875,-3.5634765625
0.639,2.3623046875,1.44140625,-3.763671875
0.6395,1.76171875,1.9619140625,-3.7236328125
0.64,0.9609375,2.4423828125,-3.4033203125
0.6405,0.3603515625,3.04296875,-3.4833984375
0.641,-0.5205078125,3.3232421875,-2.8427734375
0.6415,-1.12109375,3.68359375,-2.6826171875
0.642,-1.8017578125,3.8037109375,-2.162109375
0.6425,-2.08203125,3.603515625,-1.681640625
0.643,-2.5625,3.5234375,-1.0810546875
0.6435,-3.0029296875,3.1630859375,-0.3203125
0.644,-3.3232421875,2.6025390625,0.5205078125
0.6445,-3.5634765625,2.2021484375,1.201171875
0.645,-3.6435546875,1.6015625,1.841796875
0.6455,-3.36328125,0.880859375,2.2421875
0.646,-3.36328125,0.2802734375,2.8828125
0.6465,-2.8427734375,-0.640625,3.2431640625
0.647,-2.5224609375,-1.28125,3.6435546875
0.6475,-1.8818359375,-2.001953125,3.763671875
0.648,-1.201171875,-2.5224609375,3.5634765625
0.6485,-0.400390625,-3.0029296875,3.3232421875
0.649,0.3203125,-3.5634765625,3.123046875
0.6495,1.28125,-3.84375,2.4423828125
0.65,1.76171875,-4.0439453125,2.2021484375
0.6505,2.40234375,-4.083984375,1.6015625
0.651,2.6826171875,-3.68359375,1.0009765625
0.6515,3.1630859375,-3.603515625,0.48046875
0.652,3.443359375,-2.8828125,-0.48046875
0.6525,3.7236328125,-2.40234375,-1.201171875
0.653,3.8037109375,-1.8017578125,-1.8818359375
0.6535,3.763671875,-1.2412109375,-2.4423828125
0.654,3.4033203125,-0.5205078125,-2.802734375
0.6545,3.36328125,0.1201171875,-3.36328125
0.655,2.6826171875,1.0810546875,-3.7236328125
0.6555,2.3623046875,1.6416015625,-4.00390625
0.656,1.6015625,2.3623046875,-3.9638671875
0.6565,0.880859375,2.802734375,-3.6435546875
0.657,0.1201171875,3.2431640625,-3.443359375
0.6575,-0.720703125,3.6435546875,-2.962890625
0.658,-1.5615234375,3.84375,-2.4423828125
0.6585,-2.0419921875,3.923828125,-2.08203125
0.659,-2.5625,3.9638671875,-1.4814453125
0.6595,-2.8427734375,3.4833984375,-0.80078125
0.66,-3.4033203125,3.443359375,-0.2001953125
0.6605,-3.5634765625,2.5224609375,0.880859375
0.661,-3.8837890625,2.162109375,1.521484375
0.6615,-3.84375,1.4013671875,2.2021484375
0.662,-3.68359375,0.7607421875,2.6826171875
0.6625,-3.3232421875,0.0,3.123046875
0.663,-3.0830078125,-0.720703125,3.6435546875
0.6635,-2.322265625,-1.7216796875,3.8837890625
0.664,-1.8818359375,-2.2822265625,4.00390625
0.6645,-1.0810546875,-2.962890625,3.923828125
0.665,-0.2001953125,-3.36328125,3.4833984375
0.6655,0.48046875,-3.8837890625,3.3232421875
0.666,1.5615234375,-4.1640625,2.5625
0.6665,2.2421875,-4.404296875,2.0419921875
0.667,2.72265625,-4.2041015625,1.521484375
0.6675,3.203125,-4.083984375,0.9208984375
0.668,3.443359375,-3.5634765625,0.16015625
0.6685,3.923828125,-3.283203125,-0.5205078125
0.669,4.00390625,-2.2421875,-1.681640625
0.6695,4.1640625,-1.8818359375,-2.2021484375
0.67,4.00390625,-1.0009765625,-2.8828125
0.6705,3.7236328125,-0.3203125,-3.283203125
0.671,3.36328125,0.400390625,-3.7236328125
0.6715,2.8427734375,1.28125,-4.1240234375
0.672,2.2421875,2.2021484375,-4.3642578125
0.6725,1.5615234375,2.6025390625,-4.2041015625
0.673,0.7607421875,3.283203125,-4.0439453125
0.6735,-0.080078125,3.5234375,-3.4833984375
0.674,-0.80078125,4.00390625,-3.283203125
0.6745,-1.9619140625,4.1240234375,-2.3623046875
0.675,-2.4423828125,4.2841796875,-1.9619140625
0.6755,-2.8828125,4.00390625,-1.28125
0.676,-3.283203125,3.84375,-0.6806640625
0.6765,-3.5634765625,3.283203125,0.0
0.677,-3.9638671875,2.8828125,0.80078125
0.6775,-4.0439453125,1.921875,1.921875
0.678,-4.0439453125,1.4814453125,2.3623046875
0.6785,-3.8837890625,0.6806640625,3.0029296875
0.679,-3.4833984375,-0.0400390625,3.3232421875
0.6795,-3.203125,-0.7607421875,3.763671875
0.68,-2.482421875,-1.76171875,4.083984375
0.6805,-1.9619140625,-2.4423828125,4.244140625
0.681,-1.1611328125,-2.9228515625,3.9638671875
0.6815,-0.400390625,-3.5634765625,3.84375
0.682,0.5205078125,-3.84375,3.203125
0.6825,1.2412109375,-4.3642578125,3.0029296875
0.683,2.2822265625,-4.404296875,2.08203125
0.6835,2.72265625,-4.4443359375,1.76171875
0.684,3.1630859375,-4.1640625,1.041015625
0.6845,3.5234375,-3.84375,0.400390625
0.685,3.8037109375,-3.36328125,-0.3203125
0.6855,4.083984375,-2.72265625,-1.2412109375
0.686,4.2041015625,-1.9619140625,-2.1220703125
0.6865,4.083984375,-1.44140625,-2.5625
0.687,3.9638671875,-0.640625,-3.203125
0.6875,3.4833984375,0.1201171875,-3.4833984375
0.688,3.283203125,0.80078125,-4.00390625
0.6885,2.482421875,1.841796875,-4.244140625
0.689,2.0419921875,2.40234375,-4.404296875
0.6895,1.12109375,2.8427734375,-4.0439453125
0.69,0.3603515625,3.36328125,-3.84375
0.6905,-0.48046875,3.68359375,-3.283203125
0.691,-1.2412109375,4.083984375,-2.9228515625
0.6915,-2.162109375,4.244140625,-2.2021484375
0.692,-2.482421875,4.1240234375,-1.8017578125
0.6925,-3.0029296875,3.9638671875,-1.12109375
0.693,-3.283203125,3.5234375,-0.4404296875
0.6935,-3.7236328125,3.1630859375,0.2802734375
0.694,-3.8837890625,2.40234375,1.28125
0.6945,-4.1240234375,1.841796875,2.0419921875
0.695,-3.84375,1.1611328125,2.4423828125
0.6955,-3.7236328125,0.48046875,3.04296875
0.696,-3.203125,-0.3603515625,3.36328125
0.6965,-2.962890625,-1.041015625,3.84375
0.697,-2.2021484375,-2.0419921875,4.083984375
0.6975,-1.681640625,-2.5625,4.083984375
0.698,-0.80078125,-3.123046875,3.763671875
0.6985,-0.0400390625,-3.603515625,3.4833984375
0.699,0.7607421875,-3.923828125,3.123046875
0.6995,1.6416015625,-4.2041015625,2.5224609375
0.7,2.4423828125,-4.4443359375,1.9619140625
0.7005,2.6826171875,-4.1640625,1.44140625
0.701,3.2431640625,-4.0439453125,0.8408203125
0.7015,3.4833984375,-3.443359375,0.0400390625
0.702,3.8837890625,-3.1630859375,-0.640625
0.7025,4.00390625,-2.2421875,-1.6416015625
0.703,4.1640625,-1.8017578125,-2.2822265625
0.7035,3.84375,-1.0009765625,-2.72265625
0.704,3.763671875,-0.400390625,-3.2431640625
0.7045,3.2431640625,0.4404296875,-3.6435546875
0.705,2.8828125,1.201171875,-4.0439453125
0.7055,2.2421875,2.0419921875,-4.2841796875
0.706,1.6015625,2.482421875,-4.083984375
0.7065,0.7607421875,3.04296875,-3.8837890625
0.707,0.0,3.4833984375,-3.4833984375
0.7075,-0.7607421875,3.84375,-3.1630859375
0.708,-1.6416015625,4.0439453125,-2.482421875
0.7085,-2.2822265625,4.2041015625,-2.0419921875
0.709,-2.5625,3.84375,-1.44140625
0.7095,-3.0830078125,3.8037109375,-0.880859375
0.71,-3.3232421875,3.1630859375,-0.080078125
0.7105,-3.7236328125,2.8427734375,0.640625
0.711,-3.8837890625,2.001953125,1.6015625
0.7115,-3.8837890625,1.5615234375,2.08203125
0.712,-3.603515625,0.7607421875,2.6025390625
0.7125,-3.443359375,0.16015625,3.0830078125
0.713,-3.04296875,-0.640625,3.5234375
0.7135,-2.5625,-1.44140625,3.8037109375
0.714,-2.001953125,-2.2421875,4.0439453125
0.7145,-1.28125,-2.642578125,3.68359375
0.715,-0.560546875,-3.2431640625,3.68359375
0.7155,0.3203125,-3.603515625,3.1630859375
0.716,1.041015625,-4.0439453125,2.962890625
0.7165,1.921875,-4.244140625,2.2421875
0.717,2.482421875,-4.2841796875,1.8818359375
0.7175,2.802734375,-3.923828125,1.1611328125
0.718,3.2431640625,-3.84375,0.6005859375
0.7185,3.5634765625,-3.203125,-0.2802734375
0.719,3.8837890625,-2.7626953125,-1.0009765625
0.7195,4.083984375,-2.001953125,-1.9619140625
0.72,3.9638671875,-1.4814453125,-2.3623046875
0.7205,3.8037109375,-0.6806640625,-2.962890625
0.721,3.4833984375,0.0,-3.4033203125
0.7215,3.123046875,0.7607421875,-3.84375
0.722,2.5224609375,1.5615234375,-4.1240234375
0.7225,1.9619140625,2.2822265625,-4.2841796875
0.723,1.0810546875,2.6826171875,-3.8037109375
0.7235,0.3603515625,3.3232421875,-3.7236328125
0.724,-0.5205078125,3.603515625,-3.1630859375
0.7245,-1.201171875,3.9638671875,-2.8427734375
0.725,-2.0419921875,4.083984375,-2.162109375
0.7255,-2.4423828125,3.9638671875,-1.681640625
0.726,-2.8427734375,3.68359375,-1.041015625
0.7265,-3.203125,3.443359375,-0.4404296875
0.727,-3.4833984375,2.8828125,0.3603515625
0.7275,-3.7236328125,2.3623046875,1.201171875
0.728,-3.8837890625,1.7216796875,1.9619140625
0.7285,-3.5634765625,1.0810546875,2.2822265625
0.729,-3.5634765625,0.4404296875,2.8828125
0.7295,-3.0830078125,-0.3603515625,3.203125
0.73,-2.7626953125,-1.0810546875,3.6435546875
0.7305,-2.162109375,-1.8818359375,3.8037109375
0.731,-1.6015625,-2.322265625,3.8037109375
0.7315,-0.80078125,-2.7626953125,3.443359375
0.732,-0.080078125,-3.3232421875,3.3232421875
0.7325,0.6806640625,-3.603515625,2.8427734375
0.733,1.361328125,-3.923828125,2.5224609375
0.7335,2.08203125,-4.1240234375,2.001953125
0.734,2.322265625,-3.84375,1.5615234375
0.7345,2.8427734375,-3.8037109375,1.0009765625
0.735,3.0830078125,-3.3232421875,0.2802734375
0.7355,3.4833984375,-2.9228515625,-0.4404296875
0.736,3.68359375,-2.322265625,-1.201171875
0.7365,3.84375,-1.9619140625,-1.8017578125
0.737,3.5234375,-1.2412109375,-2.2021484375
0.7375,3.603515625,-0.80078125,-2.802734375
0.738,3.1630859375,0.1201171875,-3.203125
0.7385,2.9228515625,0.7607421875,-3.7236328125
0.739,2.40234375,1.5615234375,-3.923828125
0.7395,1.841796875,1.9619140625,-3.8037109375
0.74,1.0810546875,2.5625,-3.603515625
0.7405,0.3203125,3.0830078125,-3.4033203125
0.741,-0.400390625,3.443359375,-3.0830078125
0.7415,-1.12109375,3.7236328125,-2.72265625
0.742,-1.681640625,3.8837890625,-2.322265625
0.7425,-1.9619140625,3.6435546875,-1.8017578125
0.743,-2.5625,3.7236328125,-1.28125
0.7435,-2.9228515625,3.1630859375,-0.400390625
0.744,-3.36328125,2.8427734375,0.2802734375
0.7445,-3.5634765625,2.2021484375,1.12109375
0.745,-3.68359375,1.841796875,1.6015625
0.7455,-3.4033203125,1.041015625,2.162109375
0.746,-3.4033203125,0.4404296875,2.72265625
0.7465,-2.962890625,-0.4404296875,3.1630859375
0.747,-2.642578125,-1.0810546875,3.5634765625
0.7475,-2.08203125,-1.8017578125,3.763671875
0.748,-1.4013671875,-2.2421875,3.5234375
0.7485,-0.6806640625,-2.9228515625,3.4833984375
0.749,0.1201171875,-3.36328125,3.0830078125
0.7495,0.880859375,-3.7236328125,2.802734375
0.75,1.5615234375,-3.923828125,2.2822265625
0.7505,2.08203125,-4.00390625,1.921875
0.751,2.40234375,-3.68359375,1.28125
0.7515,2.9228515625,-3.6435546875,0.7607421875
0.752,3.1630859375,-2.962890625,-0.1201171875
0.7525,3.5634765625,-2.642578125,-0.80078125
0.753,3.7236328125,-1.9619140625,-1.6416015625
0.7535,3.603515625,-1.5615234375,-1.9619140625
0.754,3.4833984375,-0.880859375,-2.5625
0.7545,3.2431640625,-0.2001953125,-3.0830078125
0.755,2.9228515625,0.6005859375,-3.4833984375
0.7555,2.5224609375,1.28125,-3.763671875
0.756,1.9619140625,1.8818359375,-3.84375
0.7565,1.201171875,2.2822265625,-3.4833984375
0.757,0.6005859375,2.9228515625,-3.5234375
0.7575,-0.2802734375,3.203125,-3.0029296875
0.758,-0.880859375,3.603515625,-2.7626953125
0.7585,-1.5615234375,3.763671875,-2.2822265625
0.759,-1.8818359375,3.68359375,-1.921875
0.7595,-2.2822265625,3.5234375,-1.3212890625
0.76,-2.7626953125,3.3232421875,-0.720703125
0.7605,-3.0830078125,2.802734375,0.1201171875
0.761,-3.4033203125,2.40234375,0.7607421875
0.7615,-3.5634765625,1.8818359375,1.44140625
0.762,-3.36328125,1.28125,1.8017578125
0.7625,-3.4033203125,0.6806640625,2.4423828125
0.763,-3.04296875,-0.0400390625,2.8828125
0.7635,-2.7626953125,-0.720703125,3.3232421875
0.764,-2.2822265625,-1.44140625,3.5634765625
0.7645,-1.76171875,-1.9619140625,3.5234375
0.765,-1.0009765625,-2.4423828125,3.3232421875
0.7655,-0.3603515625,-3.04296875,3.3232421875
0.766,0.48046875,-3.36328125,2.802734375
0.7665,1.0810546875,-3.763671875,2.6025390625
0.767,1.76171875,-3.923828125,2.162109375
0.7675,2.001953125,-3.7236328125,1.76171875
0.768,2.5224609375,-3.68359375,1.1611328125
0.7685,2.8828125,-3.2431640625,0.400390625
0.769,3.283203125,-2.8828125,-0.3603515625
0.7695,3.5234375,-2.40234375,-1.041015625
0.77,3.68359375,-1.9619140625,-1.6416015625
0.7705,3.4033203125,-1.28125,-2.08203125
0.771,3.5234375,-0.6806640625,-2.7626953125
0.7715,3.04296875,0.16015625,-3.203125
0.772,2.8427734375,0.8408203125,-3.603515625
0.7725,2.2822265625,1.5615234375,-3.8037109375
0.773,1.6015625,2.001953125,-3.603515625
0.7735,0.880859375,2.5625,-3.4833984375
0.774,0.1201171875,3.123046875,-3.283203125
0.7745,-0.640625,3.4033203125,-2.8427734375
0.775,-1.2412109375,3.68359375,-2.5625
0.7755,-1.8017578125,3.8037109375,-2.1220703125
0.776,-2.08203125,3.5234375,-1.5615234375
0.7765,-2.642578125,3.5634765625,-1.0009765625
0.777,-2.9228515625,2.8828125,-0.1201171875
0.7775,-3.36328125,2.5625,0.560546875
0.778,-3.5634765625,1.9619140625,1.3212890625
0.7785,-3.5234375,1.44140625,1.76171875
0.779,-3.2431640625,0.7607421875,2.2421875
0.7795,-3.203125,0.16015625,2.8427734375
0.78,-2.72265625,-0.640625,3.203125
0.7805,-2.40234375,-1.28125,3.5234375
0.781,-1.8017578125,-1.9619140625,3.6435546875
0.7815,-1.041015625,-2.40234375,3.3232421875
0.782,-0.400390625,-3.0029296875,3.3232421875
0.7825,0.4404296875,-3.36328125,2.8427734375
0.783,1.12109375,-3.7236328125,2.5224609375
0.7835,1.7216796875,-3.8837890625,2.162109375
0.784,2.1220703125,-3.84375,1.76171875
0.7845,2.40234375,-3.5234375,1.12109375
0.785,2.962890625,-3.4833984375,0.6005859375
0.7855,3.1630859375,-2.7626953125,-0.3203125
0.786,3.5234375,-2.5625,-0.9208984375
0.7865,3.603515625,-1.921875,-1.681640625
0.787,3.4833984375,-1.361328125,-2.001953125
0.7875,3.4033203125,-0.720703125,-2.6025390625
0.788,3.1630859375,0.0,-3.0830078125
0.7885,2.802734375,0.720703125,-3.443359375
0.789,2.40234375,1.3212890625,-3.7236328125
0.7895,1.841796875,1.921875,-3.7236328125
0.79,1.0810546875,2.322265625,-3.36328125
0.7905,0.48046875,2.9228515625,-3.443359375
0.791,-0.400390625,3.203125,-2.8828125
0.7915,-0.9609375,3.5634765625,-2.72265625
0.792,-1.5615234375,3.68359375,-2.2822265625
0.7925,-1.8818359375,3.603515625,-1.841796875
0.793,-2.2822265625,3.443359375,-1.2412109375
0.7935,-2.7626953125,3.1630859375,-0.6005859375
0.794,-3.0830078125,2.6025390625,0.240234375
0.7945,-3.4033203125,2.322265625,0.80078125
0.795,-3.5234375,1.8017578125,1.4814453125
0.7955,-3.2431640625,1.201171875,1.8818359375
0.796,-3.283203125,0.6005859375,2.5224609375
0.7965,-2.9228515625,-0.2001953125,2.9228515625
0.797,-2.642578125,-0.880859375,3.36328125
0.7975,-2.1220703125,-1.5615234375,3.5234375
0.798,-1.5615234375,-2.001953125,3.4833984375
0.7985,-0.80078125,-2.5625,3.2431640625
0.799,-0.1201171875,-3.1630859375,3.203125
0.7995,0.7607421875,-3.443359375,2.642578125
0.8,1.28125,-3.8037109375,2.482421875
0.8005,1.841796875,-3.84375,2.001953125
0.801,2.1220703125,-3.6435546875,1.5615234375
0.8015,2.6826171875,-3.5634765625,0.9208984375
0.802,3.0029296875,-3.0830078125,0.1201171875
0.8025,3.3232421875,-2.6826171875,-0.640625
0.803,3.5234375,-2.2021484375,-1.28125
0.8035,3.603515625,-1.681640625,-1.8017578125
0.804,3.36328125,-1.0009765625,-2.2421875
0.8045,3.4033203125,-0.400390625,-2.8828125
0.805,2.8427734375,0.48046875,-3.2431640625
0.8055,2.642578125,1.041015625,-3.603515625
0.806,2.001953125,1.7216796875,-3.7236328125
0.8065,1.361328125,2.162109375,-3.5234375
0.807,0.640625,2.6826171875,-3.36328125
0.8075,-0.0400390625,3.1630859375,-3.0830078125
0.808,-0.80078125,3.443359375,-2.642578125
0.8085,-1.3212890625,3.6435546875,-2.40234375
0.809,-1.8017578125,3.68359375,-1.9619140625
0.8095,-2.08203125,3.36328125,-1.4013671875
0.81,-2.72265625,3.36328125,-0.8408203125
0.8105,-2.9228515625,2.642578125,0.0400390625
0.811,-3.36328125,2.482421875,0.6806640625
0.8115,-3.4033203125,1.8818359375,1.361328125
0.812,-3.36328125,1.4013671875,1.76171875
0.8125,-3.203125,0.6806640625,2.2822265625
0.813,-3.0830078125,0.0400390625,2.8427734375
0.8135,-2.6025390625,-0.7607421875,3.203125
0.814,-2.322265625,-1.3212890625,3.4833984375
0.8145,-1.681640625,-1.9619140625,3.4833984375
0.815,-1.0009765625,-2.40234375,3.283203125
0.8155,-0.3203125,-3.0029296875,3.2431640625
0.816,0.5205078125,-3.36328125,2.7626953125
0.8165,1.1611328125,-3.7236328125,2.5224609375
0.817,1.6416015625,-3.8037109375,2.1220703125
0.8175,2.08203125,-3.84375,1.7216796875
0.818,2.4423828125,-3.5634765625,1.041015625
0.8185,3.0029296875,-3.443359375,0.4404296875
0.819,3.203125,-2.642578125,-0.48046875
0.8195,3.5634765625,-2.4423828125,-1.041015625
0.82,3.603515625,-1.8017578125,-1.76171875
0.8205,3.4833984375,-1.28125,-2.162109375
0.821,3.36328125,-0.6005859375,-2.7626953125
0.8215,3.123046875,0.16015625,-3.203125
0.822,2.72265625,0.9609375,-3.603515625
0.8225,2.2421875,1.521484375,-3.7236328125
0.823,1.5615234375,2.162109375,-3.7236328125
0.8235,0.80078125,2.5625,-3.36328125
0.824,0.1201171875,3.1630859375,-3.36328125
0.8245,-0.80078125,3.443359375,-2.6826171875
0.825,-1.28125,3.763671875,-2.5224609375
0.8255,-1.8017578125,3.68359375,-2.001953125
0.826,-2.2421875,3.5634765625,-1.5615234375
0.8265,-2.642578125,3.3232421875,-0.9208984375
0.827,-3.0830078125,3.04296875,-0.1201171875
0.8275,-3.3232421875,2.3623046875,0.7607421875
0.828,-3.5634765625,2.001953125,1.3212890625
0.8285,-3.5634765625,1.361328125,1.9619140625
0.829,-3.2431640625,0.720703125,2.3623046875
0.8295,-3.203125,0.0400390625,2.962890625
0.83,-2.642578125,-0.80078125,3.283203125
0.8305,-2.322265625,-1.44140625,3.6435546875
0.831,-1.6416015625,-2.001953125,3.5234375
0.8315,-1.0009765625,-2.5625,3.4833984375
0.832,-0.2001953125,-2.962890625,3.123046875
0.8325,0.4404296875,-3.5634765625,3.0029296875
0.833,1.361328125,-3.7236328125,2.2822265625
0.8335,1.76171875,-3.923828125,2.08203125
0.834,2.2822265625,-3.8837890625,1.5615234375
0.8345,2.5625,-3.603515625,0.9609375
0.835,3.04296875,-3.36328125,0.3603515625
0.8355,3.3232421875,-2.7626953125,-0.48046875
0.836,3.5634765625,-2.2822265625,-1.1611328125
0.8365,3.6435546875,-1.8017578125,-1.7216796875
0.837,3.603515625,-1.2412109375,-2.2822265625
0.8375,3.283203125,-0.560546875,-2.642578125
0.838,3.2431640625,0.080078125,-3.2431640625
0.8385,2.6025390625,0.9609375,-3.5634765625
0.839,2.3623046875,1.521484375,-3.84375
0.8395,1.6416015625,2.08203125,-3.7236328125
0.84,0.9609375,2.5224609375,-3.5234375
0.8405,0.240234375,3.0029296875,-3.283203125
0.841,-0.5205078125,3.4033203125,-2.9228515625
0.8415,-1.28125,3.6435546875,-2.482421875
0.842,-1.681640625,3.68359375,-2.162109375
0.8425,-2.2021484375,3.68359375,-1.681640625
0.843,-2.4423828125,3.36328125,-1.041015625
0.8435,-3.04296875,3.2431640625,-0.400390625
0.844,-3.203125,2.482421875,0.560546875
0.8445,-3.5634765625,2.2421875,1.12109375
0.845,-3.5234375,1.6015625,1.681640625
0.8455,-3.443359375,1.0810546875,2.162109375
0.846,-3.1630859375,0.3203125,2.642578125
0.8465,-2.962890625,-0.3603515625,3.1630859375
0.847,-2.4423828125,-1.1611328125,3.4833984375
0.8475,-2.0419921875,-1.681640625,3.5634765625
0.848,-1.3212890625,-2.2822265625,3.5234375
0.8485,-0.6005859375,-2.7626953125,3.2431640625
0.849,0.080078125,-3.283203125,3.123046875
0.8495,0.9609375,-3.603515625,2.5625
0.85,1.5615234375,-3.923828125,2.2822265625
0.8505,1.921875,-3.84375,1.841796875
0.851,2.40234375,-3.84375,1.4013671875
0.8515,2.6826171875,-3.36328125,0.720703125
0.852,3.203125,-3.203125,0.0400390625
0.8525,3.36328125,-2.4423828125,-0.8408203125
0.853,3.68359375,-2.2021484375,-1.361328125
0.8535,3.5634765625,-1.521484375,-1.9619140625
0.854,3.4833984375,-1.0009765625,-2.40234375
0.8545,3.283203125,-0.2001953125,-2.962890625
0.855,2.9228515625,0.5205078125,-3.36328125
0.8555,2.5224609375,1.2412109375,-3.7236328125
0.856,1.9619140625,1.7216796875,-3.68359375
0.8565,1.3212890625,2.322265625,-3.6435546875
0.857,0.5205078125,2.72265625,-3.283203125
0.8575,-0.080078125,3.283203125,-3.203125
0.858,-1.0009765625,3.5234375,-2.5625
0.8585,-1.4814453125,3.763671875,-2.4423828125
0.859,-1.921875,3.68359375,-1.8818359375
0.8595,-2.322265625,3.5634765625,-1.361328125
0.86,-2.7626953125,3.2431640625,-0.640625
0.8605,-3.203125,2.8828125,0.1201171875
0.861,-3.4833984375,2.2421875,0.9609375
0.8615,-3.5634765625,1.921875,1.4814453125
0.862,-3.5234375,1.2412109375,2.0419921875
0.8625,-3.2431640625,0.560546875,2.482421875
0.863,-3.1630859375,-0.16015625,3.123046875
0.8635,-2.6025390625,-1.041015625,3.443359375
0.864,-2.2421875,-1.6416015625,3.7236328125
0.8645,-1.4814453125,-2.162109375,3.5234375
0.865,-0.8408203125,-2.7626953125,3.5234375
0.8655,0.0,-3.203125,3.0830078125
0.866,0.6806640625,-3.7236328125,2.8828125
0.8665,1.5615234375,-3.9638671875,2.2421875
0.867,2.001953125,-4.00390625,1.9619140625
0.8675,2.482421875,-3.84375,1.4013671875
0.868,2.802734375,-3.5634765625,0.7607421875
0.8685,3.203125,-3.2431640625,0.0400390625
0.869,3.5234375,-2.642578125,-0.80078125
0.8695,3.8037109375,-2.1220703125,-1.5615234375
0.87,3.68359375,-1.5615234375,-2.001953125
0.8705,3.68359375,-0.9609375,-2.6025390625
0.871,3.283203125,-0.2001953125,-3.0029296875
0.8715,3.1630859375,0.48046875,-3.5634765625
0.872,2.482421875,1.4013671875,-3.84375
0.8725,2.0419921875,1.9619140625,-4.00390625
0.873,1.201171875,2.482421875,-3.7236328125
0.8735,0.5205078125,3.0029296875,-3.5634765625
0.874,-0.2802734375,3.4033203125,-3.203125
0.8745,-1.041015625,3.7236328125,-2.802734375
0.875,-1.921875,4.00390625,-2.2021484375
0.8755,-2.2822265625,3.84375,-1.76171875
0.876,-2.7626953125,3.8037109375,-1.1611328125
0.8765,-3.0830078125,3.36328125,-0.5205078125
0.877,-3.5234375,3.04296875,0.2802734375
0.8775,-3.7236328125,2.2421875,1.2412109375
0.878,-3.923828125,1.76171875,2.001953125
0.8785,-3.6435546875,1.0009765625,2.40234375
0.879,-3.5634765625,0.400390625,3.0029296875
0.8795,-3.123046875,-0.400390625,3.36328125
0.88,-2.7626953125,-1.201171875,3.8037109375
0.8805,-2.08203125,-2.1220703125,4.083984375
0.881,-1.44140625,-2.642578125,3.9638671875
0.8815,-0.560546875,-3.203125,3.68359375
0.882,0.2001953125,-3.68359375,3.36328125
0.8825,1.041015625,-4.083984375,2.8828125
0.883,1.921875,-4.244140625,2.322265625
0.8835,2.72265625,-4.4443359375,1.76171875
0.884,3.0029296875,-4.00390625,1.0810546875
0.8845,3.4833984375,-3.923828125,0.5205078125
0.885,3.68359375,-3.283203125,-0.3203125
0.8855,4.00390625,-2.8427734375,-1.041015625
0.886,4.1240234375,-1.9619140625,-2.08203125
0.8865,4.1640625,-1.3212890625,-2.72265625
0.887,3.763671875,-0.560546875,-3.123046875
0.8875,3.6435546875,0.0,-3.603515625
0.888,3.0830078125,0.880859375,-3.8837890625
0.8885,2.5625,1.681640625,-4.2041015625
0.889,1.921875,2.5625,-4.4443359375
0.8895,1.0810546875,2.8828125,-4.00390625
0.89,0.2802734375,3.4833984375,-3.8037109375
0.8905,-0.6005859375,3.763671875,-3.3232421875
0.891,-1.3212890625,4.1240234375,-2.8427734375
0.8915,-2.2021484375,4.2041015625,-2.162109375
0.892,-2.8427734375,4.2841796875,-1.6015625
0.8925,-3.04296875,3.8037109375,-0.9208984375
0.893,-3.5234375,3.763671875,-0.400390625
0.8935,-3.7236328125,2.962890625,0.5205078125
0.894,-4.00390625,2.5224609375,1.28125
0.8945,-4.1240234375,1.6416015625,2.2421875
0.895,-3.923828125,1.041015625,2.6826171875
0.8955,-3.603515625,0.2802734375,3.123046875
0.896,-3.36328125,-0.3603515625,3.5234375
0.8965,-2.8427734375,-1.2412109375,3.84375
0.897,-2.2822265625,-1.9619140625,4.083984375
0.8975,-1.6015625,-2.802734375,4.2041015625
0.898,-0.720703125,-3.123046875,3.7236328125
0.8985,-0.0400390625,-3.763671875,3.6435546875
0.899,0.9208984375,-3.9638671875,3.04296875
0.8995,1.6015625,-4.2841796875,2.6025390625
0.9,2.482421875,-4.3642578125,1.921875
0.9005,2.962890625,-4.32421875,1.4013671875
0.901,3.203125,-3.8837890625,0.6806640625
0.9015,3.68359375,-3.7236328125,0.1201171875
0.902,3.84375,-2.962890625,-0.80078125
0.9025,4.1240234375,-2.482421875,-1.521484375
0.903,4.244140625,-1.681640625,-2.4423828125
0.9035,3.923828125,-1.0009765625,-2.802734375
0.904,3.763671875,-0.3203125,-3.36328125
0.9045,3.36328125,0.48046875,-3.7236328125
0.905,2.8828125,1.28125,-4.083984375
0.9055,2.2822265625,2.001953125,-4.2841796875
0.906,1.6015625,2.642578125,-4.32421875
0.9065,0.6806640625,3.0029296875,-3.8037109375
0.907,0.0400390625,3.6435546875,-3.7236328125
0.9075,-0.9208984375,3.8837890625,-3.0029296875
0.908,-1.6015625,4.1240234375,-2.642578125
0.9085,-2.40234375,4.2841796875,-1.9619140625
0.909,-2.7626953125,4.00390625,-1.361328125
0.9095,-3.1630859375,3.763671875,-0.720703125
0.91,-3.5634765625,3.443359375,-0.0400390625
0.9105,-3.8037109375,2.6826171875,0.880859375
0.911,-4.00390625,2.2021484375,1.6015625
0.9115,-4.1240234375,1.4013671875,2.4423828125
0.912,-3.68359375,0.6806640625,2.72265625
0.9125,-3.603515625,0.0400390625,3.3232421875
0.913,-3.04296875,-0.80078125,3.68359375
0.9135,-2.5625,-1.6015625,3.9638671875
0.914,-1.921875,-2.3623046875,4.1240234375
0.9145,-1.2412109375,-2.962890625,3.9638671875
0.915,-0.3203125,-3.36328125,3.5634765625
0.9155,0.3603515625,-3.8837890625,3.443359375
0.916,1.4013671875,-4.1240234375,2.642578125
0.9165,2.0419921875,-4.3642578125,2.322265625
0.917,2.802734375,-4.4443359375,1.6416015625
0.9175,3.04296875,-4.00390625,1.0009765625
0.918,3.4833984375,-3.84375,0.400390625
0.9185,3.763671875,-3.203125,-0.4404296875
0.919,4.00390625,-2.6025390625,-1.28125
0.9195,4.1240234375,-2.001953125,-2.001953125
0.92,4.1240234375,-1.3212890625,-2.72265625
0.9205,3.6435546875,-0.5205078125,-3.04296875
0.921,3.68359375,0.0,-3.603515625
0.9215,2.962890625,0.9609375,-3.8837890625
0.922,2.5625,1.6416015625,-4.2041015625
0.9225,1.841796875,2.40234375,-4.32421875
0.923,1.0810546875,2.8828125,-3.9638671875
0.9235,0.2802734375,3.3232421875,-3.603515625
0.924,-0.5205078125,3.8037109375,-3.3232421875
0.9245,-1.4013671875,3.9638671875,-2.642578125
0.925,-1.921875,4.1240234375,-2.2822265625
0.9255,-2.5625,4.1240234375,-1.681640625
0.926,-2.802734375,3.68359375,-1.041015625
0.9265,-3.3232421875,3.6435546875,-0.5205078125
0.927,-3.5634765625,2.8427734375,0.48046875
0.9275,-3.84375,2.4423828125,1.1611328125
0.928,-3.8837890625,1.76171875,1.921875
0.9285,-3.84375,1.201171875,2.4423828125
0.929,-3.443359375,0.400390625,2.8427734375
0.9295,-3.36328125,-0.240234375,3.36328125
0.93,-2.72265625,-1.201171875,3.68359375
0.9305,-2.322265625,-1.841796875,3.923828125
0.931,-1.6015625,-2.5224609375,4.00390625
0.9315,-0.80078125,-2.9228515625,3.6435546875
0.932,-0.080078125,-3.5234375,3.5234375
0.9325,0.8408203125,-3.8837890625,3.0029296875
0.933,1.6015625,-4.1640625,2.5224609375
0.9335,2.2021484375,-4.244140625,2.0419921875
0.934,2.72265625,-4.2041015625,1.521484375
0.9345,3.0029296875,-3.7236328125,0.80078125
0.935,3.5634765625,-3.7236328125,0.2001953125
0.9355,3.7236328125,-2.7626953125,-0.80078125
0.936,4.00390625,-2.482421875,-1.44140625
0.9365,4.0439453125,-1.681640625,-2.2822265625
0.937,3.84375,-1.041015625,-2.6826171875
0.9375,3.5634765625,-0.3203125,-3.1630859375
0.938,3.3232421875,0.400390625,-3.7236328125
0.9385,2.6826171875,1.3212890625,-4.00390625
0.939,2.2421875,1.921875,-4.1640625
0.9395,1.521484375,2.6025390625,-4.1240234375
0.94,0.6005859375,2.962890625,-3.6435546875
0.9405,-0.0400390625,3.5634765625,-3.5634765625
0.941,-1.041015625,3.84375,-2.8427734375
0.9415,-1.6416015625,4.083984375,-2.482421875
0.942,-2.2421875,4.00390625,-1.9619140625
0.9425,-2.642578125,3.8837890625,-1.361328125
0.943,-2.9228515625,3.4833984375,-0.6806640625
0.9435,-3.4833984375,3.283203125,0.0
0.944,-3.603515625,2.40234375,1.0009765625
0.9445,-3.84375,2.08203125,1.521484375
0.945,-3.84375,1.361328125,2.2421875
0.9455,-3.4833984375,0.640625,2.5625
0.946,-3.36328125,0.0,3.123046875
0.9465,-2.8828125,-0.880859375,3.4833984375
0.947,-2.40234375,-1.5615234375,3.8037109375
0.9475,-1.841796875,-2.1220703125,3.84375
0.948,-1.1611328125,-2.6826171875,3.763671875
0.9485,-0.3203125,-3.0830078125,3.283203125
0.949,0.3203125,-3.7236328125,3.283203125
0.9495,1.3212890625,-3.84375,2.482421875
0.95,1.76171875,-4.1240234375,2.2822265625
0.9505,2.3623046875,-4.0439453125,1.76171875
0.951,2.642578125,-3.8037109375,1.201171875
0.9515,3.04296875,-3.5634765625,0.560546875
0.952,3.4033203125,-3.123046875,-0.2001953125
0.9525,3.6435546875,-2.5224609375,-1.0009765625
0.953,3.84375,-2.1220703125,-1.6015625
0.9535,3.8037109375,-1.5615234375,-2.2421875
0.954,3.5234375,-0.8408203125,-2.6025390625
0.9545,3.5234375,-0.240234375,-3.2431640625
0.955,2.8828125,0.6806640625,-3.5234375
0.9555,2.6826171875,1.28125,-3.8837890625
0.956,1.9619140625,1.921875,-3.84375
0.9565,1.3212890625,2.40234375,-3.7236328125
0.957,0.560546875,2.8427734375,-3.4033203125
0.9575,-0.16015625,3.4033203125,-3.283203125
0.958,-1.0009765625,3.603515625,-2.6826171875
0.9585,-1.44140625,3.84375,-2.5224609375
0.959,-1.9619140625,3.84375,-1.9619140625
0.9595,-2.2822265625,3.5634765625,-1.4013671875
0.96,-2.8828125,3.5234375,-0.80078125
0.9605,-3.1630859375,2.8427734375,0.1201171875
0.961,-3.5234375,2.5224609375,0.7607421875
0.9615,-3.603515625,1.921875,1.4013671875
0.962,-3.603515625,1.4013671875,1.921875
0.9625,-3.283203125,0.640625,2.40234375
0.963,-3.283203125,0.0,3.0830078125
0.9635,-2.642578125,-0.880859375,3.36328125
0.964,-2.40234375,-1.44140625,3.68359375
0.9645,-1.681640625,-2.08203125,3.6435546875
0.965,-1.0009765625,-2.5625,3.443359375
0.9655,-0.2802734375,-3.1630859375,3.283203125
0.966,0.6005859375,-3.5634765625,2.8828125
0.9665,1.28125,-3.84375,2.5224609375
0.967,1.76171875,-3.923828125,2.162109375
0.9675,2.2421875,-3.8837890625,1.681640625
0.968,2.5625,-3.5234375,1.0009765625
0.9685,3.1630859375,-3.4833984375,0.400390625
0.969,3.3232421875,-2.642578125,-0.560546875
0.9695,3.68359375,-2.5224609375,-1.12109375
0.97,3.6435546875,-1.8017578125,-1.8017578125
0.9705,3.5634765625,-1.3212890625,-2.2822265625
0.971,3.3232421875,-0.5205078125,-2.7626953125
0.9715,3.1630859375,0.2001953125,-3.2431640625
0.972,2.6826171875,1.0009765625,-3.603515625
0.9725,2.2822265625,1.521484375,-3.8037109375
0.973,1.6015625,2.1220703125,-3.7236328125
0.9735,0.8408203125,2.5625,-3.4033203125
0.974,0.16015625,3.1630859375,-3.36328125
0.9745,-0.6806640625,3.4033203125,-2.72265625
0.975,-1.2412109375,3.763671875,-2.5625
0.9755,-1.681640625,3.7236328125,-2.1220703125
0.976,-2.1220703125,3.68359375,-1.6416015625
0.9765,-2.482421875,3.3232421875,-1.0009765625
0.977,-3.04296875,3.1630859375,-0.3203125
0.9775,-3.2431640625,2.40234375,0.6005859375
0.978,-3.5634765625,2.2021484375,1.12109375
0.9785,-3.5234375,1.521484375,1.76171875
0.979,-3.3232421875,0.9609375,2.162109375
0.9795,-3.203125,0.240234375,2.802734375
0.98,-2.8427734375,-0.560546875,3.203125
0.9805,-2.482421875,-1.201171875,3.5234375
0.981,-1.921875,-1.76171875,3.5234375
0.9815,-1.3212890625,-2.322265625,3.5234375
0.982,-0.48046875,-2.802734375,3.1630859375
0.9825,0.16015625,-3.4033203125,3.1630859375
0.983,1.0810546875,-3.603515625,2.482421875
0.9835,1.521484375,-3.8837890625,2.3623046875
0.984,2.001953125,-3.8037109375,1.841796875
0.9845,2.40234375,-3.68359375,1.3212890625
0.985,2.8427734375,-3.4033203125,0.6005859375
0.9855,3.203125,-3.04296875,-0.16015625
0.986,3.4833984375,-2.5224609375,-0.9208984375
0.9865,3.6435546875,-2.1220703125,-1.44140625
0.987,3.6435546875,-1.521484375,-2.08203125
0.9875,3.4033203125,-0.80078125,-2.5224609375
0.988,3.36328125,-0.080078125,-3.1630859375
0.9885,2.802734375,0.7607421875,-3.4833984375
0.989,2.5224609375,1.3212890625,-3.84375
0.9895,1.841796875,1.8818359375,-3.68359375
0.99,1.1611328125,2.4423828125,-3.603515625
0.9905,0.3603515625,2.8828125,-3.283203125
0.991,-0.3203125,3.36328125,-3.0830078125
0.9915,-1.1611328125,3.603515625,-2.5625
0.992,-1.5615234375,3.763671875,-2.322265625
0.9925,-2.08203125,3.7236328125,-1.76171875
0.993,-2.40234375,3.443359375,-1.201171875
0.9935,-2.962890625,3.2431640625,-0.5205078125
0.994,-3.203125,2.5625,0.4404296875
0.9945,-3.5234375,2.2421875,1.0009765625
0.995,-3.4833984375,1.681640625,1.5615234375
0.9955,-3.4833984375,1.1611328125,2.1220703125
0.996,-3.1630859375,0.3603515625,2.5625
0.9965,-3.0830078125,-0.2802734375,3.1630859375
0.997,-2.482421875,-1.1611328125,3.443359375
0.9975,-2.08203125,-1.6416015625,3.6435546875
0.998,-1.361328125,-2.2421875,3.4833984375
0.9985,-0.6806640625,-2.72265625,3.3232421875
0.999,0.0400390625,-3.2431640625,3.123046875
0.9995,0.880859375,-3.5634765625,2.6826171875
