wavelength,x,y,z
0.0,-4.914794921875,1.731689453125,3.253173828125
0.0005,-4.874755859375,2.812744140625,2.292236328125
0.001,-4.754638671875,3.613525390625,1.571533203125
0.0015,-4.434326171875,4.134033203125,0.810791015625
0.002,-3.553466796875,4.494384765625,-0.310302734375
0.0025,-2.552490234375,4.814697265625,-1.591552734375
0.003,-1.431396484375,5.094970703125,-2.872802734375
0.0035,-0.750732421875,5.415283203125,-3.913818359375
0.004,0.050048828125,5.535400390625,-4.794677734375
0.0045,1.010986328125,5.094970703125,-5.395263671875
0.005,2.212158203125,4.093994140625,-5.755615234375
0.0055,3.373291015625,2.852783203125,-5.875732421875
0.006,4.334228515625,1.771728515625,-6.035888671875
0.0065,4.774658203125,1.131103515625,-6.115966796875
0.007,4.934814453125,0.370361328125,-5.795654296875
0.0075,4.814697265625,-0.630615234375,-5.074951171875
0.008,4.694580078125,-1.711669921875,-4.033935546875
0.0085,4.574462890625,-3.072998046875,-2.872802734375
0.009,4.494384765625,-4.033935546875,-2.031982421875
0.0095,4.294189453125,-4.794677734375,-1.311279296875
0.01,3.773681640625,-5.114990234375,-0.470458984375
0.0105,2.692626953125,-5.395263671875,0.850830078125
0.011,1.531494140625,-5.595458984375,2.212158203125
0.0115,0.610595703125,-5.915771484375,3.453369140625
0.012,-0.150146484375,-6.156005859375,4.374267578125
0.0125,-0.990966796875,-6.035888671875,5.094970703125
0.013,-2.031982421875,-5.275146484375,5.535400390625
0.0135,-3.193115234375,-4.154052734375,5.735595703125
0.014,-4.314208984375,-2.872802734375,5.855712890625
0.0145,-4.994873046875,-1.991943359375,5.935791015625
0.015,-5.315185546875,-1.311279296875,5.855712890625
0.0155,-5.315185546875,-0.630615234375,5.415283203125
0.016,-5.114990234375,0.530517578125,4.494384765625
0.0165,-4.954833984375,1.691650390625,3.293212890625
0.017,-4.874755859375,2.892822265625,2.212158203125
0.0175,-4.794677734375,3.733642578125,1.411376953125
0.018,-4.394287109375,4.334228515625,0.690673828125
0.0185,-3.633544921875,4.614501953125,-0.310302734375
0.019,-2.552490234375,4.854736328125,-1.591552734375
0.0195,-1.351318359375,5.094970703125,-2.952880859375
0.02,-0.630615234375,5.375244140625,-4.033935546875
0.0205,0.170166015625,5.535400390625,-4.874755859375
0.021,1.091064453125,5.175048828125,-5.515380859375
0.0215,2.252197265625,4.174072265625,-5.875732421875
0.022,3.413330078125,2.932861328125,-6.035888671875
0.0225,4.454345703125,1.731689453125,-6.115966796875
0.023,4.974853515625,1.010986328125,-6.156005859375
0.0235,5.094970703125,0.290283203125,-5.915771484375
0.024,5.014892578125,-0.630615234375,-5.235107421875
0.0245,4.854736328125,-1.831787109375,-4.194091796875
0.025,4.614501953125,-3.153076171875,-2.912841796875
0.0255,4.494384765625,-4.194091796875,-1.951904296875
0.026,4.334228515625,-4.874755859375,-1.231201171875
0.0265,3.813720703125,-5.275146484375,-0.390380859375
0.027,2.812744140625,-5.515380859375,0.810791015625
0.0275,1.611572265625,-5.715576171875,2.172119140625
0.028,0.490478515625,-5.915771484375,3.493408203125
0.0285,-0.310302734375,-6.196044921875,4.494384765625
0.029,-1.031005859375,-6.156005859375,5.215087890625
0.0295,-1.991943359375,-5.555419921875,5.735595703125
0.03,-3.273193359375,-4.354248046875,6.015869140625
0.0305,-4.434326171875,-2.992919921875,6.055908203125
0.031,-5.195068359375,-1.951904296875,6.095947265625
0.0315,-5.515380859375,-1.271240234375,6.055908203125
0.032,-5.555419921875,-0.510498046875,5.615478515625
0.0325,-5.355224609375,0.530517578125,4.614501953125
0.033,-5.155029296875,1.771728515625,3.493408203125
0.0335,-4.994873046875,3.012939453125,2.252197265625
0.034,-4.834716796875,3.973876953125,1.371337890625
0.0345,-4.514404296875,4.534423828125,0.610595703125
0.035,-3.833740234375,4.854736328125,-0.350341796875
0.0355,-2.632568359375,5.094970703125,-1.631591796875
0.036,-1.311279296875,5.215087890625,-3.072998046875
0.0365,-0.430419921875,5.495361328125,-4.234130859375
0.037,0.330322265625,5.695556640625,-5.155029296875
0.0375,1.251220703125,5.375244140625,-5.795654296875
0.038,2.412353515625,4.414306640625,-6.236083984375
0.0385,3.653564453125,3.093017578125,-6.396240234375
0.039,4.734619140625,1.731689453125,-6.396240234375
0.0395,5.295166015625,0.810791015625,-6.396240234375
0.04,5.495361328125,0.090087890625,-6.156005859375
0.0405,5.415283203125,-0.910888671875,-5.515380859375
0.041,5.135009765625,-2.072021484375,-4.354248046875
0.0415,4.814697265625,-3.473388671875,-2.952880859375
0.042,4.694580078125,-4.594482421875,-1.751708984375
0.0425,4.454345703125,-5.355224609375,-0.950927734375
0.043,3.893798828125,-5.755615234375,0.010009765625
0.0435,2.852783203125,-5.955810546875,1.091064453125
0.044,1.451416015625,-6.115966796875,2.612548828125
0.0445,0.130126953125,-6.156005859375,4.053955078125
0.045,-0.710693359375,-6.396240234375,5.054931640625
0.0455,-1.431396484375,-6.356201171875,5.775634765625
0.046,-2.512451171875,-5.715576171875,6.336181640625
0.0465,-3.833740234375,-4.394287109375,6.576416015625
0.047,-4.954833984375,-2.912841796875,6.536376953125
0.0475,-5.795654296875,-1.631591796875,6.456298828125
0.048,-6.115966796875,-0.790771484375,6.296142578125
0.0485,-6.115966796875,0.050048828125,5.775634765625
0.049,-5.835693359375,1.051025390625,4.774658203125
0.0495,-5.515380859375,2.412353515625,3.333251953125
0.05,-5.155029296875,3.733642578125,1.931884765625
0.0505,-4.954833984375,4.694580078125,0.930908203125
0.051,-4.514404296875,5.255126953125,0.130126953125
0.0515,-3.713623046875,5.455322265625,-0.870849609375
0.052,-2.432373046875,5.575439453125,-2.192138671875
0.0525,-0.990966796875,5.655517578125,-3.713623046875
0.053,0.250244140625,5.735595703125,-4.954833984375
0.0535,0.930908203125,5.775634765625,-5.755615234375
0.054,1.731689453125,5.535400390625,-6.396240234375
0.0545,2.852783203125,4.574462890625,-6.796630859375
0.055,4.134033203125,3.093017578125,-6.916748046875
0.0555,5.255126953125,1.571533203125,-6.756591796875
0.056,5.895751953125,0.450439453125,-6.636474609375
0.0565,6.015869140625,-0.470458984375,-6.356201171875
0.057,5.815673828125,-1.311279296875,-5.635498046875
0.0575,5.455322265625,-2.472412109375,-4.474365234375
0.058,5.094970703125,-3.753662109375,-2.912841796875
0.0585,4.814697265625,-4.994873046875,-1.591552734375
0.059,4.454345703125,-5.755615234375,-0.630615234375
0.0595,3.973876953125,-6.236083984375,0.250244140625
0.06,3.012939453125,-6.356201171875,1.211181640625
0.0605,1.531494140625,-6.396240234375,2.692626953125
0.061,0.010009765625,-6.396240234375,4.214111328125
0.0615,-0.990966796875,-6.476318359375,5.295166015625
0.062,-1.631591796875,-6.436279296875,6.015869140625
0.0625,-2.552490234375,-5.955810546875,6.536376953125
0.063,-3.793701171875,-4.754638671875,6.856689453125
0.0635,-4.954833984375,-3.273193359375,6.816650390625
0.064,-5.915771484375,-1.791748046875,6.696533203125
0.0645,-6.396240234375,-0.870849609375,6.496337890625
0.065,-6.396240234375,0.010009765625,6.095947265625
0.0655,-6.156005859375,0.810791015625,5.255126953125
0.066,-5.755615234375,2.172119140625,3.853759765625
0.0665,-5.355224609375,3.493408203125,2.372314453125
0.067,-5.074951171875,4.614501953125,1.131103515625
0.0675,-4.714599609375,5.255126953125,0.330322265625
0.068,-4.073974609375,5.575439453125,-0.630615234375
0.0685,-2.912841796875,5.695556640625,-1.751708984375
0.069,-1.431396484375,5.735595703125,-3.233154296875
0.0695,0.010009765625,5.735595703125,-4.674560546875
0.07,0.770751953125,5.815673828125,-5.595458984375
0.0705,1.451416015625,5.735595703125,-6.276123046875
0.071,2.492431640625,5.054931640625,-6.756591796875
0.0715,3.773681640625,3.693603515625,-6.996826171875
0.072,4.934814453125,2.132080078125,-6.916748046875
0.0725,5.735595703125,0.770751953125,-6.756591796875
0.073,6.055908203125,0.010009765625,-6.556396484375
0.0735,5.935791015625,-0.950927734375,-6.075927734375
0.074,5.695556640625,-1.951904296875,-5.034912109375
0.0745,5.295166015625,-3.233154296875,-3.593505859375
0.075,4.934814453125,-4.554443359375,-2.072021484375
0.0755,4.654541015625,-5.515380859375,-0.990966796875
0.076,4.294189453125,-6.115966796875,-0.230224609375
0.0765,3.453369140625,-6.316162109375,0.770751953125
0.077,2.092041015625,-6.396240234375,2.132080078125
0.0775,0.610595703125,-6.396240234375,3.693603515625
0.078,-0.710693359375,-6.436279296875,4.974853515625
0.0785,-1.391357421875,-6.556396484375,5.775634765625
0.079,-2.112060546875,-6.276123046875,6.416259765625
0.0795,-3.233154296875,-5.355224609375,6.776611328125
0.08,-4.554443359375,-3.833740234375,6.896728515625
0.0805,-5.635498046875,-2.312255859375,6.736572265625
0.081,-6.316162109375,-1.191162109375,6.616455078125
0.0815,-6.436279296875,-0.510498046875,6.336181640625
0.082,-6.276123046875,0.530517578125,5.655517578125
0.0825,-5.915771484375,1.731689453125,4.414306640625
0.083,-5.515380859375,3.052978515625,2.932861328125
0.0835,-5.195068359375,4.334228515625,1.491455078125
0.084,-4.874755859375,5.094970703125,0.610595703125
0.0845,-4.354248046875,5.615478515625,-0.310302734375
0.085,-3.473388671875,5.735595703125,-1.311279296875
0.0855,-1.951904296875,5.815673828125,-2.832763671875
0.086,-0.470458984375,5.775634765625,-4.354248046875
0.0865,0.610595703125,5.895751953125,-5.475341796875
0.087,1.251220703125,5.935791015625,-6.236083984375
0.0875,2.212158203125,5.415283203125,-6.796630859375
0.088,3.533447265625,4.134033203125,-7.076904296875
0.0885,4.734619140625,2.612548828125,-7.116943359375
0.089,5.735595703125,1.091064453125,-6.916748046875
0.0895,6.095947265625,0.090087890625,-6.756591796875
0.09,6.216064453125,-0.710693359375,-6.356201171875
0.0905,5.935791015625,-1.631591796875,-5.475341796875
0.091,5.535400390625,-2.952880859375,-4.033935546875
0.0915,5.094970703125,-4.354248046875,-2.432373046875
0.092,4.814697265625,-5.475341796875,-1.191162109375
0.0925,4.414306640625,-6.115966796875,-0.310302734375
0.093,3.693603515625,-6.396240234375,0.610595703125
0.0935,2.492431640625,-6.516357421875,1.851806640625
0.094,0.930908203125,-6.516357421875,3.373291015625
0.0945,-0.630615234375,-6.436279296875,4.814697265625
0.095,-1.311279296875,-6.516357421875,5.735595703125
0.0955,-1.991943359375,-6.396240234375,6.376220703125
0.096,-3.032958984375,-5.635498046875,6.816650390625
0.0965,-4.354248046875,-4.234130859375,6.976806640625
0.097,-5.435302734375,-2.712646484375,6.856689453125
0.0975,-6.276123046875,-1.391357421875,6.616455078125
0.098,-6.436279296875,-0.590576171875,6.416259765625
0.0985,-6.316162109375,0.290283203125,5.895751953125
0.099,-5.995849609375,1.291259765625,4.814697265625
0.0995,-5.635498046875,2.572509765625,3.413330078125
0.1,-5.195068359375,3.853759765625,1.931884765625
0.1005,-4.914794921875,4.814697265625,0.850830078125
0.101,-4.514404296875,5.375244140625,0.090087890625
0.1015,-3.753662109375,5.575439453125,-0.830810546875
0.102,-2.512451171875,5.655517578125,-2.152099609375
0.1025,-1.031005859375,5.695556640625,-3.593505859375
0.103,0.250244140625,5.735595703125,-4.874755859375
0.1035,0.890869140625,5.815673828125,-5.715576171875
0.104,1.611572265625,5.615478515625,-6.356201171875
0.1045,2.692626953125,4.734619140625,-6.716552734375
0.105,3.973876953125,3.293212890625,-6.836669921875
0.1055,4.974853515625,1.771728515625,-6.756591796875
0.106,5.735595703125,0.690673828125,-6.636474609375
0.1065,5.895751953125,0.010009765625,-6.436279296875
0.107,5.735595703125,-0.910888671875,-5.835693359375
0.1075,5.455322265625,-1.951904296875,-4.754638671875
0.108,5.094970703125,-3.233154296875,-3.353271484375
0.1085,4.814697265625,-4.554443359375,-1.951904296875
0.109,4.574462890625,-5.395263671875,-1.031005859375
0.1095,4.134033203125,-5.915771484375,-0.270263671875
0.11,3.333251953125,-6.115966796875,0.770751953125
0.1105,1.931884765625,-6.236083984375,2.172119140625
0.111,0.450439453125,-6.236083984375,3.653564453125
0.1115,-0.590576171875,-6.356201171875,4.814697265625
0.112,-1.231201171875,-6.476318359375,5.575439453125
0.1125,-2.072021484375,-6.115966796875,6.135986328125
0.113,-3.193115234375,-5.074951171875,6.456298828125
0.1135,-4.434326171875,-3.713623046875,6.536376953125
0.114,-5.435302734375,-2.232177734375,6.456298828125
0.1145,-5.915771484375,-1.311279296875,6.376220703125
0.115,-6.035888671875,-0.630615234375,6.095947265625
0.1155,-5.875732421875,0.290283203125,5.415283203125
0.116,-5.595458984375,1.451416015625,4.174072265625
0.1165,-5.235107421875,2.772705078125,2.812744140625
0.117,-4.994873046875,3.933837890625,1.611572265625
0.1175,-4.754638671875,4.614501953125,0.810791015625
0.118,-4.234130859375,5.054931640625,0.050048828125
0.1185,-3.273193359375,5.215087890625,-1.071044921875
0.119,-1.991943359375,5.375244140625,-2.432373046875
0.1195,-0.670654296875,5.415283203125,-3.833740234375
0.12,0.170166015625,5.575439453125,-4.834716796875
0.1205,0.770751953125,5.655517578125,-5.595458984375
0.121,1.731689453125,5.135009765625,-6.115966796875
0.1215,2.892822265625,3.933837890625,-6.396240234375
0.122,4.053955078125,2.612548828125,-6.396240234375
0.1225,4.974853515625,1.411376953125,-6.356201171875
0.123,5.335205078125,0.650634765625,-6.316162109375
0.1235,5.415283203125,-0.150146484375,-5.955810546875
0.124,5.255126953125,-1.031005859375,-5.235107421875
0.1245,4.974853515625,-2.192138671875,-4.033935546875
0.125,4.734619140625,-3.473388671875,-2.752685546875
0.1255,4.534423828125,-4.434326171875,-1.751708984375
0.126,4.334228515625,-5.155029296875,-0.990966796875
0.1265,3.773681640625,-5.515380859375,-0.190185546875
0.127,2.692626953125,-5.715576171875,1.010986328125
0.1275,1.451416015625,-5.835693359375,2.372314453125
0.128,0.330322265625,-5.955810546875,3.693603515625
0.1285,-0.430419921875,-6.276123046875,4.574462890625
0.129,-1.151123046875,-6.276123046875,5.295166015625
0.1295,-2.112060546875,-5.635498046875,5.775634765625
0.13,-3.273193359375,-4.434326171875,6.055908203125
0.1305,-4.394287109375,-3.113037109375,6.095947265625
0.131,-5.195068359375,-2.072021484375,6.095947265625
0.1315,-5.515380859375,-1.431396484375,6.095947265625
0.132,-5.515380859375,-0.670654296875,5.695556640625
0.1325,-5.395263671875,0.370361328125,4.814697265625
0.133,-5.155029296875,1.531494140625,3.693603515625
0.1335,-4.994873046875,2.772705078125,2.492431640625
0.134,-4.834716796875,3.693603515625,1.651611328125
0.1345,-4.554443359375,4.334228515625,0.930908203125
0.135,-3.993896484375,4.694580078125,0.050048828125
0.1355,-2.872802734375,4.934814453125,-1.271240234375
0.136,-1.631591796875,5.094970703125,-2.632568359375
0.1365,-0.750732421875,5.295166015625,-3.833740234375
0.137,-0.150146484375,5.575439453125,-4.674560546875
0.1375,0.770751953125,5.375244140625,-5.435302734375
0.138,1.891845703125,4.614501953125,-5.795654296875
0.1385,3.052978515625,3.453369140625,-6.035888671875
0.139,4.134033203125,2.172119140625,-6.115966796875
0.1395,4.774658203125,1.291259765625,-6.156005859375
0.14,5.054931640625,0.650634765625,-6.115966796875
0.1405,5.094970703125,-0.190185546875,-5.635498046875
0.141,4.894775390625,-1.271240234375,-4.634521484375
0.1415,4.654541015625,-2.472412109375,-3.473388671875
0.142,4.574462890625,-3.673583984375,-2.392333984375
0.1425,4.454345703125,-4.474365234375,-1.631591796875
0.143,4.053955078125,-4.994873046875,-0.870849609375
0.1435,3.293212890625,-5.315185546875,0.210205078125
0.144,2.172119140625,-5.555419921875,1.491455078125
0.1445,0.970947265625,-5.755615234375,2.812744140625
0.145,0.250244140625,-6.075927734375,3.853759765625
0.1455,-0.550537109375,-6.236083984375,4.654541015625
0.146,-1.351318359375,-5.835693359375,5.295166015625
0.1465,-2.552490234375,-4.914794921875,5.695556640625
0.147,-3.673583984375,-3.713623046875,5.815673828125
0.1475,-4.594482421875,-2.552490234375,5.895751953125
0.148,-5.114990234375,-1.831787109375,5.935791015625
0.1485,-5.275146484375,-1.231201171875,5.735595703125
0.149,-5.195068359375,-0.350341796875,5.094970703125
0.1495,-5.074951171875,0.810791015625,4.134033203125
0.15,-4.874755859375,2.052001953125,3.012939453125
0.1505,-4.834716796875,3.093017578125,2.092041015625
0.151,-4.714599609375,3.813720703125,1.411376953125
0.1515,-4.274169921875,4.294189453125,0.610595703125
0.152,-3.353271484375,4.614501953125,-0.590576171875
0.1525,-2.272216796875,4.854736328125,-1.871826171875
0.153,-1.311279296875,5.094970703125,-3.072998046875
0.1535,-0.630615234375,5.415283203125,-4.154052734375
0.154,0.250244140625,5.535400390625,-4.914794921875
0.1545,1.211181640625,5.014892578125,-5.475341796875
0.155,2.412353515625,3.973876953125,-5.795654296875
0.1555,3.573486328125,2.692626953125,-5.915771484375
0.156,4.374267578125,1.731689453125,-6.075927734375
0.1565,4.814697265625,1.051025390625,-6.115966796875
0.157,4.934814453125,0.330322265625,-5.755615234375
0.1575,4.854736328125,-0.710693359375,-5.034912109375
0.158,4.694580078125,-1.871826171875,-3.993896484375
0.1585,4.574462890625,-3.072998046875,-2.872802734375
0.159,4.494384765625,-3.993896484375,-1.991943359375
0.1595,4.294189453125,-4.674560546875,-1.311279296875
0.16,3.693603515625,-5.114990234375,-0.430419921875
0.1605,2.652587890625,-5.435302734375,0.890869140625
0.161,1.451416015625,-5.635498046875,2.252197265625
0.1615,0.610595703125,-5.955810546875,3.373291015625
0.162,0.010009765625,-6.156005859375,4.334228515625
0.1625,-0.990966796875,-6.035888671875,5.094970703125
0.163,-2.072021484375,-5.235107421875,5.535400390625
0.1635,-3.233154296875,-4.114013671875,5.735595703125
0.164,-4.314208984375,-2.872802734375,5.855712890625
0.1645,-4.994873046875,-2.031982421875,5.935791015625
0.165,-5.275146484375,-1.431396484375,5.895751953125
0.1655,-5.275146484375,-0.670654296875,5.415283203125
0.166,-5.155029296875,0.490478515625,4.494384765625
0.1665,-4.994873046875,1.731689453125,3.333251953125
0.167,-4.874755859375,2.892822265625,2.252197265625
0.1675,-4.794677734375,3.693603515625,1.531494140625
0.168,-4.394287109375,4.294189453125,0.770751953125
0.1685,-3.633544921875,4.534423828125,-0.310302734375
0.169,-2.552490234375,4.854736328125,-1.591552734375
0.1695,-1.431396484375,5.054931640625,-2.952880859375
0.17,-0.630615234375,5.415283203125,-3.993896484375
0.1705,0.130126953125,5.575439453125,-4.834716796875
0.171,1.051025390625,5.175048828125,-5.475341796875
0.1715,2.252197265625,4.134033203125,-5.835693359375
0.172,3.453369140625,2.892822265625,-6.035888671875
0.1725,4.414306640625,1.771728515625,-6.115966796875
0.173,4.894775390625,1.010986328125,-6.156005859375
0.1735,5.054931640625,0.330322265625,-5.915771484375
0.174,4.974853515625,-0.630615234375,-5.195068359375
0.1745,4.814697265625,-1.791748046875,-4.154052734375
0.175,4.614501953125,-3.072998046875,-2.872802734375
0.1755,4.534423828125,-4.154052734375,-1.951904296875
0.176,4.334228515625,-4.874755859375,-1.231201171875
0.1765,3.813720703125,-5.315185546875,-0.390380859375
0.177,2.772705078125,-5.595458984375,0.850830078125
0.1775,1.531494140625,-5.755615234375,2.212158203125
0.178,0.490478515625,-5.915771484375,3.533447265625
0.1785,-0.270263671875,-6.236083984375,4.494384765625
0.179,-1.031005859375,-6.115966796875,5.255126953125
0.1795,-2.072021484375,-5.475341796875,5.735595703125
0.18,-3.353271484375,-4.314208984375,6.015869140625
0.1805,-4.474365234375,-2.912841796875,6.055908203125
0.181,-5.235107421875,-1.951904296875,6.095947265625
0.1815,-5.515380859375,-1.271240234375,6.015869140625
0.182,-5.515380859375,-0.510498046875,5.535400390625
0.1825,-5.315185546875,0.650634765625,4.614501953125
0.183,-5.114990234375,1.891845703125,3.413330078125
0.1835,-4.994873046875,3.133056640625,2.172119140625
0.184,-4.834716796875,3.973876953125,1.331298828125
0.1845,-4.474365234375,4.494384765625,0.610595703125
0.185,-3.713623046875,4.814697265625,-0.430419921875
0.1855,-2.592529296875,5.014892578125,-1.751708984375
0.186,-1.271240234375,5.215087890625,-3.193115234375
0.1865,-0.430419921875,5.455322265625,-4.234130859375
0.187,0.330322265625,5.615478515625,-5.114990234375
0.1875,1.251220703125,5.295166015625,-5.755615234375
0.188,2.412353515625,4.334228515625,-6.115966796875
0.1885,3.653564453125,3.012939453125,-6.316162109375
0.189,4.654541015625,1.651611328125,-6.316162109375
0.1895,5.215087890625,0.810791015625,-6.276123046875
0.19,5.375244140625,0.130126953125,-6.075927734375
0.1905,5.255126953125,-0.830810546875,-5.435302734375
0.191,5.054931640625,-1.991943359375,-4.274169921875
0.1915,4.814697265625,-3.313232421875,-2.912841796875
0.192,4.614501953125,-4.434326171875,-1.791748046875
0.1925,4.414306640625,-5.195068359375,-1.031005859375
0.193,3.853759765625,-5.635498046875,-0.270263671875
0.1935,2.852783203125,-5.835693359375,0.970947265625
0.194,1.571533203125,-5.955810546875,2.412353515625
0.1945,0.290283203125,-6.115966796875,3.853759765625
0.195,-0.550537109375,-6.316162109375,4.774658203125
0.1955,-1.271240234375,-6.276123046875,5.535400390625
0.196,-2.272216796875,-5.715576171875,6.095947265625
0.1965,-3.593505859375,-4.474365234375,6.416259765625
0.197,-4.754638671875,-3.032958984375,6.416259765625
0.1975,-5.635498046875,-1.791748046875,6.416259765625
0.198,-5.915771484375,-1.031005859375,6.256103515625
0.1985,-5.915771484375,-0.310302734375,5.815673828125
0.199,-5.755615234375,0.890869140625,4.854736328125
0.1995,-5.435302734375,2.172119140625,3.533447265625
0.2,-5.155029296875,3.533447265625,2.092041015625
0.2005,-4.954833984375,4.414306640625,1.131103515625
0.201,-4.554443359375,5.014892578125,0.330322265625
0.2015,-3.873779296875,5.255126953125,-0.670654296875
0.202,-2.552490234375,5.455322265625,-1.991943359375
0.2025,-1.151123046875,5.575439453125,-3.553466796875
0.203,0.050048828125,5.735595703125,-4.794677734375
0.2035,0.690673828125,5.815673828125,-5.635498046875
0.204,1.571533203125,5.535400390625,-6.316162109375
0.2045,2.812744140625,4.534423828125,-6.716552734375
0.205,4.134033203125,3.093017578125,-6.876708984375
0.2055,5.215087890625,1.571533203125,-6.756591796875
0.206,5.775634765625,0.490478515625,-6.676513671875
0.2065,5.895751953125,-0.350341796875,-6.356201171875
0.207,5.735595703125,-1.231201171875,-5.635498046875
0.2075,5.415283203125,-2.472412109375,-4.354248046875
0.208,5.094970703125,-3.833740234375,-2.832763671875
0.2085,4.814697265625,-5.114990234375,-1.511474609375
0.209,4.454345703125,-5.835693359375,-0.630615234375
0.2095,3.853759765625,-6.276123046875,0.290283203125
0.21,2.852783203125,-6.356201171875,1.371337890625
0.2105,1.331298828125,-6.436279296875,2.892822265625
0.211,-0.270263671875,-6.396240234375,4.454345703125
0.2115,-1.071044921875,-6.476318359375,5.415283203125
0.212,-1.711669921875,-6.436279296875,6.135986328125
0.2125,-2.752685546875,-5.795654296875,6.656494140625
0.213,-4.033935546875,-4.514404296875,6.896728515625
0.2135,-5.155029296875,-3.032958984375,6.896728515625
0.214,-6.115966796875,-1.591552734375,6.696533203125
0.2145,-6.436279296875,-0.670654296875,6.456298828125
0.215,-6.396240234375,0.210205078125,6.015869140625
0.2155,-6.115966796875,1.131103515625,5.094970703125
0.216,-5.755615234375,2.452392578125,3.613525390625
0.2165,-5.315185546875,3.773681640625,2.132080078125
0.217,-5.034912109375,4.814697265625,0.930908203125
0.2175,-4.634521484375,5.375244140625,0.090087890625
0.218,-3.873779296875,5.695556640625,-0.830810546875
0.2185,-2.632568359375,5.735595703125,-2.072021484375
0.219,-1.151123046875,5.815673828125,-3.593505859375
0.2195,0.250244140625,5.815673828125,-4.954833984375
0.22,0.970947265625,5.895751953125,-5.795654296875
0.2205,1.691650390625,5.735595703125,-6.476318359375
0.221,2.732666015625,4.934814453125,-6.916748046875
0.2215,4.053955078125,3.493408203125,-7.076904296875
0.222,5.135009765625,1.931884765625,-6.956787109375
0.2225,5.935791015625,0.610595703125,-6.796630859375
0.223,6.095947265625,-0.270263671875,-6.556396484375
0.2235,5.975830078125,-1.031005859375,-5.955810546875
0.224,5.655517578125,-2.112060546875,-4.834716796875
0.2245,5.255126953125,-3.513427734375,-3.353271484375
0.225,4.894775390625,-4.834716796875,-1.911865234375
0.2255,4.534423828125,-5.755615234375,-0.830810546875
0.226,4.174072265625,-6.196044921875,0.010009765625
0.2265,3.333251953125,-6.356201171875,0.930908203125
0.227,1.931884765625,-6.436279296875,2.332275390625
0.2275,0.370361328125,-6.396240234375,3.853759765625
0.228,-0.830810546875,-6.476318359375,5.094970703125
0.2285,-1.431396484375,-6.556396484375,5.855712890625
0.229,-2.272216796875,-6.236083984375,6.456298828125
0.2295,-3.393310546875,-5.195068359375,6.816650390625
0.23,-4.674560546875,-3.713623046875,6.896728515625
0.2305,-5.715576171875,-2.232177734375,6.736572265625
0.231,-6.356201171875,-1.111083984375,6.576416015625
0.2315,-6.396240234375,-0.390380859375,6.296142578125
0.232,-6.236083984375,0.570556640625,5.615478515625
0.2325,-5.875732421875,1.731689453125,4.334228515625
0.233,-5.475341796875,3.052978515625,2.812744140625
0.2335,-5.195068359375,4.334228515625,1.451416015625
0.234,-4.874755859375,5.135009765625,0.570556640625
0.2345,-4.354248046875,5.535400390625,-0.350341796875
0.235,-3.353271484375,5.735595703125,-1.351318359375
0.2355,-1.911865234375,5.775634765625,-2.872802734375
0.236,-0.390380859375,5.775634765625,-4.394287109375
0.2365,0.610595703125,5.895751953125,-5.435302734375
0.237,1.251220703125,5.895751953125,-6.196044921875
0.2375,2.252197265625,5.335205078125,-6.756591796875
0.238,3.533447265625,4.093994140625,-7.036865234375
0.2385,4.734619140625,2.572509765625,-7.036865234375
0.239,5.695556640625,1.091064453125,-6.916748046875
0.2395,6.095947265625,0.170166015625,-6.716552734375
0.24,6.135986328125,-0.710693359375,-6.316162109375
0.2405,5.895751953125,-1.711669921875,-5.435302734375
0.241,5.495361328125,-3.072998046875,-3.993896484375
0.2415,5.094970703125,-4.474365234375,-2.392333984375
0.242,4.814697265625,-5.515380859375,-1.151123046875
0.2425,4.414306640625,-6.115966796875,-0.310302734375
0.243,3.693603515625,-6.436279296875,0.650634765625
0.2435,2.412353515625,-6.516357421875,1.931884765625
0.244,0.850830078125,-6.556396484375,3.533447265625
0.2445,-0.630615234375,-6.476318359375,4.934814453125
0.245,-1.351318359375,-6.556396484375,5.775634765625
0.2455,-2.072021484375,-6.396240234375,6.456298828125
0.246,-3.153076171875,-5.595458984375,6.896728515625
0.2465,-4.514404296875,-4.114013671875,7.056884765625
0.247,-5.595458984375,-2.552490234375,6.896728515625
0.2475,-6.356201171875,-1.231201171875,6.696533203125
0.248,-6.476318359375,-0.470458984375,6.416259765625
0.2485,-6.356201171875,0.370361328125,5.775634765625
0.249,-5.995849609375,1.491455078125,4.614501953125
0.2495,-5.635498046875,2.812744140625,3.173095703125
0.25,-5.195068359375,4.134033203125,1.691650390625
0.2505,-4.874755859375,5.014892578125,0.690673828125
0.251,-4.434326171875,5.495361328125,-0.190185546875
0.2515,-3.593505859375,5.655517578125,-1.071044921875
0.252,-2.272216796875,5.735595703125,-2.432373046875
0.2525,-0.790771484375,5.695556640625,-3.913818359375
0.253,0.450439453125,5.735595703125,-5.114990234375
0.2535,1.051025390625,5.815673828125,-5.915771484375
0.254,1.851806640625,5.535400390625,-6.476318359375
0.2545,2.932861328125,4.534423828125,-6.796630859375
0.255,4.134033203125,3.133056640625,-6.916748046875
0.2555,5.215087890625,1.571533203125,-6.756591796875
0.256,5.775634765625,0.570556640625,-6.596435546875
0.2565,5.895751953125,-0.310302734375,-6.356201171875
0.257,5.735595703125,-1.071044921875,-5.755615234375
0.2575,5.375244140625,-2.192138671875,-4.554443359375
0.258,5.054931640625,-3.473388671875,-3.113037109375
0.2585,4.774658203125,-4.674560546875,-1.831787109375
0.259,4.494384765625,-5.475341796875,-0.950927734375
0.2595,4.013916015625,-5.915771484375,-0.150146484375
0.26,3.173095703125,-6.115966796875,0.890869140625
0.2605,1.851806640625,-6.236083984375,2.252197265625
0.261,0.330322265625,-6.196044921875,3.773681640625
0.2615,-0.630615234375,-6.396240234375,4.814697265625
0.262,-1.271240234375,-6.476318359375,5.615478515625
0.2625,-2.112060546875,-6.115966796875,6.216064453125
0.263,-3.313232421875,-4.994873046875,6.496337890625
0.2635,-4.514404296875,-3.593505859375,6.576416015625
0.264,-5.515380859375,-2.192138671875,6.496337890625
0.2645,-5.955810546875,-1.311279296875,6.416259765625
0.265,-6.075927734375,-0.630615234375,6.135986328125
0.2655,-5.915771484375,0.290283203125,5.375244140625
0.266,-5.635498046875,1.531494140625,4.174072265625
0.2665,-5.275146484375,2.892822265625,2.732666015625
0.267,-5.074951171875,4.013916015625,1.571533203125
0.2675,-4.794677734375,4.774658203125,0.770751953125
0.268,-4.234130859375,5.094970703125,0.010009765625
0.2685,-3.193115234375,5.335205078125,-1.231201171875
0.269,-1.871826171875,5.455322265625,-2.672607421875
0.2695,-0.590576171875,5.535400390625,-4.073974609375
0.27,0.290283203125,5.735595703125,-5.034912109375
0.2705,0.970947265625,5.735595703125,-5.755615234375
0.271,1.931884765625,5.135009765625,-6.276123046875
0.2715,3.213134765625,3.853759765625,-6.556396484375
0.272,4.374267578125,2.412353515625,-6.516357421875
0.2725,5.175048828125,1.131103515625,-6.476318359375
0.273,5.535400390625,0.410400390625,-6.396240234375
0.2735,5.495361328125,-0.430419921875,-5.955810546875
0.274,5.335205078125,-1.311279296875,-5.114990234375
0.2745,5.054931640625,-2.552490234375,-3.793701171875
0.275,4.774658203125,-3.873779296875,-2.432373046875
0.2755,4.534423828125,-4.834716796875,-1.431396484375
0.276,4.294189453125,-5.435302734375,-0.710693359375
0.2765,3.573486328125,-5.755615234375,0.250244140625
0.277,2.412353515625,-5.915771484375,1.451416015625
0.2775,1.010986328125,-5.955810546875,2.892822265625
0.278,0.010009765625,-6.115966796875,4.134033203125
0.2785,-0.790771484375,-6.276123046875,5.014892578125
0.279,-1.511474609375,-6.115966796875,5.695556640625
0.2795,-2.552490234375,-5.355224609375,6.055908203125
0.28,-3.713623046875,-4.114013671875,6.256103515625
0.2805,-4.794677734375,-2.752685546875,6.216064453125
0.281,-5.475341796875,-1.751708984375,6.176025390625
0.2815,-5.755615234375,-1.151123046875,6.055908203125
0.282,-5.635498046875,-0.310302734375,5.575439453125
0.2825,-5.435302734375,0.770751953125,4.614501953125
0.283,-5.155029296875,1.931884765625,3.373291015625
0.2835,-4.954833984375,3.173095703125,2.172119140625
0.284,-4.794677734375,4.013916015625,1.331298828125
0.2845,-4.474365234375,4.574462890625,0.610595703125
0.285,-3.753662109375,4.854736328125,-0.390380859375
0.2855,-2.592529296875,5.094970703125,-1.591552734375
0.286,-1.311279296875,5.175048828125,-3.032958984375
0.2865,-0.510498046875,5.415283203125,-4.114013671875
0.287,0.210205078125,5.655517578125,-4.954833984375
0.2875,1.051025390625,5.375244140625,-5.595458984375
0.288,2.172119140625,4.494384765625,-5.955810546875
0.2885,3.333251953125,3.213134765625,-6.115966796875
0.289,4.334228515625,1.931884765625,-6.156005859375
0.2895,4.854736328125,1.131103515625,-6.276123046875
0.29,5.135009765625,0.530517578125,-6.115966796875
0.2905,5.135009765625,-0.350341796875,-5.595458984375
0.291,4.934814453125,-1.431396484375,-4.554443359375
0.2915,4.694580078125,-2.632568359375,-3.313232421875
0.292,4.614501953125,-3.793701171875,-2.312255859375
0.2925,4.494384765625,-4.554443359375,-1.551513671875
0.293,4.013916015625,-5.074951171875,-0.790771484375
0.2935,3.173095703125,-5.395263671875,0.330322265625
0.294,2.092041015625,-5.595458984375,1.571533203125
0.2945,0.930908203125,-5.755615234375,2.932861328125
0.295,0.210205078125,-6.075927734375,3.893798828125
0.2955,-0.590576171875,-6.236083984375,4.774658203125
0.296,-1.431396484375,-5.835693359375,5.375244140625
0.2965,-2.592529296875,-4.874755859375,5.735595703125
0.297,-3.713623046875,-3.673583984375,5.815673828125
0.2975,-4.674560546875,-2.552490234375,5.895751953125
0.298,-5.155029296875,-1.831787109375,6.015869140625
0.2985,-5.275146484375,-1.151123046875,5.735595703125
0.299,-5.195068359375,-0.310302734375,5.094970703125
0.2995,-5.074951171875,0.850830078125,4.134033203125
0.3,-4.914794921875,2.052001953125,2.972900390625
0.3005,-4.834716796875,3.093017578125,2.092041015625
0.301,-4.714599609375,3.853759765625,1.411376953125
0.3015,-4.234130859375,4.294189453125,0.610595703125
0.302,-3.353271484375,4.614501953125,-0.630615234375
0.3025,-2.232177734375,4.854736328125,-1.911865234375
0.303,-1.271240234375,5.135009765625,-3.153076171875
0.3035,-0.630615234375,5.495361328125,-4.114013671875
0.304,0.250244140625,5.495361328125,-4.914794921875
0.3045,1.251220703125,4.934814453125,-5.475341796875
0.305,2.412353515625,3.853759765625,-5.795654296875
0.3055,3.573486328125,2.612548828125,-5.915771484375
0.306,4.374267578125,1.731689453125,-6.075927734375
0.3065,4.814697265625,1.051025390625,-6.115966796875
0.307,4.934814453125,0.330322265625,-5.755615234375
0.3075,4.814697265625,-0.710693359375,-4.994873046875
0.308,4.654541015625,-1.871826171875,-3.913818359375
0.3085,4.574462890625,-3.113037109375,-2.832763671875
0.309,4.494384765625,-4.033935546875,-1.991943359375
0.3095,4.294189453125,-4.674560546875,-1.271240234375
0.31,3.653564453125,-5.114990234375,-0.390380859375
0.3105,2.612548828125,-5.395263671875,0.970947265625
0.311,1.411376953125,-5.635498046875,2.292236328125
0.3115,0.610595703125,-5.955810546875,3.453369140625
0.312,-0.190185546875,-6.196044921875,4.414306640625
0.3125,-0.990966796875,-6.075927734375,5.094970703125
0.313,-2.112060546875,-5.235107421875,5.535400390625
0.3135,-3.313232421875,-4.114013671875,5.735595703125
0.314,-4.354248046875,-2.832763671875,5.895751953125
0.3145,-4.994873046875,-2.031982421875,5.975830078125
0.315,-5.275146484375,-1.391357421875,5.855712890625
0.3155,-5.275146484375,-0.590576171875,5.375244140625
0.316,-5.114990234375,0.570556640625,4.414306640625
0.3165,-4.954833984375,1.811767578125,3.253173828125
0.317,-4.874755859375,2.972900390625,2.252197265625
0.3175,-4.754638671875,3.773681640625,1.451416015625
0.318,-4.354248046875,4.294189453125,0.730712890625
0.3185,-3.553466796875,4.614501953125,-0.390380859375
0.319,-2.432373046875,4.854736328125,-1.671630859375
0.3195,-1.351318359375,5.094970703125,-3.032958984375
0.32,-0.630615234375,5.415283203125,-4.033935546875
0.3205,0.170166015625,5.495361328125,-4.914794921875
0.321,1.131103515625,5.094970703125,-5.515380859375
0.3215,2.292236328125,4.053955078125,-5.915771484375
0.322,3.533447265625,2.812744140625,-5.995849609375
0.3225,4.454345703125,1.691650390625,-6.115966796875
0.323,4.894775390625,1.010986328125,-6.115966796875
0.3235,5.014892578125,0.290283203125,-5.835693359375
0.324,4.934814453125,-0.710693359375,-5.114990234375
0.3245,4.774658203125,-1.831787109375,-4.033935546875
0.325,4.574462890625,-3.113037109375,-2.832763671875
0.3255,4.494384765625,-4.114013671875,-1.951904296875
0.326,4.334228515625,-4.834716796875,-1.231201171875
0.3265,3.773681640625,-5.195068359375,-0.390380859375
0.327,2.692626953125,-5.435302734375,0.890869140625
0.3275,1.491455078125,-5.635498046875,2.252197265625
0.328,0.490478515625,-5.915771484375,3.493408203125
0.3285,-0.230224609375,-6.236083984375,4.414306640625
0.329,-0.990966796875,-6.115966796875,5.135009765625
0.3295,-2.112060546875,-5.435302734375,5.655517578125
0.33,-3.273193359375,-4.234130859375,5.895751953125
0.3305,-4.394287109375,-2.912841796875,5.975830078125
0.331,-5.114990234375,-1.951904296875,6.055908203125
0.3315,-5.435302734375,-1.311279296875,5.975830078125
0.332,-5.435302734375,-0.590576171875,5.495361328125
0.3325,-5.275146484375,0.570556640625,4.574462890625
0.333,-5.074951171875,1.771728515625,3.413330078125
0.3335,-4.954833984375,3.012939453125,2.252197265625
0.334,-4.834716796875,3.853759765625,1.451416015625
0.3345,-4.474365234375,4.454345703125,0.690673828125
0.335,-3.753662109375,4.774658203125,-0.310302734375
0.3355,-2.592529296875,5.014892578125,-1.631591796875
0.336,-1.351318359375,5.175048828125,-3.072998046875
0.3365,-0.550537109375,5.415283203125,-4.154052734375
0.337,0.250244140625,5.615478515625,-4.994873046875
0.3375,1.131103515625,5.215087890625,-5.675537109375
0.338,2.372314453125,4.294189453125,-6.075927734375
0.3385,3.533447265625,3.012939453125,-6.236083984375
0.339,4.614501953125,1.731689453125,-6.236083984375
0.3395,5.094970703125,0.930908203125,-6.276123046875
0.34,5.295166015625,0.210205078125,-6.035888671875
0.3405,5.215087890625,-0.750732421875,-5.395263671875
0.341,5.014892578125,-1.951904296875,-4.234130859375
0.3415,4.734619140625,-3.233154296875,-2.872802734375
0.342,4.614501953125,-4.354248046875,-1.871826171875
0.3425,4.414306640625,-5.114990234375,-1.031005859375
0.343,3.853759765625,-5.515380859375,-0.270263671875
0.3435,2.812744140625,-5.755615234375,1.010986328125
0.344,1.531494140625,-5.915771484375,2.412353515625
0.3445,0.290283203125,-6.115966796875,3.773681640625
0.345,-0.510498046875,-6.316162109375,4.774658203125
0.3455,-1.231201171875,-6.356201171875,5.495361328125
0.346,-2.272216796875,-5.635498046875,6.095947265625
0.3465,-3.553466796875,-4.394287109375,6.336181640625
0.347,-4.714599609375,-2.912841796875,6.336181640625
0.3475,-5.595458984375,-1.791748046875,6.336181640625
0.348,-5.835693359375,-1.031005859375,6.216064453125
0.3485,-5.835693359375,-0.270263671875,5.735595703125
0.349,-5.635498046875,0.930908203125,4.694580078125
0.3495,-5.395263671875,2.212158203125,3.373291015625
0.35,-5.114990234375,3.533447265625,2.052001953125
0.3505,-4.914794921875,4.454345703125,1.091064453125
0.351,-4.514404296875,5.014892578125,0.330322265625
0.3515,-3.753662109375,5.255126953125,-0.670654296875
0.352,-2.432373046875,5.415283203125,-2.072021484375
0.3525,-1.031005859375,5.455322265625,-3.593505859375
0.353,0.090087890625,5.615478515625,-4.794677734375
0.3535,0.690673828125,5.735595703125,-5.635498046875
0.354,1.611572265625,5.455322265625,-6.276123046875
0.3545,2.852783203125,4.414306640625,-6.676513671875
0.355,4.134033203125,3.012939453125,-6.796630859375
0.3555,5.175048828125,1.491455078125,-6.676513671875
0.356,5.735595703125,0.530517578125,-6.556396484375
0.3565,5.815673828125,-0.350341796875,-6.276123046875
0.357,5.695556640625,-1.231201171875,-5.515380859375
0.3575,5.375244140625,-2.512451171875,-4.234130859375
0.358,5.014892578125,-3.833740234375,-2.752685546875
0.3585,4.734619140625,-4.994873046875,-1.511474609375
0.359,4.414306640625,-5.715576171875,-0.630615234375
0.3595,3.853759765625,-6.115966796875,0.250244140625
0.36,2.772705078125,-6.236083984375,1.331298828125
0.3605,1.291259765625,-6.396240234375,2.852783203125
0.361,-0.270263671875,-6.356201171875,4.334228515625
0.3615,-1.031005859375,-6.476318359375,5.295166015625
0.362,-1.631591796875,-6.396240234375,6.055908203125
0.3625,-2.672607421875,-5.755615234375,6.536376953125
0.363,-3.953857421875,-4.474365234375,6.776611328125
0.3635,-5.114990234375,-2.992919921875,6.776611328125
0.364,-6.035888671875,-1.591552734375,6.616455078125
0.3645,-6.316162109375,-0.750732421875,6.416259765625
0.365,-6.276123046875,0.130126953125,5.935791015625
0.3655,-5.995849609375,1.051025390625,5.014892578125
0.366,-5.635498046875,2.372314453125,3.613525390625
0.3665,-5.275146484375,3.693603515625,2.052001953125
0.367,-4.994873046875,4.774658203125,0.970947265625
0.3675,-4.594482421875,5.335205078125,0.170166015625
0.368,-3.873779296875,5.575439453125,-0.790771484375
0.3685,-2.632568359375,5.655517578125,-2.031982421875
0.369,-1.151123046875,5.735595703125,-3.553466796875
0.3695,0.170166015625,5.735595703125,-4.914794921875
0.37,0.890869140625,5.895751953125,-5.755615234375
0.3705,1.611572265625,5.695556640625,-6.436279296875
0.371,2.692626953125,4.854736328125,-6.876708984375
0.3715,4.053955078125,3.413330078125,-7.036865234375
0.372,5.135009765625,1.851806640625,-6.916748046875
0.3725,5.895751953125,0.610595703125,-6.716552734375
0.373,6.055908203125,-0.270263671875,-6.476318359375
0.3735,5.895751953125,-1.071044921875,-5.915771484375
0.374,5.615478515625,-2.192138671875,-4.754638671875
0.3745,5.215087890625,-3.553466796875,-3.233154296875
0.375,4.854736328125,-4.834716796875,-1.791748046875
0.3755,4.534423828125,-5.675537109375,-0.790771484375
0.376,4.134033203125,-6.156005859375,0.050048828125
0.3765,3.253173828125,-6.396240234375,0.970947265625
0.377,1.771728515625,-6.436279296875,2.412353515625
0.3775,0.250244140625,-6.396240234375,3.973876953125
0.378,-0.870849609375,-6.436279296875,5.094970703125
0.3785,-1.471435546875,-6.476318359375,5.895751953125
0.379,-2.352294921875,-6.115966796875,6.456298828125
0.3795,-3.553466796875,-5.034912109375,6.776611328125
0.38,-4.754638671875,-3.553466796875,6.856689453125
0.3805,-5.755615234375,-2.072021484375,6.696533203125
0.381,-6.316162109375,-0.990966796875,6.536376953125
0.3815,-6.396240234375,-0.310302734375,6.216064453125
0.382,-6.156005859375,0.650634765625,5.455322265625
0.3825,-5.795654296875,1.931884765625,4.134033203125
0.383,-5.435302734375,3.213134765625,2.692626953125
0.3835,-5.114990234375,4.454345703125,1.331298828125
0.384,-4.794677734375,5.135009765625,0.490478515625
0.3845,-4.234130859375,5.495361328125,-0.430419921875
0.385,-3.193115234375,5.615478515625,-1.471435546875
0.3855,-1.751708984375,5.695556640625,-3.032958984375
0.386,-0.310302734375,5.735595703125,-4.474365234375
0.3865,0.610595703125,5.815673828125,-5.475341796875
0.387,1.291259765625,5.855712890625,-6.236083984375
0.3875,2.292236328125,5.255126953125,-6.716552734375
0.388,3.573486328125,3.933837890625,-6.996826171875
0.3885,4.774658203125,2.452392578125,-6.956787109375
0.389,5.695556640625,0.970947265625,-6.796630859375
0.3895,6.055908203125,0.130126953125,-6.676513671875
0.39,6.055908203125,-0.710693359375,-6.236083984375
0.3905,5.775634765625,-1.711669921875,-5.315185546875
0.391,5.415283203125,-3.072998046875,-3.833740234375
0.3915,5.054931640625,-4.434326171875,-2.312255859375
0.392,4.774658203125,-5.515380859375,-1.151123046875
0.3925,4.374267578125,-6.156005859375,-0.350341796875
0.393,3.613525390625,-6.396240234375,0.650634765625
0.3935,2.292236328125,-6.516357421875,1.931884765625
0.394,0.770751953125,-6.476318359375,3.533447265625
0.3945,-0.630615234375,-6.476318359375,4.894775390625
0.395,-1.311279296875,-6.596435546875,5.775634765625
0.3955,-2.072021484375,-6.396240234375,6.416259765625
0.396,-3.193115234375,-5.515380859375,6.896728515625
0.3965,-4.554443359375,-4.033935546875,7.056884765625
0.397,-5.635498046875,-2.432373046875,6.896728515625
0.3975,-6.396240234375,-1.191162109375,6.696533203125
0.398,-6.516357421875,-0.430419921875,6.416259765625
0.3985,-6.396240234375,0.530517578125,5.735595703125
0.399,-6.035888671875,1.651611328125,4.534423828125
0.3995,-5.635498046875,3.012939453125,3.052978515625
0.4,-5.235107421875,4.294189453125,1.571533203125
0.4005,-4.874755859375,5.094970703125,0.610595703125
0.401,-4.434326171875,5.575439453125,-0.310302734375
0.4015,-3.553466796875,5.695556640625,-1.271240234375
0.402,-2.031982421875,5.775634765625,-2.672607421875
0.4025,-0.550537109375,5.735595703125,-4.194091796875
0.403,0.610595703125,5.815673828125,-5.395263671875
0.4035,1.211181640625,5.855712890625,-6.115966796875
0.404,2.052001953125,5.415283203125,-6.636474609375
0.4045,3.253173828125,4.334228515625,-6.956787109375
0.405,4.494384765625,2.852783203125,-6.996826171875
0.4055,5.455322265625,1.291259765625,-6.836669921875
0.406,5.975830078125,0.290283203125,-6.676513671875
0.4065,6.055908203125,-0.510498046875,-6.356201171875
0.407,5.815673828125,-1.351318359375,-5.595458984375
0.4075,5.455322265625,-2.552490234375,-4.314208984375
0.408,5.054931640625,-3.873779296875,-2.792724609375
0.4085,4.734619140625,-5.074951171875,-1.471435546875
0.409,4.414306640625,-5.795654296875,-0.630615234375
0.4095,3.853759765625,-6.156005859375,0.250244140625
0.41,2.852783203125,-6.276123046875,1.251220703125
0.4105,1.411376953125,-6.316162109375,2.692626953125
0.411,-0.150146484375,-6.276123046875,4.174072265625
0.4115,-0.990966796875,-6.396240234375,5.175048828125
0.412,-1.591552734375,-6.436279296875,5.895751953125
0.4125,-2.472412109375,-5.915771484375,6.416259765625
0.413,-3.713623046875,-4.714599609375,6.696533203125
0.4135,-4.834716796875,-3.233154296875,6.656494140625
0.414,-5.755615234375,-1.871826171875,6.536376953125
0.4145,-6.115966796875,-1.031005859375,6.416259765625
0.415,-6.156005859375,-0.310302734375,6.055908203125
0.4155,-5.915771484375,0.650634765625,5.215087890625
0.416,-5.635498046875,1.891845703125,3.973876953125
0.4165,-5.235107421875,3.173095703125,2.492431640625
0.417,-5.034912109375,4.254150390625,1.331298828125
0.4175,-4.754638671875,4.894775390625,0.530517578125
0.418,-4.114013671875,5.255126953125,-0.350341796875
0.4185,-2.992919921875,5.415283203125,-1.511474609375
0.419,-1.591552734375,5.535400390625,-2.952880859375
0.4195,-0.350341796875,5.575439453125,-4.314208984375
0.42,0.450439453125,5.735595703125,-5.195068359375
0.4205,1.131103515625,5.735595703125,-5.915771484375
0.421,2.092041015625,5.054931640625,-6.396240234375
0.4215,3.413330078125,3.733642578125,-6.596435546875
0.422,4.534423828125,2.252197265625,-6.556396484375
0.4225,5.335205078125,1.131103515625,-6.476318359375
0.423,5.615478515625,0.370361328125,-6.396240234375
0.4235,5.575439453125,-0.510498046875,-5.915771484375
0.424,5.335205078125,-1.471435546875,-4.994873046875
0.4245,5.014892578125,-2.752685546875,-3.673583984375
0.425,4.774658203125,-3.993896484375,-2.352294921875
0.4255,4.494384765625,-4.954833984375,-1.391357421875
0.426,4.214111328125,-5.475341796875,-0.670654296875
0.4265,3.533447265625,-5.755615234375,0.290283203125
0.427,2.292236328125,-5.915771484375,1.571533203125
0.4275,0.930908203125,-5.955810546875,3.012939453125
0.428,-0.150146484375,-6.115966796875,4.174072265625
0.4285,-0.790771484375,-6.316162109375,5.054931640625
0.429,-1.551513671875,-6.115966796875,5.695556640625
0.4295,-2.592529296875,-5.275146484375,6.095947265625
0.43,-3.793701171875,-4.033935546875,6.256103515625
0.4305,-4.834716796875,-2.712646484375,6.216064453125
0.431,-5.475341796875,-1.711669921875,6.216064453125
0.4315,-5.715576171875,-1.071044921875,6.095947265625
0.432,-5.635498046875,-0.310302734375,5.535400390625
0.4325,-5.435302734375,0.770751953125,4.574462890625
0.433,-5.155029296875,1.971923828125,3.293212890625
0.4335,-4.994873046875,3.173095703125,2.092041015625
0.434,-4.794677734375,4.053955078125,1.331298828125
0.4345,-4.434326171875,4.614501953125,0.610595703125
0.435,-3.713623046875,4.854736328125,-0.470458984375
0.4355,-2.552490234375,5.094970703125,-1.711669921875
0.436,-1.231201171875,5.175048828125,-3.113037109375
0.4365,-0.430419921875,5.455322265625,-4.194091796875
0.437,0.290283203125,5.655517578125,-5.034912109375
0.4375,1.131103515625,5.335205078125,-5.675537109375
0.438,2.252197265625,4.414306640625,-6.035888671875
0.4385,3.453369140625,3.173095703125,-6.156005859375
0.439,4.494384765625,1.891845703125,-6.236083984375
0.4395,5.014892578125,1.091064453125,-6.276123046875
0.44,5.175048828125,0.410400390625,-6.075927734375
0.4405,5.135009765625,-0.510498046875,-5.475341796875
0.441,4.934814453125,-1.671630859375,-4.474365234375
0.4415,4.654541015625,-2.912841796875,-3.193115234375
0.442,4.614501953125,-3.993896484375,-2.112060546875
0.4425,4.454345703125,-4.754638671875,-1.391357421875
0.443,3.973876953125,-5.195068359375,-0.630615234375
0.4435,3.052978515625,-5.475341796875,0.530517578125
0.444,1.851806640625,-5.715576171875,1.891845703125
0.4445,0.690673828125,-5.835693359375,3.213134765625
0.445,0.010009765625,-6.115966796875,4.174072265625
0.4455,-0.790771484375,-6.236083984375,4.974853515625
0.446,-1.631591796875,-5.755615234375,5.535400390625
0.4465,-2.872802734375,-4.674560546875,5.815673828125
0.447,-3.993896484375,-3.353271484375,5.895751953125
0.4475,-4.874755859375,-2.272216796875,6.015869140625
0.448,-5.275146484375,-1.631591796875,6.015869140625
0.4485,-5.395263671875,-0.990966796875,5.695556640625
0.449,-5.275146484375,0.010009765625,4.974853515625
0.4495,-5.114990234375,1.131103515625,3.893798828125
0.45,-4.914794921875,2.412353515625,2.692626953125
0.4505,-4.834716796875,3.373291015625,1.851806640625
0.451,-4.634521484375,4.053955078125,1.131103515625
0.4515,-4.114013671875,4.494384765625,0.370361328125
0.452,-3.113037109375,4.774658203125,-0.910888671875
0.4525,-1.951904296875,4.934814453125,-2.232177734375
0.453,-1.031005859375,5.175048828125,-3.393310546875
0.4535,-0.390380859375,5.495361328125,-4.354248046875
0.454,0.490478515625,5.415283203125,-5.074951171875
0.4545,1.491455078125,4.774658203125,-5.595458984375
0.455,2.652587890625,3.733642578125,-5.835693359375
0.4555,3.813720703125,2.412353515625,-5.955810546875
0.456,4.494384765625,1.571533203125,-6.075927734375
0.4565,4.854736328125,0.890869140625,-6.075927734375
0.457,4.934814453125,0.170166015625,-5.715576171875
0.4575,4.814697265625,-0.950927734375,-4.914794921875
0.458,4.614501953125,-2.072021484375,-3.753662109375
0.4585,4.534423828125,-3.233154296875,-2.712646484375
0.459,4.494384765625,-4.154052734375,-1.911865234375
0.4595,4.214111328125,-4.754638671875,-1.231201171875
0.46,3.533447265625,-5.114990234375,-0.310302734375
0.4605,2.532470703125,-5.435302734375,1.010986328125
0.461,1.291259765625,-5.635498046875,2.412353515625
0.4615,0.570556640625,-5.955810546875,3.533447265625
0.462,-0.190185546875,-6.156005859375,4.414306640625
0.4625,-1.031005859375,-5.955810546875,5.094970703125
0.463,-2.192138671875,-5.155029296875,5.535400390625
0.4635,-3.353271484375,-3.993896484375,5.735595703125
0.464,-4.394287109375,-2.832763671875,5.895751953125
0.4645,-4.954833984375,-2.072021484375,5.935791015625
0.465,-5.235107421875,-1.471435546875,5.855712890625
0.4655,-5.275146484375,-0.630615234375,5.255126953125
0.466,-5.114990234375,0.570556640625,4.414306640625
0.4665,-4.954833984375,1.811767578125,3.213134765625
0.467,-4.914794921875,2.892822265625,2.252197265625
0.4675,-4.754638671875,3.693603515625,1.531494140625
0.468,-4.354248046875,4.214111328125,0.770751953125
0.4685,-3.553466796875,4.534423828125,-0.390380859375
0.469,-2.472412109375,4.854736328125,-1.671630859375
0.4695,-1.351318359375,5.094970703125,-2.992919921875
0.47,-0.670654296875,5.455322265625,-3.993896484375
0.4705,0.130126953125,5.575439453125,-4.874755859375
0.471,1.091064453125,5.094970703125,-5.475341796875
0.4715,2.292236328125,4.093994140625,-5.835693359375
0.472,3.533447265625,2.732666015625,-5.955810546875
0.4725,4.414306640625,1.651611328125,-6.115966796875
0.473,4.814697265625,1.010986328125,-6.115966796875
0.4735,4.974853515625,0.290283203125,-5.795654296875
0.474,4.854736328125,-0.710693359375,-5.074951171875
0.4745,4.734619140625,-1.871826171875,-3.993896484375
0.475,4.614501953125,-3.153076171875,-2.832763671875
0.4755,4.494384765625,-4.114013671875,-1.951904296875
0.476,4.294189453125,-4.834716796875,-1.231201171875
0.4765,3.693603515625,-5.195068359375,-0.390380859375
0.477,2.652587890625,-5.435302734375,0.970947265625
0.4775,1.411376953125,-5.635498046875,2.332275390625
0.478,0.490478515625,-5.915771484375,3.533447265625
0.4785,-0.270263671875,-6.156005859375,4.454345703125
0.479,-1.071044921875,-6.035888671875,5.135009765625
0.4795,-2.152099609375,-5.275146484375,5.615478515625
0.48,-3.353271484375,-4.154052734375,5.895751953125
0.4805,-4.474365234375,-2.872802734375,5.975830078125
0.481,-5.155029296875,-1.951904296875,6.015869140625
0.4815,-5.435302734375,-1.311279296875,5.895751953125
0.482,-5.435302734375,-0.510498046875,5.415283203125
0.4825,-5.275146484375,0.610595703125,4.494384765625
0.483,-5.034912109375,1.891845703125,3.293212890625
0.4835,-4.914794921875,3.093017578125,2.172119140625
0.484,-4.794677734375,3.893798828125,1.371337890625
0.4845,-4.434326171875,4.454345703125,0.610595703125
0.485,-3.593505859375,4.734619140625,-0.430419921875
0.4855,-2.512451171875,5.014892578125,-1.751708984375
0.486,-1.271240234375,5.175048828125,-3.153076171875
0.4865,-0.510498046875,5.455322265625,-4.194091796875
0.487,0.290283203125,5.615478515625,-5.074951171875
0.4875,1.211181640625,5.175048828125,-5.675537109375
0.488,2.452392578125,4.174072265625,-6.075927734375
0.4885,3.653564453125,2.852783203125,-6.196044921875
0.489,4.614501953125,1.611572265625,-6.196044921875
0.4895,5.054931640625,0.810791015625,-6.236083984375
0.49,5.215087890625,0.170166015625,-5.915771484375
0.4905,5.135009765625,-0.790771484375,-5.275146484375
0.491,4.934814453125,-1.991943359375,-4.114013671875
0.4915,4.734619140625,-3.273193359375,-2.832763671875
0.492,4.534423828125,-4.354248046875,-1.791748046875
0.4925,4.334228515625,-5.074951171875,-1.071044921875
0.493,3.773681640625,-5.435302734375,-0.270263671875
0.4935,2.732666015625,-5.635498046875,1.010986328125
0.494,1.451416015625,-5.835693359375,2.412353515625
0.4945,0.330322265625,-6.035888671875,3.733642578125
0.495,-0.470458984375,-6.236083984375,4.654541015625
0.4955,-1.191162109375,-6.236083984375,5.415283203125
0.496,-2.232177734375,-5.555419921875,5.935791015625
0.4965,-3.513427734375,-4.354248046875,6.216064453125
0.497,-4.634521484375,-2.952880859375,6.176025390625
0.4975,-5.435302734375,-1.871826171875,6.216064453125
0.498,-5.715576171875,-1.151123046875,6.095947265625
0.4985,-5.715576171875,-0.350341796875,5.655517578125
0.499,-5.475341796875,0.770751953125,4.654541015625
0.4995,-5.275146484375,2.011962890625,3.453369140625
0.5,-5.034912109375,3.333251953125,2.092041015625
0.5005,-4.874755859375,4.214111328125,1.251220703125
0.501,-4.514404296875,4.814697265625,0.490478515625
0.5015,-3.793701171875,5.094970703125,-0.510498046875
0.502,-2.512451171875,5.255126953125,-1.911865234375
0.5025,-1.151123046875,5.415283203125,-3.393310546875
0.503,-0.230224609375,5.615478515625,-4.554443359375
0.5035,0.530517578125,5.735595703125,-5.435302734375
0.504,1.451416015625,5.415283203125,-6.075927734375
0.5045,2.692626953125,4.334228515625,-6.476318359375
0.505,3.973876953125,2.972900390625,-6.676513671875
0.5055,4.974853515625,1.531494140625,-6.636474609375
0.506,5.575439453125,0.610595703125,-6.516357421875
0.5065,5.735595703125,-0.230224609375,-6.276123046875
0.507,5.615478515625,-1.111083984375,-5.555419921875
0.5075,5.295166015625,-2.392333984375,-4.234130859375
0.508,4.974853515625,-3.713623046875,-2.752685546875
0.5085,4.774658203125,-4.954833984375,-1.551513671875
0.509,4.454345703125,-5.635498046875,-0.710693359375
0.5095,3.853759765625,-6.035888671875,0.210205078125
0.51,2.692626953125,-6.156005859375,1.371337890625
0.5105,1.291259765625,-6.276123046875,2.932861328125
0.511,-0.230224609375,-6.316162109375,4.374267578125
0.5115,-0.990966796875,-6.436279296875,5.335205078125
0.512,-1.671630859375,-6.356201171875,6.055908203125
0.5125,-2.752685546875,-5.675537109375,6.536376953125
0.513,-4.114013671875,-4.354248046875,6.776611328125
0.5135,-5.235107421875,-2.872802734375,6.696533203125
0.514,-6.075927734375,-1.431396484375,6.576416015625
0.5145,-6.356201171875,-0.630615234375,6.376220703125
0.515,-6.276123046875,0.250244140625,5.815673828125
0.5155,-5.995849609375,1.291259765625,4.814697265625
0.516,-5.635498046875,2.652587890625,3.333251953125
0.5165,-5.195068359375,3.933837890625,1.851806640625
0.517,-4.954833984375,4.934814453125,0.770751953125
0.5175,-4.514404296875,5.415283203125,0.010009765625
0.518,-3.713623046875,5.655517578125,-0.990966796875
0.5185,-2.352294921875,5.735595703125,-2.312255859375
0.519,-0.870849609375,5.735595703125,-3.873779296875
0.5195,0.410400390625,5.775634765625,-5.114990234375
0.52,1.051025390625,5.855712890625,-5.915771484375
0.5205,1.851806640625,5.535400390625,-6.556396484375
0.521,3.012939453125,4.574462890625,-6.956787109375
0.5215,4.294189453125,3.052978515625,-7.076904296875
0.522,5.415283203125,1.571533203125,-6.916748046875
0.5225,6.015869140625,0.370361328125,-6.716552734375
0.523,6.095947265625,-0.470458984375,-6.436279296875
0.5235,5.935791015625,-1.271240234375,-5.755615234375
0.524,5.575439453125,-2.472412109375,-4.514404296875
0.5245,5.175048828125,-3.833740234375,-2.992919921875
0.525,4.814697265625,-5.074951171875,-1.591552734375
0.5255,4.494384765625,-5.835693359375,-0.630615234375
0.526,3.973876953125,-6.276123046875,0.250244140625
0.5265,3.052978515625,-6.396240234375,1.251220703125
0.527,1.571533203125,-6.436279296875,2.692626953125
0.5275,0.010009765625,-6.396240234375,4.214111328125
0.528,-1.031005859375,-6.476318359375,5.335205078125
0.5285,-1.631591796875,-6.556396484375,6.015869140625
0.529,-2.552490234375,-6.075927734375,6.576416015625
0.5295,-3.833740234375,-4.874755859375,6.856689453125
0.53,-4.994873046875,-3.353271484375,6.896728515625
0.5305,-5.955810546875,-1.911865234375,6.696533203125
0.531,-6.396240234375,-0.910888671875,6.536376953125
0.5315,-6.396240234375,-0.150146484375,6.135986328125
0.532,-6.156005859375,0.810791015625,5.335205078125
0.5325,-5.795654296875,2.052001953125,3.973876953125
0.533,-5.395263671875,3.453369140625,2.492431640625
0.5335,-5.114990234375,4.574462890625,1.251220703125
0.534,-4.754638671875,5.255126953125,0.370361328125
0.5345,-4.154052734375,5.575439453125,-0.510498046875
0.535,-3.072998046875,5.695556640625,-1.631591796875
0.5355,-1.551513671875,5.775634765625,-3.193115234375
0.536,-0.150146484375,5.775634765625,-4.634521484375
0.5365,0.730712890625,5.855712890625,-5.635498046875
0.537,1.411376953125,5.775634765625,-6.316162109375
0.5375,2.412353515625,5.094970703125,-6.796630859375
0.538,3.773681640625,3.813720703125,-7.036865234375
0.5385,4.894775390625,2.252197265625,-6.996826171875
0.539,5.735595703125,0.890869140625,-6.796630859375
0.5395,6.095947265625,0.050048828125,-6.636474609375
0.54,6.015869140625,-0.830810546875,-6.115966796875
0.5405,5.735595703125,-1.871826171875,-5.155029296875
0.541,5.375244140625,-3.193115234375,-3.673583984375
0.5415,4.974853515625,-4.554443359375,-2.152099609375
0.542,4.734619140625,-5.595458984375,-1.031005859375
0.5425,4.334228515625,-6.115966796875,-0.270263671875
0.543,3.533447265625,-6.396240234375,0.770751953125
0.5435,2.172119140625,-6.476318359375,2.132080078125
0.544,0.610595703125,-6.476318359375,3.733642578125
0.5445,-0.710693359375,-6.556396484375,5.014892578125
0.545,-1.391357421875,-6.596435546875,5.855712890625
0.5455,-2.192138671875,-6.396240234375,6.456298828125
0.546,-3.313232421875,-5.395263671875,6.896728515625
0.5465,-4.634521484375,-3.873779296875,7.056884765625
0.547,-5.755615234375,-2.312255859375,6.896728515625
0.5475,-6.396240234375,-1.111083984375,6.696533203125
0.548,-6.516357421875,-0.350341796875,6.376220703125
0.5485,-6.356201171875,0.610595703125,5.695556640625
0.549,-5.995849609375,1.811767578125,4.454345703125
0.5495,-5.595458984375,3.173095703125,2.892822265625
0.55,-5.235107421875,4.494384765625,1.451416015625
0.5505,-4.874755859375,5.255126953125,0.490478515625
0.551,-4.354248046875,5.695556640625,-0.390380859375
0.5515,-3.393310546875,5.815673828125,-1.351318359375
0.552,-1.911865234375,5.895751953125,-2.912841796875
0.5525,-0.350341796875,5.775634765625,-4.474365234375
0.553,0.690673828125,5.815673828125,-5.515380859375
0.5535,1.291259765625,5.815673828125,-6.276123046875
0.554,2.252197265625,5.335205078125,-6.756591796875
0.5545,3.493408203125,4.134033203125,-7.036865234375
0.555,4.654541015625,2.612548828125,-7.036865234375
0.5555,5.655517578125,1.131103515625,-6.836669921875
0.556,6.055908203125,0.170166015625,-6.636474609375
0.5565,6.055908203125,-0.670654296875,-6.276123046875
0.557,5.815673828125,-1.551513671875,-5.435302734375
0.5575,5.415283203125,-2.832763671875,-4.073974609375
0.558,5.014892578125,-4.114013671875,-2.552490234375
0.5585,4.734619140625,-5.235107421875,-1.311279296875
0.559,4.374267578125,-5.875732421875,-0.510498046875
0.5595,3.733642578125,-6.196044921875,0.370361328125
0.56,2.612548828125,-6.316162109375,1.491455078125
0.5605,1.171142578125,-6.396240234375,2.972900390625
0.561,-0.350341796875,-6.356201171875,4.414306640625
0.5615,-1.151123046875,-6.436279296875,5.295166015625
0.562,-1.671630859375,-6.356201171875,5.975830078125
0.5625,-2.632568359375,-5.755615234375,6.456298828125
0.563,-3.833740234375,-4.514404296875,6.696533203125
0.5635,-4.954833984375,-3.072998046875,6.656494140625
0.564,-5.835693359375,-1.751708984375,6.496337890625
0.5645,-6.115966796875,-0.990966796875,6.376220703125
0.565,-6.115966796875,-0.270263671875,5.935791015625
0.5655,-5.875732421875,0.770751953125,5.094970703125
0.566,-5.555419921875,1.971923828125,3.813720703125
0.5665,-5.195068359375,3.333251953125,2.332275390625
0.567,-4.994873046875,4.334228515625,1.291259765625
0.5675,-4.674560546875,4.974853515625,0.490478515625
0.568,-4.033935546875,5.295166015625,-0.390380859375
0.5685,-2.872802734375,5.415283203125,-1.591552734375
0.569,-1.511474609375,5.535400390625,-3.072998046875
0.5695,-0.310302734375,5.575439453125,-4.434326171875
0.57,0.490478515625,5.815673828125,-5.315185546875
0.5705,1.211181640625,5.695556640625,-5.995849609375
0.571,2.252197265625,4.974853515625,-6.476318359375
0.5715,3.573486328125,3.653564453125,-6.676513671875
0.572,4.654541015625,2.172119140625,-6.636474609375
0.5725,5.455322265625,1.010986328125,-6.556396484375
0.573,5.735595703125,0.290283203125,-6.436279296875
0.5735,5.615478515625,-0.630615234375,-5.915771484375
0.574,5.415283203125,-1.671630859375,-4.834716796875
0.5745,5.094970703125,-2.952880859375,-3.553466796875
0.575,4.814697265625,-4.234130859375,-2.192138671875
0.5755,4.574462890625,-5.114990234375,-1.231201171875
0.576,4.174072265625,-5.675537109375,-0.470458984375
0.5765,3.413330078125,-5.915771484375,0.530517578125
0.577,2.092041015625,-6.115966796875,1.931884765625
0.5775,0.610595703125,-6.115966796875,3.373291015625
0.578,-0.390380859375,-6.276123046875,4.534423828125
0.5785,-0.990966796875,-6.396240234375,5.335205078125
0.579,-1.831787109375,-6.035888671875,5.935791015625
0.5795,-3.032958984375,-5.074951171875,6.296142578125
0.58,-4.194091796875,-3.713623046875,6.416259765625
0.5805,-5.235107421875,-2.312255859375,6.376220703125
0.581,-5.755615234375,-1.391357421875,6.296142578125
0.5815,-5.835693359375,-0.710693359375,6.055908203125
0.582,-5.755615234375,0.130126953125,5.415283203125
0.5825,-5.475341796875,1.251220703125,4.294189453125
0.583,-5.155029296875,2.532470703125,2.892822265625
0.5835,-4.994873046875,3.693603515625,1.771728515625
0.584,-4.714599609375,4.454345703125,0.970947265625
0.5845,-4.234130859375,4.854736328125,0.210205078125
0.585,-3.353271484375,5.054931640625,-0.910888671875
0.5855,-2.152099609375,5.215087890625,-2.272216796875
0.586,-0.830810546875,5.295166015625,-3.633544921875
0.5865,0.050048828125,5.535400390625,-4.634521484375
0.587,0.650634765625,5.615478515625,-5.395263671875
0.5875,1.531494140625,5.175048828125,-5.915771484375
0.588,2.732666015625,4.134033203125,-6.276123046875
0.5885,3.853759765625,2.772705078125,-6.276123046875
0.589,4.814697265625,1.571533203125,-6.276123046875
0.5895,5.175048828125,0.810791015625,-6.276123046875
0.59,5.255126953125,0.130126953125,-5.955810546875
0.5905,5.175048828125,-0.790771484375,-5.315185546875
0.591,4.934814453125,-1.951904296875,-4.194091796875
0.5915,4.654541015625,-3.193115234375,-2.912841796875
0.592,4.534423828125,-4.234130859375,-1.911865234375
0.5925,4.374267578125,-4.994873046875,-1.191162109375
0.593,3.813720703125,-5.395263671875,-0.430419921875
0.5935,2.812744140625,-5.635498046875,0.770751953125
0.594,1.611572265625,-5.755615234375,2.132080078125
0.5945,0.490478515625,-5.915771484375,3.453369140625
0.595,-0.270263671875,-6.196044921875,4.374267578125
0.5955,-0.950927734375,-6.236083984375,5.135009765625
0.596,-1.871826171875,-5.675537109375,5.615478515625
0.5965,-3.072998046875,-4.554443359375,5.895751953125
0.597,-4.194091796875,-3.233154296875,5.975830078125
0.5975,-4.994873046875,-2.232177734375,6.055908203125
0.598,-5.315185546875,-1.591552734375,6.055908203125
0.5985,-5.435302734375,-0.870849609375,5.695556640625
0.599,-5.275146484375,0.130126953125,4.894775390625
0.5995,-5.114990234375,1.291259765625,3.853759765625
0.6,-4.954833984375,2.532470703125,2.612548828125
0.6005,-4.834716796875,3.413330078125,1.811767578125
0.601,-4.634521484375,4.134033203125,1.091064453125
0.6015,-4.114013671875,4.494384765625,0.290283203125
0.602,-3.072998046875,4.814697265625,-0.990966796875
0.6025,-1.871826171875,4.974853515625,-2.392333984375
0.603,-0.990966796875,5.255126953125,-3.553466796875
0.6035,-0.350341796875,5.535400390625,-4.434326171875
0.604,0.570556640625,5.415283203125,-5.155029296875
0.6045,1.571533203125,4.734619140625,-5.635498046875
0.605,2.812744140625,3.613525390625,-5.875732421875
0.6055,3.893798828125,2.332275390625,-5.955810546875
0.606,4.534423828125,1.531494140625,-6.115966796875
0.6065,4.854736328125,0.850830078125,-6.075927734375
0.607,4.934814453125,0.130126953125,-5.675537109375
0.6075,4.814697265625,-0.990966796875,-4.794677734375
0.608,4.614501953125,-2.152099609375,-3.633544921875
0.6085,4.534423828125,-3.393310546875,-2.592529296875
0.609,4.494384765625,-4.234130859375,-1.871826171875
0.6095,4.134033203125,-4.834716796875,-1.151123046875
0.61,3.453369140625,-5.155029296875,-0.150146484375
0.6105,2.412353515625,-5.435302734375,1.171142578125
0.611,1.211181640625,-5.635498046875,2.532470703125
0.6115,0.490478515625,-5.995849609375,3.613525390625
0.612,-0.310302734375,-6.156005859375,4.494384765625
0.6125,-1.151123046875,-5.915771484375,5.135009765625
0.613,-2.272216796875,-5.034912109375,5.575439453125
0.6135,-3.473388671875,-3.873779296875,5.735595703125
0.614,-4.474365234375,-2.672607421875,5.895751953125
0.6145,-4.994873046875,-1.951904296875,5.935791015625
0.615,-5.235107421875,-1.311279296875,5.775634765625
0.6155,-5.195068359375,-0.510498046875,5.215087890625
0.616,-5.074951171875,0.690673828125,4.294189453125
0.6165,-4.914794921875,1.931884765625,3.052978515625
0.617,-4.914794921875,2.972900390625,2.172119140625
0.6175,-4.754638671875,3.733642578125,1.411376953125
0.618,-4.314208984375,4.294189453125,0.690673828125
0.6185,-3.433349609375,4.574462890625,-0.510498046875
0.619,-2.352294921875,4.894775390625,-1.831787109375
0.6195,-1.271240234375,5.135009765625,-3.113037109375
0.62,-0.630615234375,5.455322265625,-4.114013671875
0.6205,0.250244140625,5.535400390625,-4.914794921875
0.621,1.211181640625,5.014892578125,-5.515380859375
0.6215,2.452392578125,3.933837890625,-5.835693359375
0.622,3.613525390625,2.612548828125,-5.955810546875
0.6225,4.494384765625,1.651611328125,-6.115966796875
0.623,4.854736328125,0.970947265625,-6.115966796875
0.6235,4.974853515625,0.290283203125,-5.755615234375
0.624,4.854736328125,-0.790771484375,-4.994873046875
0.6245,4.694580078125,-1.991943359375,-3.873779296875
0.625,4.534423828125,-3.233154296875,-2.752685546875
0.6255,4.454345703125,-4.194091796875,-1.911865234375
0.626,4.254150390625,-4.794677734375,-1.191162109375
0.6265,3.653564453125,-5.195068359375,-0.350341796875
0.627,2.572509765625,-5.435302734375,0.970947265625
0.6275,1.331298828125,-5.635498046875,2.412353515625
0.628,0.490478515625,-5.915771484375,3.573486328125
0.6285,-0.270263671875,-6.156005859375,4.454345703125
0.629,-1.071044921875,-5.995849609375,5.135009765625
0.6295,-2.192138671875,-5.195068359375,5.615478515625
0.63,-3.393310546875,-4.033935546875,5.815673828125
0.6305,-4.474365234375,-2.792724609375,5.935791015625
0.631,-5.114990234375,-1.951904296875,6.015869140625
0.6315,-5.315185546875,-1.311279296875,5.895751953125
0.632,-5.315185546875,-0.510498046875,5.415283203125
0.6325,-5.155029296875,0.570556640625,4.454345703125
0.633,-4.994873046875,1.811767578125,3.253173828125
0.6335,-4.914794921875,3.012939453125,2.172119140625
0.634,-4.754638671875,3.853759765625,1.411376953125
0.6345,-4.354248046875,4.334228515625,0.690673828125
0.635,-3.593505859375,4.654541015625,-0.390380859375
0.6355,-2.472412109375,4.934814453125,-1.711669921875
0.636,-1.271240234375,5.135009765625,-3.072998046875
0.6365,-0.550537109375,5.415283203125,-4.154052734375
0.637,0.250244140625,5.575439453125,-4.994873046875
0.6375,1.131103515625,5.175048828125,-5.595458984375
0.638,2.412353515625,4.134033203125,-5.955810546875
0.6385,3.573486328125,2.852783203125,-6.115966796875
0.639,4.534423828125,1.651611328125,-6.156005859375
0.6395,5.014892578125,0.970947265625,-6.196044921875
0.64,5.135009765625,0.250244140625,-5.915771484375
0.6405,5.054931640625,-0.790771484375,-5.195068359375
0.641,4.854736328125,-1.951904296875,-4.073974609375
0.6415,4.654541015625,-3.273193359375,-2.872802734375
0.642,4.534423828125,-4.314208984375,-1.871826171875
0.6425,4.334228515625,-4.994873046875,-1.151123046875
0.643,3.773681640625,-5.395263671875,-0.310302734375
0.6435,2.692626953125,-5.635498046875,0.970947265625
0.644,1.451416015625,-5.795654296875,2.412353515625
0.6445,0.330322265625,-6.035888671875,3.693603515625
0.645,-0.390380859375,-6.276123046875,4.654541015625
0.6455,-1.191162109375,-6.156005859375,5.415283203125
0.646,-2.272216796875,-5.435302734375,5.895751953125
0.6465,-3.553466796875,-4.194091796875,6.135986328125
0.647,-4.674560546875,-2.832763671875,6.176025390625
0.6475,-5.435302734375,-1.791748046875,6.176025390625
0.648,-5.635498046875,-1.111083984375,6.055908203125
0.6485,-5.635498046875,-0.350341796875,5.535400390625
0.649,-5.435302734375,0.810791015625,4.494384765625
0.6495,-5.195068359375,2.052001953125,3.253173828125
0.65,-4.994873046875,3.373291015625,2.011962890625
0.6505,-4.834716796875,4.214111328125,1.211181640625
0.651,-4.474365234375,4.774658203125,0.450439453125
0.6515,-3.713623046875,5.054931640625,-0.590576171875
0.652,-2.432373046875,5.255126953125,-1.951904296875
0.6525,-1.111083984375,5.415283203125,-3.473388671875
0.653,-0.190185546875,5.575439453125,-4.594482421875
0.6535,0.570556640625,5.735595703125,-5.395263671875
0.654,1.451416015625,5.295166015625,-6.035888671875
0.6545,2.732666015625,4.214111328125,-6.396240234375
0.655,3.973876953125,2.852783203125,-6.556396484375
0.6555,5.014892578125,1.491455078125,-6.476318359375
0.656,5.495361328125,0.610595703125,-6.436279296875
0.6565,5.615478515625,-0.310302734375,-6.156005859375
0.657,5.455322265625,-1.151123046875,-5.435302734375
0.6575,5.175048828125,-2.432373046875,-4.154052734375
0.658,4.934814453125,-3.753662109375,-2.712646484375
0.6585,4.694580078125,-4.874755859375,-1.551513671875
0.659,4.414306640625,-5.595458984375,-0.710693359375
0.6595,3.773681640625,-5.915771484375,0.210205078125
0.66,2.652587890625,-6.115966796875,1.371337890625
0.6605,1.251220703125,-6.236083984375,2.932861328125
0.661,-0.190185546875,-6.276123046875,4.334228515625
0.6615,-0.950927734375,-6.396240234375,5.255126953125
0.662,-1.631591796875,-6.316162109375,5.935791015625
0.6625,-2.712646484375,-5.595458984375,6.456298828125
0.663,-4.033935546875,-4.234130859375,6.696533203125
0.6635,-5.155029296875,-2.752685546875,6.656494140625
0.664,-5.995849609375,-1.471435546875,6.536376953125
0.6645,-6.236083984375,-0.750732421875,6.336181640625
0.665,-6.115966796875,0.130126953125,5.735595703125
0.6655,-5.875732421875,1.171142578125,4.694580078125
0.666,-5.515380859375,2.572509765625,3.333251953125
0.6665,-5.155029296875,3.853759765625,1.891845703125
0.667,-4.914794921875,4.814697265625,0.850830078125
0.6675,-4.514404296875,5.295166015625,0.050048828125
0.668,-3.713623046875,5.495361328125,-0.910888671875
0.6685,-2.312255859375,5.615478515625,-2.272216796875
0.669,-0.910888671875,5.695556640625,-3.833740234375
0.6695,0.330322265625,5.735595703125,-5.034912109375
0.67,0.970947265625,5.855712890625,-5.835693359375
0.6705,1.771728515625,5.495361328125,-6.476318359375
0.671,2.932861328125,4.534423828125,-6.876708984375
0.6715,4.254150390625,3.052978515625,-6.996826171875
0.672,5.335205078125,1.531494140625,-6.836669921875
0.6725,5.895751953125,0.370361328125,-6.676513671875
0.673,6.015869140625,-0.470458984375,-6.396240234375
0.6735,5.815673828125,-1.311279296875,-5.675537109375
0.674,5.495361328125,-2.472412109375,-4.394287109375
0.6745,5.094970703125,-3.833740234375,-2.872802734375
0.675,4.814697265625,-5.074951171875,-1.551513671875
0.6755,4.494384765625,-5.795654296875,-0.630615234375
0.676,3.933837890625,-6.236083984375,0.250244140625
0.6765,2.932861328125,-6.356201171875,1.291259765625
0.677,1.451416015625,-6.436279296875,2.812744140625
0.6775,-0.190185546875,-6.396240234375,4.334228515625
0.678,-1.031005859375,-6.476318359375,5.375244140625
0.6785,-1.671630859375,-6.476318359375,6.055908203125
0.679,-2.592529296875,-5.915771484375,6.576416015625
0.6795,-3.873779296875,-4.634521484375,6.856689453125
0.68,-5.074951171875,-3.193115234375,6.856689453125
0.6805,-6.035888671875,-1.751708984375,6.696533203125
0.681,-6.396240234375,-0.830810546875,6.496337890625
0.6815,-6.396240234375,0.010009765625,6.055908203125
0.682,-6.115966796875,0.930908203125,5.215087890625
0.6825,-5.755615234375,2.252197265625,3.813720703125
0.683,-5.315185546875,3.573486328125,2.252197265625
0.6835,-5.074951171875,4.694580078125,1.091064453125
0.684,-4.674560546875,5.255126953125,0.290283203125
0.6845,-3.993896484375,5.575439453125,-0.630615234375
0.685,-2.832763671875,5.655517578125,-1.791748046875
0.6855,-1.351318359375,5.735595703125,-3.353271484375
0.686,0.090087890625,5.735595703125,-4.754638671875
0.6865,0.810791015625,5.855712890625,-5.635498046875
0.687,1.451416015625,5.735595703125,-6.316162109375
0.6875,2.532470703125,4.974853515625,-6.756591796875
0.688,3.853759765625,3.573486328125,-6.996826171875
0.6885,4.974853515625,2.011962890625,-6.916748046875
0.689,5.775634765625,0.770751953125,-6.756591796875
0.6895,6.015869140625,-0.150146484375,-6.556396484375
0.69,5.895751953125,-0.910888671875,-5.995849609375
0.6905,5.615478515625,-1.951904296875,-4.994873046875
0.691,5.255126953125,-3.273193359375,-3.553466796875
0.6915,4.934814453125,-4.594482421875,-2.072021484375
0.692,4.614501953125,-5.515380859375,-0.990966796875
0.6925,4.214111328125,-6.115966796875,-0.230224609375
0.693,3.413330078125,-6.276123046875,0.770751953125
0.6935,2.092041015625,-6.396240234375,2.092041015625
0.694,0.570556640625,-6.396240234375,3.693603515625
0.6945,-0.670654296875,-6.436279296875,4.974853515625
0.695,-1.351318359375,-6.556396484375,5.775634765625
0.6955,-2.112060546875,-6.276123046875,6.416259765625
0.696,-3.273193359375,-5.275146484375,6.776611328125
0.6965,-4.634521484375,-3.833740234375,6.896728515625
0.697,-5.715576171875,-2.272216796875,6.776611328125
0.6975,-6.356201171875,-1.151123046875,6.616455078125
0.698,-6.436279296875,-0.390380859375,6.376220703125
0.6985,-6.236083984375,0.530517578125,5.615478515625
0.699,-5.915771484375,1.731689453125,4.414306640625
0.6995,-5.555419921875,3.133056640625,2.852783203125
0.7,-5.235107421875,4.414306640625,1.451416015625
0.7005,-4.914794921875,5.175048828125,0.570556640625
0.701,-4.394287109375,5.615478515625,-0.350341796875
0.7015,-3.353271484375,5.735595703125,-1.351318359375
0.702,-1.871826171875,5.855712890625,-2.912841796875
0.7025,-0.350341796875,5.815673828125,-4.474365234375
0.703,0.650634765625,5.935791015625,-5.515380859375
0.7035,1.291259765625,5.895751953125,-6.276123046875
0.704,2.252197265625,5.295166015625,-6.756591796875
0.7045,3.573486328125,3.973876953125,-7.076904296875
0.705,4.814697265625,2.452392578125,-7.076904296875
0.7055,5.735595703125,0.970947265625,-6.916748046875
0.706,6.095947265625,0.050048828125,-6.676513671875
0.7065,6.095947265625,-0.750732421875,-6.276123046875
0.707,5.815673828125,-1.671630859375,-5.355224609375
0.7075,5.455322265625,-3.072998046875,-3.873779296875
0.708,5.054931640625,-4.434326171875,-2.312255859375
0.7085,4.734619140625,-5.515380859375,-1.111083984375
0.709,4.334228515625,-6.075927734375,-0.310302734375
0.7095,3.613525390625,-6.356201171875,0.610595703125
0.71,2.412353515625,-6.436279296875,1.851806640625
0.7105,0.850830078125,-6.436279296875,3.413330078125
0.711,-0.590576171875,-6.396240234375,4.814697265625
0.7115,-1.311279296875,-6.436279296875,5.695556640625
0.712,-1.951904296875,-6.356201171875,6.256103515625
0.7125,-2.952880859375,-5.635498046875,6.696533203125
0.713,-4.234130859375,-4.194091796875,6.856689453125
0.7135,-5.395263671875,-2.712646484375,6.696533203125
0.714,-6.115966796875,-1.351318359375,6.576416015625
0.7145,-6.356201171875,-0.630615234375,6.376220703125
0.715,-6.236083984375,0.210205078125,5.815673828125
0.7155,-5.915771484375,1.211181640625,4.814697265625
0.716,-5.555419921875,2.492431640625,3.413330078125
0.7165,-5.155029296875,3.813720703125,1.931884765625
0.717,-4.874755859375,4.734619140625,0.930908203125
0.7175,-4.514404296875,5.255126953125,0.170166015625
0.718,-3.793701171875,5.455322265625,-0.750732421875
0.7185,-2.512451171875,5.575439453125,-2.031982421875
0.719,-1.111083984375,5.615478515625,-3.513427734375
0.7195,0.170166015625,5.695556640625,-4.794677734375
0.72,0.770751953125,5.775634765625,-5.635498046875
0.7205,1.491455078125,5.575439453125,-6.236083984375
0.721,2.572509765625,4.734619140625,-6.596435546875
0.7215,3.853759765625,3.333251953125,-6.796630859375
0.722,4.974853515625,1.851806640625,-6.676513671875
0.7225,5.575439453125,0.770751953125,-6.596435546875
0.723,5.775634765625,0.090087890625,-6.396240234375
0.7235,5.695556640625,-0.790771484375,-5.795654296875
0.724,5.375244140625,-1.911865234375,-4.714599609375
0.7245,5.054931640625,-3.193115234375,-3.313232421875
0.725,4.814697265625,-4.474365234375,-1.951904296875
0.7255,4.534423828125,-5.275146484375,-1.111083984375
0.726,4.134033203125,-5.755615234375,-0.350341796875
0.7265,3.253173828125,-5.955810546875,0.650634765625
0.727,1.931884765625,-6.115966796875,2.052001953125
0.7275,0.490478515625,-6.115966796875,3.573486328125
0.728,-0.510498046875,-6.276123046875,4.614501953125
0.7285,-1.151123046875,-6.436279296875,5.415283203125
0.729,-1.951904296875,-6.075927734375,5.975830078125
0.7295,-3.153076171875,-4.994873046875,6.256103515625
0.73,-4.314208984375,-3.633544921875,6.416259765625
0.7305,-5.315185546875,-2.272216796875,6.376220703125
0.731,-5.795654296875,-1.391357421875,6.296142578125
0.7315,-5.875732421875,-0.710693359375,6.015869140625
0.732,-5.755615234375,0.170166015625,5.375244140625
0.7325,-5.435302734375,1.291259765625,4.214111328125
0.733,-5.155029296875,2.572509765625,2.852783203125
0.7335,-4.994873046875,3.773681640625,1.731689453125
0.734,-4.754638671875,4.494384765625,0.930908203125
0.7345,-4.274169921875,4.854736328125,0.210205078125
0.735,-3.353271484375,5.094970703125,-0.910888671875
0.7355,-2.072021484375,5.255126953125,-2.272216796875
0.736,-0.790771484375,5.335205078125,-3.673583984375
0.7365,0.010009765625,5.535400390625,-4.634521484375
0.737,0.650634765625,5.615478515625,-5.435302734375
0.7375,1.531494140625,5.094970703125,-5.955810546875
0.738,2.812744140625,4.053955078125,-6.276123046875
0.7385,3.933837890625,2.692626953125,-6.276123046875
0.739,4.854736328125,1.491455078125,-6.316162109375
0.7395,5.255126953125,0.770751953125,-6.276123046875
0.74,5.295166015625,0.090087890625,-5.955810546875
0.7405,5.135009765625,-0.910888671875,-5.195068359375
0.741,4.894775390625,-1.991943359375,-4.073974609375
0.7415,4.654541015625,-3.313232421875,-2.832763671875
0.742,4.534423828125,-4.354248046875,-1.791748046875
0.7425,4.334228515625,-5.074951171875,-1.111083984375
0.743,3.773681640625,-5.435302734375,-0.310302734375
0.7435,2.732666015625,-5.635498046875,0.930908203125
0.744,1.451416015625,-5.755615234375,2.292236328125
0.7445,0.370361328125,-6.035888671875,3.573486328125
0.745,-0.350341796875,-6.276123046875,4.494384765625
0.7455,-1.111083984375,-6.276123046875,5.255126953125
0.746,-2.031982421875,-5.555419921875,5.735595703125
0.7465,-3.233154296875,-4.434326171875,5.975830078125
0.747,-4.394287109375,-3.072998046875,6.055908203125
0.7475,-5.155029296875,-2.072021484375,6.095947265625
0.748,-5.435302734375,-1.431396484375,6.055908203125
0.7485,-5.435302734375,-0.710693359375,5.615478515625
0.749,-5.275146484375,0.330322265625,4.774658203125
0.7495,-5.074951171875,1.531494140625,3.653564453125
0.75,-4.954833984375,2.772705078125,2.412353515625
0.7505,-4.834716796875,3.693603515625,1.611572265625
0.751,-4.554443359375,4.294189453125,0.930908203125
0.7515,-3.873779296875,4.614501953125,0.050048828125
0.752,-2.872802734375,4.854736328125,-1.271240234375
0.7525,-1.591552734375,4.974853515625,-2.632568359375
0.753,-0.750732421875,5.295166015625,-3.793701171875
0.7535,-0.150146484375,5.495361328125,-4.674560546875
0.754,0.770751953125,5.375244140625,-5.315185546875
0.7545,1.851806640625,4.534423828125,-5.755615234375
0.755,3.012939453125,3.373291015625,-5.955810546875
0.7555,4.093994140625,2.092041015625,-6.035888671875
0.756,4.734619140625,1.291259765625,-6.115966796875
0.7565,4.974853515625,0.650634765625,-5.995849609375
0.757,4.974853515625,-0.150146484375,-5.595458984375
0.7575,4.814697265625,-1.231201171875,-4.594482421875
0.758,4.614501953125,-2.392333984375,-3.433349609375
0.7585,4.534423828125,-3.593505859375,-2.392333984375
0.759,4.414306640625,-4.354248046875,-1.671630859375
0.7595,4.013916015625,-4.874755859375,-0.950927734375
0.76,3.253173828125,-5.195068359375,0.130126953125
0.7605,2.212158203125,-5.475341796875,1.331298828125
0.761,1.091064453125,-5.715576171875,2.692626953125
0.7615,0.290283203125,-6.035888671875,3.693603515625
0.762,-0.390380859375,-6.156005859375,4.534423828125
0.7625,-1.271240234375,-5.835693359375,5.175048828125
0.763,-2.392333984375,-4.914794921875,5.575439453125
0.7635,-3.553466796875,-3.753662109375,5.735595703125
0.764,-4.514404296875,-2.592529296875,5.855712890625
0.7645,-5.034912109375,-1.951904296875,5.975830078125
0.765,-5.195068359375,-1.271240234375,5.735595703125
0.7655,-5.155029296875,-0.470458984375,5.135009765625
0.766,-5.074951171875,0.690673828125,4.214111328125
0.7665,-4.914794921875,1.931884765625,3.052978515625
0.767,-4.834716796875,3.012939453125,2.172119140625
0.7675,-4.754638671875,3.773681640625,1.451416015625
0.768,-4.314208984375,4.214111328125,0.730712890625
0.7685,-3.393310546875,4.534423828125,-0.510498046875
0.769,-2.312255859375,4.814697265625,-1.791748046875
0.7695,-1.311279296875,5.094970703125,-3.113037109375
0.77,-0.670654296875,5.455322265625,-4.033935546875
0.7705,0.170166015625,5.495361328125,-4.874755859375
0.771,1.171142578125,4.974853515625,-5.435302734375
0.7715,2.372314453125,3.933837890625,-5.755615234375
0.772,3.573486328125,2.652587890625,-5.875732421875
0.7725,4.414306640625,1.691650390625,-6.075927734375
0.773,4.814697265625,1.010986328125,-6.075927734375
0.7735,4.894775390625,0.330322265625,-5.755615234375
0.774,4.814697265625,-0.710693359375,-4.954833984375
0.7745,4.654541015625,-1.911865234375,-3.873779296875
0.775,4.614501953125,-3.193115234375,-2.752685546875
0.7755,4.494384765625,-4.114013671875,-1.951904296875
0.776,4.294189453125,-4.754638671875,-1.231201171875
0.7765,3.653564453125,-5.155029296875,-0.390380859375
0.777,2.572509765625,-5.435302734375,0.970947265625
0.7775,1.331298828125,-5.715576171875,2.372314453125
0.778,0.530517578125,-5.915771484375,3.533447265625
0.7785,-0.230224609375,-6.196044921875,4.414306640625
0.779,-1.031005859375,-5.955810546875,5.094970703125
0.7795,-2.192138671875,-5.155029296875,5.575439453125
0.78,-3.353271484375,-3.993896484375,5.775634765625
0.7805,-4.474365234375,-2.712646484375,5.895751953125
0.781,-5.074951171875,-1.911865234375,5.975830078125
0.7815,-5.275146484375,-1.271240234375,5.815673828125
0.782,-5.275146484375,-0.510498046875,5.295166015625
0.7825,-5.114990234375,0.650634765625,4.334228515625
0.783,-4.954833984375,1.931884765625,3.133056640625
0.7835,-4.874755859375,3.133056640625,2.092041015625
0.784,-4.754638671875,3.853759765625,1.371337890625
0.7845,-4.314208984375,4.334228515625,0.610595703125
0.785,-3.513427734375,4.614501953125,-0.510498046875
0.7855,-2.392333984375,4.854736328125,-1.791748046875
0.786,-1.231201171875,5.135009765625,-3.153076171875
0.7865,-0.510498046875,5.415283203125,-4.154052734375
0.787,0.290283203125,5.535400390625,-4.994873046875
0.7875,1.211181640625,5.094970703125,-5.595458984375
0.788,2.492431640625,4.013916015625,-5.915771484375
0.7885,3.653564453125,2.692626953125,-6.075927734375
0.789,4.534423828125,1.571533203125,-6.156005859375
0.7895,4.974853515625,0.890869140625,-6.156005859375
0.79,5.094970703125,0.210205078125,-5.835693359375
0.7905,4.974853515625,-0.830810546875,-5.114990234375
0.791,4.774658203125,-1.951904296875,-3.953857421875
0.7915,4.614501953125,-3.233154296875,-2.752685546875
0.792,4.494384765625,-4.274169921875,-1.791748046875
0.7925,4.334228515625,-4.994873046875,-1.111083984375
0.793,3.693603515625,-5.315185546875,-0.310302734375
0.7935,2.612548828125,-5.595458984375,0.970947265625
0.794,1.371337890625,-5.755615234375,2.412353515625
0.7945,0.370361328125,-5.955810546875,3.693603515625
0.795,-0.350341796875,-6.236083984375,4.574462890625
0.7955,-1.151123046875,-6.115966796875,5.295166015625
0.796,-2.232177734375,-5.355224609375,5.775634765625
0.7965,-3.473388671875,-4.154052734375,6.015869140625
0.797,-4.554443359375,-2.832763671875,6.095947265625
0.7975,-5.275146484375,-1.831787109375,6.095947265625
0.798,-5.515380859375,-1.191162109375,6.015869140625
0.7985,-5.515380859375,-0.430419921875,5.455322265625
0.799,-5.275146484375,0.690673828125,4.494384765625
0.7995,-5.114990234375,1.931884765625,3.333251953125
0.8,-4.954833984375,3.173095703125,2.092041015625
0.8005,-4.794677734375,3.973876953125,1.291259765625
0.801,-4.434326171875,4.534423828125,0.530517578125
0.8015,-3.713623046875,4.814697265625,-0.510498046875
0.802,-2.472412109375,5.094970703125,-1.791748046875
0.8025,-1.231201171875,5.255126953125,-3.233154296875
0.803,-0.350341796875,5.495361328125,-4.354248046875
0.8035,0.370361328125,5.655517578125,-5.155029296875
0.804,1.291259765625,5.255126953125,-5.795654296875
0.8045,2.532470703125,4.254150390625,-6.196044921875
0.805,3.773681640625,2.932861328125,-6.356201171875
0.8055,4.814697265625,1.571533203125,-6.396240234375
0.806,5.295166015625,0.770751953125,-6.356201171875
0.8065,5.415283203125,0.050048828125,-6.075927734375
0.807,5.335205078125,-0.910888671875,-5.395263671875
0.8075,5.094970703125,-2.152099609375,-4.194091796875
0.808,4.814697265625,-3.513427734375,-2.832763671875
0.8085,4.654541015625,-4.674560546875,-1.671630859375
0.809,4.414306640625,-5.395263671875,-0.910888671875
0.8095,3.773681640625,-5.755615234375,0.010009765625
0.81,2.732666015625,-5.915771484375,1.211181640625
0.8105,1.331298828125,-6.115966796875,2.692626953125
0.811,0.090087890625,-6.196044921875,4.134033203125
0.8115,-0.750732421875,-6.396240234375,5.094970703125
0.812,-1.431396484375,-6.316162109375,5.775634765625
0.8125,-2.512451171875,-5.635498046875,6.296142578125
0.813,-3.873779296875,-4.234130859375,6.536376953125
0.8135,-5.074951171875,-2.752685546875,6.536376953125
0.814,-5.875732421875,-1.551513671875,6.456298828125
0.8145,-6.115966796875,-0.790771484375,6.296142578125
0.815,-6.035888671875,0.130126953125,5.695556640625
0.8155,-5.755615234375,1.211181640625,4.614501953125
0.816,-5.475341796875,2.532470703125,3.213134765625
0.8165,-5.114990234375,3.853759765625,1.771728515625
0.817,-4.914794921875,4.734619140625,0.810791015625
0.8175,-4.514404296875,5.215087890625,0.050048828125
0.818,-3.633544921875,5.455322265625,-0.950927734375
0.8185,-2.232177734375,5.575439453125,-2.392333984375
0.819,-0.790771484375,5.655517578125,-3.913818359375
0.8195,0.370361328125,5.735595703125,-5.114990234375
0.82,0.970947265625,5.815673828125,-5.875732421875
0.8205,1.851806640625,5.415283203125,-6.476318359375
0.821,3.052978515625,4.334228515625,-6.796630859375
0.8215,4.374267578125,2.852783203125,-6.916748046875
0.822,5.415283203125,1.331298828125,-6.756591796875
0.8225,5.935791015625,0.290283203125,-6.596435546875
0.823,6.015869140625,-0.550537109375,-6.276123046875
0.8235,5.775634765625,-1.431396484375,-5.515380859375
0.824,5.415283203125,-2.672607421875,-4.154052734375
0.8245,5.054931640625,-4.033935546875,-2.672607421875
0.825,4.734619140625,-5.275146484375,-1.351318359375
0.8255,4.374267578125,-5.955810546875,-0.510498046875
0.826,3.813720703125,-6.276123046875,0.370361328125
0.8265,2.732666015625,-6.356201171875,1.451416015625
0.827,1.251220703125,-6.436279296875,3.012939453125
0.8275,-0.350341796875,-6.396240234375,4.494384765625
0.828,-1.151123046875,-6.436279296875,5.455322265625
0.8285,-1.751708984375,-6.396240234375,6.135986328125
0.829,-2.712646484375,-5.795654296875,6.656494140625
0.8295,-3.993896484375,-4.514404296875,6.856689453125
0.83,-5.195068359375,-3.032958984375,6.856689453125
0.8305,-6.115966796875,-1.551513671875,6.696533203125
0.831,-6.396240234375,-0.710693359375,6.456298828125
0.8315,-6.396240234375,0.130126953125,6.015869140625
0.832,-6.075927734375,1.051025390625,5.094970703125
0.8325,-5.715576171875,2.332275390625,3.653564453125
0.833,-5.275146484375,3.693603515625,2.092041015625
0.8335,-5.074951171875,4.774658203125,0.970947265625
0.834,-4.634521484375,5.375244140625,0.170166015625
0.8345,-3.913818359375,5.615478515625,-0.710693359375
0.835,-2.712646484375,5.695556640625,-1.951904296875
0.8355,-1.231201171875,5.735595703125,-3.513427734375
0.836,0.170166015625,5.775634765625,-4.914794921875
0.8365,0.890869140625,5.895751953125,-5.755615234375
0.837,1.571533203125,5.735595703125,-6.396240234375
0.8375,2.612548828125,4.934814453125,-6.836669921875
0.838,3.973876953125,3.493408203125,-7.036865234375
0.8385,5.135009765625,1.931884765625,-6.916748046875
0.839,5.895751953125,0.650634765625,-6.756591796875
0.8395,6.095947265625,-0.230224609375,-6.556396484375
0.84,5.935791015625,-0.990966796875,-5.955810546875
0.8405,5.615478515625,-2.112060546875,-4.834716796875
0.841,5.255126953125,-3.473388671875,-3.353271484375
0.8415,4.894775390625,-4.834716796875,-1.911865234375
0.842,4.614501953125,-5.675537109375,-0.830810546875
0.8425,4.134033203125,-6.156005859375,0.010009765625
0.843,3.293212890625,-6.396240234375,0.930908203125
0.8435,1.931884765625,-6.436279296875,2.332275390625
0.844,0.330322265625,-6.396240234375,3.893798828125
0.8445,-0.830810546875,-6.476318359375,5.135009765625
0.845,-1.471435546875,-6.556396484375,5.895751953125
0.8455,-2.272216796875,-6.196044921875,6.536376953125
0.846,-3.473388671875,-5.114990234375,6.856689453125
0.8465,-4.754638671875,-3.593505859375,6.896728515625
0.847,-5.835693359375,-2.072021484375,6.776611328125
0.8475,-6.396240234375,-0.990966796875,6.616455078125
0.848,-6.436279296875,-0.270263671875,6.296142578125
0.8485,-6.236083984375,0.650634765625,5.495361328125
0.849,-5.835693359375,1.851806640625,4.174072265625
0.8495,-5.475341796875,3.213134765625,2.652587890625
0.85,-5.155029296875,4.534423828125,1.291259765625
0.8505,-4.834716796875,5.255126953125,0.410400390625
0.851,-4.234130859375,5.655517578125,-0.470458984375
0.8515,-3.233154296875,5.735595703125,-1.511474609375
0.852,-1.711669921875,5.855712890625,-3.072998046875
0.8525,-0.190185546875,5.815673828125,-4.634521484375
0.853,0.730712890625,5.935791015625,-5.635498046875
0.8535,1.371337890625,5.895751953125,-6.356201171875
0.854,2.372314453125,5.255126953125,-6.836669921875
0.8545,3.693603515625,3.893798828125,-7.076904296875
0.855,4.854736328125,2.372314453125,-7.076904296875
0.8555,5.815673828125,0.930908203125,-6.876708984375
0.856,6.135986328125,0.010009765625,-6.676513671875
0.8565,6.095947265625,-0.910888671875,-6.236083984375
0.857,5.815673828125,-1.871826171875,-5.275146484375
0.8575,5.415283203125,-3.193115234375,-3.833740234375
0.858,5.014892578125,-4.514404296875,-2.232177734375
0.8585,4.734619140625,-5.635498046875,-0.990966796875
0.859,4.294189453125,-6.115966796875,-0.230224609375
0.8595,3.533447265625,-6.396240234375,0.730712890625
0.86,2.292236328125,-6.436279296875,1.931884765625
0.8605,0.770751953125,-6.436279296875,3.533447265625
0.861,-0.670654296875,-6.436279296875,4.854736328125
0.8615,-1.391357421875,-6.476318359375,5.735595703125
0.862,-2.031982421875,-6.356201171875,6.376220703125
0.8625,-3.072998046875,-5.515380859375,6.696533203125
0.863,-4.354248046875,-4.073974609375,6.856689453125
0.8635,-5.435302734375,-2.552490234375,6.736572265625
0.864,-6.196044921875,-1.271240234375,6.536376953125
0.8645,-6.356201171875,-0.630615234375,6.336181640625
0.865,-6.236083984375,0.250244140625,5.735595703125
0.8655,-5.875732421875,1.251220703125,4.654541015625
0.866,-5.475341796875,2.572509765625,3.253173828125
0.8665,-5.155029296875,3.893798828125,1.811767578125
0.867,-4.874755859375,4.774658203125,0.810791015625
0.8675,-4.474365234375,5.295166015625,0.090087890625
0.868,-3.713623046875,5.455322265625,-0.830810546875
0.8685,-2.432373046875,5.575439453125,-2.152099609375
0.869,-0.990966796875,5.575439453125,-3.593505859375
0.8695,0.250244140625,5.695556640625,-4.834716796875
0.87,0.850830078125,5.815673828125,-5.635498046875
0.8705,1.571533203125,5.575439453125,-6.276123046875
0.871,2.652587890625,4.614501953125,-6.596435546875
0.8715,3.893798828125,3.253173828125,-6.756591796875
0.872,5.014892578125,1.771728515625,-6.636474609375
0.8725,5.615478515625,0.650634765625,-6.556396484375
0.873,5.775634765625,0.010009765625,-6.396240234375
0.8735,5.615478515625,-0.910888671875,-5.755615234375
0.874,5.335205078125,-1.951904296875,-4.634521484375
0.8745,5.014892578125,-3.273193359375,-3.233154296875
0.875,4.814697265625,-4.514404296875,-1.911865234375
0.8755,4.494384765625,-5.355224609375,-1.031005859375
0.876,4.134033203125,-5.835693359375,-0.270263671875
0.8765,3.173095703125,-6.035888671875,0.810791015625
0.877,1.891845703125,-6.156005859375,2.212158203125
0.8775,0.370361328125,-6.156005859375,3.733642578125
0.878,-0.630615234375,-6.356201171875,4.814697265625
0.8785,-1.231201171875,-6.436279296875,5.575439453125
0.879,-2.072021484375,-5.995849609375,6.135986328125
0.8795,-3.273193359375,-4.874755859375,6.416259765625
0.88,-4.514404296875,-3.513427734375,6.536376953125
0.8805,-5.515380859375,-2.112060546875,6.416259765625
0.881,-5.915771484375,-1.271240234375,6.336181640625
0.8815,-6.035888671875,-0.590576171875,5.975830078125
0.882,-5.795654296875,0.410400390625,5.255126953125
0.8825,-5.515380859375,1.571533203125,4.013916015625
0.883,-5.155029296875,2.932861328125,2.572509765625
0.8835,-4.994873046875,4.053955078125,1.451416015625
0.884,-4.714599609375,4.734619140625,0.690673828125
0.8845,-4.114013671875,5.094970703125,-0.190185546875
0.885,-3.072998046875,5.215087890625,-1.271240234375
0.8855,-1.791748046875,5.375244140625,-2.672607421875
0.886,-0.510498046875,5.415283203125,-4.073974609375
0.8865,0.290283203125,5.655517578125,-4.994873046875
0.887,0.970947265625,5.615478515625,-5.715576171875
0.8875,1.931884765625,5.054931640625,-6.196044921875
0.888,3.173095703125,3.813720703125,-6.396240234375
0.8885,4.294189453125,2.292236328125,-6.396240234375
0.889,5.135009765625,1.131103515625,-6.396240234375
0.8895,5.415283203125,0.410400390625,-6.276123046875
0.89,5.415283203125,-0.350341796875,-5.875732421875
0.8905,5.175048828125,-1.271240234375,-4.994873046875
0.891,4.934814453125,-2.432373046875,-3.793701171875
0.8915,4.614501953125,-3.713623046875,-2.472412109375
0.892,4.494384765625,-4.674560546875,-1.511474609375
0.8925,4.214111328125,-5.275146484375,-0.790771484375
0.893,3.573486328125,-5.595458984375,0.130126953125
0.8935,2.492431640625,-5.755615234375,1.251220703125
0.894,1.131103515625,-5.795654296875,2.692626953125
0.8945,0.130126953125,-6.035888671875,3.893798828125
0.895,-0.630615234375,-6.276123046875,4.774658203125
0.8955,-1.311279296875,-6.115966796875,5.455322265625
0.896,-2.312255859375,-5.395263671875,5.855712890625
0.8965,-3.513427734375,-4.234130859375,6.055908203125
0.897,-4.594482421875,-2.872802734375,6.095947265625
0.8975,-5.315185546875,-1.951904296875,6.095947265625
0.898,-5.555419921875,-1.271240234375,6.055908203125
0.8985,-5.515380859375,-0.550537109375,5.575439453125
0.899,-5.315185546875,0.490478515625,4.694580078125
0.8995,-5.114990234375,1.731689453125,3.493408203125
0.9,-4.954833984375,2.932861328125,2.332275390625
0.9005,-4.834716796875,3.813720703125,1.531494140625
0.901,-4.514404296875,4.414306640625,0.770751953125
0.9015,-3.833740234375,4.734619140625,-0.190185546875
0.902,-2.752685546875,4.934814453125,-1.391357421875
0.9025,-1.471435546875,5.094970703125,-2.792724609375
0.903,-0.630615234375,5.375244140625,-3.913818359375
0.9035,0.050048828125,5.615478515625,-4.794677734375
0.904,0.930908203125,5.375244140625,-5.435302734375
0.9045,1.971923828125,4.494384765625,-5.795654296875
0.905,3.173095703125,3.253173828125,-6.035888671875
0.9055,4.174072265625,1.971923828125,-6.115966796875
0.906,4.814697265625,1.251220703125,-6.156005859375
0.9065,5.054931640625,0.610595703125,-6.035888671875
0.907,4.974853515625,-0.270263671875,-5.475341796875
0.9075,4.814697265625,-1.311279296875,-4.514404296875
0.908,4.614501953125,-2.512451171875,-3.353271484375
0.9085,4.534423828125,-3.713623046875,-2.312255859375
0.909,4.414306640625,-4.474365234375,-1.591552734375
0.9095,4.013916015625,-4.994873046875,-0.830810546875
0.91,3.173095703125,-5.275146484375,0.290283203125
0.9105,2.092041015625,-5.515380859375,1.531494140625
0.911,0.970947265625,-5.715576171875,2.852783203125
0.9115,0.250244140625,-6.035888671875,3.853759765625
0.912,-0.510498046875,-6.156005859375,4.694580078125
0.9125,-1.351318359375,-5.835693359375,5.255126953125
0.913,-2.552490234375,-4.874755859375,5.615478515625
0.9135,-3.713623046875,-3.673583984375,5.735595703125
0.914,-4.634521484375,-2.512451171875,5.895751953125
0.9145,-5.114990234375,-1.831787109375,5.935791015625
0.915,-5.235107421875,-1.151123046875,5.695556640625
0.9155,-5.114990234375,-0.310302734375,5.054931640625
0.916,-4.994873046875,0.810791015625,4.093994140625
0.9165,-4.874755859375,2.092041015625,2.892822265625
0.917,-4.834716796875,3.133056640625,2.052001953125
0.9175,-4.674560546875,3.853759765625,1.331298828125
0.918,-4.194091796875,4.334228515625,0.570556640625
0.9185,-3.273193359375,4.614501953125,-0.630615234375
0.919,-2.192138671875,4.854736328125,-1.951904296875
0.9195,-1.191162109375,5.135009765625,-3.193115234375
0.92,-0.590576171875,5.495361328125,-4.194091796875
0.9205,0.290283203125,5.415283203125,-4.994873046875
0.921,1.291259765625,4.814697265625,-5.475341796875
0.9215,2.452392578125,3.773681640625,-5.795654296875
0.922,3.653564453125,2.532470703125,-5.915771484375
0.9225,4.454345703125,1.611572265625,-6.075927734375
0.923,4.814697265625,0.970947265625,-6.075927734375
0.9235,4.934814453125,0.250244140625,-5.715576171875
0.924,4.814697265625,-0.790771484375,-4.874755859375
0.9245,4.614501953125,-1.951904296875,-3.793701171875
0.925,4.534423828125,-3.233154296875,-2.712646484375
0.9255,4.494384765625,-4.154052734375,-1.871826171875
0.926,4.214111328125,-4.794677734375,-1.191162109375
0.9265,3.533447265625,-5.114990234375,-0.310302734375
0.927,2.532470703125,-5.435302734375,1.010986328125
0.9275,1.291259765625,-5.635498046875,2.452392578125
0.928,0.490478515625,-5.915771484375,3.573486328125
0.9285,-0.270263671875,-6.196044921875,4.454345703125
0.929,-1.111083984375,-5.955810546875,5.094970703125
0.9295,-2.232177734375,-5.155029296875,5.495361328125
0.93,-3.353271484375,-3.913818359375,5.735595703125
0.9305,-4.474365234375,-2.712646484375,5.855712890625
0.931,-5.074951171875,-1.951904296875,5.935791015625
0.9315,-5.275146484375,-1.271240234375,5.815673828125
0.932,-5.275146484375,-0.510498046875,5.255126953125
0.9325,-5.114990234375,0.610595703125,4.334228515625
0.933,-4.954833984375,1.891845703125,3.133056640625
0.9335,-4.834716796875,3.052978515625,2.172119140625
0.934,-4.714599609375,3.853759765625,1.371337890625
0.9345,-4.314208984375,4.334228515625,0.650634765625
0.935,-3.473388671875,4.614501953125,-0.470458984375
0.9355,-2.392333984375,4.854736328125,-1.751708984375
0.936,-1.271240234375,5.094970703125,-3.072998046875
0.9365,-0.590576171875,5.415283203125,-4.114013671875
0.937,0.250244140625,5.495361328125,-4.954833984375
0.9375,1.131103515625,5.094970703125,-5.515380859375
0.938,2.372314453125,4.013916015625,-5.835693359375
0.9385,3.573486328125,2.692626953125,-5.995849609375
0.939,4.494384765625,1.611572265625,-6.115966796875
0.9395,4.934814453125,0.930908203125,-6.115966796875
0.94,5.054931640625,0.250244140625,-5.795654296875
0.9405,4.934814453125,-0.750732421875,-5.074951171875
0.941,4.734619140625,-1.951904296875,-3.993896484375
0.9415,4.614501953125,-3.193115234375,-2.752685546875
0.942,4.494384765625,-4.194091796875,-1.871826171875
0.9425,4.294189453125,-4.874755859375,-1.151123046875
0.943,3.693603515625,-5.275146484375,-0.310302734375
0.9435,2.652587890625,-5.515380859375,0.970947265625
0.944,1.371337890625,-5.715576171875,2.412353515625
0.9445,0.410400390625,-5.995849609375,3.653564453125
0.945,-0.350341796875,-6.276123046875,4.534423828125
0.9455,-1.151123046875,-6.115966796875,5.255126953125
0.946,-2.232177734375,-5.315185546875,5.735595703125
0.9465,-3.433349609375,-4.154052734375,5.975830078125
0.947,-4.594482421875,-2.752685546875,6.055908203125
0.9475,-5.275146484375,-1.791748046875,6.095947265625
0.948,-5.515380859375,-1.151123046875,5.975830078125
0.9485,-5.475341796875,-0.390380859375,5.455322265625
0.949,-5.275146484375,0.770751953125,4.454345703125
0.9495,-5.074951171875,1.971923828125,3.213134765625
0.95,-4.954833984375,3.253173828125,2.052001953125
0.9505,-4.794677734375,4.134033203125,1.251220703125
0.951,-4.354248046875,4.614501953125,0.490478515625
0.9515,-3.593505859375,4.894775390625,-0.590576171875
0.952,-2.392333984375,5.094970703125,-1.951904296875
0.9525,-1.111083984375,5.255126953125,-3.353271484375
0.953,-0.310302734375,5.455322265625,-4.474365234375
0.9535,0.450439453125,5.615478515625,-5.275146484375
0.954,1.411376953125,5.175048828125,-5.835693359375
0.9545,2.612548828125,4.134033203125,-6.196044921875
0.955,3.853759765625,2.772705078125,-6.356201171875
0.9555,4.814697265625,1.491455078125,-6.356201171875
0.956,5.335205078125,0.650634765625,-6.316162109375
0.9565,5.415283203125,0.010009765625,-5.995849609375
0.957,5.255126953125,-0.990966796875,-5.275146484375
0.9575,5.014892578125,-2.272216796875,-3.993896484375
0.958,4.774658203125,-3.553466796875,-2.672607421875
0.9585,4.614501953125,-4.674560546875,-1.591552734375
0.959,4.334228515625,-5.395263671875,-0.790771484375
0.9595,3.693603515625,-5.715576171875,0.130126953125
0.96,2.612548828125,-5.875732421875,1.291259765625
0.9605,1.291259765625,-6.075927734375,2.732666015625
0.961,0.050048828125,-6.196044921875,4.134033203125
0.9615,-0.790771484375,-6.396240234375,5.054931640625
0.962,-1.471435546875,-6.276123046875,5.775634765625
0.9625,-2.552490234375,-5.555419921875,6.256103515625
0.963,-3.873779296875,-4.194091796875,6.456298828125
0.9635,-4.994873046875,-2.712646484375,6.416259765625
0.964,-5.795654296875,-1.551513671875,6.416259765625
0.9645,-6.035888671875,-0.790771484375,6.216064453125
0.965,-5.955810546875,0.090087890625,5.655517578125
0.9655,-5.715576171875,1.171142578125,4.614501953125
0.966,-5.395263671875,2.452392578125,3.213134765625
0.9665,-5.114990234375,3.813720703125,1.851806640625
0.967,-4.874755859375,4.654541015625,0.890869140625
0.9675,-4.474365234375,5.175048828125,0.130126953125
0.968,-3.673583984375,5.415283203125,-0.910888671875
0.9685,-2.272216796875,5.455322265625,-2.312255859375
0.969,-0.830810546875,5.575439453125,-3.833740234375
0.9695,0.250244140625,5.695556640625,-5.074951171875
0.97,0.930908203125,5.815673828125,-5.835693359375
0.9705,1.811767578125,5.375244140625,-6.396240234375
0.971,3.052978515625,4.294189453125,-6.716552734375
0.9715,4.334228515625,2.852783203125,-6.836669921875
0.972,5.335205078125,1.291259765625,-6.716552734375
0.9725,5.855712890625,0.330322265625,-6.556396484375
0.973,5.935791015625,-0.510498046875,-6.276123046875
0.9735,5.735595703125,-1.391357421875,-5.435302734375
0.974,5.375244140625,-2.632568359375,-4.114013671875
0.9745,5.014892578125,-3.993896484375,-2.632568359375
0.975,4.774658203125,-5.195068359375,-1.351318359375
0.9755,4.414306640625,-5.875732421875,-0.510498046875
0.976,3.773681640625,-6.236083984375,0.410400390625
0.9765,2.652587890625,-6.356201171875,1.531494140625
0.977,1.211181640625,-6.436279296875,3.052978515625
0.9775,-0.390380859375,-6.436279296875,4.494384765625
0.978,-1.191162109375,-6.436279296875,5.495361328125
0.9785,-1.791748046875,-6.396240234375,6.176025390625
0.979,-2.832763671875,-5.675537109375,6.656494140625
0.9795,-4.114013671875,-4.354248046875,6.856689453125
0.98,-5.235107421875,-2.872802734375,6.776611328125
0.9805,-6.156005859375,-1.431396484375,6.656494140625
0.981,-6.396240234375,-0.630615234375,6.416259765625
0.9815,-6.356201171875,0.250244140625,5.935791015625
0.982,-6.035888671875,1.211181640625,4.934814453125
0.9825,-5.675537109375,2.532470703125,3.493408203125
0.983,-5.275146484375,3.853759765625,1.931884765625
0.9835,-4.994873046875,4.934814453125,0.850830078125
0.984,-4.594482421875,5.455322265625,0.050048828125
0.9845,-3.833740234375,5.615478515625,-0.910888671875
0.985,-2.512451171875,5.735595703125,-2.192138671875
0.9855,-1.071044921875,5.735595703125,-3.713623046875
0.986,0.330322265625,5.775634765625,-5.034912109375
0.9865,1.010986328125,5.895751953125,-5.875732421875
0.987,1.771728515625,5.655517578125,-6.516357421875
0.9875,2.812744140625,4.774658203125,-6.916748046875
0.988,4.134033203125,3.293212890625,-7.036865234375
0.9885,5.255126953125,1.691650390625,-6.876708984375
0.989,5.935791015625,0.490478515625,-6.716552734375
0.9895,6.095947265625,-0.310302734375,-6.476318359375
0.99,5.935791015625,-1.151123046875,-5.835693359375
0.9905,5.575439453125,-2.272216796875,-4.634521484375
0.991,5.175048828125,-3.593505859375,-3.193115234375
0.9915,4.814697265625,-4.834716796875,-1.751708984375
0.992,4.494384765625,-5.715576171875,-0.750732421875
0.9925,4.053955078125,-6.236083984375,0.130126953125
0.993,3.173095703125,-6.396240234375,1.010986328125
0.9935,1.731689453125,-6.436279296875,2.412353515625
0.994,0.250244140625,-6.396240234375,3.973876953125
0.9945,-0.910888671875,-6.436279296875,5.135009765625
0.995,-1.511474609375,-6.476318359375,5.895751953125
0.9955,-2.352294921875,-6.115966796875,6.496337890625
0.996,-3.553466796875,-4.994873046875,6.736572265625
0.9965,-4.794677734375,-3.553466796875,6.816650390625
0.997,-5.795654296875,-1.991943359375,6.696533203125
0.9975,-6.356201171875,-1.031005859375,6.536376953125
0.998,-6.396240234375,-0.310302734375,6.216064453125
0.9985,-6.156005859375,0.650634765625,5.455322265625
0.999,-5.795654296875,1.891845703125,4.134033203125
0.9995,-5.435302734375,3.213134765625,2.652587890625
