wavelength,x,y,z
0.0,4.5244140625,2.7626953125,-6.966796875
0.0005,5.8056640625,1.28125,-7.20703125
0.001,6.4462890625,0.4404296875,-7.3671875
0.0015,6.326171875,-0.2802734375,-7.046875
0.002,5.7255859375,-1.0009765625,-5.92578125
0.0025,5.1650390625,-2.2822265625,-4.2841796875
0.003,4.9248046875,-3.923828125,-2.6025390625
0.0035,5.0048828125,-5.4453125,-1.4013671875
0.004,4.884765625,-6.24609375,-0.720703125
0.0045,4.1240234375,-6.40625,0.1201171875
0.005,2.802734375,-6.166015625,1.1611328125
0.0055,1.1611328125,-6.2861328125,2.8427734375
0.006,-0.2802734375,-6.6064453125,4.564453125
0.0065,-1.0009765625,-7.126953125,5.845703125
0.007,-1.6015625,-7.1669921875,6.5263671875
0.0075,-2.5625,-6.2060546875,6.6865234375
0.008,-3.923828125,-4.64453125,6.806640625
0.0085,-5.4453125,-3.04296875,6.966796875
0.009,-6.56640625,-1.7216796875,7.20703125
0.0095,-6.966796875,-1.0810546875,7.2470703125
0.01,-6.6064453125,-0.400390625,6.6064453125
0.0105,-5.9658203125,0.640625,5.28515625
0.011,-5.525390625,2.162109375,3.6435546875
0.0115,-5.4052734375,3.84375,2.0419921875
0.012,-5.4453125,5.125,1.041015625
0.0125,-5.125,5.685546875,0.400390625
0.013,-4.1640625,5.685546875,-0.5205078125
0.0135,-2.6025390625,5.525390625,-1.8017578125
0.014,-1.0009765625,5.685546875,-3.603515625
0.0145,0.2001953125,6.1259765625,-5.2451171875
0.015,0.80078125,6.56640625,-6.3662109375
0.0155,1.44140625,6.326171875,-6.806640625
0.016,2.5625,5.0849609375,-6.88671875
0.0165,4.083984375,3.4033203125,-7.0068359375
0.017,5.4853515625,1.76171875,-7.1669921875
0.0175,6.40625,0.6806640625,-7.4072265625
0.018,6.5263671875,0.16015625,-7.287109375
0.0185,6.0458984375,-0.640625,-6.40625
0.019,5.4052734375,-1.8017578125,-4.9248046875
0.0195,5.044921875,-3.4033203125,-3.203125
0.02,5.044921875,-5.044921875,-1.8017578125
0.0205,5.044921875,-6.1259765625,-0.9609375
0.021,4.5244140625,-6.486328125,-0.3203125
0.0215,3.3232421875,-6.3662109375,0.7607421875
0.022,1.76171875,-6.2861328125,2.2822265625
0.0225,0.1201171875,-6.486328125,4.1240234375
0.023,-0.8408203125,-7.046875,5.60546875
0.0235,-1.4013671875,-7.3271484375,6.486328125
0.024,-2.2021484375,-6.6865234375,6.806640625
0.0245,-3.5634765625,-5.205078125,6.8466796875
0.025,-5.044921875,-3.5634765625,6.966796875
0.0255,-6.40625,-2.08203125,7.1669921875
0.026,-7.0068359375,-1.1611328125,7.3671875
0.0265,-6.88671875,-0.6005859375,7.0068359375
0.027,-6.2861328125,0.400390625,5.8056640625
0.0275,-5.765625,1.76171875,4.2041015625
0.028,-5.4453125,3.4833984375,2.4423828125
0.0285,-5.525390625,4.96484375,1.2412109375
0.029,-5.3251953125,5.765625,0.48046875
0.0295,-4.6044921875,5.8857421875,-0.3203125
0.03,-3.123046875,5.685546875,-1.521484375
0.0305,-1.44140625,5.765625,-3.203125
0.031,0.080078125,6.0859375,-5.0048828125
0.0315,0.80078125,6.5263671875,-6.2861328125
0.032,1.3212890625,6.5263671875,-6.9267578125
0.0325,2.322265625,5.4853515625,-7.0869140625
0.033,3.763671875,3.84375,-7.0869140625
0.0335,5.205078125,2.1220703125,-7.20703125
0.034,6.326171875,0.880859375,-7.4072265625
0.0345,6.6865234375,0.2001953125,-7.4072265625
0.035,6.326171875,-0.5205078125,-6.7265625
0.0355,5.60546875,-1.4814453125,-5.4052734375
0.036,5.125,-2.962890625,-3.7236328125
0.0365,4.96484375,-4.64453125,-2.08203125
0.037,5.0048828125,-5.8857421875,-1.041015625
0.0375,4.724609375,-6.40625,-0.48046875
0.038,3.763671875,-6.3662109375,0.400390625
0.0385,2.2421875,-6.2060546875,1.7216796875
0.039,0.560546875,-6.2861328125,3.4833984375
0.0395,-0.6005859375,-6.7666015625,5.044921875
0.04,-1.1611328125,-7.1669921875,6.0859375
0.0405,-1.8017578125,-6.966796875,6.56640625
0.041,-2.8828125,-5.765625,6.6064453125
0.0415,-4.32421875,-4.2041015625,6.6865234375
0.042,-5.685546875,-2.6025390625,6.88671875
0.0425,-6.6064453125,-1.6015625,7.1669921875
0.043,-6.7265625,-1.041015625,7.0869140625
0.0435,-6.2861328125,-0.3603515625,6.2861328125
0.044,-5.685546875,0.80078125,4.9248046875
0.0445,-5.3251953125,2.2822265625,3.283203125
0.045,-5.3251953125,3.8837890625,1.921875
0.0455,-5.365234375,4.96484375,1.12109375
0.046,-5.0048828125,5.4052734375,0.5205078125
0.0465,-3.8837890625,5.3251953125,-0.48046875
0.047,-2.4423828125,5.365234375,-1.921875
0.0475,-0.9609375,5.60546875,-3.68359375
0.048,0.0,6.2060546875,-5.125
0.0485,0.560546875,6.4462890625,-6.0458984375
0.049,1.28125,6.0458984375,-6.40625
0.0495,2.482421875,4.724609375,-6.5263671875
0.05,3.9638671875,3.2431640625,-6.7265625
0.0505,5.28515625,1.8818359375,-7.0068359375
0.051,6.0458984375,1.0009765625,-7.287109375
0.0515,6.005859375,0.48046875,-7.0869140625
0.052,5.5654296875,-0.400390625,-6.1259765625
0.0525,5.0849609375,-1.6015625,-4.6845703125
0.053,4.884765625,-3.203125,-3.1630859375
0.0535,5.044921875,-4.724609375,-1.9619140625
0.054,5.0048828125,-5.60546875,-1.28125
0.0545,4.4443359375,-5.845703125,-0.640625
0.055,3.1630859375,-5.765625,0.48046875
0.0555,1.7216796875,-5.92578125,2.0419921875
0.056,0.4404296875,-6.326171875,3.763671875
0.0565,-0.400390625,-6.9267578125,5.0849609375
0.057,-0.9609375,-7.0869140625,5.8056640625
0.0575,-1.841796875,-6.3662109375,6.0458984375
0.058,-3.1630859375,-4.96484375,6.24609375
0.0585,-4.6044921875,-3.443359375,6.4462890625
0.059,-5.765625,-2.2421875,6.7666015625
0.0595,-6.24609375,-1.6416015625,7.0068359375
0.06,-6.0859375,-1.041015625,6.5263671875
0.0605,-5.525390625,-0.2001953125,5.4052734375
0.061,-5.205078125,1.201171875,4.00390625
0.0615,-5.125,2.802734375,2.6025390625
0.062,-5.28515625,4.083984375,1.7216796875
0.0625,-5.1650390625,4.7646484375,1.12109375
0.063,-4.4443359375,4.8447265625,0.4404296875
0.0635,-3.1630859375,4.8447265625,-0.8408203125
0.064,-1.8017578125,5.0849609375,-2.4423828125
0.0645,-0.7607421875,5.6455078125,-4.00390625
0.065,-0.16015625,6.2060546875,-5.125
0.0655,0.48046875,6.1259765625,-5.765625
0.066,1.4814453125,5.2451171875,-5.92578125
0.0665,2.8427734375,3.9638671875,-6.166015625
0.067,4.2041015625,2.5625,-6.4462890625
0.0675,5.2451171875,1.6015625,-6.88671875
0.068,5.5654296875,1.12109375,-6.966796875
0.0685,5.28515625,0.5205078125,-6.40625
0.069,4.8447265625,-0.560546875,-5.28515625
0.0695,4.64453125,-1.8818359375,-4.00390625
0.07,4.7646484375,-3.4033203125,-2.7626953125
0.0705,4.96484375,-4.5244140625,-2.0419921875
0.071,4.724609375,-5.125,-1.4814453125
0.0715,3.84375,-5.2451171875,-0.640625
0.072,2.6826171875,-5.4052734375,0.6806640625
0.0725,1.44140625,-5.765625,2.2822265625
0.073,0.6005859375,-6.4462890625,3.763671875
0.0735,0.0400390625,-6.966796875,4.8046875
0.074,-0.720703125,-6.6865234375,5.3251953125
0.0745,-1.921875,-5.6455078125,5.5654296875
0.075,-3.2431640625,-4.404296875,5.8857421875
0.0755,-4.64453125,-3.203125,6.326171875
0.076,-5.4853515625,-2.4423828125,6.7265625
0.0765,-5.6455078125,-1.9619140625,6.6865234375
0.077,-5.4052734375,-1.2412109375,5.92578125
0.0775,-5.125,0.0,4.8447265625
0.078,-5.044921875,1.44140625,3.5634765625
0.0785,-5.2451171875,2.8828125,2.5625
0.079,-5.3251953125,3.84375,1.921875
0.0795,-4.9248046875,4.2841796875,1.3212890625
0.08,-3.923828125,4.404296875,0.3203125
0.0805,-2.7626953125,4.64453125,-1.201171875
0.081,-1.6416015625,5.1650390625,-2.802734375
0.0815,-1.0009765625,5.845703125,-4.1640625
0.082,-0.400390625,6.166015625,-5.0048828125
0.0825,0.5205078125,5.685546875,-5.365234375
0.083,1.76171875,4.564453125,-5.6455078125
0.0835,3.1630859375,3.2431640625,-6.0458984375
0.084,4.4443359375,2.2421875,-6.4462890625
0.0845,5.0849609375,1.6416015625,-6.806640625
0.085,5.044921875,1.12109375,-6.56640625
0.0855,4.7646484375,0.3203125,-5.7255859375
0.086,4.5244140625,-1.0009765625,-4.5244140625
0.0865,4.564453125,-2.4423828125,-3.36328125
0.087,4.8046875,-3.8037109375,-2.5224609375
0.0875,4.8447265625,-4.5244140625,-1.9619140625
0.088,4.2841796875,-4.8046875,-1.3212890625
0.0885,3.203125,-5.044921875,-0.2001953125
0.089,2.0419921875,-5.4052734375,1.3212890625
0.0895,1.12109375,-6.0859375,2.8427734375
0.09,0.560546875,-6.646484375,4.083984375
0.0905,-0.16015625,-6.7265625,4.7646484375
0.091,-1.1611328125,-6.005859375,5.0849609375
0.0915,-2.4423828125,-4.884765625,5.4453125
0.092,-3.84375,-3.7236328125,5.8857421875
0.0925,-4.96484375,-2.8427734375,6.40625
0.093,-5.3251953125,-2.322265625,6.646484375
0.0935,-5.2451171875,-1.76171875,6.2060546875
0.094,-5.0048828125,-0.80078125,5.205078125
0.0945,-4.9248046875,0.6005859375,4.1240234375
0.095,-5.0849609375,2.08203125,3.04296875
0.0955,-5.28515625,3.2431640625,2.3623046875
0.096,-5.1650390625,3.84375,1.8017578125
0.0965,-4.4443359375,4.083984375,0.9609375
0.097,-3.3232421875,4.3642578125,-0.400390625
0.0975,-2.2421875,4.8046875,-1.9619140625
0.098,-1.44140625,5.5654296875,-3.4033203125
0.0985,-0.880859375,6.0859375,-4.4443359375
0.099,0.0,5.8857421875,-5.0048828125
0.0995,1.0810546875,5.0048828125,-5.3251953125
0.1,2.482421875,3.84375,-5.7255859375
0.1005,3.84375,2.6826171875,-6.166015625
0.101,4.7646484375,1.9619140625,-6.6865234375
0.1015,4.96484375,1.44140625,-6.6865234375
0.102,4.7646484375,0.7607421875,-6.0458984375
0.1025,4.5244140625,-0.400390625,-5.0048828125
0.103,4.5244140625,-1.8017578125,-3.8037109375
0.1035,4.8046875,-3.2431640625,-2.8828125
0.104,4.9248046875,-4.2041015625,-2.2822265625
0.1045,4.564453125,-4.6845703125,-1.6416015625
0.105,3.6435546875,-4.884765625,-0.6806640625
0.1055,2.5224609375,-5.28515625,0.80078125
0.106,1.44140625,-5.765625,2.40234375
0.1065,0.80078125,-6.486328125,3.7236328125
0.107,0.240234375,-6.7666015625,4.6044921875
0.1075,-0.7607421875,-6.2861328125,5.044921875
0.108,-2.001953125,-5.2451171875,5.4052734375
0.1085,-3.4833984375,-4.00390625,5.765625
0.109,-4.724609375,-2.9228515625,6.2861328125
0.1095,-5.4052734375,-2.40234375,6.6865234375
0.11,-5.4052734375,-1.841796875,6.3662109375
0.1105,-5.0849609375,-1.0009765625,5.4853515625
0.111,-4.96484375,0.3603515625,4.3642578125
0.1115,-5.0048828125,1.8818359375,3.1630859375
0.112,-5.28515625,3.1630859375,2.322265625
0.1125,-5.205078125,3.923828125,1.76171875
0.113,-4.6044921875,4.2041015625,1.041015625
0.1135,-3.5634765625,4.32421875,-0.2802734375
0.114,-2.322265625,4.8046875,-1.76171875
0.1145,-1.361328125,5.4453125,-3.3232421875
0.115,-0.80078125,6.0859375,-4.5244140625
0.1155,0.0,6.0859375,-5.205078125
0.116,1.0009765625,5.205078125,-5.4853515625
0.1165,2.40234375,4.00390625,-5.845703125
0.117,3.84375,2.72265625,-6.24609375
0.1175,4.9248046875,1.8017578125,-6.7265625
0.118,5.28515625,1.28125,-6.806640625
0.1185,5.0849609375,0.640625,-6.2861328125
0.119,4.724609375,-0.5205078125,-5.1650390625
0.1195,4.6044921875,-1.8818359375,-3.8837890625
0.12,4.7646484375,-3.4033203125,-2.72265625
0.1205,4.96484375,-4.6044921875,-2.001953125
0.121,4.64453125,-5.125,-1.4013671875
0.1215,3.7236328125,-5.28515625,-0.6005859375
0.122,2.5224609375,-5.4052734375,0.9208984375
0.1225,1.28125,-5.8056640625,2.5625
0.123,0.48046875,-6.5263671875,4.00390625
0.1235,-0.2001953125,-6.9267578125,5.044921875
0.124,-1.0009765625,-6.486328125,5.4853515625
0.1245,-2.2421875,-5.365234375,5.7255859375
0.125,-3.7236328125,-3.9638671875,6.0458984375
0.1255,-5.0849609375,-2.72265625,6.4462890625
0.126,-5.845703125,-2.001953125,6.806640625
0.1265,-5.845703125,-1.44140625,6.56640625
0.127,-5.4853515625,-0.640625,5.685546875
0.1275,-5.125,0.6005859375,4.404296875
0.128,-5.0849609375,2.2021484375,3.0029296875
0.1285,-5.28515625,3.6435546875,1.9619140625
0.129,-5.2451171875,4.484375,1.3212890625
0.1295,-4.6845703125,4.724609375,0.640625
0.13,-3.5234375,4.7646484375,-0.48046875
0.1305,-2.1220703125,5.0048828125,-2.0419921875
0.131,-1.0009765625,5.525390625,-3.68359375
0.1315,-0.3203125,6.1259765625,-5.0048828125
0.132,0.3603515625,6.24609375,-5.765625
0.1325,1.3212890625,5.4453125,-6.005859375
0.133,2.6826171875,4.1240234375,-6.24609375
0.1335,4.1640625,2.6025390625,-6.5263671875
0.134,5.365234375,1.521484375,-6.9267578125
0.1345,5.8056640625,0.9208984375,-7.0869140625
0.135,5.60546875,0.2802734375,-6.56640625
0.1355,5.0849609375,-0.720703125,-5.4052734375
0.136,4.8046875,-2.2021484375,-3.923828125
0.1365,4.8046875,-3.84375,-2.5625
0.137,4.96484375,-5.1650390625,-1.6416015625
0.1375,4.8046875,-5.765625,-1.041015625
0.138,3.8837890625,-5.765625,-0.2001953125
0.1385,2.5224609375,-5.765625,1.1611328125
0.139,1.0009765625,-6.0458984375,2.9228515625
0.1395,0.0400390625,-6.646484375,4.484375
0.14,-0.640625,-7.126953125,5.6455078125
0.1405,-1.4013671875,-6.8466796875,6.166015625
0.141,-2.6025390625,-5.6455078125,6.326171875
0.1415,-4.1240234375,-4.083984375,6.5263671875
0.142,-5.5654296875,-2.6025390625,6.8466796875
0.1425,-6.4462890625,-1.6015625,7.1669921875
0.143,-6.56640625,-1.041015625,7.0068359375
0.1435,-6.1259765625,-0.3203125,6.0859375
0.144,-5.60546875,1.0810546875,4.6044921875
0.1445,-5.365234375,2.642578125,2.962890625
0.145,-5.4052734375,4.2041015625,1.6416015625
0.1455,-5.4052734375,5.1650390625,0.880859375
0.146,-4.8447265625,5.525390625,0.240234375
0.1465,-3.5634765625,5.4052734375,-0.9208984375
0.147,-1.9619140625,5.4453125,-2.5224609375
0.1475,-0.5205078125,5.8056640625,-4.32421875
0.148,0.400390625,6.3662109375,-5.7255859375
0.1485,0.9609375,6.5263671875,-6.56640625
0.149,1.8818359375,5.765625,-6.806640625
0.1495,3.2431640625,4.2041015625,-6.9267578125
0.15,4.7646484375,2.5625,-7.046875
0.1505,6.005859375,1.1611328125,-7.2470703125
0.151,6.5263671875,0.3203125,-7.4072265625
0.1515,6.326171875,-0.3603515625,-6.9267578125
0.152,5.685546875,-1.2412109375,-5.685546875
0.1525,5.1650390625,-2.72265625,-4.00390625
0.153,4.96484375,-4.404296875,-2.322265625
0.1535,5.0048828125,-5.765625,-1.2412109375
0.154,4.8046875,-6.4462890625,-0.5205078125
0.1545,3.9638671875,-6.4462890625,0.2802734375
0.155,2.482421875,-6.2861328125,1.521484375
0.1555,0.7607421875,-6.3662109375,3.283203125
0.156,-0.6005859375,-6.7265625,4.96484375
0.1565,-1.2412109375,-7.1669921875,6.166015625
0.157,-1.841796875,-7.0869140625,6.7265625
0.1575,-2.8828125,-5.9658203125,6.8466796875
0.158,-4.3642578125,-4.32421875,6.966796875
0.1585,-5.765625,-2.642578125,7.046875
0.159,-6.806640625,-1.44140625,7.287109375
0.1595,-7.0869140625,-0.80078125,7.2470703125
0.16,-6.6064453125,0.0,6.486328125
0.1605,-5.92578125,1.0009765625,5.044921875
0.161,-5.525390625,2.5625,3.3232421875
0.1615,-5.4453125,4.2041015625,1.76171875
0.162,-5.4052734375,5.4052734375,0.80078125
0.1625,-5.0048828125,5.8056640625,0.16015625
0.163,-3.8837890625,5.7255859375,-0.7607421875
0.1635,-2.2822265625,5.60546875,-2.2021484375
0.164,-0.720703125,5.765625,-4.00390625
0.1645,0.4404296875,6.24609375,-5.525390625
0.165,0.9609375,6.6064453125,-6.486328125
0.1655,1.6416015625,6.2060546875,-6.9267578125
0.166,2.8427734375,4.8046875,-6.9267578125
0.1665,4.32421875,3.1630859375,-7.0869140625
0.167,5.7255859375,1.6015625,-7.20703125
0.1675,6.486328125,0.6005859375,-7.4072265625
0.168,6.486328125,0.0400390625,-7.20703125
0.1685,5.92578125,-0.80078125,-6.2861328125
0.169,5.365234375,-1.9619140625,-4.724609375
0.1695,5.0048828125,-3.603515625,-3.0830078125
0.17,5.044921875,-5.1650390625,-1.681640625
0.1705,5.044921875,-6.1259765625,-0.9208984375
0.171,4.484375,-6.40625,-0.2802734375
0.1715,3.203125,-6.24609375,0.80078125
0.172,1.5615234375,-6.2861328125,2.40234375
0.1725,0.080078125,-6.5263671875,4.1640625
0.173,-0.80078125,-7.0869140625,5.60546875
0.1735,-1.3212890625,-7.287109375,6.40625
0.174,-2.2421875,-6.56640625,6.6865234375
0.1745,-3.5634765625,-5.0849609375,6.7666015625
0.175,-5.0849609375,-3.443359375,6.966796875
0.1755,-6.3662109375,-2.0419921875,7.1669921875
0.176,-6.9267578125,-1.2412109375,7.3671875
0.1765,-6.7265625,-0.640625,6.88671875
0.177,-6.1259765625,0.3203125,5.7255859375
0.1775,-5.7255859375,1.7216796875,4.1240234375
0.178,-5.4453125,3.4833984375,2.40234375
0.1785,-5.525390625,4.9248046875,1.28125
0.179,-5.3251953125,5.6455078125,0.6005859375
0.1795,-4.5244140625,5.7255859375,-0.2802734375
0.18,-3.0830078125,5.60546875,-1.4814453125
0.1805,-1.4013671875,5.7255859375,-3.283203125
0.181,0.0,6.0859375,-5.0048828125
0.1815,0.6806640625,6.6064453125,-6.24609375
0.182,1.28125,6.5263671875,-6.8466796875
0.1825,2.3623046875,5.4052734375,-7.0068359375
0.183,3.84375,3.8037109375,-7.0869140625
0.1835,5.3251953125,2.08203125,-7.2470703125
0.184,6.40625,0.880859375,-7.447265625
0.1845,6.6865234375,0.16015625,-7.447265625
0.185,6.24609375,-0.6005859375,-6.7265625
0.1855,5.5654296875,-1.681640625,-5.28515625
0.186,5.1650390625,-3.203125,-3.4833984375
0.1865,5.0849609375,-4.884765625,-1.921875
0.187,5.044921875,-6.1259765625,-1.0009765625
0.1875,4.6845703125,-6.5263671875,-0.3603515625
0.188,3.5634765625,-6.40625,0.6005859375
0.1885,1.9619140625,-6.2861328125,2.0419921875
0.189,0.2802734375,-6.40625,3.84375
0.1895,-0.80078125,-6.88671875,5.365234375
0.19,-1.3212890625,-7.2470703125,6.3662109375
0.1905,-2.0419921875,-6.806640625,6.7265625
0.191,-3.203125,-5.4453125,6.7265625
0.1915,-4.6845703125,-3.84375,6.88671875
0.192,-6.0859375,-2.2822265625,7.046875
0.1925,-6.806640625,-1.361328125,7.2470703125
0.193,-6.806640625,-0.80078125,7.046875
0.1935,-6.2861328125,0.0,6.0458984375
0.194,-5.6455078125,1.2412109375,4.564453125
0.1945,-5.365234375,2.8427734375,2.8828125
0.195,-5.365234375,4.3642578125,1.6015625
0.1955,-5.3251953125,5.28515625,0.880859375
0.196,-4.7646484375,5.5654296875,0.240234375
0.1965,-3.5634765625,5.4052734375,-0.80078125
0.197,-2.001953125,5.4052734375,-2.3623046875
0.1975,-0.6005859375,5.7255859375,-4.1240234375
0.198,0.3203125,6.24609375,-5.4453125
0.1985,0.80078125,6.5263671875,-6.2861328125
0.199,1.5615234375,5.8857421875,-6.5263671875
0.1995,2.8427734375,4.5244140625,-6.646484375
0.2,4.2841796875,2.9228515625,-6.806640625
0.2005,5.5654296875,1.5615234375,-7.0869140625
0.201,6.166015625,0.80078125,-7.3271484375
0.2015,6.0458984375,0.240234375,-7.0068359375
0.202,5.525390625,-0.640625,-5.92578125
0.2025,5.0849609375,-1.8818359375,-4.484375
0.203,4.96484375,-3.5234375,-2.9228515625
0.2035,5.0849609375,-5.0048828125,-1.841796875
0.204,4.96484375,-5.765625,-1.201171875
0.2045,4.32421875,-5.92578125,-0.5205078125
0.205,3.04296875,-5.8857421875,0.6806640625
0.2055,1.521484375,-6.0458984375,2.322265625
0.206,0.2802734375,-6.4462890625,4.0439453125
0.2065,-0.5205078125,-7.046875,5.28515625
0.207,-1.0810546875,-7.0869140625,6.005859375
0.2075,-2.0419921875,-6.2060546875,6.2060546875
0.208,-3.443359375,-4.8046875,6.40625
0.2085,-4.9248046875,-3.283203125,6.646484375
0.209,-6.0859375,-2.162109375,7.0068359375
0.2095,-6.40625,-1.6015625,7.0869140625
0.21,-6.166015625,-0.9208984375,6.5263671875
0.2105,-5.6455078125,0.16015625,5.28515625
0.211,-5.28515625,1.5615234375,3.84375
0.2115,-5.28515625,3.1630859375,2.40234375
0.212,-5.4052734375,4.4443359375,1.5615234375
0.2125,-5.125,4.96484375,0.9609375
0.213,-4.244140625,5.044921875,0.1201171875
0.2135,-2.8828125,5.044921875,-1.28125
0.214,-1.44140625,5.28515625,-2.9228515625
0.2145,-0.5205078125,5.845703125,-4.484375
0.215,0.16015625,6.3662109375,-5.525390625
0.2155,0.7607421875,6.1259765625,-6.005859375
0.216,1.8818359375,5.044921875,-6.1259765625
0.2165,3.283203125,3.603515625,-6.40625
0.217,4.6044921875,2.2021484375,-6.6865234375
0.2175,5.5654296875,1.28125,-7.046875
0.218,5.7255859375,0.8408203125,-6.966796875
0.2185,5.365234375,0.16015625,-6.24609375
0.219,4.9248046875,-0.9609375,-5.0048828125
0.2195,4.6845703125,-2.40234375,-3.603515625
0.22,4.8046875,-3.923828125,-2.4423828125
0.2205,4.9248046875,-4.96484375,-1.7216796875
0.221,4.564453125,-5.4052734375,-1.1611328125
0.2215,3.5634765625,-5.4052734375,-0.2802734375
0.222,2.2822265625,-5.525390625,1.201171875
0.2225,1.0009765625,-5.92578125,2.802734375
0.223,0.2802734375,-6.56640625,4.2041015625
0.2235,-0.3603515625,-6.9267578125,5.125
0.224,-1.12109375,-6.56640625,5.5654296875
0.2245,-2.2822265625,-5.4453125,5.7255859375
0.225,-3.7236328125,-4.1240234375,6.0458984375
0.2255,-5.0048828125,-2.9228515625,6.40625
0.226,-5.7255859375,-2.2421875,6.806640625
0.2265,-5.765625,-1.681640625,6.646484375
0.227,-5.4052734375,-0.9609375,5.765625
0.2275,-5.125,0.2802734375,4.6044921875
0.228,-5.0849609375,1.8017578125,3.3232421875
0.2285,-5.28515625,3.203125,2.3623046875
0.229,-5.28515625,4.083984375,1.76171875
0.2295,-4.8447265625,4.404296875,1.12109375
0.23,-3.763671875,4.484375,0.080078125
0.2305,-2.5224609375,4.8046875,-1.4814453125
0.231,-1.44140625,5.365234375,-3.04296875
0.2315,-0.80078125,6.005859375,-4.32421875
0.232,-0.2802734375,6.2060546875,-5.125
0.2325,0.6806640625,5.525390625,-5.4453125
0.233,1.9619140625,4.404296875,-5.765625
0.2335,3.4033203125,3.0830078125,-6.1259765625
0.234,4.6044921875,2.162109375,-6.56640625
0.2345,5.125,1.6015625,-6.8466796875
0.235,5.0849609375,1.0810546875,-6.486328125
0.2355,4.7646484375,0.240234375,-5.60546875
0.236,4.564453125,-1.1611328125,-4.4443359375
0.2365,4.6044921875,-2.642578125,-3.2431640625
0.237,4.884765625,-3.8837890625,-2.482421875
0.2375,4.8447265625,-4.564453125,-1.9619140625
0.238,4.2041015625,-4.8447265625,-1.28125
0.2385,3.1630859375,-5.044921875,0.0
0.239,1.9619140625,-5.4453125,1.521484375
0.2395,1.12109375,-6.1259765625,3.0029296875
0.24,0.560546875,-6.6865234375,4.1240234375
0.2405,-0.2001953125,-6.7265625,4.8046875
0.241,-1.2412109375,-5.92578125,5.0849609375
0.2415,-2.5625,-4.8447265625,5.4853515625
0.242,-3.923828125,-3.603515625,5.9658203125
0.2425,-5.0048828125,-2.802734375,6.4462890625
0.243,-5.3251953125,-2.322265625,6.646484375
0.2435,-5.1650390625,-1.7216796875,6.1259765625
0.244,-4.96484375,-0.720703125,5.125
0.2445,-4.9248046875,0.7607421875,4.00390625
0.245,-5.125,2.2021484375,3.0029296875
0.2455,-5.3251953125,3.283203125,2.40234375
0.246,-5.125,3.84375,1.841796875
0.2465,-4.3642578125,4.083984375,0.9609375
0.247,-3.2431640625,4.4443359375,-0.48046875
0.2475,-2.1220703125,4.96484375,-2.0419921875
0.248,-1.4013671875,5.685546875,-3.5234375
0.2485,-0.8408203125,6.0859375,-4.5244140625
0.249,0.0,5.845703125,-5.0048828125
0.2495,1.1611328125,4.884765625,-5.365234375
0.25,2.5625,3.763671875,-5.765625
0.2505,3.9638671875,2.6025390625,-6.2861328125
0.251,4.8046875,1.9619140625,-6.7265625
0.2515,4.96484375,1.44140625,-6.6865234375
0.252,4.724609375,0.720703125,-5.92578125
0.2525,4.564453125,-0.5205078125,-4.884765625
0.253,4.564453125,-2.001953125,-3.7236328125
0.2535,4.8447265625,-3.443359375,-2.802734375
0.254,4.96484375,-4.3642578125,-2.2421875
0.2545,4.5244140625,-4.724609375,-1.6015625
0.255,3.5234375,-4.884765625,-0.5205078125
0.2555,2.3623046875,-5.28515625,1.0009765625
0.256,1.361328125,-5.8857421875,2.6025390625
0.2565,0.6806640625,-6.6064453125,3.923828125
0.257,0.1201171875,-6.806640625,4.724609375
0.2575,-1.0009765625,-6.24609375,5.0849609375
0.258,-2.2822265625,-5.0849609375,5.4853515625
0.2585,-3.7236328125,-3.8037109375,5.8857421875
0.259,-4.9248046875,-2.802734375,6.40625
0.2595,-5.4853515625,-2.2822265625,6.6865234375
0.26,-5.4052734375,-1.681640625,6.326171875
0.2605,-5.0849609375,-0.80078125,5.3251953125
0.261,-4.96484375,0.6005859375,4.1640625
0.2615,-5.0849609375,2.162109375,3.0029296875
0.262,-5.28515625,3.4033203125,2.2021484375
0.2625,-5.1650390625,4.083984375,1.6015625
0.263,-4.4443359375,4.2841796875,0.880859375
0.2635,-3.3232421875,4.484375,-0.48046875
0.264,-2.08203125,4.8447265625,-2.001953125
0.2645,-1.28125,5.4853515625,-3.5634765625
0.265,-0.640625,6.0859375,-4.64453125
0.2655,0.080078125,5.92578125,-5.28515625
0.266,1.201171875,5.0849609375,-5.4853515625
0.2665,2.6025390625,3.84375,-5.8857421875
0.267,4.0439453125,2.5224609375,-6.2861328125
0.2675,5.044921875,1.7216796875,-6.7666015625
0.268,5.2451171875,1.2412109375,-6.7666015625
0.2685,5.0048828125,0.560546875,-6.1259765625
0.269,4.6845703125,-0.6005859375,-5.044921875
0.2695,4.564453125,-2.001953125,-3.7236328125
0.27,4.8046875,-3.5634765625,-2.6826171875
0.2705,4.9248046875,-4.6044921875,-1.9619140625
0.271,4.6044921875,-5.0048828125,-1.4013671875
0.2715,3.6435546875,-5.125,-0.5205078125
0.272,2.4423828125,-5.365234375,0.9609375
0.2725,1.2412109375,-5.845703125,2.6025390625
0.273,0.5205078125,-6.56640625,4.0439453125
0.2735,-0.2001953125,-6.9267578125,4.96484375
0.274,-1.0009765625,-6.4462890625,5.4052734375
0.2745,-2.2822265625,-5.28515625,5.685546875
0.275,-3.7236328125,-3.923828125,6.005859375
0.2755,-5.044921875,-2.7626953125,6.4462890625
0.276,-5.765625,-2.08203125,6.8466796875
0.2765,-5.765625,-1.5615234375,6.5263671875
0.277,-5.4052734375,-0.720703125,5.60546875
0.2775,-5.125,0.6005859375,4.3642578125
0.278,-5.125,2.2021484375,3.04296875
0.2785,-5.3251953125,3.6435546875,2.0419921875
0.279,-5.28515625,4.4443359375,1.44140625
0.2795,-4.64453125,4.64453125,0.7607421875
0.28,-3.443359375,4.724609375,-0.5205078125
0.2805,-2.1220703125,4.96484375,-2.08203125
0.281,-1.041015625,5.525390625,-3.7236328125
0.2815,-0.400390625,6.1259765625,-5.0048828125
0.282,0.3203125,6.24609375,-5.685546875
0.2825,1.3212890625,5.365234375,-5.92578125
0.283,2.72265625,4.00390625,-6.2060546875
0.2835,4.2041015625,2.5224609375,-6.486328125
0.284,5.365234375,1.521484375,-6.9267578125
0.2845,5.7255859375,0.9208984375,-7.046875
0.285,5.4853515625,0.2802734375,-6.4462890625
0.2855,5.044921875,-0.80078125,-5.2451171875
0.286,4.8046875,-2.2822265625,-3.8037109375
0.2865,4.8447265625,-3.8837890625,-2.482421875
0.287,5.0048828125,-5.125,-1.6015625
0.2875,4.7646484375,-5.6455078125,-1.041015625
0.288,3.8037109375,-5.7255859375,-0.2001953125
0.2885,2.3623046875,-5.765625,1.28125
0.289,0.9609375,-6.0859375,3.04296875
0.2895,0.0,-6.7265625,4.5244140625
0.29,-0.640625,-7.126953125,5.685546875
0.2905,-1.44140625,-6.7265625,6.0859375
0.291,-2.6826171875,-5.4453125,6.24609375
0.2915,-4.2041015625,-3.923828125,6.5263671875
0.292,-5.6455078125,-2.5224609375,6.8466796875
0.2925,-6.4462890625,-1.6015625,7.0869140625
0.293,-6.486328125,-1.0009765625,6.88671875
0.2935,-6.005859375,-0.240234375,5.92578125
0.294,-5.4853515625,1.1611328125,4.4443359375
0.2945,-5.28515625,2.802734375,2.8427734375
0.295,-5.4052734375,4.32421875,1.6015625
0.2955,-5.365234375,5.2451171875,0.880859375
0.296,-4.6845703125,5.4453125,0.2001953125
0.2965,-3.4033203125,5.3251953125,-1.0009765625
0.297,-1.8017578125,5.4052734375,-2.642578125
0.2975,-0.5205078125,5.765625,-4.4443359375
0.298,0.4404296875,6.3662109375,-5.765625
0.2985,0.9609375,6.4462890625,-6.486328125
0.299,1.921875,5.60546875,-6.7265625
0.2995,3.3232421875,4.083984375,-6.806640625
0.3,4.8046875,2.40234375,-6.966796875
0.3005,5.9658203125,1.12109375,-7.20703125
0.301,6.4462890625,0.3603515625,-7.3271484375
0.3015,6.166015625,-0.3203125,-6.7666015625
0.302,5.5654296875,-1.2412109375,-5.525390625
0.3025,5.0849609375,-2.6826171875,-3.84375
0.303,4.9248046875,-4.3642578125,-2.2822265625
0.3035,5.044921875,-5.7255859375,-1.2412109375
0.304,4.8046875,-6.2861328125,-0.6005859375
0.3045,3.84375,-6.3662109375,0.2802734375
0.305,2.3623046875,-6.166015625,1.5615234375
0.3055,0.720703125,-6.3662109375,3.283203125
0.306,-0.5205078125,-6.7265625,4.9248046875
0.3065,-1.1611328125,-7.20703125,6.0859375
0.307,-1.76171875,-7.0068359375,6.646484375
0.3075,-2.8828125,-5.845703125,6.6865234375
0.308,-4.3642578125,-4.2041015625,6.88671875
0.3085,-5.765625,-2.6025390625,7.046875
0.309,-6.7666015625,-1.44140625,7.287109375
0.3095,-6.9267578125,-0.880859375,7.1669921875
0.31,-6.486328125,-0.16015625,6.3662109375
0.3105,-5.845703125,1.0810546875,4.884765625
0.311,-5.4853515625,2.642578125,3.1630859375
0.3115,-5.4453125,4.2841796875,1.7216796875
0.312,-5.4453125,5.4052734375,0.8408203125
0.3125,-4.96484375,5.7255859375,0.16015625
0.313,-3.84375,5.6455078125,-0.80078125
0.3135,-2.2021484375,5.5654296875,-2.3623046875
0.314,-0.640625,5.8056640625,-4.1640625
0.3145,0.4404296875,6.326171875,-5.6455078125
0.315,0.9609375,6.646484375,-6.6064453125
0.3155,1.76171875,6.0859375,-6.9267578125
0.316,3.04296875,4.6044921875,-7.0068359375
0.3165,4.484375,2.962890625,-7.0869140625
0.317,5.845703125,1.44140625,-7.2470703125
0.3175,6.56640625,0.5205078125,-7.447265625
0.318,6.486328125,-0.16015625,-7.126953125
0.3185,5.8857421875,-0.9609375,-6.0859375
0.319,5.3251953125,-2.2421875,-4.484375
0.3195,5.0048828125,-3.8837890625,-2.72265625
0.32,5.0849609375,-5.4052734375,-1.4814453125
0.3205,4.96484375,-6.3662109375,-0.720703125
0.321,4.32421875,-6.5263671875,0.0
0.3215,2.9228515625,-6.3662109375,1.0810546875
0.322,1.28125,-6.2861328125,2.7626953125
0.3225,-0.2802734375,-6.56640625,4.5244140625
0.323,-1.0009765625,-7.126953125,5.8857421875
0.3235,-1.5615234375,-7.2470703125,6.56640625
0.324,-2.482421875,-6.40625,6.806640625
0.3245,-3.8837890625,-4.8046875,6.88671875
0.325,-5.4052734375,-3.1630859375,7.046875
0.3255,-6.56640625,-1.8017578125,7.2470703125
0.326,-7.046875,-1.041015625,7.3671875
0.3265,-6.7265625,-0.4404296875,6.7666015625
0.327,-6.1259765625,0.640625,5.4853515625
0.3275,-5.6455078125,2.08203125,3.84375
0.328,-5.4453125,3.8037109375,2.162109375
0.3285,-5.4853515625,5.125,1.0810546875
0.329,-5.2451171875,5.7255859375,0.4404296875
0.3295,-4.3642578125,5.7255859375,-0.48046875
0.33,-2.7626953125,5.6455078125,-1.76171875
0.3305,-1.0810546875,5.765625,-3.603515625
0.331,0.2001953125,6.1259765625,-5.2451171875
0.3315,0.8408203125,6.646484375,-6.40625
0.332,1.44140625,6.4462890625,-6.9267578125
0.3325,2.5625,5.2451171875,-7.046875
0.333,4.083984375,3.5634765625,-7.126953125
0.3335,5.525390625,1.921875,-7.287109375
0.334,6.5263671875,0.7607421875,-7.52734375
0.3345,6.6865234375,0.1201171875,-7.4072265625
0.335,6.2060546875,-0.6806640625,-6.56640625
0.3355,5.5654296875,-1.841796875,-5.0849609375
0.336,5.1650390625,-3.4833984375,-3.283203125
0.3365,5.0849609375,-5.125,-1.8017578125
0.337,5.0849609375,-6.24609375,-0.880859375
0.3375,4.6044921875,-6.646484375,-0.2802734375
0.338,3.4033203125,-6.4462890625,0.7607421875
0.3385,1.76171875,-6.3662109375,2.2822265625
0.339,0.1201171875,-6.5263671875,4.1240234375
0.3395,-0.880859375,-7.046875,5.60546875
0.34,-1.44140625,-7.3271484375,6.5263671875
0.3405,-2.2021484375,-6.7666015625,6.88671875
0.341,-3.5234375,-5.28515625,6.88671875
0.3415,-5.0048828125,-3.603515625,7.0068359375
0.342,-6.2861328125,-2.08203125,7.126953125
0.3425,-7.0068359375,-1.1611328125,7.3271484375
0.343,-6.88671875,-0.640625,7.0068359375
0.3435,-6.2861328125,0.2802734375,5.92578125
0.344,-5.7255859375,1.5615234375,4.32421875
0.3445,-5.4052734375,3.1630859375,2.642578125
0.345,-5.4052734375,4.6044921875,1.4013671875
0.3455,-5.3251953125,5.4453125,0.640625
0.346,-4.64453125,5.7255859375,0.0
0.3465,-3.3232421875,5.4853515625,-1.1611328125
0.347,-1.681640625,5.5654296875,-2.7626953125
0.3475,-0.3203125,5.845703125,-4.5244140625
0.348,0.5205078125,6.3662109375,-5.765625
0.3485,1.0009765625,6.5263671875,-6.486328125
0.349,1.8818359375,5.7255859375,-6.7265625
0.3495,3.203125,4.244140625,-6.7666015625
0.35,4.64453125,2.6025390625,-6.9267578125
0.3505,5.8056640625,1.3212890625,-7.1669921875
0.351,6.326171875,0.640625,-7.3271484375
0.3515,6.0859375,0.0400390625,-6.8466796875
0.352,5.4853515625,-0.9208984375,-5.7255859375
0.3525,5.0849609375,-2.2421875,-4.2041015625
0.353,4.9248046875,-3.8837890625,-2.642578125
0.3535,5.044921875,-5.28515625,-1.6416015625
0.354,4.884765625,-5.92578125,-1.0009765625
0.3545,4.1240234375,-6.0458984375,-0.2802734375
0.355,2.72265625,-5.92578125,1.0009765625
0.3555,1.2412109375,-6.1259765625,2.6826171875
0.356,0.0400390625,-6.56640625,4.32421875
0.3565,-0.640625,-7.0869140625,5.525390625
0.357,-1.28125,-7.0869140625,6.1259765625
0.3575,-2.2822265625,-6.0859375,6.24609375
0.358,-3.7236328125,-4.564453125,6.486328125
0.3585,-5.1650390625,-3.0830078125,6.7265625
0.359,-6.2060546875,-2.001953125,7.0869140625
0.3595,-6.486328125,-1.44140625,7.0869140625
0.36,-6.1259765625,-0.80078125,6.4462890625
0.3605,-5.6455078125,0.3203125,5.125
0.361,-5.3251953125,1.8017578125,3.6435546875
0.3615,-5.3251953125,3.4033203125,2.2421875
0.362,-5.4052734375,4.6044921875,1.4013671875
0.3625,-5.0849609375,5.0849609375,0.8408203125
0.363,-4.1240234375,5.0849609375,0.0
0.3635,-2.72265625,5.0849609375,-1.4814453125
0.364,-1.28125,5.4052734375,-3.203125
0.3645,-0.3603515625,5.92578125,-4.64453125
0.365,0.240234375,6.40625,-5.6455078125
0.3655,0.9208984375,6.0859375,-6.1259765625
0.366,2.0419921875,4.8447265625,-6.2060546875
0.3665,3.5234375,3.443359375,-6.4462890625
0.367,4.8447265625,2.0419921875,-6.7265625
0.3675,5.6455078125,1.2412109375,-7.046875
0.368,5.7255859375,0.7607421875,-6.9267578125
0.3685,5.3251953125,0.0400390625,-6.1259765625
0.369,4.9248046875,-1.1611328125,-4.8447265625
0.3695,4.64453125,-2.6826171875,-3.443359375
0.37,4.8447265625,-4.1240234375,-2.2822265625
0.3705,4.9248046875,-5.0849609375,-1.6416015625
0.371,4.484375,-5.4453125,-1.0810546875
0.3715,3.443359375,-5.4453125,0.0
0.372,2.162109375,-5.60546875,1.4013671875
0.3725,0.880859375,-6.005859375,3.04296875
0.373,0.16015625,-6.6865234375,4.404296875
0.3735,-0.48046875,-6.966796875,5.2451171875
0.374,-1.2412109375,-6.4462890625,5.60546875
0.3745,-2.482421875,-5.28515625,5.8056640625
0.375,-3.8837890625,-3.923828125,6.1259765625
0.3755,-5.1650390625,-2.7626953125,6.5263671875
0.376,-5.765625,-2.1220703125,6.88671875
0.3765,-5.765625,-1.6416015625,6.646484375
0.377,-5.4052734375,-0.8408203125,5.685546875
0.3775,-5.1650390625,0.48046875,4.484375
0.378,-5.125,2.0419921875,3.1630859375
0.3785,-5.3251953125,3.4033203125,2.2421875
0.379,-5.28515625,4.2041015625,1.681640625
0.3795,-4.724609375,4.484375,1.0009765625
0.38,-3.603515625,4.564453125,-0.2001953125
0.3805,-2.322265625,4.884765625,-1.76171875
0.381,-1.28125,5.4453125,-3.3232421875
0.3815,-0.6806640625,6.1259765625,-4.564453125
0.382,0.0,6.2060546875,-5.28515625
0.3825,0.9609375,5.4453125,-5.5654296875
0.383,2.2421875,4.32421875,-5.8857421875
0.3835,3.68359375,2.9228515625,-6.24609375
0.384,4.8046875,2.001953125,-6.7265625
0.3845,5.28515625,1.44140625,-6.9267578125
0.385,5.125,0.8408203125,-6.4462890625
0.3855,4.7646484375,-0.2001953125,-5.4853515625
0.386,4.6044921875,-1.4814453125,-4.2041015625
0.3865,4.6845703125,-3.0029296875,-3.04296875
0.387,4.9248046875,-4.2041015625,-2.2822265625
0.3875,4.8046875,-4.8046875,-1.76171875
0.388,4.0439453125,-5.0048828125,-1.0009765625
0.3885,2.8427734375,-5.1650390625,0.3603515625
0.389,1.6416015625,-5.5654296875,1.921875
0.3895,0.8408203125,-6.2861328125,3.4033203125
0.39,0.3203125,-6.806640625,4.484375
0.3905,-0.48046875,-6.646484375,5.0849609375
0.391,-1.5615234375,-5.7255859375,5.3251953125
0.3915,-2.962890625,-4.5244140625,5.685546875
0.392,-4.32421875,-3.283203125,6.0859375
0.3925,-5.2451171875,-2.5625,6.5263671875
0.393,-5.4853515625,-2.1220703125,6.6064453125
0.3935,-5.2451171875,-1.4814453125,5.9658203125
0.394,-4.96484375,-0.400390625,4.9248046875
0.3945,-4.9248046875,1.0810546875,3.7236328125
0.395,-5.125,2.5224609375,2.72265625
0.3955,-5.2451171875,3.5234375,2.1220703125
0.396,-4.96484375,3.9638671875,1.5615234375
0.3965,-4.083984375,4.1240234375,0.6005859375
0.397,-2.962890625,4.484375,-0.80078125
0.3975,-1.921875,5.0048828125,-2.40234375
0.398,-1.201171875,5.7255859375,-3.7236328125
0.3985,-0.6806640625,6.0859375,-4.64453125
0.399,0.2001953125,5.7255859375,-5.0849609375
0.3995,1.4013671875,4.724609375,-5.4453125
0.4,2.8427734375,3.5234375,-5.8056640625
0.4005,4.1240234375,2.40234375,-6.326171875
0.401,4.8046875,1.841796875,-6.7666015625
0.4015,4.884765625,1.3212890625,-6.6064453125
0.402,4.64453125,0.6005859375,-5.845703125
0.4025,4.5244140625,-0.640625,-4.7646484375
0.403,4.564453125,-2.1220703125,-3.603515625
0.4035,4.8046875,-3.4833984375,-2.7626953125
0.404,4.9248046875,-4.32421875,-2.2421875
0.4045,4.4443359375,-4.64453125,-1.6015625
0.405,3.4033203125,-4.8447265625,-0.48046875
0.4055,2.2822265625,-5.28515625,1.0810546875
0.406,1.3212890625,-5.92578125,2.6025390625
0.4065,0.7607421875,-6.6064453125,3.84375
0.407,0.1201171875,-6.7265625,4.6044921875
0.4075,-0.9208984375,-6.0859375,5.0048828125
0.408,-2.2822265625,-5.0048828125,5.4052734375
0.4085,-3.7236328125,-3.84375,5.845703125
0.409,-4.8447265625,-2.8828125,6.3662109375
0.4095,-5.365234375,-2.4423828125,6.6064453125
0.41,-5.28515625,-1.8017578125,6.24609375
0.4105,-5.0048828125,-0.8408203125,5.2451171875
0.411,-4.9248046875,0.560546875,4.1240234375
0.4115,-5.0849609375,2.0419921875,3.04296875
0.412,-5.28515625,3.2431640625,2.322265625
0.4125,-5.1650390625,3.8837890625,1.76171875
0.413,-4.4443359375,4.1240234375,0.9609375
0.4135,-3.283203125,4.3642578125,-0.400390625
0.414,-2.2021484375,4.8447265625,-1.9619140625
0.4145,-1.361328125,5.5654296875,-3.4833984375
0.415,-0.80078125,6.0859375,-4.5244140625
0.4155,0.0,5.92578125,-5.125
0.416,1.1611328125,5.0048828125,-5.4052734375
0.4165,2.5625,3.763671875,-5.765625
0.417,3.9638671875,2.5224609375,-6.24609375
0.4175,4.8447265625,1.76171875,-6.7265625
0.418,5.0849609375,1.28125,-6.7265625
0.4185,4.8447265625,0.6005859375,-6.0458984375
0.419,4.6044921875,-0.560546875,-4.96484375
0.4195,4.5244140625,-2.001953125,-3.7236328125
0.42,4.8046875,-3.5234375,-2.6826171875
0.4205,4.96484375,-4.5244140625,-2.08203125
0.421,4.5244140625,-4.9248046875,-1.44140625
0.4215,3.5634765625,-5.044921875,-0.48046875
0.422,2.3623046875,-5.3251953125,1.0810546875
0.4225,1.2412109375,-5.845703125,2.642578125
0.423,0.560546875,-6.56640625,4.083984375
0.4235,0.0,-6.88671875,4.96484375
0.424,-1.041015625,-6.326171875,5.365234375
0.4245,-2.322265625,-5.1650390625,5.60546875
0.425,-3.84375,-3.84375,6.005859375
0.4255,-5.125,-2.7626953125,6.4462890625
0.426,-5.7255859375,-2.08203125,6.7666015625
0.4265,-5.6455078125,-1.521484375,6.4462890625
0.427,-5.28515625,-0.640625,5.4453125
0.4275,-5.0849609375,0.7607421875,4.2041015625
0.428,-5.0849609375,2.2822265625,2.8828125
0.4285,-5.28515625,3.68359375,2.001953125
0.429,-5.205078125,4.404296875,1.4013671875
0.4295,-4.5244140625,4.6044921875,0.6806640625
0.43,-3.283203125,4.6044921875,-0.6005859375
0.4305,-1.9619140625,4.96484375,-2.2021484375
0.431,-1.0009765625,5.5654296875,-3.8037109375
0.4315,-0.3603515625,6.1259765625,-5.0048828125
0.432,0.3603515625,6.0859375,-5.6455078125
0.4325,1.4013671875,5.125,-5.845703125
0.433,2.8427734375,3.8037109375,-6.1259765625
0.4335,4.2841796875,2.40234375,-6.4462890625
0.434,5.3251953125,1.44140625,-6.88671875
0.4345,5.60546875,0.9208984375,-6.9267578125
0.435,5.28515625,0.2802734375,-6.2861328125
0.4355,4.8447265625,-0.80078125,-5.0849609375
0.436,4.6845703125,-2.2822265625,-3.68359375
0.4365,4.7646484375,-3.84375,-2.4423828125
0.437,4.9248046875,-4.96484375,-1.6416015625
0.4375,4.6044921875,-5.4453125,-1.12109375
0.438,3.6435546875,-5.4853515625,-0.2802734375
0.4385,2.2822265625,-5.60546875,1.28125
0.439,0.9609375,-5.9658203125,2.9228515625
0.4395,0.1201171875,-6.6064453125,4.4443359375
0.44,-0.5205078125,-7.046875,5.4052734375
0.4405,-1.28125,-6.6865234375,5.8857421875
0.441,-2.6025390625,-5.4453125,6.0859375
0.4415,-4.1240234375,-3.923828125,6.3662109375
0.442,-5.4453125,-2.5625,6.6865234375
0.4425,-6.24609375,-1.76171875,7.046875
0.443,-6.2861328125,-1.201171875,6.806640625
0.4435,-5.765625,-0.400390625,5.8056640625
0.444,-5.4052734375,0.9609375,4.404296875
0.4445,-5.2451171875,2.642578125,2.8828125
0.445,-5.4052734375,4.1240234375,1.76171875
0.4455,-5.365234375,5.044921875,1.041015625
0.446,-4.6845703125,5.2451171875,0.3203125
0.4465,-3.4033203125,5.1650390625,-0.880859375
0.447,-1.8818359375,5.365234375,-2.6025390625
0.4475,-0.6005859375,5.8056640625,-4.32421875
0.448,0.240234375,6.3662109375,-5.6455078125
0.4485,0.8408203125,6.40625,-6.3662109375
0.449,1.841796875,5.4853515625,-6.6064453125
0.4495,3.283203125,3.923828125,-6.7666015625
0.45,4.8046875,2.3623046875,-6.9267578125
0.4505,6.005859375,1.0810546875,-7.2470703125
0.451,6.3662109375,0.4404296875,-7.287109375
0.4515,6.0458984375,-0.3203125,-6.6865234375
0.452,5.4453125,-1.3212890625,-5.3251953125
0.4525,5.0849609375,-2.8828125,-3.68359375
0.453,4.96484375,-4.5244140625,-2.1220703125
0.4535,5.0048828125,-5.765625,-1.12109375
0.454,4.724609375,-6.326171875,-0.5205078125
0.4545,3.68359375,-6.2861328125,0.4404296875
0.455,2.1220703125,-6.166015625,1.841796875
0.4555,0.5205078125,-6.326171875,3.603515625
0.456,-0.640625,-6.806640625,5.1650390625
0.4565,-1.28125,-7.2470703125,6.24609375
0.457,-1.9619140625,-6.9267578125,6.6865234375
0.4575,-3.203125,-5.60546875,6.7265625
0.458,-4.64453125,-3.8837890625,6.88671875
0.4585,-6.0458984375,-2.2822265625,7.046875
0.459,-6.9267578125,-1.2412109375,7.287109375
0.4595,-6.966796875,-0.640625,7.0869140625
0.46,-6.40625,0.16015625,6.1259765625
0.4605,-5.765625,1.4013671875,4.564453125
0.461,-5.4453125,3.04296875,2.8427734375
0.4615,-5.4052734375,4.6044921875,1.44140625
0.462,-5.3251953125,5.60546875,0.6005859375
0.4625,-4.7646484375,5.845703125,0.0
0.463,-3.5234375,5.685546875,-1.12109375
0.4635,-1.841796875,5.6455078125,-2.72265625
0.464,-0.3203125,5.8857421875,-4.5244140625
0.4645,0.6005859375,6.326171875,-5.92578125
0.465,1.1611328125,6.5263671875,-6.7265625
0.4655,1.9619140625,5.8857421875,-7.046875
0.466,3.3232421875,4.3642578125,-7.0068359375
0.4665,4.8046875,2.6826171875,-7.126953125
0.467,6.0458984375,1.2412109375,-7.3271484375
0.4675,6.646484375,0.3603515625,-7.447265625
0.468,6.4462890625,-0.3203125,-7.046875
0.4685,5.8056640625,-1.12109375,-5.8857421875
0.469,5.2451171875,-2.4423828125,-4.244140625
0.4695,4.96484375,-4.1640625,-2.5224609375
0.47,5.044921875,-5.5654296875,-1.361328125
0.4705,4.8447265625,-6.3662109375,-0.640625
0.471,4.1240234375,-6.4462890625,0.1201171875
0.4715,2.6826171875,-6.24609375,1.28125
0.472,1.041015625,-6.2861328125,2.962890625
0.4725,-0.3603515625,-6.6865234375,4.6845703125
0.473,-1.041015625,-7.20703125,5.8857421875
0.4735,-1.6416015625,-7.20703125,6.5263671875
0.474,-2.5625,-6.2060546875,6.7265625
0.4745,-4.00390625,-4.6044921875,6.8466796875
0.475,-5.4853515625,-2.962890625,7.0068359375
0.4755,-6.6064453125,-1.7216796875,7.2470703125
0.476,-6.9267578125,-1.041015625,7.287109375
0.4765,-6.6064453125,-0.400390625,6.6865234375
0.477,-5.9658203125,0.640625,5.28515625
0.4775,-5.5654296875,2.162109375,3.68359375
0.478,-5.4052734375,3.84375,2.08203125
0.4785,-5.4853515625,5.125,1.12109375
0.479,-5.1650390625,5.685546875,0.4404296875
0.4795,-4.2041015625,5.685546875,-0.48046875
0.48,-2.642578125,5.5654296875,-1.8017578125
0.4805,-1.0009765625,5.685546875,-3.68359375
0.481,0.2001953125,6.1259765625,-5.28515625
0.4815,0.7607421875,6.56640625,-6.40625
0.482,1.44140625,6.326171875,-6.8466796875
0.4825,2.5625,5.0849609375,-6.9267578125
0.483,4.1240234375,3.443359375,-7.0869140625
0.4835,5.5654296875,1.841796875,-7.2470703125
0.484,6.4462890625,0.7607421875,-7.4873046875
0.4845,6.56640625,0.1201171875,-7.3671875
0.485,6.0859375,-0.640625,-6.4462890625
0.4855,5.4853515625,-1.8818359375,-4.9248046875
0.486,5.125,-3.5634765625,-3.1630859375
0.4865,5.0849609375,-5.1650390625,-1.76171875
0.487,5.0849609375,-6.2060546875,-0.9208984375
0.4875,4.564453125,-6.5263671875,-0.2802734375
0.488,3.283203125,-6.3662109375,0.8408203125
0.4885,1.6015625,-6.40625,2.4423828125
0.489,0.0,-6.6064453125,4.2841796875
0.4895,-0.9609375,-7.126953125,5.7255859375
0.49,-1.4814453125,-7.3271484375,6.56640625
0.4905,-2.322265625,-6.6064453125,6.88671875
0.491,-3.7236328125,-5.0849609375,6.88671875
0.4915,-5.1650390625,-3.36328125,7.046875
0.492,-6.4462890625,-1.9619140625,7.20703125
0.4925,-7.046875,-1.0810546875,7.3671875
0.493,-6.806640625,-0.48046875,6.88671875
0.4935,-6.166015625,0.48046875,5.7255859375
0.494,-5.685546875,1.8818359375,4.083984375
0.4945,-5.4052734375,3.5234375,2.3623046875
0.495,-5.4453125,4.96484375,1.1611328125
0.4955,-5.205078125,5.685546875,0.48046875
0.496,-4.4443359375,5.765625,-0.3203125
0.4965,-3.04296875,5.525390625,-1.44140625
0.497,-1.361328125,5.60546875,-3.203125
0.4975,0.0400390625,5.8857421875,-4.884765625
0.498,0.720703125,6.40625,-6.0859375
0.4985,1.28125,6.40625,-6.6865234375
0.499,2.162109375,5.4453125,-6.806640625
0.4995,3.5634765625,3.8837890625,-6.88671875
0.5,4.96484375,2.2822265625,-7.0068359375
0.5005,6.0859375,1.0810546875,-7.2470703125
0.501,6.3662109375,0.4404296875,-7.3271484375
0.5015,6.0458984375,-0.2802734375,-6.7265625
0.502,5.4052734375,-1.1611328125,-5.4453125
0.5025,5.044921875,-2.5625,-3.8837890625
0.503,4.884765625,-4.2041015625,-2.3623046875
0.5035,4.96484375,-5.4453125,-1.361328125
0.504,4.7646484375,-6.0458984375,-0.80078125
0.5045,3.84375,-6.0859375,0.0400390625
0.505,2.482421875,-5.9658203125,1.28125
0.5055,0.9609375,-6.2060546875,2.9228515625
0.506,-0.240234375,-6.6064453125,4.5244140625
0.5065,-0.80078125,-7.126953125,5.685546875
0.507,-1.4013671875,-6.9267578125,6.2060546875
0.5075,-2.482421875,-5.8857421875,6.326171875
0.508,-3.923828125,-4.404296875,6.5263671875
0.5085,-5.3251953125,-2.9228515625,6.7666015625
0.509,-6.2861328125,-1.921875,7.126953125
0.5095,-6.486328125,-1.361328125,7.0869140625
0.51,-6.1259765625,-0.6806640625,6.3662109375
0.5105,-5.6455078125,0.48046875,5.044921875
0.511,-5.365234375,2.0419921875,3.5234375
0.5115,-5.4052734375,3.68359375,2.162109375
0.512,-5.4453125,4.7646484375,1.4013671875
0.5125,-5.0849609375,5.125,0.720703125
0.513,-4.00390625,5.125,-0.2802734375
0.5135,-2.5625,5.1650390625,-1.8017578125
0.514,-1.0810546875,5.5654296875,-3.5234375
0.5145,-0.240234375,6.0859375,-4.96484375
0.515,0.3603515625,6.486328125,-5.8857421875
0.5155,1.1611328125,6.005859375,-6.2861328125
0.516,2.40234375,4.724609375,-6.40625
0.5165,3.8837890625,3.1630859375,-6.6064453125
0.517,5.205078125,1.8017578125,-6.9267578125
0.5175,5.8857421875,1.0810546875,-7.1669921875
0.518,5.845703125,0.48046875,-6.9267578125
0.5185,5.365234375,-0.3603515625,-5.92578125
0.519,4.9248046875,-1.5615234375,-4.564453125
0.5195,4.7646484375,-3.123046875,-3.0830078125
0.52,4.9248046875,-4.564453125,-1.9619140625
0.5205,4.884765625,-5.4453125,-1.3212890625
0.521,4.2841796875,-5.7255859375,-0.6806640625
0.5215,3.0830078125,-5.6455078125,0.4404296875
0.522,1.7216796875,-5.765625,1.9619140625
0.5225,0.48046875,-6.166015625,3.603515625
0.523,-0.2802734375,-6.7666015625,4.8447265625
0.5235,-0.80078125,-6.9267578125,5.60546875
0.524,-1.6416015625,-6.24609375,5.845703125
0.5245,-2.9228515625,-4.9248046875,6.0458984375
0.525,-4.3642578125,-3.5234375,6.326171875
0.5255,-5.525390625,-2.40234375,6.6865234375
0.526,-6.0458984375,-1.8017578125,6.88671875
0.5265,-5.845703125,-1.28125,6.4462890625
0.527,-5.4453125,-0.4404296875,5.4453125
0.5275,-5.125,0.9609375,4.1240234375
0.528,-5.0849609375,2.5224609375,2.802734375
0.5285,-5.28515625,3.763671875,1.921875
0.529,-5.1650390625,4.4443359375,1.361328125
0.5295,-4.5244140625,4.6044921875,0.640625
0.53,-3.283203125,4.724609375,-0.6005859375
0.5305,-1.9619140625,5.0048828125,-2.162109375
0.531,-1.0009765625,5.60546875,-3.7236328125
0.5315,-0.4404296875,6.166015625,-4.8447265625
0.532,0.240234375,6.1259765625,-5.4453125
0.5325,1.2412109375,5.28515625,-5.7255859375
0.533,2.5625,4.0439453125,-6.005859375
0.5335,3.9638671875,2.7626953125,-6.3662109375
0.534,5.044921875,1.841796875,-6.7666015625
0.5345,5.3251953125,1.361328125,-6.9267578125
0.535,5.0849609375,0.720703125,-6.3662109375
0.5355,4.7646484375,-0.3203125,-5.3251953125
0.536,4.6044921875,-1.681640625,-4.0439453125
0.5365,4.7646484375,-3.203125,-2.9228515625
0.537,4.96484375,-4.3642578125,-2.2421875
0.5375,4.7646484375,-4.9248046875,-1.681640625
0.538,3.923828125,-5.0048828125,-0.8408203125
0.5385,2.72265625,-5.205078125,0.560546875
0.539,1.5615234375,-5.685546875,2.08203125
0.5395,0.7607421875,-6.3662109375,3.5634765625
0.54,0.2802734375,-6.8466796875,4.5244140625
0.5405,-0.6005859375,-6.6064453125,5.044921875
0.541,-1.681640625,-5.6455078125,5.3251953125
0.5415,-3.123046875,-4.404296875,5.7255859375
0.542,-4.4443359375,-3.2431640625,6.166015625
0.5425,-5.28515625,-2.5625,6.6064453125
0.543,-5.4453125,-2.08203125,6.56640625
0.5435,-5.1650390625,-1.361328125,5.8857421875
0.544,-4.96484375,-0.3203125,4.8046875
0.5445,-4.96484375,1.201171875,3.6435546875
0.545,-5.205078125,2.642578125,2.6826171875
0.5455,-5.3251953125,3.5234375,2.1220703125
0.546,-4.9248046875,3.9638671875,1.521484375
0.5465,-4.00390625,4.1640625,0.560546875
0.547,-2.8828125,4.5244140625,-0.9609375
0.5475,-1.841796875,5.0849609375,-2.5224609375
0.548,-1.1611328125,5.8056640625,-3.84375
0.5485,-0.640625,6.1259765625,-4.6845703125
0.549,0.3203125,5.6455078125,-5.125
0.5495,1.521484375,4.6044921875,-5.4453125
0.55,3.0029296875,3.4033203125,-5.845703125
0.5505,4.2041015625,2.40234375,-6.40625
0.551,4.884765625,1.8818359375,-6.7666015625
0.5515,4.9248046875,1.3212890625,-6.56640625
0.552,4.6044921875,0.560546875,-5.765625
0.5525,4.484375,-0.8408203125,-4.64453125
0.553,4.6044921875,-2.322265625,-3.5234375
0.5535,4.8447265625,-3.6435546875,-2.72265625
0.554,4.9248046875,-4.3642578125,-2.2021484375
0.5545,4.3642578125,-4.6845703125,-1.4814453125
0.555,3.3232421875,-4.9248046875,-0.3203125
0.5555,2.2021484375,-5.4052734375,1.28125
0.556,1.28125,-6.0458984375,2.8427734375
0.5565,0.6806640625,-6.6865234375,4.0439453125
0.557,0.0,-6.7265625,4.7646484375
0.5575,-1.0810546875,-5.9658203125,5.0849609375
0.558,-2.482421875,-4.8447265625,5.4853515625
0.5585,-3.923828125,-3.6435546875,5.9658203125
0.559,-5.0048828125,-2.7626953125,6.486328125
0.5595,-5.4052734375,-2.2822265625,6.646484375
0.56,-5.2451171875,-1.6416015625,6.166015625
0.5605,-5.0048828125,-0.720703125,5.125
0.561,-4.9248046875,0.7607421875,3.9638671875
0.5615,-5.125,2.2421875,2.8427734375
0.562,-5.3251953125,3.4833984375,2.2021484375
0.5625,-5.125,4.00390625,1.6416015625
0.563,-4.2841796875,4.1640625,0.7607421875
0.5635,-3.1630859375,4.484375,-0.640625
0.564,-2.001953125,4.96484375,-2.2421875
0.5645,-1.2412109375,5.685546875,-3.7236328125
0.565,-0.640625,6.1259765625,-4.6845703125
0.5655,0.16015625,5.845703125,-5.1650390625
0.566,1.361328125,4.8447265625,-5.4853515625
0.5665,2.802734375,3.5634765625,-5.845703125
0.567,4.1640625,2.40234375,-6.326171875
0.5675,5.0048828125,1.7216796875,-6.7265625
0.568,5.0849609375,1.201171875,-6.646484375
0.5685,4.8046875,0.4404296875,-5.92578125
0.569,4.564453125,-0.80078125,-4.8046875
0.5695,4.5244140625,-2.2822265625,-3.5634765625
0.57,4.8046875,-3.68359375,-2.5625
0.5705,4.9248046875,-4.564453125,-1.9619140625
0.571,4.484375,-4.884765625,-1.3212890625
0.5715,3.4033203125,-5.0048828125,-0.3603515625
0.572,2.2021484375,-5.3251953125,1.201171875
0.5725,1.1611328125,-5.92578125,2.802734375
0.573,0.48046875,-6.6064453125,4.1240234375
0.5735,-0.2001953125,-6.806640625,4.9248046875
0.574,-1.12109375,-6.166015625,5.28515625
0.5745,-2.4423828125,-5.044921875,5.60546875
0.575,-3.8837890625,-3.7236328125,6.005859375
0.5755,-5.125,-2.6826171875,6.4462890625
0.576,-5.6455078125,-2.08203125,6.7265625
0.5765,-5.5654296875,-1.6015625,6.3662109375
0.577,-5.1650390625,-0.6806640625,5.365234375
0.5775,-5.044921875,0.6806640625,4.1240234375
0.578,-5.0849609375,2.2822265625,2.8828125
0.5785,-5.28515625,3.603515625,2.0419921875
0.579,-5.1650390625,4.2841796875,1.521484375
0.5795,-4.4443359375,4.484375,0.7607421875
0.58,-3.2431640625,4.6044921875,-0.6005859375
0.5805,-2.001953125,4.96484375,-2.2021484375
0.581,-1.12109375,5.6455078125,-3.763671875
0.5815,-0.5205078125,6.2060546875,-4.9248046875
0.582,0.2802734375,6.0859375,-5.525390625
0.5825,1.361328125,5.0849609375,-5.765625
0.583,2.8427734375,3.8037109375,-6.0859375
0.5835,4.2841796875,2.4423828125,-6.4462890625
0.584,5.2451171875,1.521484375,-6.88671875
0.5845,5.525390625,1.0009765625,-6.9267578125
0.585,5.205078125,0.2802734375,-6.2060546875
0.5855,4.8046875,-0.8408203125,-5.044921875
0.586,4.6845703125,-2.322265625,-3.603515625
0.5865,4.8046875,-3.8837890625,-2.4423828125
0.587,4.96484375,-4.96484375,-1.681640625
0.5875,4.6044921875,-5.4052734375,-1.12109375
0.588,3.5634765625,-5.4052734375,-0.2001953125
0.5885,2.2021484375,-5.60546875,1.3212890625
0.589,0.9609375,-6.005859375,3.04296875
0.5895,0.16015625,-6.6865234375,4.484375
0.59,-0.5205078125,-7.046875,5.4052734375
0.5905,-1.361328125,-6.486328125,5.8056640625
0.591,-2.6826171875,-5.1650390625,6.0458984375
0.5915,-4.2041015625,-3.7236328125,6.326171875
0.592,-5.4853515625,-2.4423828125,6.6865234375
0.5925,-6.166015625,-1.76171875,7.0068359375
0.593,-6.1259765625,-1.1611328125,6.646484375
0.5935,-5.7255859375,-0.3603515625,5.60546875
0.594,-5.3251953125,1.12109375,4.2041015625
0.5945,-5.205078125,2.7626953125,2.6826171875
0.595,-5.365234375,4.2041015625,1.6416015625
0.5955,-5.28515625,5.0048828125,1.0009765625
0.596,-4.564453125,5.125,0.2802734375
0.5965,-3.203125,5.0849609375,-1.0009765625
0.597,-1.7216796875,5.3251953125,-2.6826171875
0.5975,-0.5205078125,5.8056640625,-4.3642578125
0.598,0.240234375,6.3662109375,-5.6455078125
0.5985,0.880859375,6.326171875,-6.2861328125
0.599,1.921875,5.365234375,-6.4462890625
0.5995,3.36328125,3.8037109375,-6.6865234375
0.6,4.8447265625,2.2421875,-6.88671875
0.6005,5.92578125,1.041015625,-7.1669921875
0.601,6.24609375,0.4404296875,-7.20703125
0.6015,5.845703125,-0.3203125,-6.56640625
0.602,5.28515625,-1.3212890625,-5.1650390625
0.6025,4.96484375,-2.8828125,-3.5634765625
0.603,4.9248046875,-4.5244140625,-2.08203125
0.6035,4.96484375,-5.685546875,-1.1611328125
0.604,4.64453125,-6.166015625,-0.6005859375
0.6045,3.603515625,-6.1259765625,0.3603515625
0.605,2.0419921875,-6.0458984375,1.8017578125
0.6055,0.5205078125,-6.2861328125,3.5634765625
0.606,-0.560546875,-6.806640625,5.0849609375
0.6065,-1.12109375,-7.1669921875,6.1259765625
0.607,-1.8818359375,-6.7265625,6.5263671875
0.6075,-3.0830078125,-5.4052734375,6.6064453125
0.608,-4.64453125,-3.8037109375,6.7666015625
0.6085,-5.9658203125,-2.322265625,7.0068359375
0.609,-6.7666015625,-1.361328125,7.20703125
0.6095,-6.7666015625,-0.80078125,6.966796875
0.61,-6.24609375,0.080078125,6.005859375
0.6105,-5.6455078125,1.361328125,4.484375
0.611,-5.365234375,3.0029296875,2.7626953125
0.6115,-5.4052734375,4.5244140625,1.4814453125
0.612,-5.365234375,5.4453125,0.720703125
0.6125,-4.724609375,5.685546875,0.0400390625
0.613,-3.443359375,5.525390625,-1.0810546875
0.6135,-1.8017578125,5.5654296875,-2.72265625
0.614,-0.3203125,5.8857421875,-4.5244140625
0.6145,0.560546875,6.40625,-5.845703125
0.615,1.0810546875,6.56640625,-6.6865234375
0.6155,1.9619140625,5.765625,-6.9267578125
0.616,3.36328125,4.2041015625,-6.966796875
0.6165,4.8447265625,2.5224609375,-7.0869140625
0.617,6.0859375,1.0810546875,-7.3271484375
0.6175,6.56640625,0.3603515625,-7.447265625
0.618,6.3662109375,-0.3203125,-6.9267578125
0.6185,5.7255859375,-1.2412109375,-5.7255859375
0.619,5.205078125,-2.642578125,-4.0439453125
0.6195,5.0048828125,-4.3642578125,-2.322265625
0.62,5.0849609375,-5.765625,-1.2412109375
0.6205,4.8447265625,-6.40625,-0.6005859375
0.621,4.00390625,-6.4462890625,0.240234375
0.6215,2.482421875,-6.24609375,1.4814453125
0.622,0.80078125,-6.326171875,3.2431640625
0.6225,-0.5205078125,-6.7265625,4.9248046875
0.623,-1.1611328125,-7.20703125,6.0859375
0.6235,-1.76171875,-7.046875,6.646484375
0.624,-2.8427734375,-5.92578125,6.7265625
0.6245,-4.32421875,-4.3642578125,6.9267578125
0.625,-5.765625,-2.72265625,7.046875
0.6255,-6.7666015625,-1.5615234375,7.20703125
0.626,-6.966796875,-0.9208984375,7.20703125
0.6265,-6.5263671875,-0.240234375,6.4462890625
0.627,-5.8857421875,0.9208984375,5.044921875
0.6275,-5.525390625,2.5224609375,3.3232421875
0.628,-5.4052734375,4.1640625,1.841796875
0.6285,-5.4453125,5.28515625,0.9208984375
0.629,-5.044921875,5.7255859375,0.2802734375
0.6295,-3.9638671875,5.685546875,-0.6806640625
0.63,-2.322265625,5.5654296875,-2.1220703125
0.6305,-0.720703125,5.7255859375,-4.00390625
0.631,0.3603515625,6.24609375,-5.4853515625
0.6315,0.9208984375,6.6064453125,-6.486328125
0.632,1.6015625,6.2060546875,-6.88671875
0.6325,2.8427734375,4.8046875,-6.9267578125
0.633,4.32421875,3.123046875,-7.0869140625
0.6335,5.7255859375,1.5615234375,-7.287109375
0.634,6.5263671875,0.6005859375,-7.4873046875
0.6345,6.5263671875,0.0400390625,-7.20703125
0.635,5.9658203125,-0.80078125,-6.24609375
0.6355,5.4052734375,-2.0419921875,-4.6845703125
0.636,5.0849609375,-3.763671875,-2.8828125
0.6365,5.0849609375,-5.3251953125,-1.6015625
0.637,5.044921875,-6.2861328125,-0.8408203125
0.6375,4.484375,-6.486328125,-0.16015625
0.638,3.1630859375,-6.3662109375,0.9609375
0.6385,1.4013671875,-6.3662109375,2.642578125
0.639,-0.16015625,-6.6064453125,4.484375
0.6395,-0.9609375,-7.1669921875,5.8056640625
0.64,-1.4814453125,-7.3271484375,6.6064453125
0.6405,-2.4423828125,-6.56640625,6.8466796875
0.641,-3.84375,-4.9248046875,6.9267578125
0.6415,-5.4052734375,-3.2431640625,7.046875
0.642,-6.6064453125,-1.8017578125,7.287109375
0.6425,-7.0869140625,-1.0009765625,7.3671875
0.643,-6.806640625,-0.4404296875,6.8466796875
0.6435,-6.166015625,0.6005859375,5.5654296875
0.644,-5.685546875,2.1220703125,3.84375
0.6445,-5.4453125,3.8037109375,2.162109375
0.645,-5.4853515625,5.1650390625,1.0810546875
0.6455,-5.205078125,5.8056640625,0.400390625
0.646,-4.32421875,5.8056640625,-0.48046875
0.6465,-2.8427734375,5.6455078125,-1.7216796875
0.647,-1.0810546875,5.7255859375,-3.5634765625
0.6475,0.240234375,6.0859375,-5.1650390625
0.648,0.880859375,6.5263671875,-6.3662109375
0.6485,1.4814453125,6.3662109375,-6.88671875
0.649,2.482421875,5.2451171875,-6.9267578125
0.6495,3.923828125,3.5234375,-7.046875
0.65,5.365234375,1.9619140625,-7.126953125
0.6505,6.3662109375,0.80078125,-7.3671875
0.651,6.5263671875,0.240234375,-7.287109375
0.6515,6.0859375,-0.5205078125,-6.5263671875
0.652,5.4453125,-1.521484375,-5.1650390625
0.6525,5.044921875,-3.0830078125,-3.5234375
0.653,4.9248046875,-4.64453125,-2.001953125
0.6535,4.96484375,-5.8056640625,-1.12109375
0.654,4.6044921875,-6.2861328125,-0.5205078125
0.6545,3.603515625,-6.166015625,0.3603515625
0.655,2.08203125,-6.1259765625,1.76171875
0.6555,0.560546875,-6.2861328125,3.4833984375
0.656,-0.560546875,-6.7666015625,4.96484375
0.6565,-1.041015625,-7.20703125,6.005859375
0.657,-1.7216796875,-6.88671875,6.40625
0.6575,-2.8828125,-5.6455078125,6.4462890625
0.658,-4.3642578125,-4.00390625,6.646484375
0.6585,-5.685546875,-2.6025390625,6.88671875
0.659,-6.5263671875,-1.6416015625,7.1669921875
0.6595,-6.56640625,-1.12109375,7.046875
0.66,-6.1259765625,-0.4404296875,6.1259765625
0.6605,-5.60546875,0.880859375,4.7646484375
0.661,-5.3251953125,2.4423828125,3.1630859375
0.6615,-5.4052734375,3.9638671875,1.921875
0.662,-5.4052734375,4.96484375,1.1611328125
0.6625,-4.9248046875,5.2451171875,0.560546875
0.663,-3.763671875,5.2451171875,-0.5205078125
0.6635,-2.2822265625,5.28515625,-2.0419921875
0.664,-0.8408203125,5.60546875,-3.84375
0.6645,0.0400390625,6.166015625,-5.205078125
0.665,0.560546875,6.4462890625,-6.005859375
0.6655,1.28125,5.845703125,-6.326171875
0.666,2.6025390625,4.484375,-6.4462890625
0.6665,4.1240234375,3.0029296875,-6.6865234375
0.667,5.365234375,1.681640625,-6.9267578125
0.6675,5.9658203125,0.9609375,-7.20703125
0.668,5.8056640625,0.4404296875,-6.806640625
0.6685,5.3251953125,-0.48046875,-5.845703125
0.669,4.96484375,-1.7216796875,-4.4443359375
0.6695,4.8046875,-3.36328125,-2.8828125
0.67,4.96484375,-4.7646484375,-1.8818359375
0.6705,4.884765625,-5.4853515625,-1.28125
0.671,4.2041015625,-5.6455078125,-0.640625
0.6715,3.0029296875,-5.60546875,0.560546875
0.672,1.5615234375,-5.765625,2.162109375
0.6725,0.3603515625,-6.2861328125,3.763671875
0.673,-0.3203125,-6.88671875,4.96484375
0.6735,-0.9208984375,-6.966796875,5.60546875
0.674,-1.8017578125,-6.1259765625,5.845703125
0.6745,-3.1630859375,-4.7646484375,6.0859375
0.675,-4.564453125,-3.36328125,6.3662109375
0.6755,-5.6455078125,-2.322265625,6.7265625
0.676,-6.0859375,-1.8017578125,6.88671875
0.6765,-5.8056640625,-1.201171875,6.40625
0.677,-5.4052734375,-0.2802734375,5.3251953125
0.6775,-5.125,1.201171875,3.9638671875
0.678,-5.1650390625,2.72265625,2.6826171875
0.6785,-5.3251953125,3.9638671875,1.841796875
0.679,-5.1650390625,4.5244140625,1.28125
0.6795,-4.3642578125,4.64453125,0.560546875
0.68,-3.1630859375,4.7646484375,-0.80078125
0.6805,-1.8017578125,5.0849609375,-2.40234375
0.681,-0.9208984375,5.6455078125,-3.9638671875
0.6815,-0.3603515625,6.2060546875,-5.0849609375
0.682,0.400390625,6.0859375,-5.5654296875
0.6825,1.4013671875,5.125,-5.765625
0.683,2.8427734375,3.84375,-6.1259765625
0.6835,4.2041015625,2.5224609375,-6.4462890625
0.684,5.205078125,1.6416015625,-6.88671875
0.6845,5.4052734375,1.201171875,-6.9267578125
0.685,5.125,0.560546875,-6.2861328125
0.6855,4.8046875,-0.6005859375,-5.125
0.686,4.64453125,-2.001953125,-3.84375
0.6865,4.8046875,-3.5634765625,-2.72265625
0.687,4.96484375,-4.6044921875,-2.001953125
0.6875,4.6845703125,-5.044921875,-1.4814453125
0.688,3.763671875,-5.125,-0.6005859375
0.6885,2.5224609375,-5.4453125,0.880859375
0.689,1.28125,-5.845703125,2.5224609375
0.6895,0.5205078125,-6.56640625,3.8837890625
0.69,0.0,-6.9267578125,4.8447265625
0.6905,-0.8408203125,-6.486328125,5.28515625
0.691,-2.08203125,-5.4052734375,5.5654296875
0.6915,-3.5234375,-4.1240234375,5.8857421875
0.692,-4.8046875,-2.962890625,6.3662109375
0.6925,-5.525390625,-2.322265625,6.6865234375
0.693,-5.5654296875,-1.8017578125,6.5263671875
0.6935,-5.2451171875,-1.041015625,5.7255859375
0.694,-5.0048828125,0.240234375,4.5244140625
0.6945,-5.0048828125,1.7216796875,3.3232421875
0.695,-5.205078125,3.123046875,2.40234375
0.6955,-5.28515625,3.923828125,1.841796875
0.696,-4.7646484375,4.244140625,1.201171875
0.6965,-3.7236328125,4.32421875,0.16015625
0.697,-2.5224609375,4.64453125,-1.4013671875
0.6975,-1.521484375,5.2451171875,-3.04296875
0.698,-0.8408203125,5.92578125,-4.244140625
0.6985,-0.3203125,6.0859375,-5.0048828125
0.699,0.6005859375,5.4853515625,-5.28515625
0.6995,1.921875,4.3642578125,-5.60546875
0.7,3.36328125,3.0830078125,-6.005859375
0.7005,4.5244140625,2.1220703125,-6.4462890625
0.701,5.044921875,1.6416015625,-6.7666015625
0.7015,4.9248046875,1.0810546875,-6.40625
0.702,4.6044921875,0.2802734375,-5.525390625
0.7025,4.484375,-1.12109375,-4.404296875
0.703,4.6044921875,-2.6025390625,-3.203125
0.7035,4.8447265625,-3.84375,-2.5224609375
0.704,4.8046875,-4.5244140625,-2.001953125
0.7045,4.2041015625,-4.8046875,-1.28125
0.705,3.123046875,-5.0048828125,0.0
0.7055,1.921875,-5.4853515625,1.521484375
0.706,1.12109375,-6.1259765625,3.0029296875
0.7065,0.6005859375,-6.7265625,4.1240234375
0.707,-0.2001953125,-6.6865234375,4.8046875
0.7075,-1.2412109375,-5.8857421875,5.0849609375
0.708,-2.642578125,-4.724609375,5.525390625
0.7085,-4.0439453125,-3.5634765625,6.005859375
0.709,-5.044921875,-2.7626953125,6.5263671875
0.7095,-5.365234375,-2.2822265625,6.646484375
0.71,-5.205078125,-1.6416015625,6.0859375
0.7105,-4.96484375,-0.640625,5.0849609375
0.711,-4.9248046875,0.880859375,3.8837890625
0.7115,-5.125,2.3623046875,2.8427734375
0.712,-5.3251953125,3.443359375,2.2421875
0.7125,-5.0849609375,3.8837890625,1.6416015625
0.713,-4.2041015625,4.1240234375,0.7607421875
0.7135,-3.1630859375,4.4443359375,-0.6806640625
0.714,-1.9619140625,5.0048828125,-2.2822265625
0.7145,-1.28125,5.7255859375,-3.7236328125
0.715,-0.720703125,6.1259765625,-4.6845703125
0.7155,0.16015625,5.8056640625,-5.125
0.716,1.4013671875,4.8046875,-5.4453125
0.7165,2.8427734375,3.5234375,-5.845703125
0.717,4.1640625,2.40234375,-6.3662109375
0.7175,4.96484375,1.76171875,-6.7666015625
0.718,5.0048828125,1.28125,-6.6064453125
0.7185,4.724609375,0.5205078125,-5.8056640625
0.719,4.5244140625,-0.720703125,-4.724609375
0.7195,4.564453125,-2.2822265625,-3.4833984375
0.72,4.8046875,-3.7236328125,-2.5625
0.7205,4.884765625,-4.564453125,-2.001953125
0.721,4.404296875,-4.884765625,-1.3212890625
0.7215,3.3232421875,-5.044921875,-0.3203125
0.722,2.162109375,-5.365234375,1.28125
0.7225,1.1611328125,-5.9658203125,2.8828125
0.723,0.5205078125,-6.646484375,4.1640625
0.7235,-0.2001953125,-6.806640625,4.9248046875
0.724,-1.1611328125,-6.0859375,5.2451171875
0.7245,-2.5224609375,-4.9248046875,5.60546875
0.725,-4.00390625,-3.603515625,6.005859375
0.7255,-5.1650390625,-2.6025390625,6.5263671875
0.726,-5.6455078125,-2.08203125,6.6865234375
0.7265,-5.4853515625,-1.4814453125,6.24609375
0.727,-5.125,-0.560546875,5.2451171875
0.7275,-5.0048828125,0.9208984375,3.9638671875
0.728,-5.125,2.482421875,2.7626953125
0.7285,-5.28515625,3.68359375,1.9619140625
0.729,-5.125,4.2841796875,1.4013671875
0.7295,-4.3642578125,4.4443359375,0.6005859375
0.73,-3.0830078125,4.6044921875,-0.80078125
0.7305,-1.8818359375,5.044921875,-2.40234375
0.731,-1.0009765625,5.7255859375,-3.923828125
0.7315,-0.400390625,6.2060546875,-5.0048828125
0.732,0.400390625,5.9658203125,-5.525390625
0.7325,1.521484375,4.9248046875,-5.765625
0.733,3.0029296875,3.5634765625,-6.0859375
0.7335,4.404296875,2.2822265625,-6.486328125
0.734,5.28515625,1.4013671875,-6.88671875
0.7345,5.4453125,0.9609375,-6.806640625
0.735,5.0849609375,0.2802734375,-6.0458984375
0.7355,4.724609375,-0.9609375,-4.8447265625
0.736,4.6044921875,-2.4423828125,-3.4033203125
0.7365,4.8046875,-4.0439453125,-2.322265625
0.737,4.9248046875,-5.0048828125,-1.6416015625
0.7375,4.484375,-5.365234375,-1.0810546875
0.738,3.443359375,-5.3251953125,0.0
0.7385,2.0419921875,-5.525390625,1.44140625
0.739,0.880859375,-6.0458984375,3.123046875
0.7395,0.1201171875,-6.6865234375,4.484375
0.74,-0.5205078125,-6.966796875,5.365234375
0.7405,-1.361328125,-6.326171875,5.685546875
0.741,-2.72265625,-5.0849609375,5.92578125
0.7415,-4.2041015625,-3.603515625,6.24609375
0.742,-5.4453125,-2.4423828125,6.646484375
0.7425,-6.0458984375,-1.8017578125,6.88671875
0.743,-5.92578125,-1.201171875,6.5263671875
0.7435,-5.4853515625,-0.3603515625,5.4853515625
0.744,-5.1650390625,1.0810546875,4.1240234375
0.7445,-5.1650390625,2.6826171875,2.6826171875
0.745,-5.365234375,4.083984375,1.7216796875
0.7455,-5.28515625,4.7646484375,1.0810546875
0.746,-4.5244140625,4.96484375,0.3603515625
0.7465,-3.203125,4.96484375,-0.9208984375
0.747,-1.8017578125,5.2451171875,-2.6025390625
0.7475,-0.640625,5.765625,-4.2841796875
0.748,0.080078125,6.3662109375,-5.4853515625
0.7485,0.720703125,6.2861328125,-6.1259765625
0.749,1.8017578125,5.2451171875,-6.326171875
0.7495,3.3232421875,3.763671875,-6.56640625
0.75,4.8046875,2.2421875,-6.8466796875
0.7505,5.8857421875,1.12109375,-7.1669921875
0.751,6.1259765625,0.560546875,-7.20703125
0.7515,5.7255859375,-0.240234375,-6.4462890625
0.752,5.205078125,-1.3212890625,-5.0849609375
0.7525,4.96484375,-2.9228515625,-3.4833984375
0.753,4.96484375,-4.6044921875,-2.0419921875
0.7535,5.0048828125,-5.765625,-1.2412109375
0.754,4.6044921875,-6.1259765625,-0.6005859375
0.7545,3.5234375,-6.0458984375,0.4404296875
0.755,1.921875,-6.0458984375,1.921875
0.7555,0.400390625,-6.326171875,3.8037109375
0.756,-0.6005859375,-6.88671875,5.2451171875
0.7565,-1.1611328125,-7.20703125,6.2060546875
0.757,-1.9619140625,-6.646484375,6.56640625
0.7575,-3.3232421875,-5.1650390625,6.646484375
0.758,-4.8447265625,-3.5634765625,6.8466796875
0.7585,-6.166015625,-2.08203125,7.046875
0.759,-6.8466796875,-1.1611328125,7.2470703125
0.7595,-6.7265625,-0.6005859375,6.88671875
0.76,-6.1259765625,0.3203125,5.7255859375
0.7605,-5.60546875,1.681640625,4.1240234375
0.761,-5.3251953125,3.36328125,2.40234375
0.7615,-5.4453125,4.8046875,1.2412109375
0.762,-5.28515625,5.6455078125,0.48046875
0.7625,-4.5244140625,5.765625,-0.3203125
0.763,-3.0830078125,5.5654296875,-1.44140625
0.7635,-1.44140625,5.6455078125,-3.1630859375
0.764,0.0400390625,5.9658203125,-4.884765625
0.7645,0.7607421875,6.4462890625,-6.166015625
0.765,1.3212890625,6.4462890625,-6.806640625
0.7655,2.2421875,5.525390625,-7.0068359375
0.766,3.68359375,3.84375,-7.046875
0.7665,5.1650390625,2.2021484375,-7.1669921875
0.767,6.326171875,0.880859375,-7.3671875
0.7675,6.6865234375,0.16015625,-7.4072265625
0.768,6.326171875,-0.560546875,-6.7666015625
0.7685,5.60546875,-1.5615234375,-5.4453125
0.769,5.1650390625,-3.04296875,-3.7236328125
0.7695,4.96484375,-4.724609375,-2.08203125
0.77,5.044921875,-5.9658203125,-1.0009765625
0.7705,4.724609375,-6.486328125,-0.400390625
0.771,3.763671875,-6.4462890625,0.4404296875
0.7715,2.2421875,-6.2861328125,1.76171875
0.772,0.560546875,-6.40625,3.5634765625
0.7725,-0.6806640625,-6.7666015625,5.1650390625
0.773,-1.28125,-7.2470703125,6.24609375
0.7735,-1.9619140625,-7.0068359375,6.7265625
0.774,-3.04296875,-5.765625,6.7666015625
0.7745,-4.5244140625,-4.1240234375,6.9267578125
0.775,-5.92578125,-2.5224609375,7.0869140625
0.7755,-6.8466796875,-1.4013671875,7.3271484375
0.776,-6.966796875,-0.80078125,7.1669921875
0.7765,-6.486328125,-0.16015625,6.326171875
0.777,-5.8056640625,1.0810546875,4.8046875
0.7775,-5.4853515625,2.6826171875,3.0830078125
0.778,-5.4453125,4.32421875,1.6416015625
0.7785,-5.4453125,5.4052734375,0.80078125
0.779,-4.9248046875,5.765625,0.2001953125
0.7795,-3.8037109375,5.6455078125,-0.80078125
0.78,-2.162109375,5.5654296875,-2.3623046875
0.7805,-0.560546875,5.765625,-4.1640625
0.781,0.4404296875,6.326171875,-5.6455078125
0.7815,0.9609375,6.6064453125,-6.56640625
0.782,1.7216796875,6.0859375,-6.9267578125
0.7825,3.0029296875,4.6044921875,-6.9267578125
0.783,4.484375,3.0029296875,-7.0869140625
0.7835,5.845703125,1.44140625,-7.287109375
0.784,6.5263671875,0.6005859375,-7.447265625
0.7845,6.4462890625,0.0,-7.126953125
0.785,5.845703125,-0.9208984375,-6.0859375
0.7855,5.28515625,-2.2421875,-4.5244140625
0.786,5.044921875,-3.8837890625,-2.7626953125
0.7865,5.0849609375,-5.4453125,-1.4814453125
0.787,4.96484375,-6.2861328125,-0.7607421875
0.7875,4.32421875,-6.4462890625,0.0
0.788,2.9228515625,-6.2861328125,1.0810546875
0.7885,1.28125,-6.3662109375,2.8427734375
0.789,-0.2802734375,-6.6865234375,4.6044921875
0.7895,-1.0009765625,-7.20703125,5.8857421875
0.79,-1.6015625,-7.2470703125,6.646484375
0.7905,-2.5224609375,-6.3662109375,6.806640625
0.791,-3.9638671875,-4.7646484375,6.88671875
0.7915,-5.4853515625,-3.0830078125,7.046875
0.792,-6.646484375,-1.7216796875,7.287109375
0.7925,-7.0869140625,-1.041015625,7.3671875
0.793,-6.7265625,-0.400390625,6.6865234375
0.7935,-6.1259765625,0.640625,5.4052734375
0.794,-5.6455078125,2.2421875,3.68359375
0.7945,-5.4453125,3.9638671875,2.0419921875
0.795,-5.525390625,5.3251953125,0.9609375
0.7955,-5.1650390625,5.845703125,0.3203125
0.796,-4.2041015625,5.8056640625,-0.6005859375
0.7965,-2.6025390625,5.6455078125,-1.9619140625
0.797,-0.9208984375,5.765625,-3.8037109375
0.7975,0.3603515625,6.2060546875,-5.4052734375
0.798,0.9609375,6.6064453125,-6.486328125
0.7985,1.5615234375,6.326171875,-6.966796875
0.799,2.6826171875,5.0849609375,-7.0068359375
0.7995,4.1640625,3.36328125,-7.0869140625
0.8,5.60546875,1.76171875,-7.20703125
0.8005,6.4462890625,0.6005859375,-7.4072265625
0.801,6.56640625,0.0400390625,-7.2470703125
0.8015,6.0458984375,-0.720703125,-6.40625
0.802,5.4052734375,-1.8017578125,-4.9248046875
0.8025,5.044921875,-3.36328125,-3.203125
0.803,4.96484375,-5.0048828125,-1.76171875
0.8035,4.96484375,-6.0458984375,-0.9208984375
0.804,4.484375,-6.3662109375,-0.3203125
0.8045,3.36328125,-6.2060546875,0.6005859375
0.805,1.76171875,-6.1259765625,2.0419921875
0.8055,0.2802734375,-6.3662109375,3.84375
0.806,-0.720703125,-6.806640625,5.28515625
0.8065,-1.2412109375,-7.1669921875,6.166015625
0.807,-1.921875,-6.6865234375,6.486328125
0.8075,-3.123046875,-5.365234375,6.5263671875
0.808,-4.564453125,-3.8037109375,6.6865234375
0.8085,-5.8857421875,-2.40234375,6.966796875
0.809,-6.6064453125,-1.5615234375,7.1669921875
0.8095,-6.56640625,-1.0009765625,6.88671875
0.81,-6.0458984375,-0.2802734375,5.9658203125
0.8105,-5.4853515625,1.041015625,4.5244140625
0.811,-5.3251953125,2.642578125,2.9228515625
0.8115,-5.4052734375,4.2041015625,1.76171875
0.812,-5.365234375,5.0849609375,1.041015625
0.8125,-4.8046875,5.28515625,0.4404296875
0.813,-3.5634765625,5.205078125,-0.6806640625
0.8135,-2.08203125,5.365234375,-2.2822265625
0.814,-0.6806640625,5.7255859375,-4.0439453125
0.8145,0.1201171875,6.326171875,-5.4453125
0.815,0.640625,6.5263671875,-6.166015625
0.8155,1.521484375,5.8056640625,-6.40625
0.816,2.8427734375,4.404296875,-6.56640625
0.8165,4.32421875,2.802734375,-6.806640625
0.817,5.60546875,1.4814453125,-7.0869140625
0.8175,6.0859375,0.80078125,-7.3271484375
0.818,5.92578125,0.2802734375,-6.806640625
0.8185,5.365234375,-0.6806640625,-5.7255859375
0.819,5.044921875,-2.0419921875,-4.244140625
0.8195,4.884765625,-3.7236328125,-2.6826171875
0.82,5.044921875,-5.0849609375,-1.681640625
0.8205,4.884765625,-5.765625,-1.041015625
0.821,4.083984375,-5.845703125,-0.3603515625
0.8215,2.72265625,-5.765625,0.9208984375
0.822,1.2412109375,-5.9658203125,2.6025390625
0.8225,0.1201171875,-6.4462890625,4.244140625
0.823,-0.6005859375,-7.046875,5.4052734375
0.8235,-1.1611328125,-6.9267578125,5.9658203125
0.824,-2.2021484375,-5.8857421875,6.0859375
0.8245,-3.603515625,-4.5244140625,6.2861328125
0.825,-5.0849609375,-3.04296875,6.56640625
0.8255,-6.0859375,-2.001953125,6.88671875
0.826,-6.2861328125,-1.44140625,6.9267578125
0.8265,-5.92578125,-0.80078125,6.24609375
0.827,-5.4052734375,0.240234375,5.044921875
0.8275,-5.1650390625,1.76171875,3.5234375
0.828,-5.1650390625,3.283203125,2.2421875
0.8285,-5.28515625,4.404296875,1.44140625
0.829,-5.0048828125,4.8447265625,0.9208984375
0.8295,-4.0439453125,4.8447265625,0.1201171875
0.83,-2.72265625,4.9248046875,-1.28125
0.8305,-1.361328125,5.2451171875,-2.962890625
0.831,-0.5205078125,5.8056640625,-4.4443359375
0.8315,0.1201171875,6.24609375,-5.4453125
0.832,0.7607421875,6.005859375,-5.845703125
0.8325,1.841796875,4.8447265625,-5.9658203125
0.833,3.283203125,3.4833984375,-6.24609375
0.8335,4.564453125,2.162109375,-6.6064453125
0.834,5.4453125,1.4013671875,-6.9267578125
0.8345,5.4853515625,0.9208984375,-6.8466796875
0.835,5.125,0.2802734375,-6.0859375
0.8355,4.7646484375,-0.880859375,-4.884765625
0.836,4.64453125,-2.3623046875,-3.5634765625
0.8365,4.8046875,-3.8837890625,-2.4423828125
0.837,4.9248046875,-4.8447265625,-1.841796875
0.8375,4.5244140625,-5.1650390625,-1.28125
0.838,3.5234375,-5.205078125,-0.3603515625
0.8385,2.2822265625,-5.4453125,1.1611328125
0.839,1.12109375,-5.92578125,2.72265625
0.8395,0.3603515625,-6.56640625,4.1240234375
0.84,-0.2001953125,-6.9267578125,4.96484375
0.8405,-1.0009765625,-6.4462890625,5.3251953125
0.841,-2.2421875,-5.365234375,5.60546875
0.8415,-3.7236328125,-4.0439453125,5.92578125
0.842,-4.9248046875,-2.8828125,6.40625
0.8425,-5.60546875,-2.2822265625,6.7666015625
0.843,-5.5654296875,-1.8017578125,6.5263671875
0.8435,-5.205078125,-1.0009765625,5.685546875
0.844,-5.0048828125,0.2802734375,4.484375
0.8445,-5.044921875,1.8017578125,3.2431640625
0.845,-5.28515625,3.1630859375,2.3623046875
0.8455,-5.28515625,3.9638671875,1.841796875
0.846,-4.724609375,4.2041015625,1.1611328125
0.8465,-3.6435546875,4.3642578125,0.080078125
0.847,-2.482421875,4.7646484375,-1.4814453125
0.8475,-1.4814453125,5.3251953125,-3.0830078125
0.848,-0.8408203125,6.005859375,-4.32421875
0.8485,-0.3203125,6.0458984375,-5.0048828125
0.849,0.720703125,5.365234375,-5.28515625
0.8495,1.9619140625,4.2041015625,-5.6455078125
0.85,3.443359375,3.04296875,-6.0458984375
0.8505,4.6044921875,2.0419921875,-6.56640625
0.851,5.044921875,1.6015625,-6.7666015625
0.8515,4.8447265625,1.0810546875,-6.40625
0.852,4.6044921875,0.16015625,-5.4453125
0.8525,4.484375,-1.201171875,-4.2841796875
0.853,4.64453125,-2.72265625,-3.203125
0.8535,4.884765625,-3.923828125,-2.482421875
0.854,4.8046875,-4.5244140625,-1.9619140625
0.8545,4.083984375,-4.7646484375,-1.201171875
0.855,3.04296875,-5.0048828125,0.1201171875
0.8555,1.8818359375,-5.4853515625,1.6416015625
0.856,1.0810546875,-6.166015625,3.1630859375
0.8565,0.5205078125,-6.7666015625,4.2041015625
0.857,-0.3203125,-6.646484375,4.8046875
0.8575,-1.361328125,-5.8056640625,5.125
0.858,-2.7626953125,-4.6044921875,5.5654296875
0.8585,-4.1640625,-3.443359375,6.0458984375
0.859,-5.125,-2.72265625,6.5263671875
0.8595,-5.365234375,-2.2421875,6.6064453125
0.86,-5.1650390625,-1.5615234375,5.9658203125
0.8605,-4.96484375,-0.5205078125,4.96484375
0.861,-4.96484375,1.041015625,3.8037109375
0.8615,-5.1650390625,2.5224609375,2.802734375
0.862,-5.3251953125,3.5234375,2.162109375
0.8625,-5.0048828125,4.00390625,1.5615234375
0.863,-4.1240234375,4.1640625,0.6005859375
0.8635,-2.962890625,4.484375,-0.880859375
0.864,-1.8818359375,5.0849609375,-2.482421875
0.8645,-1.1611328125,5.7255859375,-3.8837890625
0.865,-0.640625,6.0859375,-4.7646484375
0.8655,0.2802734375,5.6455078125,-5.205078125
0.866,1.5615234375,4.64453125,-5.4853515625
0.8665,3.04296875,3.3232421875,-5.92578125
0.867,4.32421875,2.2822265625,-6.40625
0.8675,5.0048828125,1.6416015625,-6.7666015625
0.868,5.0048828125,1.1611328125,-6.5263671875
0.8685,4.6845703125,0.3603515625,-5.7255859375
0.869,4.484375,-0.9609375,-4.564453125
0.8695,4.6044921875,-2.4423828125,-3.36328125
0.87,4.8447265625,-3.84375,-2.482421875
0.8705,4.884765625,-4.6044921875,-1.921875
0.871,4.2841796875,-4.8447265625,-1.28125
0.8715,3.203125,-5.0048828125,-0.16015625
0.872,2.001953125,-5.4052734375,1.44140625
0.8725,1.0810546875,-6.0859375,3.0029296875
0.873,0.48046875,-6.6865234375,4.244140625
0.8735,-0.3203125,-6.7666015625,4.9248046875
0.874,-1.28125,-5.92578125,5.205078125
0.8745,-2.6025390625,-4.8046875,5.5654296875
0.875,-4.083984375,-3.4833984375,6.0458984375
0.8755,-5.205078125,-2.5625,6.5263671875
0.876,-5.5654296875,-2.08203125,6.6865234375
0.8765,-5.4052734375,-1.44140625,6.1259765625
0.877,-5.044921875,-0.5205078125,5.125
0.8775,-4.9248046875,0.9609375,3.8837890625
0.878,-5.125,2.5224609375,2.7626953125
0.8785,-5.28515625,3.68359375,2.001953125
0.879,-5.0849609375,4.2041015625,1.44140625
0.8795,-4.244140625,4.32421875,0.6005859375
0.88,-3.0830078125,4.5244140625,-0.80078125
0.8805,-1.8818359375,4.96484375,-2.40234375
0.881,-1.041015625,5.685546875,-3.8837890625
0.8815,-0.5205078125,6.1259765625,-4.96484375
0.882,0.3603515625,5.8857421875,-5.4052734375
0.8825,1.521484375,4.8447265625,-5.6455078125
0.883,2.962890625,3.5634765625,-6.005859375
0.8835,4.3642578125,2.2822265625,-6.4462890625
0.884,5.205078125,1.521484375,-6.8466796875
0.8845,5.365234375,1.0009765625,-6.7265625
0.885,5.0048828125,0.3203125,-5.9658203125
0.8855,4.64453125,-0.9208984375,-4.8046875
0.886,4.6044921875,-2.4423828125,-3.443359375
0.8865,4.8046875,-3.9638671875,-2.40234375
0.887,4.9248046875,-4.884765625,-1.76171875
0.8875,4.4443359375,-5.205078125,-1.12109375
0.888,3.36328125,-5.2451171875,0.0
0.8885,2.0419921875,-5.525390625,1.44140625
0.889,0.9208984375,-6.0859375,3.123046875
0.8895,0.16015625,-6.7666015625,4.484375
0.89,-0.48046875,-6.9267578125,5.3251953125
0.8905,-1.361328125,-6.24609375,5.6455078125
0.891,-2.72265625,-5.0048828125,5.8857421875
0.8915,-4.2841796875,-3.5234375,6.24609375
0.892,-5.4853515625,-2.40234375,6.646484375
0.8925,-6.0458984375,-1.8017578125,6.88671875
0.893,-5.8857421875,-1.1611328125,6.40625
0.8935,-5.4453125,-0.3203125,5.365234375
0.894,-5.125,1.201171875,3.9638671875
0.8945,-5.1650390625,2.802734375,2.5625
0.895,-5.3251953125,4.1240234375,1.6416015625
0.8955,-5.1650390625,4.8046875,1.0810546875
0.896,-4.3642578125,4.884765625,0.2802734375
0.8965,-3.0029296875,4.8447265625,-1.041015625
0.897,-1.6416015625,5.1650390625,-2.72265625
0.8975,-0.640625,5.7255859375,-4.3642578125
0.898,0.1201171875,6.326171875,-5.525390625
0.8985,0.7607421875,6.1259765625,-6.0859375
0.899,1.8818359375,5.0849609375,-6.24609375
0.8995,3.36328125,3.5634765625,-6.4462890625
0.9,4.8447265625,2.08203125,-6.7666015625
0.9005,5.8056640625,1.12109375,-7.0869140625
0.901,6.005859375,0.560546875,-7.0869140625
0.9015,5.5654296875,-0.240234375,-6.2861328125
0.902,5.0849609375,-1.3212890625,-4.884765625
0.9025,4.8046875,-2.8828125,-3.3232421875
0.903,4.884765625,-4.5244140625,-2.001953125
0.9035,4.96484375,-5.60546875,-1.2412109375
0.904,4.5244140625,-5.92578125,-0.640625
0.9045,3.4033203125,-5.92578125,0.400390625
0.905,1.921875,-5.92578125,1.841796875
0.9055,0.4404296875,-6.2861328125,3.6435546875
0.906,-0.5205078125,-6.806640625,5.0849609375
0.9065,-1.041015625,-7.126953125,6.0458984375
0.907,-1.841796875,-6.5263671875,6.3662109375
0.9075,-3.203125,-5.125,6.4462890625
0.908,-4.724609375,-3.5234375,6.6865234375
0.9085,-6.0458984375,-2.1220703125,6.966796875
0.909,-6.6865234375,-1.3212890625,7.1669921875
0.9095,-6.56640625,-0.720703125,6.7666015625
0.91,-5.9658203125,0.2001953125,5.685546875
0.9105,-5.4853515625,1.5615234375,4.1240234375
0.911,-5.28515625,3.2431640625,2.4423828125
0.9115,-5.4052734375,4.724609375,1.3212890625
0.912,-5.2451171875,5.4453125,0.6005859375
0.9125,-4.5244140625,5.525390625,0.0
0.913,-3.0830078125,5.365234375,-1.3212890625
0.9135,-1.4814453125,5.4853515625,-3.0830078125
0.914,0.0,5.92578125,-4.8046875
0.9145,0.6005859375,6.40625,-6.0458984375
0.915,1.201171875,6.40625,-6.6865234375
0.9155,2.162109375,5.4453125,-6.7666015625
0.916,3.6435546875,3.8037109375,-6.9267578125
0.9165,5.125,2.162109375,-7.0869140625
0.917,6.2060546875,0.9208984375,-7.3271484375
0.9175,6.5263671875,0.240234375,-7.3671875
0.918,6.166015625,-0.48046875,-6.6865234375
0.9185,5.4853515625,-1.44140625,-5.28515625
0.919,5.0849609375,-3.0029296875,-3.5634765625
0.9195,4.96484375,-4.6845703125,-2.001953125
0.92,5.0048828125,-5.92578125,-1.041015625
0.9205,4.6845703125,-6.486328125,-0.400390625
0.921,3.6435546875,-6.40625,0.48046875
0.9215,2.0419921875,-6.2861328125,1.841796875
0.922,0.4404296875,-6.3662109375,3.68359375
0.9225,-0.720703125,-6.806640625,5.2451171875
0.923,-1.28125,-7.2470703125,6.326171875
0.9235,-1.9619140625,-6.88671875,6.7265625
0.924,-3.1630859375,-5.525390625,6.7666015625
0.9245,-4.6845703125,-3.8837890625,6.9267578125
0.925,-6.0859375,-2.2822265625,7.0869140625
0.9255,-6.9267578125,-1.28125,7.3271484375
0.926,-6.9267578125,-0.6806640625,7.0869140625
0.9265,-6.40625,0.1201171875,6.1259765625
0.927,-5.765625,1.28125,4.6044921875
0.9275,-5.4453125,3.0029296875,2.8427734375
0.928,-5.4052734375,4.5244140625,1.4814453125
0.9285,-5.3251953125,5.4853515625,0.6806640625
0.929,-4.8046875,5.7255859375,0.0
0.9295,-3.5634765625,5.5654296875,-1.0009765625
0.93,-1.921875,5.5654296875,-2.6025390625
0.9305,-0.3603515625,5.8056640625,-4.4443359375
0.931,0.6005859375,6.3662109375,-5.8056640625
0.9315,1.0810546875,6.5263671875,-6.646484375
0.932,1.921875,5.8857421875,-6.9267578125
0.9325,3.1630859375,4.404296875,-6.9267578125
0.933,4.724609375,2.6826171875,-7.0869140625
0.9335,5.9658203125,1.28125,-7.287109375
0.934,6.56640625,0.4404296875,-7.4072265625
0.9345,6.3662109375,-0.2001953125,-7.0068359375
0.935,5.7255859375,-1.041015625,-5.845703125
0.9355,5.205078125,-2.3623046875,-4.244140625
0.936,5.0048828125,-4.083984375,-2.5625
0.9365,5.0849609375,-5.60546875,-1.361328125
0.937,4.9248046875,-6.3662109375,-0.6806640625
0.9375,4.1240234375,-6.4462890625,0.080078125
0.938,2.802734375,-6.2060546875,1.201171875
0.9385,1.0810546875,-6.2861328125,2.9228515625
0.939,-0.3203125,-6.6865234375,4.6845703125
0.9395,-1.0009765625,-7.20703125,5.92578125
0.94,-1.6015625,-7.1669921875,6.6064453125
0.9405,-2.5625,-6.2060546875,6.7265625
0.941,-4.0439453125,-4.6044921875,6.88671875
0.9415,-5.5654296875,-2.9228515625,7.046875
0.942,-6.6865234375,-1.6416015625,7.287109375
0.9425,-7.0068359375,-1.0009765625,7.3271484375
0.943,-6.646484375,-0.3603515625,6.646484375
0.9435,-6.005859375,0.7607421875,5.28515625
0.944,-5.60546875,2.3623046875,3.5634765625
0.9445,-5.4453125,4.00390625,1.9619140625
0.945,-5.4853515625,5.28515625,0.9609375
0.9455,-5.1650390625,5.765625,0.2802734375
0.946,-4.1240234375,5.765625,-0.640625
0.9465,-2.5224609375,5.6455078125,-2.0419921875
0.947,-0.8408203125,5.8056640625,-3.923828125
0.9475,0.3603515625,6.24609375,-5.525390625
0.948,0.9609375,6.646484375,-6.56640625
0.9485,1.6416015625,6.326171875,-7.0068359375
0.949,2.8427734375,4.96484375,-7.046875
0.9495,4.404296875,3.203125,-7.1669921875
0.95,5.7255859375,1.5615234375,-7.3271484375
0.9505,6.6064453125,0.560546875,-7.4873046875
0.951,6.646484375,0.0,-7.287109375
0.9515,6.0458984375,-0.8408203125,-6.2861328125
0.952,5.4052734375,-2.0419921875,-4.724609375
0.9525,5.044921875,-3.7236328125,-2.962890625
0.953,5.0048828125,-5.3251953125,-1.5615234375
0.9535,4.96484375,-6.2861328125,-0.7607421875
0.954,4.404296875,-6.486328125,0.0
0.9545,3.123046875,-6.2861328125,0.9208984375
0.955,1.4814453125,-6.2861328125,2.5224609375
0.9555,0.0,-6.4462890625,4.2841796875
0.956,-1.0009765625,-6.966796875,5.685546875
0.9565,-1.4814453125,-7.20703125,6.4462890625
0.957,-2.2421875,-6.56640625,6.6865234375
0.9575,-3.5634765625,-5.0849609375,6.6865234375
0.958,-5.0048828125,-3.4033203125,6.88671875
0.9585,-6.2861328125,-2.001953125,7.046875
0.959,-6.8466796875,-1.2412109375,7.2470703125
0.9595,-6.646484375,-0.640625,6.8466796875
0.96,-6.0458984375,0.240234375,5.7255859375
0.9605,-5.525390625,1.44140625,4.2041015625
0.961,-5.28515625,3.123046875,2.5625
0.9615,-5.4052734375,4.5244140625,1.4013671875
0.962,-5.205078125,5.365234375,0.7607421875
0.9625,-4.5244140625,5.4853515625,0.080078125
0.963,-3.203125,5.3251953125,-1.0810546875
0.9635,-1.7216796875,5.4052734375,-2.6826171875
0.964,-0.3603515625,5.8056640625,-4.404296875
0.9645,0.4404296875,6.3662109375,-5.685546875
0.965,0.9208984375,6.40625,-6.3662109375
0.9655,1.76171875,5.5654296875,-6.486328125
0.966,3.1630859375,4.1240234375,-6.6064453125
0.9665,4.6044921875,2.5625,-6.8466796875
0.967,5.7255859375,1.3212890625,-7.126953125
0.9675,6.166015625,0.7607421875,-7.287109375
0.968,5.8857421875,0.16015625,-6.7265625
0.9685,5.3251953125,-0.880859375,-5.5654296875
0.969,4.96484375,-2.2822265625,-4.083984375
0.9695,4.8447265625,-3.923828125,-2.5625
0.97,5.044921875,-5.1650390625,-1.6015625
0.9705,4.8046875,-5.765625,-1.0009765625
0.971,3.9638671875,-5.8056640625,-0.2802734375
0.9715,2.6025390625,-5.765625,1.0009765625
0.972,1.12109375,-6.0458984375,2.72265625
0.9725,0.0400390625,-6.5263671875,4.32421875
0.973,-0.6005859375,-7.0869140625,5.4453125
0.9735,-1.2412109375,-6.88671875,5.9658203125
0.974,-2.2822265625,-5.8056640625,6.0859375
0.9745,-3.7236328125,-4.404296875,6.326171875
0.975,-5.125,-2.9228515625,6.6064453125
0.9755,-6.0859375,-2.001953125,6.966796875
0.976,-6.2861328125,-1.44140625,6.9267578125
0.9765,-5.8857421875,-0.8408203125,6.166015625
0.977,-5.4052734375,0.2802734375,4.96484375
0.9775,-5.1650390625,1.76171875,3.4833984375
0.978,-5.205078125,3.3232421875,2.2421875
0.9785,-5.3251953125,4.4443359375,1.4814453125
0.979,-4.96484375,4.8046875,0.9208984375
0.9795,-4.00390625,4.8447265625,0.0400390625
0.98,-2.642578125,4.9248046875,-1.4013671875
0.9805,-1.28125,5.2451171875,-3.0830078125
0.981,-0.5205078125,5.8857421875,-4.5244140625
0.9815,0.1201171875,6.2861328125,-5.4853515625
0.982,0.80078125,5.92578125,-5.845703125
0.9825,1.921875,4.8046875,-5.9658203125
0.983,3.4033203125,3.4033203125,-6.2861328125
0.9835,4.724609375,2.08203125,-6.646484375
0.984,5.4853515625,1.361328125,-6.966796875
0.9845,5.4853515625,0.8408203125,-6.806640625
0.985,5.125,0.1201171875,-6.005859375
0.9855,4.724609375,-1.0810546875,-4.8046875
0.986,4.64453125,-2.5625,-3.4033203125
0.9865,4.8447265625,-4.00390625,-2.3623046875
0.987,4.9248046875,-4.9248046875,-1.76171875
0.9875,4.4443359375,-5.2451171875,-1.1611328125
0.988,3.36328125,-5.28515625,0.0
0.9885,2.08203125,-5.4853515625,1.4013671875
0.989,0.9609375,-6.005859375,3.0029296875
0.9895,0.2802734375,-6.6865234375,4.32421875
0.99,-0.3603515625,-6.9267578125,5.125
0.9905,-1.2412109375,-6.2861328125,5.4453125
0.991,-2.4423828125,-5.125,5.7255859375
0.9915,-3.923828125,-3.8037109375,6.0859375
0.992,-5.1650390625,-2.72265625,6.5263671875
0.9925,-5.7255859375,-2.2021484375,6.806640625
0.993,-5.6455078125,-1.6015625,6.4462890625
0.9935,-5.28515625,-0.80078125,5.4853515625
0.994,-5.044921875,0.6005859375,4.32421875
0.9945,-5.0849609375,2.162109375,3.04296875
0.995,-5.28515625,3.4833984375,2.2021484375
0.9955,-5.205078125,4.1640625,1.5615234375
0.996,-4.564453125,4.404296875,0.9208984375
0.9965,-3.4033203125,4.484375,-0.3603515625
0.997,-2.2021484375,4.8447265625,-1.8818359375
0.9975,-1.2412109375,5.4453125,-3.443359375
0.998,-0.640625,6.0859375,-4.64453125
0.9985,0.0400390625,6.0458984375,-5.2451171875
0.999,1.041015625,5.2451171875,-5.4453125
0.9995,2.3623046875,4.083984375,-5.765625
