wavelength,x,y,z
0.0,-2.6025390625,-1.76171875,3.7236328125
0.0005,-2.40234375,-2.2822265625,3.9638671875
0.001,-1.6015625,-2.72265625,3.5634765625
0.0015,-1.0009765625,-3.203125,3.5234375
0.002,-0.080078125,-3.5234375,2.9228515625
0.0025,0.640625,-3.9638671875,2.6826171875
0.003,1.5615234375,-4.244140625,2.0419921875
0.0035,1.921875,-4.1640625,1.6416015625
0.004,2.482421875,-4.0439453125,1.0009765625
0.0045,2.6025390625,-3.6435546875,0.4404296875
0.005,3.0830078125,-3.4033203125,-0.2802734375
0.0055,3.2431640625,-2.8828125,-0.9609375
0.006,3.6435546875,-2.6826171875,-1.521484375
0.0065,3.3232421875,-1.9619140625,-1.921875
0.007,3.3232421875,-1.361328125,-2.482421875
0.0075,2.6025390625,-0.3203125,-2.7626953125
0.008,2.5224609375,0.2001953125,-3.2431640625
0.0085,2.0419921875,1.0810546875,-3.6435546875
0.009,1.921875,1.4013671875,-3.8037109375
0.0095,1.12109375,2.0419921875,-3.5634765625
0.01,0.5205078125,2.482421875,-3.36328125
0.0105,-0.3603515625,2.962890625,-3.0029296875
0.011,-1.1611328125,3.3232421875,-2.6025390625
0.0115,-1.8818359375,3.7236328125,-2.2421875
0.012,-2.2421875,3.5234375,-1.76171875
0.0125,-2.8427734375,3.6435546875,-1.2412109375
0.013,-3.1630859375,3.0830078125,-0.400390625
0.0135,-3.6435546875,3.0029296875,0.2001953125
0.014,-3.923828125,2.40234375,1.041015625
0.0145,-4.1640625,2.2021484375,1.521484375
0.015,-3.8837890625,1.28125,2.162109375
0.0155,-3.8037109375,0.6005859375,2.6826171875
0.016,-3.2431640625,-0.48046875,3.1630859375
0.0165,-2.962890625,-1.2412109375,3.5234375
0.017,-2.482421875,-2.0419921875,3.84375
0.0175,-1.9619140625,-2.2822265625,3.68359375
0.018,-1.28125,-2.962890625,3.603515625
0.0185,-0.5205078125,-3.283203125,3.123046875
0.019,0.3203125,-3.763671875,2.8427734375
0.0195,1.201171875,-4.0439453125,2.2421875
0.02,1.841796875,-4.2841796875,1.841796875
0.0205,2.162109375,-3.8837890625,1.12109375
0.021,2.642578125,-3.923828125,0.6806640625
0.0215,2.8427734375,-3.3232421875,-0.1201171875
0.022,3.2431640625,-3.1630859375,-0.6806640625
0.0225,3.5234375,-2.6025390625,-1.4814453125
0.023,3.4833984375,-2.2021484375,-1.841796875
0.0235,3.2431640625,-1.3212890625,-2.482421875
0.024,2.8828125,-0.5205078125,-2.72265625
0.0245,2.482421875,0.240234375,-3.203125
0.025,2.1220703125,0.9609375,-3.5634765625
0.0255,1.8017578125,1.681640625,-3.84375
0.026,1.12109375,1.9619140625,-3.5234375
0.0265,0.560546875,2.6025390625,-3.5634765625
0.027,-0.3603515625,2.8427734375,-2.8828125
0.0275,-1.0810546875,3.36328125,-2.6826171875
0.028,-2.0419921875,3.68359375,-2.0419921875
0.0285,-2.5224609375,3.763671875,-1.681640625
0.029,-2.9228515625,3.443359375,-0.9609375
0.0295,-3.36328125,3.3232421875,-0.4404296875
0.03,-3.6435546875,2.802734375,0.400390625
0.0305,-3.9638671875,2.482421875,1.041015625
0.031,-4.3642578125,1.921875,1.921875
0.0315,-4.00390625,1.2412109375,2.2421875
0.032,-3.84375,0.400390625,2.8828125
0.0325,-3.2431640625,-0.640625,3.2431640625
0.033,-2.8828125,-1.4013671875,3.5634765625
0.0335,-2.40234375,-2.2421875,3.9638671875
0.034,-1.8818359375,-2.8828125,4.083984375
0.0345,-1.041015625,-3.203125,3.5634765625
0.035,-0.4404296875,-3.8037109375,3.5234375
0.0355,0.6806640625,-4.00390625,2.6826171875
0.036,1.4013671875,-4.4443359375,2.3623046875
0.0365,2.40234375,-4.64453125,1.5615234375
0.037,2.7626953125,-4.3642578125,0.9609375
0.0375,3.1630859375,-4.00390625,0.2802734375
0.038,3.443359375,-3.603515625,-0.400390625
0.0385,3.6435546875,-3.04296875,-1.201171875
0.039,3.84375,-2.5224609375,-1.8818359375
0.0395,4.083984375,-1.921875,-2.6826171875
0.04,3.4033203125,-1.041015625,-3.04296875
0.0405,3.283203125,-0.3203125,-3.5634765625
0.041,2.40234375,0.6005859375,-3.7236328125
0.0415,2.1220703125,1.4814453125,-4.00390625
0.042,1.44140625,2.322265625,-4.1640625
0.0425,0.80078125,2.8427734375,-4.00390625
0.043,0.0,3.1630859375,-3.5234375
0.0435,-0.6806640625,3.5634765625,-3.283203125
0.044,-1.8017578125,3.8037109375,-2.40234375
0.0445,-2.40234375,4.0439453125,-2.0419921875
0.045,-3.36328125,4.2041015625,-1.28125
0.0455,-3.5634765625,3.68359375,-0.560546875
0.046,-4.00390625,3.5234375,0.0400390625
0.0465,-4.2041015625,2.8427734375,0.880859375
0.047,-4.484375,2.40234375,1.6015625
0.0475,-4.564453125,1.76171875,2.322265625
0.048,-4.724609375,1.041015625,3.0830078125
0.0485,-3.84375,0.0,3.3232421875
0.049,-3.84375,-0.7607421875,3.9638671875
0.0495,-2.72265625,-1.9619140625,4.083984375
0.05,-2.4423828125,-2.5625,4.404296875
0.0505,-1.6015625,-3.4833984375,4.4443359375
0.051,-0.80078125,-3.8837890625,4.00390625
0.0515,0.0,-4.244140625,3.5634765625
0.052,0.9609375,-4.6845703125,3.123046875
0.0525,2.1220703125,-4.884765625,2.1220703125
0.053,2.6826171875,-5.0048828125,1.681640625
0.0535,3.5634765625,-5.044921875,0.8408203125
0.054,3.7236328125,-4.2841796875,0.0
0.0545,4.1240234375,-4.0439453125,-0.640625
0.055,4.2841796875,-3.123046875,-1.7216796875
0.0555,4.404296875,-2.5625,-2.40234375
0.056,4.404296875,-1.8017578125,-3.123046875
0.0565,4.244140625,-1.041015625,-3.7236328125
0.057,3.36328125,0.1201171875,-3.9638671875
0.0575,3.04296875,0.9208984375,-4.3642578125
0.058,1.8818359375,2.2421875,-4.5244140625
0.0585,1.5615234375,2.6826171875,-4.64453125
0.059,0.640625,3.5234375,-4.5244140625
0.0595,-0.3203125,3.84375,-3.9638671875
0.06,-1.041015625,4.1240234375,-3.4033203125
0.0605,-2.2021484375,4.484375,-2.72265625
0.061,-3.203125,4.6044921875,-1.8017578125
0.0615,-3.7236328125,4.484375,-1.2412109375
0.062,-4.4443359375,4.484375,-0.4404296875
0.0625,-4.5244140625,3.5634765625,0.5205078125
0.063,-4.884765625,3.36328125,1.0810546875
0.0635,-5.0048828125,2.2421875,2.2822265625
0.064,-5.0849609375,1.76171875,2.802734375
0.0645,-4.884765625,0.80078125,3.4833984375
0.065,-4.6044921875,-0.080078125,4.0439453125
0.0655,-3.68359375,-1.2412109375,4.2841796875
0.066,-3.283203125,-2.0419921875,4.724609375
0.0665,-2.08203125,-3.36328125,4.8046875
0.067,-1.7216796875,-3.7236328125,4.7646484375
0.0675,-0.6806640625,-4.5244140625,4.5244140625
0.068,0.2802734375,-4.8447265625,3.84375
0.0685,1.0810546875,-5.125,3.3232421875
0.069,2.322265625,-5.4052734375,2.40234375
0.0695,3.3232421875,-5.4853515625,1.5615234375
0.07,3.763671875,-5.1650390625,0.80078125
0.0705,4.4443359375,-5.0048828125,0.0
0.071,4.4443359375,-4.0439453125,-1.0009765625
0.0715,4.7646484375,-3.7236328125,-1.6015625
0.072,4.8447265625,-2.5625,-2.9228515625
0.0725,4.8046875,-2.08203125,-3.36328125
0.073,4.484375,-1.0009765625,-4.0439453125
0.0735,4.00390625,0.0,-4.5244140625
0.074,3.04296875,1.1611328125,-4.564453125
0.0745,2.5625,2.001953125,-4.9248046875
0.075,1.4013671875,3.283203125,-5.044921875
0.0755,0.9208984375,3.5634765625,-4.8046875
0.076,-0.16015625,4.32421875,-4.5244140625
0.0765,-1.1611328125,4.484375,-3.7236328125
0.077,-1.9619140625,4.7646484375,-3.1630859375
0.0775,-3.2431640625,5.0048828125,-2.1220703125
0.078,-4.1240234375,5.0849609375,-1.3212890625
0.0785,-4.484375,4.5244140625,-0.5205078125
0.079,-5.0849609375,4.32421875,0.3203125
0.0795,-5.0849609375,3.3232421875,1.28125
0.08,-5.3251953125,2.9228515625,1.921875
0.0805,-5.4453125,1.7216796875,3.203125
0.081,-5.28515625,1.12109375,3.5234375
0.0815,-4.8447265625,0.080078125,4.2041015625
0.082,-4.244140625,-0.9609375,4.6044921875
0.0825,-3.3232421875,-2.08203125,4.724609375
0.083,-2.72265625,-2.962890625,5.0048828125
0.0835,-1.681640625,-4.1640625,5.125
0.084,-1.0009765625,-4.3642578125,4.6044921875
0.0845,0.0,-5.0849609375,4.32421875
0.085,1.0009765625,-5.125,3.443359375
0.0855,1.8017578125,-5.4453125,2.9228515625
0.086,3.123046875,-5.5654296875,1.8017578125
0.0865,3.84375,-5.525390625,1.0810546875
0.087,4.1240234375,-4.884765625,0.1201171875
0.0875,4.64453125,-4.64453125,-0.640625
0.088,4.6044921875,-3.68359375,-1.5615234375
0.0885,4.8046875,-3.203125,-2.2021484375
0.089,4.96484375,-2.2021484375,-3.36328125
0.0895,4.6044921875,-1.521484375,-3.6435546875
0.09,4.1640625,-0.3603515625,-4.2841796875
0.0905,3.4833984375,0.6005859375,-4.5244140625
0.091,2.72265625,1.5615234375,-4.6845703125
0.0915,2.001953125,2.5224609375,-4.884765625
0.092,1.2412109375,3.5234375,-5.0849609375
0.0925,0.400390625,3.68359375,-4.4443359375
0.093,-0.48046875,4.404296875,-4.244140625
0.0935,-1.521484375,4.4443359375,-3.283203125
0.094,-2.2822265625,4.8046875,-2.8427734375
0.0945,-3.5634765625,4.96484375,-1.76171875
0.095,-4.1640625,4.8447265625,-1.0810546875
0.0955,-4.5244140625,4.2041015625,-0.1201171875
0.096,-4.96484375,3.8837890625,0.6005859375
0.0965,-5.0048828125,3.0029296875,1.4814453125
0.097,-5.125,2.40234375,2.162109375
0.0975,-5.4052734375,1.5615234375,3.3232421875
0.098,-4.8447265625,0.7607421875,3.5634765625
0.0985,-4.5244140625,-0.3203125,4.2841796875
0.099,-3.68359375,-1.361328125,4.484375
0.0995,-3.0830078125,-2.2822265625,4.6845703125
0.1,-2.2421875,-3.203125,4.8046875
0.1005,-1.521484375,-4.083984375,4.8447265625
0.101,-0.560546875,-4.244140625,4.083984375
0.1015,0.2001953125,-4.884765625,3.9638671875
0.102,1.28125,-4.8447265625,2.9228515625
0.1025,2.001953125,-5.1650390625,2.5224609375
0.103,3.203125,-5.3251953125,1.44140625
0.1035,3.5634765625,-5.0048828125,0.80078125
0.104,3.9638671875,-4.5244140625,-0.1201171875
0.1045,4.1640625,-4.083984375,-0.720703125
0.105,4.2841796875,-3.36328125,-1.6015625
0.1055,4.3642578125,-2.72265625,-2.2421875
0.106,4.6044921875,-2.001953125,-3.1630859375
0.1065,3.9638671875,-1.1611328125,-3.283203125
0.107,3.763671875,-0.2802734375,-4.00390625
0.1075,2.802734375,0.7607421875,-4.00390625
0.108,2.5224609375,1.521484375,-4.404296875
0.1085,1.681640625,2.4423828125,-4.5244140625
0.109,1.201171875,3.0029296875,-4.5244140625
0.1095,0.2001953125,3.3232421875,-3.8837890625
0.11,-0.48046875,3.84375,-3.763671875
0.1105,-1.4814453125,4.00390625,-2.8828125
0.111,-2.2021484375,4.3642578125,-2.5224609375
0.1115,-3.3232421875,4.5244140625,-1.6416015625
0.112,-3.5634765625,4.1240234375,-1.041015625
0.1125,-4.1640625,3.84375,-0.2802734375
0.113,-4.32421875,3.283203125,0.48046875
0.1135,-4.6044921875,2.8427734375,1.28125
0.114,-4.724609375,2.2021484375,2.0419921875
0.1145,-4.96484375,1.6015625,2.8427734375
0.115,-4.2041015625,0.6005859375,3.123046875
0.1155,-4.1640625,-0.240234375,3.84375
0.116,-3.1630859375,-1.361328125,3.8837890625
0.1165,-2.8828125,-2.001953125,4.32421875
0.117,-2.08203125,-2.962890625,4.404296875
0.1175,-1.4814453125,-3.4033203125,4.2041015625
0.118,-0.6005859375,-3.84375,3.7236328125
0.1185,0.16015625,-4.2041015625,3.4033203125
0.119,1.12109375,-4.404296875,2.642578125
0.1195,1.841796875,-4.6845703125,2.2021484375
0.12,2.72265625,-4.8447265625,1.4013671875
0.1205,2.9228515625,-4.2841796875,0.6806640625
0.121,3.443359375,-4.244140625,0.1201171875
0.1215,3.4833984375,-3.443359375,-0.640625
0.122,3.8037109375,-3.123046875,-1.28125
0.1225,3.8837890625,-2.4423828125,-2.001953125
0.123,3.9638671875,-2.001953125,-2.5224609375
0.1235,3.3232421875,-1.0009765625,-2.8828125
0.124,3.203125,-0.3603515625,-3.36328125
0.1245,2.4423828125,0.640625,-3.5234375
0.125,2.2822265625,1.201171875,-3.923828125
0.1255,1.6416015625,2.0419921875,-4.1240234375
0.126,1.12109375,2.2421875,-3.8037109375
0.1265,0.3603515625,2.8828125,-3.603515625
0.127,-0.4404296875,3.1630859375,-3.0830078125
0.1275,-1.2412109375,3.5634765625,-2.72265625
0.128,-1.9619140625,3.8037109375,-2.2421875
0.1285,-2.6025390625,3.9638671875,-1.8017578125
0.129,-2.8828125,3.443359375,-1.12109375
0.1295,-3.443359375,3.5634765625,-0.6005859375
0.13,-3.68359375,2.8828125,0.3203125
0.1305,-4.083984375,2.7626953125,0.880859375
0.131,-4.32421875,2.08203125,1.76171875
0.1315,-4.244140625,1.6416015625,2.0419921875
0.132,-3.8837890625,0.6005859375,2.72265625
0.1325,-3.5634765625,-0.2001953125,3.1630859375
0.133,-3.04296875,-1.12109375,3.5634765625
0.1335,-2.7626953125,-1.76171875,3.923828125
0.134,-2.2021484375,-2.5625,4.083984375
0.1345,-1.44140625,-2.802734375,3.603515625
0.135,-0.80078125,-3.4833984375,3.6435546875
0.1355,0.16015625,-3.7236328125,2.8828125
0.136,0.9208984375,-4.2041015625,2.6025390625
0.1365,1.7216796875,-4.404296875,1.921875
0.137,2.2021484375,-4.404296875,1.521484375
0.1375,2.5625,-3.8837890625,0.720703125
0.138,2.9228515625,-3.8037109375,0.2802734375
0.1385,3.1630859375,-3.203125,-0.6005859375
0.139,3.4833984375,-2.962890625,-1.0810546875
0.1395,3.68359375,-2.3623046875,-1.8818359375
0.14,3.3232421875,-1.7216796875,-2.162109375
0.1405,3.1630859375,-0.9208984375,-2.7626953125
0.141,2.642578125,-0.080078125,-3.04296875
0.1415,2.40234375,0.640625,-3.4833984375
0.142,2.001953125,1.28125,-3.7236328125
0.1425,1.5615234375,1.841796875,-3.8037109375
0.143,0.80078125,2.162109375,-3.36328125
0.1435,0.2802734375,2.72265625,-3.36328125
0.144,-0.720703125,2.9228515625,-2.6826171875
0.1445,-1.28125,3.4033203125,-2.6025390625
0.145,-2.08203125,3.5634765625,-1.9619140625
0.1455,-2.3623046875,3.4833984375,-1.5615234375
0.146,-2.9228515625,3.3232421875,-0.880859375
0.1465,-3.203125,3.04296875,-0.3203125
0.147,-3.603515625,2.6826171875,0.48046875
0.1475,-3.84375,2.3623046875,1.041015625
0.148,-4.1640625,1.921875,1.7216796875
0.1485,-3.68359375,1.0810546875,2.08203125
0.149,-3.763671875,0.400390625,2.8427734375
0.1495,-3.0830078125,-0.640625,3.0830078125
0.15,-3.04296875,-1.2412109375,3.6435546875
0.1505,-2.40234375,-2.001953125,3.84375
0.151,-1.9619140625,-2.4423828125,3.763671875
0.1515,-1.1611328125,-2.962890625,3.443359375
0.152,-0.48046875,-3.5234375,3.2431640625
0.1525,0.5205078125,-3.8037109375,2.6025390625
0.153,1.201171875,-4.244140625,2.3623046875
0.1535,1.921875,-4.32421875,1.76171875
0.154,2.2021484375,-3.923828125,1.12109375
0.1545,2.72265625,-3.8837890625,0.560546875
0.155,2.9228515625,-3.36328125,-0.2001953125
0.1555,3.3232421875,-3.0830078125,-0.80078125
0.156,3.5234375,-2.5625,-1.4814453125
0.1565,3.5634765625,-2.08203125,-2.0419921875
0.157,3.04296875,-1.12109375,-2.4423828125
0.1575,3.0029296875,-0.5205078125,-2.962890625
0.158,2.2822265625,0.48046875,-3.203125
0.1585,2.2421875,1.0009765625,-3.68359375
0.159,1.6416015625,1.76171875,-3.8037109375
0.1595,1.0009765625,2.08203125,-3.5234375
0.16,0.3203125,2.5224609375,-3.3232421875
0.1605,-0.5205078125,2.9228515625,-2.8828125
0.161,-1.3212890625,3.3232421875,-2.4423828125
0.1615,-1.9619140625,3.5634765625,-2.001953125
0.162,-2.5625,3.68359375,-1.5615234375
0.1625,-2.8427734375,3.203125,-0.8408203125
0.163,-3.283203125,3.2431640625,-0.400390625
0.1635,-3.5634765625,2.5625,0.5205078125
0.164,-3.923828125,2.482421875,1.041015625
0.1645,-4.083984375,1.76171875,1.8017578125
0.165,-3.923828125,1.201171875,2.2421875
0.1655,-3.5234375,0.240234375,2.7626953125
0.166,-3.2431640625,-0.5205078125,3.2431640625
0.1665,-2.642578125,-1.4814453125,3.5634765625
0.167,-2.4423828125,-2.0419921875,3.84375
0.1675,-1.8017578125,-2.7626953125,3.8837890625
0.168,-1.0009765625,-3.123046875,3.443359375
0.1685,-0.400390625,-3.7236328125,3.3232421875
0.169,0.720703125,-4.00390625,2.5625
0.1695,1.44140625,-4.3642578125,2.2421875
0.17,2.162109375,-4.3642578125,1.6015625
0.1705,2.6826171875,-4.32421875,1.0810546875
0.171,2.9228515625,-3.8037109375,0.2802734375
0.1715,3.36328125,-3.68359375,-0.2802734375
0.172,3.5234375,-2.8427734375,-1.28125
0.1725,3.8037109375,-2.6025390625,-1.76171875
0.173,3.84375,-1.841796875,-2.5625
0.1735,3.4033203125,-1.0009765625,-2.9228515625
0.174,3.0029296875,-0.1201171875,-3.36328125
0.1745,2.482421875,0.7607421875,-3.68359375
0.175,1.8818359375,1.681640625,-3.9638671875
0.1755,1.521484375,2.1220703125,-4.0439453125
0.176,0.7607421875,2.7626953125,-4.00390625
0.1765,-0.080078125,3.0029296875,-3.36328125
0.177,-0.720703125,3.4833984375,-3.203125
0.1775,-2.001953125,3.8037109375,-2.2021484375
0.178,-2.5625,3.9638671875,-1.841796875
0.1785,-3.203125,3.8837890625,-1.12109375
0.179,-3.603515625,3.68359375,-0.5205078125
0.1795,-3.8037109375,3.123046875,0.240234375
0.18,-4.1640625,2.802734375,0.9208984375
0.1805,-4.3642578125,2.001953125,1.8818359375
0.181,-4.3642578125,1.5615234375,2.2822265625
0.1815,-4.3642578125,0.8408203125,3.0029296875
0.182,-3.68359375,-0.2001953125,3.283203125
0.1825,-3.36328125,-1.0009765625,3.763671875
0.183,-2.5625,-2.0419921875,3.9638671875
0.1835,-2.1220703125,-2.802734375,4.244140625
0.184,-1.44140625,-3.283203125,4.0439453125
0.1845,-0.720703125,-3.8837890625,3.923828125
0.185,0.16015625,-4.083984375,3.1630859375
0.1855,0.9609375,-4.564453125,2.962890625
0.186,2.2421875,-4.7646484375,1.921875
0.1865,2.6826171875,-4.8447265625,1.4814453125
0.187,3.3232421875,-4.6044921875,0.640625
0.1875,3.68359375,-4.2041015625,0.0
0.188,3.84375,-3.6435546875,-0.80078125
0.1885,4.1240234375,-3.0830078125,-1.6015625
0.189,4.32421875,-2.322265625,-2.5625
0.1895,4.083984375,-1.7216796875,-2.8828125
0.19,4.00390625,-0.8408203125,-3.68359375
0.1905,3.123046875,0.2802734375,-3.84375
0.191,2.802734375,1.041015625,-4.2041015625
0.1915,1.841796875,2.2021484375,-4.4443359375
0.192,1.3212890625,2.8427734375,-4.64453125
0.1925,0.48046875,3.2431640625,-4.1640625
0.193,-0.3203125,3.84375,-4.00390625
0.1935,-1.2412109375,3.9638671875,-3.0830078125
0.194,-2.08203125,4.404296875,-2.72265625
0.1945,-3.4033203125,4.6044921875,-1.6015625
0.195,-3.8037109375,4.404296875,-1.0009765625
0.1955,-4.3642578125,4.083984375,-0.16015625
0.196,-4.564453125,3.5234375,0.6005859375
0.1965,-4.724609375,2.962890625,1.28125
0.197,-4.884765625,2.162109375,2.2421875
0.1975,-5.125,1.44140625,3.1630859375
0.198,-4.5244140625,0.560546875,3.443359375
0.1985,-4.404296875,-0.3203125,4.1640625
0.199,-3.4033203125,-1.44140625,4.2041015625
0.1995,-3.0029296875,-2.2021484375,4.564453125
0.2,-1.9619140625,-3.5234375,4.724609375
0.2005,-1.3212890625,-4.083984375,4.64453125
0.201,-0.3603515625,-4.4443359375,4.0439453125
0.2015,0.3603515625,-4.884765625,3.84375
0.202,1.4013671875,-4.9248046875,2.8427734375
0.2025,2.2822265625,-5.2451171875,2.2822265625
0.203,3.5634765625,-5.4453125,1.28125
0.2035,3.84375,-4.96484375,0.5205078125
0.204,4.32421875,-4.64453125,-0.3203125
0.2045,4.484375,-3.923828125,-1.12109375
0.205,4.6044921875,-3.36328125,-1.841796875
0.2055,4.724609375,-2.4423828125,-2.8427734375
0.206,4.884765625,-1.7216796875,-3.7236328125
0.2065,4.083984375,-0.6806640625,-3.923828125
0.207,3.8837890625,0.240234375,-4.564453125
0.2075,2.7626953125,1.3212890625,-4.5244140625
0.208,2.40234375,2.0419921875,-4.884765625
0.2085,1.3212890625,3.2431640625,-5.0849609375
0.209,0.6005859375,3.763671875,-4.8046875
0.2095,-0.48046875,4.2041015625,-4.1240234375
0.21,-1.201171875,4.6044921875,-3.763671875
0.2105,-2.322265625,4.6845703125,-2.72265625
0.211,-3.203125,4.9248046875,-2.1220703125
0.2115,-4.404296875,5.0849609375,-1.12109375
0.212,-4.6044921875,4.404296875,-0.2001953125
0.2125,-5.125,4.1240234375,0.560546875
0.213,-5.1650390625,3.2431640625,1.44140625
0.2135,-5.28515625,2.6025390625,2.2421875
0.214,-5.365234375,1.681640625,3.1630859375
0.2145,-5.4052734375,0.9208984375,4.00390625
0.215,-4.484375,-0.3603515625,4.2041015625
0.2155,-4.2841796875,-1.1611328125,4.8046875
0.216,-3.04296875,-2.4423828125,4.7646484375
0.2165,-2.5625,-3.1630859375,4.96484375
0.217,-1.4814453125,-4.3642578125,5.0849609375
0.2175,-0.6005859375,-4.6845703125,4.564453125
0.218,0.3203125,-5.0048828125,4.00390625
0.2185,1.2412109375,-5.365234375,3.443359375
0.219,2.40234375,-5.4453125,2.40234375
0.2195,3.1630859375,-5.525390625,1.76171875
0.22,4.2841796875,-5.6455078125,0.7607421875
0.2205,4.32421875,-4.724609375,-0.2001953125
0.221,4.7646484375,-4.5244140625,-0.8408203125
0.2215,4.7646484375,-3.4833984375,-1.8818359375
0.222,4.8447265625,-2.8828125,-2.5625
0.2225,4.9248046875,-1.9619140625,-3.4833984375
0.223,4.7646484375,-1.12109375,-4.1240234375
0.2235,3.8037109375,0.1201171875,-4.3642578125
0.224,3.4833984375,0.880859375,-4.8046875
0.2245,2.2822265625,2.0419921875,-4.8046875
0.225,1.921875,2.642578125,-4.96484375
0.2255,0.9208984375,3.763671875,-5.0048828125
0.226,0.0,4.0439453125,-4.32421875
0.2265,-0.880859375,4.484375,-3.923828125
0.227,-1.921875,4.724609375,-3.1630859375
0.2275,-2.9228515625,4.8046875,-2.2822265625
0.228,-3.603515625,4.8447265625,-1.6416015625
0.2285,-4.5244140625,4.9248046875,-0.80078125
0.229,-4.64453125,3.9638671875,0.240234375
0.2295,-5.0849609375,3.84375,0.80078125
0.23,-5.125,2.7626953125,1.921875
0.2305,-5.28515625,2.2822265625,2.5224609375
0.231,-5.28515625,1.3212890625,3.4833984375
0.2315,-5.0048828125,0.48046875,3.9638671875
0.232,-4.1640625,-0.7607421875,4.2841796875
0.2325,-3.7236328125,-1.6416015625,4.6845703125
0.233,-2.6025390625,-2.8828125,4.7646484375
0.2335,-2.2421875,-3.36328125,4.9248046875
0.234,-1.2412109375,-4.3642578125,4.8447265625
0.2345,-0.2001953125,-4.564453125,4.083984375
0.235,0.560546875,-5.0048828125,3.8037109375
0.2355,1.76171875,-5.28515625,2.802734375
0.236,2.642578125,-5.4052734375,2.0419921875
0.2365,3.3232421875,-5.28515625,1.3212890625
0.237,4.0439453125,-5.205078125,0.5205078125
0.2375,4.1240234375,-4.2841796875,-0.48046875
0.238,4.484375,-4.1240234375,-1.0009765625
0.2385,4.5244140625,-2.9228515625,-2.2021484375
0.239,4.6044921875,-2.5625,-2.6025390625
0.2395,4.6044921875,-1.6015625,-3.5234375
0.24,4.083984375,-0.720703125,-3.8837890625
0.2405,3.36328125,0.2802734375,-4.2041015625
0.241,2.8427734375,1.12109375,-4.484375
0.2415,1.921875,2.2421875,-4.564453125
0.242,1.5615234375,2.72265625,-4.64453125
0.2425,0.640625,3.5234375,-4.5244140625
0.243,-0.3203125,3.68359375,-3.7236328125
0.2435,-0.9609375,4.1640625,-3.5634765625
0.244,-2.2021484375,4.32421875,-2.482421875
0.2445,-2.7626953125,4.5244140625,-2.1220703125
0.245,-3.5634765625,4.4443359375,-1.28125
0.2455,-4.00390625,4.2041015625,-0.640625
0.246,-4.2041015625,3.5634765625,0.240234375
0.2465,-4.564453125,3.3232421875,0.80078125
0.247,-4.724609375,2.3623046875,1.8818359375
0.2475,-4.8447265625,2.0419921875,2.2822265625
0.248,-4.884765625,1.1611328125,3.1630859375
0.2485,-4.2041015625,0.16015625,3.443359375
0.249,-3.8837890625,-0.7607421875,3.9638671875
0.2495,-3.0830078125,-1.7216796875,4.2041015625
0.25,-2.5625,-2.5625,4.484375
0.2505,-1.9619140625,-3.1630859375,4.4443359375
0.251,-1.201171875,-3.8037109375,4.32421875
0.2515,-0.2001953125,-4.0439453125,3.5634765625
0.252,0.48046875,-4.564453125,3.443359375
0.2525,1.76171875,-4.7646484375,2.2822265625
0.253,2.2421875,-4.96484375,2.0419921875
0.2535,3.04296875,-4.8447265625,1.201171875
0.254,3.36328125,-4.484375,0.48046875
0.2545,3.6435546875,-3.923828125,-0.3203125
0.255,3.8837890625,-3.5234375,-1.0009765625
0.2555,4.083984375,-2.7626953125,-1.8818359375
0.256,4.083984375,-2.40234375,-2.322265625
0.2565,4.083984375,-1.6015625,-3.0830078125
0.257,3.3232421875,-0.6005859375,-3.2431640625
0.2575,3.123046875,0.240234375,-3.8037109375
0.258,2.2421875,1.2412109375,-3.8837890625
0.2585,2.0419921875,1.841796875,-4.2041015625
0.259,1.3212890625,2.40234375,-4.083984375
0.2595,0.640625,2.8828125,-3.8837890625
0.26,-0.2001953125,3.123046875,-3.283203125
0.2605,-0.9208984375,3.603515625,-3.0830078125
0.261,-1.9619140625,3.8037109375,-2.2421875
0.2615,-2.3623046875,3.9638671875,-2.001953125
0.262,-3.0830078125,3.9638671875,-1.28125
0.2625,-3.2431640625,3.4833984375,-0.640625
0.263,-3.7236328125,3.3232421875,0.0
0.2635,-3.8837890625,2.6826171875,0.7607421875
0.264,-4.244140625,2.40234375,1.361328125
0.2645,-4.2041015625,1.76171875,1.921875
0.265,-4.244140625,1.1611328125,2.5224609375
0.2655,-3.5634765625,0.16015625,2.8427734375
0.266,-3.5634765625,-0.5205078125,3.5234375
0.2665,-2.72265625,-1.5615234375,3.68359375
0.267,-2.6826171875,-2.001953125,4.083984375
0.2675,-1.8818359375,-2.72265625,3.923828125
0.268,-1.2412109375,-3.0830078125,3.68359375
0.2685,-0.4404296875,-3.5634765625,3.3232421875
0.269,0.4404296875,-4.00390625,2.8828125
0.2695,1.28125,-4.32421875,2.40234375
0.27,1.841796875,-4.404296875,1.921875
0.2705,2.4423828125,-4.404296875,1.3212890625
0.271,2.6826171875,-3.8837890625,0.6005859375
0.2715,3.203125,-3.84375,0.0400390625
0.272,3.36328125,-3.123046875,-0.880859375
0.2725,3.8037109375,-3.0029296875,-1.4013671875
0.273,3.6435546875,-2.2421875,-2.08203125
0.2735,3.5634765625,-1.5615234375,-2.5224609375
0.274,2.9228515625,-0.5205078125,-2.8828125
0.2745,2.802734375,0.16015625,-3.4033203125
0.275,2.162109375,1.0810546875,-3.68359375
0.2755,2.0419921875,1.4814453125,-3.8837890625
0.276,1.28125,2.162109375,-3.8037109375
0.2765,0.560546875,2.482421875,-3.4033203125
0.277,-0.16015625,2.962890625,-3.203125
0.2775,-1.1611328125,3.283203125,-2.5625
0.278,-1.76171875,3.68359375,-2.2822265625
0.2785,-2.2822265625,3.5634765625,-1.7216796875
0.279,-2.72265625,3.5634765625,-1.28125
0.2795,-3.0029296875,3.0830078125,-0.5205078125
0.28,-3.4833984375,3.0029296875,0.0
0.2805,-3.7236328125,2.322265625,0.80078125
0.281,-4.00390625,2.2021484375,1.2412109375
0.2815,-3.9638671875,1.521484375,1.921875
0.282,-3.68359375,0.8408203125,2.322265625
0.2825,-3.36328125,-0.080078125,2.8828125
0.283,-2.962890625,-0.880859375,3.2431640625
0.2835,-2.72265625,-1.6015625,3.6435546875
0.284,-2.2822265625,-2.001953125,3.68359375
0.2845,-1.681640625,-2.642578125,3.68359375
0.285,-0.9208984375,-2.962890625,3.203125
0.2855,-0.240234375,-3.603515625,3.1630859375
0.286,0.80078125,-3.84375,2.40234375
0.2865,1.28125,-4.2041015625,2.2822265625
0.287,1.921875,-4.1240234375,1.5615234375
0.2875,2.2822265625,-4.0439453125,1.12109375
0.288,2.6826171875,-3.7236328125,0.3203125
0.2885,3.04296875,-3.4833984375,-0.2802734375
0.289,3.443359375,-3.04296875,-1.041015625
0.2895,3.5234375,-2.6025390625,-1.4814453125
0.29,3.5634765625,-1.921875,-2.2021484375
0.2905,3.04296875,-1.0009765625,-2.5224609375
0.291,2.8828125,-0.2802734375,-3.123046875
0.2915,2.2822265625,0.640625,-3.36328125
0.292,2.2021484375,1.2412109375,-3.84375
0.2925,1.5615234375,1.7216796875,-3.6435546875
0.293,0.9609375,2.2822265625,-3.603515625
0.2935,0.1201171875,2.6025390625,-3.123046875
0.294,-0.640625,3.1630859375,-2.9228515625
0.2945,-1.6015625,3.443359375,-2.2822265625
0.295,-2.0419921875,3.6435546875,-2.001953125
0.2955,-2.6025390625,3.5234375,-1.3212890625
0.296,-2.9228515625,3.203125,-0.80078125
0.2965,-3.36328125,2.962890625,-0.1201171875
0.297,-3.603515625,2.482421875,0.6005859375
0.2975,-4.00390625,2.2421875,1.28125
0.298,-3.8837890625,1.6015625,1.76171875
0.2985,-3.8837890625,1.0009765625,2.40234375
0.299,-3.2431640625,0.0,2.7626953125
0.2995,-3.203125,-0.6806640625,3.3232421875
0.3,-2.482421875,-1.6416015625,3.5234375
0.3005,-2.322265625,-2.1220703125,3.84375
0.301,-1.5615234375,-2.642578125,3.5634765625
0.3015,-0.9609375,-3.0830078125,3.443359375
0.302,-0.16015625,-3.4833984375,2.962890625
0.3025,0.6806640625,-3.923828125,2.5625
0.303,1.6015625,-4.244140625,2.001953125
0.3035,2.0419921875,-4.2041015625,1.5615234375
0.304,2.5625,-4.2041015625,0.9208984375
0.3045,2.802734375,-3.68359375,0.240234375
0.305,3.2431640625,-3.5634765625,-0.400390625
0.3055,3.4833984375,-2.8427734375,-1.2412109375
0.306,3.8037109375,-2.5625,-1.8017578125
0.3065,3.4833984375,-1.7216796875,-2.2822265625
0.307,3.443359375,-1.041015625,-2.8828125
0.3075,2.6826171875,0.0,-3.1630859375
0.308,2.5625,0.6806640625,-3.68359375
0.3085,1.841796875,1.681640625,-3.923828125
0.309,1.521484375,2.0419921875,-3.9638671875
0.3095,0.6806640625,2.6826171875,-3.7236328125
0.31,0.0,3.04296875,-3.36328125
0.3105,-0.8408203125,3.443359375,-2.9228515625
0.311,-1.841796875,3.763671875,-2.2822265625
0.3115,-2.72265625,4.0439453125,-1.7216796875
0.312,-3.04296875,3.68359375,-1.041015625
0.3125,-3.603515625,3.6435546875,-0.5205078125
0.313,-3.7236328125,2.9228515625,0.2802734375
0.3135,-4.1240234375,2.6826171875,0.9208984375
0.314,-4.3642578125,1.9619140625,1.921875
0.3145,-4.404296875,1.4814453125,2.40234375
0.315,-4.00390625,0.560546875,2.9228515625
0.3155,-3.7236328125,-0.2802734375,3.443359375
0.316,-2.962890625,-1.2412109375,3.603515625
0.3165,-2.6025390625,-1.9619140625,3.9638671875
0.317,-1.921875,-2.962890625,4.2041015625
0.3175,-1.28125,-3.2431640625,3.84375
0.318,-0.6005859375,-3.84375,3.7236328125
0.3185,0.2802734375,-4.00390625,3.0830078125
0.319,1.12109375,-4.3642578125,2.642578125
0.3195,2.162109375,-4.64453125,1.8818359375
0.32,2.8828125,-4.8447265625,1.2412109375
0.3205,3.1630859375,-4.244140625,0.400390625
0.321,3.6435546875,-4.1640625,-0.16015625
0.3215,3.68359375,-3.283203125,-0.9609375
0.322,3.9638671875,-2.962890625,-1.5615234375
0.3225,4.1640625,-2.2021484375,-2.5625
0.323,3.9638671875,-1.5615234375,-2.9228515625
0.3235,3.5634765625,-0.6005859375,-3.5234375
0.324,3.0830078125,0.2802734375,-3.8037109375
0.3245,2.40234375,1.201171875,-4.00390625
0.325,1.921875,2.001953125,-4.2841796875
0.3255,1.2412109375,2.9228515625,-4.5244140625
0.326,0.3603515625,3.1630859375,-3.8837890625
0.3265,-0.2802734375,3.763671875,-3.84375
0.327,-1.3212890625,3.8837890625,-2.9228515625
0.3275,-2.1220703125,4.2041015625,-2.5224609375
0.328,-3.203125,4.404296875,-1.6416015625
0.3285,-3.84375,4.3642578125,-1.0009765625
0.329,-4.1240234375,3.68359375,-0.1201171875
0.3295,-4.5244140625,3.5634765625,0.5205078125
0.33,-4.64453125,2.6826171875,1.4814453125
0.3305,-4.8046875,2.2021484375,2.1220703125
0.331,-5.0849609375,1.3212890625,3.1630859375
0.3315,-4.5244140625,0.48046875,3.5234375
0.332,-4.1240234375,-0.5205078125,4.00390625
0.3325,-3.36328125,-1.5615234375,4.2841796875
0.333,-2.642578125,-2.482421875,4.484375
0.3335,-2.001953125,-3.283203125,4.6044921875
0.334,-1.1611328125,-4.1640625,4.64453125
0.3345,-0.16015625,-4.32421875,3.84375
0.335,0.48046875,-4.8447265625,3.7236328125
0.3355,1.8017578125,-5.0048828125,2.5224609375
0.336,2.5224609375,-5.1650390625,2.001953125
0.3365,3.4833984375,-5.28515625,1.12109375
0.337,3.9638671875,-4.96484375,0.3603515625
0.3375,4.1240234375,-4.244140625,-0.5205078125
0.338,4.4443359375,-3.84375,-1.1611328125
0.3385,4.484375,-2.8427734375,-2.2421875
0.339,4.484375,-2.322265625,-2.72265625
0.3395,4.6845703125,-1.44140625,-3.8037109375
0.34,3.84375,-0.4404296875,-3.923828125
0.3405,3.5234375,0.48046875,-4.4443359375
0.341,2.5625,1.5615234375,-4.564453125
0.3415,1.921875,2.482421875,-4.7646484375
0.342,1.28125,3.1630859375,-4.8046875
0.3425,0.3603515625,3.9638671875,-4.6845703125
0.343,-0.640625,4.083984375,-3.8037109375
0.3435,-1.3212890625,4.6044921875,-3.603515625
0.344,-2.7626953125,4.6845703125,-2.3623046875
0.3445,-3.3232421875,4.7646484375,-1.921875
0.345,-4.2841796875,4.8046875,-1.0009765625
0.3455,-4.64453125,4.32421875,-0.1201171875
0.346,-4.884765625,3.7236328125,0.720703125
0.3465,-5.1650390625,3.1630859375,1.5615234375
0.347,-5.28515625,2.162109375,2.642578125
0.3475,-5.1650390625,1.5615234375,3.0830078125
0.348,-5.28515625,0.6806640625,4.083984375
0.3485,-4.2841796875,-0.5205078125,4.2841796875
0.349,-3.9638671875,-1.4013671875,4.7646484375
0.3495,-2.8427734375,-2.7626953125,4.9248046875
0.35,-2.2021484375,-3.5634765625,5.044921875
0.3505,-1.3212890625,-4.2041015625,4.8447265625
0.351,-0.400390625,-4.884765625,4.6044921875
0.3515,0.640625,-5.0048828125,3.6435546875
0.352,1.44140625,-5.4853515625,3.283203125
0.3525,2.9228515625,-5.60546875,1.921875
0.353,3.36328125,-5.525390625,1.4814453125
0.3535,4.2841796875,-5.4052734375,0.48046875
0.354,4.484375,-4.6845703125,-0.400390625
0.3545,4.64453125,-4.0439453125,-1.201171875
0.355,4.884765625,-3.36328125,-2.1220703125
0.3555,4.96484375,-2.3623046875,-3.1630859375
0.356,4.6845703125,-1.7216796875,-3.5234375
0.3565,4.64453125,-0.80078125,-4.3642578125
0.357,3.5234375,0.48046875,-4.404296875
0.3575,3.203125,1.2412109375,-4.8447265625
0.358,1.9619140625,2.6025390625,-4.9248046875
0.3585,1.4814453125,3.1630859375,-5.0048828125
0.359,0.6005859375,3.8037109375,-4.724609375
0.3595,-0.3603515625,4.404296875,-4.3642578125
0.36,-1.361328125,4.4443359375,-3.4833984375
0.3605,-2.2421875,4.8447265625,-3.0830078125
0.361,-3.5634765625,4.9248046875,-1.8017578125
0.3615,-3.8837890625,4.8046875,-1.3212890625
0.362,-4.64453125,4.6044921875,-0.400390625
0.3625,-4.8447265625,3.8837890625,0.5205078125
0.363,-5.0849609375,3.4033203125,1.201171875
0.3635,-5.205078125,2.482421875,2.2421875
0.364,-5.365234375,1.841796875,3.04296875
0.3645,-5.0048828125,1.0009765625,3.4833984375
0.365,-4.9248046875,0.1201171875,4.2041015625
0.3655,-3.8037109375,-1.1611328125,4.32421875
0.366,-3.5634765625,-1.921875,4.8046875
0.3665,-2.2822265625,-3.283203125,4.884765625
0.367,-1.921875,-3.7236328125,4.96484375
0.3675,-0.9208984375,-4.3642578125,4.5244140625
0.368,0.0400390625,-4.884765625,4.1240234375
0.3685,1.0009765625,-5.044921875,3.3232421875
0.369,1.9619140625,-5.4052734375,2.7626953125
0.3695,3.1630859375,-5.525390625,1.6416015625
0.37,3.4833984375,-5.2451171875,1.12109375
0.3705,4.2041015625,-5.044921875,0.240234375
0.371,4.32421875,-4.2041015625,-0.6806640625
0.3715,4.564453125,-3.8037109375,-1.361328125
0.372,4.64453125,-2.7626953125,-2.482421875
0.3725,4.8046875,-2.2421875,-3.1630859375
0.373,4.32421875,-1.28125,-3.5634765625
0.3735,4.1240234375,-0.400390625,-4.2041015625
0.374,3.04296875,0.8408203125,-4.2841796875
0.3745,2.802734375,1.521484375,-4.6845703125
0.375,1.6015625,2.802734375,-4.7646484375
0.3755,1.28125,3.123046875,-4.7646484375
0.376,0.240234375,3.68359375,-4.32421875
0.3765,-0.640625,4.0439453125,-3.84375
0.377,-1.4814453125,4.2841796875,-3.1630859375
0.3775,-2.5224609375,4.5244140625,-2.4423828125
0.378,-3.4833984375,4.724609375,-1.6416015625
0.3785,-3.7236328125,4.32421875,-1.0009765625
0.379,-4.3642578125,4.1240234375,-0.2001953125
0.3795,-4.4443359375,3.283203125,0.640625
0.38,-4.7646484375,3.04296875,1.2412109375
0.3805,-4.8447265625,2.0419921875,2.322265625
0.381,-4.96484375,1.681640625,2.7626953125
0.3815,-4.5244140625,0.6806640625,3.283203125
0.382,-4.2041015625,-0.16015625,3.8037109375
0.3825,-3.3232421875,-1.28125,4.00390625
0.383,-3.0029296875,-1.9619140625,4.404296875
0.3835,-2.162109375,-3.0830078125,4.5244140625
0.384,-1.7216796875,-3.36328125,4.32421875
0.3845,-0.80078125,-4.083984375,4.1240234375
0.385,0.1201171875,-4.244140625,3.4833984375
0.3855,0.9208984375,-4.6845703125,3.123046875
0.386,1.9619140625,-4.8447265625,2.2421875
0.3865,2.72265625,-5.125,1.7216796875
0.387,3.0830078125,-4.64453125,0.9609375
0.3875,3.68359375,-4.564453125,0.3203125
0.388,3.763671875,-3.7236328125,-0.640625
0.3885,4.1240234375,-3.5234375,-1.201171875
0.389,4.244140625,-2.6025390625,-2.2822265625
0.3895,4.244140625,-2.2021484375,-2.6025390625
0.39,3.8837890625,-1.1611328125,-3.2431640625
0.3905,3.443359375,-0.3203125,-3.5634765625
0.391,2.802734375,0.6806640625,-3.8837890625
0.3915,2.2822265625,1.44140625,-4.1640625
0.392,1.7216796875,2.2822265625,-4.484375
0.3925,1.12109375,2.5224609375,-4.083984375
0.393,0.3203125,3.283203125,-3.9638671875
0.3935,-0.6005859375,3.4033203125,-3.203125
0.394,-1.28125,3.84375,-2.9228515625
0.3945,-2.40234375,4.0439453125,-2.0419921875
0.395,-2.8828125,4.1640625,-1.681640625
0.3955,-3.283203125,3.763671875,-0.8408203125
0.396,-3.68359375,3.603515625,-0.3603515625
0.3965,-3.8837890625,2.962890625,0.48046875
0.397,-4.1640625,2.6025390625,1.0810546875
0.3975,-4.4443359375,2.0419921875,1.921875
0.398,-4.2041015625,1.5615234375,2.2021484375
0.3985,-4.1240234375,0.6806640625,2.8828125
0.399,-3.4833984375,-0.2802734375,3.1630859375
0.3995,-3.203125,-1.041015625,3.6435546875
0.4,-2.5625,-1.921875,3.8037109375
0.4005,-2.2822265625,-2.5224609375,4.083984375
0.401,-1.5615234375,-2.802734375,3.68359375
0.4015,-1.0009765625,-3.4033203125,3.68359375
0.402,0.0,-3.6435546875,3.0029296875
0.4025,0.6806640625,-4.1640625,2.802734375
0.403,1.6416015625,-4.3642578125,2.08203125
0.4035,1.9619140625,-4.4443359375,1.8017578125
0.404,2.5625,-4.2041015625,1.0009765625
0.4045,2.8427734375,-3.8837890625,0.48046875
0.405,3.283203125,-3.5634765625,-0.3203125
0.4055,3.4833984375,-3.0830078125,-1.0009765625
0.406,3.8837890625,-2.7626953125,-1.681640625
0.4065,3.5634765625,-2.08203125,-2.0419921875
0.407,3.603515625,-1.361328125,-2.7626953125
0.4075,2.8427734375,-0.3203125,-3.04296875
0.408,2.802734375,0.3203125,-3.603515625
0.4085,2.1220703125,1.2412109375,-3.84375
0.409,1.9619140625,1.681640625,-4.0439453125
0.4095,1.0810546875,2.2021484375,-3.68359375
0.41,0.48046875,2.6826171875,-3.5634765625
0.4105,-0.48046875,3.0830078125,-3.0029296875
0.411,-1.2412109375,3.4833984375,-2.642578125
0.4115,-2.08203125,3.8037109375,-2.08203125
0.412,-2.40234375,3.6435546875,-1.681640625
0.4125,-3.0029296875,3.603515625,-1.0009765625
0.413,-3.203125,3.123046875,-0.3203125
0.4135,-3.68359375,2.8828125,0.3203125
0.414,-3.8837890625,2.3623046875,1.0810546875
0.4145,-4.1640625,2.08203125,1.6015625
0.415,-3.8037109375,1.201171875,2.0419921875
0.4155,-3.8037109375,0.6005859375,2.642578125
0.416,-3.0830078125,-0.5205078125,2.9228515625
0.4165,-2.962890625,-1.12109375,3.443359375
0.417,-2.4423828125,-1.921875,3.7236328125
0.4175,-2.08203125,-2.2021484375,3.68359375
0.418,-1.361328125,-2.802734375,3.5234375
0.4185,-0.640625,-3.1630859375,3.1630859375
0.419,0.1201171875,-3.603515625,2.8427734375
0.4195,0.9208984375,-3.8837890625,2.3623046875
0.42,1.6015625,-4.2041015625,1.9619140625
0.4205,1.921875,-3.923828125,1.4013671875
0.421,2.4423828125,-4.00390625,1.0009765625
0.4215,2.6826171875,-3.4033203125,0.16015625
0.422,3.123046875,-3.36328125,-0.3603515625
0.4225,3.4033203125,-2.802734375,-1.1611328125
0.423,3.5234375,-2.5625,-1.5615234375
0.4235,3.2431640625,-1.6416015625,-2.08203125
0.424,3.0830078125,-1.041015625,-2.6025390625
0.4245,2.6025390625,-0.080078125,-3.0830078125
0.425,2.482421875,0.6005859375,-3.5234375
0.4255,2.08203125,1.361328125,-3.8837890625
0.426,1.5615234375,1.681640625,-3.603515625
0.4265,0.9208984375,2.40234375,-3.6435546875
0.427,0.0400390625,2.6826171875,-3.0830078125
0.4275,-0.720703125,3.203125,-2.8828125
0.428,-1.6015625,3.5234375,-2.322265625
0.4285,-2.162109375,3.7236328125,-1.9619140625
0.429,-2.5625,3.36328125,-1.28125
0.4295,-3.0029296875,3.4033203125,-0.80078125
0.43,-3.36328125,2.8427734375,0.0400390625
0.4305,-3.7236328125,2.6025390625,0.640625
0.431,-4.0439453125,2.1220703125,1.44140625
0.4315,-3.763671875,1.6416015625,1.76171875
0.432,-3.7236328125,0.7607421875,2.482421875
0.4325,-3.2431640625,-0.16015625,2.802734375
0.433,-2.962890625,-0.9208984375,3.3232421875
0.4335,-2.5625,-1.6416015625,3.5634765625
0.434,-2.2021484375,-2.2822265625,3.84375
0.4345,-1.4814453125,-2.642578125,3.4033203125
0.435,-0.9208984375,-3.203125,3.4833984375
0.4355,0.0400390625,-3.4833984375,2.802734375
0.436,0.7607421875,-3.923828125,2.5625
0.4365,1.6416015625,-4.2041015625,1.921875
0.437,2.0419921875,-4.1640625,1.4814453125
0.4375,2.5224609375,-3.8837890625,0.7607421875
0.438,2.802734375,-3.6435546875,0.2802734375
0.4385,3.123046875,-3.203125,-0.5205078125
0.439,3.4033203125,-2.8427734375,-1.12109375
0.4395,3.68359375,-2.5625,-1.9619140625
0.44,3.283203125,-1.6416015625,-2.2822265625
0.4405,3.2431640625,-1.0009765625,-2.962890625
0.441,2.5625,0.0400390625,-3.0830078125
0.4415,2.40234375,0.720703125,-3.5634765625
0.442,1.8818359375,1.5615234375,-3.84375
0.4425,1.44140625,2.0419921875,-3.8837890625
0.443,0.640625,2.482421875,-3.4833984375
0.4435,0.0,3.0029296875,-3.36328125
0.444,-1.0009765625,3.283203125,-2.6826171875
0.4445,-1.681640625,3.68359375,-2.4423828125
0.445,-2.642578125,3.9638671875,-1.7216796875
0.4455,-2.9228515625,3.6435546875,-1.0810546875
0.446,-3.4833984375,3.5234375,-0.48046875
0.4465,-3.7236328125,3.0029296875,0.2802734375
0.447,-4.0439453125,2.5625,1.0009765625
0.4475,-4.244140625,2.0419921875,1.76171875
0.448,-4.4443359375,1.4013671875,2.4423828125
0.4485,-3.7236328125,0.560546875,2.8828125
0.449,-3.763671875,-0.2802734375,3.4833984375
0.4495,-2.8427734375,-1.3212890625,3.5634765625
0.45,-2.6025390625,-2.001953125,4.00390625
0.4505,-1.8818359375,-2.8828125,4.1240234375
0.451,-1.1611328125,-3.36328125,3.84375
0.4515,-0.48046875,-3.7236328125,3.4833984375
0.452,0.3603515625,-4.1240234375,3.123046875
0.4525,1.44140625,-4.3642578125,2.2421875
0.453,2.0419921875,-4.5244140625,1.8818359375
0.4535,2.9228515625,-4.6845703125,1.12109375
0.454,3.0830078125,-4.0439453125,0.3603515625
0.4545,3.5234375,-3.9638671875,-0.2001953125
0.455,3.68359375,-3.1630859375,-1.12109375
0.4555,3.9638671875,-2.7626953125,-1.8017578125
0.456,3.9638671875,-2.1220703125,-2.5224609375
0.4565,3.923828125,-1.521484375,-3.1630859375
0.457,3.203125,-0.3603515625,-3.3232421875
0.4575,3.0029296875,0.3603515625,-3.8037109375
0.458,2.0419921875,1.4814453125,-3.923828125
0.4585,1.841796875,1.9619140625,-4.2041015625
0.459,1.0810546875,2.8427734375,-4.244140625
0.4595,0.240234375,3.1630859375,-3.8037109375
0.46,-0.48046875,3.5634765625,-3.4833984375
0.4605,-1.521484375,3.923828125,-2.8427734375
0.461,-2.4423828125,4.1240234375,-2.08203125
0.4615,-3.04296875,4.2041015625,-1.6015625
0.462,-3.8037109375,4.2041015625,-0.9208984375
0.4625,-3.923828125,3.5234375,0.0
0.463,-4.3642578125,3.443359375,0.5205078125
0.4635,-4.564453125,2.3623046875,1.6015625
0.464,-4.7646484375,2.0419921875,2.162109375
0.4645,-4.8046875,1.1611328125,3.0029296875
0.465,-4.5244140625,0.4404296875,3.5234375
0.4655,-3.7236328125,-0.6806640625,3.84375
0.466,-3.36328125,-1.5615234375,4.32421875
0.4665,-2.2822265625,-2.7626953125,4.484375
0.467,-1.9619140625,-3.2431640625,4.5244140625
0.4675,-1.041015625,-4.083984375,4.4443359375
0.468,-0.1201171875,-4.3642578125,3.763671875
0.4685,0.640625,-4.724609375,3.4033203125
0.469,1.921875,-5.044921875,2.4423828125
0.4695,2.8427734375,-5.1650390625,1.7216796875
0.47,3.36328125,-5.0048828125,0.9609375
0.4705,4.00390625,-4.8447265625,0.240234375
0.471,4.0439453125,-3.9638671875,-0.6806640625
0.4715,4.3642578125,-3.763671875,-1.28125
0.472,4.484375,-2.5625,-2.5625
0.4725,4.5244140625,-2.1220703125,-2.962890625
0.473,4.32421875,-1.1611328125,-3.7236328125
0.4735,3.84375,-0.2001953125,-4.1240234375
0.474,3.0029296875,0.8408203125,-4.244140625
0.4745,2.482421875,1.76171875,-4.64453125
0.475,1.44140625,2.8828125,-4.724609375
0.4755,1.0009765625,3.203125,-4.564453125
0.476,0.0400390625,3.9638671875,-4.3642578125
0.4765,-0.9208984375,4.1240234375,-3.5634765625
0.477,-1.6416015625,4.484375,-3.203125
0.4775,-3.0029296875,4.6845703125,-2.08203125
0.478,-3.7236328125,4.7646484375,-1.44140625
0.4785,-4.2041015625,4.4443359375,-0.640625
0.479,-4.7646484375,4.2041015625,0.1201171875
0.4795,-4.8046875,3.283203125,1.0009765625
0.48,-5.125,2.9228515625,1.6416015625
0.4805,-5.2451171875,1.76171875,2.9228515625
0.481,-5.125,1.3212890625,3.283203125
0.4815,-4.8447265625,0.3203125,4.00390625
0.482,-4.2041015625,-0.7607421875,4.404296875
0.4825,-3.4833984375,-1.8017578125,4.6044921875
0.483,-2.72265625,-2.8427734375,4.884765625
0.4835,-1.8017578125,-3.923828125,5.0849609375
0.484,-1.12109375,-4.2041015625,4.6044921875
0.4845,-0.16015625,-4.96484375,4.404296875
0.485,0.880859375,-5.0048828125,3.4833984375
0.4855,1.6416015625,-5.4052734375,3.04296875
0.486,3.123046875,-5.5654296875,1.8818359375
0.4865,3.8037109375,-5.5654296875,1.12109375
0.487,4.2041015625,-5.0048828125,0.2001953125
0.4875,4.724609375,-4.7646484375,-0.640625
0.488,4.64453125,-3.7236328125,-1.5615234375
0.4885,4.884765625,-3.283203125,-2.2822265625
0.489,5.0849609375,-2.08203125,-3.4833984375
0.4895,4.6845703125,-1.44140625,-3.763671875
0.49,4.32421875,-0.3203125,-4.4443359375
0.4905,3.5234375,0.7607421875,-4.64453125
0.491,2.72265625,1.6416015625,-4.8046875
0.4915,1.921875,2.72265625,-5.0048828125
0.492,1.0810546875,3.7236328125,-5.125
0.4925,0.2001953125,3.8837890625,-4.4443359375
0.493,-0.6806640625,4.6044921875,-4.244140625
0.4935,-1.681640625,4.5244140625,-3.203125
0.494,-2.482421875,4.884765625,-2.7626953125
0.4945,-3.84375,5.044921875,-1.6015625
0.495,-4.404296875,4.8447265625,-0.9208984375
0.4955,-4.7646484375,4.2041015625,0.0400390625
0.496,-5.1650390625,3.8837890625,0.80078125
0.4965,-5.125,2.962890625,1.6416015625
0.497,-5.28515625,2.40234375,2.40234375
0.4975,-5.4853515625,1.44140625,3.5234375
0.498,-4.9248046875,0.6005859375,3.763671875
0.4985,-4.64453125,-0.4404296875,4.484375
0.499,-3.7236328125,-1.521484375,4.6044921875
0.4995,-3.123046875,-2.3623046875,4.8447265625
0.5,-2.162109375,-3.4033203125,4.9248046875
0.5005,-1.44140625,-4.2841796875,5.044921875
0.501,-0.48046875,-4.484375,4.2041015625
0.5015,0.3203125,-5.125,4.1240234375
0.502,1.4013671875,-5.125,3.0029296875
0.5025,2.162109375,-5.4453125,2.5625
0.503,3.4833984375,-5.60546875,1.44140625
0.5035,3.8837890625,-5.28515625,0.7607421875
0.504,4.3642578125,-4.7646484375,-0.2802734375
0.5045,4.6044921875,-4.32421875,-1.0009765625
0.505,4.64453125,-3.4033203125,-1.8017578125
0.5055,4.7646484375,-2.7626953125,-2.5625
0.506,4.96484375,-1.921875,-3.603515625
0.5065,4.244140625,-0.9609375,-3.8037109375
0.507,4.00390625,0.0400390625,-4.484375
0.5075,3.0029296875,1.12109375,-4.5244140625
0.508,2.5224609375,1.921875,-4.8046875
0.5085,1.5615234375,2.962890625,-4.884765625
0.509,0.880859375,3.68359375,-4.884765625
0.5095,-0.2001953125,3.8837890625,-4.0439453125
0.51,-0.9208984375,4.4443359375,-3.8837890625
0.5105,-2.001953125,4.484375,-2.8427734375
0.511,-2.72265625,4.724609375,-2.40234375
0.5115,-3.923828125,4.8447265625,-1.361328125
0.512,-4.2041015625,4.3642578125,-0.640625
0.5125,-4.64453125,3.9638671875,0.240234375
0.513,-4.8447265625,3.36328125,1.0009765625
0.5135,-4.96484375,2.72265625,1.76171875
0.514,-5.0048828125,1.9619140625,2.5625
0.5145,-5.205078125,1.28125,3.443359375
0.515,-4.3642578125,0.16015625,3.6435546875
0.5155,-4.244140625,-0.640625,4.2841796875
0.516,-3.1630859375,-1.76171875,4.244140625
0.5165,-2.8427734375,-2.4423828125,4.6044921875
0.517,-1.8818359375,-3.4833984375,4.64453125
0.5175,-1.201171875,-3.923828125,4.4443359375
0.518,-0.2802734375,-4.2841796875,3.84375
0.5185,0.48046875,-4.64453125,3.5234375
0.519,1.521484375,-4.8447265625,2.6025390625
0.5195,2.2021484375,-5.0849609375,2.162109375
0.52,3.2431640625,-5.2451171875,1.28125
0.5205,3.443359375,-4.6044921875,0.48046875
0.521,3.9638671875,-4.404296875,-0.16015625
0.5215,3.9638671875,-3.603515625,-1.0009765625
0.522,4.2841796875,-3.203125,-1.6416015625
0.5225,4.32421875,-2.4423828125,-2.4423828125
0.523,4.4443359375,-1.841796875,-3.123046875
0.5235,3.68359375,-0.720703125,-3.4833984375
0.524,3.5234375,0.0,-4.00390625
0.5245,2.5625,1.12109375,-4.0439453125
0.525,2.322265625,1.7216796875,-4.4443359375
0.5255,1.4814453125,2.72265625,-4.564453125
0.526,0.7607421875,3.04296875,-4.1640625
0.5265,-0.080078125,3.5234375,-3.84375
0.527,-0.9208984375,3.84375,-3.283203125
0.5275,-1.841796875,4.0439453125,-2.642578125
0.528,-2.5625,4.244140625,-2.1220703125
0.5285,-3.443359375,4.32421875,-1.44140625
0.529,-3.603515625,3.68359375,-0.5205078125
0.5295,-4.1640625,3.68359375,0.0
0.53,-4.1640625,2.8427734375,0.9208984375
0.5305,-4.5244140625,2.5224609375,1.4814453125
0.531,-4.564453125,1.76171875,2.3623046875
0.5315,-4.4443359375,1.201171875,2.7626953125
0.532,-3.8837890625,0.1201171875,3.203125
0.5325,-3.603515625,-0.640625,3.6435546875
0.533,-2.8427734375,-1.6015625,3.84375
0.5335,-2.5625,-2.2421875,4.1240234375
0.534,-1.841796875,-3.04296875,4.2041015625
0.5345,-1.12109375,-3.2431640625,3.68359375
0.535,-0.48046875,-3.84375,3.6435546875
0.5355,0.48046875,-4.083984375,2.8427734375
0.536,1.2412109375,-4.4443359375,2.482421875
0.5365,2.0419921875,-4.5244140625,1.841796875
0.537,2.5625,-4.5244140625,1.361328125
0.5375,2.802734375,-4.00390625,0.560546875
0.538,3.2431640625,-3.9638671875,0.1201171875
0.5385,3.4033203125,-3.203125,-0.80078125
0.539,3.7236328125,-3.04296875,-1.2412109375
0.5395,3.8837890625,-2.3623046875,-2.08203125
0.54,3.603515625,-1.8017578125,-2.3623046875
0.5405,3.3232421875,-0.80078125,-2.962890625
0.541,2.8427734375,0.0,-3.283203125
0.5415,2.482421875,0.7607421875,-3.68359375
0.542,2.162109375,1.4013671875,-3.9638671875
0.5425,1.6015625,2.0419921875,-4.083984375
0.543,0.80078125,2.3623046875,-3.5634765625
0.5435,0.240234375,3.0029296875,-3.603515625
0.544,-0.80078125,3.203125,-2.8828125
0.5445,-1.44140625,3.68359375,-2.72265625
0.545,-2.322265625,3.84375,-1.9619140625
0.5455,-2.642578125,3.763671875,-1.5615234375
0.546,-3.1630859375,3.443359375,-0.720703125
0.5465,-3.5234375,3.2431640625,-0.2001953125
0.547,-3.84375,2.72265625,0.640625
0.5475,-4.083984375,2.40234375,1.201171875
0.548,-4.32421875,1.8818359375,1.9619140625
0.5485,-3.84375,1.0009765625,2.2822265625
0.549,-3.763671875,0.240234375,3.0029296875
0.5495,-3.0830078125,-0.720703125,3.203125
0.55,-2.9228515625,-1.361328125,3.68359375
0.5505,-2.322265625,-2.08203125,3.84375
0.551,-1.8818359375,-2.6025390625,3.84375
0.5515,-1.0810546875,-3.04296875,3.36328125
0.552,-0.48046875,-3.5634765625,3.283203125
0.5525,0.560546875,-3.8037109375,2.5224609375
0.553,1.12109375,-4.1640625,2.40234375
0.5535,1.921875,-4.2841796875,1.7216796875
0.554,2.2021484375,-3.9638671875,1.201171875
0.5545,2.6826171875,-3.84375,0.6005859375
0.555,2.8828125,-3.4033203125,-0.1201171875
0.5555,3.2431640625,-3.0830078125,-0.7607421875
0.556,3.443359375,-2.642578125,-1.361328125
0.5565,3.6435546875,-2.2421875,-1.921875
0.557,3.04296875,-1.28125,-2.2822265625
0.5575,3.0830078125,-0.6806640625,-2.8828125
0.558,2.40234375,0.2802734375,-3.0830078125
0.5585,2.40234375,0.7607421875,-3.603515625
0.559,1.841796875,1.5615234375,-3.7236328125
0.5595,1.3212890625,1.841796875,-3.603515625
0.56,0.6005859375,2.40234375,-3.36328125
0.5605,-0.16015625,2.802734375,-3.0830078125
0.561,-1.0009765625,3.203125,-2.6025390625
0.5615,-1.6416015625,3.5234375,-2.2822265625
0.562,-2.2822265625,3.7236328125,-1.841796875
0.5625,-2.5625,3.283203125,-1.1611328125
0.563,-3.1630859375,3.36328125,-0.6806640625
0.5635,-3.36328125,2.7626953125,0.16015625
0.564,-3.84375,2.6826171875,0.720703125
0.5645,-4.00390625,2.0419921875,1.44140625
0.565,-4.00390625,1.5615234375,1.921875
0.5655,-3.5634765625,0.560546875,2.482421875
0.566,-3.4033203125,-0.16015625,3.0029296875
0.5665,-2.8427734375,-1.0810546875,3.3232421875
0.567,-2.72265625,-1.6416015625,3.7236328125
0.5675,-2.08203125,-2.40234375,3.763671875
0.568,-1.4013671875,-2.72265625,3.443359375
0.5685,-0.7607421875,-3.283203125,3.3232421875
0.569,0.240234375,-3.5634765625,2.72265625
0.5695,0.9208984375,-4.00390625,2.4423828125
0.57,1.6015625,-4.1640625,1.921875
0.5705,2.1220703125,-4.2041015625,1.44140625
0.571,2.40234375,-3.7236328125,0.6806640625
0.5715,2.8828125,-3.7236328125,0.240234375
0.572,3.0830078125,-3.0029296875,-0.640625
0.5725,3.4833984375,-2.8828125,-1.1611328125
0.573,3.5634765625,-2.2021484375,-1.921875
0.5735,3.3232421875,-1.5615234375,-2.2822265625
0.574,2.9228515625,-0.640625,-2.7626953125
0.5745,2.5625,0.1201171875,-3.1630859375
0.575,2.162109375,0.9208984375,-3.5234375
0.5755,1.921875,1.4013671875,-3.8037109375
0.576,1.28125,2.0419921875,-3.8037109375
0.5765,0.560546875,2.3623046875,-3.36328125
0.577,-0.1201171875,2.9228515625,-3.2431640625
0.5775,-1.1611328125,3.203125,-2.4423828125
0.578,-1.76171875,3.6435546875,-2.2822265625
0.5785,-2.4423828125,3.6435546875,-1.6416015625
0.579,-2.8427734375,3.5634765625,-1.1611328125
0.5795,-3.203125,3.1630859375,-0.4404296875
0.58,-3.603515625,2.962890625,0.16015625
0.5805,-3.8837890625,2.3623046875,1.0810546875
0.581,-4.1240234375,2.0419921875,1.5615234375
0.5815,-4.2041015625,1.4013671875,2.322265625
0.582,-3.68359375,0.48046875,2.6826171875
0.5825,-3.5234375,-0.3203125,3.2431640625
0.583,-2.8427734375,-1.3212890625,3.5634765625
0.5835,-2.5224609375,-2.08203125,3.923828125
0.584,-1.921875,-2.642578125,3.84375
0.5845,-1.28125,-3.283203125,3.84375
0.585,-0.4404296875,-3.5234375,3.2431640625
0.5855,0.3203125,-4.083984375,3.0830078125
0.586,1.521484375,-4.2841796875,2.1220703125
0.5865,2.0419921875,-4.5244140625,1.841796875
0.587,2.72265625,-4.4443359375,1.0810546875
0.5875,3.04296875,-4.0439453125,0.4404296875
0.588,3.3232421875,-3.6435546875,-0.2802734375
0.5885,3.603515625,-3.1630859375,-1.041015625
0.589,3.84375,-2.5224609375,-1.921875
0.5895,3.8037109375,-2.001953125,-2.2822265625
0.59,3.8037109375,-1.28125,-3.04296875
0.5905,3.0029296875,-0.2802734375,-3.203125
0.591,2.802734375,0.48046875,-3.7236328125
0.5915,1.921875,1.5615234375,-3.923828125
0.592,1.6416015625,2.08203125,-4.2041015625
0.5925,0.880859375,2.6025390625,-3.923828125
0.593,0.16015625,3.1630859375,-3.7236328125
0.5935,-0.640625,3.3232421875,-3.0830078125
0.594,-1.4814453125,3.84375,-2.72265625
0.5945,-2.6025390625,4.00390625,-1.8017578125
0.595,-3.04296875,4.00390625,-1.4013671875
0.5955,-3.603515625,3.84375,-0.6806640625
0.596,-3.84375,3.3232421875,0.0400390625
0.5965,-4.1640625,3.0029296875,0.640625
0.597,-4.32421875,2.2421875,1.6015625
0.5975,-4.6044921875,1.8017578125,2.322265625
0.598,-4.32421875,1.0810546875,2.72265625
0.5985,-4.244140625,0.2802734375,3.443359375
0.599,-3.36328125,-0.80078125,3.603515625
0.5995,-3.1630859375,-1.6015625,4.0439453125
0.6,-2.2021484375,-2.7626953125,4.2041015625
0.6005,-1.8017578125,-3.2431640625,4.32421875
0.601,-0.9208984375,-3.8037109375,4.00390625
0.6015,-0.16015625,-4.244140625,3.7236328125
0.602,0.7607421875,-4.4443359375,3.04296875
0.6025,1.76171875,-4.8447265625,2.482421875
0.603,2.8427734375,-5.0849609375,1.5615234375
0.6035,3.203125,-4.7646484375,0.9609375
0.604,3.84375,-4.6044921875,0.16015625
0.6045,3.923828125,-3.8837890625,-0.640625
0.605,4.2041015625,-3.443359375,-1.3212890625
0.6055,4.3642578125,-2.5224609375,-2.40234375
0.606,4.5244140625,-1.9619140625,-3.0830078125
0.6065,3.9638671875,-1.0009765625,-3.4833984375
0.607,3.8037109375,-0.16015625,-4.1240234375
0.6075,2.72265625,0.9208984375,-4.1640625
0.608,2.40234375,1.6416015625,-4.5244140625
0.6085,1.361328125,2.8828125,-4.6845703125
0.609,0.7607421875,3.3232421875,-4.484375
0.6095,-0.16015625,3.84375,-4.00390625
0.61,-1.0009765625,4.1240234375,-3.5634765625
0.6105,-1.8818359375,4.32421875,-2.7626953125
0.611,-2.8828125,4.5244140625,-2.0419921875
0.6115,-3.9638671875,4.724609375,-1.201171875
0.612,-4.1640625,4.1240234375,-0.400390625
0.6125,-4.724609375,3.9638671875,0.2802734375
0.613,-4.6845703125,3.0830078125,1.12109375
0.6135,-4.884765625,2.6025390625,1.8017578125
0.614,-5.044921875,1.681640625,2.8828125
0.6145,-5.044921875,1.0009765625,3.5234375
0.615,-4.3642578125,0.0,3.84375
0.6155,-4.1240234375,-1.0009765625,4.404296875
0.616,-3.0830078125,-2.0419921875,4.404296875
0.6165,-2.6025390625,-2.8427734375,4.6845703125
0.617,-1.6416015625,-4.00390625,4.884765625
0.6175,-0.80078125,-4.244140625,4.404296875
0.618,0.0400390625,-4.8046875,4.0439453125
0.6185,0.9609375,-5.0048828125,3.36328125
0.619,1.921875,-5.205078125,2.6025390625
0.6195,2.9228515625,-5.4052734375,1.8017578125
0.62,3.9638671875,-5.525390625,0.9609375
0.6205,4.083984375,-4.6845703125,0.0
0.621,4.6044921875,-4.564453125,-0.640625
0.6215,4.6044921875,-3.5634765625,-1.6416015625
0.622,4.7646484375,-3.0029296875,-2.322265625
0.6225,4.884765625,-2.001953125,-3.4033203125
0.623,4.64453125,-1.2412109375,-3.9638671875
0.6235,3.8837890625,-0.080078125,-4.32421875
0.624,3.4833984375,0.7607421875,-4.7646484375
0.6245,2.40234375,1.921875,-4.7646484375
0.625,1.921875,2.6826171875,-4.96484375
0.6255,0.9208984375,3.84375,-5.0849609375
0.626,-0.080078125,4.083984375,-4.3642578125
0.6265,-0.8408203125,4.5244140625,-4.00390625
0.627,-1.9619140625,4.7646484375,-3.123046875
0.6275,-2.9228515625,4.8447265625,-2.322265625
0.628,-3.84375,4.96484375,-1.521484375
0.6285,-4.64453125,4.9248046875,-0.6806640625
0.629,-4.724609375,3.9638671875,0.3203125
0.6295,-5.1650390625,3.84375,0.9208984375
0.63,-5.1650390625,2.6826171875,2.0419921875
0.6305,-5.28515625,2.162109375,2.6025390625
0.631,-5.4052734375,1.201171875,3.68359375
0.6315,-4.884765625,0.2802734375,4.0439453125
0.632,-4.1640625,-0.8408203125,4.404296875
0.6325,-3.68359375,-1.8017578125,4.724609375
0.633,-2.6025390625,-2.8828125,4.8046875
0.6335,-2.08203125,-3.5234375,4.9248046875
0.634,-1.12109375,-4.5244140625,4.96484375
0.6345,-0.080078125,-4.6845703125,4.083984375
0.635,0.6005859375,-5.1650390625,3.84375
0.6355,1.921875,-5.3251953125,2.72265625
0.636,2.6826171875,-5.4453125,2.1220703125
0.6365,3.5634765625,-5.4453125,1.28125
0.637,4.2041015625,-5.28515625,0.48046875
0.6375,4.32421875,-4.3642578125,-0.5205078125
0.638,4.6845703125,-4.1640625,-1.12109375
0.6385,4.724609375,-3.0029296875,-2.2822265625
0.639,4.7646484375,-2.5625,-2.72265625
0.6395,4.8447265625,-1.6416015625,-3.8037109375
0.64,4.1640625,-0.6806640625,-4.1240234375
0.6405,3.603515625,0.3603515625,-4.5244140625
0.641,2.9228515625,1.4013671875,-4.6845703125
0.6415,2.001953125,2.4423828125,-4.8447265625
0.642,1.521484375,3.0029296875,-4.884765625
0.6425,0.6005859375,3.8837890625,-4.8447265625
0.643,-0.5205078125,4.0439453125,-3.923828125
0.6435,-1.1611328125,4.5244140625,-3.763671875
0.644,-2.5224609375,4.724609375,-2.5625
0.6445,-3.1630859375,4.8046875,-2.08203125
0.645,-4.00390625,4.7646484375,-1.1611328125
0.6455,-4.484375,4.484375,-0.400390625
0.646,-4.64453125,3.7236328125,0.5205078125
0.6465,-5.0048828125,3.36328125,1.201171875
0.647,-5.0849609375,2.2822265625,2.322265625
0.6475,-5.0849609375,1.841796875,2.72265625
0.648,-5.125,0.9208984375,3.68359375
0.6485,-4.32421875,-0.2001953125,3.84375
0.649,-3.923828125,-1.041015625,4.404296875
0.6495,-3.0029296875,-2.2021484375,4.5244140625
0.65,-2.3623046875,-3.04296875,4.724609375
0.6505,-1.7216796875,-3.603515625,4.6044921875
0.651,-0.880859375,-4.2841796875,4.484375
0.6515,0.16015625,-4.4443359375,3.6435546875
0.652,0.80078125,-4.96484375,3.443359375
0.6525,2.2021484375,-5.044921875,2.2021484375
0.653,2.6025390625,-5.1650390625,1.921875
0.6535,3.4833984375,-5.0849609375,0.9609375
0.654,3.763671875,-4.564453125,0.240234375
0.6545,4.00390625,-4.0439453125,-0.560546875
0.655,4.2041015625,-3.5634765625,-1.28125
0.6555,4.404296875,-2.7626953125,-2.2421875
0.656,4.32421875,-2.2822265625,-2.642578125
0.6565,4.3642578125,-1.4814453125,-3.4833984375
0.657,3.443359375,-0.3203125,-3.603515625
0.6575,3.2431640625,0.4404296875,-4.1240234375
0.658,2.2421875,1.5615234375,-4.2041015625
0.6585,1.9619140625,2.162109375,-4.5244140625
0.659,1.2412109375,2.802734375,-4.3642578125
0.6595,0.48046875,3.36328125,-4.1640625
0.66,-0.48046875,3.603515625,-3.5234375
0.6605,-1.2412109375,4.083984375,-3.203125
0.661,-2.3623046875,4.2041015625,-2.2021484375
0.6615,-2.802734375,4.32421875,-1.9619140625
0.662,-3.5634765625,4.32421875,-1.1611328125
0.6625,-3.84375,3.763671875,-0.3603515625
0.663,-4.244140625,3.4833984375,0.3203125
0.6635,-4.3642578125,2.72265625,1.1611328125
0.664,-4.6845703125,2.2421875,1.8818359375
0.6645,-4.564453125,1.5615234375,2.40234375
0.665,-4.564453125,0.9208984375,3.1630859375
0.6655,-3.7236328125,-0.240234375,3.36328125
0.666,-3.5634765625,-0.9609375,3.923828125
0.6665,-2.5625,-2.08203125,4.0439453125
0.667,-2.4423828125,-2.5625,4.32421875
0.6675,-1.5615234375,-3.2431640625,4.1240234375
0.668,-0.80078125,-3.6435546875,3.8037109375
0.6685,0.0,-3.9638671875,3.3232421875
0.669,0.880859375,-4.3642578125,2.8427734375
0.6695,1.841796875,-4.564453125,2.08203125
0.67,2.2421875,-4.6044921875,1.7216796875
0.6705,2.8828125,-4.5244140625,1.0009765625
0.671,3.04296875,-3.8837890625,0.2802734375
0.6715,3.4833984375,-3.84375,-0.3203125
0.672,3.603515625,-3.04296875,-1.2412109375
0.6725,3.923828125,-2.8427734375,-1.7216796875
0.673,3.763671875,-2.001953125,-2.322265625
0.6735,3.68359375,-1.361328125,-2.802734375
0.674,2.962890625,-0.3203125,-3.0830078125
0.6745,2.8427734375,0.2802734375,-3.5634765625
0.675,2.08203125,1.28125,-3.8037109375
0.6755,2.001953125,1.6416015625,-4.0439453125
0.676,1.201171875,2.3623046875,-3.923828125
0.6765,0.5205078125,2.642578125,-3.5234375
0.677,-0.2802734375,3.1630859375,-3.283203125
0.6775,-1.201171875,3.443359375,-2.642578125
0.678,-1.841796875,3.8037109375,-2.3623046875
0.6785,-2.40234375,3.763671875,-1.8017578125
0.679,-2.8828125,3.763671875,-1.28125
0.6795,-3.1630859375,3.203125,-0.560546875
0.68,-3.68359375,3.1630859375,0.0
0.6805,-3.8837890625,2.4423828125,0.9208984375
0.681,-4.2041015625,2.3623046875,1.361328125
0.6815,-4.1640625,1.5615234375,2.08203125
0.682,-3.8837890625,0.9208984375,2.482421875
0.6825,-3.5234375,-0.1201171875,3.04296875
0.683,-3.1630859375,-0.880859375,3.443359375
0.6835,-2.72265625,-1.681640625,3.84375
0.684,-2.3623046875,-2.1220703125,3.84375
0.6845,-1.681640625,-2.802734375,3.84375
0.685,-0.880859375,-3.123046875,3.3232421875
0.6855,-0.16015625,-3.7236328125,3.203125
0.686,0.880859375,-3.9638671875,2.40234375
0.6865,1.4013671875,-4.32421875,2.2822265625
0.687,2.001953125,-4.2041015625,1.5615234375
0.6875,2.40234375,-4.1640625,1.0810546875
0.688,2.6826171875,-3.68359375,0.3203125
0.6885,3.123046875,-3.5234375,-0.2802734375
0.689,3.4033203125,-2.9228515625,-1.0810546875
0.6895,3.5234375,-2.6025390625,-1.4814453125
0.69,3.5234375,-1.921875,-2.2021484375
0.6905,3.04296875,-1.0810546875,-2.482421875
0.691,2.8427734375,-0.3203125,-3.0830078125
0.6915,2.2822265625,0.6005859375,-3.36328125
0.692,2.2021484375,1.1611328125,-3.8037109375
0.6925,1.6015625,1.6015625,-3.6435546875
0.693,1.0810546875,2.162109375,-3.603515625
0.6935,0.2802734375,2.482421875,-3.123046875
0.694,-0.4404296875,3.04296875,-3.0029296875
0.6945,-1.361328125,3.283203125,-2.322265625
0.695,-1.8017578125,3.5634765625,-2.162109375
0.6955,-2.40234375,3.443359375,-1.5615234375
0.696,-2.642578125,3.203125,-1.041015625
0.6965,-3.1630859375,3.04296875,-0.400390625
0.697,-3.443359375,2.642578125,0.2802734375
0.6975,-3.8837890625,2.4423828125,0.9609375
0.698,-3.84375,1.921875,1.4013671875
0.6985,-3.9638671875,1.361328125,2.08203125
0.699,-3.36328125,0.3603515625,2.482421875
0.6995,-3.36328125,-0.3203125,3.123046875
0.7,-2.72265625,-1.2412109375,3.36328125
0.7005,-2.6826171875,-1.7216796875,3.8037109375
0.701,-1.9619140625,-2.2822265625,3.5634765625
0.7015,-1.4013671875,-2.802734375,3.5234375
0.702,-0.560546875,-3.203125,3.123046875
0.7025,0.2802734375,-3.7236328125,2.802734375
0.703,1.12109375,-4.0439453125,2.2822265625
0.7035,1.5615234375,-4.1640625,1.921875
0.704,2.162109375,-4.1640625,1.3212890625
0.7045,2.40234375,-3.763671875,0.640625
0.705,2.9228515625,-3.603515625,0.0400390625
0.7055,3.1630859375,-2.962890625,-0.7607421875
0.706,3.5634765625,-2.8427734375,-1.28125
0.7065,3.36328125,-2.08203125,-1.8017578125
0.707,3.36328125,-1.4814453125,-2.40234375
0.7075,2.6826171875,-0.48046875,-2.72265625
0.708,2.642578125,0.16015625,-3.2431640625
0.7085,2.0419921875,1.12109375,-3.5634765625
0.709,1.8818359375,1.44140625,-3.8037109375
0.7095,1.12109375,2.08203125,-3.603515625
0.71,0.48046875,2.4423828125,-3.283203125
0.7105,-0.3203125,2.9228515625,-3.0029296875
0.711,-1.2412109375,3.283203125,-2.4423828125
0.7115,-1.9619140625,3.5634765625,-2.08203125
0.712,-2.3623046875,3.443359375,-1.6015625
0.7125,-2.8828125,3.443359375,-1.12109375
0.713,-3.0830078125,2.962890625,-0.3203125
0.7135,-3.5634765625,2.8427734375,0.2802734375
0.714,-3.84375,2.2421875,1.12109375
0.7145,-4.00390625,1.9619140625,1.5615234375
0.715,-3.84375,1.12109375,2.2021484375
0.7155,-3.603515625,0.4404296875,2.6025390625
0.716,-3.123046875,-0.5205078125,3.0830078125
0.7165,-2.802734375,-1.28125,3.4833984375
0.717,-2.40234375,-2.08203125,3.84375
0.7175,-1.921875,-2.4423828125,3.68359375
0.718,-1.2412109375,-3.0830078125,3.68359375
0.7185,-0.400390625,-3.36328125,3.1630859375
0.719,0.3603515625,-3.923828125,2.9228515625
0.7195,1.4013671875,-4.244140625,2.162109375
0.72,2.0419921875,-4.5244140625,1.76171875
0.7205,2.482421875,-4.1640625,1.0009765625
0.721,2.9228515625,-4.083984375,0.5205078125
0.7215,3.123046875,-3.443359375,-0.3203125
0.722,3.5234375,-3.1630859375,-0.9609375
0.7225,3.84375,-2.5224609375,-1.8818359375
0.723,3.763671875,-2.001953125,-2.2822265625
0.7235,3.5234375,-1.12109375,-2.9228515625
0.724,3.0029296875,-0.240234375,-3.203125
0.7245,2.5625,0.6005859375,-3.603515625
0.725,2.001953125,1.4814453125,-3.8837890625
0.7255,1.521484375,2.2822265625,-4.2041015625
0.726,0.7607421875,2.5625,-3.7236328125
0.7265,0.16015625,3.1630859375,-3.7236328125
0.727,-0.80078125,3.3232421875,-2.9228515625
0.7275,-1.5615234375,3.7236328125,-2.6025390625
0.728,-2.6025390625,3.9638671875,-1.8017578125
0.7285,-3.1630859375,3.8837890625,-1.2412109375
0.729,-3.5634765625,3.5234375,-0.48046875
0.7295,-3.84375,3.3232421875,0.1201171875
0.73,-4.00390625,2.6826171875,0.880859375
0.7305,-4.244140625,2.2021484375,1.5615234375
0.731,-4.5244140625,1.5615234375,2.482421875
0.7315,-4.083984375,0.8408203125,2.72265625
0.732,-3.923828125,0.0,3.36328125
0.7325,-3.203125,-1.0009765625,3.5634765625
0.733,-2.8427734375,-1.7216796875,3.923828125
0.7335,-2.1220703125,-2.642578125,4.1240234375
0.734,-1.5615234375,-3.3232421875,4.2041015625
0.7345,-0.720703125,-3.603515625,3.6435546875
0.735,-0.16015625,-4.1640625,3.5634765625
0.7355,0.9609375,-4.32421875,2.6826171875
0.736,1.7216796875,-4.6845703125,2.2822265625
0.7365,2.802734375,-4.9248046875,1.44140625
0.737,3.1630859375,-4.6044921875,0.8408203125
0.7375,3.603515625,-4.244140625,0.0400390625
0.738,3.84375,-3.8037109375,-0.640625
0.7385,4.00390625,-3.1630859375,-1.44140625
0.739,4.1640625,-2.5625,-2.2021484375
0.7395,4.4443359375,-1.8818359375,-3.123046875
0.74,3.763671875,-0.880859375,-3.36328125
0.7405,3.5634765625,0.0,-4.00390625
0.741,2.6025390625,1.041015625,-4.0439453125
0.7415,2.2021484375,1.841796875,-4.4443359375
0.742,1.4013671875,2.7626953125,-4.564453125
0.7425,0.6806640625,3.4033203125,-4.4443359375
0.743,-0.2802734375,3.68359375,-3.8037109375
0.7435,-1.0009765625,4.1240234375,-3.5634765625
0.744,-2.2421875,4.2841796875,-2.482421875
0.7445,-2.8828125,4.4443359375,-2.0419921875
0.745,-3.9638671875,4.64453125,-1.12109375
0.7455,-4.1640625,4.00390625,-0.3203125
0.746,-4.564453125,3.68359375,0.4404296875
0.7465,-4.7646484375,3.0029296875,1.28125
0.747,-4.884765625,2.2421875,2.162109375
0.7475,-4.9248046875,1.5615234375,2.8427734375
0.748,-5.0048828125,0.80078125,3.68359375
0.7485,-4.0439453125,-0.3603515625,3.84375
0.749,-3.8837890625,-1.12109375,4.404296875
0.7495,-2.6826171875,-2.40234375,4.484375
0.75,-2.2822265625,-3.04296875,4.64453125
0.7505,-1.44140625,-3.923828125,4.64453125
0.751,-0.6005859375,-4.404296875,4.2841796875
0.7515,0.2802734375,-4.64453125,3.68359375
0.752,1.201171875,-5.125,3.1630859375
0.7525,2.4423828125,-5.205078125,2.0419921875
0.753,2.9228515625,-5.205078125,1.6416015625
0.7535,3.9638671875,-5.28515625,0.720703125
0.754,4.083984375,-4.5244140625,-0.16015625
0.7545,4.484375,-4.2041015625,-0.80078125
0.755,4.6044921875,-3.283203125,-1.8818359375
0.7555,4.724609375,-2.6025390625,-2.642578125
0.756,4.64453125,-1.8818359375,-3.3232421875
0.7565,4.6044921875,-1.0009765625,-4.083984375
0.757,3.5634765625,0.2001953125,-4.2041015625
0.7575,3.3232421875,0.9609375,-4.724609375
0.758,2.0419921875,2.40234375,-4.8046875
0.7585,1.7216796875,2.8828125,-4.9248046875
0.759,0.720703125,3.8037109375,-4.8447265625
0.7595,-0.2802734375,4.1640625,-4.32421875
0.76,-1.1611328125,4.4443359375,-3.68359375
0.7605,-2.2421875,4.8046875,-3.04296875
0.761,-3.443359375,4.9248046875,-1.8818359375
0.7615,-3.8837890625,4.8046875,-1.361328125
0.762,-4.7646484375,4.8046875,-0.4404296875
0.7625,-4.8046875,3.84375,0.560546875
0.763,-5.1650390625,3.5634765625,1.1611328125
0.7635,-5.3251953125,2.40234375,2.40234375
0.764,-5.365234375,1.841796875,3.04296875
0.7645,-5.125,0.9208984375,3.68359375
0.765,-4.884765625,0.0400390625,4.32421875
0.7655,-3.8037109375,-1.2412109375,4.4443359375
0.766,-3.4833984375,-2.001953125,4.8447265625
0.7665,-2.162109375,-3.443359375,4.9248046875
0.767,-1.8017578125,-3.8037109375,4.884765625
0.7675,-0.720703125,-4.64453125,4.6044921875
0.768,0.2802734375,-4.9248046875,3.9638671875
0.7685,1.041015625,-5.205078125,3.36328125
0.769,2.2421875,-5.4453125,2.5625
0.7695,3.2431640625,-5.525390625,1.6015625
0.77,3.68359375,-5.28515625,0.9609375
0.7705,4.404296875,-5.125,0.1201171875
0.771,4.404296875,-4.1640625,-0.8408203125
0.7715,4.724609375,-3.8837890625,-1.44140625
0.772,4.8447265625,-2.642578125,-2.72265625
0.7725,4.8447265625,-2.2421875,-3.1630859375
0.773,4.5244140625,-1.2412109375,-3.84375
0.7735,4.2041015625,-0.2802734375,-4.3642578125
0.774,3.1630859375,0.9208984375,-4.484375
0.7745,2.802734375,1.681640625,-4.8447265625
0.775,1.5615234375,3.0029296875,-4.9248046875
0.7755,1.2412109375,3.203125,-4.884765625
0.776,0.16015625,4.00390625,-4.6044921875
0.7765,-0.80078125,4.244140625,-3.8837890625
0.777,-1.6416015625,4.6044921875,-3.3232421875
0.7775,-2.8828125,4.8046875,-2.3623046875
0.778,-3.7236328125,4.96484375,-1.6416015625
0.7785,-4.1240234375,4.564453125,-0.880859375
0.779,-4.7646484375,4.404296875,0.0
0.7795,-4.8046875,3.443359375,0.9208984375
0.78,-5.125,3.1630859375,1.4814453125
0.7805,-5.2451171875,1.9619140625,2.7626953125
0.781,-5.205078125,1.5615234375,3.1630859375
0.7815,-4.8447265625,0.5205078125,3.84375
0.782,-4.3642578125,-0.48046875,4.244140625
0.7825,-3.4833984375,-1.6015625,4.4443359375
0.783,-2.9228515625,-2.482421875,4.7646484375
0.7835,-1.9619140625,-3.6435546875,4.884765625
0.784,-1.44140625,-3.8837890625,4.5244140625
0.7845,-0.48046875,-4.64453125,4.32421875
0.785,0.560546875,-4.7646484375,3.5234375
0.7855,1.28125,-5.0849609375,3.0830078125
0.786,2.5625,-5.2451171875,2.0419921875
0.7865,3.2431640625,-5.365234375,1.44140625
0.787,3.6435546875,-4.884765625,0.6005859375
0.7875,4.1640625,-4.64453125,-0.1201171875
0.788,4.1640625,-3.7236328125,-1.0810546875
0.7885,4.484375,-3.36328125,-1.6416015625
0.789,4.6044921875,-2.3623046875,-2.802734375
0.7895,4.484375,-1.9619140625,-3.0830078125
0.79,4.1240234375,-0.880859375,-3.8037109375
0.7905,3.4833984375,0.1201171875,-4.0439453125
0.791,2.8427734375,1.0810546875,-4.32421875
0.7915,2.2021484375,1.921875,-4.5244140625
0.792,1.521484375,2.802734375,-4.8046875
0.7925,0.880859375,3.04296875,-4.32421875
0.793,0.0,3.8037109375,-4.1640625
0.7935,-1.0009765625,3.8837890625,-3.2431640625
0.794,-1.681640625,4.2841796875,-2.962890625
0.7945,-2.8828125,4.4443359375,-1.9619140625
0.795,-3.36328125,4.484375,-1.521484375
0.7955,-3.84375,4.0439453125,-0.640625
0.796,-4.2041015625,3.8037109375,0.0
0.7965,-4.3642578125,3.04296875,0.8408203125
0.797,-4.564453125,2.6025390625,1.521484375
0.7975,-4.8447265625,1.921875,2.482421875
0.798,-4.564453125,1.3212890625,2.72265625
0.7985,-4.484375,0.4404296875,3.4833984375
0.799,-3.6435546875,-0.640625,3.68359375
0.7995,-3.283203125,-1.5615234375,4.1240234375
0.8,-2.5224609375,-2.4423828125,4.2841796875
0.8005,-2.08203125,-3.1630859375,4.484375
0.801,-1.28125,-3.4833984375,4.00390625
0.8015,-0.560546875,-4.083984375,3.923828125
0.802,0.48046875,-4.2041015625,3.0830078125
0.8025,1.201171875,-4.64453125,2.802734375
0.803,2.322265625,-4.8447265625,1.8818359375
0.8035,2.6826171875,-4.7646484375,1.44140625
0.804,3.2431640625,-4.4443359375,0.6005859375
0.8045,3.4833984375,-4.00390625,0.0
0.805,3.763671875,-3.5234375,-0.8408203125
0.8055,3.8837890625,-2.8828125,-1.5615234375
0.806,4.2041015625,-2.4423828125,-2.322265625
0.8065,3.8037109375,-1.681640625,-2.6025390625
0.807,3.68359375,-0.9208984375,-3.3232421875
0.8075,2.802734375,0.1201171875,-3.443359375
0.808,2.6826171875,0.80078125,-3.9638671875
0.8085,1.921875,1.76171875,-4.1240234375
0.809,1.6015625,2.2021484375,-4.2041015625
0.8095,0.6806640625,2.6826171875,-3.763671875
0.81,0.080078125,3.1630859375,-3.603515625
0.8105,-0.8408203125,3.4033203125,-2.9228515625
0.811,-1.6015625,3.763671875,-2.5625
0.8115,-2.482421875,4.00390625,-1.9619140625
0.812,-2.72265625,3.8037109375,-1.44140625
0.8125,-3.36328125,3.68359375,-0.80078125
0.813,-3.4833984375,3.1630859375,-0.1201171875
0.8135,-3.923828125,2.9228515625,0.560546875
0.814,-4.0439453125,2.2822265625,1.3212890625
0.8145,-4.3642578125,2.0419921875,1.8818359375
0.815,-3.923828125,1.1611328125,2.2822265625
0.8155,-3.923828125,0.48046875,2.8427734375
0.816,-3.203125,-0.640625,3.1630859375
0.8165,-3.0830078125,-1.201171875,3.68359375
0.817,-2.482421875,-2.08203125,3.923828125
0.8175,-2.2021484375,-2.40234375,3.8837890625
0.818,-1.3212890625,-3.04296875,3.7236328125
0.8185,-0.640625,-3.36328125,3.3232421875
0.819,0.2802734375,-3.8837890625,2.962890625
0.8195,1.12109375,-4.1640625,2.482421875
0.82,1.841796875,-4.5244140625,2.0419921875
0.8205,2.08203125,-4.1640625,1.4013671875
0.821,2.6826171875,-4.2041015625,0.9208984375
0.8215,2.9228515625,-3.5634765625,0.0400390625
0.822,3.4033203125,-3.443359375,-0.560546875
0.8225,3.603515625,-2.802734375,-1.361328125
0.823,3.763671875,-2.5224609375,-1.8017578125
0.8235,3.443359375,-1.6015625,-2.4423828125
0.824,3.203125,-0.9208984375,-2.8427734375
0.8245,2.6826171875,0.1201171875,-3.203125
0.825,2.40234375,0.80078125,-3.603515625
0.8255,1.9619140625,1.5615234375,-3.923828125
0.826,1.44140625,1.841796875,-3.68359375
0.8265,0.7607421875,2.5224609375,-3.68359375
0.827,-0.080078125,2.7626953125,-3.0830078125
0.8275,-0.8408203125,3.2431640625,-2.8427734375
0.828,-1.681640625,3.5234375,-2.2421875
0.8285,-2.2421875,3.7236328125,-1.921875
0.829,-2.5625,3.36328125,-1.2412109375
0.8295,-3.0029296875,3.36328125,-0.80078125
0.83,-3.283203125,2.8427734375,0.0400390625
0.8305,-3.6435546875,2.6025390625,0.6005859375
0.831,-4.00390625,2.162109375,1.361328125
0.8315,-3.84375,1.681640625,1.6416015625
0.832,-3.763671875,0.8408203125,2.3623046875
0.8325,-3.283203125,0.080078125,2.6826171875
0.833,-3.0830078125,-0.720703125,3.203125
0.8335,-2.642578125,-1.44140625,3.5234375
0.834,-2.40234375,-2.001953125,3.8037109375
0.8345,-1.681640625,-2.322265625,3.443359375
0.835,-1.1611328125,-3.0029296875,3.5234375
0.8355,-0.240234375,-3.283203125,2.8828125
0.836,0.4404296875,-3.84375,2.72265625
0.8365,1.3212890625,-4.1240234375,2.1220703125
0.837,1.7216796875,-4.1640625,1.8818359375
0.8375,2.2421875,-3.923828125,1.12109375
0.838,2.5625,-3.8037109375,0.640625
0.8385,3.0029296875,-3.36328125,-0.2001953125
0.839,3.3232421875,-3.0830078125,-0.80078125
0.8395,3.68359375,-2.7626953125,-1.5615234375
0.84,3.3232421875,-2.08203125,-1.8818359375
0.8405,3.36328125,-1.28125,-2.6025390625
0.841,2.6826171875,-0.3203125,-2.8828125
0.8415,2.6025390625,0.3603515625,-3.4033203125
0.842,2.08203125,1.201171875,-3.7236328125
0.8425,1.76171875,1.6416015625,-3.84375
0.843,0.9609375,2.1220703125,-3.4833984375
0.8435,0.3603515625,2.6025390625,-3.4033203125
0.844,-0.6005859375,2.962890625,-2.802734375
0.8445,-1.28125,3.443359375,-2.5625
0.845,-2.162109375,3.68359375,-1.9619140625
0.8455,-2.4423828125,3.4833984375,-1.44140625
0.846,-2.962890625,3.4033203125,-0.8408203125
0.8465,-3.203125,2.962890625,-0.16015625
0.847,-3.603515625,2.6826171875,0.5205078125
0.8475,-3.8837890625,2.162109375,1.201171875
0.848,-4.1240234375,1.76171875,1.841796875
0.8485,-3.603515625,0.9208984375,2.2421875
0.849,-3.68359375,0.2802734375,2.8427734375
0.8495,-2.9228515625,-0.7607421875,3.04296875
0.85,-2.802734375,-1.361328125,3.5234375
0.8505,-2.2421875,-2.2021484375,3.8037109375
0.851,-1.76171875,-2.5625,3.6435546875
0.8515,-1.0009765625,-3.0830078125,3.443359375
0.852,-0.3203125,-3.443359375,3.123046875
0.8525,0.6005859375,-3.8037109375,2.5625
0.853,1.3212890625,-4.1640625,2.2021484375
0.8535,2.1220703125,-4.3642578125,1.6416015625
0.854,2.40234375,-3.923828125,0.9609375
0.8545,2.9228515625,-3.9638671875,0.48046875
0.855,3.0830078125,-3.283203125,-0.3603515625
0.8555,3.4833984375,-3.1630859375,-1.0009765625
0.856,3.763671875,-2.5224609375,-1.8017578125
0.8565,3.763671875,-1.9619140625,-2.2822265625
0.857,3.2431640625,-1.0009765625,-2.802734375
0.8575,3.04296875,-0.2802734375,-3.283203125
0.858,2.40234375,0.720703125,-3.5634765625
0.8585,2.162109375,1.361328125,-3.9638671875
0.859,1.521484375,2.2421875,-4.1640625
0.8595,0.7607421875,2.5625,-3.7236328125
0.86,0.0400390625,3.123046875,-3.5634765625
0.8605,-0.9208984375,3.443359375,-2.8828125
0.861,-1.8017578125,3.763671875,-2.3623046875
0.8615,-2.5625,3.9638671875,-1.8017578125
0.862,-3.203125,4.00390625,-1.201171875
0.8625,-3.443359375,3.4033203125,-0.400390625
0.863,-3.8837890625,3.3232421875,0.1201171875
0.8635,-4.0439453125,2.482421875,1.12109375
0.864,-4.32421875,2.1220703125,1.6416015625
0.8645,-4.4443359375,1.44140625,2.5224609375
0.865,-4.1240234375,0.6806640625,2.8828125
0.8655,-3.603515625,-0.2802734375,3.3232421875
0.866,-3.1630859375,-1.12109375,3.68359375
0.8665,-2.40234375,-2.1220703125,3.8837890625
0.867,-2.08203125,-2.642578125,4.1240234375
0.8675,-1.361328125,-3.4033203125,4.1240234375
0.868,-0.5205078125,-3.6435546875,3.4833984375
0.8685,0.1201171875,-4.1240234375,3.36328125
0.869,1.28125,-4.3642578125,2.40234375
0.8695,1.9619140625,-4.564453125,1.9619140625
0.87,2.72265625,-4.64453125,1.28125
0.8705,3.1630859375,-4.5244140625,0.6806640625
0.871,3.4033203125,-3.9638671875,-0.16015625
0.8715,3.8037109375,-3.7236328125,-0.6806640625
0.872,3.8837890625,-2.802734375,-1.76171875
0.8725,4.083984375,-2.482421875,-2.162109375
0.873,4.1640625,-1.6416015625,-3.0830078125
0.8735,3.603515625,-0.720703125,-3.36328125
0.874,3.1630859375,0.16015625,-3.8037109375
0.8745,2.5224609375,1.1611328125,-4.083984375
0.875,1.8818359375,2.08203125,-4.3642578125
0.8755,1.4013671875,2.6025390625,-4.404296875
0.876,0.560546875,3.4033203125,-4.32421875
0.8765,-0.400390625,3.603515625,-3.5634765625
0.877,-1.12109375,4.1240234375,-3.36328125
0.8775,-2.482421875,4.32421875,-2.2421875
0.878,-3.0830078125,4.484375,-1.8017578125
0.8785,-3.84375,4.404296875,-1.0009765625
0.879,-4.3642578125,3.9638671875,-0.16015625
0.8795,-4.4443359375,3.3232421875,0.560546875
0.88,-4.8046875,2.8828125,1.3212890625
0.8805,-4.884765625,1.921875,2.482421875
0.881,-4.8447265625,1.44140625,2.8427734375
0.8815,-4.8046875,0.560546875,3.68359375
0.882,-3.9638671875,-0.5205078125,3.923828125
0.8825,-3.5634765625,-1.4013671875,4.32421875
0.883,-2.5625,-2.6025390625,4.5244140625
0.8835,-1.921875,-3.4033203125,4.64453125
0.884,-1.201171875,-3.8837890625,4.404296875
0.8845,-0.3203125,-4.5244140625,4.1640625
0.885,0.6005859375,-4.6044921875,3.3232421875
0.8855,1.4013671875,-5.044921875,3.0029296875
0.886,2.8427734375,-5.205078125,1.76171875
0.8865,3.2431640625,-5.1650390625,1.28125
0.887,4.00390625,-4.8447265625,0.3603515625
0.8875,4.2041015625,-4.484375,-0.400390625
0.888,4.32421875,-3.7236328125,-1.1611328125
0.8885,4.5244140625,-3.0830078125,-2.001953125
0.889,4.6845703125,-2.2021484375,-3.04296875
0.8895,4.404296875,-1.6015625,-3.3232421875
0.89,4.32421875,-0.640625,-4.1640625
0.8905,3.3232421875,0.5205078125,-4.244140625
0.891,2.9228515625,1.28125,-4.64453125
0.8915,1.8818359375,2.5224609375,-4.8046875
0.892,1.3212890625,3.2431640625,-4.9248046875
0.8925,0.4404296875,3.68359375,-4.5244140625
0.893,-0.48046875,4.3642578125,-4.244140625
0.8935,-1.4814453125,4.404296875,-3.283203125
0.894,-2.322265625,4.8046875,-2.8828125
0.8945,-3.7236328125,4.96484375,-1.6416015625
0.895,-4.1640625,4.6845703125,-1.12109375
0.8955,-4.724609375,4.404296875,-0.16015625
0.896,-5.0849609375,3.68359375,0.6806640625
0.8965,-5.0849609375,3.1630859375,1.521484375
0.897,-5.28515625,2.322265625,2.482421875
0.8975,-5.4453125,1.521484375,3.4833984375
0.898,-4.884765625,0.6005859375,3.763671875
0.8985,-4.7646484375,-0.3603515625,4.484375
0.899,-3.6435546875,-1.5615234375,4.5244140625
0.8995,-3.203125,-2.3623046875,4.8447265625
0.9,-2.0419921875,-3.6435546875,5.0048828125
0.9005,-1.4013671875,-4.32421875,4.96484375
0.901,-0.3603515625,-4.64453125,4.32421875
0.9015,0.4404296875,-5.205078125,4.0439453125
0.902,1.4814453125,-5.1650390625,3.04296875
0.9025,2.3623046875,-5.4853515625,2.482421875
0.903,3.68359375,-5.6455078125,1.3212890625
0.9035,4.00390625,-5.28515625,0.560546875
0.904,4.6044921875,-4.7646484375,-0.3203125
0.9045,4.64453125,-4.1240234375,-1.1611328125
0.905,4.7646484375,-3.443359375,-1.921875
0.9055,4.8447265625,-2.5625,-2.8828125
0.906,5.0048828125,-1.8017578125,-3.763671875
0.9065,4.2841796875,-0.80078125,-3.9638671875
0.907,4.083984375,0.16015625,-4.6845703125
0.9075,2.9228515625,1.28125,-4.64453125
0.908,2.5224609375,2.0419921875,-4.9248046875
0.9085,1.4013671875,3.283203125,-5.044921875
0.909,0.7607421875,3.8037109375,-4.9248046875
0.9095,-0.3203125,4.1640625,-4.244140625
0.91,-1.12109375,4.64453125,-3.8837890625
0.9105,-2.1220703125,4.6845703125,-2.8828125
0.911,-2.962890625,4.884765625,-2.322265625
0.9115,-4.244140625,5.044921875,-1.28125
0.912,-4.484375,4.404296875,-0.560546875
0.9125,-5.0048828125,4.1640625,0.400390625
0.913,-5.0849609375,3.36328125,1.2412109375
0.9135,-5.205078125,2.802734375,1.9619140625
0.914,-5.28515625,1.8818359375,2.962890625
0.9145,-5.4052734375,1.12109375,3.763671875
0.915,-4.5244140625,0.0,3.9638671875
0.9155,-4.3642578125,-0.8408203125,4.6044921875
0.916,-3.203125,-2.001953125,4.564453125
0.9165,-2.802734375,-2.72265625,4.8447265625
0.917,-1.76171875,-3.923828125,5.0048828125
0.9175,-1.0009765625,-4.32421875,4.6044921875
0.918,0.0,-4.7646484375,4.083984375
0.9185,0.80078125,-5.0849609375,3.5634765625
0.919,1.8017578125,-5.28515625,2.6826171875
0.9195,2.6826171875,-5.4453125,2.0419921875
0.92,3.8037109375,-5.5654296875,1.12109375
0.9205,3.923828125,-4.7646484375,0.240234375
0.921,4.484375,-4.6044921875,-0.5205078125
0.9215,4.4443359375,-3.68359375,-1.361328125
0.922,4.64453125,-3.1630859375,-2.08203125
0.9225,4.724609375,-2.2421875,-3.0830078125
0.923,4.64453125,-1.521484375,-3.68359375
0.9235,3.84375,-0.3603515625,-4.00390625
0.924,3.5634765625,0.48046875,-4.484375
0.9245,2.5224609375,1.5615234375,-4.484375
0.925,2.162109375,2.2421875,-4.724609375
0.9255,1.2412109375,3.3232421875,-4.884765625
0.926,0.3603515625,3.603515625,-4.32421875
0.9265,-0.48046875,4.1240234375,-3.9638671875
0.927,-1.361328125,4.2841796875,-3.283203125
0.9275,-2.322265625,4.484375,-2.5625
0.928,-3.1630859375,4.6044921875,-1.921875
0.9285,-4.00390625,4.724609375,-1.0810546875
0.929,-4.1640625,3.8837890625,-0.16015625
0.9295,-4.64453125,3.84375,0.400390625
0.93,-4.64453125,2.8427734375,1.361328125
0.9305,-4.8447265625,2.4423828125,1.921875
0.931,-4.96484375,1.5615234375,2.8828125
0.9315,-4.6845703125,0.880859375,3.3232421875
0.932,-4.083984375,-0.240234375,3.763671875
0.9325,-3.7236328125,-1.041015625,4.1240234375
0.933,-2.8828125,-2.0419921875,4.244140625
0.9335,-2.4423828125,-2.6826171875,4.484375
0.934,-1.6416015625,-3.603515625,4.564453125
0.9345,-0.80078125,-3.8037109375,3.8837890625
0.935,-0.16015625,-4.404296875,3.8037109375
0.9355,0.9208984375,-4.564453125,2.9228515625
0.936,1.6416015625,-4.884765625,2.482421875
0.9365,2.5625,-4.96484375,1.76171875
0.937,3.1630859375,-4.884765625,1.12109375
0.9375,3.443359375,-4.244140625,0.240234375
0.938,3.84375,-4.1640625,-0.3203125
0.9385,3.8837890625,-3.2431640625,-1.2412109375
0.939,4.1640625,-2.962890625,-1.8017578125
0.9395,4.32421875,-2.1220703125,-2.72265625
0.94,3.8837890625,-1.4013671875,-3.0029296875
0.9405,3.5234375,-0.400390625,-3.603515625
0.941,2.9228515625,0.48046875,-3.84375
0.9415,2.40234375,1.3212890625,-4.1240234375
0.942,1.921875,2.001953125,-4.32421875
0.9425,1.2412109375,2.7626953125,-4.3642578125
0.943,0.3203125,2.962890625,-3.7236328125
0.9435,-0.3203125,3.5234375,-3.68359375
0.944,-1.361328125,3.6435546875,-2.72265625
0.9445,-1.9619140625,4.083984375,-2.4423828125
0.945,-2.8828125,4.1240234375,-1.681640625
0.9455,-3.2431640625,3.923828125,-1.0810546875
0.946,-3.6435546875,3.5234375,-0.3203125
0.9465,-3.8837890625,3.203125,0.240234375
0.947,-4.1240234375,2.5625,1.12109375
0.9475,-4.32421875,2.2021484375,1.6416015625
0.948,-4.5244140625,1.5615234375,2.40234375
0.9485,-3.8837890625,0.6806640625,2.6826171875
0.949,-3.84375,0.0,3.3232421875
0.9495,-3.04296875,-1.0009765625,3.443359375
0.95,-2.8427734375,-1.6416015625,3.84375
0.9505,-2.2421875,-2.40234375,3.9638671875
0.951,-1.7216796875,-2.8828125,3.9638671875
0.9515,-0.9208984375,-3.2431640625,3.443359375
0.952,-0.3203125,-3.763671875,3.3232421875
0.9525,0.720703125,-3.923828125,2.5625
0.953,1.28125,-4.32421875,2.40234375
0.9535,2.1220703125,-4.484375,1.7216796875
0.954,2.3623046875,-4.1240234375,1.201171875
0.9545,2.8828125,-4.00390625,0.5205078125
0.955,3.123046875,-3.5634765625,-0.16015625
0.9555,3.5234375,-3.203125,-0.8408203125
0.956,3.68359375,-2.72265625,-1.4814453125
0.9565,3.84375,-2.2822265625,-2.1220703125
0.957,3.283203125,-1.28125,-2.482421875
0.9575,3.3232421875,-0.640625,-3.1630859375
0.958,2.5224609375,0.3603515625,-3.36328125
0.9585,2.5224609375,0.9609375,-3.8837890625
0.959,1.841796875,1.7216796875,-4.00390625
0.9595,1.28125,2.0419921875,-3.84375
0.96,0.48046875,2.6025390625,-3.5634765625
0.9605,-0.2802734375,3.0830078125,-3.203125
0.961,-1.2412109375,3.4033203125,-2.6025390625
0.9615,-1.841796875,3.7236328125,-2.322265625
0.962,-2.5625,3.84375,-1.7216796875
0.9625,-2.802734375,3.36328125,-1.0009765625
0.963,-3.3232421875,3.4033203125,-0.5205078125
0.9635,-3.5234375,2.72265625,0.3203125
0.964,-3.923828125,2.5625,0.880859375
0.9645,-4.0439453125,1.921875,1.5615234375
0.965,-4.00390625,1.44140625,2.0419921875
0.9655,-3.5234375,0.48046875,2.5224609375
0.966,-3.36328125,-0.16015625,3.04296875
0.9665,-2.72265625,-1.1611328125,3.283203125
0.967,-2.6826171875,-1.681640625,3.68359375
0.9675,-2.0419921875,-2.40234375,3.7236328125
0.968,-1.44140625,-2.6826171875,3.36328125
0.9685,-0.80078125,-3.203125,3.3232421875
0.969,0.080078125,-3.4833984375,2.7626953125
0.9695,0.7607421875,-3.8837890625,2.482421875
0.97,1.44140625,-4.0439453125,1.9619140625
0.9705,1.921875,-4.1240234375,1.5615234375
0.971,2.2421875,-3.7236328125,0.880859375
0.9715,2.6826171875,-3.763671875,0.48046875
0.972,2.9228515625,-3.0830078125,-0.4404296875
0.9725,3.36328125,-3.0830078125,-0.8408203125
0.973,3.5234375,-2.4423828125,-1.6416015625
0.9735,3.36328125,-1.921875,-2.001953125
0.974,3.04296875,-0.9609375,-2.6025390625
0.9745,2.7626953125,-0.240234375,-3.04296875
0.975,2.40234375,0.560546875,-3.4833984375
0.9755,2.2021484375,1.12109375,-3.8037109375
0.976,1.6015625,1.76171875,-3.84375
0.9765,0.880859375,2.162109375,-3.443359375
0.977,0.240234375,2.7626953125,-3.4833984375
0.9775,-0.80078125,3.0830078125,-2.642578125
0.978,-1.4013671875,3.5634765625,-2.5625
0.9785,-2.162109375,3.6435546875,-1.8818359375
0.979,-2.5625,3.5634765625,-1.44140625
0.9795,-2.962890625,3.2431640625,-0.720703125
0.98,-3.36328125,3.0830078125,-0.16015625
0.9805,-3.68359375,2.5224609375,0.720703125
0.981,-3.923828125,2.2421875,1.2412109375
0.9815,-4.0439453125,1.6416015625,1.921875
0.982,-3.603515625,0.80078125,2.2822265625
0.9825,-3.4833984375,0.0400390625,2.8828125
0.983,-2.8828125,-0.9609375,3.1630859375
0.9835,-2.6826171875,-1.6015625,3.5634765625
0.984,-2.162109375,-2.2021484375,3.68359375
0.9845,-1.6015625,-2.6826171875,3.6435546875
0.985,-0.8408203125,-3.0029296875,3.203125
0.9855,-0.2001953125,-3.5634765625,3.0830078125
0.986,0.880859375,-3.84375,2.2822265625
0.9865,1.4013671875,-4.1640625,2.1220703125
0.987,2.08203125,-4.1640625,1.44140625
0.9875,2.3623046875,-3.8837890625,0.9208984375
0.988,2.802734375,-3.68359375,0.2802734375
0.9885,3.04296875,-3.2431640625,-0.400390625
0.989,3.36328125,-2.8828125,-1.12109375
0.9895,3.5234375,-2.4423828125,-1.6416015625
0.99,3.603515625,-1.841796875,-2.2822265625
0.9905,2.962890625,-0.880859375,-2.6025390625
0.991,2.9228515625,-0.2802734375,-3.203125
0.9915,2.162109375,0.7607421875,-3.443359375
0.992,2.162109375,1.3212890625,-3.923828125
0.9925,1.4013671875,2.0419921875,-3.84375
0.993,0.7607421875,2.5224609375,-3.68359375
0.9935,0.0,2.8828125,-3.2431640625
0.994,-0.880859375,3.4033203125,-2.9228515625
0.9945,-1.8818359375,3.68359375,-2.2021484375
0.995,-2.40234375,3.84375,-1.8818359375
0.9955,-3.0830078125,3.84375,-1.1611328125
0.996,-3.3232421875,3.36328125,-0.48046875
0.9965,-3.763671875,3.1630859375,0.16015625
0.997,-4.00390625,2.4423828125,1.12109375
0.9975,-4.32421875,2.08203125,1.76171875
0.998,-4.2041015625,1.4013671875,2.2822265625
0.9985,-4.1240234375,0.6806640625,2.9228515625
0.999,-3.36328125,-0.4404296875,3.1630859375
0.9995,-3.203125,-1.1611328125,3.68359375
