wavelength,x,y,z
0.0,-1.8017578125,-6.1259765625,6.0458984375
0.0005,-2.962890625,-5.845703125,6.806640625
0.001,-4.3642578125,-4.484375,7.046875
0.0015,-5.4853515625,-2.8427734375,6.88671875
0.002,-6.0458984375,-1.44140625,6.4462890625
0.0025,-6.2060546875,-0.640625,6.166015625
0.003,-6.326171875,0.3203125,5.765625
0.0035,-6.2861328125,1.4013671875,4.96484375
0.004,-5.8857421875,2.8427734375,3.4033203125
0.0045,-5.3251953125,4.083984375,1.8818359375
0.005,-4.8046875,4.7646484375,0.80078125
0.0055,-4.3642578125,5.28515625,0.0
0.006,-3.8837890625,5.8056640625,-1.0009765625
0.0065,-2.5224609375,6.0458984375,-2.4423828125
0.007,-1.0009765625,5.92578125,-3.923828125
0.0075,0.2802734375,5.7255859375,-4.884765625
0.008,1.12109375,5.685546875,-5.765625
0.0085,1.841796875,5.4052734375,-6.3662109375
0.009,2.9228515625,4.7646484375,-7.046875
0.0095,4.32421875,3.1630859375,-7.20703125
0.01,5.3251953125,1.6015625,-6.88671875
0.0105,5.7255859375,0.48046875,-6.486328125
0.011,5.8857421875,-0.400390625,-6.24609375
0.0115,6.0458984375,-1.28125,-5.8056640625
0.012,5.8056640625,-2.5625,-4.64453125
0.0125,5.365234375,-3.923828125,-3.04296875
0.013,4.8046875,-5.044921875,-1.6015625
0.0135,4.32421875,-5.6455078125,-0.6806640625
0.014,3.8837890625,-6.2060546875,0.240234375
0.0145,3.203125,-6.7265625,1.28125
0.015,1.6416015625,-6.806640625,2.9228515625
0.0155,0.1201171875,-6.56640625,4.2841796875
0.016,-1.0009765625,-6.326171875,5.1650390625
0.0165,-1.6015625,-6.40625,5.8056640625
0.017,-2.72265625,-5.92578125,6.6064453125
0.0175,-4.00390625,-4.9248046875,7.046875
0.018,-5.205078125,-3.2431640625,7.046875
0.0185,-6.005859375,-1.7216796875,6.6064453125
0.019,-6.24609375,-0.80078125,6.2861328125
0.0195,-6.3662109375,0.1201171875,5.92578125
0.02,-6.4462890625,1.0810546875,5.4052734375
0.0205,-6.1259765625,2.482421875,3.8837890625
0.021,-5.5654296875,3.84375,2.2421875
0.0215,-4.96484375,4.6044921875,1.041015625
0.022,-4.5244140625,5.1650390625,0.240234375
0.0225,-3.9638671875,5.685546875,-0.80078125
0.023,-2.9228515625,5.9658203125,-1.9619140625
0.0235,-1.44140625,6.005859375,-3.5634765625
0.024,0.0400390625,5.60546875,-4.7646484375
0.0245,0.8408203125,5.60546875,-5.4453125
0.025,1.5615234375,5.4453125,-6.1259765625
0.0255,2.482421875,5.0849609375,-6.9267578125
0.026,3.923828125,3.763671875,-7.1669921875
0.0265,4.96484375,2.08203125,-6.9267578125
0.027,5.525390625,0.7607421875,-6.486328125
0.0275,5.7255859375,0.0,-6.2861328125
0.028,5.845703125,-0.8408203125,-5.92578125
0.0285,5.765625,-1.9619140625,-5.1650390625
0.029,5.4052734375,-3.2431640625,-3.7236328125
0.0295,4.8447265625,-4.4443359375,-2.162109375
0.03,4.3642578125,-5.1650390625,-1.12109375
0.0305,4.00390625,-5.765625,-0.3203125
0.031,3.6435546875,-6.3662109375,0.6005859375
0.0315,2.40234375,-6.56640625,1.9619140625
0.032,0.9609375,-6.3662109375,3.443359375
0.0325,-0.400390625,-6.326171875,4.404296875
0.033,-1.041015625,-6.3662109375,5.1650390625
0.0335,-1.921875,-6.24609375,5.92578125
0.034,-2.962890625,-5.6455078125,6.6865234375
0.0345,-4.3642578125,-4.1640625,6.88671875
0.035,-5.3251953125,-2.5625,6.56640625
0.0355,-5.8056640625,-1.4814453125,6.2861328125
0.036,-6.005859375,-0.720703125,6.0458984375
0.0365,-6.166015625,0.240234375,5.765625
0.037,-6.0859375,1.4013671875,4.7646484375
0.0375,-5.6455078125,2.72265625,3.203125
0.038,-5.125,3.8037109375,1.8818359375
0.0385,-4.7646484375,4.484375,0.9208984375
0.039,-4.3642578125,5.0849609375,0.1201171875
0.0395,-3.8037109375,5.60546875,-0.9208984375
0.04,-2.4423828125,5.7255859375,-2.3623046875
0.0405,-1.0009765625,5.5654296875,-3.7236328125
0.041,0.080078125,5.4453125,-4.564453125
0.0415,0.7607421875,5.4453125,-5.3251953125
0.042,1.681640625,5.28515625,-6.1259765625
0.0425,2.8427734375,4.484375,-6.6865234375
0.043,4.083984375,2.962890625,-6.6865234375
0.0435,4.884765625,1.5615234375,-6.40625
0.044,5.2451171875,0.6806640625,-6.166015625
0.0445,5.4853515625,0.0,-5.9658203125
0.045,5.6455078125,-1.0009765625,-5.7255859375
0.0455,5.365234375,-2.2021484375,-4.4443359375
0.046,4.9248046875,-3.4833984375,-2.962890625
0.0465,4.484375,-4.3642578125,-1.8017578125
0.047,4.1640625,-5.044921875,-1.0009765625
0.0475,3.84375,-5.685546875,-0.240234375
0.048,3.1630859375,-6.1259765625,0.880859375
0.0485,1.76171875,-6.2060546875,2.2822265625
0.049,0.48046875,-6.1259765625,3.443359375
0.0495,-0.400390625,-6.166015625,4.2841796875
0.05,-1.0810546875,-6.166015625,5.125
0.0505,-1.9619140625,-6.005859375,6.005859375
0.051,-3.283203125,-4.884765625,6.40625
0.0515,-4.3642578125,-3.443359375,6.2861328125
0.052,-5.0048828125,-2.2421875,6.005859375
0.0525,-5.3251953125,-1.44140625,5.9658203125
0.053,-5.7255859375,-0.720703125,5.8056640625
0.0535,-5.765625,0.240234375,5.28515625
0.054,-5.4853515625,1.44140625,4.1240234375
0.0545,-5.125,2.6025390625,2.72265625
0.055,-4.7646484375,3.4833984375,1.76171875
0.0555,-4.564453125,4.1640625,1.0009765625
0.056,-4.3642578125,4.884765625,0.240234375
0.0565,-3.36328125,5.2451171875,-1.0810546875
0.057,-2.0419921875,5.2451171875,-2.40234375
0.0575,-1.0009765625,5.205078125,-3.4833984375
0.058,-0.3203125,5.4052734375,-4.2841796875
0.0585,0.6005859375,5.4453125,-5.1650390625
0.059,1.5615234375,5.125,-5.9658203125
0.0595,2.8427734375,3.9638671875,-6.24609375
0.06,3.8837890625,2.5625,-6.1259765625
0.0605,4.6044921875,1.5615234375,-6.0458984375
0.061,4.884765625,0.8408203125,-5.9658203125
0.0615,5.2451171875,0.1201171875,-5.92578125
0.062,5.205078125,-1.0009765625,-5.1650390625
0.0625,4.96484375,-2.2421875,-3.923828125
0.063,4.5244140625,-3.283203125,-2.72265625
0.0635,4.32421875,-4.1240234375,-1.8818359375
0.064,4.1240234375,-4.8447265625,-1.12109375
0.0645,3.84375,-5.60546875,-0.2802734375
0.065,2.72265625,-5.8857421875,1.12109375
0.0655,1.4013671875,-5.845703125,2.3623046875
0.066,0.560546875,-5.92578125,3.3232421875
0.0665,-0.240234375,-6.1259765625,4.2041015625
0.067,-1.12109375,-6.0859375,5.1650390625
0.0675,-2.2421875,-5.4453125,5.8056640625
0.068,-3.4833984375,-4.244140625,6.005859375
0.0685,-4.1640625,-2.8828125,5.7255859375
0.069,-4.884765625,-2.08203125,5.8056640625
0.0695,-5.2451171875,-1.361328125,5.765625
0.07,-5.60546875,-0.6005859375,5.6455078125
0.0705,-5.4853515625,0.640625,4.64453125
0.071,-5.1650390625,1.841796875,3.36328125
0.0715,-4.8447265625,2.7626953125,2.322265625
0.072,-4.64453125,3.5234375,1.5615234375
0.0725,-4.4443359375,4.2841796875,0.7607421875
0.073,-3.84375,4.8046875,-0.2802734375
0.0735,-2.802734375,5.0048828125,-1.5615234375
0.074,-1.6015625,5.044921875,-2.72265625
0.0745,-0.80078125,5.205078125,-3.603515625
0.075,0.0,5.365234375,-4.484375
0.0755,0.880859375,5.4052734375,-5.4453125
0.076,2.162109375,4.484375,-5.92578125
0.0765,3.2431640625,3.0029296875,-6.1259765625
0.077,3.9638671875,1.9619140625,-5.765625
0.0775,4.484375,1.28125,-5.845703125
0.078,4.8447265625,0.6005859375,-5.845703125
0.0785,5.044921875,-0.3603515625,-5.4853515625
0.079,4.9248046875,-1.4814453125,-4.484375
0.0795,4.6044921875,-2.6025390625,-3.283203125
0.08,4.404296875,-3.4833984375,-2.322265625
0.0805,4.2841796875,-4.3642578125,-1.6416015625
0.081,4.1240234375,-5.1650390625,-0.880859375
0.0815,3.283203125,-5.6455078125,0.400390625
0.082,2.08203125,-5.7255859375,1.6416015625
0.0825,1.0810546875,-5.765625,2.72265625
0.083,0.3603515625,-6.0458984375,3.68359375
0.0835,-0.560546875,-6.1259765625,4.6044921875
0.084,-1.521484375,-5.765625,5.4853515625
0.0845,-2.9228515625,-4.8447265625,5.8857421875
0.085,-3.923828125,-3.4033203125,5.8056640625
0.0855,-4.6044921875,-2.4423828125,5.765625
0.086,-5.044921875,-1.7216796875,5.765625
0.0865,-5.4453125,-1.0009765625,5.7255859375
0.087,-5.4453125,0.1201171875,5.044921875
0.0875,-5.28515625,1.3212890625,3.8837890625
0.088,-4.884765625,2.40234375,2.6826171875
0.0885,-4.7646484375,3.203125,1.841796875
0.089,-4.564453125,3.9638671875,1.0810546875
0.0895,-4.244140625,4.64453125,0.2001953125
0.09,-3.1630859375,5.044921875,-1.1611328125
0.0905,-1.921875,5.0849609375,-2.4423828125
0.091,-1.0009765625,5.205078125,-3.4033203125
0.0915,-0.3203125,5.365234375,-4.32421875
0.092,0.640625,5.365234375,-5.205078125
0.0925,1.8017578125,4.64453125,-5.92578125
0.093,3.04296875,3.443359375,-6.0859375
0.0935,3.9638671875,2.162109375,-5.92578125
0.094,4.484375,1.28125,-5.92578125
0.0945,4.884765625,0.6005859375,-5.8857421875
0.095,5.2451171875,-0.3203125,-5.7255859375
0.0955,5.044921875,-1.4814453125,-4.64453125
0.096,4.724609375,-2.6826171875,-3.36328125
0.0965,4.404296875,-3.68359375,-2.2822265625
0.097,4.2841796875,-4.484375,-1.521484375
0.0975,4.00390625,-5.2451171875,-0.720703125
0.098,3.36328125,-5.685546875,0.400390625
0.0985,2.2021484375,-5.92578125,1.76171875
0.099,0.9609375,-5.8857421875,2.9228515625
0.0995,0.2001953125,-6.0458984375,3.84375
0.1,-0.720703125,-6.1259765625,4.8046875
0.1005,-1.6015625,-6.0458984375,5.685546875
0.101,-2.962890625,-4.884765625,6.1259765625
0.1015,-4.1640625,-3.4833984375,6.0859375
0.102,-4.8447265625,-2.2822265625,5.8857421875
0.1025,-5.205078125,-1.5615234375,5.845703125
0.103,-5.525390625,-0.80078125,5.685546875
0.1035,-5.6455078125,0.2802734375,5.125
0.104,-5.525390625,1.521484375,3.9638671875
0.1045,-5.0849609375,2.6826171875,2.6025390625
0.105,-4.724609375,3.443359375,1.6416015625
0.1055,-4.5244140625,4.1240234375,0.880859375
0.106,-4.2041015625,4.9248046875,0.080078125
0.1065,-3.1630859375,5.205078125,-1.3212890625
0.107,-1.8818359375,5.28515625,-2.6025390625
0.1075,-0.80078125,5.2451171875,-3.6435546875
0.108,-0.2001953125,5.365234375,-4.484375
0.1085,0.8408203125,5.3251953125,-5.3251953125
0.109,1.8818359375,4.9248046875,-6.1259765625
0.1095,3.203125,3.603515625,-6.40625
0.11,4.2041015625,2.2021484375,-6.24609375
0.1105,4.7646484375,1.201171875,-6.0458984375
0.111,5.0849609375,0.48046875,-5.92578125
0.1115,5.4052734375,-0.400390625,-5.765625
0.112,5.1650390625,-1.4814453125,-4.6845703125
0.1125,5.044921875,-2.8427734375,-3.5634765625
0.113,4.5244140625,-3.8837890625,-2.2822265625
0.1135,4.244140625,-4.64453125,-1.44140625
0.114,3.9638671875,-5.28515625,-0.640625
0.1145,3.5234375,-5.8857421875,0.4404296875
0.115,2.2421875,-6.1259765625,1.841796875
0.1155,0.9208984375,-6.0458984375,3.123046875
0.116,0.0,-6.1259765625,4.00390625
0.1165,-0.7607421875,-6.166015625,4.8447265625
0.117,-1.8017578125,-5.92578125,5.765625
0.1175,-3.0029296875,-5.125,6.3662109375
0.118,-4.244140625,-3.68359375,6.40625
0.1185,-5.125,-2.2822265625,6.166015625
0.119,-5.525390625,-1.44140625,6.0458984375
0.1195,-5.8056640625,-0.6806640625,5.8056640625
0.12,-6.24609375,0.2802734375,5.4853515625
0.1205,-5.765625,1.6416015625,4.1240234375
0.121,-5.4052734375,2.9228515625,2.6826171875
0.1215,-4.96484375,3.84375,1.521484375
0.122,-4.6044921875,4.6044921875,0.720703125
0.1225,-4.2041015625,5.1650390625,-0.2802734375
0.123,-3.2431640625,5.5654296875,-1.4814453125
0.1235,-1.8818359375,5.7255859375,-2.962890625
0.124,-0.6005859375,5.60546875,-4.1240234375
0.1245,0.3203125,5.60546875,-4.96484375
0.125,1.12109375,5.4853515625,-5.765625
0.1255,2.2021484375,5.125,-6.6064453125
0.126,3.68359375,3.763671875,-6.966796875
0.1265,4.724609375,2.162109375,-6.7666015625
0.127,5.28515625,0.9208984375,-6.40625
0.1275,5.525390625,0.1201171875,-6.166015625
0.128,5.6455078125,-1.0009765625,-5.845703125
0.1285,5.7255859375,-2.08203125,-5.0048828125
0.129,5.365234375,-3.4833984375,-3.4833984375
0.1295,4.8046875,-4.64453125,-2.001953125
0.13,4.404296875,-5.28515625,-1.0009765625
0.1305,3.9638671875,-5.845703125,-0.16015625
0.131,3.443359375,-6.4462890625,0.880859375
0.1315,2.08203125,-6.6865234375,2.40234375
0.132,0.560546875,-6.4462890625,3.84375
0.1325,-0.640625,-6.3662109375,4.7646484375
0.133,-1.3212890625,-6.326171875,5.4853515625
0.1335,-2.322265625,-5.9658203125,6.326171875
0.134,-3.5234375,-5.205078125,6.966796875
0.1345,-4.884765625,-3.6435546875,7.046875
0.135,-5.765625,-2.08203125,6.6865234375
0.1355,-6.0859375,-0.9609375,6.2861328125
0.136,-6.166015625,-0.2802734375,5.765625
0.1365,-6.3662109375,0.7607421875,5.4453125
0.137,-6.1259765625,2.1220703125,4.2041015625
0.1375,-5.6455078125,3.4833984375,2.5625
0.138,-5.044921875,4.484375,1.28125
0.1385,-4.564453125,5.0048828125,0.3603515625
0.139,-4.0439453125,5.525390625,-0.6005859375
0.1395,-3.283203125,5.9658203125,-1.5615234375
0.14,-1.681640625,6.0859375,-3.283203125
0.1405,-0.2802734375,5.8056640625,-4.5244140625
0.141,0.6806640625,5.6455078125,-5.28515625
0.1415,1.361328125,5.5654296875,-5.9658203125
0.142,2.4423828125,5.0849609375,-6.7666015625
0.1425,3.68359375,4.00390625,-7.20703125
0.143,4.96484375,2.40234375,-7.126953125
0.1435,5.525390625,0.9609375,-6.6865234375
0.144,5.845703125,0.0400390625,-6.4462890625
0.1445,5.9658203125,-0.8408203125,-6.0859375
0.145,6.0458984375,-1.841796875,-5.4853515625
0.1455,5.60546875,-3.2431640625,-4.00390625
0.146,5.0849609375,-4.5244140625,-2.3623046875
0.1465,4.5244140625,-5.28515625,-1.1611328125
0.147,4.083984375,-5.92578125,-0.3203125
0.1475,3.5634765625,-6.40625,0.6806640625
0.148,2.5625,-6.7265625,1.921875
0.1485,0.9609375,-6.7265625,3.5234375
0.149,-0.400390625,-6.4462890625,4.6044921875
0.1495,-1.1611328125,-6.40625,5.365234375
0.15,-1.9619140625,-6.24609375,6.0859375
0.1505,-3.0830078125,-5.8056640625,6.88671875
0.151,-4.5244140625,-4.3642578125,7.1669921875
0.1515,-5.4853515625,-2.642578125,6.88671875
0.152,-6.0458984375,-1.361328125,6.40625
0.1525,-6.24609375,-0.6005859375,6.1259765625
0.153,-6.40625,0.3203125,5.765625
0.1535,-6.2861328125,1.44140625,4.8447265625
0.154,-5.845703125,2.9228515625,3.3232421875
0.1545,-5.3251953125,4.083984375,1.841796875
0.155,-4.7646484375,4.8046875,0.7607421875
0.1555,-4.404296875,5.28515625,-0.240234375
0.156,-3.8837890625,5.9658203125,-1.041015625
0.1565,-2.40234375,6.1259765625,-2.6025390625
0.157,-0.80078125,5.9658203125,-4.083984375
0.1575,0.3203125,5.7255859375,-5.0048828125
0.158,1.0009765625,5.7255859375,-5.765625
0.1585,1.921875,5.4052734375,-6.5263671875
0.159,3.04296875,4.6845703125,-7.1669921875
0.1595,4.5244140625,3.1630859375,-7.2470703125
0.16,5.4052734375,1.4013671875,-6.9267578125
0.1605,5.8056640625,0.3203125,-6.5263671875
0.161,5.9658203125,-0.6005859375,-6.24609375
0.1615,6.0859375,-1.4814453125,-5.845703125
0.162,5.8857421875,-2.8427734375,-4.5244140625
0.1625,5.4052734375,-4.244140625,-2.9228515625
0.163,4.7646484375,-5.2451171875,-1.44140625
0.1635,4.2041015625,-5.8056640625,-0.400390625
0.164,3.8037109375,-6.40625,0.4404296875
0.1645,3.04296875,-6.8466796875,1.5615234375
0.165,1.4013671875,-6.9267578125,3.203125
0.1655,-0.2001953125,-6.6865234375,4.5244140625
0.166,-1.12109375,-6.486328125,5.365234375
0.1665,-1.8818359375,-6.40625,6.0859375
0.167,-2.962890625,-5.8857421875,6.88671875
0.1675,-4.32421875,-4.7646484375,7.3271484375
0.168,-5.4853515625,-3.04296875,7.20703125
0.1685,-6.166015625,-1.5615234375,6.6865234375
0.169,-6.40625,-0.640625,6.3662109375
0.1695,-6.5263671875,0.2802734375,5.8857421875
0.17,-6.56640625,1.4013671875,5.2451171875
0.1705,-6.1259765625,2.8427734375,3.68359375
0.171,-5.5654296875,4.083984375,1.9619140625
0.1715,-4.7646484375,4.8447265625,0.6806640625
0.172,-4.4443359375,5.4052734375,0.0
0.1725,-3.8837890625,5.8857421875,-1.041015625
0.173,-2.72265625,6.1259765625,-2.322265625
0.1735,-1.1611328125,6.1259765625,-3.84375
0.174,0.3203125,5.765625,-4.96484375
0.1745,1.0009765625,5.685546875,-5.6455078125
0.175,1.76171875,5.4853515625,-6.326171875
0.1755,2.7626953125,5.044921875,-7.0869140625
0.176,4.1640625,3.5634765625,-7.2470703125
0.1765,5.125,1.8818359375,-7.0068359375
0.177,5.6455078125,0.6005859375,-6.486328125
0.1775,5.765625,-0.2802734375,-6.2861328125
0.178,5.8857421875,-1.0009765625,-5.8857421875
0.1785,5.8056640625,-2.08203125,-5.044921875
0.179,5.4052734375,-3.4033203125,-3.5634765625
0.1795,4.8447265625,-4.484375,-1.921875
0.18,4.32421875,-5.205078125,-1.0009765625
0.1805,3.9638671875,-5.845703125,-0.2802734375
0.181,3.603515625,-6.4462890625,0.6806640625
0.1815,2.2421875,-6.646484375,2.1220703125
0.182,0.6806640625,-6.486328125,3.5234375
0.1825,-0.48046875,-6.326171875,4.484375
0.183,-1.041015625,-6.40625,5.1650390625
0.1835,-1.921875,-6.166015625,6.0859375
0.184,-3.0830078125,-5.60546875,6.6865234375
0.1845,-4.4443359375,-4.1240234375,6.9267578125
0.185,-5.3251953125,-2.5625,6.5263671875
0.1855,-5.8056640625,-1.5615234375,6.24609375
0.186,-6.0458984375,-0.720703125,6.0458984375
0.1865,-6.24609375,0.16015625,5.765625
0.187,-6.0859375,1.361328125,4.6845703125
0.1875,-5.8056640625,2.802734375,3.3232421875
0.188,-5.0849609375,3.763671875,1.841796875
0.1885,-4.7646484375,4.484375,0.9609375
0.189,-4.404296875,5.0849609375,0.1201171875
0.1895,-3.8037109375,5.6455078125,-0.9609375
0.19,-2.40234375,5.8056640625,-2.4423828125
0.1905,-0.8408203125,5.685546875,-3.8037109375
0.191,0.080078125,5.6455078125,-4.64453125
0.1915,0.6806640625,5.60546875,-5.4453125
0.192,1.7216796875,5.365234375,-6.2861328125
0.1925,3.0029296875,4.484375,-6.7666015625
0.193,4.1240234375,2.8427734375,-6.7666015625
0.1935,4.96484375,1.44140625,-6.4462890625
0.194,5.365234375,0.640625,-6.2861328125
0.1945,5.5654296875,-0.240234375,-6.1259765625
0.195,5.7255859375,-1.0810546875,-5.60546875
0.1955,5.205078125,-2.6025390625,-4.3642578125
0.196,4.9248046875,-3.7236328125,-2.8828125
0.1965,4.484375,-4.5244140625,-1.681640625
0.197,4.2041015625,-5.2451171875,-0.9208984375
0.1975,3.84375,-5.845703125,0.0400390625
0.198,3.0029296875,-6.2861328125,1.201171875
0.1985,1.521484375,-6.326171875,2.642578125
0.199,0.240234375,-6.166015625,3.763671875
0.1995,-0.5205078125,-6.1259765625,4.6044921875
0.2,-1.3212890625,-6.24609375,5.4052734375
0.2005,-2.2822265625,-5.9658203125,6.2861328125
0.201,-3.603515625,-4.6845703125,6.6064453125
0.2015,-4.6845703125,-3.203125,6.40625
0.202,-5.28515625,-1.9619140625,6.0859375
0.2025,-5.6455078125,-1.2412109375,5.9658203125
0.203,-5.765625,-0.400390625,5.765625
0.2035,-5.60546875,0.7607421875,5.0849609375
0.204,-5.5654296875,1.8818359375,3.84375
0.2045,-5.0849609375,3.0029296875,2.40234375
0.205,-4.7646484375,3.763671875,1.4814453125
0.2055,-4.484375,4.4443359375,0.720703125
0.206,-4.1640625,5.125,-0.16015625
0.2065,-3.0830078125,5.4453125,-1.44140625
0.207,-1.76171875,5.4052734375,-2.802734375
0.2075,-0.640625,5.365234375,-3.763671875
0.208,0.1201171875,5.4052734375,-4.6044921875
0.2085,0.880859375,5.365234375,-5.4453125
0.209,1.921875,4.96484375,-6.166015625
0.2095,3.1630859375,3.68359375,-6.4462890625
0.21,4.1240234375,2.3623046875,-6.24609375
0.2105,4.724609375,1.4013671875,-6.0458984375
0.211,4.96484375,0.640625,-6.0859375
0.2115,5.5654296875,0.240234375,-5.845703125
0.212,5.28515625,-1.28125,-5.0048828125
0.2125,4.96484375,-2.482421875,-3.8037109375
0.213,4.6044921875,-3.5634765625,-2.5224609375
0.2135,4.3642578125,-4.32421875,-1.7216796875
0.214,4.1240234375,-5.0849609375,-0.9609375
0.2145,3.8037109375,-5.765625,0.0400390625
0.215,2.6025390625,-5.9658203125,1.4013671875
0.2155,1.4013671875,-5.8857421875,2.642578125
0.216,0.3603515625,-6.0458984375,3.5634765625
0.2165,-0.4404296875,-6.24609375,4.484375
0.217,-1.28125,-6.1259765625,5.4052734375
0.2175,-2.5625,-5.4052734375,6.005859375
0.218,-3.7236328125,-4.1240234375,6.0859375
0.2185,-4.564453125,-2.7626953125,5.8857421875
0.219,-4.96484375,-1.921875,5.8857421875
0.2195,-5.4453125,-1.041015625,5.9658203125
0.22,-5.765625,-0.400390625,5.6455078125
0.2205,-5.525390625,0.8408203125,4.5244140625
0.221,-5.1650390625,2.001953125,3.2431640625
0.2215,-4.8447265625,2.8828125,2.2421875
0.222,-4.64453125,3.7236328125,1.44140625
0.2225,-4.4443359375,4.404296875,0.640625
0.223,-3.84375,4.9248046875,-0.48046875
0.2235,-2.5224609375,5.125,-1.8017578125
0.224,-1.4013671875,5.0849609375,-2.8828125
0.2245,-0.720703125,5.2451171875,-3.8037109375
0.225,0.2001953125,5.4052734375,-4.6845703125
0.2255,1.0009765625,5.365234375,-5.6455078125
0.226,2.2421875,4.32421875,-6.0458984375
0.2265,3.36328125,3.0029296875,-5.9658203125
0.227,3.9638671875,1.841796875,-5.92578125
0.2275,4.4443359375,1.0810546875,-5.845703125
0.228,4.884765625,0.48046875,-5.845703125
0.2285,5.0849609375,-0.5205078125,-5.4453125
0.229,4.96484375,-1.6416015625,-4.3642578125
0.2295,4.6044921875,-2.8427734375,-3.123046875
0.23,4.404296875,-3.7236328125,-2.2822265625
0.2305,4.1640625,-4.484375,-1.4814453125
0.231,4.1240234375,-5.1650390625,-0.640625
0.2315,3.0830078125,-5.765625,0.6005859375
0.232,1.921875,-5.765625,1.921875
0.2325,0.9208984375,-5.8857421875,2.9228515625
0.233,0.3203125,-6.1259765625,3.8037109375
0.2335,-0.6806640625,-6.166015625,4.7646484375
0.234,-1.8017578125,-5.765625,5.60546875
0.2345,-3.0830078125,-4.6845703125,5.92578125
0.235,-3.8837890625,-3.203125,5.8056640625
0.2355,-4.7646484375,-2.40234375,5.8056640625
0.236,-5.125,-1.681640625,5.765625
0.2365,-5.525390625,-0.9208984375,5.7255859375
0.237,-5.4853515625,0.2802734375,4.96484375
0.2375,-5.28515625,1.44140625,3.763671875
0.238,-4.96484375,2.5224609375,2.6025390625
0.2385,-4.6845703125,3.36328125,1.8017578125
0.239,-4.4443359375,4.083984375,0.880859375
0.2395,-4.2041015625,4.6845703125,0.1201171875
0.24,-3.0830078125,5.0849609375,-1.28125
0.2405,-1.841796875,5.0849609375,-2.482421875
0.241,-1.0009765625,5.1650390625,-3.4833984375
0.2415,-0.3203125,5.365234375,-4.3642578125
0.242,0.720703125,5.4052734375,-5.205078125
0.2425,1.921875,4.724609375,-5.8857421875
0.243,3.123046875,3.5234375,-5.92578125
0.2435,3.8837890625,2.08203125,-5.8857421875
0.244,4.4443359375,1.28125,-5.92578125
0.2445,4.8447265625,0.6806640625,-5.8056640625
0.245,5.2451171875,-0.2802734375,-5.7255859375
0.2455,5.0849609375,-1.44140625,-4.64453125
0.246,4.7646484375,-2.6826171875,-3.443359375
0.2465,4.404296875,-3.603515625,-2.40234375
0.247,4.1240234375,-4.564453125,-1.76171875
0.2475,4.1240234375,-5.125,-0.80078125
0.248,3.4033203125,-5.6455078125,0.3203125
0.2485,2.2421875,-5.8857421875,1.6416015625
0.249,1.0009765625,-5.845703125,2.8427734375
0.2495,0.3203125,-6.0859375,3.68359375
0.25,-0.5205078125,-6.0859375,4.64453125
0.2505,-1.5615234375,-6.005859375,5.60546875
0.251,-2.8828125,-5.0849609375,5.9658203125
0.2515,-4.1240234375,-3.4833984375,6.0458984375
0.252,-4.7646484375,-2.3623046875,5.8857421875
0.2525,-5.125,-1.6416015625,5.845703125
0.253,-5.4453125,-0.9208984375,5.685546875
0.2535,-5.5654296875,0.16015625,5.125
0.254,-5.4052734375,1.44140625,3.9638671875
0.2545,-5.0849609375,2.6025390625,2.6826171875
0.255,-4.64453125,3.68359375,1.921875
0.2555,-4.484375,4.1240234375,1.0009765625
0.256,-4.244140625,4.8447265625,0.16015625
0.2565,-3.203125,5.125,-1.28125
0.257,-1.8818359375,5.205078125,-2.5625
0.2575,-0.9208984375,5.1650390625,-3.603515625
0.258,-0.2001953125,5.4052734375,-4.4443359375
0.2585,0.7607421875,5.3251953125,-5.3251953125
0.259,1.7216796875,4.8447265625,-6.005859375
0.2595,3.283203125,3.68359375,-6.326171875
0.26,4.1640625,2.2421875,-6.166015625
0.2605,4.724609375,1.2412109375,-6.0458984375
0.261,5.0849609375,0.48046875,-5.9658203125
0.2615,5.365234375,-0.48046875,-5.845703125
0.262,5.2451171875,-1.6015625,-4.8447265625
0.2625,5.044921875,-2.8828125,-3.4833984375
0.263,4.6044921875,-3.6435546875,-2.08203125
0.2635,4.4443359375,-4.564453125,-1.4013671875
0.264,4.00390625,-5.28515625,-0.640625
0.2645,3.443359375,-5.9658203125,0.48046875
0.265,2.1220703125,-6.2060546875,1.9619140625
0.2655,0.880859375,-6.1259765625,3.203125
0.266,0.0,-6.1259765625,4.1240234375
0.2665,-0.80078125,-6.2060546875,4.9248046875
0.267,-1.841796875,-6.1259765625,5.7255859375
0.2675,-3.0830078125,-4.96484375,6.40625
0.268,-4.3642578125,-3.5634765625,6.40625
0.2685,-5.1650390625,-2.2021484375,6.1259765625
0.269,-5.525390625,-1.44140625,6.005859375
0.2695,-5.765625,-0.640625,5.765625
0.27,-6.0458984375,0.3603515625,5.3251953125
0.2705,-5.765625,1.76171875,4.0439453125
0.271,-5.125,3.1630859375,2.4423828125
0.2715,-4.7646484375,3.8837890625,1.521484375
0.272,-4.5244140625,4.5244140625,0.6806640625
0.2725,-4.1240234375,5.0849609375,-0.3203125
0.273,-3.203125,5.4853515625,-1.4814453125
0.2735,-1.8017578125,5.60546875,-3.0029296875
0.274,-0.5205078125,5.4453125,-4.1640625
0.2745,0.3203125,5.5654296875,-4.8447265625
0.275,1.28125,5.4052734375,-5.845703125
0.2755,2.1220703125,5.125,-6.5263671875
0.276,3.603515625,3.68359375,-6.966796875
0.2765,4.6845703125,2.1220703125,-6.7265625
0.277,5.2451171875,1.0009765625,-6.3662109375
0.2775,5.4453125,0.1201171875,-6.166015625
0.278,5.7255859375,-0.720703125,-5.765625
0.2785,5.7255859375,-1.921875,-5.0048828125
0.279,5.4052734375,-3.4033203125,-3.68359375
0.2795,4.8447265625,-4.5244140625,-2.08203125
0.28,4.404296875,-5.205078125,-1.041015625
0.2805,3.9638671875,-5.845703125,-0.2802734375
0.281,3.4833984375,-6.4462890625,0.80078125
0.2815,2.0419921875,-6.6865234375,2.40234375
0.282,0.6005859375,-6.486328125,3.84375
0.2825,-0.640625,-6.40625,4.64453125
0.283,-1.12109375,-6.2861328125,5.4052734375
0.2835,-2.4423828125,-6.0458984375,6.326171875
0.284,-3.5234375,-5.1650390625,6.88671875
0.2845,-4.8447265625,-3.603515625,7.0869140625
0.285,-5.765625,-2.0419921875,6.646484375
0.2855,-6.1259765625,-1.0009765625,6.3662109375
0.286,-6.24609375,-0.2001953125,5.9658203125
0.2865,-6.56640625,0.80078125,5.525390625
0.287,-6.1259765625,2.162109375,4.00390625
0.2875,-5.8056640625,3.603515625,2.5625
0.288,-5.0849609375,4.5244140625,1.2412109375
0.2885,-4.5244140625,5.125,0.3603515625
0.289,-4.0439453125,5.5654296875,-0.640625
0.2895,-3.1630859375,6.005859375,-1.841796875
0.29,-1.6416015625,6.0859375,-3.5234375
0.2905,0.1201171875,5.8857421875,-4.724609375
0.291,0.9208984375,5.7255859375,-5.4853515625
0.2915,1.4013671875,5.525390625,-6.1259765625
0.292,2.5625,5.0849609375,-6.88671875
0.2925,3.923828125,3.8837890625,-7.2470703125
0.293,5.0048828125,2.2021484375,-7.126953125
0.2935,5.7255859375,0.8408203125,-6.6865234375
0.294,5.8056640625,-0.16015625,-6.3662109375
0.2945,5.845703125,-1.0009765625,-5.92578125
0.295,6.0859375,-1.921875,-5.28515625
0.2955,5.60546875,-3.36328125,-3.7236328125
0.296,5.0849609375,-4.6845703125,-2.162109375
0.2965,4.484375,-5.4453125,-1.0009765625
0.297,4.1240234375,-6.0458984375,-0.240234375
0.2975,3.5234375,-6.56640625,0.8408203125
0.298,2.40234375,-6.806640625,2.2021484375
0.2985,0.720703125,-6.6865234375,3.8037109375
0.299,-0.5205078125,-6.6064453125,4.64453125
0.2995,-1.361328125,-6.486328125,5.525390625
0.3,-2.1220703125,-6.2060546875,6.2060546875
0.3005,-3.203125,-5.7255859375,7.046875
0.301,-4.7646484375,-4.1640625,7.3671875
0.3015,-5.765625,-2.5224609375,6.9267578125
0.302,-6.0859375,-1.2412109375,6.486328125
0.3025,-6.2060546875,-0.3203125,6.166015625
0.303,-6.40625,0.640625,5.765625
0.3035,-6.2861328125,1.841796875,4.8046875
0.304,-5.8857421875,3.1630859375,3.1630859375
0.3045,-5.28515625,4.2041015625,1.5615234375
0.305,-4.7646484375,4.8046875,0.6005859375
0.3055,-4.32421875,5.365234375,-0.3603515625
0.306,-3.763671875,5.9658203125,-1.1611328125
0.3065,-2.2822265625,6.005859375,-2.8828125
0.307,-0.7607421875,5.845703125,-4.2041015625
0.3075,0.3603515625,5.7255859375,-5.125
0.308,1.12109375,5.7255859375,-5.845703125
0.3085,2.0419921875,5.365234375,-6.56640625
0.309,3.203125,4.6044921875,-7.126953125
0.3095,4.564453125,3.04296875,-7.287109375
0.31,5.365234375,1.44140625,-6.88671875
0.3105,5.685546875,0.2001953125,-6.56640625
0.311,5.8857421875,-0.3603515625,-6.1259765625
0.3115,6.1259765625,-1.28125,-5.765625
0.312,5.765625,-2.72265625,-4.484375
0.3125,5.3251953125,-4.1240234375,-2.8427734375
0.313,4.7646484375,-5.125,-1.4814453125
0.3135,4.2841796875,-5.8056640625,-0.6005859375
0.314,3.763671875,-6.2861328125,0.3603515625
0.3145,3.123046875,-6.56640625,1.521484375
0.315,1.4013671875,-6.7666015625,3.2431640625
0.3155,-0.16015625,-6.56640625,4.404296875
0.316,-1.0009765625,-6.486328125,5.125
0.3165,-1.6416015625,-6.40625,5.8857421875
0.317,-2.72265625,-5.92578125,6.7666015625
0.3175,-4.2041015625,-4.8447265625,7.1669921875
0.318,-5.205078125,-3.1630859375,7.046875
0.3185,-6.1259765625,-1.5615234375,6.7265625
0.319,-6.3662109375,-0.720703125,6.4462890625
0.3195,-6.56640625,0.1201171875,5.92578125
0.32,-6.4462890625,1.28125,5.365234375
0.3205,-6.166015625,2.6826171875,3.7236328125
0.321,-5.60546875,3.8837890625,2.0419921875
0.3215,-4.96484375,4.7646484375,0.9609375
0.322,-4.564453125,5.4052734375,0.16015625
0.3225,-3.8837890625,5.9658203125,-1.0009765625
0.323,-2.9228515625,6.0859375,-2.2822265625
0.3235,-1.1611328125,6.1259765625,-3.84375
0.324,0.240234375,5.765625,-4.96484375
0.3245,0.9609375,5.7255859375,-5.7255859375
0.325,1.8017578125,5.525390625,-6.40625
0.3255,2.8427734375,5.0048828125,-7.1669921875
0.326,4.2041015625,3.5234375,-7.2470703125
0.3265,5.3251953125,1.6416015625,-7.1669921875
0.327,5.7255859375,0.6005859375,-6.4462890625
0.3275,5.765625,-0.4404296875,-6.2861328125
0.328,6.005859375,-1.1611328125,-5.8056640625
0.3285,5.845703125,-2.4423828125,-4.884765625
0.329,5.4453125,-3.84375,-3.283203125
0.3295,4.8046875,-5.0048828125,-1.8017578125
0.33,4.404296875,-5.6455078125,-0.8408203125
0.3305,3.8837890625,-6.24609375,0.0400390625
0.331,3.36328125,-6.7666015625,1.0009765625
0.3315,1.9619140625,-6.88671875,2.5224609375
0.332,0.3203125,-6.56640625,4.00390625
0.3325,-0.9208984375,-6.40625,4.8447265625
0.333,-1.44140625,-6.3662109375,5.5654296875
0.3335,-2.2822265625,-6.0859375,6.40625
0.334,-3.4833984375,-5.1650390625,7.0068359375
0.3345,-4.8046875,-3.7236328125,6.88671875
0.335,-5.6455078125,-2.08203125,6.6064453125
0.3355,-6.24609375,-1.1611328125,6.3662109375
0.336,-6.166015625,-0.3603515625,6.0458984375
0.3365,-6.3662109375,0.560546875,5.7255859375
0.337,-6.166015625,1.8017578125,4.404296875
0.3375,-5.765625,3.123046875,2.7626953125
0.338,-4.96484375,4.2841796875,1.5615234375
0.3385,-4.64453125,4.96484375,0.80078125
0.339,-4.2041015625,5.2451171875,-0.3603515625
0.3395,-3.5234375,5.765625,-1.3212890625
0.34,-2.08203125,5.92578125,-2.8828125
0.3405,-0.560546875,5.7255859375,-4.1240234375
0.341,0.3603515625,5.6455078125,-4.9248046875
0.3415,1.0810546875,5.60546875,-5.6455078125
0.342,2.1220703125,5.4453125,-6.5263671875
0.3425,3.203125,4.244140625,-6.9267578125
0.343,4.4443359375,2.642578125,-7.046875
0.3435,5.044921875,1.361328125,-6.4462890625
0.344,5.5654296875,0.6005859375,-6.2861328125
0.3445,5.685546875,-0.400390625,-6.1259765625
0.345,5.7255859375,-1.361328125,-5.7255859375
0.3455,5.5654296875,-2.6025390625,-4.244140625
0.346,4.884765625,-3.8837890625,-2.6025390625
0.3465,4.5244140625,-4.7646484375,-1.681640625
0.347,4.32421875,-5.4853515625,-0.9609375
0.3475,3.8837890625,-6.005859375,0.1201171875
0.348,2.8828125,-6.40625,1.28125
0.3485,1.4013671875,-6.40625,2.802734375
0.349,0.16015625,-6.24609375,3.8837890625
0.3495,-0.640625,-6.2861328125,4.724609375
0.35,-1.28125,-6.2861328125,5.4052734375
0.3505,-2.4423828125,-5.845703125,6.486328125
0.351,-3.8037109375,-4.64453125,6.6064453125
0.3515,-4.7646484375,-2.9228515625,6.486328125
0.352,-5.4052734375,-1.8818359375,6.1259765625
0.3525,-5.7255859375,-1.1611328125,6.005859375
0.353,-5.9658203125,-0.3603515625,5.7255859375
0.3535,-5.92578125,0.6806640625,4.96484375
0.354,-5.525390625,2.0419921875,3.5234375
0.3545,-5.0849609375,3.2431640625,2.2822265625
0.355,-4.8447265625,3.84375,1.3212890625
0.3555,-4.3642578125,4.6044921875,0.560546875
0.356,-4.1240234375,5.28515625,-0.3603515625
0.3565,-2.8427734375,5.4853515625,-1.6416015625
0.357,-1.4013671875,5.4052734375,-3.04296875
0.3575,-0.5205078125,5.365234375,-3.923828125
0.358,0.16015625,5.4453125,-4.64453125
0.3585,1.12109375,5.4453125,-5.6455078125
0.359,2.2021484375,4.884765625,-6.3662109375
0.3595,3.5234375,3.5234375,-6.56640625
0.36,4.1640625,2.1220703125,-6.24609375
0.3605,4.884765625,1.201171875,-6.0859375
0.361,5.205078125,0.560546875,-6.0458984375
0.3615,5.2451171875,-0.400390625,-5.92578125
0.362,5.2451171875,-1.361328125,-4.8046875
0.3625,4.96484375,-2.642578125,-3.5634765625
0.363,4.404296875,-3.7236328125,-2.2822265625
0.3635,4.32421875,-4.484375,-1.6015625
0.364,4.083984375,-5.125,-0.880859375
0.3645,3.6435546875,-5.765625,0.2001953125
0.365,2.40234375,-6.0859375,1.521484375
0.3655,1.201171875,-6.005859375,2.72265625
0.366,0.400390625,-6.0859375,3.5234375
0.3665,-0.48046875,-6.24609375,4.484375
0.367,-1.3212890625,-6.0859375,5.4853515625
0.3675,-2.5625,-5.4453125,6.0458984375
0.368,-3.763671875,-4.0439453125,6.1259765625
0.3685,-4.564453125,-2.72265625,5.92578125
0.369,-5.044921875,-2.001953125,5.8857421875
0.3695,-5.60546875,-1.28125,5.8056640625
0.37,-5.685546875,-0.2802734375,5.7255859375
0.3705,-5.525390625,0.9208984375,4.484375
0.371,-5.1650390625,2.2822265625,3.3232421875
0.3715,-4.8447265625,2.962890625,2.162109375
0.372,-4.6845703125,3.8037109375,1.4013671875
0.3725,-4.4443359375,4.484375,0.6005859375
0.373,-3.84375,4.96484375,-0.6005859375
0.3735,-2.5625,5.2451171875,-1.8017578125
0.374,-1.361328125,5.125,-2.802734375
0.3745,-0.640625,5.28515625,-3.763671875
0.375,0.2001953125,5.4853515625,-4.6845703125
0.3755,1.2412109375,5.365234375,-5.765625
0.376,2.2822265625,4.244140625,-6.1259765625
0.3765,3.443359375,2.8828125,-6.0458984375
0.377,4.083984375,1.8017578125,-5.8857421875
0.3775,4.64453125,1.201171875,-5.92578125
0.378,5.0048828125,0.3603515625,-6.005859375
0.3785,5.0849609375,-0.6005859375,-5.365234375
0.379,4.96484375,-1.8017578125,-4.4443359375
0.3795,4.564453125,-2.8427734375,-3.04296875
0.38,4.4443359375,-3.7236328125,-2.2021484375
0.3805,4.2041015625,-4.5244140625,-1.4013671875
0.381,4.0439453125,-5.2451171875,-0.6806640625
0.3815,3.0830078125,-5.845703125,0.6005859375
0.382,1.841796875,-5.845703125,1.8818359375
0.3825,0.9208984375,-5.845703125,2.8828125
0.383,0.240234375,-6.005859375,3.8837890625
0.3835,-0.6005859375,-6.2060546875,4.724609375
0.384,-1.8818359375,-5.765625,5.60546875
0.3845,-2.962890625,-4.6845703125,5.8857421875
0.385,-3.923828125,-3.36328125,5.765625
0.3855,-4.564453125,-2.482421875,5.685546875
0.386,-5.125,-1.7216796875,5.845703125
0.3865,-5.525390625,-0.9609375,5.8056640625
0.387,-5.4853515625,0.1201171875,4.8447265625
0.3875,-5.205078125,1.44140625,3.7236328125
0.388,-5.0048828125,2.4423828125,2.6025390625
0.3885,-4.8046875,3.3232421875,1.8017578125
0.389,-4.4443359375,4.083984375,1.0009765625
0.3895,-4.244140625,4.724609375,0.2001953125
0.39,-3.0830078125,5.0849609375,-1.2412109375
0.3905,-1.8017578125,5.0849609375,-2.5625
0.391,-1.0009765625,5.3251953125,-3.36328125
0.3915,-0.3203125,5.4853515625,-4.2841796875
0.392,0.6005859375,5.365234375,-5.3251953125
0.3925,1.8818359375,4.6044921875,-5.92578125
0.393,2.8828125,3.3232421875,-5.92578125
0.3935,3.763671875,2.0419921875,-5.8857421875
0.394,4.484375,1.4013671875,-5.8056640625
0.3945,4.8447265625,0.6806640625,-5.8857421875
0.395,5.205078125,-0.400390625,-5.845703125
0.3955,5.044921875,-1.44140625,-4.64453125
0.396,4.8447265625,-2.5625,-3.36328125
0.3965,4.404296875,-3.5634765625,-2.322265625
0.397,4.4443359375,-4.3642578125,-1.6416015625
0.3975,4.083984375,-5.0048828125,-0.720703125
0.398,3.36328125,-5.6455078125,0.3603515625
0.3985,2.162109375,-5.845703125,1.76171875
0.399,1.0810546875,-5.8056640625,2.802734375
0.3995,0.3203125,-5.92578125,3.8037109375
0.4,-0.640625,-6.166015625,4.724609375
0.4005,-1.7216796875,-6.1259765625,5.6455078125
0.401,-2.8828125,-4.8046875,6.0458984375
0.4015,-4.00390625,-3.4833984375,5.8857421875
0.402,-4.8046875,-2.2822265625,5.8056640625
0.4025,-5.205078125,-1.6015625,5.8056640625
0.403,-5.4453125,-0.720703125,5.6455078125
0.4035,-5.6455078125,0.2802734375,5.0849609375
0.404,-5.4853515625,1.521484375,3.84375
0.4045,-5.0048828125,2.6025390625,2.5625
0.405,-4.884765625,3.4833984375,1.76171875
0.4055,-4.3642578125,4.2841796875,0.8408203125
0.406,-4.2041015625,4.96484375,0.1201171875
0.4065,-3.0830078125,5.2451171875,-1.361328125
0.407,-1.8017578125,5.1650390625,-2.72265625
0.4075,-0.640625,5.3251953125,-3.7236328125
0.408,0.1201171875,5.4453125,-4.6044921875
0.4085,0.7607421875,5.205078125,-5.4453125
0.409,2.001953125,4.64453125,-6.24609375
0.4095,3.283203125,3.5634765625,-6.2060546875
0.41,4.2041015625,2.08203125,-6.166015625
0.4105,4.7646484375,1.201171875,-6.0458984375
0.411,5.125,0.6005859375,-5.92578125
0.4115,5.365234375,-0.4404296875,-5.8056640625
0.412,5.0849609375,-1.4814453125,-4.64453125
0.4125,4.9248046875,-2.72265625,-3.36328125
0.413,4.6044921875,-3.84375,-2.322265625
0.4135,4.32421875,-4.724609375,-1.521484375
0.414,3.9638671875,-5.28515625,-0.640625
0.4145,3.443359375,-5.8056640625,0.48046875
0.415,2.2021484375,-6.0458984375,1.921875
0.4155,0.80078125,-6.166015625,3.0830078125
0.416,0.0,-6.0458984375,4.00390625
0.4165,-0.720703125,-6.326171875,4.8046875
0.417,-1.5615234375,-6.0859375,5.60546875
0.4175,-3.0029296875,-5.125,6.2060546875
0.418,-4.2041015625,-3.603515625,6.326171875
0.4185,-5.0048828125,-2.2822265625,6.0859375
0.419,-5.28515625,-1.3212890625,6.005859375
0.4195,-5.6455078125,-0.80078125,5.685546875
0.42,-6.005859375,0.2802734375,5.3251953125
0.4205,-5.7255859375,1.4814453125,4.00390625
0.421,-5.205078125,3.0029296875,2.8427734375
0.4215,-4.9248046875,3.7236328125,1.8017578125
0.422,-4.564453125,4.404296875,0.8408203125
0.4225,-4.2041015625,5.044921875,0.0
0.423,-3.2431640625,5.4052734375,-1.28125
0.4235,-1.9619140625,5.60546875,-2.6025390625
0.424,-0.6005859375,5.4052734375,-3.8837890625
0.4245,0.0,5.4052734375,-4.6845703125
0.425,0.9609375,5.3251953125,-5.6455078125
0.4255,1.9619140625,4.96484375,-6.56640625
0.426,3.443359375,3.8037109375,-6.7265625
0.4265,4.484375,2.2421875,-6.56640625
0.427,5.125,1.0810546875,-6.40625
0.4275,5.4052734375,0.3203125,-6.166015625
0.428,5.4853515625,-0.640625,-5.765625
0.4285,5.4052734375,-1.76171875,-4.8447265625
0.429,5.205078125,-3.283203125,-3.5634765625
0.4295,4.7646484375,-4.484375,-2.2021484375
0.43,4.4443359375,-5.0849609375,-1.2412109375
0.4305,4.083984375,-5.7255859375,-0.4404296875
0.431,3.5234375,-6.2861328125,0.7607421875
0.4315,2.2421875,-6.646484375,2.1220703125
0.432,0.6005859375,-6.3662109375,3.8037109375
0.4325,-0.2802734375,-6.2861328125,4.564453125
0.433,-1.3212890625,-6.40625,5.4853515625
0.4335,-2.2822265625,-6.1259765625,6.326171875
0.434,-3.5234375,-5.125,6.88671875
0.4345,-4.8447265625,-3.603515625,7.0068359375
0.435,-5.765625,-2.1220703125,6.6064453125
0.4355,-6.0458984375,-1.0810546875,6.24609375
0.436,-6.2861328125,-0.240234375,6.0458984375
0.4365,-6.4462890625,0.8408203125,5.60546875
0.437,-6.1259765625,2.2421875,4.2041015625
0.4375,-5.60546875,3.5634765625,2.40234375
0.438,-5.0048828125,4.4443359375,1.201171875
0.4385,-4.5244140625,5.044921875,0.3203125
0.439,-4.0439453125,5.5654296875,-0.6005859375
0.4395,-2.962890625,5.92578125,-1.9619140625
0.44,-1.361328125,6.005859375,-3.603515625
0.4405,0.0,5.6455078125,-4.7646484375
0.441,0.880859375,5.685546875,-5.525390625
0.4415,1.4013671875,5.4853515625,-5.9658203125
0.442,2.5224609375,5.0849609375,-6.88671875
0.4425,3.8837890625,3.84375,-7.2470703125
0.443,5.044921875,2.2822265625,-6.88671875
0.4435,5.5654296875,0.7607421875,-6.6064453125
0.444,5.845703125,0.1201171875,-6.24609375
0.4445,5.8056640625,-0.8408203125,-5.8056640625
0.445,5.92578125,-1.8818359375,-5.125
0.4455,5.525390625,-3.36328125,-3.603515625
0.446,4.96484375,-4.64453125,-2.1220703125
0.4465,4.4443359375,-5.365234375,-1.041015625
0.447,4.00390625,-5.92578125,-0.16015625
0.4475,3.603515625,-6.40625,0.7607421875
0.448,2.4423828125,-6.7666015625,2.08203125
0.4485,0.7607421875,-6.56640625,3.8037109375
0.449,-0.640625,-6.56640625,4.7646484375
0.4495,-1.28125,-6.40625,5.4453125
0.45,-2.1220703125,-6.2060546875,6.24609375
0.4505,-3.2431640625,-5.6455078125,7.046875
0.451,-4.6845703125,-4.0439453125,7.3271484375
0.4515,-5.685546875,-2.4423828125,6.966796875
0.452,-6.005859375,-1.2412109375,6.40625
0.4525,-6.24609375,-0.2802734375,6.24609375
0.453,-6.40625,0.560546875,5.6455078125
0.4535,-6.2861328125,1.76171875,4.6044921875
0.454,-5.845703125,3.1630859375,3.0830078125
0.4545,-5.2451171875,4.2841796875,1.6015625
0.455,-4.7646484375,4.96484375,0.6806640625
0.4555,-4.1640625,5.4052734375,-0.400390625
0.456,-3.6435546875,5.8857421875,-1.3212890625
0.4565,-2.2421875,5.9658203125,-2.962890625
0.457,-0.6005859375,5.8857421875,-4.4443359375
0.4575,0.4404296875,5.685546875,-5.1650390625
0.458,1.1611328125,5.685546875,-5.845703125
0.4585,2.1220703125,5.3251953125,-6.6064453125
0.459,3.36328125,4.484375,-7.046875
0.4595,4.64453125,2.802734375,-7.3671875
0.46,5.365234375,1.2412109375,-6.7265625
0.4605,5.8857421875,0.400390625,-6.5263671875
0.461,5.92578125,-0.6806640625,-6.326171875
0.4615,6.0859375,-1.4814453125,-5.765625
0.462,5.7255859375,-2.8828125,-4.32421875
0.4625,5.2451171875,-4.244140625,-2.6826171875
0.463,4.64453125,-5.1650390625,-1.4013671875
0.4635,4.32421875,-5.765625,-0.6005859375
0.464,3.68359375,-6.486328125,0.4404296875
0.4645,2.8427734375,-6.9267578125,1.6015625
0.465,1.28125,-6.8466796875,3.4033203125
0.4655,-0.2802734375,-6.6064453125,4.484375
0.466,-1.0810546875,-6.486328125,5.28515625
0.4665,-1.8017578125,-6.3662109375,6.0458984375
0.467,-3.0029296875,-5.92578125,7.046875
0.4675,-4.3642578125,-4.5244140625,7.4072265625
0.468,-5.365234375,-2.8828125,7.046875
0.4685,-6.0859375,-1.6015625,6.486328125
0.469,-6.40625,-0.6806640625,6.326171875
0.4695,-6.4462890625,0.3203125,5.92578125
0.47,-6.486328125,1.4013671875,5.205078125
0.4705,-6.1259765625,2.9228515625,3.5634765625
0.471,-5.525390625,4.1640625,1.921875
0.4715,-4.8447265625,4.8046875,0.640625
0.472,-4.5244140625,5.3251953125,-0.2001953125
0.4725,-3.9638671875,6.005859375,-1.0009765625
0.473,-2.6025390625,6.2060546875,-2.5625
0.4735,-1.0009765625,6.0859375,-4.1240234375
0.474,0.400390625,5.845703125,-5.125
0.4745,1.0810546875,5.7255859375,-5.8056640625
0.475,1.8818359375,5.4052734375,-6.486328125
0.4755,3.04296875,4.9248046875,-7.20703125
0.476,4.484375,3.1630859375,-7.4873046875
0.4765,5.525390625,1.76171875,-6.9267578125
0.477,5.8857421875,0.3603515625,-6.646484375
0.4775,6.005859375,-0.5205078125,-6.2861328125
0.478,6.0859375,-1.4013671875,-5.8056640625
0.4785,5.8857421875,-2.6025390625,-4.724609375
0.479,5.4052734375,-4.00390625,-3.123046875
0.4795,4.7646484375,-5.0048828125,-1.44140625
0.48,4.32421875,-5.525390625,-0.560546875
0.4805,3.8837890625,-6.1259765625,0.2802734375
0.481,3.2431640625,-6.7666015625,1.201171875
0.4815,1.7216796875,-6.88671875,2.802734375
0.482,0.16015625,-6.6064453125,4.1640625
0.4825,-0.9208984375,-6.3662109375,5.0048828125
0.483,-1.6015625,-6.4462890625,5.685546875
0.4835,-2.5625,-5.9658203125,6.56640625
0.484,-3.8037109375,-5.2451171875,7.046875
0.4845,-5.0048828125,-3.7236328125,7.0068359375
0.485,-5.765625,-2.0419921875,6.646484375
0.4855,-6.0859375,-1.0810546875,6.2861328125
0.486,-6.2060546875,-0.3203125,6.005859375
0.4865,-6.40625,0.6005859375,5.685546875
0.487,-6.0859375,1.921875,4.32421875
0.4875,-5.4853515625,3.3232421875,2.72265625
0.488,-4.8447265625,4.1640625,1.3212890625
0.4885,-4.5244140625,4.8447265625,0.6806640625
0.489,-4.1640625,5.28515625,-0.3203125
0.4895,-3.4833984375,5.7255859375,-1.361328125
0.49,-1.9619140625,5.8857421875,-2.8828125
0.4905,-0.560546875,5.60546875,-4.083984375
0.491,0.2802734375,5.5654296875,-4.8046875
0.4915,0.9208984375,5.60546875,-5.525390625
0.492,1.921875,5.2451171875,-6.6064453125
0.4925,3.283203125,4.3642578125,-6.806640625
0.493,4.4443359375,2.72265625,-6.88671875
0.4935,5.125,1.3212890625,-6.4462890625
0.494,5.4453125,0.5205078125,-6.2861328125
0.4945,5.685546875,-0.3603515625,-6.0859375
0.495,5.765625,-1.28125,-5.60546875
0.4955,5.4853515625,-2.6025390625,-4.083984375
0.496,4.96484375,-3.8837890625,-2.5625
0.4965,4.5244140625,-4.8447265625,-1.7216796875
0.497,4.244140625,-5.4453125,-0.720703125
0.4975,3.84375,-6.1259765625,0.16015625
0.498,2.8427734375,-6.40625,1.4013671875
0.4985,1.3212890625,-6.40625,2.8828125
0.499,0.1201171875,-6.1259765625,4.00390625
0.4995,-0.80078125,-6.2861328125,4.96484375
0.5,-1.6015625,-6.3662109375,5.5654296875
0.5005,-2.5625,-5.765625,6.5263671875
0.501,-4.00390625,-4.4443359375,6.7666015625
0.5015,-5.0048828125,-2.8828125,6.5263671875
0.502,-5.5654296875,-1.7216796875,6.2060546875
0.5025,-5.765625,-1.0009765625,6.005859375
0.503,-6.0458984375,-0.16015625,5.7255859375
0.5035,-5.92578125,1.12109375,4.9248046875
0.504,-5.6455078125,2.322265625,3.443359375
0.5045,-5.0849609375,3.4833984375,2.2021484375
0.505,-4.6845703125,4.1240234375,1.12109375
0.5055,-4.404296875,4.724609375,0.3603515625
0.506,-3.9638671875,5.4052734375,-0.6005859375
0.5065,-2.6826171875,5.60546875,-2.001953125
0.507,-1.2412109375,5.4052734375,-3.4033203125
0.5075,-0.240234375,5.4853515625,-4.1240234375
0.508,0.3603515625,5.4052734375,-4.884765625
0.5085,1.3212890625,5.4052734375,-5.7255859375
0.509,2.40234375,4.724609375,-6.40625
0.5095,3.6435546875,3.3232421875,-6.56640625
0.51,4.484375,1.921875,-6.2861328125
0.5105,4.9248046875,0.9609375,-6.0859375
0.511,5.205078125,0.3203125,-6.005859375
0.5115,5.525390625,-0.48046875,-5.765625
0.512,5.28515625,-1.681640625,-4.64453125
0.5125,4.96484375,-3.04296875,-3.4833984375
0.513,4.484375,-3.9638671875,-2.2021484375
0.5135,4.2041015625,-4.6845703125,-1.44140625
0.514,4.00390625,-5.3251953125,-0.640625
0.5145,3.5234375,-5.845703125,0.3603515625
0.515,2.2421875,-6.0859375,1.841796875
0.5155,1.0009765625,-6.0458984375,2.802734375
0.516,0.16015625,-5.92578125,3.923828125
0.5165,-0.640625,-6.1259765625,4.724609375
0.517,-1.5615234375,-6.1259765625,5.6455078125
0.5175,-2.802734375,-5.2451171875,6.2060546875
0.518,-3.9638671875,-3.84375,6.24609375
0.5185,-4.7646484375,-2.5625,5.9658203125
0.519,-5.205078125,-1.8017578125,5.8857421875
0.5195,-5.525390625,-1.0009765625,5.9658203125
0.52,-5.765625,-0.2001953125,5.6455078125
0.5205,-5.60546875,1.12109375,4.32421875
0.521,-5.205078125,2.2822265625,3.04296875
0.5215,-4.884765625,3.1630859375,2.001953125
0.522,-4.6845703125,3.9638671875,1.28125
0.5225,-4.4443359375,4.6845703125,0.48046875
0.523,-3.5634765625,5.125,-0.640625
0.5235,-2.322265625,5.2451171875,-1.9619140625
0.524,-1.201171875,5.125,-3.283203125
0.5245,-0.5205078125,5.28515625,-4.1640625
0.525,0.400390625,5.4052734375,-4.9248046875
0.5255,1.3212890625,5.28515625,-5.8056640625
0.526,2.642578125,4.1240234375,-6.166015625
0.5265,3.68359375,2.72265625,-6.1259765625
0.527,4.3642578125,1.6416015625,-5.92578125
0.5275,4.8046875,1.041015625,-5.9658203125
0.528,5.0849609375,0.2802734375,-5.845703125
0.5285,5.1650390625,-0.80078125,-5.28515625
0.529,4.9248046875,-2.0419921875,-4.1640625
0.5295,4.5244140625,-3.203125,-2.8828125
0.53,4.32421875,-3.923828125,-2.001953125
0.5305,4.1240234375,-4.6845703125,-1.28125
0.531,3.9638671875,-5.4052734375,-0.3603515625
0.5315,2.8828125,-5.765625,0.880859375
0.532,1.6015625,-5.765625,2.2822265625
0.5325,0.720703125,-5.845703125,3.1630859375
0.533,0.0400390625,-6.1259765625,4.00390625
0.5335,-0.9208984375,-6.1259765625,4.96484375
0.534,-1.9619140625,-5.6455078125,5.7255859375
0.5345,-3.203125,-4.4443359375,5.9658203125
0.535,-4.1640625,-3.0830078125,5.8857421875
0.5355,-4.7646484375,-2.2021484375,5.8056640625
0.536,-5.125,-1.521484375,5.7255859375
0.5365,-5.525390625,-0.8408203125,5.7255859375
0.537,-5.4853515625,0.3603515625,4.8447265625
0.5375,-5.28515625,1.5615234375,3.6435546875
0.538,-4.884765625,2.5625,2.5224609375
0.5385,-4.6845703125,3.36328125,1.76171875
0.539,-4.5244140625,4.1640625,1.041015625
0.5395,-4.0439453125,4.724609375,-0.16015625
0.54,-2.9228515625,5.044921875,-1.44140625
0.5405,-1.76171875,5.0849609375,-2.6025390625
0.541,-1.0009765625,5.205078125,-3.4833984375
0.5415,-0.2802734375,5.4052734375,-4.3642578125
0.542,0.720703125,5.4052734375,-5.3251953125
0.5425,1.9619140625,4.6044921875,-5.92578125
0.543,3.123046875,3.3232421875,-6.1259765625
0.5435,3.9638671875,2.0419921875,-6.005859375
0.544,4.484375,1.3212890625,-5.9658203125
0.5445,4.8447265625,0.6005859375,-5.92578125
0.545,5.0849609375,-0.3203125,-5.6455078125
0.5455,4.96484375,-1.4814453125,-4.6044921875
0.546,4.724609375,-2.642578125,-3.36328125
0.5465,4.404296875,-3.5634765625,-2.3623046875
0.547,4.2841796875,-4.244140625,-1.6015625
0.5475,4.1240234375,-5.125,-0.880859375
0.548,3.36328125,-5.6455078125,0.400390625
0.5485,2.162109375,-5.765625,1.681640625
0.549,1.0810546875,-5.8056640625,2.7626953125
0.5495,0.3603515625,-6.0458984375,3.68359375
0.55,-0.560546875,-6.1259765625,4.6044921875
0.5505,-1.5615234375,-5.92578125,5.5654296875
0.551,-2.9228515625,-4.8447265625,6.0859375
0.5515,-4.00390625,-3.4033203125,6.0458984375
0.552,-4.6845703125,-2.40234375,5.8857421875
0.5525,-5.125,-1.76171875,5.8056640625
0.553,-5.4453125,-1.0009765625,5.7255859375
0.5535,-5.5654296875,0.1201171875,5.0849609375
0.554,-5.365234375,1.4013671875,3.923828125
0.5545,-5.0048828125,2.5224609375,2.6826171875
0.555,-4.724609375,3.283203125,1.76171875
0.5555,-4.5244140625,4.00390625,1.12109375
0.556,-4.244140625,4.8046875,0.240234375
0.5565,-3.1630859375,5.0849609375,-1.2412109375
0.557,-1.8818359375,5.125,-2.5224609375
0.5575,-1.0009765625,5.205078125,-3.4833984375
0.558,-0.3203125,5.365234375,-4.32421875
0.5585,0.6806640625,5.3251953125,-5.2451171875
0.559,1.841796875,4.8046875,-5.8857421875
0.5595,3.0830078125,3.5634765625,-6.2060546875
0.56,4.00390625,2.2021484375,-6.0859375
0.5605,4.564453125,1.28125,-5.92578125
0.561,4.9248046875,0.6005859375,-5.92578125
0.5615,5.2451171875,-0.3203125,-5.845703125
0.562,5.1650390625,-1.44140625,-4.8447265625
0.5625,4.8447265625,-2.6826171875,-3.5234375
0.563,4.484375,-3.68359375,-2.3623046875
0.5635,4.2841796875,-4.484375,-1.521484375
0.564,4.00390625,-5.1650390625,-0.7607421875
0.5645,3.4833984375,-5.7255859375,0.3203125
0.565,2.2421875,-5.9658203125,1.7216796875
0.5655,1.0009765625,-5.9658203125,2.962890625
0.566,0.2001953125,-6.0859375,3.84375
0.5665,-0.640625,-6.166015625,4.7646484375
0.567,-1.6015625,-6.0458984375,5.7255859375
0.5675,-2.962890625,-5.044921875,6.24609375
0.568,-4.1640625,-3.603515625,6.24609375
0.5685,-4.9248046875,-2.3623046875,5.9658203125
0.569,-5.3251953125,-1.5615234375,5.92578125
0.5695,-5.6455078125,-0.80078125,5.7255859375
0.57,-5.8056640625,0.3203125,5.28515625
0.5705,-5.6455078125,1.6416015625,4.00390625
0.571,-5.205078125,2.8828125,2.6025390625
0.5715,-4.8447265625,3.68359375,1.681640625
0.572,-4.5244140625,4.32421875,0.8408203125
0.5725,-4.1640625,5.0048828125,0.0
0.573,-3.1630859375,5.365234375,-1.44140625
0.5735,-1.8017578125,5.4453125,-2.8427734375
0.574,-0.640625,5.365234375,-3.84375
0.5745,0.1201171875,5.4453125,-4.64453125
0.575,0.9609375,5.4052734375,-5.4453125
0.5755,2.001953125,5.0048828125,-6.2861328125
0.576,3.443359375,3.6435546875,-6.646484375
0.5765,4.484375,2.08203125,-6.4462890625
0.577,4.96484375,1.0009765625,-6.2060546875
0.5775,5.2451171875,0.2802734375,-6.0859375
0.578,5.4853515625,-0.6005859375,-5.765625
0.5785,5.4052734375,-1.7216796875,-4.884765625
0.579,5.125,-3.0830078125,-3.5234375
0.5795,4.64453125,-4.1640625,-2.2021484375
0.58,4.32421875,-4.8447265625,-1.28125
0.5805,3.9638671875,-5.525390625,-0.5205078125
0.581,3.5234375,-6.1259765625,0.560546875
0.5815,2.2021484375,-6.40625,2.08203125
0.582,0.720703125,-6.2861328125,3.4833984375
0.5825,-0.2802734375,-6.2861328125,4.3642578125
0.583,-1.0009765625,-6.2861328125,5.205078125
0.5835,-2.0419921875,-5.9658203125,6.005859375
0.584,-3.283203125,-5.205078125,6.6865234375
0.5845,-4.64453125,-3.7236328125,6.7666015625
0.585,-5.4453125,-2.2421875,6.4462890625
0.5855,-5.845703125,-1.28125,6.2060546875
0.586,-6.0458984375,-0.48046875,5.92578125
0.5865,-6.2861328125,0.6005859375,5.5654296875
0.587,-6.0458984375,2.0419921875,4.1240234375
0.5875,-5.5654296875,3.36328125,2.6025390625
0.588,-5.0048828125,4.244140625,1.361328125
0.5885,-4.6044921875,4.8447265625,0.5205078125
0.589,-4.1240234375,5.4052734375,-0.5205078125
0.5895,-3.1630859375,5.845703125,-1.76171875
0.59,-1.6416015625,5.9658203125,-3.36328125
0.5905,-0.2802734375,5.7255859375,-4.564453125
0.591,0.6005859375,5.685546875,-5.28515625
0.5915,1.361328125,5.4853515625,-6.005859375
0.592,2.482421875,5.0849609375,-6.806640625
0.5925,3.8837890625,3.7236328125,-7.20703125
0.593,5.0048828125,2.08203125,-7.046875
0.5935,5.5654296875,0.6806640625,-6.6064453125
0.594,5.765625,0.0,-6.2861328125
0.5945,5.8857421875,-1.0009765625,-5.8857421875
0.595,5.8857421875,-2.1220703125,-5.0849609375
0.5955,5.525390625,-3.5634765625,-3.5634765625
0.596,4.96484375,-4.8046875,-1.9619140625
0.5965,4.4443359375,-5.4853515625,-0.9208984375
0.597,3.9638671875,-6.0458984375,0.0400390625
0.5975,3.4033203125,-6.56640625,0.9609375
0.598,2.08203125,-6.7666015625,2.4423828125
0.5985,0.48046875,-6.7265625,3.9638671875
0.599,-0.7607421875,-6.4462890625,4.9248046875
0.5995,-1.44140625,-6.40625,5.6455078125
0.6,-2.3623046875,-6.1259765625,6.40625
0.6005,-3.5234375,-5.4453125,7.0869140625
0.601,-4.96484375,-3.8837890625,7.2470703125
0.6015,-5.8857421875,-2.2421875,6.88671875
0.602,-6.24609375,-1.041015625,6.40625
0.6025,-6.3662109375,-0.2802734375,6.0859375
0.603,-6.4462890625,0.7607421875,5.60546875
0.6035,-6.2060546875,2.001953125,4.4443359375
0.604,-5.765625,3.443359375,2.8427734375
0.6045,-5.1650390625,4.4443359375,1.4013671875
0.605,-4.64453125,5.044921875,0.48046875
0.6055,-4.1640625,5.525390625,-0.48046875
0.606,-3.4833984375,6.0458984375,-1.4814453125
0.6065,-1.9619140625,6.1259765625,-3.1630859375
0.607,-0.400390625,5.8857421875,-4.4443359375
0.6075,0.6005859375,5.7255859375,-5.2451171875
0.608,1.28125,5.6455078125,-5.92578125
0.6085,2.2421875,5.205078125,-6.6865234375
0.609,3.5234375,4.2841796875,-7.20703125
0.6095,4.724609375,2.6826171875,-7.20703125
0.61,5.4853515625,1.201171875,-6.7666015625
0.6105,5.765625,0.240234375,-6.4462890625
0.611,5.8857421875,-0.640625,-6.1259765625
0.6115,6.0458984375,-1.5615234375,-5.685546875
0.612,5.7255859375,-2.8828125,-4.244140625
0.6125,5.1650390625,-4.244140625,-2.642578125
0.613,4.6044921875,-5.125,-1.361328125
0.6135,4.2041015625,-5.7255859375,-0.5205078125
0.614,3.68359375,-6.24609375,0.48046875
0.6145,2.8427734375,-6.646484375,1.5615234375
0.615,1.28125,-6.7265625,3.1630859375
0.6155,-0.2001953125,-6.486328125,4.404296875
0.616,-1.0009765625,-6.40625,5.1650390625
0.6165,-1.76171875,-6.3662109375,5.8857421875
0.617,-2.7626953125,-5.9658203125,6.7265625
0.6175,-4.244140625,-4.6845703125,7.126953125
0.618,-5.365234375,-3.0029296875,6.966796875
0.6185,-5.9658203125,-1.6015625,6.5263671875
0.619,-6.166015625,-0.80078125,6.24609375
0.6195,-6.3662109375,0.16015625,5.8857421875
0.62,-6.3662109375,1.28125,5.1650390625
0.6205,-6.0458984375,2.7626953125,3.603515625
0.621,-5.4853515625,3.9638671875,2.0419921875
0.6215,-4.884765625,4.724609375,0.9609375
0.622,-4.5244140625,5.2451171875,0.1201171875
0.6225,-3.923828125,5.845703125,-0.9609375
0.623,-2.642578125,6.0859375,-2.40234375
0.6235,-1.041015625,6.005859375,-3.8837890625
0.624,0.240234375,5.765625,-4.9248046875
0.6245,0.9609375,5.7255859375,-5.6455078125
0.625,1.841796875,5.4052734375,-6.4462890625
0.6255,2.9228515625,4.8046875,-7.20703125
0.626,4.4443359375,3.283203125,-7.3671875
0.6265,5.4052734375,1.6416015625,-7.0068359375
0.627,5.765625,0.4404296875,-6.56640625
0.6275,5.92578125,-0.400390625,-6.2861328125
0.628,6.0859375,-1.3212890625,-5.845703125
0.6285,5.845703125,-2.6025390625,-4.6845703125
0.629,5.4052734375,-4.0439453125,-3.0830078125
0.6295,4.8046875,-5.0849609375,-1.6015625
0.63,4.32421875,-5.7255859375,-0.640625
0.6305,3.84375,-6.24609375,0.2802734375
0.631,3.1630859375,-6.7666015625,1.3212890625
0.6315,1.6015625,-6.8466796875,3.0029296875
0.632,0.080078125,-6.6064453125,4.32421875
0.6325,-1.0009765625,-6.4462890625,5.0849609375
0.633,-1.6416015625,-6.3662109375,5.8056640625
0.6335,-2.72265625,-5.92578125,6.56640625
0.634,-3.923828125,-4.96484375,7.126953125
0.6345,-5.1650390625,-3.36328125,7.0869140625
0.635,-5.92578125,-1.8017578125,6.646484375
0.6355,-6.2060546875,-0.8408203125,6.2861328125
0.636,-6.2861328125,0.0,5.92578125
0.6365,-6.4462890625,0.9609375,5.4853515625
0.637,-6.0859375,2.322265625,4.0439453125
0.6375,-5.5654296875,3.68359375,2.40234375
0.638,-4.96484375,4.484375,1.201171875
0.6385,-4.5244140625,5.044921875,0.3203125
0.639,-4.00390625,5.5654296875,-0.640625
0.6395,-3.0830078125,5.8857421875,-1.8017578125
0.64,-1.6015625,5.9658203125,-3.283203125
0.6405,-0.2001953125,5.685546875,-4.5244140625
0.641,0.640625,5.5654296875,-5.2451171875
0.6415,1.28125,5.4853515625,-5.92578125
0.642,2.2822265625,5.2451171875,-6.7265625
0.6425,3.6435546875,3.9638671875,-7.0869140625
0.643,4.7646484375,2.3623046875,-6.9267578125
0.6435,5.365234375,1.0009765625,-6.486328125
0.644,5.60546875,0.2802734375,-6.2861328125
0.6445,5.765625,-0.640625,-6.0458984375
0.645,5.765625,-1.6015625,-5.3251953125
0.6455,5.4453125,-2.962890625,-3.923828125
0.646,4.96484375,-4.2041015625,-2.40234375
0.6465,4.484375,-5.0048828125,-1.3212890625
0.647,4.1240234375,-5.6455078125,-0.6005859375
0.6475,3.763671875,-6.2861328125,0.3603515625
0.648,2.6025390625,-6.486328125,1.7216796875
0.6485,1.0810546875,-6.486328125,3.1630859375
0.649,-0.2001953125,-6.326171875,4.2041015625
0.6495,-0.9208984375,-6.40625,4.96484375
0.65,-1.7216796875,-6.24609375,5.845703125
0.6505,-2.7626953125,-5.765625,6.6064453125
0.651,-4.2041015625,-4.3642578125,6.88671875
0.6515,-5.205078125,-2.7626953125,6.6064453125
0.652,-5.685546875,-1.6416015625,6.24609375
0.6525,-5.92578125,-0.9208984375,6.0458984375
0.653,-6.1259765625,0.0400390625,5.765625
0.6535,-6.0458984375,1.201171875,4.8046875
0.654,-5.6455078125,2.5224609375,3.36328125
0.6545,-5.125,3.5634765625,1.9619140625
0.655,-4.724609375,4.2841796875,1.0810546875
0.6555,-4.404296875,4.884765625,0.2802734375
0.656,-3.8837890625,5.4453125,-0.720703125
0.6565,-2.5625,5.6455078125,-2.2021484375
0.657,-1.0810546875,5.4853515625,-3.5634765625
0.6575,-0.2001953125,5.4052734375,-4.404296875
0.658,0.6005859375,5.4853515625,-5.125
0.6585,1.44140625,5.3251953125,-5.92578125
0.659,2.6025390625,4.6044921875,-6.56640625
0.6595,3.84375,3.1630859375,-6.646484375
0.66,4.6845703125,1.76171875,-6.3662109375
0.6605,5.0849609375,0.880859375,-6.166015625
0.661,5.28515625,0.2001953125,-6.0458984375
0.6615,5.5654296875,-0.6806640625,-5.765625
0.662,5.365234375,-1.9619140625,-4.64453125
0.6625,4.9248046875,-3.203125,-3.203125
0.663,4.484375,-4.1240234375,-2.001953125
0.6635,4.2041015625,-4.8447265625,-1.2412109375
0.664,3.923828125,-5.4453125,-0.48046875
0.6645,3.3232421875,-6.005859375,0.6005859375
0.665,2.001953125,-6.1259765625,1.9619140625
0.6655,0.6806640625,-6.0859375,3.1630859375
0.666,-0.16015625,-6.1259765625,4.083984375
0.6665,-0.8408203125,-6.166015625,4.884765625
0.667,-1.7216796875,-6.0859375,5.765625
0.6675,-3.0830078125,-5.0849609375,6.326171875
0.668,-4.2041015625,-3.6435546875,6.24609375
0.6685,-4.9248046875,-2.3623046875,6.005859375
0.669,-5.28515625,-1.6015625,5.92578125
0.6695,-5.6455078125,-0.9208984375,5.8056640625
0.67,-5.765625,0.080078125,5.4052734375
0.6705,-5.525390625,1.3212890625,4.2041015625
0.671,-5.125,2.5224609375,2.8828125
0.6715,-4.8046875,3.3232421875,1.921875
0.672,-4.6044921875,4.0439453125,1.12109375
0.6725,-4.3642578125,4.7646484375,0.3603515625
0.673,-3.4033203125,5.125,-1.0009765625
0.6735,-2.2021484375,5.2451171875,-2.2822265625
0.674,-1.041015625,5.2451171875,-3.3232421875
0.6745,-0.400390625,5.4052734375,-4.1640625
0.675,0.48046875,5.4453125,-5.044921875
0.6755,1.44140625,5.1650390625,-5.845703125
0.676,2.7626953125,4.0439453125,-6.2060546875
0.6765,3.8037109375,2.642578125,-6.1259765625
0.677,4.404296875,1.6015625,-5.9658203125
0.6775,4.8046875,0.9609375,-5.9658203125
0.678,5.0849609375,0.240234375,-5.8857421875
0.6785,5.0849609375,-0.8408203125,-5.205078125
0.679,4.9248046875,-2.0419921875,-4.0439453125
0.6795,4.5244140625,-3.1630859375,-2.8427734375
0.68,4.32421875,-3.923828125,-2.001953125
0.6805,4.1640625,-4.724609375,-1.28125
0.681,3.923828125,-5.4853515625,-0.48046875
0.6815,2.8427734375,-5.8056640625,0.9208984375
0.682,1.5615234375,-5.765625,2.2421875
0.6825,0.720703125,-5.845703125,3.1630859375
0.683,0.080078125,-6.1259765625,4.0439453125
0.6835,-0.9208984375,-6.1259765625,4.96484375
0.684,-2.001953125,-5.60546875,5.7255859375
0.6845,-3.2431640625,-4.404296875,5.92578125
0.685,-4.1640625,-3.0830078125,5.8056640625
0.6855,-4.7646484375,-2.2822265625,5.8056640625
0.686,-5.125,-1.5615234375,5.765625
0.6865,-5.525390625,-0.80078125,5.7255859375
0.687,-5.4453125,0.3603515625,4.8447265625
0.6875,-5.1650390625,1.5615234375,3.603515625
0.688,-4.8447265625,2.5625,2.5224609375
0.6885,-4.6845703125,3.3232421875,1.76171875
0.689,-4.5244140625,4.083984375,0.9609375
0.6895,-4.00390625,4.64453125,0.0
0.69,-2.9228515625,5.044921875,-1.361328125
0.6905,-1.76171875,5.044921875,-2.6025390625
0.691,-1.0009765625,5.2451171875,-3.4833984375
0.6915,-0.2802734375,5.4453125,-4.404296875
0.692,0.720703125,5.4453125,-5.365234375
0.6925,2.001953125,4.6044921875,-5.92578125
0.693,3.1630859375,3.2431640625,-6.005859375
0.6935,3.9638671875,2.08203125,-5.8857421875
0.694,4.484375,1.361328125,-5.92578125
0.6945,4.8447265625,0.6806640625,-5.92578125
0.695,5.044921875,-0.3203125,-5.525390625
0.6955,4.96484375,-1.4814453125,-4.5244140625
0.696,4.64453125,-2.642578125,-3.283203125
0.6965,4.404296875,-3.603515625,-2.322265625
0.697,4.32421875,-4.3642578125,-1.6015625
0.6975,4.1240234375,-5.205078125,-0.8408203125
0.698,3.283203125,-5.6455078125,0.4404296875
0.6985,2.0419921875,-5.765625,1.76171875
0.699,1.041015625,-5.8056640625,2.8427734375
0.6995,0.3203125,-6.0458984375,3.763671875
0.7,-0.640625,-6.1259765625,4.6845703125
0.7005,-1.6416015625,-5.8056640625,5.5654296875
0.701,-3.0029296875,-4.724609375,6.005859375
0.7015,-4.0439453125,-3.36328125,5.8857421875
0.702,-4.6845703125,-2.322265625,5.8056640625
0.7025,-5.0849609375,-1.6416015625,5.765625
0.703,-5.4453125,-0.880859375,5.685546875
0.7035,-5.4853515625,0.240234375,5.0048828125
0.704,-5.28515625,1.4814453125,3.8037109375
0.7045,-4.96484375,2.5224609375,2.6025390625
0.705,-4.6845703125,3.283203125,1.76171875
0.7055,-4.5244140625,4.00390625,0.9609375
0.706,-4.1640625,4.8046875,0.1201171875
0.7065,-3.0830078125,5.0849609375,-1.3212890625
0.707,-1.8017578125,5.125,-2.6025390625
0.7075,-0.9208984375,5.205078125,-3.5234375
0.708,-0.2802734375,5.365234375,-4.3642578125
0.7085,0.80078125,5.28515625,-5.28515625
0.709,1.921875,4.6845703125,-5.9658203125
0.7095,3.203125,3.4033203125,-6.166015625
0.71,4.083984375,2.08203125,-6.0458984375
0.7105,4.564453125,1.2412109375,-5.9658203125
0.711,4.9248046875,0.6005859375,-5.92578125
0.7115,5.2451171875,-0.3203125,-5.765625
0.712,5.0849609375,-1.5615234375,-4.6845703125
0.7125,4.8046875,-2.8427734375,-3.36328125
0.713,4.4443359375,-3.763671875,-2.2822265625
0.7135,4.2041015625,-4.5244140625,-1.521484375
0.714,3.9638671875,-5.1650390625,-0.640625
0.7145,3.3232421875,-5.7255859375,0.4404296875
0.715,2.1220703125,-5.9658203125,1.841796875
0.7155,0.9609375,-5.92578125,3.0029296875
0.716,0.16015625,-6.0859375,3.8837890625
0.7165,-0.6806640625,-6.166015625,4.7646484375
0.717,-1.6416015625,-6.005859375,5.685546875
0.7175,-3.0830078125,-4.9248046875,6.24609375
0.718,-4.2041015625,-3.4833984375,6.2060546875
0.7185,-4.9248046875,-2.2822265625,6.005859375
0.719,-5.28515625,-1.5615234375,5.8857421875
0.7195,-5.5654296875,-0.7607421875,5.7255859375
0.72,-5.685546875,0.2802734375,5.1650390625
0.7205,-5.4853515625,1.5615234375,3.9638671875
0.721,-5.125,2.72265625,2.6025390625
0.7215,-4.8046875,3.4833984375,1.6416015625
0.722,-4.5244140625,4.2041015625,0.9208984375
0.7225,-4.2041015625,4.9248046875,0.080078125
0.723,-3.1630859375,5.2451171875,-1.3212890625
0.7235,-1.841796875,5.365234375,-2.72265625
0.724,-0.7607421875,5.28515625,-3.7236328125
0.7245,0.0,5.4052734375,-4.5244140625
0.725,0.8408203125,5.365234375,-5.4052734375
0.7255,1.921875,4.96484375,-6.166015625
0.726,3.3232421875,3.6435546875,-6.486328125
0.7265,4.32421875,2.2421875,-6.3662109375
0.727,4.8046875,1.1611328125,-6.1259765625
0.7275,5.0849609375,0.48046875,-6.005859375
0.728,5.4052734375,-0.48046875,-5.765625
0.7285,5.3251953125,-1.6416015625,-4.884765625
0.729,5.0849609375,-2.9228515625,-3.5634765625
0.7295,4.6044921875,-4.0439453125,-2.2421875
0.73,4.32421875,-4.6845703125,-1.4013671875
0.7305,4.00390625,-5.365234375,-0.6005859375
0.731,3.5234375,-5.9658203125,0.48046875
0.7315,2.2421875,-6.24609375,1.9619140625
0.732,0.80078125,-6.2060546875,3.3232421875
0.7325,-0.16015625,-6.2060546875,4.2041015625
0.733,-0.880859375,-6.24609375,5.044921875
0.7335,-1.921875,-6.005859375,5.92578125
0.734,-3.203125,-5.125,6.56640625
0.7345,-4.5244140625,-3.68359375,6.6865234375
0.735,-5.365234375,-2.2021484375,6.40625
0.7355,-5.7255859375,-1.3212890625,6.166015625
0.736,-5.92578125,-0.5205078125,5.8857421875
0.7365,-6.166015625,0.5205078125,5.4453125
0.737,-5.92578125,1.9619140625,4.1240234375
0.7375,-5.4853515625,3.283203125,2.5224609375
0.738,-5.0048828125,4.2041015625,1.3212890625
0.7385,-4.564453125,4.7646484375,0.48046875
0.739,-4.0439453125,5.3251953125,-0.5205078125
0.7395,-3.0830078125,5.7255859375,-1.76171875
0.74,-1.6015625,5.8857421875,-3.36328125
0.7405,-0.3203125,5.685546875,-4.484375
0.741,0.560546875,5.60546875,-5.205078125
0.7415,1.3212890625,5.4453125,-5.92578125
0.742,2.40234375,5.044921875,-6.7666015625
0.7425,3.923828125,3.6435546875,-7.126953125
0.743,4.96484375,2.0419921875,-6.9267578125
0.7435,5.4853515625,0.720703125,-6.486328125
0.744,5.6455078125,0.0,-6.2060546875
0.7445,5.765625,-1.0009765625,-5.8056640625
0.745,5.7255859375,-2.162109375,-4.96484375
0.7455,5.365234375,-3.6435546875,-3.4033203125
0.746,4.8447265625,-4.724609375,-1.921875
0.7465,4.32421875,-5.4052734375,-0.9208984375
0.747,3.8837890625,-5.8857421875,0.0
0.7475,3.36328125,-6.4462890625,0.9208984375
0.748,2.0419921875,-6.6865234375,2.40234375
0.7485,0.48046875,-6.56640625,3.8837890625
0.749,-0.6806640625,-6.3662109375,4.8046875
0.7495,-1.3212890625,-6.3662109375,5.4853515625
0.75,-2.2822265625,-6.005859375,6.24609375
0.7505,-3.4833984375,-5.3251953125,6.966796875
0.751,-4.8447265625,-3.8037109375,7.0869140625
0.7515,-5.765625,-2.2021484375,6.7265625
0.752,-6.1259765625,-1.12109375,6.3662109375
0.7525,-6.2060546875,-0.3603515625,6.005859375
0.753,-6.3662109375,0.640625,5.5654296875
0.7535,-6.2060546875,1.921875,4.404296875
0.754,-5.7255859375,3.36328125,2.802734375
0.7545,-5.125,4.32421875,1.4013671875
0.755,-4.64453125,4.96484375,0.5205078125
0.7555,-4.1640625,5.4052734375,-0.4404296875
0.756,-3.4833984375,5.92578125,-1.44140625
0.7565,-1.921875,6.0859375,-3.0830078125
0.757,-0.400390625,5.845703125,-4.4443359375
0.7575,0.560546875,5.7255859375,-5.205078125
0.758,1.28125,5.60546875,-5.845703125
0.7585,2.2822265625,5.1650390625,-6.6865234375
0.759,3.5634765625,4.1640625,-7.20703125
0.7595,4.8046875,2.6025390625,-7.1669921875
0.76,5.4853515625,1.12109375,-6.7265625
0.7605,5.765625,0.1201171875,-6.4462890625
0.761,5.8857421875,-0.720703125,-6.0859375
0.7615,6.005859375,-1.681640625,-5.60546875
0.762,5.685546875,-3.123046875,-4.083984375
0.7625,5.125,-4.4443359375,-2.4423828125
0.763,4.564453125,-5.205078125,-1.2412109375
0.7635,4.1640625,-5.8056640625,-0.400390625
0.764,3.6435546875,-6.3662109375,0.6005859375
0.7645,2.642578125,-6.7265625,1.841796875
0.765,1.041015625,-6.7265625,3.443359375
0.7655,-0.3603515625,-6.486328125,4.6044921875
0.766,-1.1611328125,-6.40625,5.3251953125
0.7665,-1.9619140625,-6.2861328125,6.0458984375
0.767,-3.0029296875,-5.8056640625,6.88671875
0.7675,-4.484375,-4.3642578125,7.2470703125
0.768,-5.5654296875,-2.72265625,7.0068359375
0.7685,-6.1259765625,-1.4013671875,6.5263671875
0.769,-6.2861328125,-0.6005859375,6.2060546875
0.7695,-6.40625,0.3603515625,5.7255859375
0.77,-6.3662109375,1.521484375,4.96484375
0.7705,-5.9658203125,3.04296875,3.3232421875
0.771,-5.4052734375,4.2041015625,1.8017578125
0.7715,-4.8447265625,4.8447265625,0.720703125
0.772,-4.3642578125,5.4052734375,-0.16015625
0.7725,-3.84375,5.92578125,-1.1611328125
0.773,-2.4423828125,6.166015625,-2.642578125
0.7735,-0.80078125,6.0458984375,-4.1640625
0.774,0.4404296875,5.765625,-5.125
0.7745,1.12109375,5.7255859375,-5.765625
0.775,2.0419921875,5.4052734375,-6.5263671875
0.7755,3.1630859375,4.724609375,-7.20703125
0.776,4.6044921875,3.123046875,-7.4072265625
0.7765,5.4853515625,1.4013671875,-7.046875
0.777,5.845703125,0.2802734375,-6.56640625
0.7775,5.9658203125,-0.6005859375,-6.2861328125
0.778,6.1259765625,-1.4814453125,-5.765625
0.7785,5.8857421875,-2.8427734375,-4.564453125
0.779,5.4052734375,-4.2041015625,-2.8828125
0.7795,4.8046875,-5.2451171875,-1.44140625
0.78,4.32421875,-5.8056640625,-0.6005859375
0.7805,3.8037109375,-6.326171875,0.4404296875
0.781,3.0830078125,-6.806640625,1.4814453125
0.7815,1.44140625,-6.9267578125,3.1630859375
0.782,-0.2001953125,-6.646484375,4.484375
0.7825,-1.0810546875,-6.4462890625,5.28515625
0.783,-1.8017578125,-6.3662109375,5.9658203125
0.7835,-2.8828125,-5.8857421875,6.7265625
0.784,-4.1640625,-4.8046875,7.20703125
0.7845,-5.4052734375,-3.203125,7.126953125
0.785,-6.1259765625,-1.6416015625,6.6865234375
0.7855,-6.3662109375,-0.80078125,6.2861328125
0.786,-6.40625,0.16015625,5.8857421875
0.7865,-6.486328125,1.12109375,5.365234375
0.787,-6.1259765625,2.5625,3.84375
0.7875,-5.525390625,3.84375,2.2421875
0.788,-4.884765625,4.64453125,1.0009765625
0.7885,-4.484375,5.1650390625,0.2001953125
0.789,-3.923828125,5.685546875,-0.80078125
0.7895,-2.9228515625,6.005859375,-1.9619140625
0.79,-1.4013671875,6.0458984375,-3.5634765625
0.7905,0.080078125,5.7255859375,-4.6845703125
0.791,0.80078125,5.6455078125,-5.4052734375
0.7915,1.4814453125,5.5654296875,-6.0859375
0.792,2.4423828125,5.1650390625,-6.8466796875
0.7925,3.84375,3.763671875,-7.1669921875
0.793,4.9248046875,2.162109375,-6.9267578125
0.7935,5.4052734375,0.80078125,-6.486328125
0.794,5.685546875,0.1201171875,-6.2861328125
0.7945,5.765625,-0.720703125,-5.9658203125
0.795,5.7255859375,-1.76171875,-5.205078125
0.7955,5.4052734375,-3.0830078125,-3.8037109375
0.796,4.8447265625,-4.2841796875,-2.2822265625
0.7965,4.404296875,-5.044921875,-1.28125
0.797,4.083984375,-5.6455078125,-0.5205078125
0.7975,3.68359375,-6.2861328125,0.4404296875
0.798,2.5224609375,-6.486328125,1.8017578125
0.7985,1.0009765625,-6.4462890625,3.2431640625
0.799,-0.2802734375,-6.2861328125,4.2841796875
0.7995,-0.9208984375,-6.3662109375,5.0849609375
0.8,-1.76171875,-6.2060546875,5.8857421875
0.8005,-2.8828125,-5.7255859375,6.646484375
0.801,-4.244140625,-4.2841796875,6.8466796875
0.8015,-5.28515625,-2.72265625,6.5263671875
0.802,-5.7255859375,-1.6015625,6.2861328125
0.8025,-5.9658203125,-0.8408203125,6.0859375
0.803,-6.166015625,0.1201171875,5.765625
0.8035,-6.0458984375,1.28125,4.7646484375
0.804,-5.6455078125,2.6826171875,3.283203125
0.8045,-5.125,3.68359375,1.921875
0.805,-4.7646484375,4.404296875,1.0009765625
0.8055,-4.3642578125,4.96484375,0.240234375
0.806,-3.8037109375,5.5654296875,-0.8408203125
0.8065,-2.4423828125,5.7255859375,-2.322265625
0.807,-0.9609375,5.5654296875,-3.7236328125
0.8075,0.0400390625,5.4853515625,-4.5244140625
0.808,0.6806640625,5.4853515625,-5.2451171875
0.8085,1.6015625,5.2451171875,-6.1259765625
0.809,2.8427734375,4.4443359375,-6.6865234375
0.8095,4.00390625,2.9228515625,-6.7265625
0.81,4.8447265625,1.5615234375,-6.40625
0.8105,5.1650390625,0.720703125,-6.166015625
0.811,5.4052734375,0.0,-6.0458984375
0.8115,5.60546875,-0.9609375,-5.685546875
0.812,5.365234375,-2.2021484375,-4.484375
0.8125,4.9248046875,-3.4833984375,-2.962890625
0.813,4.484375,-4.3642578125,-1.8017578125
0.8135,4.1640625,-5.0048828125,-1.041015625
0.814,3.84375,-5.6455078125,-0.2802734375
0.8145,3.123046875,-6.0859375,0.9208984375
0.815,1.76171875,-6.2060546875,2.2822265625
0.8155,0.48046875,-6.0458984375,3.443359375
0.816,-0.3603515625,-6.1259765625,4.2841796875
0.8165,-1.041015625,-6.24609375,5.0849609375
0.817,-1.9619140625,-6.0859375,5.92578125
0.8175,-3.3232421875,-4.96484375,6.40625
0.818,-4.4443359375,-3.4033203125,6.326171875
0.8185,-5.0849609375,-2.2021484375,6.0458984375
0.819,-5.4453125,-1.44140625,5.92578125
0.8195,-5.685546875,-0.7607421875,5.765625
0.82,-5.765625,0.2802734375,5.28515625
0.8205,-5.525390625,1.521484375,4.083984375
0.821,-5.125,2.6826171875,2.72265625
0.8215,-4.7646484375,3.4833984375,1.76171875
0.822,-4.564453125,4.1640625,1.0009765625
0.8225,-4.32421875,4.884765625,0.240234375
0.823,-3.3232421875,5.2451171875,-1.12109375
0.8235,-2.001953125,5.28515625,-2.4423828125
0.824,-0.9208984375,5.2451171875,-3.4833984375
0.8245,-0.2802734375,5.365234375,-4.32421875
0.825,0.640625,5.4052734375,-5.1650390625
0.8255,1.5615234375,5.0849609375,-6.005859375
0.826,2.9228515625,3.923828125,-6.2861328125
0.8265,3.9638671875,2.5224609375,-6.166015625
0.827,4.5244140625,1.4814453125,-6.0859375
0.8275,4.9248046875,0.8408203125,-6.0458984375
0.828,5.2451171875,0.080078125,-5.92578125
0.8285,5.205078125,-1.041015625,-5.125
0.829,4.96484375,-2.2822265625,-3.8837890625
0.8295,4.564453125,-3.36328125,-2.642578125
0.83,4.32421875,-4.1640625,-1.841796875
0.8305,4.1240234375,-4.884765625,-1.0810546875
0.831,3.8037109375,-5.525390625,-0.240234375
0.8315,2.6826171875,-5.845703125,1.201171875
0.832,1.361328125,-5.845703125,2.5224609375
0.8325,0.48046875,-5.9658203125,3.443359375
0.833,-0.2802734375,-6.1259765625,4.2841796875
0.8335,-1.201171875,-6.1259765625,5.1650390625
0.834,-2.322265625,-5.4453125,5.8857421875
0.8345,-3.603515625,-4.1640625,6.0458984375
0.835,-4.4443359375,-2.8427734375,5.8857421875
0.8355,-4.96484375,-2.001953125,5.845703125
0.836,-5.28515625,-1.3212890625,5.765625
0.8365,-5.6455078125,-0.560546875,5.60546875
0.837,-5.4453125,0.6806640625,4.6044921875
0.8375,-5.1650390625,1.921875,3.3232421875
0.838,-4.8447265625,2.8427734375,2.2421875
0.8385,-4.64453125,3.603515625,1.4814453125
0.839,-4.404296875,4.32421875,0.6806640625
0.8395,-3.8037109375,4.8447265625,-0.3603515625
0.84,-2.6826171875,5.0849609375,-1.6416015625
0.8405,-1.44140625,5.0849609375,-2.8427734375
0.841,-0.720703125,5.2451171875,-3.7236328125
0.8415,0.0400390625,5.3251953125,-4.564453125
0.842,0.9208984375,5.365234375,-5.4853515625
0.8425,2.2021484375,4.4443359375,-5.9658203125
0.843,3.3232421875,3.0830078125,-6.005859375
0.8435,4.083984375,1.921875,-5.845703125
0.844,4.484375,1.2412109375,-5.8857421875
0.8445,4.884765625,0.560546875,-5.845703125
0.845,5.044921875,-0.400390625,-5.4853515625
0.8455,4.9248046875,-1.5615234375,-4.4443359375
0.846,4.6044921875,-2.7626953125,-3.203125
0.8465,4.3642578125,-3.603515625,-2.2822265625
0.847,4.2041015625,-4.3642578125,-1.6015625
0.8475,4.1240234375,-5.1650390625,-0.80078125
0.848,3.2431640625,-5.60546875,0.48046875
0.8485,2.001953125,-5.765625,1.76171875
0.849,1.0009765625,-5.8056640625,2.802734375
0.8495,0.3203125,-6.1259765625,3.68359375
0.85,-0.6005859375,-6.1259765625,4.64453125
0.8505,-1.6015625,-5.845703125,5.4853515625
0.851,-2.962890625,-4.7646484375,5.8857421875
0.8515,-4.00390625,-3.36328125,5.8857421875
0.852,-4.64453125,-2.40234375,5.765625
0.8525,-5.0849609375,-1.7216796875,5.765625
0.853,-5.4453125,-1.0009765625,5.7255859375
0.8535,-5.4853515625,0.1201171875,5.044921875
0.854,-5.28515625,1.4013671875,3.84375
0.8545,-4.96484375,2.482421875,2.6826171875
0.855,-4.724609375,3.2431640625,1.841796875
0.8555,-4.5244140625,3.9638671875,1.12109375
0.856,-4.1640625,4.64453125,0.240234375
0.8565,-3.0830078125,5.0048828125,-1.2412109375
0.857,-1.8818359375,5.0849609375,-2.482421875
0.8575,-1.041015625,5.1650390625,-3.4833984375
0.858,-0.3203125,5.365234375,-4.2841796875
0.8585,0.6806640625,5.3251953125,-5.205078125
0.859,1.841796875,4.724609375,-5.8857421875
0.8595,3.0830078125,3.443359375,-6.1259765625
0.86,3.9638671875,2.162109375,-5.9658203125
0.8605,4.484375,1.3212890625,-5.92578125
0.861,4.8447265625,0.640625,-5.8857421875
0.8615,5.1650390625,-0.2802734375,-5.7255859375
0.862,5.0849609375,-1.44140625,-4.6845703125
0.8625,4.7646484375,-2.6826171875,-3.36328125
0.863,4.4443359375,-3.6435546875,-2.2822265625
0.8635,4.2841796875,-4.3642578125,-1.5615234375
0.864,4.00390625,-5.125,-0.7607421875
0.8645,3.36328125,-5.685546875,0.3603515625
0.865,2.162109375,-5.92578125,1.76171875
0.8655,0.9609375,-5.92578125,2.8828125
0.866,0.240234375,-6.0458984375,3.84375
0.8665,-0.640625,-6.1259765625,4.724609375
0.867,-1.5615234375,-6.0458984375,5.6455078125
0.8675,-2.962890625,-4.9248046875,6.1259765625
0.868,-4.1240234375,-3.4833984375,6.0859375
0.8685,-4.8447265625,-2.2822265625,5.8857421875
0.869,-5.205078125,-1.5615234375,5.8056640625
0.8695,-5.525390625,-0.80078125,5.685546875
0.87,-5.6455078125,0.2802734375,5.125
0.8705,-5.4853515625,1.5615234375,3.923828125
0.871,-5.125,2.7626953125,2.6025390625
0.8715,-4.7646484375,3.5234375,1.6416015625
0.872,-4.5244140625,4.2041015625,0.9208984375
0.8725,-4.2041015625,4.884765625,0.0400390625
0.873,-3.0830078125,5.205078125,-1.361328125
0.8735,-1.8017578125,5.28515625,-2.7626953125
0.874,-0.7607421875,5.28515625,-3.7236328125
0.8745,0.0,5.4052734375,-4.5244140625
0.875,0.9208984375,5.3251953125,-5.4052734375
0.8755,1.921875,4.884765625,-6.1259765625
0.876,3.3232421875,3.5234375,-6.4462890625
0.8765,4.32421875,2.08203125,-6.2861328125
0.877,4.8447265625,1.12109375,-6.0859375
0.8775,5.0849609375,0.4404296875,-5.92578125
0.878,5.365234375,-0.5205078125,-5.765625
0.8785,5.28515625,-1.6416015625,-4.7646484375
0.879,5.0048828125,-2.962890625,-3.4033203125
0.8795,4.564453125,-4.00390625,-2.162109375
0.88,4.2841796875,-4.6845703125,-1.3212890625
0.8805,3.9638671875,-5.4052734375,-0.560546875
0.881,3.443359375,-5.9658203125,0.5205078125
0.8815,2.08203125,-6.24609375,1.9619140625
0.882,0.7607421875,-6.1259765625,3.3232421875
0.8825,-0.16015625,-6.1259765625,4.1640625
0.883,-0.880859375,-6.2060546875,4.96484375
0.8835,-1.921875,-5.92578125,5.845703125
0.884,-3.203125,-5.044921875,6.4462890625
0.8845,-4.484375,-3.5634765625,6.5263671875
0.885,-5.28515625,-2.162109375,6.2861328125
0.8855,-5.6455078125,-1.361328125,6.0859375
0.886,-5.8056640625,-0.6005859375,5.845703125
0.8865,-6.0458984375,0.48046875,5.4052734375
0.887,-5.8056640625,1.8818359375,4.083984375
0.8875,-5.4052734375,3.1630859375,2.5625
0.888,-4.884765625,4.0439453125,1.4013671875
0.8885,-4.564453125,4.6044921875,0.6005859375
0.889,-4.1240234375,5.205078125,-0.3603515625
0.8895,-3.1630859375,5.60546875,-1.6015625
0.89,-1.7216796875,5.765625,-3.123046875
0.8905,-0.400390625,5.60546875,-4.2841796875
0.891,0.400390625,5.60546875,-5.0849609375
0.8915,1.201171875,5.4853515625,-5.8056640625
0.892,2.2421875,5.0849609375,-6.6865234375
0.8925,3.8037109375,3.68359375,-7.046875
0.893,4.8447265625,2.0419921875,-6.806640625
0.8935,5.4052734375,0.80078125,-6.4462890625
0.894,5.60546875,0.0400390625,-6.2060546875
0.8945,5.7255859375,-0.9208984375,-5.8056640625
0.895,5.7255859375,-2.0419921875,-4.9248046875
0.8955,5.4052734375,-3.5634765625,-3.4033203125
0.896,4.884765625,-4.6845703125,-1.9619140625
0.8965,4.404296875,-5.4052734375,-1.0009765625
0.897,3.9638671875,-5.92578125,-0.16015625
0.8975,3.4033203125,-6.5263671875,0.9208984375
0.898,1.9619140625,-6.6865234375,2.5224609375
0.8985,0.48046875,-6.56640625,3.9638671875
0.899,-0.720703125,-6.40625,4.8447265625
0.8995,-1.361328125,-6.3662109375,5.5654296875
0.9,-2.322265625,-5.9658203125,6.326171875
0.9005,-3.5634765625,-5.1650390625,7.0068359375
0.901,-5.0048828125,-3.603515625,7.126953125
0.9015,-5.8857421875,-2.001953125,6.7265625
0.902,-6.2060546875,-0.9609375,6.3662109375
0.9025,-6.2861328125,0.0,5.9658203125
0.903,-6.40625,0.9208984375,5.4853515625
0.9035,-6.166015625,2.2421875,4.1640625
0.904,-5.685546875,3.68359375,2.5224609375
0.9045,-5.0849609375,4.5244140625,1.201171875
0.905,-4.564453125,5.0849609375,0.3203125
0.9055,-4.0439453125,5.5654296875,-0.6806640625
0.906,-3.203125,6.005859375,-1.8017578125
0.9065,-1.6015625,6.1259765625,-3.443359375
0.907,0.0,5.8857421875,-4.7646484375
0.9075,0.80078125,5.7255859375,-5.4453125
0.908,1.4814453125,5.5654296875,-6.1259765625
0.9085,2.5224609375,5.0849609375,-6.8466796875
0.909,3.84375,3.9638671875,-7.287109375
0.9095,5.044921875,2.3623046875,-7.20703125
0.91,5.685546875,0.880859375,-6.7265625
0.9105,5.8857421875,0.0,-6.40625
0.911,5.92578125,-0.880859375,-6.005859375
0.9115,6.005859375,-1.8818359375,-5.4052734375
0.912,5.60546875,-3.283203125,-3.8837890625
0.9125,5.0849609375,-4.64453125,-2.2421875
0.913,4.484375,-5.4052734375,-1.0810546875
0.9135,4.0439453125,-5.9658203125,-0.3203125
0.914,3.5234375,-6.40625,0.6806640625
0.9145,2.5224609375,-6.7265625,1.9619140625
0.915,0.9208984375,-6.7265625,3.5234375
0.9155,-0.5205078125,-6.4462890625,4.6044921875
0.916,-1.2412109375,-6.40625,5.365234375
0.9165,-1.9619140625,-6.24609375,6.0859375
0.917,-3.04296875,-5.8056640625,6.88671875
0.9175,-4.5244140625,-4.3642578125,7.1669921875
0.918,-5.5654296875,-2.6826171875,6.88671875
0.9185,-6.0859375,-1.361328125,6.4462890625
0.919,-6.24609375,-0.640625,6.2060546875
0.9195,-6.3662109375,0.3203125,5.8056640625
0.92,-6.2861328125,1.44140625,4.9248046875
0.9205,-5.845703125,2.8427734375,3.3232421875
0.921,-5.3251953125,4.0439453125,1.841796875
0.9215,-4.8447265625,4.724609375,0.7607421875
0.922,-4.404296875,5.28515625,0.0400390625
0.9225,-3.8837890625,5.845703125,-1.0009765625
0.923,-2.482421875,6.0458984375,-2.5224609375
0.9235,-0.880859375,5.92578125,-4.00390625
0.924,0.2802734375,5.7255859375,-4.96484375
0.9245,0.9609375,5.7255859375,-5.685546875
0.925,1.8818359375,5.4052734375,-6.40625
0.9255,3.04296875,4.724609375,-7.0869140625
0.926,4.484375,3.123046875,-7.2470703125
0.9265,5.365234375,1.5615234375,-6.9267578125
0.927,5.7255859375,0.48046875,-6.5263671875
0.9275,5.8857421875,-0.400390625,-6.24609375
0.928,6.005859375,-1.28125,-5.8056640625
0.9285,5.8056640625,-2.642578125,-4.564453125
0.929,5.365234375,-4.1640625,-2.9228515625
0.9295,4.7646484375,-5.1650390625,-1.5615234375
0.93,4.3642578125,-5.7255859375,-0.640625
0.9305,3.8837890625,-6.2060546875,0.3203125
0.931,3.123046875,-6.7666015625,1.4013671875
0.9315,1.521484375,-6.88671875,3.1630859375
0.932,0.0,-6.646484375,4.484375
0.9325,-1.0009765625,-6.486328125,5.2451171875
0.933,-1.681640625,-6.40625,6.005859375
0.9335,-2.802734375,-5.9658203125,6.7666015625
0.934,-4.2041015625,-4.8046875,7.287109375
0.9345,-5.4453125,-3.0830078125,7.1669921875
0.935,-6.1259765625,-1.6015625,6.6865234375
0.9355,-6.3662109375,-0.6806640625,6.3662109375
0.936,-6.40625,0.240234375,5.9658203125
0.9365,-6.486328125,1.2412109375,5.28515625
0.937,-6.1259765625,2.6826171875,3.7236328125
0.9375,-5.525390625,4.00390625,2.0419921875
0.938,-4.884765625,4.8046875,0.8408203125
0.9385,-4.4443359375,5.3251953125,0.0
0.939,-3.84375,5.8056640625,-1.0009765625
0.9395,-2.72265625,6.0859375,-2.2822265625
0.94,-1.1611328125,6.0859375,-3.84375
0.9405,0.2802734375,5.7255859375,-4.9248046875
0.941,1.0009765625,5.685546875,-5.6455078125
0.9415,1.7216796875,5.4453125,-6.2861328125
0.942,2.6826171875,5.044921875,-7.046875
0.9425,4.1240234375,3.5634765625,-7.287109375
0.943,5.1650390625,1.921875,-7.0068359375
0.9435,5.6455078125,0.6005859375,-6.5263671875
0.944,5.765625,-0.2001953125,-6.2861328125
0.9445,5.8857421875,-1.041015625,-5.845703125
0.945,5.7255859375,-2.08203125,-5.0048828125
0.9455,5.365234375,-3.5234375,-3.5234375
0.946,4.8046875,-4.6044921875,-1.9619140625
0.9465,4.32421875,-5.28515625,-1.0009765625
0.947,3.9638671875,-5.845703125,-0.2001953125
0.9475,3.5234375,-6.40625,0.720703125
0.948,2.2421875,-6.6064453125,2.162109375
0.9485,0.6806640625,-6.486328125,3.5634765625
0.949,-0.5205078125,-6.2861328125,4.5244140625
0.9495,-1.1611328125,-6.3662109375,5.28515625
0.95,-1.9619140625,-6.166015625,6.0458984375
0.9505,-3.123046875,-5.525390625,6.6865234375
0.951,-4.484375,-4.0439453125,6.88671875
0.9515,-5.4453125,-2.482421875,6.56640625
0.952,-5.845703125,-1.4013671875,6.326171875
0.9525,-6.0859375,-0.720703125,6.0859375
0.953,-6.2861328125,0.2001953125,5.765625
0.9535,-6.0859375,1.4013671875,4.64453125
0.954,-5.6455078125,2.8427734375,3.1630859375
0.9545,-5.125,3.84375,1.76171875
0.955,-4.7646484375,4.564453125,0.880859375
0.9555,-4.3642578125,5.125,0.080078125
0.956,-3.7236328125,5.6455078125,-1.041015625
0.9565,-2.322265625,5.845703125,-2.5625
0.957,-0.80078125,5.6455078125,-3.8837890625
0.9575,0.16015625,5.60546875,-4.724609375
0.958,0.8408203125,5.60546875,-5.4853515625
0.9585,1.76171875,5.365234375,-6.2861328125
0.959,3.04296875,4.404296875,-6.806640625
0.9595,4.2041015625,2.8828125,-6.7666015625
0.96,5.044921875,1.4013671875,-6.4462890625
0.9605,5.365234375,0.560546875,-6.24609375
0.961,5.525390625,-0.2802734375,-6.0458984375
0.9615,5.6455078125,-1.201171875,-5.6455078125
0.962,5.4052734375,-2.4423828125,-4.32421875
0.9625,4.96484375,-3.7236328125,-2.7626953125
0.963,4.484375,-4.564453125,-1.6416015625
0.9635,4.1640625,-5.205078125,-0.8408203125
0.964,3.8037109375,-5.8056640625,0.0400390625
0.9645,2.9228515625,-6.2060546875,1.201171875
0.965,1.521484375,-6.2861328125,2.6025390625
0.9655,0.2802734375,-6.1259765625,3.763671875
0.966,-0.6005859375,-6.166015625,4.5244140625
0.9665,-1.28125,-6.166015625,5.365234375
0.967,-2.2021484375,-5.92578125,6.2060546875
0.9675,-3.603515625,-4.6845703125,6.56640625
0.968,-4.6845703125,-3.203125,6.40625
0.9685,-5.28515625,-2.001953125,6.0859375
0.969,-5.60546875,-1.28125,5.92578125
0.9695,-5.8056640625,-0.5205078125,5.7255859375
0.97,-5.765625,0.560546875,5.0849609375
0.9705,-5.4853515625,1.841796875,3.8037109375
0.971,-5.0849609375,2.962890625,2.4423828125
0.9715,-4.6845703125,3.763671875,1.4814453125
0.972,-4.4443359375,4.4443359375,0.7607421875
0.9725,-4.1640625,5.0849609375,0.0
0.973,-3.0830078125,5.365234375,-1.4013671875
0.9735,-1.7216796875,5.3251953125,-2.72265625
0.974,-0.640625,5.2451171875,-3.7236328125
0.9745,0.1201171875,5.4052734375,-4.5244140625
0.975,0.880859375,5.4052734375,-5.365234375
0.9755,1.841796875,5.0048828125,-6.0859375
0.976,3.123046875,3.763671875,-6.326171875
0.9765,4.083984375,2.2822265625,-6.166015625
0.977,4.64453125,1.28125,-6.0458984375
0.9775,4.96484375,0.640625,-6.0458984375
0.978,5.28515625,0.0,-5.8857421875
0.9785,5.1650390625,-1.1611328125,-5.044921875
0.979,4.9248046875,-2.4423828125,-3.8037109375
0.9795,4.5244140625,-3.4833984375,-2.5625
0.98,4.32421875,-4.244140625,-1.76171875
0.9805,4.1240234375,-5.0048828125,-1.0009765625
0.981,3.763671875,-5.6455078125,0.0
0.9815,2.6025390625,-5.92578125,1.28125
0.982,1.28125,-5.8857421875,2.5224609375
0.9825,0.4404296875,-5.9658203125,3.4833984375
0.983,-0.3203125,-6.1259765625,4.3642578125
0.9835,-1.201171875,-6.1259765625,5.2451171875
0.984,-2.3623046875,-5.4052734375,5.8857421875
0.9845,-3.5634765625,-4.1640625,6.0458984375
0.985,-4.484375,-2.8427734375,5.845703125
0.9855,-5.0048828125,-2.0419921875,5.845703125
0.986,-5.3251953125,-1.3212890625,5.8056640625
0.9865,-5.6455078125,-0.560546875,5.6455078125
0.987,-5.4453125,0.720703125,4.6044921875
0.9875,-5.125,1.921875,3.3232421875
0.988,-4.8046875,2.8427734375,2.2421875
0.9885,-4.64453125,3.6435546875,1.521484375
0.989,-4.4443359375,4.32421875,0.720703125
0.9895,-3.8037109375,4.8447265625,-0.400390625
0.99,-2.642578125,5.0849609375,-1.6416015625
0.9905,-1.44140625,5.0849609375,-2.802734375
0.991,-0.720703125,5.2451171875,-3.7236328125
0.9915,0.080078125,5.4052734375,-4.6044921875
0.992,0.9609375,5.365234375,-5.4853515625
0.9925,2.2021484375,4.32421875,-5.9658203125
0.993,3.3232421875,3.0029296875,-5.9658203125
0.9935,4.0439453125,1.8818359375,-5.845703125
0.994,4.5244140625,1.2412109375,-5.92578125
0.9945,4.9248046875,0.560546875,-5.845703125
0.995,5.0048828125,-0.400390625,-5.4453125
0.9955,4.9248046875,-1.6015625,-4.404296875
0.996,4.6044921875,-2.72265625,-3.203125
0.9965,4.32421875,-3.603515625,-2.2822265625
0.997,4.2041015625,-4.404296875,-1.5615234375
0.9975,4.1240234375,-5.205078125,-0.80078125
0.998,3.1630859375,-5.6455078125,0.5205078125
0.9985,1.921875,-5.7255859375,1.841796875
0.999,0.9609375,-5.765625,2.8828125
0.9995,0.2802734375,-6.0458984375,3.8037109375
