wavelength,x,y,z
0.0,-0.48046875,3.123046875,-3.0830078125
0.0005,0.1201171875,2.72265625,-3.3232421875
0.001,0.9609375,2.08203125,-3.4833984375
0.0015,1.6416015625,1.6015625,-3.68359375
0.002,2.2421875,1.12109375,-3.7236328125
0.0025,2.5224609375,0.80078125,-3.7236328125
0.003,2.6025390625,0.3203125,-3.36328125
0.0035,2.642578125,-0.3203125,-2.8427734375
0.004,2.8427734375,-1.0009765625,-2.2822265625
0.0045,2.9228515625,-1.7216796875,-1.7216796875
0.005,3.0029296875,-2.2021484375,-1.3212890625
0.0055,2.8828125,-2.5625,-0.9208984375
0.006,2.5625,-2.72265625,-0.3603515625
0.0065,1.9619140625,-2.8828125,0.400390625
0.007,1.44140625,-3.0830078125,1.1611328125
0.0075,0.9609375,-3.283203125,1.841796875
0.008,0.6005859375,-3.36328125,2.2421875
0.0085,0.1201171875,-3.1630859375,2.482421875
0.009,-0.5205078125,-2.72265625,2.6826171875
0.0095,-1.28125,-2.162109375,2.8828125
0.01,-1.921875,-1.681640625,3.04296875
0.0105,-2.3623046875,-1.28125,3.123046875
0.011,-2.642578125,-0.9609375,3.04296875
0.0115,-2.7626953125,-0.5205078125,2.6826171875
0.012,-2.802734375,0.2001953125,2.1220703125
0.0125,-2.962890625,0.880859375,1.6416015625
0.013,-3.1630859375,1.5615234375,1.12109375
0.0135,-3.203125,2.001953125,0.7607421875
0.014,-2.962890625,2.2822265625,0.2802734375
0.0145,-2.642578125,2.5224609375,-0.3203125
0.015,-2.08203125,2.72265625,-1.0810546875
0.0155,-1.5615234375,2.9228515625,-1.8017578125
0.016,-1.1611328125,3.123046875,-2.4423828125
0.0165,-0.7607421875,3.123046875,-2.8427734375
0.017,-0.240234375,2.8427734375,-3.123046875
0.0175,0.48046875,2.40234375,-3.283203125
0.018,1.201171875,1.921875,-3.5234375
0.0185,1.8818359375,1.4013671875,-3.68359375
0.019,2.2421875,1.0810546875,-3.7236328125
0.0195,2.482421875,0.640625,-3.5634765625
0.02,2.6025390625,0.1201171875,-3.1630859375
0.0205,2.72265625,-0.640625,-2.5625
0.021,2.8828125,-1.3212890625,-2.0419921875
0.0215,3.04296875,-1.9619140625,-1.5615234375
0.022,3.04296875,-2.40234375,-1.1611328125
0.0225,2.72265625,-2.6025390625,-0.640625
0.023,2.2421875,-2.802734375,0.0400390625
0.0235,1.681640625,-3.04296875,0.880859375
0.024,1.1611328125,-3.2431640625,1.5615234375
0.0245,0.7607421875,-3.36328125,2.08203125
0.025,0.3203125,-3.36328125,2.40234375
0.0255,-0.3203125,-2.9228515625,2.6826171875
0.026,-1.0810546875,-2.322265625,2.8427734375
0.0265,-1.76171875,-1.8017578125,3.04296875
0.027,-2.3623046875,-1.361328125,3.1630859375
0.0275,-2.6025390625,-1.041015625,3.123046875
0.028,-2.72265625,-0.560546875,2.802734375
0.0285,-2.8427734375,0.0400390625,2.2822265625
0.029,-2.9228515625,0.80078125,1.681640625
0.0295,-3.123046875,1.4814453125,1.1611328125
0.03,-3.203125,1.9619140625,0.7607421875
0.0305,-3.0830078125,2.3623046875,0.3203125
0.031,-2.72265625,2.5224609375,-0.2802734375
0.0315,-2.1220703125,2.6826171875,-1.0009765625
0.032,-1.6416015625,2.802734375,-1.8017578125
0.0325,-1.1611328125,3.0830078125,-2.482421875
0.033,-0.7607421875,3.123046875,-2.8828125
0.0335,-0.2802734375,2.962890625,-3.0830078125
0.034,0.400390625,2.5224609375,-3.3232421875
0.0345,1.201171875,1.921875,-3.5234375
0.035,1.841796875,1.4013671875,-3.68359375
0.0355,2.322265625,0.9609375,-3.7236328125
0.036,2.5625,0.640625,-3.6435546875
0.0365,2.642578125,0.1201171875,-3.203125
0.037,2.6826171875,-0.5205078125,-2.6025390625
0.0375,2.8427734375,-1.28125,-2.0419921875
0.038,3.04296875,-1.9619140625,-1.5615234375
0.0385,3.04296875,-2.40234375,-1.1611328125
0.039,2.8427734375,-2.642578125,-0.6806640625
0.0395,2.40234375,-2.8427734375,0.0
0.04,1.8818359375,-2.962890625,0.720703125
0.0405,1.201171875,-3.2431640625,1.521484375
0.041,0.7607421875,-3.443359375,2.08203125
0.0415,0.4404296875,-3.36328125,2.482421875
0.042,-0.16015625,-3.0830078125,2.6826171875
0.0425,-0.9208984375,-2.5224609375,2.8828125
0.043,-1.7216796875,-1.8818359375,3.04296875
0.0435,-2.322265625,-1.44140625,3.203125
0.044,-2.642578125,-1.041015625,3.1630859375
0.0445,-2.8828125,-0.640625,2.962890625
0.045,-2.9228515625,0.0,2.482421875
0.0455,-3.0029296875,0.6806640625,1.841796875
0.046,-3.1630859375,1.4013671875,1.28125
0.0465,-3.283203125,2.08203125,0.7607421875
0.047,-3.203125,2.40234375,0.400390625
0.0475,-2.8828125,2.5625,-0.16015625
0.048,-2.40234375,2.6826171875,-0.8408203125
0.0485,-1.6416015625,2.9228515625,-1.76171875
0.049,-1.1611328125,3.123046875,-2.40234375
0.0495,-0.720703125,3.203125,-2.8828125
0.05,-0.3603515625,3.123046875,-3.203125
0.0505,0.3603515625,2.5625,-3.36328125
0.051,1.12109375,2.001953125,-3.5234375
0.0515,1.841796875,1.4013671875,-3.6435546875
0.052,2.40234375,0.9609375,-3.8037109375
0.0525,2.5625,0.640625,-3.6435546875
0.053,2.6826171875,0.2001953125,-3.283203125
0.0535,2.72265625,-0.48046875,-2.72265625
0.054,2.802734375,-1.201171875,-2.1220703125
0.0545,2.962890625,-1.8818359375,-1.6015625
0.055,3.04296875,-2.40234375,-1.1611328125
0.0555,2.9228515625,-2.642578125,-0.80078125
0.056,2.5224609375,-2.7626953125,-0.240234375
0.0565,1.921875,-3.04296875,0.5205078125
0.057,1.4013671875,-3.203125,1.28125
0.0575,0.880859375,-3.36328125,1.9619140625
0.058,0.48046875,-3.36328125,2.3623046875
0.0585,0.0400390625,-3.203125,2.6025390625
0.059,-0.6806640625,-2.6826171875,2.802734375
0.0595,-1.44140625,-2.08203125,2.962890625
0.06,-2.1220703125,-1.5615234375,3.1630859375
0.0605,-2.6025390625,-1.1611328125,3.203125
0.061,-2.802734375,-0.8408203125,3.0830078125
0.0615,-2.8828125,-0.3203125,2.642578125
0.062,-2.962890625,0.3603515625,2.162109375
0.0625,-3.0830078125,1.1611328125,1.4814453125
0.063,-3.203125,1.8017578125,1.0009765625
0.0635,-3.2431640625,2.2421875,0.560546875
0.064,-3.123046875,2.4423828125,0.1201171875
0.0645,-2.5625,2.6025390625,-0.6005859375
0.065,-2.08203125,2.8427734375,-1.3212890625
0.0655,-1.361328125,3.123046875,-2.2021484375
0.066,-0.9609375,3.283203125,-2.7626953125
0.0665,-0.5205078125,3.203125,-3.1630859375
0.067,0.0400390625,2.8828125,-3.36328125
0.0675,0.8408203125,2.2822265625,-3.5634765625
0.068,1.6416015625,1.6416015625,-3.7236328125
0.0685,2.2421875,1.12109375,-3.84375
0.069,2.642578125,0.7607421875,-3.8037109375
0.0695,2.7626953125,0.3603515625,-3.5634765625
0.07,2.7626953125,-0.3203125,-2.9228515625
0.0705,2.8828125,-1.041015625,-2.322265625
0.071,3.0029296875,-1.841796875,-1.681640625
0.0715,3.1630859375,-2.40234375,-1.2412109375
0.072,3.0029296875,-2.72265625,-0.80078125
0.0725,2.6826171875,-2.9228515625,-0.3203125
0.073,2.0419921875,-3.0029296875,0.4404296875
0.0735,1.361328125,-3.203125,1.28125
0.074,0.80078125,-3.36328125,2.001953125
0.0745,0.48046875,-3.443359375,2.482421875
0.075,0.0400390625,-3.2431640625,2.6826171875
0.0755,-0.640625,-2.7626953125,2.802734375
0.076,-1.361328125,-2.162109375,3.0029296875
0.0765,-2.162109375,-1.521484375,3.1630859375
0.077,-2.6025390625,-1.1611328125,3.203125
0.0775,-2.8427734375,-0.7607421875,3.04296875
0.078,-2.9228515625,-0.3603515625,2.802734375
0.0785,-2.9228515625,0.3203125,2.162109375
0.079,-3.04296875,1.0009765625,1.5615234375
0.0795,-3.203125,1.76171875,0.9609375
0.08,-3.2431640625,2.2421875,0.560546875
0.0805,-3.0830078125,2.482421875,0.16015625
0.081,-2.6826171875,2.6025390625,-0.48046875
0.0815,-2.1220703125,2.8427734375,-1.201171875
0.082,-1.44140625,3.0830078125,-2.0419921875
0.0825,-1.0009765625,3.203125,-2.6826171875
0.083,-0.640625,3.283203125,-3.0830078125
0.0835,-0.16015625,3.04296875,-3.36328125
0.084,0.6005859375,2.4423828125,-3.4833984375
0.0845,1.4013671875,1.921875,-3.68359375
0.085,2.162109375,1.28125,-3.84375
0.0855,2.5625,0.880859375,-3.8837890625
0.086,2.7626953125,0.48046875,-3.68359375
0.0865,2.8427734375,0.0,-3.203125
0.087,2.9228515625,-0.80078125,-2.5625
0.0875,3.0029296875,-1.6015625,-1.921875
0.088,3.1630859375,-2.322265625,-1.361328125
0.0885,3.1630859375,-2.802734375,-1.0009765625
0.089,2.8427734375,-2.962890625,-0.5205078125
0.0895,2.2421875,-3.04296875,0.240234375
0.09,1.6015625,-3.2431640625,1.12109375
0.0905,0.9609375,-3.443359375,1.9619140625
0.091,0.5205078125,-3.5234375,2.482421875
0.0915,0.080078125,-3.36328125,2.802734375
0.092,-0.5205078125,-3.0029296875,2.962890625
0.0925,-1.4013671875,-2.2822265625,3.123046875
0.093,-2.08203125,-1.6416015625,3.203125
0.0935,-2.72265625,-1.12109375,3.283203125
0.094,-3.04296875,-0.80078125,3.2431640625
0.0945,-3.04296875,-0.3603515625,2.8427734375
0.095,-3.04296875,0.2802734375,2.2421875
0.0955,-3.123046875,1.0009765625,1.6416015625
0.096,-3.203125,1.76171875,0.9609375
0.0965,-3.2431640625,2.2822265625,0.48046875
0.097,-3.1630859375,2.5625,0.0400390625
0.0975,-2.802734375,2.7626953125,-0.400390625
0.098,-2.08203125,2.802734375,-1.201171875
0.0985,-1.4814453125,3.04296875,-1.9619140625
0.099,-0.9208984375,3.203125,-2.72265625
0.0995,-0.560546875,3.2431640625,-3.123046875
0.1,-0.1201171875,3.0029296875,-3.283203125
0.1005,0.48046875,2.5625,-3.4833984375
0.101,1.28125,1.921875,-3.603515625
0.1015,2.001953125,1.3212890625,-3.7236328125
0.102,2.482421875,0.880859375,-3.8037109375
0.1025,2.7626953125,0.560546875,-3.7236328125
0.103,2.8427734375,0.1201171875,-3.36328125
0.1035,2.802734375,-0.560546875,-2.72265625
0.104,2.9228515625,-1.3212890625,-2.162109375
0.1045,3.0830078125,-2.1220703125,-1.521484375
0.105,3.123046875,-2.6025390625,-1.1611328125
0.1055,2.962890625,-2.8427734375,-0.640625
0.106,2.5625,-3.0029296875,-0.16015625
0.1065,1.8818359375,-3.123046875,0.7607421875
0.107,1.2412109375,-3.283203125,1.5615234375
0.1075,0.720703125,-3.4833984375,2.2421875
0.108,0.3603515625,-3.5634765625,2.642578125
0.1085,-0.16015625,-3.203125,2.8427734375
0.109,-0.9208984375,-2.6025390625,3.0029296875
0.1095,-1.681640625,-2.0419921875,3.1630859375
0.11,-2.4423828125,-1.4013671875,3.3232421875
0.1105,-2.8427734375,-1.0009765625,3.3232421875
0.111,-3.0830078125,-0.640625,3.123046875
0.1115,-3.123046875,-0.080078125,2.6826171875
0.112,-3.0830078125,0.6806640625,1.921875
0.1125,-3.203125,1.44140625,1.28125
0.113,-3.4033203125,2.2421875,0.640625
0.1135,-3.36328125,2.6025390625,0.3203125
0.114,-2.962890625,2.7626953125,-0.240234375
0.1145,-2.40234375,2.8828125,-0.9208984375
0.115,-1.6416015625,3.0830078125,-1.841796875
0.1155,-1.041015625,3.2431640625,-2.6025390625
0.116,-0.6005859375,3.283203125,-3.1630859375
0.1165,-0.2001953125,3.203125,-3.4033203125
0.117,0.48046875,2.72265625,-3.603515625
0.1175,1.28125,1.9619140625,-3.68359375
0.118,1.9619140625,1.4013671875,-3.763671875
0.1185,2.6025390625,0.8408203125,-3.8837890625
0.119,2.8427734375,0.5205078125,-3.763671875
0.1195,2.8828125,0.080078125,-3.36328125
0.12,2.8828125,-0.560546875,-2.8427734375
0.1205,2.9228515625,-1.361328125,-2.08203125
0.121,3.0029296875,-2.08203125,-1.521484375
0.1215,3.0830078125,-2.6025390625,-1.0009765625
0.122,3.04296875,-2.8828125,-0.640625
0.1225,2.5625,-2.962890625,-0.16015625
0.123,1.921875,-3.0830078125,0.6005859375
0.1235,1.28125,-3.2431640625,1.44140625
0.124,0.7607421875,-3.443359375,2.2021484375
0.1245,0.3203125,-3.443359375,2.5625
0.125,-0.080078125,-3.283203125,2.8427734375
0.1255,-0.720703125,-2.8427734375,3.04296875
0.126,-1.6015625,-2.08203125,3.1630859375
0.1265,-2.2822265625,-1.5615234375,3.283203125
0.127,-2.8427734375,-1.041015625,3.3232421875
0.1275,-3.0830078125,-0.720703125,3.2431640625
0.128,-3.123046875,-0.2802734375,2.802734375
0.1285,-3.1630859375,0.4404296875,2.2021484375
0.129,-3.2431640625,1.2412109375,1.4814453125
0.1295,-3.36328125,2.0419921875,0.880859375
0.13,-3.36328125,2.5224609375,0.4404296875
0.1305,-3.203125,2.802734375,0.0
0.131,-2.72265625,2.9228515625,-0.640625
0.1315,-1.9619140625,3.0830078125,-1.6015625
0.132,-1.28125,3.2431640625,-2.4423828125
0.1325,-0.7607421875,3.443359375,-3.123046875
0.133,-0.3603515625,3.36328125,-3.443359375
0.1335,0.240234375,3.0029296875,-3.603515625
0.134,1.0009765625,2.3623046875,-3.8037109375
0.1345,1.921875,1.5615234375,-3.8837890625
0.135,2.5224609375,1.0009765625,-3.923828125
0.1355,2.9228515625,0.560546875,-3.8837890625
0.136,3.04296875,0.16015625,-3.68359375
0.1365,3.0029296875,-0.5205078125,-3.04296875
0.137,3.0029296875,-1.2412109375,-2.2822265625
0.1375,3.04296875,-2.001953125,-1.6015625
0.138,3.1630859375,-2.642578125,-1.0810546875
0.1385,3.0830078125,-2.9228515625,-0.6806640625
0.139,2.72265625,-3.0830078125,-0.2001953125
0.1395,2.08203125,-3.1630859375,0.5205078125
0.14,1.3212890625,-3.283203125,1.4013671875
0.1405,0.7607421875,-3.36328125,2.1220703125
0.141,0.3203125,-3.5234375,2.642578125
0.1415,0.0,-3.36328125,2.8828125
0.142,-0.640625,-2.8828125,2.962890625
0.1425,-1.44140625,-2.2421875,3.123046875
0.143,-2.2421875,-1.5615234375,3.203125
0.1435,-2.7626953125,-1.0810546875,3.3232421875
0.144,-3.0029296875,-0.7607421875,3.1630859375
0.1445,-3.0830078125,-0.400390625,2.9228515625
0.145,-3.0830078125,0.240234375,2.2822265625
0.1455,-3.123046875,1.041015625,1.6416015625
0.146,-3.2431640625,1.76171875,1.041015625
0.1465,-3.36328125,2.40234375,0.5205078125
0.147,-3.2431640625,2.6826171875,0.16015625
0.1475,-2.8828125,2.802734375,-0.400390625
0.148,-2.2822265625,2.962890625,-1.12109375
0.1485,-1.521484375,3.123046875,-2.0419921875
0.149,-1.0009765625,3.283203125,-2.72265625
0.1495,-0.6005859375,3.3232421875,-3.203125
0.15,-0.16015625,3.203125,-3.4833984375
0.1505,0.6005859375,2.642578125,-3.603515625
0.151,1.361328125,2.001953125,-3.8037109375
0.1515,2.2021484375,1.3212890625,-3.8837890625
0.152,2.72265625,0.8408203125,-4.00390625
0.1525,2.8828125,0.4404296875,-3.8037109375
0.153,2.9228515625,0.0,-3.4033203125
0.1535,2.962890625,-0.720703125,-2.72265625
0.154,3.04296875,-1.6015625,-1.9619140625
0.1545,3.1630859375,-2.2822265625,-1.44140625
0.155,3.1630859375,-2.7626953125,-0.9208984375
0.1555,3.0029296875,-2.962890625,-0.6005859375
0.156,2.40234375,-3.04296875,0.1201171875
0.1565,1.76171875,-3.203125,0.9609375
0.157,1.0009765625,-3.36328125,1.841796875
0.1575,0.6005859375,-3.5234375,2.40234375
0.158,0.16015625,-3.4033203125,2.72265625
0.1585,-0.3603515625,-3.1630859375,2.9228515625
0.159,-1.1611328125,-2.4423828125,3.04296875
0.1595,-1.8818359375,-1.8017578125,3.1630859375
0.16,-2.5224609375,-1.28125,3.203125
0.1605,-2.9228515625,-0.9609375,3.2431640625
0.161,-3.04296875,-0.6005859375,3.0029296875
0.1615,-3.04296875,0.0,2.5224609375
0.162,-3.0830078125,0.6806640625,1.921875
0.1625,-3.1630859375,1.521484375,1.201171875
0.163,-3.283203125,2.08203125,0.720703125
0.1635,-3.203125,2.482421875,0.3203125
0.164,-3.0029296875,2.6826171875,-0.16015625
0.1645,-2.40234375,2.72265625,-0.80078125
0.165,-1.8017578125,2.9228515625,-1.6015625
0.1655,-1.1611328125,3.123046875,-2.40234375
0.166,-0.7607421875,3.2431640625,-2.9228515625
0.1665,-0.400390625,3.1630859375,-3.203125
0.167,0.16015625,2.8427734375,-3.4033203125
0.1675,0.9208984375,2.2421875,-3.5634765625
0.168,1.6416015625,1.5615234375,-3.7236328125
0.1685,2.2421875,1.12109375,-3.84375
0.169,2.6025390625,0.6806640625,-3.8037109375
0.1695,2.7626953125,0.3603515625,-3.5634765625
0.17,2.72265625,-0.2802734375,-2.962890625
0.1705,2.8828125,-0.9609375,-2.40234375
0.171,3.0029296875,-1.76171875,-1.76171875
0.1715,3.123046875,-2.322265625,-1.3212890625
0.172,3.04296875,-2.642578125,-0.9208984375
0.1725,2.72265625,-2.8828125,-0.400390625
0.173,2.1220703125,-3.0029296875,0.3603515625
0.1735,1.521484375,-3.203125,1.201171875
0.174,0.9609375,-3.36328125,1.921875
0.1745,0.6005859375,-3.4833984375,2.40234375
0.175,0.1201171875,-3.283203125,2.6826171875
0.1755,-0.5205078125,-2.8427734375,2.802734375
0.176,-1.28125,-2.322265625,3.04296875
0.1765,-2.08203125,-1.681640625,3.1630859375
0.177,-2.5625,-1.28125,3.203125
0.1775,-2.802734375,-0.8408203125,3.123046875
0.178,-2.9228515625,-0.4404296875,2.8427734375
0.1785,-2.8828125,0.2802734375,2.2021484375
0.179,-3.04296875,0.9609375,1.5615234375
0.1795,-3.203125,1.7216796875,1.041015625
0.18,-3.2431640625,2.2421875,0.6005859375
0.1805,-3.0830078125,2.40234375,0.2001953125
0.181,-2.642578125,2.5625,-0.400390625
0.1815,-2.08203125,2.802734375,-1.1611328125
0.182,-1.44140625,3.0029296875,-1.9619140625
0.1825,-1.0009765625,3.123046875,-2.5625
0.183,-0.640625,3.1630859375,-3.0029296875
0.1835,-0.2001953125,2.962890625,-3.203125
0.184,0.560546875,2.322265625,-3.36328125
0.1845,1.2412109375,1.841796875,-3.5634765625
0.185,1.9619140625,1.28125,-3.7236328125
0.1855,2.3623046875,0.9609375,-3.763671875
0.186,2.5625,0.6005859375,-3.5634765625
0.1865,2.6826171875,0.080078125,-3.203125
0.187,2.72265625,-0.6005859375,-2.642578125
0.1875,2.8427734375,-1.3212890625,-2.001953125
0.188,3.0029296875,-1.9619140625,-1.5615234375
0.1885,3.04296875,-2.4423828125,-1.12109375
0.189,2.8427734375,-2.642578125,-0.6806640625
0.1895,2.322265625,-2.7626953125,0.0
0.19,1.8017578125,-3.0029296875,0.6806640625
0.1905,1.201171875,-3.203125,1.521484375
0.191,0.80078125,-3.36328125,2.0419921875
0.1915,0.400390625,-3.283203125,2.40234375
0.192,-0.1201171875,-3.0830078125,2.642578125
0.1925,-0.880859375,-2.5224609375,2.802734375
0.193,-1.6015625,-2.001953125,2.9228515625
0.1935,-2.2021484375,-1.4814453125,3.123046875
0.194,-2.5625,-1.1611328125,3.1630859375
0.1945,-2.72265625,-0.720703125,2.9228515625
0.195,-2.802734375,-0.16015625,2.4423828125
0.1955,-2.9228515625,0.5205078125,1.921875
0.196,-3.0830078125,1.28125,1.3212890625
0.1965,-3.203125,1.841796875,0.9609375
0.197,-3.1630859375,2.2421875,0.48046875
0.1975,-2.9228515625,2.482421875,0.0
0.198,-2.322265625,2.6025390625,-0.720703125
0.1985,-1.841796875,2.8427734375,-1.4814453125
0.199,-1.28125,3.04296875,-2.2421875
0.1995,-0.9208984375,3.1630859375,-2.72265625
0.2,-0.48046875,3.0029296875,-3.0029296875
0.2005,0.16015625,2.6025390625,-3.2431640625
0.201,0.880859375,2.0419921875,-3.4833984375
0.2015,1.6015625,1.5615234375,-3.603515625
0.202,2.1220703125,1.1611328125,-3.7236328125
0.2025,2.482421875,0.80078125,-3.6435546875
0.203,2.5625,0.400390625,-3.36328125
0.2035,2.6025390625,-0.3203125,-2.7626953125
0.204,2.7626953125,-1.0009765625,-2.2822265625
0.2045,2.9228515625,-1.681640625,-1.7216796875
0.205,3.0029296875,-2.2021484375,-1.3212890625
0.2055,2.8427734375,-2.482421875,-0.9208984375
0.206,2.5224609375,-2.6826171875,-0.3603515625
0.2065,1.9619140625,-2.8828125,0.400390625
0.207,1.4013671875,-3.0830078125,1.12109375
0.2075,0.9609375,-3.283203125,1.8017578125
0.208,0.6005859375,-3.4033203125,2.2421875
0.2085,0.080078125,-3.203125,2.4423828125
0.209,-0.6005859375,-2.6826171875,2.6025390625
0.2095,-1.28125,-2.2021484375,2.8828125
0.21,-1.9619140625,-1.6416015625,3.0830078125
0.2105,-2.3623046875,-1.3212890625,3.1630859375
0.211,-2.642578125,-0.9208984375,3.0029296875
0.2115,-2.802734375,-0.4404296875,2.6826171875
0.212,-2.8828125,0.2802734375,2.08203125
0.2125,-3.0029296875,0.9609375,1.5615234375
0.213,-3.203125,1.6416015625,1.041015625
0.2135,-3.203125,2.08203125,0.6806640625
0.214,-2.962890625,2.322265625,0.2001953125
0.2145,-2.5625,2.5224609375,-0.48046875
0.215,-2.001953125,2.802734375,-1.2412109375
0.2155,-1.44140625,3.0029296875,-2.001953125
0.216,-1.041015625,3.123046875,-2.6025390625
0.2165,-0.640625,3.123046875,-2.962890625
0.217,-0.1201171875,2.802734375,-3.2431640625
0.2175,0.720703125,2.2421875,-3.36328125
0.218,1.4013671875,1.76171875,-3.5634765625
0.2185,2.08203125,1.2412109375,-3.7236328125
0.219,2.40234375,0.9208984375,-3.763671875
0.2195,2.5625,0.48046875,-3.4833984375
0.22,2.6826171875,-0.16015625,-2.962890625
0.2205,2.7626953125,-0.8408203125,-2.40234375
0.221,2.9228515625,-1.6015625,-1.8017578125
0.2215,3.04296875,-2.162109375,-1.361328125
0.222,3.0029296875,-2.5625,-0.9609375
0.2225,2.6826171875,-2.72265625,-0.4404296875
0.223,2.0419921875,-2.8828125,0.3203125
0.2235,1.521484375,-3.123046875,1.12109375
0.224,0.9609375,-3.36328125,1.841796875
0.2245,0.6005859375,-3.4033203125,2.2822265625
0.225,0.16015625,-3.2431640625,2.5224609375
0.2255,-0.48046875,-2.802734375,2.72265625
0.226,-1.28125,-2.2021484375,2.9228515625
0.2265,-1.9619140625,-1.6416015625,3.04296875
0.227,-2.482421875,-1.201171875,3.123046875
0.2275,-2.7626953125,-0.9208984375,3.123046875
0.228,-2.8427734375,-0.4404296875,2.72265625
0.2285,-2.8828125,0.240234375,2.162109375
0.229,-3.0029296875,0.9208984375,1.6015625
0.2295,-3.203125,1.681640625,1.0810546875
0.23,-3.203125,2.08203125,0.640625
0.2305,-3.0830078125,2.40234375,0.2001953125
0.231,-2.6826171875,2.6025390625,-0.3603515625
0.2315,-2.0419921875,2.7626953125,-1.1611328125
0.232,-1.4814453125,2.962890625,-1.9619140625
0.2325,-1.0009765625,3.123046875,-2.642578125
0.233,-0.6806640625,3.1630859375,-3.0830078125
0.2335,-0.16015625,2.9228515625,-3.203125
0.234,0.560546875,2.4423828125,-3.4033203125
0.2345,1.361328125,1.841796875,-3.5634765625
0.235,2.0419921875,1.28125,-3.7236328125
0.2355,2.4423828125,0.9208984375,-3.763671875
0.236,2.642578125,0.5205078125,-3.603515625
0.2365,2.72265625,0.0,-3.1630859375
0.237,2.802734375,-0.7607421875,-2.5224609375
0.2375,2.9228515625,-1.4814453125,-1.9619140625
0.238,3.123046875,-2.2021484375,-1.4013671875
0.2385,3.0830078125,-2.5625,-1.041015625
0.239,2.7626953125,-2.72265625,-0.560546875
0.2395,2.2822265625,-2.8828125,0.1201171875
0.24,1.5615234375,-3.1630859375,0.9609375
0.2405,1.0810546875,-3.283203125,1.7216796875
0.241,0.6005859375,-3.443359375,2.2421875
0.2415,0.2802734375,-3.36328125,2.5625
0.242,-0.3603515625,-2.9228515625,2.7626953125
0.2425,-1.1611328125,-2.322265625,2.9228515625
0.243,-1.841796875,-1.76171875,3.04296875
0.2435,-2.4423828125,-1.28125,3.203125
0.244,-2.72265625,-1.0009765625,3.123046875
0.2445,-2.8427734375,-0.5205078125,2.8427734375
0.245,-2.8828125,0.0400390625,2.3623046875
0.2455,-2.962890625,0.80078125,1.7216796875
0.246,-3.123046875,1.521484375,1.201171875
0.2465,-3.203125,2.08203125,0.6806640625
0.247,-3.203125,2.40234375,0.3203125
0.2475,-2.7626953125,2.5224609375,-0.240234375
0.248,-2.2421875,2.6826171875,-1.0009765625
0.2485,-1.6015625,2.8828125,-1.8017578125
0.249,-1.1611328125,3.0830078125,-2.482421875
0.2495,-0.720703125,3.1630859375,-2.8828125
0.25,-0.3203125,3.04296875,-3.1630859375
0.2505,0.3603515625,2.5625,-3.36328125
0.251,1.12109375,1.9619140625,-3.5234375
0.2515,1.8017578125,1.44140625,-3.68359375
0.252,2.3623046875,1.0009765625,-3.8037109375
0.2525,2.5625,0.6806640625,-3.68359375
0.253,2.6826171875,0.2001953125,-3.283203125
0.2535,2.7626953125,-0.4404296875,-2.7626953125
0.254,2.8828125,-1.2412109375,-2.1220703125
0.2545,3.0029296875,-1.921875,-1.6015625
0.255,3.04296875,-2.40234375,-1.1611328125
0.2555,2.962890625,-2.72265625,-0.7607421875
0.256,2.482421875,-2.8828125,-0.2001953125
0.2565,1.841796875,-3.0830078125,0.640625
0.257,1.2412109375,-3.283203125,1.44140625
0.2575,0.80078125,-3.4833984375,2.162109375
0.258,0.4404296875,-3.443359375,2.5224609375
0.2585,-0.1201171875,-3.1630859375,2.72265625
0.259,-0.8408203125,-2.6025390625,2.9228515625
0.2595,-1.681640625,-1.9619140625,3.0830078125
0.26,-2.322265625,-1.44140625,3.2431640625
0.2605,-2.7626953125,-1.041015625,3.2431640625
0.261,-2.9228515625,-0.6806640625,3.0830078125
0.2615,-2.962890625,-0.080078125,2.5625
0.262,-3.04296875,0.640625,1.921875
0.2625,-3.1630859375,1.4013671875,1.28125
0.263,-3.283203125,2.08203125,0.7607421875
0.2635,-3.203125,2.40234375,0.3603515625
0.264,-2.9228515625,2.6025390625,-0.16015625
0.2645,-2.40234375,2.72265625,-0.8408203125
0.265,-1.7216796875,2.8828125,-1.7216796875
0.2655,-1.1611328125,3.1630859375,-2.4423828125
0.266,-0.720703125,3.2431640625,-2.962890625
0.2665,-0.3603515625,3.1630859375,-3.2431640625
0.267,0.2802734375,2.72265625,-3.36328125
0.2675,1.041015625,2.1220703125,-3.5634765625
0.268,1.841796875,1.44140625,-3.7236328125
0.2685,2.40234375,1.0009765625,-3.84375
0.269,2.6826171875,0.640625,-3.7236328125
0.2695,2.802734375,0.2802734375,-3.443359375
0.27,2.802734375,-0.400390625,-2.8427734375
0.2705,2.8427734375,-1.1611328125,-2.2021484375
0.271,3.0029296875,-1.8818359375,-1.6015625
0.2715,3.1630859375,-2.482421875,-1.1611328125
0.272,3.0029296875,-2.802734375,-0.80078125
0.2725,2.6025390625,-2.9228515625,-0.2802734375
0.273,2.0419921875,-3.123046875,0.48046875
0.2735,1.3212890625,-3.203125,1.4013671875
0.274,0.8408203125,-3.36328125,2.0419921875
0.2745,0.4404296875,-3.4833984375,2.5224609375
0.275,0.0,-3.283203125,2.802734375
0.2755,-0.720703125,-2.72265625,2.9228515625
0.276,-1.521484375,-2.162109375,3.123046875
0.2765,-2.2822265625,-1.4814453125,3.2431640625
0.277,-2.802734375,-1.12109375,3.3232421875
0.2775,-2.962890625,-0.720703125,3.1630859375
0.278,-3.0830078125,-0.240234375,2.7626953125
0.2785,-3.0830078125,0.48046875,2.162109375
0.279,-3.1630859375,1.28125,1.4013671875
0.2795,-3.283203125,2.001953125,0.880859375
0.28,-3.36328125,2.482421875,0.4404296875
0.2805,-3.1630859375,2.6826171875,0.0
0.281,-2.6025390625,2.7626953125,-0.6806640625
0.2815,-1.9619140625,3.0029296875,-1.521484375
0.282,-1.2412109375,3.203125,-2.4423828125
0.2825,-0.80078125,3.3232421875,-3.0029296875
0.283,-0.3603515625,3.2431640625,-3.3232421875
0.2835,0.2001953125,2.9228515625,-3.5634765625
0.284,1.0009765625,2.2421875,-3.68359375
0.2845,1.76171875,1.5615234375,-3.8037109375
0.285,2.4423828125,1.0009765625,-3.84375
0.2855,2.8427734375,0.640625,-3.84375
0.286,2.8828125,0.2802734375,-3.5634765625
0.2865,2.8828125,-0.3603515625,-2.962890625
0.287,2.9228515625,-1.0810546875,-2.322265625
0.2875,3.0029296875,-1.921875,-1.6015625
0.288,3.123046875,-2.5224609375,-1.201171875
0.2885,3.04296875,-2.8828125,-0.720703125
0.289,2.72265625,-3.04296875,-0.3603515625
0.2895,2.0419921875,-3.04296875,0.48046875
0.29,1.44140625,-3.203125,1.28125
0.2905,0.80078125,-3.36328125,2.0419921875
0.291,0.4404296875,-3.5234375,2.5224609375
0.2915,0.0,-3.283203125,2.7626953125
0.292,-0.560546875,-2.8828125,2.9228515625
0.2925,-1.3212890625,-2.2822265625,3.0830078125
0.293,-2.08203125,-1.6015625,3.1630859375
0.2935,-2.642578125,-1.1611328125,3.2431640625
0.294,-2.9228515625,-0.80078125,3.203125
0.2945,-3.04296875,-0.400390625,2.9228515625
0.295,-3.0029296875,0.240234375,2.2421875
0.2955,-3.123046875,0.9609375,1.681640625
0.296,-3.2431640625,1.7216796875,1.041015625
0.2965,-3.36328125,2.2822265625,0.6005859375
0.297,-3.203125,2.5625,0.1201171875
0.2975,-2.8828125,2.802734375,-0.3603515625
0.298,-2.2021484375,2.8828125,-1.1611328125
0.2985,-1.5615234375,3.123046875,-2.001953125
0.299,-1.0009765625,3.2431640625,-2.72265625
0.2995,-0.640625,3.36328125,-3.203125
0.3,-0.1201171875,3.0830078125,-3.4033203125
0.3005,0.6005859375,2.5625,-3.5634765625
0.301,1.4013671875,1.921875,-3.763671875
0.3015,2.2021484375,1.28125,-3.8837890625
0.302,2.6826171875,0.8408203125,-3.923828125
0.3025,2.8828125,0.48046875,-3.7236328125
0.303,2.9228515625,0.0,-3.36328125
0.3035,2.9228515625,-0.80078125,-2.5625
0.304,3.04296875,-1.6416015625,-1.9619140625
0.3045,3.1630859375,-2.40234375,-1.3212890625
0.305,3.203125,-2.8427734375,-1.0009765625
0.3055,2.8828125,-2.962890625,-0.48046875
0.306,2.3623046875,-3.0830078125,0.2001953125
0.3065,1.6015625,-3.203125,1.12109375
0.307,0.9609375,-3.36328125,1.921875
0.3075,0.48046875,-3.4833984375,2.482421875
0.308,0.1201171875,-3.443359375,2.802734375
0.3085,-0.5205078125,-3.04296875,2.962890625
0.309,-1.28125,-2.322265625,3.04296875
0.3095,-1.9619140625,-1.76171875,3.1630859375
0.31,-2.642578125,-1.1611328125,3.2431640625
0.3105,-2.9228515625,-0.8408203125,3.2431640625
0.311,-3.04296875,-0.400390625,2.9228515625
0.3115,-3.0830078125,0.1201171875,2.482421875
0.312,-3.0830078125,0.8408203125,1.7216796875
0.3125,-3.203125,1.5615234375,1.0810546875
0.313,-3.283203125,2.162109375,0.6005859375
0.3135,-3.283203125,2.5625,0.2802734375
0.314,-2.9228515625,2.72265625,-0.2802734375
0.3145,-2.2822265625,2.8427734375,-1.0009765625
0.315,-1.7216796875,3.04296875,-1.8017578125
0.3155,-1.041015625,3.203125,-2.5625
0.316,-0.640625,3.283203125,-3.0830078125
0.3165,-0.2802734375,3.203125,-3.36328125
0.317,0.3603515625,2.8427734375,-3.5634765625
0.3175,1.2412109375,2.0419921875,-3.7236328125
0.318,1.921875,1.521484375,-3.8037109375
0.3185,2.5625,0.9208984375,-3.8837890625
0.319,2.8427734375,0.6005859375,-3.8837890625
0.3195,2.9228515625,0.1201171875,-3.4833984375
0.32,2.9228515625,-0.6005859375,-2.8828125
0.3205,3.04296875,-1.361328125,-2.2021484375
0.321,3.123046875,-2.2021484375,-1.5615234375
0.3215,3.203125,-2.642578125,-1.041015625
0.322,3.123046875,-3.0029296875,-0.640625
0.3225,2.642578125,-3.123046875,0.0
0.323,1.8818359375,-3.203125,0.880859375
0.3235,1.201171875,-3.4033203125,1.6416015625
0.324,0.640625,-3.5634765625,2.40234375
0.3245,0.2802734375,-3.5634765625,2.802734375
0.325,-0.3203125,-3.203125,2.962890625
0.3255,-1.0009765625,-2.642578125,3.123046875
0.326,-1.9619140625,-1.8818359375,3.2431640625
0.3265,-2.5625,-1.3212890625,3.3232421875
0.327,-3.0029296875,-0.8408203125,3.283203125
0.3275,-3.1630859375,-0.5205078125,3.1630859375
0.328,-3.1630859375,0.0,2.6025390625
0.3285,-3.123046875,0.7607421875,1.841796875
0.329,-3.203125,1.4814453125,1.201171875
0.3295,-3.3232421875,2.2421875,0.640625
0.33,-3.283203125,2.6025390625,0.240234375
0.3305,-2.962890625,2.7626953125,-0.240234375
0.331,-2.482421875,2.8828125,-0.8408203125
0.3315,-1.681640625,3.0029296875,-1.76171875
0.332,-1.12109375,3.1630859375,-2.482421875
0.3325,-0.640625,3.2431640625,-3.0830078125
0.333,-0.3203125,3.2431640625,-3.36328125
0.3335,0.2802734375,2.802734375,-3.4833984375
0.334,1.0009765625,2.2021484375,-3.603515625
0.3345,1.8017578125,1.5615234375,-3.7236328125
0.335,2.40234375,1.0009765625,-3.84375
0.3355,2.72265625,0.640625,-3.763671875
0.336,2.8828125,0.240234375,-3.5634765625
0.3365,2.9228515625,-0.3603515625,-3.0830078125
0.337,2.8828125,-1.12109375,-2.3623046875
0.3375,3.0029296875,-1.76171875,-1.76171875
0.338,3.1630859375,-2.482421875,-1.201171875
0.3385,3.1630859375,-2.802734375,-0.8408203125
0.339,2.7626953125,-2.962890625,-0.3203125
0.3395,2.2421875,-3.0830078125,0.3603515625
0.34,1.521484375,-3.2431640625,1.28125
0.3405,0.9208984375,-3.4033203125,1.9619140625
0.341,0.48046875,-3.4833984375,2.482421875
0.3415,0.1201171875,-3.4833984375,2.802734375
0.342,-0.560546875,-2.962890625,2.962890625
0.3425,-1.3212890625,-2.322265625,3.0830078125
0.343,-2.08203125,-1.681640625,3.203125
0.3435,-2.6826171875,-1.1611328125,3.3232421875
0.344,-2.9228515625,-0.9208984375,3.203125
0.3445,-3.04296875,-0.4404296875,2.8427734375
0.345,-3.0830078125,0.2001953125,2.2822265625
0.3455,-3.123046875,1.041015625,1.6015625
0.346,-3.2431640625,1.76171875,1.041015625
0.3465,-3.3232421875,2.322265625,0.560546875
0.347,-3.203125,2.6025390625,0.2001953125
0.3475,-2.7626953125,2.72265625,-0.400390625
0.348,-2.1220703125,2.8828125,-1.201171875
0.3485,-1.4814453125,3.0830078125,-2.08203125
0.349,-1.0009765625,3.2431640625,-2.72265625
0.3495,-0.6005859375,3.2431640625,-3.123046875
0.35,-0.16015625,3.04296875,-3.36328125
0.3505,0.6005859375,2.5224609375,-3.5634765625
0.351,1.4013671875,1.841796875,-3.68359375
0.3515,2.0419921875,1.28125,-3.763671875
0.352,2.5625,0.7607421875,-3.8837890625
0.3525,2.802734375,0.48046875,-3.7236328125
0.353,2.802734375,-0.080078125,-3.2431640625
0.3535,2.8427734375,-0.6806640625,-2.642578125
0.354,2.962890625,-1.4814453125,-1.9619140625
0.3545,3.04296875,-2.162109375,-1.44140625
0.355,3.0830078125,-2.6025390625,-1.0009765625
0.3555,2.9228515625,-2.8828125,-0.6005859375
0.356,2.40234375,-2.9228515625,0.0400390625
0.3565,1.76171875,-3.0830078125,0.8408203125
0.357,1.12109375,-3.2431640625,1.6015625
0.3575,0.6806640625,-3.443359375,2.2421875
0.358,0.2802734375,-3.36328125,2.5224609375
0.3585,-0.240234375,-3.0830078125,2.72265625
0.359,-0.9208984375,-2.5625,2.9228515625
0.3595,-1.7216796875,-1.921875,3.0830078125
0.36,-2.322265625,-1.44140625,3.1630859375
0.3605,-2.72265625,-1.041015625,3.1630859375
0.361,-2.9228515625,-0.720703125,3.04296875
0.3615,-2.9228515625,-0.16015625,2.5224609375
0.362,-3.0029296875,0.560546875,1.9619140625
0.3625,-3.123046875,1.28125,1.361328125
0.363,-3.2431640625,1.9619140625,0.8408203125
0.3635,-3.203125,2.322265625,0.48046875
0.364,-2.962890625,2.5625,0.0
0.3645,-2.482421875,2.72265625,-0.6806640625
0.365,-1.841796875,2.9228515625,-1.521484375
0.3655,-1.28125,3.123046875,-2.2421875
0.366,-0.880859375,3.2431640625,-2.802734375
0.3665,-0.5205078125,3.203125,-3.0830078125
0.367,0.1201171875,2.802734375,-3.283203125
0.3675,0.880859375,2.2421875,-3.5234375
0.368,1.6416015625,1.5615234375,-3.7236328125
0.3685,2.2421875,1.12109375,-3.84375
0.369,2.5224609375,0.80078125,-3.7236328125
0.3695,2.6826171875,0.3603515625,-3.4833984375
0.37,2.72265625,-0.2802734375,-2.9228515625
0.3705,2.802734375,-1.0009765625,-2.322265625
0.371,3.0029296875,-1.681640625,-1.8017578125
0.3715,3.123046875,-2.2822265625,-1.28125
0.372,3.0029296875,-2.6025390625,-0.9208984375
0.3725,2.6025390625,-2.7626953125,-0.3603515625
0.373,2.0419921875,-2.962890625,0.400390625
0.3735,1.4013671875,-3.1630859375,1.2412109375
0.374,0.9609375,-3.36328125,1.921875
0.3745,0.560546875,-3.4033203125,2.3623046875
0.375,0.1201171875,-3.2431640625,2.6025390625
0.3755,-0.6005859375,-2.72265625,2.7626953125
0.376,-1.3212890625,-2.2421875,2.962890625
0.3765,-2.08203125,-1.6416015625,3.0830078125
0.377,-2.5224609375,-1.2412109375,3.203125
0.3775,-2.72265625,-0.8408203125,3.04296875
0.378,-2.8828125,-0.400390625,2.72265625
0.3785,-2.9228515625,0.240234375,2.162109375
0.379,-3.0029296875,0.9609375,1.5615234375
0.3795,-3.1630859375,1.6416015625,1.0810546875
0.38,-3.203125,2.162109375,0.6005859375
0.3805,-3.0830078125,2.40234375,0.240234375
0.381,-2.6025390625,2.5224609375,-0.3603515625
0.3815,-2.08203125,2.7626953125,-1.12109375
0.382,-1.4814453125,2.962890625,-1.9619140625
0.3825,-1.041015625,3.123046875,-2.5224609375
0.383,-0.6806640625,3.123046875,-2.8828125
0.3835,-0.240234375,2.9228515625,-3.1630859375
0.384,0.48046875,2.40234375,-3.3232421875
0.3845,1.2412109375,1.8818359375,-3.5234375
0.385,1.8818359375,1.4013671875,-3.68359375
0.3855,2.322265625,1.0009765625,-3.7236328125
0.386,2.5224609375,0.640625,-3.5634765625
0.3865,2.5625,0.080078125,-3.1630859375
0.387,2.72265625,-0.560546875,-2.642578125
0.3875,2.8828125,-1.3212890625,-2.001953125
0.388,3.04296875,-1.9619140625,-1.5615234375
0.3885,3.0029296875,-2.3623046875,-1.1611328125
0.389,2.8427734375,-2.642578125,-0.720703125
0.3895,2.2822265625,-2.802734375,0.0
0.39,1.76171875,-3.04296875,0.720703125
0.3905,1.2412109375,-3.2431640625,1.521484375
0.391,0.8408203125,-3.4033203125,2.0419921875
0.3915,0.4404296875,-3.283203125,2.40234375
0.392,-0.16015625,-3.04296875,2.6025390625
0.3925,-0.9208984375,-2.5625,2.8427734375
0.393,-1.681640625,-1.8818359375,3.0029296875
0.3935,-2.2421875,-1.44140625,3.1630859375
0.394,-2.6025390625,-1.0810546875,3.123046875
0.3945,-2.72265625,-0.6806640625,2.8828125
0.395,-2.802734375,-0.080078125,2.3623046875
0.3955,-2.962890625,0.6005859375,1.841796875
0.396,-3.0830078125,1.361328125,1.28125
0.3965,-3.203125,1.921875,0.8408203125
0.397,-3.123046875,2.2421875,0.4404296875
0.3975,-2.8427734375,2.482421875,-0.1201171875
0.398,-2.2822265625,2.6826171875,-0.80078125
0.3985,-1.7216796875,2.8828125,-1.6416015625
0.399,-1.2412109375,3.04296875,-2.2822265625
0.3995,-0.8408203125,3.1630859375,-2.7626953125
0.4,-0.400390625,2.962890625,-2.962890625
0.4005,0.240234375,2.5224609375,-3.203125
0.401,0.9609375,2.08203125,-3.443359375
0.4015,1.7216796875,1.521484375,-3.603515625
0.402,2.2021484375,1.12109375,-3.7236328125
0.4025,2.40234375,0.7607421875,-3.5634765625
0.403,2.5625,0.3203125,-3.283203125
0.4035,2.642578125,-0.3603515625,-2.72265625
0.404,2.7626953125,-1.041015625,-2.2021484375
0.4045,2.962890625,-1.76171875,-1.681640625
0.405,3.04296875,-2.2822265625,-1.28125
0.4055,2.8427734375,-2.5625,-0.8408203125
0.406,2.482421875,-2.72265625,-0.240234375
0.4065,1.921875,-2.962890625,0.48046875
0.407,1.3212890625,-3.203125,1.28125
0.4075,0.9208984375,-3.36328125,1.921875
0.408,0.5205078125,-3.4033203125,2.322265625
0.4085,0.0400390625,-3.203125,2.5625
0.409,-0.720703125,-2.6025390625,2.7626953125
0.4095,-1.44140625,-2.08203125,3.0029296875
0.41,-2.162109375,-1.5615234375,3.1630859375
0.4105,-2.5625,-1.201171875,3.203125
0.411,-2.72265625,-0.80078125,3.0029296875
0.4115,-2.8828125,-0.3203125,2.5625
0.412,-2.962890625,0.48046875,2.0419921875
0.4125,-3.0830078125,1.2412109375,1.361328125
0.413,-3.2431640625,1.8818359375,0.9208984375
0.4135,-3.203125,2.322265625,0.48046875
0.414,-2.962890625,2.5224609375,0.0400390625
0.4145,-2.40234375,2.642578125,-0.720703125
0.415,-1.841796875,2.8828125,-1.4814453125
0.4155,-1.3212890625,3.04296875,-2.2822265625
0.416,-0.880859375,3.1630859375,-2.8427734375
0.4165,-0.48046875,3.04296875,-3.0830078125
0.417,0.16015625,2.72265625,-3.3232421875
0.4175,0.9609375,2.08203125,-3.5234375
0.418,1.681640625,1.5615234375,-3.6435546875
0.4185,2.2421875,1.041015625,-3.7236328125
0.419,2.5625,0.720703125,-3.7236328125
0.4195,2.6826171875,0.2802734375,-3.36328125
0.42,2.6826171875,-0.3603515625,-2.802734375
0.4205,2.8427734375,-1.041015625,-2.2822265625
0.421,2.962890625,-1.841796875,-1.6416015625
0.4215,3.04296875,-2.322265625,-1.2412109375
0.422,2.9228515625,-2.642578125,-0.80078125
0.4225,2.5625,-2.8427734375,-0.3203125
0.423,1.921875,-2.962890625,0.560546875
0.4235,1.4814453125,-3.123046875,1.28125
0.424,0.8408203125,-3.4033203125,1.9619140625
0.4245,0.5205078125,-3.4833984375,2.40234375
0.425,0.0400390625,-3.1630859375,2.6025390625
0.4255,-0.640625,-2.72265625,2.802734375
0.426,-1.361328125,-2.1220703125,3.0029296875
0.4265,-2.08203125,-1.5615234375,3.123046875
0.427,-2.5625,-1.1611328125,3.1630859375
0.4275,-2.802734375,-0.80078125,3.04296875
0.428,-2.8828125,-0.3603515625,2.72265625
0.4285,-2.8828125,0.3603515625,2.0419921875
0.429,-3.04296875,1.0810546875,1.521484375
0.4295,-3.203125,1.8017578125,0.9609375
0.43,-3.2431640625,2.2021484375,0.6005859375
0.4305,-3.0029296875,2.4423828125,0.1201171875
0.431,-2.6025390625,2.642578125,-0.48046875
0.4315,-2.001953125,2.6826171875,-1.3212890625
0.432,-1.4013671875,3.0029296875,-2.0419921875
0.4325,-0.9609375,3.123046875,-2.72265625
0.433,-0.640625,3.203125,-3.0830078125
0.4335,0.0,2.8828125,-3.2431640625
0.434,0.6806640625,2.2822265625,-3.4033203125
0.4345,1.4013671875,1.76171875,-3.603515625
0.435,2.08203125,1.2412109375,-3.763671875
0.4355,2.4423828125,0.9208984375,-3.763671875
0.436,2.6025390625,0.48046875,-3.5234375
0.4365,2.6826171875,0.0,-3.0830078125
0.437,2.802734375,-0.80078125,-2.4423828125
0.4375,2.9228515625,-1.521484375,-1.8818359375
0.438,3.04296875,-2.2021484375,-1.361328125
0.4385,3.04296875,-2.5625,-1.0009765625
0.439,2.72265625,-2.72265625,-0.5205078125
0.4395,2.2021484375,-2.8828125,0.240234375
0.44,1.6015625,-3.1630859375,0.9609375
0.4405,1.12109375,-3.2431640625,1.76171875
0.441,0.6005859375,-3.36328125,2.2421875
0.4415,0.240234375,-3.283203125,2.5625
0.442,-0.400390625,-2.9228515625,2.7626953125
0.4425,-1.201171875,-2.2822265625,2.9228515625
0.443,-1.8818359375,-1.76171875,3.0830078125
0.4435,-2.482421875,-1.2412109375,3.1630859375
0.444,-2.7626953125,-0.9609375,3.1630859375
0.4445,-2.8427734375,-0.5205078125,2.8427734375
0.445,-2.8828125,0.1201171875,2.2822265625
0.4455,-3.04296875,0.880859375,1.681640625
0.446,-3.1630859375,1.5615234375,1.12109375
0.4465,-3.2431640625,2.1220703125,0.6806640625
0.447,-3.1630859375,2.482421875,0.2802734375
0.4475,-2.7626953125,2.5625,-0.3203125
0.448,-2.1220703125,2.72265625,-1.12109375
0.4485,-1.6416015625,2.8427734375,-1.9619140625
0.449,-1.041015625,3.203125,-2.6025390625
0.4495,-0.6806640625,3.203125,-2.962890625
0.45,-0.2001953125,2.962890625,-3.203125
0.4505,0.48046875,2.5224609375,-3.443359375
0.451,1.28125,1.8818359375,-3.603515625
0.4515,1.9619140625,1.361328125,-3.7236328125
0.452,2.482421875,0.880859375,-3.763671875
0.4525,2.6826171875,0.6005859375,-3.68359375
0.453,2.7626953125,0.0400390625,-3.203125
0.4535,2.7626953125,-0.6806640625,-2.6025390625
0.454,2.9228515625,-1.4013671875,-2.001953125
0.4545,3.0830078125,-2.162109375,-1.44140625
0.455,3.0830078125,-2.5625,-1.0810546875
0.4555,2.8427734375,-2.8427734375,-0.6005859375
0.456,2.40234375,-2.962890625,0.0400390625
0.4565,1.76171875,-3.1630859375,0.880859375
0.457,1.12109375,-3.283203125,1.681640625
0.4575,0.640625,-3.4833984375,2.2822265625
0.458,0.2802734375,-3.4833984375,2.642578125
0.4585,-0.3203125,-3.0830078125,2.802734375
0.459,-1.0810546875,-2.4423828125,3.0029296875
0.4595,-1.8818359375,-1.8017578125,3.1630859375
0.46,-2.5224609375,-1.3212890625,3.2431640625
0.4605,-2.8427734375,-0.9208984375,3.203125
0.461,-3.0029296875,-0.5205078125,2.962890625
0.4615,-3.04296875,0.080078125,2.482421875
0.462,-3.0830078125,0.8408203125,1.76171875
0.4625,-3.203125,1.5615234375,1.201171875
0.463,-3.3232421875,2.2421875,0.640625
0.4635,-3.2431640625,2.482421875,0.2802734375
0.464,-2.8828125,2.642578125,-0.2802734375
0.4645,-2.322265625,2.802734375,-1.0009765625
0.465,-1.6015625,3.04296875,-1.921875
0.4655,-1.041015625,3.203125,-2.6025390625
0.466,-0.640625,3.2431640625,-3.0830078125
0.4665,-0.2802734375,3.1630859375,-3.36328125
0.467,0.4404296875,2.6826171875,-3.5234375
0.4675,1.28125,2.001953125,-3.68359375
0.468,1.9619140625,1.361328125,-3.8037109375
0.4685,2.5625,0.9208984375,-3.8837890625
0.469,2.802734375,0.560546875,-3.7236328125
0.4695,2.8828125,0.080078125,-3.36328125
0.47,2.8828125,-0.6005859375,-2.7626953125
0.4705,2.962890625,-1.4013671875,-2.0419921875
0.471,3.0830078125,-2.08203125,-1.4814453125
0.4715,3.1630859375,-2.72265625,-1.041015625
0.472,3.04296875,-2.962890625,-0.6806640625
0.4725,2.5224609375,-3.0830078125,-0.1201171875
0.473,1.8818359375,-3.1630859375,0.7607421875
0.4735,1.1611328125,-3.3232421875,1.6416015625
0.474,0.6806640625,-3.4833984375,2.2822265625
0.4745,0.2802734375,-3.4833984375,2.642578125
0.475,-0.2001953125,-3.2431640625,2.8427734375
0.4755,-0.9609375,-2.6025390625,3.04296875
0.476,-1.76171875,-1.9619140625,3.1630859375
0.4765,-2.4423828125,-1.361328125,3.2431640625
0.477,-2.9228515625,-1.0009765625,3.3232421875
0.4775,-3.04296875,-0.640625,3.123046875
0.478,-3.0830078125,-0.1201171875,2.642578125
0.4785,-3.0830078125,0.6005859375,2.0419921875
0.479,-3.1630859375,1.4013671875,1.28125
0.4795,-3.283203125,2.0419921875,0.7607421875
0.48,-3.283203125,2.482421875,0.3203125
0.4805,-3.123046875,2.642578125,-0.1201171875
0.481,-2.482421875,2.802734375,-0.7607421875
0.4815,-1.841796875,2.962890625,-1.6015625
0.482,-1.201171875,3.1630859375,-2.40234375
0.4825,-0.80078125,3.3232421875,-2.962890625
0.483,-0.3603515625,3.203125,-3.2431640625
0.4835,0.16015625,2.8427734375,-3.443359375
0.484,0.9609375,2.2421875,-3.603515625
0.4845,1.76171875,1.5615234375,-3.7236328125
0.485,2.3623046875,1.0810546875,-3.84375
0.4855,2.72265625,0.6806640625,-3.84375
0.486,2.8427734375,0.3203125,-3.603515625
0.4865,2.8427734375,-0.3203125,-2.962890625
0.487,2.9228515625,-1.041015625,-2.40234375
0.4875,3.04296875,-1.921875,-1.681640625
0.488,3.1630859375,-2.5224609375,-1.2412109375
0.4885,3.0830078125,-2.8828125,-0.8408203125
0.489,2.7626953125,-2.962890625,-0.3203125
0.4895,2.1220703125,-3.0830078125,0.48046875
0.49,1.4013671875,-3.283203125,1.3212890625
0.4905,0.880859375,-3.443359375,2.08203125
0.491,0.48046875,-3.5634765625,2.5625
0.4915,0.0,-3.4033203125,2.8427734375
0.492,-0.640625,-2.8828125,2.962890625
0.4925,-1.4814453125,-2.2421875,3.1630859375
0.493,-2.2822265625,-1.5615234375,3.283203125
0.4935,-2.802734375,-1.0810546875,3.3232421875
0.494,-3.04296875,-0.720703125,3.203125
0.4945,-3.123046875,-0.3203125,2.8828125
0.495,-3.0830078125,0.4404296875,2.2021484375
0.4955,-3.1630859375,1.1611328125,1.521484375
0.496,-3.283203125,1.921875,0.880859375
0.4965,-3.4033203125,2.4423828125,0.4404296875
0.497,-3.1630859375,2.6826171875,0.0400390625
0.4975,-2.72265625,2.802734375,-0.560546875
0.498,-2.001953125,2.962890625,-1.4013671875
0.4985,-1.3212890625,3.1630859375,-2.2822265625
0.499,-0.80078125,3.283203125,-2.8828125
0.4995,-0.48046875,3.3232421875,-3.283203125
0.5,0.0400390625,3.04296875,-3.4833984375
0.5005,0.80078125,2.40234375,-3.603515625
0.501,1.5615234375,1.76171875,-3.763671875
0.5015,2.322265625,1.12109375,-3.84375
0.502,2.7626953125,0.720703125,-3.8837890625
0.5025,2.8828125,0.3203125,-3.6435546875
0.503,2.9228515625,-0.16015625,-3.203125
0.5035,2.9228515625,-1.0009765625,-2.5625
0.504,3.04296875,-1.76171875,-1.8818359375
0.5045,3.123046875,-2.4423828125,-1.3212890625
0.505,3.1630859375,-2.8427734375,-0.880859375
0.5055,2.8828125,-2.962890625,-0.48046875
0.506,2.2822265625,-3.0830078125,0.240234375
0.5065,1.6416015625,-3.2431640625,1.12109375
0.507,0.9609375,-3.443359375,1.9619140625
0.5075,0.5205078125,-3.5234375,2.5224609375
0.508,0.1201171875,-3.443359375,2.802734375
0.5085,-0.48046875,-3.123046875,3.04296875
0.509,-1.3212890625,-2.3623046875,3.123046875
0.5095,-2.0419921875,-1.76171875,3.2431640625
0.51,-2.72265625,-1.1611328125,3.3232421875
0.5105,-3.0830078125,-0.8408203125,3.3232421875
0.511,-3.123046875,-0.400390625,3.0029296875
0.5115,-3.123046875,0.2001953125,2.40234375
0.512,-3.203125,0.9609375,1.7216796875
0.5125,-3.283203125,1.76171875,1.0009765625
0.513,-3.36328125,2.3623046875,0.560546875
0.5135,-3.283203125,2.6826171875,0.1201171875
0.514,-2.9228515625,2.8427734375,-0.3603515625
0.5145,-2.2021484375,2.8828125,-1.1611328125
0.515,-1.5615234375,3.123046875,-2.001953125
0.5155,-0.9609375,3.283203125,-2.7626953125
0.516,-0.560546875,3.3232421875,-3.203125
0.5165,-0.080078125,3.123046875,-3.443359375
0.517,0.6005859375,2.642578125,-3.603515625
0.5175,1.44140625,1.921875,-3.763671875
0.518,2.162109375,1.28125,-3.84375
0.5185,2.642578125,0.80078125,-3.84375
0.519,2.9228515625,0.48046875,-3.84375
0.5195,2.9228515625,0.0,-3.36328125
0.52,2.8828125,-0.720703125,-2.6826171875
0.5205,3.0029296875,-1.4814453125,-2.1220703125
0.521,3.123046875,-2.2421875,-1.4013671875
0.5215,3.1630859375,-2.6826171875,-1.0009765625
0.522,2.962890625,-2.962890625,-0.560546875
0.5225,2.5625,-3.0830078125,0.0
0.523,1.76171875,-3.203125,0.880859375
0.5235,1.12109375,-3.3232421875,1.6416015625
0.524,0.6005859375,-3.4833984375,2.40234375
0.5245,0.2802734375,-3.5634765625,2.72265625
0.525,-0.3203125,-3.203125,2.9228515625
0.5255,-1.0009765625,-2.6025390625,3.0830078125
0.526,-1.8017578125,-1.9619140625,3.203125
0.5265,-2.5224609375,-1.3212890625,3.3232421875
0.527,-2.9228515625,-0.9208984375,3.3232421875
0.5275,-3.0830078125,-0.6005859375,3.123046875
0.528,-3.123046875,-0.16015625,2.6826171875
0.5285,-3.0830078125,0.640625,1.921875
0.529,-3.203125,1.4013671875,1.3212890625
0.5295,-3.3232421875,2.162109375,0.6806640625
0.53,-3.3232421875,2.5224609375,0.3603515625
0.5305,-2.962890625,2.6826171875,-0.16015625
0.531,-2.5224609375,2.8427734375,-0.80078125
0.5315,-1.8017578125,3.0029296875,-1.6416015625
0.532,-1.201171875,3.1630859375,-2.4423828125
0.5325,-0.6806640625,3.2431640625,-2.962890625
0.533,-0.3603515625,3.2431640625,-3.3232421875
0.5335,0.240234375,2.8427734375,-3.4833984375
0.534,1.0009765625,2.162109375,-3.5634765625
0.5345,1.7216796875,1.5615234375,-3.7236328125
0.535,2.40234375,1.041015625,-3.84375
0.5355,2.6826171875,0.640625,-3.84375
0.536,2.802734375,0.2802734375,-3.5234375
0.5365,2.8427734375,-0.3203125,-3.0830078125
0.537,2.8427734375,-1.041015625,-2.322265625
0.5375,3.0029296875,-1.8017578125,-1.76171875
0.538,3.123046875,-2.40234375,-1.2412109375
0.5385,3.123046875,-2.7626953125,-0.8408203125
0.539,2.72265625,-2.8828125,-0.3603515625
0.5395,2.1220703125,-3.04296875,0.400390625
0.54,1.4814453125,-3.203125,1.2412109375
0.5405,0.9208984375,-3.36328125,1.9619140625
0.541,0.48046875,-3.4833984375,2.482421875
0.5415,0.080078125,-3.36328125,2.7626953125
0.542,-0.6005859375,-2.9228515625,2.9228515625
0.5425,-1.44140625,-2.2021484375,3.04296875
0.543,-2.08203125,-1.6416015625,3.203125
0.5435,-2.72265625,-1.1611328125,3.283203125
0.544,-2.9228515625,-0.9208984375,3.1630859375
0.5445,-3.0029296875,-0.4404296875,2.802734375
0.545,-3.0029296875,0.2802734375,2.2421875
0.5455,-3.123046875,1.041015625,1.5615234375
0.546,-3.203125,1.76171875,1.0009765625
0.5465,-3.2431640625,2.2421875,0.560546875
0.547,-3.1630859375,2.5625,0.16015625
0.5475,-2.72265625,2.6826171875,-0.400390625
0.548,-2.0419921875,2.8427734375,-1.2412109375
0.5485,-1.44140625,3.04296875,-2.001953125
0.549,-1.0009765625,3.203125,-2.6826171875
0.5495,-0.640625,3.2431640625,-3.0830078125
0.55,-0.1201171875,2.962890625,-3.283203125
0.5505,0.560546875,2.482421875,-3.4833984375
0.551,1.361328125,1.841796875,-3.603515625
0.5515,2.001953125,1.28125,-3.7236328125
0.552,2.482421875,0.8408203125,-3.8037109375
0.5525,2.6826171875,0.48046875,-3.7236328125
0.553,2.72265625,0.0400390625,-3.203125
0.5535,2.7626953125,-0.640625,-2.6025390625
0.554,2.8828125,-1.361328125,-2.001953125
0.5545,3.04296875,-2.08203125,-1.44140625
0.555,3.0830078125,-2.482421875,-1.12109375
0.5555,2.8427734375,-2.72265625,-0.640625
0.556,2.40234375,-2.8828125,0.0
0.5565,1.76171875,-3.04296875,0.7607421875
0.557,1.201171875,-3.2431640625,1.5615234375
0.5575,0.720703125,-3.4033203125,2.162109375
0.558,0.3603515625,-3.443359375,2.5224609375
0.5585,-0.16015625,-3.0830078125,2.6826171875
0.559,-0.9208984375,-2.5625,2.8828125
0.5595,-1.6416015625,-1.9619140625,3.04296875
0.56,-2.322265625,-1.4814453125,3.1630859375
0.5605,-2.642578125,-1.1611328125,3.1630859375
0.561,-2.8828125,-0.6806640625,3.0029296875
0.5615,-2.9228515625,-0.16015625,2.5625
0.562,-2.962890625,0.560546875,1.921875
0.5625,-3.123046875,1.28125,1.361328125
0.563,-3.2431640625,2.001953125,0.80078125
0.5635,-3.2431640625,2.3623046875,0.48046875
0.564,-2.8828125,2.5224609375,0.0
0.5645,-2.4423828125,2.6826171875,-0.720703125
0.565,-1.8017578125,2.9228515625,-1.6015625
0.5655,-1.2412109375,3.123046875,-2.322265625
0.566,-0.80078125,3.1630859375,-2.8427734375
0.5665,-0.48046875,3.1630859375,-3.123046875
0.567,0.2001953125,2.6826171875,-3.283203125
0.5675,0.9609375,2.0419921875,-3.4833984375
0.568,1.6416015625,1.521484375,-3.603515625
0.5685,2.2421875,1.041015625,-3.8037109375
0.569,2.482421875,0.7607421875,-3.68359375
0.5695,2.6025390625,0.3203125,-3.36328125
0.57,2.6826171875,-0.2802734375,-2.8828125
0.5705,2.7626953125,-1.0009765625,-2.2421875
0.571,2.9228515625,-1.681640625,-1.7216796875
0.5715,3.0029296875,-2.2421875,-1.28125
0.572,2.9228515625,-2.5625,-0.9208984375
0.5725,2.5224609375,-2.6826171875,-0.3603515625
0.573,2.001953125,-2.8828125,0.3603515625
0.5735,1.44140625,-3.0830078125,1.1611328125
0.574,1.0009765625,-3.283203125,1.8017578125
0.5745,0.6005859375,-3.36328125,2.2021484375
0.575,0.2001953125,-3.203125,2.482421875
0.5755,-0.48046875,-2.8427734375,2.6826171875
0.576,-1.201171875,-2.2421875,2.8427734375
0.5765,-1.8818359375,-1.76171875,3.0029296875
0.577,-2.40234375,-1.28125,3.123046875
0.5775,-2.642578125,-1.0009765625,3.0830078125
0.578,-2.7626953125,-0.48046875,2.6826171875
0.5785,-2.8828125,0.16015625,2.2021484375
0.579,-3.0029296875,0.9208984375,1.6015625
0.5795,-3.1630859375,1.5615234375,1.1611328125
0.58,-3.203125,2.001953125,0.7607421875
0.5805,-3.0830078125,2.3623046875,0.2802734375
0.581,-2.642578125,2.5224609375,-0.3203125
0.5815,-2.1220703125,2.72265625,-1.0810546875
0.582,-1.5615234375,2.962890625,-1.8818359375
0.5825,-1.12109375,3.1630859375,-2.482421875
0.583,-0.7607421875,3.1630859375,-2.8427734375
0.5835,-0.240234375,2.8427734375,-3.1630859375
0.584,0.48046875,2.40234375,-3.36328125
0.5845,1.28125,1.8017578125,-3.5634765625
0.585,1.921875,1.361328125,-3.7236328125
0.5855,2.2822265625,0.9609375,-3.7236328125
0.586,2.5625,0.6005859375,-3.5634765625
0.5865,2.6025390625,0.0400390625,-3.0830078125
0.587,2.72265625,-0.640625,-2.5224609375
0.5875,2.8828125,-1.44140625,-1.9619140625
0.588,3.0830078125,-2.08203125,-1.4814453125
0.5885,3.04296875,-2.4423828125,-1.12109375
0.589,2.72265625,-2.642578125,-0.640625
0.5895,2.2421875,-2.8427734375,0.0400390625
0.59,1.6416015625,-3.04296875,0.9208984375
0.5905,1.12109375,-3.203125,1.5615234375
0.591,0.6806640625,-3.36328125,2.162109375
0.5915,0.3203125,-3.36328125,2.4423828125
0.592,-0.3203125,-2.9228515625,2.5625
0.5925,-1.041015625,-2.4423828125,2.8427734375
0.593,-1.8017578125,-1.76171875,3.04296875
0.5935,-2.3623046875,-1.361328125,3.1630859375
0.594,-2.6025390625,-1.041015625,3.0830078125
0.5945,-2.7626953125,-0.6005859375,2.8427734375
0.595,-2.8427734375,0.0,2.322265625
0.5955,-2.9228515625,0.7607421875,1.7216796875
0.596,-3.123046875,1.44140625,1.2412109375
0.5965,-3.203125,2.0419921875,0.7607421875
0.597,-3.123046875,2.322265625,0.3603515625
0.5975,-2.72265625,2.5224609375,-0.2001953125
0.598,-2.2421875,2.72265625,-0.9208984375
0.5985,-1.6416015625,2.9228515625,-1.76171875
0.599,-1.1611328125,3.123046875,-2.40234375
0.5995,-0.80078125,3.1630859375,-2.8427734375
0.6,-0.3603515625,3.0029296875,-3.123046875
0.6005,0.3203125,2.482421875,-3.36328125
0.601,1.12109375,1.9619140625,-3.5234375
0.6015,1.841796875,1.4013671875,-3.68359375
0.602,2.322265625,1.0810546875,-3.8037109375
0.6025,2.5224609375,0.6806640625,-3.6435546875
0.603,2.642578125,0.2001953125,-3.2431640625
0.6035,2.72265625,-0.48046875,-2.72265625
0.604,2.8427734375,-1.28125,-2.08203125
0.6045,3.04296875,-1.9619140625,-1.6015625
0.605,3.0830078125,-2.4423828125,-1.1611328125
0.6055,2.8828125,-2.72265625,-0.7607421875
0.606,2.3623046875,-2.8427734375,0.0
0.6065,1.841796875,-3.0830078125,0.720703125
0.607,1.201171875,-3.283203125,1.5615234375
0.6075,0.80078125,-3.4833984375,2.162109375
0.608,0.400390625,-3.36328125,2.4423828125
0.6085,-0.16015625,-3.1630859375,2.6826171875
0.609,-1.0009765625,-2.482421875,2.8828125
0.6095,-1.7216796875,-1.921875,3.0830078125
0.61,-2.322265625,-1.4013671875,3.203125
0.6105,-2.72265625,-1.0009765625,3.203125
0.611,-2.8427734375,-0.640625,2.962890625
0.6115,-2.8828125,0.0,2.40234375
0.612,-3.0029296875,0.6806640625,1.8818359375
0.6125,-3.123046875,1.44140625,1.201171875
0.613,-3.2431640625,2.0419921875,0.7607421875
0.6135,-3.1630859375,2.3623046875,0.3603515625
0.614,-2.8828125,2.5625,-0.1201171875
0.6145,-2.2822265625,2.6826171875,-0.880859375
0.615,-1.681640625,2.9228515625,-1.681640625
0.6155,-1.12109375,3.04296875,-2.4423828125
0.616,-0.80078125,3.203125,-2.9228515625
0.6165,-0.3603515625,3.0029296875,-3.203125
0.617,0.2802734375,2.642578125,-3.283203125
0.6175,1.0009765625,2.0419921875,-3.5634765625
0.618,1.8017578125,1.4814453125,-3.68359375
0.6185,2.2822265625,1.041015625,-3.763671875
0.619,2.6025390625,0.640625,-3.68359375
0.6195,2.6826171875,0.2802734375,-3.36328125
0.62,2.6826171875,-0.400390625,-2.72265625
0.6205,2.802734375,-1.0810546875,-2.2421875
0.621,2.962890625,-1.841796875,-1.6416015625
0.6215,3.0830078125,-2.3623046875,-1.2412109375
0.622,2.9228515625,-2.6025390625,-0.80078125
0.6225,2.5625,-2.802734375,-0.3203125
0.623,1.9619140625,-2.962890625,0.48046875
0.6235,1.3212890625,-3.203125,1.28125
0.624,0.880859375,-3.36328125,1.921875
0.6245,0.5205078125,-3.5234375,2.3623046875
0.625,0.0400390625,-3.203125,2.6826171875
0.6255,-0.640625,-2.6826171875,2.802734375
0.626,-1.361328125,-2.2021484375,3.04296875
0.6265,-2.162109375,-1.6015625,3.1630859375
0.627,-2.6025390625,-1.201171875,3.2431640625
0.6275,-2.8427734375,-0.80078125,3.0830078125
0.628,-2.9228515625,-0.3603515625,2.72265625
0.6285,-2.962890625,0.400390625,2.08203125
0.629,-3.0830078125,1.1611328125,1.44140625
0.6295,-3.2431640625,1.8818359375,0.9208984375
0.63,-3.3232421875,2.3623046875,0.560546875
0.6305,-3.04296875,2.5224609375,0.080078125
0.631,-2.5224609375,2.6826171875,-0.6005859375
0.6315,-1.9619140625,2.8427734375,-1.44140625
0.632,-1.3212890625,3.123046875,-2.2822265625
0.6325,-0.880859375,3.1630859375,-2.8427734375
0.633,-0.48046875,3.203125,-3.203125
0.6335,0.1201171875,2.8828125,-3.36328125
0.634,0.9208984375,2.2021484375,-3.5234375
0.6345,1.6015625,1.6416015625,-3.7236328125
0.635,2.2822265625,1.0810546875,-3.8037109375
0.6355,2.642578125,0.7607421875,-3.84375
0.636,2.72265625,0.3203125,-3.4833984375
0.6365,2.802734375,-0.2802734375,-2.9228515625
0.637,2.8427734375,-1.0009765625,-2.322265625
0.6375,2.962890625,-1.8017578125,-1.6416015625
0.638,3.0830078125,-2.3623046875,-1.2412109375
0.6385,3.04296875,-2.72265625,-0.80078125
0.639,2.6826171875,-2.8828125,-0.3603515625
0.6395,2.001953125,-3.0029296875,0.400390625
0.64,1.44140625,-3.203125,1.201171875
0.6405,0.8408203125,-3.443359375,1.921875
0.641,0.48046875,-3.443359375,2.4423828125
0.6415,0.0400390625,-3.2431640625,2.6826171875
0.642,-0.6005859375,-2.8427734375,2.8427734375
0.6425,-1.4013671875,-2.162109375,3.04296875
0.643,-2.08203125,-1.6015625,3.1630859375
0.6435,-2.642578125,-1.1611328125,3.203125
0.644,-2.8828125,-0.8408203125,3.1630859375
0.6445,-2.9228515625,-0.400390625,2.8427734375
0.645,-2.9228515625,0.2802734375,2.2021484375
0.6455,-3.0830078125,1.0009765625,1.6015625
0.646,-3.2431640625,1.8017578125,0.9609375
0.6465,-3.283203125,2.2421875,0.6005859375
0.647,-3.123046875,2.5625,0.1201171875
0.6475,-2.7626953125,2.6826171875,-0.4404296875
0.648,-2.001953125,2.8427734375,-1.28125
0.6485,-1.44140625,3.04296875,-2.1220703125
0.649,-0.9208984375,3.2431640625,-2.7626953125
0.6495,-0.6005859375,3.3232421875,-3.203125
0.65,0.0,2.962890625,-3.36328125
0.6505,0.720703125,2.40234375,-3.5634765625
0.651,1.521484375,1.76171875,-3.7236328125
0.6515,2.2421875,1.2412109375,-3.84375
0.652,2.6025390625,0.80078125,-3.84375
0.6525,2.8427734375,0.4404296875,-3.68359375
0.653,2.8828125,-0.1201171875,-3.203125
0.6535,2.8427734375,-0.880859375,-2.4423828125
0.654,3.0029296875,-1.6416015625,-1.8818359375
0.6545,3.1630859375,-2.3623046875,-1.28125
0.655,3.1630859375,-2.7626953125,-0.9609375
0.6555,2.8427734375,-2.9228515625,-0.4404296875
0.656,2.2822265625,-3.0830078125,0.240234375
0.6565,1.521484375,-3.2431640625,1.1611328125
0.657,0.9609375,-3.36328125,1.921875
0.6575,0.48046875,-3.4833984375,2.482421875
0.658,0.1201171875,-3.4833984375,2.802734375
0.6585,-0.5205078125,-2.962890625,2.962890625
0.659,-1.3212890625,-2.2822265625,3.04296875
0.6595,-2.08203125,-1.6416015625,3.1630859375
0.66,-2.72265625,-1.1611328125,3.3232421875
0.6605,-2.962890625,-0.80078125,3.203125
0.661,-3.0830078125,-0.3603515625,2.8828125
0.6615,-3.0830078125,0.240234375,2.3623046875
0.662,-3.0830078125,1.0009765625,1.6015625
0.6625,-3.203125,1.7216796875,1.0009765625
0.663,-3.283203125,2.322265625,0.5205078125
0.6635,-3.2431640625,2.5625,0.16015625
0.664,-2.802734375,2.6826171875,-0.3603515625
0.6645,-2.2021484375,2.802734375,-1.1611328125
0.665,-1.521484375,3.04296875,-1.9619140625
0.6655,-1.0009765625,3.203125,-2.642578125
0.666,-0.6005859375,3.203125,-3.0830078125
0.6665,-0.16015625,3.0830078125,-3.36328125
0.667,0.48046875,2.6025390625,-3.5234375
0.6675,1.28125,1.921875,-3.6435546875
0.668,1.9619140625,1.361328125,-3.763671875
0.6685,2.5625,0.880859375,-3.84375
0.669,2.7626953125,0.6005859375,-3.8037109375
0.6695,2.8427734375,0.1201171875,-3.36328125
0.67,2.8427734375,-0.6005859375,-2.7626953125
0.6705,2.962890625,-1.361328125,-2.08203125
0.671,3.123046875,-2.08203125,-1.521484375
0.6715,3.1630859375,-2.6025390625,-1.0810546875
0.672,3.04296875,-2.9228515625,-0.6806640625
0.6725,2.5224609375,-3.0830078125,-0.1201171875
0.673,1.841796875,-3.1630859375,0.7607421875
0.6735,1.2412109375,-3.36328125,1.5615234375
0.674,0.720703125,-3.5634765625,2.2822265625
0.6745,0.3203125,-3.5234375,2.642578125
0.675,-0.2001953125,-3.203125,2.8427734375
0.6755,-0.9609375,-2.642578125,3.04296875
0.676,-1.8017578125,-1.9619140625,3.1630859375
0.6765,-2.4423828125,-1.361328125,3.3232421875
0.677,-2.9228515625,-0.9609375,3.3232421875
0.6775,-3.0830078125,-0.640625,3.1630859375
0.678,-3.0830078125,0.0,2.6025390625
0.6785,-3.123046875,0.720703125,1.921875
0.679,-3.203125,1.521484375,1.2412109375
0.6795,-3.36328125,2.162109375,0.6806640625
0.68,-3.283203125,2.5224609375,0.2802734375
0.6805,-3.04296875,2.6826171875,-0.240234375
0.681,-2.4423828125,2.8828125,-0.880859375
0.6815,-1.681640625,3.04296875,-1.76171875
0.682,-1.0810546875,3.1630859375,-2.5625
0.6825,-0.640625,3.3232421875,-3.0830078125
0.683,-0.2802734375,3.203125,-3.36328125
0.6835,0.3203125,2.72265625,-3.5234375
0.684,1.12109375,2.1220703125,-3.68359375
0.6845,1.921875,1.44140625,-3.8037109375
0.685,2.482421875,0.9609375,-3.84375
0.6855,2.802734375,0.560546875,-3.7236328125
0.686,2.8828125,0.240234375,-3.5234375
0.6865,2.8828125,-0.4404296875,-2.8828125
0.687,2.8828125,-1.201171875,-2.2021484375
0.6875,3.0029296875,-1.9619140625,-1.6416015625
0.688,3.1630859375,-2.6025390625,-1.1611328125
0.6885,3.04296875,-2.8828125,-0.80078125
0.689,2.6826171875,-2.962890625,-0.2802734375
0.6895,2.08203125,-3.0830078125,0.48046875
0.69,1.3212890625,-3.2431640625,1.4013671875
0.6905,0.80078125,-3.4033203125,2.08203125
0.691,0.400390625,-3.5234375,2.5625
0.6915,0.0,-3.36328125,2.8427734375
0.692,-0.6806640625,-2.8427734375,3.0029296875
0.6925,-1.521484375,-2.2421875,3.1630859375
0.693,-2.2822265625,-1.5615234375,3.3232421875
0.6935,-2.8427734375,-1.12109375,3.4033203125
0.694,-3.04296875,-0.720703125,3.203125
0.6945,-3.1630859375,-0.3203125,2.8828125
0.695,-3.1630859375,0.4404296875,2.2421875
0.6955,-3.203125,1.2412109375,1.4814453125
0.696,-3.36328125,1.9619140625,0.880859375
0.6965,-3.4033203125,2.5224609375,0.3603515625
0.697,-3.203125,2.802734375,0.0
0.6975,-2.6826171875,2.8828125,-0.640625
0.698,-2.001953125,3.0830078125,-1.4814453125
0.6985,-1.28125,3.2431640625,-2.4423828125
0.699,-0.80078125,3.36328125,-3.04296875
0.6995,-0.3603515625,3.3232421875,-3.36328125
0.7,0.16015625,3.0029296875,-3.5634765625
0.7005,0.9609375,2.2822265625,-3.7236328125
0.701,1.8017578125,1.6015625,-3.8037109375
0.7015,2.482421875,1.0009765625,-3.8837890625
0.702,2.8427734375,0.6005859375,-3.8837890625
0.7025,2.962890625,0.240234375,-3.603515625
0.703,2.962890625,-0.3203125,-3.0830078125
0.7035,3.0029296875,-1.12109375,-2.4423828125
0.704,3.0029296875,-1.9619140625,-1.6416015625
0.7045,3.1630859375,-2.5625,-1.201171875
0.705,3.0830078125,-2.8828125,-0.720703125
0.7055,2.8427734375,-3.04296875,-0.3203125
0.706,2.1220703125,-3.0830078125,0.4404296875
0.7065,1.4814453125,-3.2431640625,1.28125
0.707,0.80078125,-3.36328125,2.0419921875
0.7075,0.4404296875,-3.5634765625,2.5625
0.708,0.0,-3.36328125,2.802734375
0.7085,-0.5205078125,-3.0029296875,2.962890625
0.709,-1.361328125,-2.322265625,3.123046875
0.7095,-2.1220703125,-1.6416015625,3.203125
0.71,-2.72265625,-1.1611328125,3.283203125
0.7105,-3.04296875,-0.80078125,3.283203125
0.711,-3.0830078125,-0.400390625,3.0029296875
0.7115,-3.0830078125,0.16015625,2.3623046875
0.712,-3.1630859375,0.9208984375,1.76171875
0.7125,-3.2431640625,1.7216796875,1.0009765625
0.713,-3.36328125,2.3623046875,0.6005859375
0.7135,-3.2431640625,2.6826171875,0.16015625
0.714,-2.9228515625,2.8427734375,-0.3203125
0.7145,-2.2421875,2.9228515625,-1.1611328125
0.715,-1.6015625,3.123046875,-2.001953125
0.7155,-1.0009765625,3.283203125,-2.7626953125
0.716,-0.640625,3.4033203125,-3.203125
0.7165,-0.16015625,3.1630859375,-3.443359375
0.717,0.560546875,2.642578125,-3.603515625
0.7175,1.3212890625,2.001953125,-3.763671875
0.718,2.162109375,1.28125,-3.84375
0.7185,2.642578125,0.880859375,-3.8837890625
0.719,2.8828125,0.48046875,-3.763671875
0.7195,2.9228515625,0.0,-3.4033203125
0.72,2.8427734375,-0.720703125,-2.642578125
0.7205,3.0029296875,-1.4814453125,-2.0419921875
0.721,3.123046875,-2.2021484375,-1.361328125
0.7215,3.1630859375,-2.6826171875,-1.0009765625
0.722,2.9228515625,-2.8828125,-0.560546875
0.7225,2.482421875,-3.04296875,0.0400390625
0.723,1.76171875,-3.203125,0.9208984375
0.7235,1.12109375,-3.3232421875,1.76171875
0.724,0.6005859375,-3.443359375,2.322265625
0.7245,0.240234375,-3.4833984375,2.72265625
0.725,-0.3203125,-3.1630859375,2.8828125
0.7255,-1.041015625,-2.5224609375,3.0029296875
0.726,-1.8017578125,-1.9619140625,3.1630859375
0.7265,-2.5224609375,-1.28125,3.2431640625
0.727,-2.8828125,-0.9609375,3.283203125
0.7275,-3.04296875,-0.6005859375,3.04296875
0.728,-3.0830078125,-0.16015625,2.6025390625
0.7285,-3.0830078125,0.6005859375,1.921875
0.729,-3.1630859375,1.4013671875,1.28125
0.7295,-3.283203125,2.0419921875,0.720703125
0.73,-3.283203125,2.5224609375,0.3603515625
0.7305,-3.0029296875,2.642578125,-0.1201171875
0.731,-2.4423828125,2.802734375,-0.80078125
0.7315,-1.8818359375,2.962890625,-1.6015625
0.732,-1.1611328125,3.1630859375,-2.4423828125
0.7325,-0.720703125,3.2431640625,-2.9228515625
0.733,-0.3203125,3.1630859375,-3.2431640625
0.7335,0.2001953125,2.8427734375,-3.4833984375
0.734,1.0009765625,2.162109375,-3.5634765625
0.7345,1.7216796875,1.6015625,-3.7236328125
0.735,2.3623046875,1.041015625,-3.84375
0.7355,2.6826171875,0.6806640625,-3.84375
0.736,2.7626953125,0.2802734375,-3.5234375
0.7365,2.8427734375,-0.3203125,-3.0029296875
0.737,2.8828125,-1.0009765625,-2.3623046875
0.7375,3.0029296875,-1.8017578125,-1.7216796875
0.738,3.123046875,-2.3623046875,-1.28125
0.7385,3.0830078125,-2.72265625,-0.8408203125
0.739,2.72265625,-2.8828125,-0.400390625
0.7395,2.08203125,-2.962890625,0.400390625
0.74,1.4814453125,-3.203125,1.201171875
0.7405,0.9208984375,-3.36328125,1.9619140625
0.741,0.5205078125,-3.443359375,2.40234375
0.7415,0.080078125,-3.2431640625,2.642578125
0.742,-0.5205078125,-2.8828125,2.8427734375
0.7425,-1.361328125,-2.2021484375,3.04296875
0.743,-2.001953125,-1.6416015625,3.1630859375
0.7435,-2.6025390625,-1.2412109375,3.203125
0.744,-2.8427734375,-0.9208984375,3.1630859375
0.7445,-2.8828125,-0.4404296875,2.802734375
0.745,-2.9228515625,0.240234375,2.2021484375
0.7455,-3.04296875,0.9208984375,1.6416015625
0.746,-3.203125,1.681640625,1.0009765625
0.7465,-3.2431640625,2.162109375,0.640625
0.747,-3.0830078125,2.4423828125,0.2001953125
0.7475,-2.72265625,2.6025390625,-0.3203125
0.748,-2.08203125,2.802734375,-1.1611328125
0.7485,-1.521484375,2.962890625,-1.921875
0.749,-1.0009765625,3.1630859375,-2.5625
0.7495,-0.6806640625,3.2431640625,-2.962890625
0.75,-0.2001953125,2.9228515625,-3.203125
0.7505,0.48046875,2.482421875,-3.36328125
0.751,1.2412109375,1.921875,-3.5634765625
0.7515,1.921875,1.28125,-3.7236328125
0.752,2.3623046875,0.9609375,-3.763671875
0.7525,2.6025390625,0.6005859375,-3.603515625
0.753,2.6826171875,0.1201171875,-3.2431640625
0.7535,2.72265625,-0.6005859375,-2.6025390625
0.754,2.8427734375,-1.28125,-2.08203125
0.7545,3.04296875,-2.001953125,-1.521484375
0.755,3.0830078125,-2.4423828125,-1.1611328125
0.7555,2.802734375,-2.642578125,-0.6806640625
0.756,2.40234375,-2.8427734375,-0.080078125
0.7565,1.76171875,-3.04296875,0.7607421875
0.757,1.201171875,-3.203125,1.521484375
0.7575,0.7607421875,-3.36328125,2.08203125
0.758,0.4404296875,-3.36328125,2.4423828125
0.7585,-0.16015625,-3.0830078125,2.6826171875
0.759,-0.9208984375,-2.482421875,2.8427734375
0.7595,-1.6015625,-1.9619140625,3.0029296875
0.76,-2.2822265625,-1.44140625,3.1630859375
0.7605,-2.5625,-1.1611328125,3.1630859375
0.761,-2.7626953125,-0.6806640625,2.9228515625
0.7615,-2.8427734375,-0.16015625,2.5224609375
0.762,-2.9228515625,0.6005859375,1.921875
0.7625,-3.0830078125,1.28125,1.3212890625
0.763,-3.203125,1.921875,0.880859375
0.7635,-3.203125,2.2822265625,0.48046875
0.764,-2.8828125,2.4423828125,0.0
0.7645,-2.322265625,2.642578125,-0.720703125
0.765,-1.8017578125,2.8427734375,-1.521484375
0.7655,-1.28125,3.04296875,-2.2421875
0.766,-0.9208984375,3.1630859375,-2.72265625
0.7665,-0.48046875,3.04296875,-3.0029296875
0.767,0.1201171875,2.6826171875,-3.203125
0.7675,0.9208984375,2.0419921875,-3.4033203125
0.768,1.5615234375,1.5615234375,-3.5634765625
0.7685,2.162109375,1.1611328125,-3.7236328125
0.769,2.40234375,0.8408203125,-3.68359375
0.7695,2.5224609375,0.3603515625,-3.36328125
0.77,2.6025390625,-0.2001953125,-2.8828125
0.7705,2.802734375,-0.9208984375,-2.322265625
0.771,2.8828125,-1.6416015625,-1.8017578125
0.7715,3.0029296875,-2.1220703125,-1.361328125
0.772,2.9228515625,-2.5224609375,-0.9609375
0.7725,2.5625,-2.642578125,-0.4404296875
0.773,2.001953125,-2.8828125,0.3203125
0.7735,1.521484375,-3.0830078125,1.0810546875
0.774,1.0009765625,-3.283203125,1.76171875
0.7745,0.640625,-3.36328125,2.162109375
0.775,0.2001953125,-3.1630859375,2.4423828125
0.7755,-0.5205078125,-2.8427734375,2.6826171875
0.776,-1.2412109375,-2.2421875,2.8427734375
0.7765,-1.8818359375,-1.7216796875,3.04296875
0.777,-2.40234375,-1.28125,3.1630859375
0.7775,-2.642578125,-0.9609375,3.0830078125
0.778,-2.7626953125,-0.48046875,2.6826171875
0.7785,-2.8828125,0.240234375,2.162109375
0.779,-3.0029296875,0.9609375,1.6015625
0.7795,-3.203125,1.681640625,1.0810546875
0.78,-3.203125,2.08203125,0.6806640625
0.7805,-3.04296875,2.3623046875,0.2001953125
0.781,-2.6025390625,2.5625,-0.400390625
0.7815,-2.001953125,2.802734375,-1.2412109375
0.782,-1.4814453125,3.0029296875,-1.9619140625
0.7825,-1.041015625,3.1630859375,-2.6025390625
0.783,-0.640625,3.04296875,-3.0830078125
0.7835,-0.080078125,2.802734375,-3.203125
0.784,0.640625,2.2421875,-3.4033203125
0.7845,1.4013671875,1.76171875,-3.5634765625
0.785,2.0419921875,1.28125,-3.7236328125
0.7855,2.40234375,0.9208984375,-3.7236328125
0.786,2.5625,0.48046875,-3.4833984375
0.7865,2.6826171875,-0.080078125,-3.04296875
0.787,2.72265625,-0.80078125,-2.40234375
0.7875,2.8828125,-1.521484375,-1.8818359375
0.788,3.04296875,-2.2021484375,-1.361328125
0.7885,3.0029296875,-2.5224609375,-1.041015625
0.789,2.6826171875,-2.6826171875,-0.5205078125
0.7895,2.162109375,-2.8828125,0.2001953125
0.79,1.5615234375,-3.0830078125,1.041015625
0.7905,1.041015625,-3.2431640625,1.7216796875
0.791,0.720703125,-3.36328125,2.162109375
0.7915,0.240234375,-3.3232421875,2.5224609375
0.792,-0.400390625,-2.8828125,2.72265625
0.7925,-1.1611328125,-2.2822265625,2.8828125
0.793,-1.8818359375,-1.7216796875,3.0830078125
0.7935,-2.482421875,-1.28125,3.203125
0.794,-2.6826171875,-0.9609375,3.123046875
0.7945,-2.8427734375,-0.5205078125,2.7626953125
0.795,-2.8828125,0.1201171875,2.2822265625
0.7955,-3.0029296875,0.880859375,1.6015625
0.796,-3.1630859375,1.5615234375,1.12109375
0.7965,-3.203125,2.1220703125,0.6806640625
0.797,-3.1630859375,2.40234375,0.2802734375
0.7975,-2.6826171875,2.5625,-0.3203125
0.798,-2.1220703125,2.802734375,-1.0810546875
0.7985,-1.5615234375,3.04296875,-1.9619140625
0.799,-1.12109375,3.1630859375,-2.5625
0.7995,-0.640625,3.1630859375,-2.962890625
0.8,-0.16015625,3.0830078125,-3.203125
0.8005,0.560546875,2.482421875,-3.443359375
0.801,1.3212890625,1.841796875,-3.603515625
0.8015,2.001953125,1.3212890625,-3.7236328125
0.802,2.5224609375,0.9208984375,-3.8037109375
0.8025,2.6826171875,0.560546875,-3.6435546875
0.803,2.72265625,0.0,-3.1630859375
0.8035,2.802734375,-0.6806640625,-2.6025390625
0.804,2.9228515625,-1.4814453125,-1.921875
0.8045,3.0830078125,-2.1220703125,-1.4013671875
0.805,3.04296875,-2.5625,-1.041015625
0.8055,2.8427734375,-2.7626953125,-0.6005859375
0.806,2.2822265625,-2.8828125,0.1201171875
0.8065,1.6416015625,-3.0830078125,0.9208984375
0.807,1.0009765625,-3.3232421875,1.7216796875
0.8075,0.640625,-3.4833984375,2.2421875
0.808,0.2001953125,-3.36328125,2.6025390625
0.8085,-0.3203125,-2.962890625,2.72265625
0.809,-1.041015625,-2.4423828125,2.9228515625
0.8095,-1.841796875,-1.76171875,3.04296875
0.81,-2.40234375,-1.3212890625,3.1630859375
0.8105,-2.72265625,-0.9208984375,3.123046875
0.811,-2.8828125,-0.6005859375,2.9228515625
0.8115,-2.8828125,0.0,2.3623046875
0.812,-2.962890625,0.720703125,1.76171875
0.8125,-3.123046875,1.44140625,1.201171875
0.813,-3.2431640625,2.0419921875,0.7607421875
0.8135,-3.1630859375,2.3623046875,0.3603515625
0.814,-2.8427734375,2.5625,-0.16015625
0.8145,-2.322265625,2.72265625,-0.880859375
0.815,-1.6416015625,2.8828125,-1.681640625
0.8155,-1.1611328125,3.0830078125,-2.40234375
0.816,-0.80078125,3.123046875,-2.9228515625
0.8165,-0.3603515625,3.0830078125,-3.1630859375
0.817,0.2802734375,2.6025390625,-3.283203125
0.8175,1.0009765625,2.08203125,-3.5234375
0.818,1.8017578125,1.4814453125,-3.68359375
0.8185,2.2822265625,1.0810546875,-3.8037109375
0.819,2.5224609375,0.720703125,-3.68359375
0.8195,2.6826171875,0.2802734375,-3.36328125
0.82,2.7626953125,-0.400390625,-2.802734375
0.8205,2.8427734375,-1.201171875,-2.162109375
0.821,3.04296875,-1.921875,-1.6416015625
0.8215,3.1630859375,-2.482421875,-1.201171875
0.822,2.962890625,-2.72265625,-0.80078125
0.8225,2.5224609375,-2.8828125,-0.2001953125
0.823,1.9619140625,-3.123046875,0.6005859375
0.8235,1.28125,-3.283203125,1.4814453125
0.824,0.80078125,-3.4833984375,2.0419921875
0.8245,0.400390625,-3.443359375,2.5224609375
0.825,-0.080078125,-3.203125,2.72265625
0.8255,-0.9208984375,-2.5625,2.9228515625
0.826,-1.6015625,-1.9619140625,3.123046875
0.8265,-2.3623046875,-1.4013671875,3.203125
0.827,-2.7626953125,-1.041015625,3.283203125
0.8275,-2.8828125,-0.6806640625,3.04296875
0.828,-2.9228515625,-0.16015625,2.5625
0.8285,-3.04296875,0.560546875,1.9619140625
0.829,-3.0830078125,1.361328125,1.28125
0.8295,-3.2431640625,2.0419921875,0.80078125
0.83,-3.203125,2.40234375,0.3603515625
0.8305,-2.962890625,2.6025390625,-0.080078125
0.831,-2.3623046875,2.6826171875,-0.80078125
0.8315,-1.8017578125,2.8828125,-1.6015625
0.832,-1.1611328125,3.0830078125,-2.4423828125
0.8325,-0.80078125,3.2431640625,-2.8828125
0.833,-0.3603515625,3.123046875,-3.203125
0.8335,0.16015625,2.802734375,-3.36328125
0.834,1.0009765625,2.162109375,-3.5634765625
0.8345,1.7216796875,1.5615234375,-3.68359375
0.835,2.2822265625,1.041015625,-3.763671875
0.8355,2.642578125,0.6806640625,-3.763671875
0.836,2.72265625,0.3203125,-3.4833984375
0.8365,2.72265625,-0.3203125,-2.8828125
0.837,2.8828125,-1.0009765625,-2.322265625
0.8375,3.0029296875,-1.8017578125,-1.681640625
0.838,3.123046875,-2.3623046875,-1.28125
0.8385,3.0029296875,-2.72265625,-0.80078125
0.839,2.72265625,-2.9228515625,-0.3603515625
0.8395,2.0419921875,-3.0830078125,0.4404296875
0.84,1.44140625,-3.283203125,1.2412109375
0.8405,0.880859375,-3.4033203125,2.001953125
0.841,0.5205078125,-3.5634765625,2.5224609375
0.8415,0.0400390625,-3.283203125,2.72265625
0.842,-0.640625,-2.8427734375,2.9228515625
0.8425,-1.44140625,-2.2021484375,3.123046875
0.843,-2.2421875,-1.5615234375,3.2431640625
0.8435,-2.72265625,-1.1611328125,3.3232421875
0.844,-3.0029296875,-0.720703125,3.203125
0.8445,-3.0830078125,-0.3203125,2.8427734375
0.845,-3.0830078125,0.48046875,2.08203125
0.8455,-3.203125,1.2412109375,1.521484375
0.846,-3.3232421875,2.0419921875,0.8408203125
0.8465,-3.4033203125,2.482421875,0.48046875
0.847,-3.0830078125,2.642578125,0.0
0.8475,-2.642578125,2.802734375,-0.640625
0.848,-1.9619140625,2.962890625,-1.6015625
0.8485,-1.28125,3.203125,-2.3623046875
0.849,-0.720703125,3.283203125,-2.962890625
0.8495,-0.400390625,3.3232421875,-3.36328125
0.85,0.240234375,2.8828125,-3.4833984375
0.8505,0.9609375,2.2021484375,-3.5634765625
0.851,1.7216796875,1.6015625,-3.7236328125
0.8515,2.4423828125,1.0009765625,-3.84375
0.852,2.72265625,0.640625,-3.8037109375
0.8525,2.8427734375,0.240234375,-3.5234375
0.853,2.8828125,-0.2802734375,-3.0830078125
0.8535,2.8828125,-1.041015625,-2.2822265625
0.854,2.962890625,-1.76171875,-1.681640625
0.8545,3.04296875,-2.4423828125,-1.1611328125
0.855,3.0830078125,-2.8427734375,-0.8408203125
0.8555,2.6826171875,-2.9228515625,-0.3603515625
0.856,2.1220703125,-3.04296875,0.3203125
0.8565,1.521484375,-3.203125,1.12109375
0.857,0.9208984375,-3.36328125,1.921875
0.8575,0.48046875,-3.4033203125,2.40234375
0.858,0.1201171875,-3.36328125,2.72265625
0.8585,-0.48046875,-3.0029296875,2.8828125
0.859,-1.28125,-2.322265625,3.04296875
0.8595,-1.9619140625,-1.8017578125,3.1630859375
0.86,-2.6025390625,-1.2412109375,3.283203125
0.8605,-2.8828125,-0.9208984375,3.2431640625
0.861,-2.962890625,-0.48046875,2.9228515625
0.8615,-3.04296875,0.1201171875,2.40234375
0.862,-3.123046875,0.880859375,1.76171875
0.8625,-3.2431640625,1.6416015625,1.12109375
0.863,-3.3232421875,2.2021484375,0.6005859375
0.8635,-3.283203125,2.5625,0.240234375
0.864,-2.9228515625,2.6826171875,-0.3203125
0.8645,-2.2421875,2.8427734375,-1.0810546875
0.865,-1.6015625,3.123046875,-1.921875
0.8655,-1.041015625,3.3232421875,-2.72265625
0.866,-0.640625,3.3232421875,-3.1630859375
0.8665,-0.16015625,3.123046875,-3.36328125
0.867,0.560546875,2.642578125,-3.603515625
0.8675,1.4013671875,1.921875,-3.763671875
0.868,2.1220703125,1.3212890625,-3.84375
0.8685,2.642578125,0.8408203125,-3.8837890625
0.869,2.8828125,0.5205078125,-3.8037109375
0.8695,2.8828125,0.0,-3.3232421875
0.87,2.8828125,-0.720703125,-2.6025390625
0.8705,3.0029296875,-1.521484375,-1.9619140625
0.871,3.1630859375,-2.322265625,-1.361328125
0.8715,3.1630859375,-2.7626953125,-0.9609375
0.872,2.8828125,-3.04296875,-0.5205078125
0.8725,2.40234375,-3.0830078125,0.16015625
0.873,1.6416015625,-3.203125,1.041015625
0.8735,1.0009765625,-3.36328125,1.841796875
0.874,0.5205078125,-3.4833984375,2.4423828125
0.8745,0.16015625,-3.4833984375,2.7626953125
0.875,-0.400390625,-3.04296875,2.8828125
0.8755,-1.1611328125,-2.4423828125,3.04296875
0.876,-1.9619140625,-1.76171875,3.1630859375
0.8765,-2.5625,-1.2412109375,3.2431640625
0.877,-2.8828125,-0.8408203125,3.203125
0.8775,-3.0830078125,-0.5205078125,3.0029296875
0.878,-3.0830078125,0.0400390625,2.5224609375
0.8785,-3.04296875,0.7607421875,1.8017578125
0.879,-3.1630859375,1.4013671875,1.2412109375
0.8795,-3.283203125,2.162109375,0.6005859375
0.88,-3.2431640625,2.482421875,0.2802734375
0.8805,-2.9228515625,2.6826171875,-0.2802734375
0.881,-2.4423828125,2.8427734375,-0.8408203125
0.8815,-1.7216796875,3.04296875,-1.76171875
0.882,-1.1611328125,3.203125,-2.482421875
0.8825,-0.6806640625,3.3232421875,-3.04296875
0.883,-0.3603515625,3.283203125,-3.36328125
0.8835,0.2802734375,2.8427734375,-3.5234375
0.884,1.12109375,2.162109375,-3.68359375
0.8845,1.8818359375,1.521484375,-3.8037109375
0.885,2.5625,1.0009765625,-3.923828125
0.8855,2.802734375,0.6005859375,-3.84375
0.886,2.9228515625,0.2001953125,-3.5634765625
0.8865,3.0029296875,-0.48046875,-2.962890625
0.887,3.04296875,-1.3212890625,-2.2421875
0.8875,3.1630859375,-2.08203125,-1.6416015625
0.888,3.203125,-2.72265625,-1.12109375
0.8885,3.123046875,-2.9228515625,-0.720703125
0.889,2.642578125,-3.0830078125,-0.16015625
0.8895,1.9619140625,-3.203125,0.720703125
0.89,1.2412109375,-3.4033203125,1.6416015625
0.8905,0.6806640625,-3.5634765625,2.3623046875
0.891,0.240234375,-3.5634765625,2.7626953125
0.8915,-0.2001953125,-3.3232421875,3.0029296875
0.892,-1.0009765625,-2.72265625,3.123046875
0.8925,-1.8017578125,-1.9619140625,3.2431640625
0.893,-2.5224609375,-1.3212890625,3.3232421875
0.8935,-3.04296875,-0.8408203125,3.36328125
0.894,-3.1630859375,-0.5205078125,3.123046875
0.8945,-3.1630859375,0.0,2.6826171875
0.895,-3.1630859375,0.640625,1.9619140625
0.8955,-3.203125,1.521484375,1.2412109375
0.896,-3.3232421875,2.1220703125,0.640625
0.8965,-3.283203125,2.642578125,0.240234375
0.897,-3.123046875,2.802734375,-0.16015625
0.8975,-2.482421875,2.8828125,-0.80078125
0.898,-1.8017578125,3.0029296875,-1.6416015625
0.8985,-1.12109375,3.1630859375,-2.482421875
0.899,-0.640625,3.3232421875,-3.0830078125
0.8995,-0.3203125,3.203125,-3.36328125
0.9,0.2001953125,2.8828125,-3.5234375
0.9005,0.9609375,2.2822265625,-3.6435546875
0.901,1.76171875,1.6015625,-3.763671875
0.9015,2.3623046875,1.041015625,-3.84375
0.902,2.7626953125,0.6005859375,-3.84375
0.9025,2.9228515625,0.3203125,-3.6435546875
0.903,2.8828125,-0.3203125,-3.0830078125
0.9035,2.962890625,-1.0009765625,-2.482421875
0.904,3.04296875,-1.8818359375,-1.8017578125
0.9045,3.1630859375,-2.4423828125,-1.2412109375
0.905,3.123046875,-2.802734375,-0.80078125
0.9055,2.8427734375,-3.04296875,-0.400390625
0.906,2.2822265625,-3.0830078125,0.3203125
0.9065,1.5615234375,-3.2431640625,1.1611328125
0.907,0.9609375,-3.443359375,1.9619140625
0.9075,0.5205078125,-3.5634765625,2.5224609375
0.908,0.1201171875,-3.4033203125,2.802734375
0.9085,-0.5205078125,-3.0029296875,2.962890625
0.909,-1.3212890625,-2.40234375,3.1630859375
0.9095,-2.1220703125,-1.681640625,3.283203125
0.91,-2.72265625,-1.2412109375,3.36328125
0.9105,-2.962890625,-0.80078125,3.2431640625
0.911,-3.0830078125,-0.48046875,3.0029296875
0.9115,-3.0830078125,0.240234375,2.322265625
0.912,-3.203125,0.9609375,1.6416015625
0.9125,-3.283203125,1.76171875,1.041015625
0.913,-3.36328125,2.40234375,0.560546875
0.9135,-3.203125,2.6025390625,0.1201171875
0.914,-2.8427734375,2.7626953125,-0.400390625
0.9145,-2.162109375,2.9228515625,-1.201171875
0.915,-1.44140625,3.123046875,-2.08203125
0.9155,-0.9208984375,3.203125,-2.72265625
0.916,-0.560546875,3.283203125,-3.203125
0.9165,-0.080078125,3.04296875,-3.36328125
0.917,0.6005859375,2.482421875,-3.5234375
0.9175,1.4013671875,1.921875,-3.68359375
0.918,2.1220703125,1.2412109375,-3.8037109375
0.9185,2.5625,0.8408203125,-3.84375
0.919,2.7626953125,0.4404296875,-3.6435546875
0.9195,2.8427734375,0.0,-3.283203125
0.92,2.8427734375,-0.6806640625,-2.6826171875
0.9205,2.8828125,-1.4013671875,-1.9619140625
0.921,3.04296875,-2.08203125,-1.44140625
0.9215,3.0830078125,-2.6025390625,-1.0009765625
0.922,2.8828125,-2.802734375,-0.640625
0.9225,2.40234375,-2.8828125,0.0
0.923,1.8818359375,-3.0830078125,0.720703125
0.9235,1.201171875,-3.2431640625,1.5615234375
0.924,0.7607421875,-3.4033203125,2.162109375
0.9245,0.3603515625,-3.4033203125,2.5224609375
0.925,-0.1201171875,-3.203125,2.7626953125
0.9255,-0.8408203125,-2.5625,2.8828125
0.926,-1.6015625,-2.0419921875,3.0830078125
0.9265,-2.2822265625,-1.4814453125,3.203125
0.927,-2.72265625,-1.1611328125,3.2431640625
0.9275,-2.8828125,-0.7607421875,3.04296875
0.928,-2.962890625,-0.2802734375,2.6025390625
0.9285,-3.04296875,0.48046875,2.08203125
0.929,-3.1630859375,1.28125,1.4013671875
0.9295,-3.283203125,1.921875,0.9208984375
0.93,-3.283203125,2.40234375,0.48046875
0.9305,-3.04296875,2.5625,0.0
0.931,-2.482421875,2.72265625,-0.6806640625
0.9315,-1.921875,2.9228515625,-1.4814453125
0.932,-1.28125,3.1630859375,-2.322265625
0.9325,-0.8408203125,3.2431640625,-2.8427734375
0.933,-0.48046875,3.1630859375,-3.1630859375
0.9335,0.1201171875,2.8427734375,-3.36328125
0.934,0.9208984375,2.2021484375,-3.5634765625
0.9345,1.6416015625,1.6015625,-3.68359375
0.935,2.2421875,1.0810546875,-3.8037109375
0.9355,2.5625,0.7607421875,-3.8037109375
0.936,2.6826171875,0.3203125,-3.5234375
0.9365,2.6826171875,-0.2802734375,-2.8828125
0.937,2.8427734375,-0.9609375,-2.3623046875
0.9375,2.962890625,-1.76171875,-1.7216796875
0.938,3.04296875,-2.2822265625,-1.28125
0.9385,2.9228515625,-2.6025390625,-0.8408203125
0.939,2.642578125,-2.802734375,-0.400390625
0.9395,2.0419921875,-2.9228515625,0.400390625
0.94,1.4814453125,-3.1630859375,1.1611328125
0.9405,0.9208984375,-3.283203125,1.841796875
0.941,0.6005859375,-3.4033203125,2.322265625
0.9415,0.1201171875,-3.203125,2.5625
0.942,-0.5205078125,-2.7626953125,2.72265625
0.9425,-1.2412109375,-2.2822265625,2.9228515625
0.943,-1.9619140625,-1.681640625,3.04296875
0.9435,-2.40234375,-1.3212890625,3.1630859375
0.944,-2.6826171875,-1.0009765625,3.04296875
0.9445,-2.8427734375,-0.5205078125,2.8427734375
0.945,-2.8427734375,0.1201171875,2.2021484375
0.9455,-2.962890625,0.80078125,1.681640625
0.946,-3.1630859375,1.5615234375,1.12109375
0.9465,-3.203125,2.0419921875,0.7607421875
0.947,-3.04296875,2.2822265625,0.3203125
0.9475,-2.72265625,2.5224609375,-0.2802734375
0.948,-2.2021484375,2.72265625,-1.0009765625
0.9485,-1.6015625,2.9228515625,-1.76171875
0.949,-1.1611328125,3.123046875,-2.40234375
0.9495,-0.7607421875,3.203125,-2.8828125
0.95,-0.3203125,2.962890625,-3.123046875
0.9505,0.400390625,2.482421875,-3.2431640625
0.951,1.12109375,1.9619140625,-3.5234375
0.9515,1.8017578125,1.4013671875,-3.7236328125
0.952,2.2421875,1.041015625,-3.8037109375
0.9525,2.482421875,0.6806640625,-3.5634765625
0.953,2.6025390625,0.2001953125,-3.2431640625
0.9535,2.6826171875,-0.5205078125,-2.72265625
0.954,2.8427734375,-1.2412109375,-2.1220703125
0.9545,3.04296875,-1.8818359375,-1.6416015625
0.955,3.04296875,-2.3623046875,-1.2412109375
0.9555,2.802734375,-2.6025390625,-0.7607421875
0.956,2.3623046875,-2.7626953125,-0.080078125
0.9565,1.841796875,-3.04296875,0.6806640625
0.957,1.2412109375,-3.203125,1.44140625
0.9575,0.8408203125,-3.36328125,2.001953125
0.958,0.4404296875,-3.3232421875,2.3623046875
0.9585,-0.1201171875,-3.0830078125,2.642578125
0.959,-0.9208984375,-2.482421875,2.7626953125
0.9595,-1.6015625,-1.9619140625,2.962890625
0.96,-2.2421875,-1.4814453125,3.0830078125
0.9605,-2.5625,-1.1611328125,3.1630859375
0.961,-2.72265625,-0.720703125,2.8828125
0.9615,-2.802734375,-0.16015625,2.40234375
0.962,-2.9228515625,0.560546875,1.921875
0.9625,-3.0830078125,1.28125,1.3212890625
0.963,-3.203125,1.841796875,0.880859375
0.9635,-3.123046875,2.2421875,0.48046875
0.964,-2.8427734375,2.4423828125,0.0
0.9645,-2.2822265625,2.6025390625,-0.720703125
0.965,-1.8017578125,2.8427734375,-1.4814453125
0.9655,-1.28125,3.0830078125,-2.2421875
0.966,-0.9208984375,3.1630859375,-2.6826171875
0.9665,-0.48046875,3.0029296875,-2.962890625
0.967,0.16015625,2.6025390625,-3.203125
0.9675,0.9208984375,2.0419921875,-3.443359375
0.968,1.5615234375,1.5615234375,-3.603515625
0.9685,2.08203125,1.201171875,-3.7236328125
0.969,2.40234375,0.8408203125,-3.68359375
0.9695,2.5224609375,0.400390625,-3.36328125
0.97,2.6025390625,-0.2802734375,-2.802734375
0.9705,2.802734375,-1.0009765625,-2.322265625
0.971,2.962890625,-1.7216796875,-1.76171875
0.9715,3.04296875,-2.2021484375,-1.3212890625
0.972,2.8828125,-2.5224609375,-0.9208984375
0.9725,2.5625,-2.7626953125,-0.3603515625
0.973,1.9619140625,-2.9228515625,0.4404296875
0.9735,1.4013671875,-3.1630859375,1.201171875
0.974,0.9609375,-3.36328125,1.8818359375
0.9745,0.6005859375,-3.443359375,2.322265625
0.975,0.0400390625,-3.203125,2.5224609375
0.9755,-0.640625,-2.72265625,2.7626953125
0.976,-1.44140625,-2.2021484375,2.962890625
0.9765,-2.1220703125,-1.6015625,3.1630859375
0.977,-2.5224609375,-1.2412109375,3.203125
0.9775,-2.7626953125,-0.80078125,3.04296875
0.978,-2.8828125,-0.3203125,2.642578125
0.9785,-2.9228515625,0.4404296875,2.001953125
0.979,-3.0830078125,1.1611328125,1.44140625
0.9795,-3.203125,1.921875,0.9208984375
0.98,-3.2431640625,2.2822265625,0.5205078125
0.9805,-2.9228515625,2.482421875,0.0
0.981,-2.4423828125,2.642578125,-0.6806640625
0.9815,-1.8017578125,2.8828125,-1.521484375
0.982,-1.28125,3.0830078125,-2.2421875
0.9825,-0.8408203125,3.1630859375,-2.7626953125
0.983,-0.48046875,3.123046875,-3.123046875
0.9835,0.16015625,2.72265625,-3.283203125
0.984,0.9208984375,2.0419921875,-3.4833984375
0.9845,1.5615234375,1.5615234375,-3.5634765625
0.985,2.2021484375,1.0810546875,-3.763671875
0.9855,2.5224609375,0.7607421875,-3.68359375
0.986,2.6025390625,0.3203125,-3.36328125
0.9865,2.6826171875,-0.2802734375,-2.8828125
0.987,2.7626953125,-1.0009765625,-2.2822265625
0.9875,2.9228515625,-1.681640625,-1.7216796875
0.988,3.04296875,-2.2822265625,-1.28125
0.9885,3.0029296875,-2.6025390625,-0.9208984375
0.989,2.6025390625,-2.7626953125,-0.400390625
0.9895,2.0419921875,-2.9228515625,0.3603515625
0.99,1.44140625,-3.1630859375,1.201171875
0.9905,0.9609375,-3.36328125,1.921875
0.991,0.560546875,-3.4033203125,2.322265625
0.9915,0.1201171875,-3.2431640625,2.6025390625
0.992,-0.6005859375,-2.8828125,2.802734375
0.9925,-1.361328125,-2.162109375,3.0029296875
0.993,-2.0419921875,-1.6416015625,3.1630859375
0.9935,-2.5625,-1.1611328125,3.203125
0.994,-2.802734375,-0.9208984375,3.1630859375
0.9945,-2.8828125,-0.400390625,2.72265625
0.995,-2.9228515625,0.2802734375,2.2021484375
0.9955,-3.0830078125,1.0009765625,1.5615234375
0.996,-3.203125,1.76171875,1.0009765625
0.9965,-3.203125,2.2021484375,0.6005859375
0.997,-3.0830078125,2.5224609375,0.16015625
0.9975,-2.642578125,2.6025390625,-0.48046875
0.998,-2.001953125,2.8427734375,-1.28125
0.9985,-1.44140625,3.04296875,-2.0419921875
0.999,-1.0009765625,3.203125,-2.72265625
0.9995,-0.640625,3.1630859375,-3.0830078125
