wavelength,x,y,z
0.0,2.172119140625,4.214111328125,-5.755615234375
0.0005,3.373291015625,3.133056640625,-6.075927734375
0.001,4.174072265625,2.052001953125,-6.115966796875
0.0015,4.614501953125,1.291259765625,-6.115966796875
0.002,4.814697265625,0.570556640625,-5.755615234375
0.0025,4.854736328125,-0.510498046875,-5.114990234375
0.003,4.934814453125,-1.631591796875,-4.314208984375
0.0035,4.854736328125,-2.872802734375,-3.313232421875
0.004,4.694580078125,-3.793701171875,-2.432373046875
0.0045,4.454345703125,-4.514404296875,-1.631591796875
0.005,3.893798828125,-4.954833984375,-0.750732421875
0.0055,3.052978515625,-5.355224609375,0.490478515625
0.006,2.011962890625,-5.755615234375,1.851806640625
0.0065,1.091064453125,-5.955810546875,2.932861328125
0.007,0.410400390625,-6.196044921875,3.853759765625
0.0075,-0.550537109375,-6.075927734375,4.614501953125
0.008,-1.591552734375,-5.435302734375,5.135009765625
0.0085,-2.832763671875,-4.554443359375,5.655517578125
0.009,-3.913818359375,-3.553466796875,5.895751953125
0.0095,-4.634521484375,-2.592529296875,5.975830078125
0.01,-5.034912109375,-1.831787109375,5.855712890625
0.0105,-5.155029296875,-0.990966796875,5.455322265625
0.011,-5.195068359375,0.050048828125,4.814697265625
0.0115,-5.275146484375,1.331298828125,3.893798828125
0.012,-5.195068359375,2.492431640625,2.892822265625
0.0125,-4.994873046875,3.333251953125,2.052001953125
0.013,-4.634521484375,3.933837890625,1.211181640625
0.0135,-3.953857421875,4.414306640625,0.250244140625
0.014,-3.153076171875,4.894775390625,-1.071044921875
0.0145,-2.112060546875,5.255126953125,-2.392333984375
0.015,-1.271240234375,5.455322265625,-3.393310546875
0.0155,-0.590576171875,5.615478515625,-4.274169921875
0.016,0.490478515625,5.255126953125,-4.994873046875
0.0165,1.651611328125,4.494384765625,-5.515380859375
0.017,2.932861328125,3.453369140625,-5.955810546875
0.0175,3.893798828125,2.372314453125,-6.115966796875
0.018,4.494384765625,1.571533203125,-6.115966796875
0.0185,4.774658203125,0.810791015625,-5.915771484375
0.019,4.854736328125,-0.190185546875,-5.355224609375
0.0195,4.934814453125,-1.311279296875,-4.554443359375
0.02,4.934814453125,-2.592529296875,-3.553466796875
0.0205,4.774658203125,-3.633544921875,-2.592529296875
0.021,4.534423828125,-4.394287109375,-1.791748046875
0.0215,4.013916015625,-4.914794921875,-0.910888671875
0.022,3.213134765625,-5.275146484375,0.290283203125
0.0225,2.252197265625,-5.755615234375,1.611572265625
0.023,1.251220703125,-5.955810546875,2.812744140625
0.0235,0.490478515625,-6.156005859375,3.813720703125
0.024,-0.350341796875,-6.196044921875,4.534423828125
0.0245,-1.391357421875,-5.715576171875,5.135009765625
0.025,-2.632568359375,-4.834716796875,5.615478515625
0.0255,-3.873779296875,-3.713623046875,5.975830078125
0.026,-4.634521484375,-2.592529296875,5.975830078125
0.0265,-5.074951171875,-1.871826171875,5.935791015625
0.027,-5.235107421875,-1.031005859375,5.575439453125
0.0275,-5.235107421875,0.010009765625,4.894775390625
0.028,-5.275146484375,1.211181640625,4.013916015625
0.0285,-5.235107421875,2.412353515625,3.012939453125
0.029,-5.034912109375,3.333251953125,2.052001953125
0.0295,-4.714599609375,4.013916015625,1.251220703125
0.03,-4.114013671875,4.494384765625,0.370361328125
0.0305,-3.193115234375,4.814697265625,-0.910888671875
0.031,-2.192138671875,5.255126953125,-2.272216796875
0.0315,-1.231201171875,5.415283203125,-3.393310546875
0.032,-0.550537109375,5.655517578125,-4.314208984375
0.0325,0.450439453125,5.415283203125,-4.994873046875
0.033,1.571533203125,4.654541015625,-5.635498046875
0.0335,2.852783203125,3.693603515625,-6.035888671875
0.034,3.973876953125,2.572509765625,-6.276123046875
0.0345,4.654541015625,1.571533203125,-6.276123046875
0.035,4.974853515625,0.810791015625,-6.115966796875
0.0355,5.014892578125,0.010009765625,-5.595458984375
0.036,4.974853515625,-1.231201171875,-4.754638671875
0.0365,5.054931640625,-2.552490234375,-3.713623046875
0.037,4.894775390625,-3.713623046875,-2.632568359375
0.0375,4.654541015625,-4.514404296875,-1.751708984375
0.038,4.174072265625,-5.114990234375,-0.910888671875
0.0385,3.373291015625,-5.435302734375,0.250244140625
0.039,2.332275390625,-5.835693359375,1.571533203125
0.0395,1.211181640625,-6.156005859375,2.972900390625
0.04,0.370361328125,-6.316162109375,3.973876953125
0.0405,-0.430419921875,-6.396240234375,4.774658203125
0.041,-1.431396484375,-5.955810546875,5.375244140625
0.0415,-2.712646484375,-4.954833984375,5.855712890625
0.042,-4.033935546875,-3.753662109375,6.256103515625
0.0425,-4.954833984375,-2.552490234375,6.256103515625
0.043,-5.435302734375,-1.671630859375,6.176025390625
0.0435,-5.555419921875,-0.910888671875,5.775634765625
0.044,-5.515380859375,0.170166015625,5.094970703125
0.0445,-5.475341796875,1.411376953125,4.093994140625
0.045,-5.435302734375,2.772705078125,2.892822265625
0.0455,-5.195068359375,3.813720703125,1.851806640625
0.046,-4.834716796875,4.454345703125,1.010986328125
0.0465,-4.154052734375,4.814697265625,0.090087890625
0.047,-3.113037109375,5.135009765625,-1.231201171875
0.0475,-2.031982421875,5.575439453125,-2.672607421875
0.048,-0.950927734375,5.735595703125,-3.953857421875
0.0485,-0.190185546875,5.775634765625,-4.794677734375
0.049,0.690673828125,5.615478515625,-5.475341796875
0.0495,1.851806640625,4.854736328125,-6.075927734375
0.05,3.213134765625,3.733642578125,-6.436279296875
0.0505,4.494384765625,2.412353515625,-6.676513671875
0.051,5.175048828125,1.251220703125,-6.556396484375
0.0515,5.455322265625,0.490478515625,-6.356201171875
0.052,5.455322265625,-0.510498046875,-5.755615234375
0.0525,5.375244140625,-1.711669921875,-4.754638671875
0.053,5.335205078125,-3.072998046875,-3.593505859375
0.0535,5.094970703125,-4.354248046875,-2.352294921875
0.054,4.814697265625,-5.195068359375,-1.391357421875
0.0545,4.294189453125,-5.755615234375,-0.510498046875
0.055,3.373291015625,-6.035888671875,0.610595703125
0.0555,2.132080078125,-6.276123046875,2.052001953125
0.056,0.850830078125,-6.556396484375,3.653564453125
0.0565,-0.270263671875,-6.556396484375,4.654541015625
0.057,-0.990966796875,-6.596435546875,5.415283203125
0.0575,-1.911865234375,-6.115966796875,6.015869140625
0.058,-3.273193359375,-4.994873046875,6.416259765625
0.0585,-4.554443359375,-3.713623046875,6.736572265625
0.059,-5.635498046875,-2.352294921875,6.776611328125
0.0595,-6.075927734375,-1.311279296875,6.536376953125
0.06,-6.115966796875,-0.510498046875,6.095947265625
0.0605,-6.035888671875,0.610595703125,5.335205078125
0.061,-5.835693359375,1.931884765625,4.134033203125
0.0615,-5.755615234375,3.333251953125,2.812744140625
0.062,-5.435302734375,4.454345703125,1.571533203125
0.0625,-4.954833984375,5.094970703125,0.650634765625
0.063,-4.234130859375,5.455322265625,-0.350341796875
0.0635,-3.153076171875,5.655517578125,-1.551513671875
0.064,-1.831787109375,5.935791015625,-3.072998046875
0.0645,-0.510498046875,6.055908203125,-4.514404296875
0.065,0.450439453125,6.015869140625,-5.395263671875
0.0655,1.131103515625,5.855712890625,-6.075927734375
0.066,2.252197265625,5.094970703125,-6.556396484375
0.0665,3.653564453125,3.853759765625,-6.916748046875
0.067,4.854736328125,2.492431640625,-7.116943359375
0.0675,5.695556640625,1.171142578125,-6.996826171875
0.068,5.975830078125,0.250244140625,-6.676513671875
0.0685,5.935791015625,-0.750732421875,-6.115966796875
0.069,5.735595703125,-1.831787109375,-5.114990234375
0.0695,5.575439453125,-3.233154296875,-3.793701171875
0.07,5.375244140625,-4.674560546875,-2.392333984375
0.0705,4.974853515625,-5.595458984375,-1.271240234375
0.071,4.414306640625,-6.115966796875,-0.350341796875
0.0715,3.533447265625,-6.396240234375,0.730712890625
0.072,2.252197265625,-6.556396484375,2.092041015625
0.0725,0.890869140625,-6.756591796875,3.693603515625
0.073,-0.390380859375,-6.836669921875,4.894775390625
0.0735,-1.151123046875,-6.756591796875,5.655517578125
0.074,-1.951904296875,-6.396240234375,6.256103515625
0.0745,-3.113037109375,-5.435302734375,6.656494140625
0.075,-4.514404296875,-4.073974609375,6.976806640625
0.0755,-5.675537109375,-2.632568359375,7.056884765625
0.076,-6.276123046875,-1.431396484375,6.736572265625
0.0765,-6.396240234375,-0.590576171875,6.416259765625
0.077,-6.276123046875,0.450439453125,5.695556640625
0.0775,-6.075927734375,1.611572265625,4.534423828125
0.078,-5.875732421875,3.052978515625,3.213134765625
0.0785,-5.635498046875,4.334228515625,1.931884765625
0.079,-5.114990234375,5.094970703125,0.850830078125
0.0795,-4.514404296875,5.535400390625,0.010009765625
0.08,-3.593505859375,5.735595703125,-1.151123046875
0.0805,-2.272216796875,5.935791015625,-2.592529296875
0.081,-0.950927734375,6.095947265625,-4.154052734375
0.0815,0.250244140625,6.055908203125,-5.155029296875
0.082,0.890869140625,6.055908203125,-5.915771484375
0.0825,1.851806640625,5.535400390625,-6.436279296875
0.083,3.093017578125,4.454345703125,-6.836669921875
0.0835,4.454345703125,3.052978515625,-7.076904296875
0.084,5.455322265625,1.691650390625,-7.076904296875
0.0845,5.935791015625,0.570556640625,-6.796630859375
0.085,6.015869140625,-0.310302734375,-6.396240234375
0.0855,5.895751953125,-1.311279296875,-5.595458984375
0.086,5.655517578125,-2.592529296875,-4.394287109375
0.0865,5.495361328125,-4.073974609375,-3.032958984375
0.087,5.135009765625,-5.195068359375,-1.791748046875
0.0875,4.694580078125,-5.835693359375,-0.790771484375
0.088,4.013916015625,-6.276123046875,0.210205078125
0.0885,2.932861328125,-6.436279296875,1.331298828125
0.089,1.571533203125,-6.716552734375,2.892822265625
0.0895,0.210205078125,-6.796630859375,4.414306640625
0.09,-0.790771484375,-6.716552734375,5.295166015625
0.0905,-1.471435546875,-6.636474609375,5.935791015625
0.091,-2.512451171875,-5.915771484375,6.416259765625
0.0915,-3.873779296875,-4.674560546875,6.816650390625
0.092,-5.155029296875,-3.313232421875,7.056884765625
0.0925,-6.035888671875,-1.991943359375,6.896728515625
0.093,-6.356201171875,-1.031005859375,6.576416015625
0.0935,-6.356201171875,0.010009765625,6.055908203125
0.094,-6.156005859375,0.970947265625,5.135009765625
0.0945,-5.995849609375,2.412353515625,3.853759765625
0.095,-5.755615234375,3.853759765625,2.492431640625
0.0955,-5.435302734375,4.854736328125,1.251220703125
0.096,-4.874755859375,5.415283203125,0.370361328125
0.0965,-4.033935546875,5.695556640625,-0.710693359375
0.097,-2.832763671875,5.815673828125,-2.072021484375
0.0975,-1.471435546875,6.135986328125,-3.593505859375
0.098,-0.270263671875,6.135986328125,-4.914794921875
0.0985,0.690673828125,6.095947265625,-5.755615234375
0.099,1.451416015625,5.855712890625,-6.356201171875
0.0995,2.612548828125,4.934814453125,-6.796630859375
0.1,4.053955078125,3.573486328125,-7.076904296875
0.1005,5.215087890625,2.132080078125,-7.197021484375
0.101,5.855712890625,0.890869140625,-6.916748046875
0.1015,6.055908203125,0.010009765625,-6.596435546875
0.102,5.935791015625,-0.990966796875,-5.915771484375
0.1025,5.735595703125,-2.192138671875,-4.794677734375
0.103,5.575439453125,-3.633544921875,-3.473388671875
0.1035,5.255126953125,-4.914794921875,-2.072021484375
0.104,4.814697265625,-5.715576171875,-1.031005859375
0.1045,4.214111328125,-6.196044921875,-0.150146484375
0.105,3.293212890625,-6.436279296875,0.930908203125
0.1055,1.931884765625,-6.596435546875,2.412353515625
0.106,0.610595703125,-6.716552734375,3.893798828125
0.1065,-0.590576171875,-6.676513671875,4.974853515625
0.107,-1.271240234375,-6.636474609375,5.735595703125
0.1075,-2.112060546875,-6.156005859375,6.216064453125
0.108,-3.353271484375,-5.114990234375,6.576416015625
0.1085,-4.634521484375,-3.793701171875,6.896728515625
0.109,-5.635498046875,-2.432373046875,6.896728515625
0.1095,-6.115966796875,-1.351318359375,6.576416015625
0.11,-6.236083984375,-0.590576171875,6.216064453125
0.1105,-6.115966796875,0.450439453125,5.455322265625
0.111,-5.835693359375,1.571533203125,4.334228515625
0.1115,-5.755615234375,3.052978515625,3.093017578125
0.112,-5.395263671875,4.174072265625,1.851806640625
0.1125,-4.994873046875,4.894775390625,0.890869140625
0.113,-4.354248046875,5.255126953125,0.010009765625
0.1135,-3.393310546875,5.495361328125,-1.151123046875
0.114,-2.272216796875,5.815673828125,-2.552490234375
0.1145,-0.910888671875,5.975830078125,-3.993896484375
0.115,0.090087890625,5.935791015625,-4.994873046875
0.1155,0.770751953125,5.935791015625,-5.715576171875
0.116,1.731689453125,5.415283203125,-6.236083984375
0.1165,3.012939453125,4.294189453125,-6.596435546875
0.117,4.294189453125,3.052978515625,-6.916748046875
0.1175,5.175048828125,1.731689453125,-6.836669921875
0.118,5.615478515625,0.770751953125,-6.636474609375
0.1185,5.735595703125,-0.190185546875,-6.196044921875
0.119,5.615478515625,-1.151123046875,-5.435302734375
0.1195,5.455322265625,-2.392333984375,-4.354248046875
0.12,5.295166015625,-3.833740234375,-3.032958984375
0.1205,4.974853515625,-4.834716796875,-1.871826171875
0.121,4.614501953125,-5.595458984375,-0.950927734375
0.1215,3.893798828125,-5.955810546875,0.090087890625
0.122,2.812744140625,-6.115966796875,1.291259765625
0.1225,1.611572265625,-6.436279296875,2.732666015625
0.123,0.370361328125,-6.516357421875,4.013916015625
0.1235,-0.510498046875,-6.556396484375,4.894775390625
0.124,-1.231201171875,-6.396240234375,5.575439453125
0.1245,-2.272216796875,-5.755615234375,6.055908203125
0.125,-3.553466796875,-4.554443359375,6.416259765625
0.1255,-4.794677734375,-3.273193359375,6.576416015625
0.126,-5.475341796875,-2.072021484375,6.456298828125
0.1265,-5.795654296875,-1.271240234375,6.256103515625
0.127,-5.835693359375,-0.430419921875,5.735595703125
0.1275,-5.715576171875,0.690673828125,4.854736328125
0.128,-5.595458984375,1.931884765625,3.773681640625
0.1285,-5.435302734375,3.213134765625,2.532470703125
0.129,-5.114990234375,4.093994140625,1.531494140625
0.1295,-4.674560546875,4.654541015625,0.690673828125
0.13,-3.993896484375,5.054931640625,-0.310302734375
0.1305,-2.912841796875,5.295166015625,-1.471435546875
0.131,-1.791748046875,5.655517578125,-2.912841796875
0.1315,-0.750732421875,5.695556640625,-4.033935546875
0.132,0.050048828125,5.775634765625,-4.874755859375
0.1325,0.850830078125,5.535400390625,-5.475341796875
0.133,1.931884765625,4.774658203125,-5.955810546875
0.1335,3.173095703125,3.693603515625,-6.356201171875
0.134,4.334228515625,2.492431640625,-6.476318359375
0.1345,4.934814453125,1.411376953125,-6.396240234375
0.135,5.175048828125,0.650634765625,-6.196044921875
0.1355,5.255126953125,-0.310302734375,-5.675537109375
0.136,5.135009765625,-1.271240234375,-4.834716796875
0.1365,5.094970703125,-2.552490234375,-3.833740234375
0.137,4.934814453125,-3.793701171875,-2.712646484375
0.1375,4.654541015625,-4.634521484375,-1.791748046875
0.138,4.214111328125,-5.155029296875,-0.950927734375
0.1385,3.533447265625,-5.515380859375,0.130126953125
0.139,2.532470703125,-5.875732421875,1.331298828125
0.1395,1.371337890625,-6.115966796875,2.692626953125
0.14,0.450439453125,-6.236083984375,3.773681640625
0.1405,-0.310302734375,-6.396240234375,4.574462890625
0.141,-1.231201171875,-6.035888671875,5.215087890625
0.1415,-2.352294921875,-5.195068359375,5.695556640625
0.142,-3.553466796875,-4.194091796875,6.095947265625
0.1425,-4.514404296875,-3.032958984375,6.176025390625
0.143,-5.114990234375,-2.112060546875,6.135986328125
0.1435,-5.395263671875,-1.351318359375,5.895751953125
0.144,-5.435302734375,-0.510498046875,5.375244140625
0.1445,-5.395263671875,0.650634765625,4.534423828125
0.145,-5.355224609375,1.931884765625,3.533447265625
0.1455,-5.195068359375,3.012939453125,2.452392578125
0.146,-4.954833984375,3.853759765625,1.611572265625
0.1465,-4.434326171875,4.374267578125,0.770751953125
0.147,-3.673583984375,4.734619140625,-0.350341796875
0.1475,-2.752685546875,5.175048828125,-1.591552734375
0.148,-1.671630859375,5.375244140625,-2.872802734375
0.1485,-0.910888671875,5.575439453125,-3.873779296875
0.149,0.010009765625,5.615478515625,-4.674560546875
0.1495,0.930908203125,5.215087890625,-5.275146484375
0.15,2.052001953125,4.334228515625,-5.755615234375
0.1505,3.293212890625,3.253173828125,-6.115966796875
0.151,4.134033203125,2.172119140625,-6.115966796875
0.1515,4.614501953125,1.411376953125,-6.115966796875
0.152,4.854736328125,0.610595703125,-5.795654296875
0.1525,4.854736328125,-0.430419921875,-5.235107421875
0.153,4.934814453125,-1.551513671875,-4.434326171875
0.1535,4.854736328125,-2.792724609375,-3.393310546875
0.154,4.654541015625,-3.713623046875,-2.432373046875
0.1545,4.454345703125,-4.474365234375,-1.631591796875
0.155,3.933837890625,-4.954833984375,-0.790771484375
0.1555,3.133056640625,-5.315185546875,0.370361328125
0.156,2.172119140625,-5.755615234375,1.651611328125
0.1565,1.211181640625,-5.915771484375,2.812744140625
0.157,0.490478515625,-6.196044921875,3.773681640625
0.1575,-0.390380859375,-6.115966796875,4.494384765625
0.158,-1.431396484375,-5.595458984375,5.094970703125
0.1585,-2.592529296875,-4.754638671875,5.575439453125
0.159,-3.753662109375,-3.673583984375,5.895751953125
0.1595,-4.514404296875,-2.712646484375,5.895751953125
0.16,-4.954833984375,-1.951904296875,5.895751953125
0.1605,-5.114990234375,-1.191162109375,5.575439453125
0.161,-5.155029296875,-0.310302734375,4.934814453125
0.1615,-5.275146484375,0.970947265625,4.134033203125
0.162,-5.195068359375,2.212158203125,3.133056640625
0.1625,-5.034912109375,3.133056640625,2.252197265625
0.163,-4.714599609375,3.813720703125,1.411376953125
0.1635,-4.154052734375,4.334228515625,0.490478515625
0.164,-3.353271484375,4.814697265625,-0.750732421875
0.1645,-2.352294921875,5.175048828125,-2.072021484375
0.165,-1.471435546875,5.415283203125,-3.153076171875
0.1655,-0.750732421875,5.615478515625,-4.073974609375
0.166,0.290283203125,5.375244140625,-4.834716796875
0.1665,1.411376953125,4.694580078125,-5.395263671875
0.167,2.612548828125,3.813720703125,-5.875732421875
0.1675,3.693603515625,2.692626953125,-6.075927734375
0.168,4.374267578125,1.771728515625,-6.115966796875
0.1685,4.694580078125,1.010986328125,-5.955810546875
0.169,4.854736328125,0.130126953125,-5.515380859375
0.1695,4.854736328125,-0.990966796875,-4.834716796875
0.17,4.934814453125,-2.272216796875,-3.833740234375
0.1705,4.814697265625,-3.353271484375,-2.832763671875
0.171,4.614501953125,-4.194091796875,-1.951904296875
0.1715,4.134033203125,-4.794677734375,-1.111083984375
0.172,3.413330078125,-5.195068359375,0.050048828125
0.1725,2.492431640625,-5.675537109375,1.291259765625
0.173,1.451416015625,-5.915771484375,2.612548828125
0.1735,0.650634765625,-6.156005859375,3.573486328125
0.174,-0.230224609375,-6.196044921875,4.454345703125
0.1745,-1.191162109375,-5.795654296875,5.094970703125
0.175,-2.432373046875,-4.914794921875,5.575439453125
0.1755,-3.633544921875,-3.833740234375,5.935791015625
0.176,-4.514404296875,-2.752685546875,5.975830078125
0.1765,-4.994873046875,-1.951904296875,5.935791015625
0.177,-5.195068359375,-1.231201171875,5.655517578125
0.1775,-5.235107421875,-0.310302734375,5.014892578125
0.178,-5.275146484375,0.970947265625,4.134033203125
0.1785,-5.275146484375,2.252197265625,3.133056640625
0.179,-5.074951171875,3.253173828125,2.132080078125
0.1795,-4.754638671875,3.973876953125,1.291259765625
0.18,-4.154052734375,4.454345703125,0.450439453125
0.1805,-3.313232421875,4.774658203125,-0.790771484375
0.181,-2.352294921875,5.255126953125,-2.112060546875
0.1815,-1.311279296875,5.415283203125,-3.273193359375
0.182,-0.630615234375,5.615478515625,-4.194091796875
0.1825,0.330322265625,5.455322265625,-4.994873046875
0.183,1.411376953125,4.814697265625,-5.515380859375
0.1835,2.692626953125,3.853759765625,-5.955810546875
0.184,3.853759765625,2.692626953125,-6.236083984375
0.1845,4.534423828125,1.611572265625,-6.196044921875
0.185,4.934814453125,0.890869140625,-6.115966796875
0.1855,5.014892578125,0.010009765625,-5.635498046875
0.186,4.974853515625,-1.071044921875,-4.834716796875
0.1865,5.054931640625,-2.352294921875,-3.833740234375
0.187,4.894775390625,-3.553466796875,-2.752685546875
0.1875,4.614501953125,-4.434326171875,-1.871826171875
0.188,4.254150390625,-5.074951171875,-0.990966796875
0.1885,3.533447265625,-5.395263671875,0.050048828125
0.189,2.492431640625,-5.755615234375,1.331298828125
0.1895,1.371337890625,-6.075927734375,2.732666015625
0.19,0.450439453125,-6.236083984375,3.813720703125
0.1905,-0.310302734375,-6.356201171875,4.614501953125
0.191,-1.271240234375,-5.915771484375,5.255126953125
0.1915,-2.512451171875,-5.074951171875,5.735595703125
0.192,-3.753662109375,-3.913818359375,6.135986328125
0.1925,-4.754638671875,-2.752685546875,6.256103515625
0.193,-5.275146484375,-1.871826171875,6.135986328125
0.1935,-5.475341796875,-1.151123046875,5.815673828125
0.194,-5.475341796875,-0.190185546875,5.255126953125
0.1945,-5.435302734375,1.091064453125,4.294189453125
0.195,-5.395263671875,2.412353515625,3.173095703125
0.1955,-5.195068359375,3.533447265625,2.092041015625
0.196,-4.874755859375,4.214111328125,1.251220703125
0.1965,-4.274169921875,4.654541015625,0.370361328125
0.197,-3.393310546875,4.974853515625,-0.830810546875
0.1975,-2.312255859375,5.415283203125,-2.232177734375
0.198,-1.231201171875,5.615478515625,-3.553466796875
0.1985,-0.390380859375,5.735595703125,-4.474365234375
0.199,0.450439453125,5.735595703125,-5.235107421875
0.1995,1.491455078125,5.094970703125,-5.795654296875
0.2,2.812744140625,3.973876953125,-6.276123046875
0.2005,4.093994140625,2.772705078125,-6.516357421875
0.201,4.854736328125,1.571533203125,-6.476318359375
0.2015,5.255126953125,0.730712890625,-6.356201171875
0.202,5.335205078125,-0.190185546875,-5.875732421875
0.2025,5.255126953125,-1.271240234375,-5.034912109375
0.203,5.255126953125,-2.552490234375,-3.953857421875
0.2035,5.135009765625,-3.873779296875,-2.712646484375
0.204,4.854736328125,-4.834716796875,-1.671630859375
0.2045,4.454345703125,-5.475341796875,-0.830810546875
0.205,3.653564453125,-5.835693359375,0.250244140625
0.2055,2.492431640625,-6.115966796875,1.571533203125
0.206,1.251220703125,-6.436279296875,3.133056640625
0.2065,0.170166015625,-6.476318359375,4.294189453125
0.207,-0.630615234375,-6.556396484375,5.094970703125
0.2075,-1.551513671875,-6.236083984375,5.735595703125
0.208,-2.832763671875,-5.275146484375,6.256103515625
0.2085,-4.154052734375,-3.993896484375,6.576416015625
0.209,-5.315185546875,-2.712646484375,6.696533203125
0.2095,-5.875732421875,-1.591552734375,6.536376953125
0.21,-6.075927734375,-0.750732421875,6.176025390625
0.2105,-5.995849609375,0.330322265625,5.455322265625
0.211,-5.795654296875,1.571533203125,4.294189453125
0.2115,-5.755615234375,3.012939453125,3.052978515625
0.212,-5.435302734375,4.174072265625,1.851806640625
0.2125,-5.034912109375,4.934814453125,0.850830078125
0.213,-4.394287109375,5.375244140625,-0.150146484375
0.2135,-3.353271484375,5.575439453125,-1.271240234375
0.214,-2.072021484375,5.815673828125,-2.792724609375
0.2145,-0.790771484375,6.015869140625,-4.274169921875
0.215,0.290283203125,5.975830078125,-5.195068359375
0.2155,0.970947265625,5.895751953125,-5.875732421875
0.216,2.011962890625,5.175048828125,-6.436279296875
0.2165,3.413330078125,3.973876953125,-6.796630859375
0.217,4.614501953125,2.612548828125,-7.036865234375
0.2175,5.535400390625,1.291259765625,-6.916748046875
0.218,5.855712890625,0.330322265625,-6.676513671875
0.2185,5.895751953125,-0.630615234375,-6.115966796875
0.219,5.735595703125,-1.671630859375,-5.235107421875
0.2195,5.535400390625,-3.032958984375,-3.953857421875
0.22,5.335205078125,-4.434326171875,-2.592529296875
0.2205,4.974853515625,-5.395263671875,-1.431396484375
0.221,4.494384765625,-6.035888671875,-0.510498046875
0.2215,3.693603515625,-6.276123046875,0.530517578125
0.222,2.452392578125,-6.436279296875,1.811767578125
0.2225,1.131103515625,-6.676513671875,3.333251953125
0.223,-0.270263671875,-6.676513671875,4.614501953125
0.2235,-0.990966796875,-6.676513671875,5.455322265625
0.224,-1.791748046875,-6.396240234375,6.095947265625
0.2245,-2.872802734375,-5.715576171875,6.456298828125
0.225,-4.194091796875,-4.314208984375,6.856689453125
0.2255,-5.395263671875,-2.912841796875,6.976806640625
0.226,-6.115966796875,-1.671630859375,6.696533203125
0.2265,-6.316162109375,-0.790771484375,6.416259765625
0.227,-6.276123046875,0.210205078125,5.815673828125
0.2275,-6.035888671875,1.331298828125,4.734619140625
0.228,-5.835693359375,2.692626953125,3.533447265625
0.2285,-5.635498046875,3.973876953125,2.212158203125
0.229,-5.235107421875,4.894775390625,1.091064453125
0.2295,-4.674560546875,5.415283203125,0.210205078125
0.23,-3.833740234375,5.655517578125,-0.910888671875
0.2305,-2.552490234375,5.815673828125,-2.272216796875
0.231,-1.231201171875,6.095947265625,-3.793701171875
0.2315,0.010009765625,6.055908203125,-4.914794921875
0.232,0.730712890625,6.055908203125,-5.715576171875
0.2325,1.571533203125,5.575439453125,-6.356201171875
0.233,2.812744140625,4.614501953125,-6.716552734375
0.2335,4.134033203125,3.293212890625,-7.076904296875
0.234,5.255126953125,1.931884765625,-7.076904296875
0.2345,5.775634765625,0.810791015625,-6.796630859375
0.235,5.935791015625,0.010009765625,-6.436279296875
0.2355,5.895751953125,-1.111083984375,-5.755615234375
0.236,5.695556640625,-2.352294921875,-4.594482421875
0.2365,5.535400390625,-3.793701171875,-3.273193359375
0.237,5.215087890625,-4.994873046875,-1.991943359375
0.2375,4.774658203125,-5.755615234375,-0.990966796875
0.238,4.134033203125,-6.276123046875,0.050048828125
0.2385,3.173095703125,-6.436279296875,1.131103515625
0.239,1.771728515625,-6.676513671875,2.692626953125
0.2395,0.450439453125,-6.796630859375,4.174072265625
0.24,-0.670654296875,-6.756591796875,5.175048828125
0.2405,-1.431396484375,-6.716552734375,6.015869140625
0.241,-2.392333984375,-6.115966796875,6.416259765625
0.2415,-3.793701171875,-4.834716796875,6.776611328125
0.242,-5.074951171875,-3.473388671875,7.056884765625
0.2425,-5.955810546875,-2.112060546875,6.976806640625
0.243,-6.396240234375,-1.071044921875,6.696533203125
0.2435,-6.396240234375,-0.190185546875,6.135986328125
0.244,-6.276123046875,0.930908203125,5.255126953125
0.2445,-6.035888671875,2.292236328125,3.973876953125
0.245,-5.835693359375,3.773681640625,2.572509765625
0.2455,-5.435302734375,4.814697265625,1.331298828125
0.246,-4.954833984375,5.415283203125,0.410400390625
0.2465,-4.154052734375,5.735595703125,-0.670654296875
0.247,-2.912841796875,5.895751953125,-1.951904296875
0.2475,-1.591552734375,6.176025390625,-3.553466796875
0.248,-0.270263671875,6.216064453125,-4.834716796875
0.2485,0.690673828125,6.216064453125,-5.675537109375
0.249,1.411376953125,5.895751953125,-6.396240234375
0.2495,2.572509765625,5.014892578125,-6.836669921875
0.25,3.973876953125,3.693603515625,-7.116943359375
0.2505,5.215087890625,2.252197265625,-7.317138671875
0.251,5.895751953125,0.930908203125,-7.036865234375
0.2515,6.135986328125,0.050048828125,-6.716552734375
0.252,6.055908203125,-1.031005859375,-6.035888671875
0.2525,5.855712890625,-2.192138671875,-4.954833984375
0.253,5.655517578125,-3.593505859375,-3.553466796875
0.2535,5.375244140625,-4.914794921875,-2.232177734375
0.254,4.894775390625,-5.755615234375,-1.071044921875
0.2545,4.334228515625,-6.276123046875,-0.190185546875
0.255,3.373291015625,-6.476318359375,0.930908203125
0.2555,2.052001953125,-6.636474609375,2.332275390625
0.256,0.690673828125,-6.796630859375,3.893798828125
0.2565,-0.470458984375,-6.716552734375,4.894775390625
0.257,-1.271240234375,-6.716552734375,5.735595703125
0.2575,-2.112060546875,-6.276123046875,6.296142578125
0.258,-3.313232421875,-5.275146484375,6.656494140625
0.2585,-4.634521484375,-3.873779296875,6.896728515625
0.259,-5.675537109375,-2.552490234375,6.976806640625
0.2595,-6.196044921875,-1.391357421875,6.656494140625
0.26,-6.356201171875,-0.630615234375,6.296142578125
0.2605,-6.156005859375,0.450439453125,5.575439453125
0.261,-5.915771484375,1.571533203125,4.494384765625
0.2615,-5.755615234375,2.932861328125,3.213134765625
0.262,-5.435302734375,4.134033203125,1.931884765625
0.2625,-5.034912109375,4.854736328125,0.970947265625
0.263,-4.474365234375,5.335205078125,0.050048828125
0.2635,-3.553466796875,5.575439453125,-1.031005859375
0.264,-2.312255859375,5.735595703125,-2.392333984375
0.2645,-0.990966796875,5.975830078125,-3.913818359375
0.265,0.050048828125,5.895751953125,-4.834716796875
0.2655,0.690673828125,5.935791015625,-5.635498046875
0.266,1.571533203125,5.455322265625,-6.156005859375
0.2665,2.852783203125,4.454345703125,-6.556396484375
0.267,4.093994140625,3.213134765625,-6.836669921875
0.2675,5.054931640625,1.931884765625,-6.796630859375
0.268,5.535400390625,0.930908203125,-6.596435546875
0.2685,5.735595703125,0.050048828125,-6.276123046875
0.269,5.655517578125,-0.950927734375,-5.635498046875
0.2695,5.455322265625,-2.112060546875,-4.554443359375
0.27,5.375244140625,-3.553466796875,-3.313232421875
0.2705,5.054931640625,-4.634521484375,-2.112060546875
0.271,4.694580078125,-5.395263671875,-1.191162109375
0.2715,4.053955078125,-5.835693359375,-0.270263671875
0.272,3.093017578125,-6.115966796875,0.970947265625
0.2725,1.971923828125,-6.396240234375,2.292236328125
0.273,0.610595703125,-6.556396484375,3.773681640625
0.2735,-0.310302734375,-6.556396484375,4.734619140625
0.274,-1.031005859375,-6.516357421875,5.455322265625
0.2745,-2.072021484375,-5.915771484375,6.015869140625
0.275,-3.353271484375,-4.794677734375,6.376220703125
0.2755,-4.594482421875,-3.553466796875,6.656494140625
0.276,-5.435302734375,-2.272216796875,6.536376953125
0.2765,-5.795654296875,-1.431396484375,6.376220703125
0.277,-5.915771484375,-0.590576171875,5.855712890625
0.2775,-5.795654296875,0.570556640625,5.094970703125
0.278,-5.715576171875,1.771728515625,4.013916015625
0.2785,-5.515380859375,3.133056640625,2.772705078125
0.279,-5.195068359375,4.093994140625,1.651611328125
0.2795,-4.834716796875,4.734619140625,0.810791015625
0.28,-4.073974609375,5.094970703125,-0.230224609375
0.2805,-2.992919921875,5.415283203125,-1.351318359375
0.281,-1.911865234375,5.615478515625,-2.832763671875
0.2815,-0.790771484375,5.695556640625,-3.993896484375
0.282,0.050048828125,5.815673828125,-4.834716796875
0.2825,0.890869140625,5.615478515625,-5.555419921875
0.283,1.931884765625,4.854736328125,-6.035888671875
0.2835,3.173095703125,3.773681640625,-6.396240234375
0.284,4.334228515625,2.492431640625,-6.556396484375
0.2845,4.974853515625,1.411376953125,-6.396240234375
0.285,5.295166015625,0.610595703125,-6.276123046875
0.2855,5.335205078125,-0.310302734375,-5.755615234375
0.286,5.255126953125,-1.351318359375,-4.874755859375
0.2865,5.135009765625,-2.592529296875,-3.833740234375
0.287,4.974853515625,-3.793701171875,-2.712646484375
0.2875,4.654541015625,-4.634521484375,-1.751708984375
0.288,4.294189453125,-5.235107421875,-0.910888671875
0.2885,3.653564453125,-5.635498046875,0.010009765625
0.289,2.532470703125,-5.915771484375,1.331298828125
0.2895,1.371337890625,-6.196044921875,2.692626953125
0.29,0.450439453125,-6.276123046875,3.773681640625
0.2905,-0.350341796875,-6.356201171875,4.614501953125
0.291,-1.231201171875,-6.115966796875,5.255126953125
0.2915,-2.352294921875,-5.275146484375,5.735595703125
0.292,-3.553466796875,-4.234130859375,6.095947265625
0.2925,-4.514404296875,-3.113037109375,6.216064453125
0.293,-5.155029296875,-2.112060546875,6.135986328125
0.2935,-5.435302734375,-1.351318359375,5.935791015625
0.294,-5.475341796875,-0.550537109375,5.455322265625
0.2945,-5.435302734375,0.610595703125,4.654541015625
0.295,-5.435302734375,1.851806640625,3.653564453125
0.2955,-5.235107421875,2.932861328125,2.572509765625
0.296,-4.994873046875,3.813720703125,1.691650390625
0.2965,-4.434326171875,4.334228515625,0.770751953125
0.297,-3.833740234375,4.734619140625,-0.270263671875
0.2975,-2.872802734375,5.135009765625,-1.471435546875
0.298,-1.831787109375,5.415283203125,-2.752685546875
0.2985,-0.990966796875,5.575439453125,-3.793701171875
0.299,-0.270263671875,5.695556640625,-4.594482421875
0.2995,0.810791015625,5.295166015625,-5.275146484375
0.3,1.971923828125,4.494384765625,-5.755615234375
0.3005,3.213134765625,3.413330078125,-6.115966796875
0.301,4.093994140625,2.292236328125,-6.156005859375
0.3015,4.654541015625,1.451416015625,-6.156005859375
0.302,4.934814453125,0.650634765625,-5.915771484375
0.3025,4.974853515625,-0.310302734375,-5.395263671875
0.303,5.014892578125,-1.431396484375,-4.554443359375
0.3035,4.974853515625,-2.672607421875,-3.553466796875
0.304,4.774658203125,-3.713623046875,-2.552490234375
0.3045,4.654541015625,-4.514404296875,-1.871826171875
0.305,4.013916015625,-4.994873046875,-0.830810546875
0.3055,3.213134765625,-5.435302734375,0.330322265625
0.306,2.252197265625,-5.795654296875,1.571533203125
0.3065,1.251220703125,-5.955810546875,2.812744140625
0.307,0.490478515625,-6.196044921875,3.733642578125
0.3075,-0.390380859375,-6.156005859375,4.534423828125
0.308,-1.431396484375,-5.715576171875,5.135009765625
0.3085,-2.592529296875,-4.794677734375,5.615478515625
0.309,-3.713623046875,-3.753662109375,5.895751953125
0.3095,-4.514404296875,-2.712646484375,5.895751953125
0.31,-4.954833984375,-1.951904296875,5.895751953125
0.3105,-5.155029296875,-1.191162109375,5.615478515625
0.311,-5.195068359375,-0.230224609375,4.974853515625
0.3115,-5.275146484375,0.970947265625,4.174072265625
0.312,-5.195068359375,2.172119140625,3.173095703125
0.3125,-4.954833984375,3.052978515625,2.132080078125
0.313,-4.754638671875,3.813720703125,1.411376953125
0.3135,-4.194091796875,4.294189453125,0.570556640625
0.314,-3.353271484375,4.774658203125,-0.710693359375
0.3145,-2.392333984375,5.135009765625,-1.991943359375
0.315,-1.471435546875,5.375244140625,-3.072998046875
0.3155,-0.790771484375,5.575439453125,-4.033935546875
0.316,0.250244140625,5.415283203125,-4.794677734375
0.3165,1.331298828125,4.774658203125,-5.355224609375
0.317,2.532470703125,3.853759765625,-5.835693359375
0.3175,3.613525390625,2.772705078125,-6.075927734375
0.318,4.294189453125,1.891845703125,-6.115966796875
0.3185,4.694580078125,1.131103515625,-6.035888671875
0.319,4.854736328125,0.290283203125,-5.635498046875
0.3195,4.894775390625,-0.830810546875,-4.914794921875
0.32,4.974853515625,-2.112060546875,-3.953857421875
0.3205,4.734619140625,-3.313232421875,-2.912841796875
0.321,4.614501953125,-4.154052734375,-2.112060546875
0.3215,4.214111328125,-4.794677734375,-1.271240234375
0.322,3.533447265625,-5.155029296875,-0.270263671875
0.3225,2.692626953125,-5.635498046875,1.051025390625
0.323,1.571533203125,-5.915771484375,2.372314453125
0.3235,0.810791015625,-6.115966796875,3.373291015625
0.324,0.050048828125,-6.236083984375,4.214111328125
0.3245,-0.990966796875,-5.915771484375,4.934814453125
0.325,-2.192138671875,-5.074951171875,5.455322265625
0.3255,-3.433349609375,-4.073974609375,5.895751953125
0.326,-4.314208984375,-3.032958984375,5.935791015625
0.3265,-4.874755859375,-2.192138671875,5.935791015625
0.327,-5.155029296875,-1.391357421875,5.735595703125
0.3275,-5.195068359375,-0.510498046875,5.135009765625
0.328,-5.275146484375,0.690673828125,4.414306640625
0.3285,-5.355224609375,1.931884765625,3.453369140625
0.329,-5.074951171875,2.932861328125,2.412353515625
0.3295,-4.834716796875,3.693603515625,1.571533203125
0.33,-4.354248046875,4.254150390625,0.690673828125
0.3305,-3.553466796875,4.654541015625,-0.510498046875
0.331,-2.592529296875,5.135009765625,-1.791748046875
0.3315,-1.631591796875,5.335205078125,-2.912841796875
0.332,-0.910888671875,5.575439453125,-3.873779296875
0.3325,0.050048828125,5.575439453125,-4.714599609375
0.333,1.091064453125,5.014892578125,-5.315185546875
0.3335,2.332275390625,4.093994140625,-5.795654296875
0.334,3.533447265625,2.932861328125,-6.115966796875
0.3345,4.294189453125,1.931884765625,-6.115966796875
0.335,4.734619140625,1.171142578125,-6.075927734375
0.3355,4.934814453125,0.330322265625,-5.715576171875
0.336,4.934814453125,-0.750732421875,-4.994873046875
0.3365,4.854736328125,-2.031982421875,-4.033935546875
0.337,4.894775390625,-3.193115234375,-3.113037109375
0.3375,4.694580078125,-4.154052734375,-2.192138671875
0.338,4.374267578125,-4.794677734375,-1.311279296875
0.3385,3.733642578125,-5.235107421875,-0.350341796875
0.339,2.812744140625,-5.635498046875,0.970947265625
0.3395,1.731689453125,-5.995849609375,2.332275390625
0.34,0.770751953125,-6.115966796875,3.413330078125
0.3405,0.090087890625,-6.316162109375,4.334228515625
0.341,-0.990966796875,-6.075927734375,5.054931640625
0.3415,-2.152099609375,-5.275146484375,5.575439453125
0.342,-3.393310546875,-4.234130859375,6.015869140625
0.3425,-4.434326171875,-3.072998046875,6.135986328125
0.343,-5.074951171875,-2.112060546875,6.095947265625
0.3435,-5.395263671875,-1.351318359375,5.895751953125
0.344,-5.435302734375,-0.470458984375,5.415283203125
0.3445,-5.475341796875,0.770751953125,4.614501953125
0.345,-5.435302734375,2.052001953125,3.453369140625
0.3455,-5.235107421875,3.173095703125,2.332275390625
0.346,-4.994873046875,3.973876953125,1.451416015625
0.3465,-4.474365234375,4.534423828125,0.610595703125
0.347,-3.593505859375,4.894775390625,-0.590576171875
0.3475,-2.592529296875,5.335205078125,-1.951904296875
0.348,-1.471435546875,5.575439453125,-3.273193359375
0.3485,-0.630615234375,5.695556640625,-4.234130859375
0.349,0.250244140625,5.735595703125,-5.074951171875
0.3495,1.291259765625,5.135009765625,-5.635498046875
0.35,2.572509765625,4.134033203125,-6.115966796875
0.3505,3.853759765625,2.972900390625,-6.436279296875
0.351,4.694580078125,1.771728515625,-6.396240234375
0.3515,5.094970703125,0.930908203125,-6.276123046875
0.352,5.255126953125,0.090087890625,-5.875732421875
0.3525,5.255126953125,-0.990966796875,-5.074951171875
0.353,5.175048828125,-2.352294921875,-4.114013671875
0.3535,5.094970703125,-3.713623046875,-2.912841796875
0.354,4.814697265625,-4.634521484375,-1.871826171875
0.3545,4.494384765625,-5.275146484375,-1.031005859375
0.355,3.733642578125,-5.675537109375,0.050048828125
0.3555,2.652587890625,-5.955810546875,1.291259765625
0.356,1.531494140625,-6.316162109375,2.772705078125
0.3565,0.410400390625,-6.396240234375,3.973876953125
0.357,-0.470458984375,-6.476318359375,4.814697265625
0.3575,-1.271240234375,-6.276123046875,5.495361328125
0.358,-2.472412109375,-5.475341796875,6.055908203125
0.3585,-3.833740234375,-4.234130859375,6.416259765625
0.359,-4.994873046875,-2.952880859375,6.616455078125
0.3595,-5.635498046875,-1.831787109375,6.456298828125
0.36,-5.875732421875,-1.031005859375,6.216064453125
0.3605,-5.795654296875,0.050048828125,5.575439453125
0.361,-5.755615234375,1.171142578125,4.534423828125
0.3615,-5.715576171875,2.532470703125,3.373291015625
0.362,-5.475341796875,3.853759765625,2.132080078125
0.3625,-5.114990234375,4.614501953125,1.171142578125
0.363,-4.554443359375,5.135009765625,0.290283203125
0.3635,-3.713623046875,5.415283203125,-0.910888671875
0.364,-2.392333984375,5.695556640625,-2.352294921875
0.3645,-1.151123046875,5.935791015625,-3.833740234375
0.365,-0.150146484375,5.935791015625,-4.874755859375
0.3655,0.610595703125,5.975830078125,-5.635498046875
0.366,1.691650390625,5.415283203125,-6.276123046875
0.3665,3.052978515625,4.294189453125,-6.676513671875
0.367,4.334228515625,2.972900390625,-6.996826171875
0.3675,5.335205078125,1.611572265625,-6.916748046875
0.368,5.735595703125,0.610595703125,-6.676513671875
0.3685,5.895751953125,-0.470458984375,-6.356201171875
0.369,5.735595703125,-1.431396484375,-5.435302734375
0.3695,5.575439453125,-2.792724609375,-4.154052734375
0.37,5.415283203125,-4.194091796875,-2.872802734375
0.3705,5.054931640625,-5.235107421875,-1.631591796875
0.371,4.614501953125,-5.875732421875,-0.710693359375
0.3715,3.853759765625,-6.236083984375,0.330322265625
0.372,2.692626953125,-6.436279296875,1.571533203125
0.3725,1.331298828125,-6.716552734375,3.173095703125
0.373,0.010009765625,-6.716552734375,4.534423828125
0.3735,-0.910888671875,-6.716552734375,5.415283203125
0.374,-1.631591796875,-6.516357421875,6.055908203125
0.3745,-2.792724609375,-5.715576171875,6.536376953125
0.375,-4.154052734375,-4.354248046875,6.896728515625
0.3755,-5.395263671875,-3.032958984375,7.056884765625
0.376,-6.115966796875,-1.711669921875,6.816650390625
0.3765,-6.396240234375,-0.950927734375,6.456298828125
0.377,-6.356201171875,0.170166015625,5.895751953125
0.3775,-6.115966796875,1.291259765625,4.854736328125
0.378,-5.915771484375,2.692626953125,3.573486328125
0.3785,-5.715576171875,4.093994140625,2.212158203125
0.379,-5.275146484375,4.974853515625,1.051025390625
0.3795,-4.674560546875,5.495361328125,0.170166015625
0.38,-3.833740234375,5.735595703125,-0.950927734375
0.3805,-2.552490234375,5.895751953125,-2.312255859375
0.381,-1.231201171875,6.135986328125,-3.873779296875
0.3815,0.090087890625,6.095947265625,-5.034912109375
0.382,0.770751953125,6.055908203125,-5.755615234375
0.3825,1.611572265625,5.735595703125,-6.396240234375
0.383,2.852783203125,4.734619140625,-6.836669921875
0.3835,4.214111328125,3.333251953125,-7.116943359375
0.384,5.335205078125,1.931884765625,-7.197021484375
0.3845,5.775634765625,0.650634765625,-6.836669921875
0.385,6.055908203125,-0.190185546875,-6.516357421875
0.3855,5.935791015625,-1.151123046875,-5.795654296875
0.386,5.735595703125,-2.392333984375,-4.634521484375
0.3865,5.575439453125,-3.793701171875,-3.353271484375
0.387,5.255126953125,-4.994873046875,-2.072021484375
0.3875,4.774658203125,-5.755615234375,-0.990966796875
0.388,4.174072265625,-6.236083984375,0.010009765625
0.3885,3.213134765625,-6.436279296875,1.051025390625
0.389,1.931884765625,-6.596435546875,2.532470703125
0.3895,0.490478515625,-6.756591796875,4.053955078125
0.39,-0.630615234375,-6.716552734375,5.054931640625
0.3905,-1.311279296875,-6.676513671875,5.775634765625
0.391,-2.272216796875,-6.115966796875,6.336181640625
0.3915,-3.553466796875,-4.994873046875,6.696533203125
0.392,-4.834716796875,-3.713623046875,7.016845703125
0.3925,-5.875732421875,-2.352294921875,7.016845703125
0.393,-6.276123046875,-1.311279296875,6.656494140625
0.3935,-6.356201171875,-0.510498046875,6.216064453125
0.394,-6.236083984375,0.610595703125,5.455322265625
0.3945,-6.035888671875,1.931884765625,4.294189453125
0.395,-5.835693359375,3.373291015625,2.892822265625
0.3955,-5.475341796875,4.494384765625,1.651611328125
0.396,-4.994873046875,5.175048828125,0.650634765625
0.3965,-4.314208984375,5.575439453125,-0.350341796875
0.397,-3.233154296875,5.775634765625,-1.551513671875
0.3975,-1.951904296875,6.055908203125,-3.072998046875
0.398,-0.630615234375,6.135986328125,-4.514404296875
0.3985,0.370361328125,6.095947265625,-5.395263671875
0.399,1.091064453125,5.975830078125,-6.115966796875
0.3995,2.212158203125,5.255126953125,-6.596435546875
0.4,3.613525390625,3.973876953125,-6.996826171875
0.4005,4.774658203125,2.532470703125,-7.197021484375
0.401,5.695556640625,1.291259765625,-7.076904296875
0.4015,6.015869140625,0.290283203125,-6.756591796875
0.402,6.015869140625,-0.630615234375,-6.156005859375
0.4025,5.895751953125,-1.791748046875,-5.235107421875
0.403,5.735595703125,-3.193115234375,-3.913818359375
0.4035,5.455322265625,-4.594482421875,-2.552490234375
0.404,5.054931640625,-5.555419921875,-1.351318359375
0.4045,4.494384765625,-6.156005859375,-0.510498046875
0.405,3.653564453125,-6.436279296875,0.650634765625
0.4055,2.372314453125,-6.636474609375,2.052001953125
0.406,0.970947265625,-6.836669921875,3.693603515625
0.4065,-0.310302734375,-6.796630859375,4.854736328125
0.407,-1.151123046875,-6.716552734375,5.655517578125
0.4075,-1.951904296875,-6.396240234375,6.256103515625
0.408,-3.153076171875,-5.435302734375,6.696533203125
0.4085,-4.594482421875,-4.194091796875,6.976806640625
0.409,-5.635498046875,-2.712646484375,7.056884765625
0.4095,-6.196044921875,-1.511474609375,6.696533203125
0.41,-6.396240234375,-0.630615234375,6.376220703125
0.4105,-6.276123046875,0.450439453125,5.695556640625
0.411,-6.035888671875,1.611572265625,4.534423828125
0.4115,-5.875732421875,3.012939453125,3.253173828125
0.412,-5.555419921875,4.214111328125,1.931884765625
0.4125,-5.114990234375,4.974853515625,0.890869140625
0.413,-4.514404296875,5.455322265625,0.010009765625
0.4135,-3.593505859375,5.695556640625,-1.111083984375
0.414,-2.312255859375,5.855712890625,-2.552490234375
0.4145,-0.990966796875,6.095947265625,-3.993896484375
0.415,0.170166015625,5.975830078125,-4.994873046875
0.4155,0.810791015625,6.015869140625,-5.755615234375
0.416,1.731689453125,5.495361328125,-6.316162109375
0.4165,2.892822265625,4.294189453125,-6.716552734375
0.417,4.214111328125,3.173095703125,-6.996826171875
0.4175,5.215087890625,1.811767578125,-6.956787109375
0.418,5.695556640625,0.770751953125,-6.676513671875
0.4185,5.815673828125,0.010009765625,-6.356201171875
0.419,5.735595703125,-1.031005859375,-5.635498046875
0.4195,5.575439453125,-2.272216796875,-4.514404296875
0.42,5.415283203125,-3.673583984375,-3.273193359375
0.4205,5.094970703125,-4.794677734375,-2.031982421875
0.421,4.694580078125,-5.515380859375,-1.111083984375
0.4215,4.093994140625,-5.955810546875,-0.190185546875
0.422,3.093017578125,-6.196044921875,0.970947265625
0.4225,1.931884765625,-6.476318359375,2.412353515625
0.423,0.610595703125,-6.556396484375,3.853759765625
0.4235,-0.430419921875,-6.556396484375,4.814697265625
0.424,-1.111083984375,-6.556396484375,5.495361328125
0.4245,-2.152099609375,-6.115966796875,6.055908203125
0.425,-3.393310546875,-4.914794921875,6.456298828125
0.4255,-4.634521484375,-3.713623046875,6.696533203125
0.426,-5.515380859375,-2.392333984375,6.656494140625
0.4265,-5.915771484375,-1.471435546875,6.456298828125
0.427,-6.035888671875,-0.630615234375,6.015869140625
0.4275,-5.915771484375,0.490478515625,5.255126953125
0.428,-5.795654296875,1.731689453125,4.174072265625
0.4285,-5.635498046875,3.133056640625,2.892822265625
0.429,-5.315185546875,4.134033203125,1.771728515625
0.4295,-4.874755859375,4.814697265625,0.890869140625
0.43,-4.194091796875,5.175048828125,-0.150146484375
0.4305,-3.193115234375,5.415283203125,-1.351318359375
0.431,-2.031982421875,5.775634765625,-2.792724609375
0.4315,-0.830810546875,5.815673828125,-4.033935546875
0.432,0.050048828125,5.895751953125,-4.874755859375
0.4325,0.690673828125,5.695556640625,-5.555419921875
0.433,1.931884765625,5.054931640625,-6.115966796875
0.4335,3.213134765625,3.853759765625,-6.516357421875
0.434,4.374267578125,2.612548828125,-6.716552734375
0.4345,5.094970703125,1.451416015625,-6.556396484375
0.435,5.415283203125,0.650634765625,-6.356201171875
0.4355,5.415283203125,-0.310302734375,-5.875732421875
0.436,5.335205078125,-1.311279296875,-4.994873046875
0.4365,5.255126953125,-2.592529296875,-3.913818359375
0.437,5.094970703125,-3.833740234375,-2.752685546875
0.4375,4.774658203125,-4.714599609375,-1.751708984375
0.438,4.334228515625,-5.315185546875,-0.910888671875
0.4385,3.653564453125,-5.675537109375,0.130126953125
0.439,2.572509765625,-5.955810546875,1.331298828125
0.4395,1.411376953125,-6.236083984375,2.772705078125
0.44,0.370361328125,-6.276123046875,3.853759765625
0.4405,-0.510498046875,-6.436279296875,4.774658203125
0.441,-1.231201171875,-6.156005859375,5.335205078125
0.4415,-2.392333984375,-5.395263671875,5.775634765625
0.442,-3.593505859375,-4.314208984375,6.216064453125
0.4425,-4.634521484375,-3.153076171875,6.336181640625
0.443,-5.235107421875,-2.112060546875,6.216064453125
0.4435,-5.475341796875,-1.351318359375,6.015869140625
0.444,-5.555419921875,-0.510498046875,5.495361328125
0.4445,-5.515380859375,0.610595703125,4.734619140625
0.445,-5.475341796875,1.931884765625,3.693603515625
0.4455,-5.275146484375,3.052978515625,2.572509765625
0.446,-4.994873046875,3.853759765625,1.691650390625
0.4465,-4.554443359375,4.454345703125,0.850830078125
0.447,-3.833740234375,4.814697265625,-0.230224609375
0.4475,-2.912841796875,5.215087890625,-1.471435546875
0.448,-1.791748046875,5.455322265625,-2.792724609375
0.4485,-0.870849609375,5.695556640625,-3.793701171875
0.449,-0.230224609375,5.655517578125,-4.674560546875
0.4495,0.810791015625,5.295166015625,-5.315185546875
0.45,1.971923828125,4.534423828125,-5.795654296875
0.4505,3.173095703125,3.533447265625,-6.196044921875
0.451,4.134033203125,2.372314453125,-6.276123046875
0.4515,4.734619140625,1.491455078125,-6.276123046875
0.452,4.974853515625,0.730712890625,-6.035888671875
0.4525,5.054931640625,-0.270263671875,-5.515380859375
0.453,5.054931640625,-1.351318359375,-4.674560546875
0.4535,5.014892578125,-2.592529296875,-3.633544921875
0.454,4.814697265625,-3.673583984375,-2.592529296875
0.4545,4.614501953125,-4.474365234375,-1.791748046875
0.455,4.093994140625,-4.994873046875,-0.910888671875
0.4555,3.333251953125,-5.395263671875,0.250244140625
0.456,2.372314453125,-5.795654296875,1.491455078125
0.4565,1.371337890625,-5.995849609375,2.692626953125
0.457,0.530517578125,-6.236083984375,3.653564453125
0.4575,-0.310302734375,-6.276123046875,4.494384765625
0.458,-1.311279296875,-5.795654296875,5.094970703125
0.4585,-2.512451171875,-4.954833984375,5.575439453125
0.459,-3.633544921875,-3.873779296875,5.895751953125
0.4595,-4.474365234375,-2.832763671875,5.935791015625
0.46,-4.954833984375,-2.072021484375,5.935791015625
0.4605,-5.155029296875,-1.311279296875,5.655517578125
0.461,-5.195068359375,-0.390380859375,5.094970703125
0.4615,-5.275146484375,0.810791015625,4.334228515625
0.462,-5.195068359375,1.971923828125,3.333251953125
0.4625,-5.034912109375,2.932861328125,2.412353515625
0.463,-4.794677734375,3.693603515625,1.571533203125
0.4635,-4.314208984375,4.214111328125,0.770751953125
0.464,-3.513427734375,4.614501953125,-0.510498046875
0.4645,-2.552490234375,5.094970703125,-1.791748046875
0.465,-1.671630859375,5.255126953125,-2.872802734375
0.4655,-0.990966796875,5.535400390625,-3.793701171875
0.466,0.010009765625,5.495361328125,-4.594482421875
0.4665,1.051025390625,4.974853515625,-5.195068359375
0.467,2.252197265625,4.134033203125,-5.755615234375
0.4675,3.373291015625,3.052978515625,-6.035888671875
0.468,4.134033203125,2.052001953125,-6.115966796875
0.4685,4.574462890625,1.331298828125,-6.075927734375
0.469,4.814697265625,0.530517578125,-5.715576171875
0.4695,4.854736328125,-0.590576171875,-5.074951171875
0.47,4.974853515625,-1.791748046875,-4.194091796875
0.4705,4.854736328125,-2.912841796875,-3.233154296875
0.471,4.694580078125,-3.833740234375,-2.392333984375
0.4715,4.374267578125,-4.514404296875,-1.511474609375
0.472,3.773681640625,-5.034912109375,-0.590576171875
0.4725,2.892822265625,-5.635498046875,0.690673828125
0.473,1.891845703125,-5.915771484375,2.092041015625
0.4735,1.010986328125,-6.115966796875,3.133056640625
0.474,0.290283203125,-6.276123046875,4.053955078125
0.4745,-0.750732421875,-6.035888671875,4.774658203125
0.475,-1.951904296875,-5.275146484375,5.335205078125
0.4755,-3.153076171875,-4.314208984375,5.815673828125
0.476,-4.154052734375,-3.193115234375,5.935791015625
0.4765,-4.794677734375,-2.352294921875,5.975830078125
0.477,-5.114990234375,-1.591552734375,5.775634765625
0.4775,-5.195068359375,-0.710693359375,5.295166015625
0.478,-5.275146484375,0.490478515625,4.534423828125
0.4785,-5.275146484375,1.771728515625,3.533447265625
0.479,-5.155029296875,2.852783203125,2.572509765625
0.4795,-4.914794921875,3.653564453125,1.731689453125
0.48,-4.434326171875,4.174072265625,0.850830078125
0.4805,-3.713623046875,4.494384765625,-0.350341796875
0.481,-2.752685546875,5.094970703125,-1.591552734375
0.4815,-1.751708984375,5.335205078125,-2.832763671875
0.482,-0.990966796875,5.575439453125,-3.833740234375
0.4825,-0.190185546875,5.575439453125,-4.634521484375
0.483,0.970947265625,5.094970703125,-5.275146484375
0.4835,2.212158203125,4.174072265625,-5.755615234375
0.484,3.453369140625,3.052978515625,-6.115966796875
0.4845,4.214111328125,1.971923828125,-6.156005859375
0.485,4.734619140625,1.251220703125,-6.115966796875
0.4855,4.854736328125,0.450439453125,-5.755615234375
0.486,4.934814453125,-0.630615234375,-5.074951171875
0.4865,4.974853515625,-1.871826171875,-4.194091796875
0.487,4.934814453125,-3.072998046875,-3.193115234375
0.4875,4.734619140625,-4.033935546875,-2.192138671875
0.488,4.414306640625,-4.754638671875,-1.391357421875
0.4885,3.693603515625,-5.275146484375,-0.470458984375
0.489,2.852783203125,-5.595458984375,0.770751953125
0.4895,1.851806640625,-5.995849609375,2.212158203125
0.49,0.850830078125,-6.115966796875,3.293212890625
0.4905,0.130126953125,-6.276123046875,4.174072265625
0.491,-0.790771484375,-6.115966796875,4.934814453125
0.4915,-1.951904296875,-5.395263671875,5.455322265625
0.492,-3.193115234375,-4.434326171875,5.895751953125
0.4925,-4.314208984375,-3.233154296875,6.135986328125
0.493,-4.994873046875,-2.232177734375,6.095947265625
0.4935,-5.315185546875,-1.471435546875,5.935791015625
0.494,-5.395263671875,-0.630615234375,5.455322265625
0.4945,-5.395263671875,0.530517578125,4.654541015625
0.495,-5.395263671875,1.851806640625,3.653564453125
0.4955,-5.275146484375,2.972900390625,2.572509765625
0.496,-4.994873046875,3.813720703125,1.651611328125
0.4965,-4.554443359375,4.414306640625,0.890869140625
0.497,-3.793701171875,4.734619140625,-0.310302734375
0.4975,-2.832763671875,5.135009765625,-1.631591796875
0.498,-1.671630859375,5.455322265625,-2.952880859375
0.4985,-0.830810546875,5.615478515625,-3.993896484375
0.499,0.010009765625,5.735595703125,-4.834716796875
0.4995,0.970947265625,5.295166015625,-5.435302734375
0.5,2.252197265625,4.374267578125,-5.955810546875
0.5005,3.533447265625,3.253173828125,-6.396240234375
0.501,4.494384765625,2.052001953125,-6.396240234375
0.5015,4.974853515625,1.171142578125,-6.356201171875
0.502,5.175048828125,0.370361328125,-6.035888671875
0.5025,5.175048828125,-0.670654296875,-5.395263671875
0.503,5.135009765625,-1.911865234375,-4.354248046875
0.5035,5.094970703125,-3.193115234375,-3.233154296875
0.504,4.854736328125,-4.314208984375,-2.192138671875
0.5045,4.534423828125,-4.994873046875,-1.271240234375
0.505,3.933837890625,-5.515380859375,-0.390380859375
0.5055,2.932861328125,-5.795654296875,0.970947265625
0.506,1.811767578125,-6.156005859375,2.332275390625
0.5065,0.690673828125,-6.316162109375,3.613525390625
0.507,-0.190185546875,-6.436279296875,4.534423828125
0.5075,-0.950927734375,-6.356201171875,5.255126953125
0.508,-2.072021484375,-5.715576171875,5.815673828125
0.5085,-3.433349609375,-4.514404296875,6.256103515625
0.509,-4.674560546875,-3.273193359375,6.536376953125
0.5095,-5.435302734375,-2.112060546875,6.416259765625
0.51,-5.755615234375,-1.271240234375,6.256103515625
0.5105,-5.795654296875,-0.390380859375,5.735595703125
0.511,-5.715576171875,0.810791015625,4.814697265625
0.5115,-5.675537109375,2.212158203125,3.653564453125
0.512,-5.515380859375,3.493408203125,2.412353515625
0.5125,-5.155029296875,4.414306640625,1.371337890625
0.513,-4.714599609375,4.934814453125,0.530517578125
0.5135,-3.913818359375,5.335205078125,-0.590576171875
0.514,-2.632568359375,5.575439453125,-2.031982421875
0.5145,-1.391357421875,5.895751953125,-3.553466796875
0.515,-0.350341796875,5.895751953125,-4.634521484375
0.5155,0.450439453125,5.935791015625,-5.435302734375
0.516,1.411376953125,5.495361328125,-6.115966796875
0.5165,2.732666015625,4.494384765625,-6.556396484375
0.517,4.093994140625,3.173095703125,-6.916748046875
0.5175,5.135009765625,1.891845703125,-6.916748046875
0.518,5.655517578125,0.770751953125,-6.716552734375
0.5185,5.775634765625,-0.190185546875,-6.356201171875
0.519,5.695556640625,-1.191162109375,-5.515380859375
0.5195,5.535400390625,-2.552490234375,-4.314208984375
0.52,5.415283203125,-3.953857421875,-2.992919921875
0.5205,5.135009765625,-5.114990234375,-1.871826171875
0.521,4.654541015625,-5.795654296875,-0.830810546875
0.5215,4.013916015625,-6.236083984375,0.050048828125
0.522,2.852783203125,-6.356201171875,1.331298828125
0.5225,1.531494140625,-6.596435546875,2.892822265625
0.523,0.210205078125,-6.716552734375,4.334228515625
0.5235,-0.750732421875,-6.636474609375,5.215087890625
0.524,-1.431396484375,-6.556396484375,5.855712890625
0.5245,-2.552490234375,-5.795654296875,6.376220703125
0.525,-3.873779296875,-4.514404296875,6.736572265625
0.5255,-5.114990234375,-3.233154296875,6.976806640625
0.526,-5.955810546875,-1.951904296875,6.776611328125
0.5265,-6.276123046875,-0.990966796875,6.536376953125
0.527,-6.236083984375,0.010009765625,5.935791015625
0.5275,-6.115966796875,1.010986328125,5.094970703125
0.528,-5.875732421875,2.372314453125,3.773681640625
0.5285,-5.715576171875,3.693603515625,2.412353515625
0.529,-5.275146484375,4.734619140625,1.291259765625
0.5295,-4.874755859375,5.175048828125,0.330322265625
0.53,-3.993896484375,5.615478515625,-0.630615234375
0.5305,-2.792724609375,5.775634765625,-1.951904296875
0.531,-1.551513671875,6.055908203125,-3.473388671875
0.5315,-0.270263671875,6.095947265625,-4.794677734375
0.532,0.570556640625,6.095947265625,-5.555419921875
0.5325,1.331298828125,5.815673828125,-6.196044921875
0.533,2.532470703125,4.974853515625,-6.676513671875
0.5335,3.893798828125,3.653564453125,-7.036865234375
0.534,5.094970703125,2.252197265625,-7.116943359375
0.5345,5.735595703125,1.010986328125,-6.876708984375
0.535,5.975830078125,0.170166015625,-6.596435546875
0.5355,5.895751953125,-0.870849609375,-5.955810546875
0.536,5.735595703125,-2.072021484375,-4.874755859375
0.5365,5.495361328125,-3.513427734375,-3.593505859375
0.537,5.295166015625,-4.794677734375,-2.272216796875
0.5375,4.774658203125,-5.755615234375,-1.191162109375
0.538,4.334228515625,-6.115966796875,-0.310302734375
0.5385,3.413330078125,-6.396240234375,0.810791015625
0.539,2.092041015625,-6.556396484375,2.292236328125
0.5395,0.770751953125,-6.796630859375,3.853759765625
0.54,-0.470458984375,-6.716552734375,4.934814453125
0.5405,-1.151123046875,-6.716552734375,5.655517578125
0.541,-2.072021484375,-6.276123046875,6.256103515625
0.5415,-3.353271484375,-5.155029296875,6.696533203125
0.542,-4.674560546875,-3.833740234375,6.976806640625
0.5425,-5.715576171875,-2.472412109375,6.976806640625
0.543,-6.236083984375,-1.351318359375,6.696533203125
0.5435,-6.356201171875,-0.510498046875,6.336181640625
0.544,-6.276123046875,0.570556640625,5.575439453125
0.5445,-6.035888671875,1.851806640625,4.374267578125
0.545,-5.915771484375,3.253173828125,3.012939453125
0.5455,-5.515380859375,4.534423828125,1.811767578125
0.546,-5.074951171875,5.175048828125,0.730712890625
0.5465,-4.434326171875,5.615478515625,-0.310302734375
0.547,-3.353271484375,5.815673828125,-1.431396484375
0.5475,-2.031982421875,6.055908203125,-2.992919921875
0.548,-0.630615234375,6.176025390625,-4.474365234375
0.5485,0.330322265625,6.135986328125,-5.435302734375
0.549,1.091064453125,6.055908203125,-6.115966796875
0.5495,2.172119140625,5.295166015625,-6.636474609375
0.55,3.573486328125,4.053955078125,-7.036865234375
0.5505,4.814697265625,2.692626953125,-7.237060546875
0.551,5.695556640625,1.331298828125,-7.076904296875
0.5515,6.095947265625,0.330322265625,-6.796630859375
0.552,6.095947265625,-0.670654296875,-6.276123046875
0.5525,5.975830078125,-1.791748046875,-5.395263671875
0.553,5.735595703125,-3.193115234375,-4.033935546875
0.5535,5.615478515625,-4.514404296875,-2.632568359375
0.554,5.094970703125,-5.595458984375,-1.391357421875
0.5545,4.574462890625,-6.156005859375,-0.510498046875
0.555,3.693603515625,-6.476318359375,0.650634765625
0.5555,2.452392578125,-6.676513671875,1.971923828125
0.556,1.010986328125,-6.916748046875,3.573486328125
0.5565,-0.350341796875,-6.836669921875,4.894775390625
0.557,-1.151123046875,-6.756591796875,5.695556640625
0.5575,-1.911865234375,-6.516357421875,6.336181640625
0.558,-3.072998046875,-5.595458984375,6.736572265625
0.5585,-4.514404296875,-4.194091796875,7.056884765625
0.559,-5.635498046875,-2.792724609375,7.096923828125
0.5595,-6.276123046875,-1.551513671875,6.856689453125
0.56,-6.476318359375,-0.630615234375,6.496337890625
0.5605,-6.356201171875,0.370361328125,5.775634765625
0.561,-6.156005859375,1.531494140625,4.694580078125
0.5615,-5.915771484375,3.052978515625,3.413330078125
0.562,-5.635498046875,4.214111328125,2.052001953125
0.5625,-5.195068359375,5.054931640625,0.930908203125
0.563,-4.594482421875,5.535400390625,0.090087890625
0.5635,-3.713623046875,5.735595703125,-1.031005859375
0.564,-2.392333984375,5.895751953125,-2.432373046875
0.5645,-1.071044921875,6.135986328125,-3.953857421875
0.565,0.130126953125,6.055908203125,-5.034912109375
0.5655,0.850830078125,6.015869140625,-5.755615234375
0.566,1.651611328125,5.615478515625,-6.356201171875
0.5665,2.892822265625,4.574462890625,-6.716552734375
0.567,4.174072265625,3.293212890625,-7.036865234375
0.5675,5.255126953125,1.931884765625,-7.036865234375
0.568,5.735595703125,0.810791015625,-6.756591796875
0.5685,5.935791015625,0.010009765625,-6.436279296875
0.569,5.775634765625,-1.031005859375,-5.755615234375
0.5695,5.615478515625,-2.112060546875,-4.594482421875
0.57,5.415283203125,-3.553466796875,-3.353271484375
0.5705,5.094970703125,-4.754638671875,-2.112060546875
0.571,4.734619140625,-5.475341796875,-1.151123046875
0.5715,4.134033203125,-5.955810546875,-0.270263671875
0.572,3.213134765625,-6.236083984375,0.890869140625
0.5725,1.971923828125,-6.436279296875,2.252197265625
0.573,0.690673828125,-6.556396484375,3.733642578125
0.5735,-0.390380859375,-6.556396484375,4.734619140625
0.574,-1.031005859375,-6.596435546875,5.455322265625
0.5745,-1.991943359375,-6.115966796875,6.015869140625
0.575,-3.233154296875,-4.994873046875,6.416259765625
0.5755,-4.514404296875,-3.833740234375,6.696533203125
0.576,-5.435302734375,-2.552490234375,6.696533203125
0.5765,-5.835693359375,-1.591552734375,6.496337890625
0.577,-6.035888671875,-0.790771484375,6.095947265625
0.5775,-5.835693359375,0.330322265625,5.375244140625
0.578,-5.795654296875,1.531494140625,4.334228515625
0.5785,-5.675537109375,2.932861328125,3.052978515625
0.579,-5.395263671875,3.973876953125,1.931884765625
0.5795,-4.994873046875,4.734619140625,1.010986328125
0.58,-4.354248046875,5.175048828125,0.050048828125
0.5805,-3.353271484375,5.415283203125,-1.231201171875
0.581,-2.192138671875,5.775634765625,-2.632568359375
0.5815,-0.990966796875,5.855712890625,-3.953857421875
0.582,-0.150146484375,5.895751953125,-4.834716796875
0.5825,0.690673828125,5.855712890625,-5.635498046875
0.583,1.771728515625,5.175048828125,-6.115966796875
0.5835,3.093017578125,4.053955078125,-6.556396484375
0.584,4.334228515625,2.772705078125,-6.716552734375
0.5845,5.094970703125,1.531494140625,-6.556396484375
0.585,5.415283203125,0.650634765625,-6.436279296875
0.5855,5.615478515625,-0.310302734375,-6.075927734375
0.586,5.415283203125,-1.271240234375,-5.114990234375
0.5865,5.295166015625,-2.552490234375,-4.033935546875
0.587,5.094970703125,-3.833740234375,-2.832763671875
0.5875,4.814697265625,-4.754638671875,-1.791748046875
0.588,4.454345703125,-5.395263671875,-0.950927734375
0.5885,3.693603515625,-5.715576171875,0.090087890625
0.589,2.612548828125,-5.995849609375,1.331298828125
0.5895,1.451416015625,-6.276123046875,2.772705078125
0.59,0.370361328125,-6.316162109375,3.893798828125
0.5905,-0.430419921875,-6.436279296875,4.734619140625
0.591,-1.231201171875,-6.196044921875,5.375244140625
0.5915,-2.312255859375,-5.435302734375,5.855712890625
0.592,-3.553466796875,-4.354248046875,6.256103515625
0.5925,-4.634521484375,-3.233154296875,6.376220703125
0.593,-5.275146484375,-2.152099609375,6.256103515625
0.5935,-5.595458984375,-1.471435546875,5.935791015625
0.594,-5.635498046875,-0.510498046875,5.575439453125
0.5945,-5.515380859375,0.610595703125,4.734619140625
0.595,-5.475341796875,1.891845703125,3.733642578125
0.5955,-5.275146484375,3.012939453125,2.612548828125
0.596,-5.034912109375,3.853759765625,1.691650390625
0.5965,-4.634521484375,4.454345703125,0.890869140625
0.597,-3.913818359375,4.814697265625,-0.190185546875
0.5975,-2.952880859375,5.175048828125,-1.391357421875
0.598,-1.831787109375,5.455322265625,-2.752685546875
0.5985,-0.910888671875,5.615478515625,-3.793701171875
0.599,-0.190185546875,5.735595703125,-4.634521484375
0.5995,0.770751953125,5.455322265625,-5.315185546875
0.6,1.931884765625,4.614501953125,-5.795654296875
0.6005,3.173095703125,3.573486328125,-6.276123046875
0.601,4.134033203125,2.412353515625,-6.356201171875
0.6015,4.654541015625,1.371337890625,-6.396240234375
0.602,5.054931640625,0.770751953125,-6.115966796875
0.6025,5.094970703125,-0.190185546875,-5.635498046875
0.603,5.094970703125,-1.271240234375,-4.834716796875
0.6035,5.094970703125,-2.552490234375,-3.753662109375
0.604,4.854736328125,-3.673583984375,-2.672607421875
0.6045,4.614501953125,-4.474365234375,-1.831787109375
0.605,4.134033203125,-5.034912109375,-0.990966796875
0.6055,3.373291015625,-5.435302734375,0.170166015625
0.606,2.412353515625,-5.835693359375,1.451416015625
0.6065,1.291259765625,-6.035888671875,2.732666015625
0.607,0.530517578125,-6.236083984375,3.733642578125
0.6075,-0.310302734375,-6.276123046875,4.494384765625
0.608,-1.271240234375,-5.875732421875,5.175048828125
0.6085,-2.512451171875,-5.034912109375,5.695556640625
0.609,-3.713623046875,-3.993896484375,6.055908203125
0.6095,-4.634521484375,-2.872802734375,6.135986328125
0.61,-5.034912109375,-2.072021484375,6.055908203125
0.6105,-5.235107421875,-1.271240234375,5.735595703125
0.611,-5.275146484375,-0.390380859375,5.135009765625
0.6115,-5.315185546875,0.810791015625,4.334228515625
0.612,-5.275146484375,2.052001953125,3.333251953125
0.6125,-5.074951171875,3.052978515625,2.332275390625
0.613,-4.834716796875,3.813720703125,1.531494140625
0.6135,-4.314208984375,4.334228515625,0.650634765625
0.614,-3.473388671875,4.654541015625,-0.550537109375
0.6145,-2.592529296875,5.175048828125,-1.831787109375
0.615,-1.591552734375,5.375244140625,-2.952880859375
0.6155,-0.830810546875,5.575439453125,-3.873779296875
0.616,0.050048828125,5.535400390625,-4.714599609375
0.6165,1.131103515625,4.974853515625,-5.315185546875
0.617,2.292236328125,4.093994140625,-5.795654296875
0.6175,3.533447265625,3.093017578125,-6.115966796875
0.618,4.174072265625,2.011962890625,-6.115966796875
0.6185,4.614501953125,1.291259765625,-6.075927734375
0.619,4.814697265625,0.490478515625,-5.755615234375
0.6195,4.854736328125,-0.590576171875,-5.074951171875
0.62,4.974853515625,-1.791748046875,-4.234130859375
0.6205,4.854736328125,-2.952880859375,-3.193115234375
0.621,4.654541015625,-3.873779296875,-2.312255859375
0.6215,4.414306640625,-4.554443359375,-1.511474609375
0.622,3.813720703125,-5.074951171875,-0.590576171875
0.6225,2.932861328125,-5.475341796875,0.690673828125
0.623,1.931884765625,-5.875732421875,2.052001953125
0.6235,1.010986328125,-6.075927734375,3.133056640625
0.624,0.330322265625,-6.276123046875,3.973876953125
0.6245,-0.630615234375,-6.115966796875,4.694580078125
0.625,-1.791748046875,-5.435302734375,5.335205078125
0.6255,-3.072998046875,-4.594482421875,5.695556640625
0.626,-4.033935546875,-3.353271484375,5.935791015625
0.6265,-4.714599609375,-2.472412109375,5.975830078125
0.627,-5.074951171875,-1.671630859375,5.815673828125
0.6275,-5.195068359375,-0.870849609375,5.415283203125
0.628,-5.275146484375,0.290283203125,4.614501953125
0.6285,-5.275146484375,1.571533203125,3.693603515625
0.629,-5.155029296875,2.652587890625,2.732666015625
0.6295,-4.954833984375,3.493408203125,1.931884765625
0.63,-4.514404296875,4.093994140625,1.051025390625
0.6305,-3.833740234375,4.494384765625,0.010009765625
0.631,-3.032958984375,5.014892578125,-1.311279296875
0.6315,-1.951904296875,5.295166015625,-2.592529296875
0.632,-1.151123046875,5.495361328125,-3.553466796875
0.6325,-0.430419921875,5.615478515625,-4.434326171875
0.633,0.690673828125,5.215087890625,-5.114990234375
0.6335,1.811767578125,4.374267578125,-5.595458984375
0.634,3.173095703125,3.333251953125,-6.075927734375
0.6345,4.053955078125,2.252197265625,-6.115966796875
0.635,4.614501953125,1.451416015625,-6.115966796875
0.6355,4.814697265625,0.650634765625,-5.835693359375
0.636,4.854736328125,-0.390380859375,-5.195068359375
0.6365,4.974853515625,-1.551513671875,-4.434326171875
0.637,4.934814453125,-2.792724609375,-3.393310546875
0.6375,4.734619140625,-3.793701171875,-2.432373046875
0.638,4.494384765625,-4.514404296875,-1.631591796875
0.6385,3.933837890625,-4.994873046875,-0.750732421875
0.639,3.093017578125,-5.395263671875,0.490478515625
0.6395,2.092041015625,-5.835693359375,1.851806640625
0.64,1.091064453125,-6.035888671875,3.012939453125
0.6405,0.370361328125,-6.276123046875,3.973876953125
0.641,-0.590576171875,-6.236083984375,4.734619140625
0.6415,-1.631591796875,-5.515380859375,5.375244140625
0.642,-2.912841796875,-4.594482421875,5.815673828125
0.6425,-4.073974609375,-3.473388671875,6.055908203125
0.643,-4.834716796875,-2.472412109375,6.055908203125
0.6435,-5.195068359375,-1.671630859375,5.975830078125
0.644,-5.315185546875,-0.910888671875,5.575439453125
0.6445,-5.315185546875,0.250244140625,4.814697265625
0.645,-5.395263671875,1.491455078125,3.853759765625
0.6455,-5.275146484375,2.692626953125,2.812744140625
0.646,-5.034912109375,3.573486328125,1.891845703125
0.6465,-4.674560546875,4.214111328125,1.051025390625
0.647,-3.993896484375,4.614501953125,0.050048828125
0.6475,-3.032958984375,5.054931640625,-1.311279296875
0.648,-1.951904296875,5.415283203125,-2.712646484375
0.6485,-0.990966796875,5.575439453125,-3.753662109375
0.649,-0.310302734375,5.695556640625,-4.634521484375
0.6495,0.770751953125,5.415283203125,-5.315185546875
0.65,2.011962890625,4.534423828125,-5.835693359375
0.6505,3.293212890625,3.453369140625,-6.276123046875
0.651,4.334228515625,2.252197265625,-6.396240234375
0.6515,4.894775390625,1.291259765625,-6.356201171875
0.652,5.094970703125,0.570556640625,-6.075927734375
0.6525,5.175048828125,-0.510498046875,-5.475341796875
0.653,5.135009765625,-1.671630859375,-4.514404296875
0.6535,5.094970703125,-3.072998046875,-3.393310546875
0.654,4.894775390625,-4.154052734375,-2.312255859375
0.6545,4.614501953125,-4.874755859375,-1.431396484375
0.655,3.973876953125,-5.355224609375,-0.550537109375
0.6555,3.093017578125,-5.715576171875,0.690673828125
0.656,1.931884765625,-6.115966796875,2.132080078125
0.6565,0.890869140625,-6.316162109375,3.373291015625
0.657,0.050048828125,-6.396240234375,4.334228515625
0.6575,-0.750732421875,-6.396240234375,5.014892578125
0.658,-1.871826171875,-5.755615234375,5.695556640625
0.6585,-3.193115234375,-4.674560546875,6.135986328125
0.659,-4.434326171875,-3.473388671875,6.416259765625
0.6595,-5.195068359375,-2.272216796875,6.336181640625
0.66,-5.635498046875,-1.431396484375,6.216064453125
0.6605,-5.715576171875,-0.630615234375,5.735595703125
0.661,-5.635498046875,0.530517578125,4.934814453125
0.6615,-5.595458984375,1.891845703125,3.853759765625
0.662,-5.475341796875,3.173095703125,2.652587890625
0.6625,-5.155029296875,4.134033203125,1.611572265625
0.663,-4.794677734375,4.774658203125,0.770751953125
0.6635,-4.033935546875,5.094970703125,-0.310302734375
0.664,-2.912841796875,5.415283203125,-1.591552734375
0.6645,-1.751708984375,5.735595703125,-3.153076171875
0.665,-0.630615234375,5.775634765625,-4.314208984375
0.6655,0.130126953125,5.775634765625,-5.155029296875
0.666,1.051025390625,5.655517578125,-5.795654296875
0.6665,2.332275390625,4.774658203125,-6.356201171875
0.667,3.693603515625,3.493408203125,-6.756591796875
0.6675,4.854736328125,2.172119140625,-6.876708984375
0.668,5.455322265625,1.010986328125,-6.676513671875
0.6685,5.695556640625,0.250244140625,-6.396240234375
0.669,5.655517578125,-0.870849609375,-5.715576171875
0.6695,5.495361328125,-2.112060546875,-4.634521484375
0.67,5.415283203125,-3.553466796875,-3.353271484375
0.6705,5.175048828125,-4.754638671875,-2.112060546875
0.671,4.774658203125,-5.515380859375,-1.151123046875
0.6715,4.134033203125,-5.995849609375,-0.270263671875
0.672,3.173095703125,-6.276123046875,1.010986328125
0.6725,1.811767578125,-6.556396484375,2.532470703125
0.673,0.530517578125,-6.716552734375,4.053955078125
0.6735,-0.630615234375,-6.716552734375,5.054931640625
0.674,-1.231201171875,-6.596435546875,5.735595703125
0.6745,-2.272216796875,-5.955810546875,6.296142578125
0.675,-3.713623046875,-4.754638671875,6.696533203125
0.6755,-4.994873046875,-3.393310546875,6.976806640625
0.676,-5.915771484375,-2.112060546875,6.896728515625
0.6765,-6.276123046875,-1.071044921875,6.536376953125
0.677,-6.276123046875,-0.230224609375,6.055908203125
0.6775,-6.115966796875,0.930908203125,5.175048828125
0.678,-5.915771484375,2.292236328125,3.893798828125
0.6785,-5.755615234375,3.693603515625,2.532470703125
0.679,-5.395263671875,4.774658203125,1.331298828125
0.6795,-4.834716796875,5.335205078125,0.450439453125
0.68,-4.033935546875,5.615478515625,-0.630615234375
0.6805,-2.872802734375,5.815673828125,-1.951904296875
0.681,-1.551513671875,6.055908203125,-3.553466796875
0.6815,-0.350341796875,6.055908203125,-4.834716796875
0.682,0.650634765625,6.055908203125,-5.635498046875
0.6825,1.411376953125,5.855712890625,-6.276123046875
0.683,2.572509765625,4.974853515625,-6.756591796875
0.6835,3.973876953125,3.653564453125,-7.076904296875
0.684,5.175048828125,2.252197265625,-7.237060546875
0.6845,5.855712890625,0.970947265625,-6.996826171875
0.685,6.055908203125,0.050048828125,-6.676513671875
0.6855,6.015869140625,-0.990966796875,-5.995849609375
0.686,5.775634765625,-2.112060546875,-4.954833984375
0.6865,5.615478515625,-3.513427734375,-3.633544921875
0.687,5.335205078125,-4.834716796875,-2.272216796875
0.6875,4.854736328125,-5.715576171875,-1.151123046875
0.688,4.334228515625,-6.236083984375,-0.230224609375
0.6885,3.413330078125,-6.476318359375,0.930908203125
0.689,2.052001953125,-6.676513671875,2.372314453125
0.6895,0.730712890625,-6.796630859375,3.853759765625
0.69,-0.550537109375,-6.756591796875,5.014892578125
0.6905,-1.231201171875,-6.716552734375,5.735595703125
0.691,-2.072021484375,-6.356201171875,6.296142578125
0.6915,-3.273193359375,-5.315185546875,6.696533203125
0.692,-4.634521484375,-3.953857421875,6.976806640625
0.6925,-5.755615234375,-2.552490234375,7.016845703125
0.693,-6.276123046875,-1.391357421875,6.696533203125
0.6935,-6.396240234375,-0.590576171875,6.376220703125
0.694,-6.276123046875,0.490478515625,5.615478515625
0.6945,-6.035888671875,1.731689453125,4.454345703125
0.695,-5.875732421875,3.093017578125,3.173095703125
0.6955,-5.595458984375,4.334228515625,1.891845703125
0.696,-5.114990234375,5.094970703125,0.890869140625
0.6965,-4.514404296875,5.495361328125,0.010009765625
0.697,-3.553466796875,5.735595703125,-1.191162109375
0.6975,-2.232177734375,5.895751953125,-2.752685546875
0.698,-0.910888671875,6.135986328125,-4.194091796875
0.6985,0.210205078125,6.095947265625,-5.155029296875
0.699,0.890869140625,6.055908203125,-5.915771484375
0.6995,1.891845703125,5.495361328125,-6.436279296875
0.7,3.213134765625,4.334228515625,-6.876708984375
0.7005,4.494384765625,3.052978515625,-7.156982421875
0.701,5.495361328125,1.651611328125,-7.076904296875
0.7015,5.935791015625,0.610595703125,-6.796630859375
0.702,6.015869140625,-0.390380859375,-6.396240234375
0.7025,5.895751953125,-1.351318359375,-5.595458984375
0.703,5.735595703125,-2.712646484375,-4.354248046875
0.7035,5.495361328125,-4.194091796875,-2.952880859375
0.704,5.175048828125,-5.275146484375,-1.711669921875
0.7045,4.654541015625,-5.995849609375,-0.750732421875
0.705,3.933837890625,-6.356201171875,0.290283203125
0.7055,2.732666015625,-6.556396484375,1.571533203125
0.706,1.411376953125,-6.796630859375,3.173095703125
0.7065,0.090087890625,-6.796630859375,4.574462890625
0.707,-0.870849609375,-6.796630859375,5.415283203125
0.7075,-1.591552734375,-6.596435546875,6.095947265625
0.708,-2.752685546875,-5.795654296875,6.576416015625
0.7085,-4.154052734375,-4.514404296875,6.976806640625
0.709,-5.395263671875,-3.153076171875,7.136962890625
0.7095,-6.115966796875,-1.791748046875,6.896728515625
0.71,-6.396240234375,-0.870849609375,6.576416015625
0.7105,-6.396240234375,0.170166015625,5.975830078125
0.711,-6.196044921875,1.291259765625,4.974853515625
0.7115,-6.035888671875,2.732666015625,3.653564453125
0.712,-5.755615234375,4.093994140625,2.252197265625
0.7125,-5.315185546875,4.974853515625,1.091064453125
0.713,-4.754638671875,5.455322265625,0.170166015625
0.7135,-3.833740234375,5.775634765625,-0.990966796875
0.714,-2.552490234375,5.935791015625,-2.392333984375
0.7145,-1.231201171875,6.216064453125,-3.913818359375
0.715,0.090087890625,6.135986328125,-5.114990234375
0.7155,0.810791015625,6.095947265625,-5.875732421875
0.716,1.651611328125,5.735595703125,-6.436279296875
0.7165,2.852783203125,4.734619140625,-6.876708984375
0.717,4.214111328125,3.333251953125,-7.116943359375
0.7175,5.335205078125,1.931884765625,-7.116943359375
0.718,5.855712890625,0.770751953125,-6.836669921875
0.7185,6.015869140625,-0.190185546875,-6.476318359375
0.719,5.895751953125,-1.151123046875,-5.755615234375
0.7195,5.695556640625,-2.312255859375,-4.634521484375
0.72,5.495361328125,-3.713623046875,-3.353271484375
0.7205,5.175048828125,-4.954833984375,-2.072021484375
0.721,4.734619140625,-5.715576171875,-1.031005859375
0.7215,4.134033203125,-6.196044921875,-0.230224609375
0.722,3.213134765625,-6.316162109375,0.970947265625
0.7225,1.931884765625,-6.516357421875,2.412353515625
0.723,0.570556640625,-6.676513671875,3.853759765625
0.7235,-0.550537109375,-6.596435546875,4.854736328125
0.724,-1.231201171875,-6.596435546875,5.575439453125
0.7245,-2.112060546875,-6.115966796875,6.135986328125
0.725,-3.353271484375,-5.034912109375,6.496337890625
0.7255,-4.554443359375,-3.833740234375,6.776611328125
0.726,-5.475341796875,-2.512451171875,6.736572265625
0.7265,-5.995849609375,-1.471435546875,6.536376953125
0.727,-6.115966796875,-0.670654296875,6.135986328125
0.7275,-6.035888671875,0.330322265625,5.455322265625
0.728,-5.795654296875,1.531494140625,4.374267578125
0.7285,-5.755615234375,2.852783203125,3.173095703125
0.729,-5.435302734375,4.013916015625,1.931884765625
0.7295,-5.114990234375,4.654541015625,0.970947265625
0.73,-4.434326171875,5.175048828125,0.130126953125
0.7305,-3.473388671875,5.455322265625,-1.071044921875
0.731,-2.272216796875,5.775634765625,-2.512451171875
0.7315,-1.031005859375,5.895751953125,-3.873779296875
0.732,0.010009765625,5.895751953125,-4.834716796875
0.7325,0.690673828125,5.895751953125,-5.595458984375
0.733,1.731689453125,5.295166015625,-6.156005859375
0.7335,3.052978515625,4.174072265625,-6.556396484375
0.734,4.294189453125,2.932861328125,-6.876708984375
0.7345,5.094970703125,1.691650390625,-6.756591796875
0.735,5.495361328125,0.810791015625,-6.556396484375
0.7355,5.615478515625,-0.150146484375,-6.115966796875
0.736,5.495361328125,-1.191162109375,-5.315185546875
0.7365,5.415283203125,-2.512451171875,-4.194091796875
0.737,5.255126953125,-3.873779296875,-2.992919921875
0.7375,4.934814453125,-4.834716796875,-1.871826171875
0.738,4.534423828125,-5.435302734375,-0.990966796875
0.7385,3.813720703125,-5.795654296875,0.050048828125
0.739,2.732666015625,-6.035888671875,1.291259765625
0.7395,1.571533203125,-6.356201171875,2.732666015625
0.74,0.370361328125,-6.396240234375,3.973876953125
0.7405,-0.470458984375,-6.476318359375,4.814697265625
0.741,-1.271240234375,-6.276123046875,5.455322265625
0.7415,-2.312255859375,-5.595458984375,5.935791015625
0.742,-3.593505859375,-4.434326171875,6.336181640625
0.7425,-4.714599609375,-3.193115234375,6.496337890625
0.743,-5.395263671875,-2.072021484375,6.376220703125
0.7435,-5.675537109375,-1.311279296875,6.135986328125
0.744,-5.715576171875,-0.470458984375,5.615478515625
0.7445,-5.595458984375,0.650634765625,4.774658203125
0.745,-5.555419921875,1.931884765625,3.733642578125
0.7455,-5.355224609375,3.052978515625,2.532470703125
0.746,-5.034912109375,3.973876953125,1.611572265625
0.7465,-4.634521484375,4.574462890625,0.770751953125
0.747,-3.913818359375,4.934814453125,-0.270263671875
0.7475,-2.912841796875,5.255126953125,-1.471435546875
0.748,-1.791748046875,5.575439453125,-2.872802734375
0.7485,-0.790771484375,5.615478515625,-3.913818359375
0.749,0.010009765625,5.735595703125,-4.754638671875
0.7495,0.810791015625,5.495361328125,-5.395263671875
0.75,1.931884765625,4.654541015625,-5.875732421875
0.7505,3.173095703125,3.653564453125,-6.276123046875
0.751,4.214111328125,2.492431640625,-6.396240234375
0.7515,4.814697265625,1.491455078125,-6.356201171875
0.752,5.094970703125,0.690673828125,-6.115966796875
0.7525,5.175048828125,-0.270263671875,-5.635498046875
0.753,5.094970703125,-1.311279296875,-4.834716796875
0.7535,5.054931640625,-2.632568359375,-3.793701171875
0.754,4.894775390625,-3.713623046875,-2.712646484375
0.7545,4.654541015625,-4.514404296875,-1.871826171875
0.755,4.214111328125,-5.074951171875,-0.990966796875
0.7555,3.453369140625,-5.435302734375,0.130126953125
0.756,2.532470703125,-5.795654296875,1.371337890625
0.7565,1.411376953125,-6.075927734375,2.692626953125
0.757,0.570556640625,-6.236083984375,3.693603515625
0.7575,-0.270263671875,-6.316162109375,4.494384765625
0.758,-1.151123046875,-5.955810546875,5.094970703125
0.7585,-2.312255859375,-5.114990234375,5.615478515625
0.759,-3.553466796875,-4.114013671875,6.015869140625
0.7595,-4.474365234375,-2.992919921875,6.055908203125
0.76,-4.994873046875,-2.152099609375,6.055908203125
0.7605,-5.195068359375,-1.431396484375,5.735595703125
0.761,-5.275146484375,-0.550537109375,5.215087890625
0.7615,-5.355224609375,0.610595703125,4.494384765625
0.762,-5.315185546875,1.931884765625,3.493408203125
0.7625,-5.155029296875,2.932861328125,2.492431640625
0.763,-4.874755859375,3.693603515625,1.691650390625
0.7635,-4.394287109375,4.174072265625,0.810791015625
0.764,-3.633544921875,4.614501953125,-0.310302734375
0.7645,-2.752685546875,5.094970703125,-1.591552734375
0.765,-1.791748046875,5.335205078125,-2.792724609375
0.7655,-0.990966796875,5.575439453125,-3.713623046875
0.766,-0.270263671875,5.575439453125,-4.514404296875
0.7665,0.850830078125,5.135009765625,-5.155029296875
0.767,2.052001953125,4.294189453125,-5.715576171875
0.7675,3.253173828125,3.213134765625,-6.035888671875
0.768,4.093994140625,2.212158203125,-6.035888671875
0.7685,4.494384765625,1.411376953125,-6.075927734375
0.769,4.734619140625,0.610595703125,-5.755615234375
0.7695,4.814697265625,-0.430419921875,-5.195068359375
0.77,4.934814453125,-1.511474609375,-4.394287109375
0.7705,4.894775390625,-2.712646484375,-3.393310546875
0.771,4.734619140625,-3.673583984375,-2.552490234375
0.7715,4.494384765625,-4.434326171875,-1.711669921875
0.772,3.933837890625,-4.914794921875,-0.830810546875
0.7725,3.133056640625,-5.355224609375,0.410400390625
0.773,2.172119140625,-5.755615234375,1.771728515625
0.7735,1.211181640625,-5.955810546875,2.852783203125
0.774,0.530517578125,-6.276123046875,3.773681640625
0.7745,-0.430419921875,-6.115966796875,4.534423828125
0.775,-1.551513671875,-5.515380859375,5.135009765625
0.7755,-2.752685546875,-4.634521484375,5.615478515625
0.776,-3.833740234375,-3.593505859375,5.895751953125
0.7765,-4.594482421875,-2.632568359375,5.935791015625
0.777,-4.994873046875,-1.911865234375,5.895751953125
0.7775,-5.155029296875,-1.151123046875,5.495361328125
0.778,-5.195068359375,0.050048828125,4.814697265625
0.7785,-5.275146484375,1.291259765625,3.933837890625
0.779,-5.195068359375,2.412353515625,2.932861328125
0.7795,-4.994873046875,3.293212890625,2.052001953125
0.78,-4.634521484375,3.933837890625,1.251220703125
0.7805,-3.993896484375,4.414306640625,0.290283203125
0.781,-3.153076171875,4.894775390625,-1.071044921875
0.7815,-2.112060546875,5.255126953125,-2.392333984375
0.782,-1.271240234375,5.455322265625,-3.433349609375
0.7825,-0.590576171875,5.615478515625,-4.314208984375
0.783,0.530517578125,5.295166015625,-4.994873046875
0.7835,1.771728515625,4.494384765625,-5.595458984375
0.784,2.972900390625,3.533447265625,-6.035888671875
0.7845,3.933837890625,2.372314453125,-6.115966796875
0.785,4.494384765625,1.531494140625,-6.156005859375
0.7855,4.774658203125,0.730712890625,-5.915771484375
0.786,4.854736328125,-0.230224609375,-5.355224609375
0.7865,4.934814453125,-1.351318359375,-4.554443359375
0.787,4.934814453125,-2.632568359375,-3.553466796875
0.7875,4.774658203125,-3.713623046875,-2.552490234375
0.788,4.534423828125,-4.474365234375,-1.751708984375
0.7885,3.973876953125,-4.994873046875,-0.790771484375
0.789,3.173095703125,-5.395263671875,0.370361328125
0.7895,2.212158203125,-5.795654296875,1.731689453125
0.79,1.211181640625,-6.035888671875,2.932861328125
0.7905,0.450439453125,-6.236083984375,3.853759765625
0.791,-0.470458984375,-6.156005859375,4.614501953125
0.7915,-1.471435546875,-5.635498046875,5.255126953125
0.792,-2.752685546875,-4.674560546875,5.735595703125
0.7925,-3.993896484375,-3.593505859375,6.015869140625
0.793,-4.674560546875,-2.552490234375,6.015869140625
0.7935,-5.114990234375,-1.831787109375,5.935791015625
0.794,-5.275146484375,-0.990966796875,5.575439453125
0.7945,-5.275146484375,0.130126953125,4.854736328125
0.795,-5.315185546875,1.291259765625,3.973876953125
0.7955,-5.275146484375,2.532470703125,2.892822265625
0.796,-4.994873046875,3.493408203125,1.971923828125
0.7965,-4.674560546875,4.134033203125,1.131103515625
0.797,-4.073974609375,4.534423828125,0.250244140625
0.7975,-3.153076171875,4.934814453125,-1.071044921875
0.798,-2.072021484375,5.375244140625,-2.472412109375
0.7985,-1.191162109375,5.495361328125,-3.553466796875
0.799,-0.510498046875,5.695556640625,-4.394287109375
0.7995,0.530517578125,5.455322265625,-5.114990234375
0.8,1.731689453125,4.694580078125,-5.635498046875
0.8005,2.972900390625,3.653564453125,-6.115966796875
0.801,4.093994140625,2.412353515625,-6.356201171875
0.8015,4.694580078125,1.451416015625,-6.276123046875
0.802,5.014892578125,0.730712890625,-6.075927734375
0.8025,5.094970703125,-0.230224609375,-5.595458984375
0.803,5.094970703125,-1.351318359375,-4.674560546875
0.8035,5.094970703125,-2.712646484375,-3.673583984375
0.804,4.934814453125,-3.833740234375,-2.592529296875
0.8045,4.614501953125,-4.634521484375,-1.711669921875
0.805,4.174072265625,-5.155029296875,-0.830810546875
0.8055,3.333251953125,-5.515380859375,0.330322265625
0.806,2.292236328125,-5.915771484375,1.691650390625
0.8065,1.131103515625,-6.156005859375,3.052978515625
0.807,0.290283203125,-6.276123046875,4.053955078125
0.8075,-0.510498046875,-6.356201171875,4.814697265625
0.808,-1.511474609375,-5.875732421875,5.455322265625
0.8085,-2.832763671875,-4.914794921875,5.935791015625
0.809,-4.073974609375,-3.793701171875,6.256103515625
0.8095,-4.994873046875,-2.592529296875,6.256103515625
0.81,-5.435302734375,-1.671630859375,6.135986328125
0.8105,-5.635498046875,-0.870849609375,5.775634765625
0.811,-5.595458984375,0.210205078125,5.094970703125
0.8115,-5.515380859375,1.451416015625,4.093994140625
0.812,-5.475341796875,2.852783203125,2.892822265625
0.8125,-5.195068359375,3.853759765625,1.891845703125
0.813,-4.874755859375,4.494384765625,1.010986328125
0.8135,-4.194091796875,4.934814453125,0.090087890625
0.814,-3.153076171875,5.215087890625,-1.271240234375
0.8145,-2.072021484375,5.655517578125,-2.712646484375
0.815,-0.950927734375,5.775634765625,-3.993896484375
0.8155,-0.150146484375,5.855712890625,-4.834716796875
0.816,0.770751953125,5.735595703125,-5.595458984375
0.8165,1.931884765625,4.934814453125,-6.115966796875
0.817,3.333251953125,3.693603515625,-6.556396484375
0.8175,4.534423828125,2.372314453125,-6.796630859375
0.818,5.255126953125,1.291259765625,-6.596435546875
0.8185,5.535400390625,0.450439453125,-6.396240234375
0.819,5.575439453125,-0.590576171875,-5.755615234375
0.8195,5.455322265625,-1.831787109375,-4.794677734375
0.82,5.415283203125,-3.193115234375,-3.553466796875
0.8205,5.175048828125,-4.514404296875,-2.312255859375
0.821,4.814697265625,-5.315185546875,-1.311279296875
0.8215,4.294189453125,-5.835693359375,-0.470458984375
0.822,3.333251953125,-6.115966796875,0.730712890625
0.8225,2.052001953125,-6.396240234375,2.252197265625
0.823,0.770751953125,-6.636474609375,3.773681640625
0.8235,-0.350341796875,-6.596435546875,4.814697265625
0.824,-1.031005859375,-6.556396484375,5.495361328125
0.8245,-2.072021484375,-6.115966796875,6.095947265625
0.825,-3.353271484375,-4.954833984375,6.536376953125
0.8255,-4.714599609375,-3.673583984375,6.776611328125
0.826,-5.635498046875,-2.312255859375,6.776611328125
0.8265,-6.115966796875,-1.271240234375,6.536376953125
0.827,-6.156005859375,-0.430419921875,6.095947265625
0.8275,-6.075927734375,0.650634765625,5.255126953125
0.828,-5.835693359375,1.971923828125,4.013916015625
0.8285,-5.715576171875,3.413330078125,2.732666015625
0.829,-5.395263671875,4.494384765625,1.531494140625
0.8295,-4.954833984375,5.094970703125,0.610595703125
0.83,-4.194091796875,5.455322265625,-0.390380859375
0.8305,-3.153076171875,5.695556640625,-1.551513671875
0.831,-1.791748046875,5.935791015625,-3.113037109375
0.8315,-0.590576171875,6.055908203125,-4.514404296875
0.832,0.410400390625,6.015869140625,-5.315185546875
0.8325,1.091064453125,5.855712890625,-5.955810546875
0.833,2.212158203125,5.094970703125,-6.476318359375
0.8335,3.533447265625,3.853759765625,-6.876708984375
0.834,4.814697265625,2.532470703125,-7.076904296875
0.8345,5.615478515625,1.251220703125,-6.916748046875
0.835,5.895751953125,0.330322265625,-6.596435546875
0.8355,5.895751953125,-0.670654296875,-6.075927734375
0.836,5.735595703125,-1.751708984375,-5.155029296875
0.8365,5.575439453125,-3.153076171875,-3.873779296875
0.837,5.375244140625,-4.514404296875,-2.552490234375
0.8375,4.974853515625,-5.435302734375,-1.391357421875
0.838,4.494384765625,-5.995849609375,-0.510498046875
0.8385,3.653564453125,-6.276123046875,0.570556640625
0.839,2.412353515625,-6.476318359375,1.931884765625
0.8395,1.051025390625,-6.756591796875,3.493408203125
0.84,-0.270263671875,-6.716552734375,4.734619140625
0.8405,-0.990966796875,-6.716552734375,5.455322265625
0.841,-1.791748046875,-6.436279296875,6.095947265625
0.8415,-3.032958984375,-5.555419921875,6.536376953125
0.842,-4.354248046875,-4.154052734375,6.896728515625
0.8425,-5.475341796875,-2.832763671875,7.016845703125
0.843,-6.115966796875,-1.591552734375,6.696533203125
0.8435,-6.276123046875,-0.790771484375,6.416259765625
0.844,-6.236083984375,0.290283203125,5.735595703125
0.8445,-6.035888671875,1.531494140625,4.614501953125
0.845,-5.875732421875,2.892822265625,3.333251953125
0.8455,-5.635498046875,4.134033203125,1.971923828125
0.846,-5.155029296875,4.974853515625,0.970947265625
0.8465,-4.594482421875,5.455322265625,0.090087890625
0.847,-3.713623046875,5.695556640625,-1.031005859375
0.8475,-2.312255859375,5.895751953125,-2.552490234375
0.848,-1.031005859375,6.135986328125,-4.073974609375
0.8485,0.170166015625,6.055908203125,-5.114990234375
0.849,0.810791015625,6.015869140625,-5.835693359375
0.8495,1.771728515625,5.495361328125,-6.436279296875
0.85,3.133056640625,4.414306640625,-6.876708984375
0.8505,4.454345703125,3.133056640625,-7.116943359375
0.851,5.455322265625,1.731689453125,-7.116943359375
0.8515,5.895751953125,0.610595703125,-6.836669921875
0.852,6.015869140625,-0.310302734375,-6.396240234375
0.8525,5.895751953125,-1.311279296875,-5.595458984375
0.853,5.695556640625,-2.712646484375,-4.354248046875
0.8535,5.535400390625,-4.154052734375,-2.952880859375
0.854,5.175048828125,-5.275146484375,-1.751708984375
0.8545,4.694580078125,-5.955810546875,-0.750732421875
0.855,3.973876953125,-6.356201171875,0.290283203125
0.8555,2.892822265625,-6.556396484375,1.491455078125
0.856,1.491455078125,-6.796630859375,3.052978515625
0.8565,0.130126953125,-6.876708984375,4.494384765625
0.857,-0.910888671875,-6.796630859375,5.415283203125
0.8575,-1.591552734375,-6.716552734375,6.055908203125
0.858,-2.672607421875,-5.875732421875,6.536376953125
0.8585,-4.073974609375,-4.554443359375,6.896728515625
0.859,-5.315185546875,-3.193115234375,7.136962890625
0.8595,-6.115966796875,-1.871826171875,6.976806640625
0.86,-6.436279296875,-0.910888671875,6.656494140625
0.8605,-6.396240234375,0.090087890625,6.055908203125
0.861,-6.236083984375,1.131103515625,5.094970703125
0.8615,-6.035888671875,2.532470703125,3.813720703125
0.862,-5.795654296875,3.973876953125,2.372314453125
0.8625,-5.395263671875,4.934814453125,1.211181640625
0.863,-4.834716796875,5.495361328125,0.250244140625
0.8635,-3.953857421875,5.775634765625,-0.830810546875
0.864,-2.712646484375,5.975830078125,-2.192138671875
0.8645,-1.351318359375,6.216064453125,-3.793701171875
0.865,0.010009765625,6.135986328125,-5.034912109375
0.8655,0.690673828125,6.095947265625,-5.795654296875
0.866,1.531494140625,5.815673828125,-6.396240234375
0.8665,2.732666015625,4.894775390625,-6.836669921875
0.867,4.134033203125,3.493408203125,-7.116943359375
0.8675,5.295166015625,2.092041015625,-7.237060546875
0.868,5.895751953125,0.850830078125,-6.916748046875
0.8685,6.055908203125,0.010009765625,-6.556396484375
0.869,5.935791015625,-0.990966796875,-5.875732421875
0.8695,5.735595703125,-2.232177734375,-4.794677734375
0.87,5.535400390625,-3.633544921875,-3.473388671875
0.8705,5.255126953125,-4.874755859375,-2.112060546875
0.871,4.814697265625,-5.715576171875,-1.031005859375
0.8715,4.214111328125,-6.156005859375,-0.190185546875
0.872,3.333251953125,-6.396240234375,0.930908203125
0.8725,1.971923828125,-6.596435546875,2.372314453125
0.873,0.650634765625,-6.796630859375,3.893798828125
0.8735,-0.550537109375,-6.716552734375,4.854736328125
0.874,-1.191162109375,-6.636474609375,5.615478515625
0.8745,-2.031982421875,-6.156005859375,6.176025390625
0.875,-3.233154296875,-5.155029296875,6.536376953125
0.8755,-4.514404296875,-3.873779296875,6.816650390625
0.876,-5.515380859375,-2.552490234375,6.856689453125
0.8765,-6.075927734375,-1.471435546875,6.536376953125
0.877,-6.156005859375,-0.670654296875,6.216064453125
0.8775,-6.035888671875,0.330322265625,5.495361328125
0.878,-5.835693359375,1.491455078125,4.454345703125
0.8785,-5.715576171875,2.892822265625,3.173095703125
0.879,-5.435302734375,4.013916015625,1.971923828125
0.8795,-5.034912109375,4.774658203125,1.010986328125
0.88,-4.474365234375,5.175048828125,0.170166015625
0.8805,-3.553466796875,5.415283203125,-0.990966796875
0.881,-2.312255859375,5.735595703125,-2.432373046875
0.8815,-1.111083984375,5.895751953125,-3.873779296875
0.882,0.010009765625,5.895751953125,-4.834716796875
0.8825,0.650634765625,5.935791015625,-5.595458984375
0.883,1.611572265625,5.415283203125,-6.115966796875
0.8835,2.892822265625,4.334228515625,-6.556396484375
0.884,4.174072265625,3.093017578125,-6.876708984375
0.8845,5.094970703125,1.851806640625,-6.796630859375
0.885,5.535400390625,0.810791015625,-6.596435546875
0.8855,5.615478515625,0.010009765625,-6.196044921875
0.886,5.575439453125,-1.031005859375,-5.475341796875
0.8865,5.455322265625,-2.312255859375,-4.354248046875
0.887,5.295166015625,-3.713623046875,-3.072998046875
0.8875,4.974853515625,-4.754638671875,-1.951904296875
0.888,4.614501953125,-5.395263671875,-1.111083984375
0.8885,3.893798828125,-5.795654296875,-0.150146484375
0.889,2.892822265625,-6.115966796875,1.131103515625
0.8895,1.651611328125,-6.396240234375,2.572509765625
0.89,0.450439453125,-6.436279296875,3.893798828125
0.8905,-0.470458984375,-6.476318359375,4.774658203125
0.891,-1.151123046875,-6.356201171875,5.415283203125
0.8915,-2.192138671875,-5.715576171875,5.935791015625
0.892,-3.553466796875,-4.554443359375,6.336181640625
0.8925,-4.674560546875,-3.353271484375,6.536376953125
0.893,-5.395263671875,-2.152099609375,6.416259765625
0.8935,-5.715576171875,-1.351318359375,6.216064453125
0.894,-5.755615234375,-0.510498046875,5.735595703125
0.8945,-5.635498046875,0.570556640625,4.854736328125
0.895,-5.595458984375,1.851806640625,3.853759765625
0.8955,-5.435302734375,3.133056640625,2.692626953125
0.896,-5.114990234375,3.973876953125,1.651611328125
0.8965,-4.714599609375,4.534423828125,0.850830078125
0.897,-3.993896484375,4.854736328125,-0.150146484375
0.8975,-2.992919921875,5.135009765625,-1.391357421875
0.898,-1.871826171875,5.575439453125,-2.752685546875
0.8985,-0.790771484375,5.615478515625,-3.873779296875
0.899,0.010009765625,5.735595703125,-4.754638671875
0.8995,0.770751953125,5.535400390625,-5.395263671875
0.9,1.891845703125,4.814697265625,-5.915771484375
0.9005,3.133056640625,3.733642578125,-6.276123046875
0.901,4.214111328125,2.572509765625,-6.436279296875
0.9015,4.814697265625,1.531494140625,-6.356201171875
0.902,5.135009765625,0.770751953125,-6.156005859375
0.9025,5.175048828125,-0.190185546875,-5.715576171875
0.903,5.135009765625,-1.231201171875,-4.874755859375
0.9035,5.094970703125,-2.512451171875,-3.873779296875
0.904,4.974853515625,-3.673583984375,-2.792724609375
0.9045,4.694580078125,-4.474365234375,-1.831787109375
0.905,4.254150390625,-5.114990234375,-1.031005859375
0.9055,3.533447265625,-5.475341796875,0.010009765625
0.906,2.572509765625,-5.795654296875,1.251220703125
0.9065,1.411376953125,-6.115966796875,2.652587890625
0.907,0.490478515625,-6.196044921875,3.693603515625
0.9075,-0.270263671875,-6.356201171875,4.494384765625
0.908,-1.151123046875,-5.995849609375,5.135009765625
0.9085,-2.312255859375,-5.195068359375,5.655517578125
0.909,-3.553466796875,-4.194091796875,6.095947265625
0.9095,-4.514404296875,-3.072998046875,6.176025390625
0.91,-5.074951171875,-2.192138671875,6.095947265625
0.9105,-5.315185546875,-1.431396484375,5.895751953125
0.911,-5.395263671875,-0.590576171875,5.375244140625
0.9115,-5.395263671875,0.610595703125,4.574462890625
0.912,-5.355224609375,1.931884765625,3.533447265625
0.9125,-5.155029296875,2.932861328125,2.492431640625
0.913,-4.914794921875,3.693603515625,1.651611328125
0.9135,-4.474365234375,4.214111328125,0.810791015625
0.914,-3.713623046875,4.654541015625,-0.310302734375
0.9145,-2.752685546875,5.094970703125,-1.591552734375
0.915,-1.711669921875,5.375244140625,-2.872802734375
0.9155,-0.950927734375,5.575439453125,-3.833740234375
0.916,-0.190185546875,5.615478515625,-4.594482421875
0.9165,0.890869140625,5.175048828125,-5.275146484375
0.917,2.092041015625,4.294189453125,-5.755615234375
0.9175,3.333251953125,3.253173828125,-6.115966796875
0.918,4.134033203125,2.212158203125,-6.115966796875
0.9185,4.614501953125,1.411376953125,-6.115966796875
0.919,4.814697265625,0.650634765625,-5.795654296875
0.9195,4.854736328125,-0.390380859375,-5.235107421875
0.92,4.934814453125,-1.551513671875,-4.434326171875
0.9205,4.854736328125,-2.832763671875,-3.393310546875
0.921,4.694580078125,-3.793701171875,-2.432373046875
0.9215,4.454345703125,-4.514404296875,-1.671630859375
0.922,3.893798828125,-4.914794921875,-0.790771484375
0.9225,3.133056640625,-5.315185546875,0.410400390625
0.923,2.172119140625,-5.755615234375,1.731689453125
0.9235,1.171142578125,-5.955810546875,2.852783203125
0.924,0.450439453125,-6.156005859375,3.813720703125
0.9245,-0.430419921875,-6.115966796875,4.534423828125
0.925,-1.471435546875,-5.555419921875,5.135009765625
0.9255,-2.712646484375,-4.674560546875,5.615478515625
0.926,-3.833740234375,-3.633544921875,5.935791015625
0.9265,-4.554443359375,-2.632568359375,5.935791015625
0.927,-4.994873046875,-1.951904296875,5.895751953125
0.9275,-5.114990234375,-1.151123046875,5.535400390625
0.928,-5.155029296875,-0.190185546875,4.894775390625
0.9285,-5.275146484375,1.091064453125,4.053955078125
0.929,-5.195068359375,2.252197265625,3.052978515625
0.9295,-4.994873046875,3.133056640625,2.172119140625
0.93,-4.674560546875,3.853759765625,1.331298828125
0.9305,-4.114013671875,4.334228515625,0.410400390625
0.931,-3.233154296875,4.814697265625,-0.870849609375
0.9315,-2.272216796875,5.175048828125,-2.192138671875
0.932,-1.391357421875,5.415283203125,-3.193115234375
0.9325,-0.710693359375,5.615478515625,-4.114013671875
0.933,0.330322265625,5.375244140625,-4.834716796875
0.9335,1.491455078125,4.654541015625,-5.435302734375
0.934,2.732666015625,3.693603515625,-5.915771484375
0.9345,3.773681640625,2.612548828125,-6.115966796875
0.935,4.414306640625,1.731689453125,-6.115966796875
0.9355,4.734619140625,0.970947265625,-5.915771484375
0.936,4.854736328125,0.130126953125,-5.515380859375
0.9365,4.854736328125,-1.031005859375,-4.754638671875
0.937,4.934814453125,-2.352294921875,-3.793701171875
0.9375,4.774658203125,-3.433349609375,-2.832763671875
0.938,4.614501953125,-4.194091796875,-1.991943359375
0.9385,4.134033203125,-4.754638671875,-1.111083984375
0.939,3.373291015625,-5.155029296875,0.050048828125
0.9395,2.492431640625,-5.715576171875,1.331298828125
0.94,1.411376953125,-5.915771484375,2.572509765625
0.9405,0.650634765625,-6.115966796875,3.533447265625
0.941,-0.150146484375,-6.236083984375,4.374267578125
0.9415,-1.151123046875,-5.795654296875,5.014892578125
0.942,-2.392333984375,-4.914794921875,5.535400390625
0.9425,-3.633544921875,-3.873779296875,5.895751953125
0.943,-4.514404296875,-2.752685546875,5.935791015625
0.9435,-4.954833984375,-2.031982421875,5.935791015625
0.944,-5.155029296875,-1.231201171875,5.615478515625
0.9445,-5.195068359375,-0.310302734375,5.014892578125
0.945,-5.275146484375,0.890869140625,4.214111328125
0.9455,-5.275146484375,2.172119140625,3.173095703125
0.946,-5.074951171875,3.173095703125,2.252197265625
0.9465,-4.794677734375,3.853759765625,1.411376953125
0.947,-4.194091796875,4.334228515625,0.530517578125
0.9475,-3.353271484375,4.734619140625,-0.710693359375
0.948,-2.392333984375,5.215087890625,-2.072021484375
0.9485,-1.391357421875,5.415283203125,-3.233154296875
0.949,-0.670654296875,5.615478515625,-4.154052734375
0.9495,0.250244140625,5.495361328125,-4.874755859375
0.95,1.371337890625,4.854736328125,-5.475341796875
0.9505,2.692626953125,3.853759765625,-5.995849609375
0.951,3.853759765625,2.692626953125,-6.276123046875
0.9515,4.534423828125,1.731689453125,-6.236083984375
0.952,4.894775390625,0.930908203125,-6.115966796875
0.9525,5.014892578125,0.050048828125,-5.635498046875
0.953,4.974853515625,-1.151123046875,-4.794677734375
0.9535,5.054931640625,-2.472412109375,-3.833740234375
0.954,4.934814453125,-3.593505859375,-2.752685546875
0.9545,4.654541015625,-4.434326171875,-1.871826171875
0.955,4.294189453125,-5.034912109375,-1.031005859375
0.9555,3.493408203125,-5.395263671875,0.090087890625
0.956,2.492431640625,-5.755615234375,1.411376953125
0.9565,1.291259765625,-6.115966796875,2.812744140625
0.957,0.450439453125,-6.236083984375,3.853759765625
0.9575,-0.350341796875,-6.316162109375,4.614501953125
0.958,-1.311279296875,-5.915771484375,5.255126953125
0.9585,-2.552490234375,-4.994873046875,5.775634765625
0.959,-3.833740234375,-3.873779296875,6.176025390625
0.9595,-4.834716796875,-2.712646484375,6.256103515625
0.96,-5.315185546875,-1.791748046875,6.135986328125
0.9605,-5.475341796875,-1.071044921875,5.815673828125
0.961,-5.475341796875,0.010009765625,5.175048828125
0.9615,-5.475341796875,1.131103515625,4.214111328125
0.962,-5.435302734375,2.572509765625,3.052978515625
0.9625,-5.195068359375,3.573486328125,2.052001953125
0.963,-4.874755859375,4.294189453125,1.211181640625
0.9635,-4.274169921875,4.694580078125,0.330322265625
0.964,-3.353271484375,5.014892578125,-0.910888671875
0.9645,-2.272216796875,5.415283203125,-2.312255859375
0.965,-1.151123046875,5.615478515625,-3.593505859375
0.9655,-0.390380859375,5.735595703125,-4.514404296875
0.966,0.490478515625,5.695556640625,-5.275146484375
0.9665,1.571533203125,5.094970703125,-5.835693359375
0.967,2.932861328125,3.973876953125,-6.276123046875
0.9675,4.134033203125,2.692626953125,-6.596435546875
0.968,4.974853515625,1.571533203125,-6.516357421875
0.9685,5.295166015625,0.650634765625,-6.356201171875
0.969,5.375244140625,-0.270263671875,-5.915771484375
0.9695,5.335205078125,-1.391357421875,-5.034912109375
0.97,5.295166015625,-2.712646484375,-3.873779296875
0.9705,5.175048828125,-4.033935546875,-2.712646484375
0.971,4.854736328125,-4.954833984375,-1.631591796875
0.9715,4.454345703125,-5.555419921875,-0.790771484375
0.972,3.613525390625,-5.835693359375,0.290283203125
0.9725,2.452392578125,-6.156005859375,1.651611328125
0.973,1.171142578125,-6.476318359375,3.213134765625
0.9735,0.130126953125,-6.516357421875,4.374267578125
0.974,-0.710693359375,-6.556396484375,5.175048828125
0.9745,-1.591552734375,-6.236083984375,5.815673828125
0.975,-2.872802734375,-5.235107421875,6.336181640625
0.9755,-4.274169921875,-3.993896484375,6.696533203125
0.976,-5.435302734375,-2.592529296875,6.776611328125
0.9765,-5.915771484375,-1.551513671875,6.536376953125
0.977,-6.115966796875,-0.710693359375,6.176025390625
0.9775,-6.035888671875,0.330322265625,5.415283203125
0.978,-5.875732421875,1.651611328125,4.294189453125
0.9785,-5.755615234375,3.133056640625,3.012939453125
0.979,-5.475341796875,4.294189453125,1.771728515625
0.9795,-5.034912109375,4.974853515625,0.810791015625
0.98,-4.394287109375,5.415283203125,-0.190185546875
0.9805,-3.313232421875,5.615478515625,-1.311279296875
0.981,-1.951904296875,5.855712890625,-2.912841796875
0.9815,-0.710693359375,6.055908203125,-4.354248046875
0.982,0.290283203125,6.015869140625,-5.275146484375
0.9825,1.010986328125,5.895751953125,-5.955810546875
0.983,2.092041015625,5.215087890625,-6.476318359375
0.9835,3.493408203125,3.973876953125,-6.876708984375
0.984,4.774658203125,2.612548828125,-7.116943359375
0.9845,5.615478515625,1.251220703125,-7.036865234375
0.985,5.935791015625,0.250244140625,-6.716552734375
0.9855,5.935791015625,-0.710693359375,-6.156005859375
0.986,5.735595703125,-1.751708984375,-5.195068359375
0.9865,5.575439453125,-3.153076171875,-3.873779296875
0.987,5.415283203125,-4.554443359375,-2.552490234375
0.9875,4.974853515625,-5.555419921875,-1.311279296875
0.988,4.494384765625,-6.115966796875,-0.470458984375
0.9885,3.653564453125,-6.356201171875,0.610595703125
0.989,2.372314453125,-6.556396484375,1.931884765625
0.9895,1.010986328125,-6.756591796875,3.533447265625
0.99,-0.350341796875,-6.756591796875,4.814697265625
0.9905,-1.151123046875,-6.716552734375,5.575439453125
0.991,-1.831787109375,-6.436279296875,6.135986328125
0.9915,-2.992919921875,-5.555419921875,6.616455078125
0.992,-4.394287109375,-4.194091796875,6.896728515625
0.9925,-5.595458984375,-2.872802734375,7.056884765625
0.993,-6.236083984375,-1.591552734375,6.776611328125
0.9935,-6.396240234375,-0.750732421875,6.416259765625
0.994,-6.316162109375,0.290283203125,5.775634765625
0.9945,-6.115966796875,1.451416015625,4.694580078125
0.995,-5.915771484375,2.852783203125,3.413330078125
0.9955,-5.635498046875,4.134033203125,2.052001953125
0.996,-5.195068359375,5.014892578125,0.970947265625
0.9965,-4.634521484375,5.455322265625,0.130126953125
0.997,-3.713623046875,5.695556640625,-0.990966796875
0.9975,-2.432373046875,5.855712890625,-2.392333984375
0.998,-1.151123046875,6.095947265625,-3.873779296875
0.9985,0.130126953125,6.055908203125,-5.034912109375
0.999,0.810791015625,6.055908203125,-5.755615234375
0.9995,1.651611328125,5.615478515625,-6.356201171875
