wavelength,x,y,z
0.0,0.0050048828125,-3.0780029296875,3.0079345703125
0.0005,0.6055908203125,-3.5184326171875,2.8077392578125
0.001,1.3262939453125,-3.7186279296875,2.3272705078125
0.0015,1.7667236328125,-3.9188232421875,2.0469970703125
0.002,2.2071533203125,-3.5985107421875,1.4464111328125
0.0025,2.6876220703125,-3.5985107421875,0.9659423828125
0.003,2.9678955078125,-3.0379638671875,0.1251220703125
0.0035,3.3282470703125,-2.7176513671875,-0.5155029296875
0.004,3.5684814453125,-2.1170654296875,-1.3162841796875
0.0045,3.5684814453125,-1.6766357421875,-1.7567138671875
0.005,3.5684814453125,-1.0360107421875,-2.3973388671875
0.0055,3.2882080078125,-0.3553466796875,-2.8377685546875
0.006,3.0479736328125,0.3253173828125,-3.2781982421875
0.0065,2.6075439453125,1.0460205078125,-3.5584716796875
0.007,2.1671142578125,1.6466064453125,-3.7987060546875
0.0075,1.3262939453125,2.2071533203125,-3.5584716796875
0.008,0.8057861328125,2.8077392578125,-3.5985107421875
0.0085,0.0050048828125,3.0479736328125,-3.1580810546875
0.009,-0.5955810546875,3.4483642578125,-2.9178466796875
0.0095,-1.3563232421875,3.6485595703125,-2.4373779296875
0.01,-1.7166748046875,3.6885986328125,-2.0369873046875
0.0105,-2.2772216796875,3.5684814453125,-1.4364013671875
0.011,-2.5975341796875,3.2882080078125,-0.7957763671875
0.0115,-2.9578857421875,2.8077392578125,0.0050048828125
0.012,-3.2381591796875,2.3673095703125,0.6856689453125
0.0125,-3.5584716796875,1.8868408203125,1.4464111328125
0.013,-3.3582763671875,1.2462158203125,1.8868408203125
0.0135,-3.4383544921875,0.6856689453125,2.5274658203125
0.014,-2.9979248046875,-0.0350341796875,2.8477783203125
0.0145,-2.7176513671875,-0.7156982421875,3.2882080078125
0.015,-2.1971435546875,-1.4764404296875,3.5284423828125
0.0155,-1.6365966796875,-1.9969482421875,3.5284423828125
0.016,-0.8758544921875,-2.5574951171875,3.3282470703125
0.0165,-0.2752685546875,-3.0780029296875,3.2481689453125
0.017,0.4854736328125,-3.3182373046875,2.7276611328125
0.0175,1.0860595703125,-3.6785888671875,2.4473876953125
0.018,1.8067626953125,-3.8387451171875,2.0469970703125
0.0185,2.0469970703125,-3.5985107421875,1.5665283203125
0.019,2.6075439453125,-3.6385498046875,1.0860595703125
0.0195,2.8477783203125,-3.0780029296875,0.2852783203125
0.02,3.2081298828125,-2.7576904296875,-0.3153076171875
0.0205,3.4083251953125,-2.1971435546875,-1.1160888671875
0.021,3.6085205078125,-1.8367919921875,-1.6365966796875
0.0215,3.3682861328125,-1.1561279296875,-2.1170654296875
0.022,3.4483642578125,-0.6356201171875,-2.6375732421875
0.0225,3.0079345703125,0.1251220703125,-2.9979248046875
0.023,2.7677001953125,0.6856689453125,-3.3983154296875
0.0235,2.2471923828125,1.4864501953125,-3.6785888671875
0.024,1.6065673828125,1.9268798828125,-3.5584716796875
0.0245,0.9659423828125,2.5274658203125,-3.5184326171875
0.025,0.3253173828125,2.8477783203125,-3.1981201171875
0.0255,-0.3153076171875,3.1680908203125,-2.9178466796875
0.026,-0.9158935546875,3.4483642578125,-2.5574951171875
0.0265,-1.4764404296875,3.6485595703125,-2.2772216796875
0.027,-1.7967529296875,3.4083251953125,-1.7166748046875
0.0275,-2.3572998046875,3.4884033203125,-1.2762451171875
0.028,-2.5975341796875,2.8878173828125,-0.4354248046875
0.0285,-2.9979248046875,2.6876220703125,0.1251220703125
0.029,-3.2381591796875,2.0870361328125,0.9659423828125
0.0295,-3.3582763671875,1.7667236328125,1.3663330078125
0.03,-3.2781982421875,1.1260986328125,1.9669189453125
0.0305,-3.1981201171875,0.5655517578125,2.4874267578125
0.031,-2.8778076171875,-0.1951904296875,2.8878173828125
0.0315,-2.5574951171875,-0.8358154296875,3.2481689453125
0.032,-2.0770263671875,-1.5164794921875,3.4884033203125
0.0325,-1.4364013671875,-2.0369873046875,3.2481689453125
0.033,-0.8358154296875,-2.6776123046875,3.4083251953125
0.0335,-0.0750732421875,-2.9578857421875,2.9278564453125
0.034,0.4854736328125,-3.3582763671875,2.8077392578125
0.0345,1.2061767578125,-3.5985107421875,2.4073486328125
0.035,1.5665283203125,-3.7186279296875,2.0870361328125
0.0355,2.0469970703125,-3.5584716796875,1.5264892578125
0.036,2.5274658203125,-3.4783935546875,1.0059814453125
0.0365,2.8477783203125,-2.9178466796875,0.1251220703125
0.037,3.2081298828125,-2.6375732421875,-0.4754638671875
0.0375,3.5284423828125,-2.1170654296875,-1.2362060546875
0.038,3.4884033203125,-1.6365966796875,-1.6766357421875
0.0385,3.5284423828125,-1.0760498046875,-2.3172607421875
0.039,3.2081298828125,-0.3153076171875,-2.7576904296875
0.0395,2.9678955078125,0.3253173828125,-3.1981201171875
0.04,2.5274658203125,1.0860595703125,-3.5184326171875
0.0405,2.0469970703125,1.6065673828125,-3.5985107421875
0.041,1.2862548828125,2.1671142578125,-3.4383544921875
0.0415,0.6856689453125,2.7276611328125,-3.4783935546875
0.042,-0.0350341796875,3.0479736328125,-2.9578857421875
0.0425,-0.6356201171875,3.4083251953125,-2.8377685546875
0.043,-1.3162841796875,3.6485595703125,-2.3973388671875
0.0435,-1.7166748046875,3.5284423828125,-1.9168701171875
0.044,-2.2371826171875,3.4884033203125,-1.3563232421875
0.0445,-2.5574951171875,3.0880126953125,-0.6356201171875
0.045,-2.9178466796875,2.6876220703125,0.0850830078125
0.0455,-3.1981201171875,2.2071533203125,0.8458251953125
0.046,-3.3983154296875,1.7667236328125,1.4864501953125
0.0465,-3.2381591796875,1.1260986328125,1.9268798828125
0.047,-3.2781982421875,0.6055908203125,2.5274658203125
0.0475,-2.8377685546875,-0.1551513671875,2.8477783203125
0.048,-2.5975341796875,-0.8358154296875,3.2481689453125
0.0485,-2.0369873046875,-1.5965576171875,3.5284423828125
0.049,-1.3963623046875,-2.1170654296875,3.4083251953125
0.0495,-0.7156982421875,-2.6776123046875,3.2081298828125
0.05,-0.0350341796875,-3.0780029296875,3.0880126953125
0.0505,0.6456298828125,-3.3182373046875,2.6075439453125
0.051,1.2462158203125,-3.6385498046875,2.3673095703125
0.0515,1.8868408203125,-3.7987060546875,1.9669189453125
0.052,2.2071533203125,-3.5584716796875,1.3663330078125
0.0525,2.6876220703125,-3.5584716796875,0.9259033203125
0.053,2.9278564453125,-2.9178466796875,0.0850830078125
0.0535,3.2882080078125,-2.5975341796875,-0.5555419921875
0.054,3.5284423828125,-2.0369873046875,-1.3563232421875
0.0545,3.5684814453125,-1.5965576171875,-1.8768310546875
0.055,3.3682861328125,-0.9158935546875,-2.3572998046875
0.0555,3.3282470703125,-0.3553466796875,-2.8778076171875
0.056,2.8878173828125,0.4053955078125,-3.1981201171875
0.0565,2.6075439453125,1.0059814453125,-3.5584716796875
0.057,2.0069580078125,1.7667236328125,-3.7186279296875
0.0575,1.2462158203125,2.2471923828125,-3.5584716796875
0.058,0.6456298828125,2.8477783203125,-3.4783935546875
0.0585,-0.0350341796875,3.1280517578125,-3.0780029296875
0.059,-0.7156982421875,3.4483642578125,-2.7176513671875
0.0595,-1.3563232421875,3.6485595703125,-2.3572998046875
0.06,-1.8768310546875,3.7286376953125,-1.9569091796875
0.0605,-2.2371826171875,3.4483642578125,-1.3162841796875
0.061,-2.7176513671875,3.3682861328125,-0.7957763671875
0.0615,-2.9178466796875,2.6876220703125,0.0850830078125
0.062,-3.2781982421875,2.3673095703125,0.7257080078125
0.0625,-3.4783935546875,1.7266845703125,1.5264892578125
0.063,-3.3983154296875,1.2061767578125,1.9669189453125
0.0635,-3.2781982421875,0.5655517578125,2.5274658203125
0.064,-3.0379638671875,-0.0350341796875,2.9278564453125
0.0645,-2.5975341796875,-0.8758544921875,3.2481689453125
0.065,-2.1170654296875,-1.5565185546875,3.5284423828125
0.0655,-1.5965576171875,-2.2371826171875,3.6085205078125
0.066,-0.7957763671875,-2.6375732421875,3.3282470703125
0.0665,-0.1951904296875,-3.1981201171875,3.3282470703125
0.067,0.6456298828125,-3.3983154296875,2.6876220703125
0.0675,1.2462158203125,-3.7186279296875,2.4473876953125
0.068,1.8868408203125,-3.8387451171875,1.9268798828125
0.0685,2.2872314453125,-3.7987060546875,1.4864501953125
0.069,2.6876220703125,-3.4783935546875,0.8458251953125
0.0695,3.0880126953125,-3.1981201171875,0.2452392578125
0.07,3.2882080078125,-2.5574951171875,-0.6356201171875
0.0705,3.5684814453125,-2.1971435546875,-1.2762451171875
0.071,3.6885986328125,-1.5565185546875,-1.9969482421875
0.0715,3.4884033203125,-0.9559326171875,-2.4373779296875
0.072,3.4083251953125,-0.3553466796875,-2.9578857421875
0.0725,2.9278564453125,0.3653564453125,-3.2381591796875
0.073,2.6075439453125,1.0460205078125,-3.5985107421875
0.0735,2.0069580078125,1.7667236328125,-3.7987060546875
0.074,1.3663330078125,2.3673095703125,-3.6785888671875
0.0745,0.6456298828125,2.7677001953125,-3.3983154296875
0.075,0.0450439453125,3.2081298828125,-3.2781982421875
0.0755,-0.7957763671875,3.3682861328125,-2.6375732421875
0.076,-1.3162841796875,3.6885986328125,-2.4373779296875
0.0765,-1.9168701171875,3.7286376953125,-1.9168701171875
0.077,-2.2772216796875,3.5284423828125,-1.3563232421875
0.0775,-2.7176513671875,3.3282470703125,-0.7957763671875
0.078,-2.9578857421875,2.8477783203125,0.0050048828125
0.0785,-3.1981201171875,2.2872314453125,0.7257080078125
0.079,-3.4783935546875,1.8468017578125,1.4063720703125
0.0795,-3.5584716796875,1.3262939453125,1.9669189453125
0.08,-3.2381591796875,0.6456298828125,2.4073486328125
0.0805,-3.2381591796875,0.0450439453125,2.9278564453125
0.081,-2.6375732421875,-0.7557373046875,3.2081298828125
0.0815,-2.3572998046875,-1.3963623046875,3.5284423828125
0.082,-1.6766357421875,-1.9969482421875,3.6085205078125
0.0825,-0.9959716796875,-2.5574951171875,3.4884033203125
0.083,-0.3153076171875,-2.9979248046875,3.2081298828125
0.0835,0.3653564453125,-3.3983154296875,2.9678955078125
0.084,1.1661376953125,-3.5985107421875,2.4073486328125
0.0845,1.6466064453125,-3.8387451171875,2.1671142578125
0.085,2.2471923828125,-3.8787841796875,1.6466064453125
0.0855,2.5675048828125,-3.5985107421875,1.0860595703125
0.086,3.0479736328125,-3.4383544921875,0.4854736328125
0.0865,3.2481689453125,-2.7576904296875,-0.3553466796875
0.087,3.5684814453125,-2.3973388671875,-1.0360107421875
0.0875,3.6885986328125,-1.7967529296875,-1.7567138671875
0.088,3.6885986328125,-1.2762451171875,-2.2772216796875
0.0885,3.3682861328125,-0.5955810546875,-2.7176513671875
0.089,3.2481689453125,0.0050048828125,-3.2381591796875
0.0895,2.6876220703125,0.8458251953125,-3.5584716796875
0.09,2.3272705078125,1.5665283203125,-3.8387451171875
0.0905,1.6065673828125,2.2471923828125,-3.7987060546875
0.091,0.8858642578125,2.6876220703125,-3.5584716796875
0.0915,0.2052001953125,3.1680908203125,-3.3983154296875
0.092,-0.5955810546875,3.4884033203125,-2.9178466796875
0.0925,-1.2762451171875,3.6885986328125,-2.5174560546875
0.093,-1.7967529296875,3.8087158203125,-2.1170654296875
0.0935,-2.3172607421875,3.8087158203125,-1.5965576171875
0.094,-2.6375732421875,3.3682861328125,-0.9158935546875
0.0945,-3.0780029296875,3.2081298828125,-0.2752685546875
0.095,-3.2381591796875,2.4073486328125,0.6456298828125
0.0955,-3.5584716796875,2.0469970703125,1.3262939453125
0.096,-3.5584716796875,1.4063720703125,2.0069580078125
0.0965,-3.4783935546875,0.7657470703125,2.4874267578125
0.097,-3.1981201171875,0.0450439453125,2.9278564453125
0.0975,-2.9178466796875,-0.6756591796875,3.3282470703125
0.098,-2.3172607421875,-1.4764404296875,3.6485595703125
0.0985,-1.7967529296875,-2.0770263671875,3.7286376953125
0.099,-1.1160888671875,-2.7576904296875,3.6885986328125
0.0995,-0.2752685546875,-3.1580810546875,3.3282470703125
0.1,0.3253173828125,-3.5985107421875,3.1680908203125
0.1005,1.2862548828125,-3.7987060546875,2.4874267578125
0.101,1.9268798828125,-4.0389404296875,2.1270751953125
0.1015,2.4073486328125,-3.9188232421875,1.5665283203125
0.102,2.8878173828125,-3.8787841796875,1.0059814453125
0.1025,3.1680908203125,-3.3983154296875,0.2852783203125
0.103,3.5684814453125,-3.0780029296875,-0.3953857421875
0.1035,3.7286376953125,-2.2371826171875,-1.3563232421875
0.104,3.9288330078125,-1.7967529296875,-1.9569091796875
0.1045,3.8487548828125,-1.1160888671875,-2.6375732421875
0.105,3.5684814453125,-0.3953857421875,-3.0780029296875
0.1055,3.2481689453125,0.2452392578125,-3.5184326171875
0.106,2.7276611328125,1.1661376953125,-3.8387451171875
0.1065,2.2071533203125,1.9268798828125,-4.0389404296875
0.107,1.5264892578125,2.4874267578125,-3.9588623046875
0.1075,0.7657470703125,3.1280517578125,-3.8787841796875
0.108,-0.0350341796875,3.4083251953125,-3.3582763671875
0.1085,-0.6756591796875,3.8487548828125,-3.1580810546875
0.109,-1.6766357421875,3.9288330078125,-2.3172607421875
0.1095,-2.1971435546875,4.0889892578125,-1.9569091796875
0.11,-2.6776123046875,3.8487548828125,-1.2762451171875
0.1105,-3.1180419921875,3.6885986328125,-0.6756591796875
0.111,-3.3582763671875,3.1680908203125,0.0050048828125
0.1115,-3.6785888671875,2.6075439453125,0.8458251953125
0.112,-3.8387451171875,1.8468017578125,1.7667236328125
0.1125,-3.8387451171875,1.2862548828125,2.3272705078125
0.113,-3.7186279296875,0.5255126953125,2.9278564453125
0.1135,-3.3582763671875,-0.1551513671875,3.2481689453125
0.114,-3.0780029296875,-0.7957763671875,3.6885986328125
0.1145,-2.3172607421875,-1.7967529296875,3.9288330078125
0.115,-1.7567138671875,-2.4774169921875,4.1290283203125
0.1155,-0.9559326171875,-2.9979248046875,3.8487548828125
0.116,-0.1951904296875,-3.5985107421875,3.6885986328125
0.1165,0.6055908203125,-3.8387451171875,3.1680908203125
0.117,1.3663330078125,-4.1590576171875,2.8077392578125
0.1175,2.3272705078125,-4.2791748046875,1.9669189453125
0.118,2.7677001953125,-4.2391357421875,1.5264892578125
0.1185,3.2882080078125,-4.0389404296875,0.8057861328125
0.119,3.6085205078125,-3.6785888671875,0.1251220703125
0.1195,3.8887939453125,-3.1981201171875,-0.5955810546875
0.12,4.0489501953125,-2.4373779296875,-1.4764404296875
0.1205,4.2091064453125,-1.7567138671875,-2.3973388671875
0.121,4.0089111328125,-1.0360107421875,-2.8778076171875
0.1215,3.8887939453125,-0.3553466796875,-3.5584716796875
0.122,3.3682861328125,0.4854736328125,-3.7186279296875
0.1225,3.0479736328125,1.1260986328125,-4.1190185546875
0.123,2.2471923828125,2.1270751953125,-4.2791748046875
0.1235,1.6065673828125,2.7677001953125,-4.3592529296875
0.124,0.6856689453125,3.2882080078125,-3.9588623046875
0.1245,-0.0350341796875,3.8087158203125,-3.7586669921875
0.125,-0.8358154296875,3.9688720703125,-3.1580810546875
0.1255,-1.6365966796875,4.1690673828125,-2.6776123046875
0.126,-2.5174560546875,4.3292236328125,-1.9569091796875
0.1265,-2.8778076171875,4.0889892578125,-1.3162841796875
0.127,-3.3983154296875,3.9288330078125,-0.6756591796875
0.1275,-3.5584716796875,3.3282470703125,0.0050048828125
0.128,-3.8787841796875,2.8477783203125,0.8057861328125
0.1285,-3.9588623046875,1.9268798828125,1.7667236328125
0.129,-4.1190185546875,1.3262939453125,2.5274658203125
0.1295,-3.7586669921875,0.5655517578125,2.8878173828125
0.13,-3.6785888671875,0.0050048828125,3.4884033203125
0.1305,-3.0780029296875,-0.7957763671875,3.6885986328125
0.131,-2.6375732421875,-1.5164794921875,3.9688720703125
0.1315,-1.8768310546875,-2.4774169921875,4.1690673828125
0.132,-1.1561279296875,-2.9578857421875,4.0089111328125
0.1325,-0.3153076171875,-3.5184326171875,3.7686767578125
0.133,0.4053955078125,-3.8787841796875,3.3682861328125
0.1335,1.1661376953125,-4.0789794921875,2.8878173828125
0.134,1.9669189453125,-4.1990966796875,2.2471923828125
0.1345,2.6876220703125,-4.3592529296875,1.7266845703125
0.135,2.9678955078125,-3.9989013671875,1.0860595703125
0.1355,3.5284423828125,-3.9188232421875,0.5255126953125
0.136,3.6085205078125,-3.2381591796875,-0.2752685546875
0.1365,3.9688720703125,-2.9178466796875,-0.9959716796875
0.137,4.0089111328125,-1.9969482421875,-1.9569091796875
0.1375,4.0889892578125,-1.5565185546875,-2.5174560546875
0.138,3.8087158203125,-0.6356201171875,-3.0379638671875
0.1385,3.6885986328125,-0.0750732421875,-3.5184326171875
0.139,3.1680908203125,0.6856689453125,-3.7186279296875
0.1395,2.6876220703125,1.4063720703125,-4.0389404296875
0.14,2.0469970703125,2.2872314453125,-4.2791748046875
0.1405,1.2862548828125,2.7276611328125,-3.9989013671875
0.141,0.5655517578125,3.4083251953125,-3.9188232421875
0.1415,-0.2752685546875,3.6485595703125,-3.3983154296875
0.142,-0.9559326171875,3.9688720703125,-3.0780029296875
0.1425,-1.7967529296875,4.1290283203125,-2.3973388671875
0.143,-2.4373779296875,4.2091064453125,-1.9569091796875
0.1435,-2.7576904296875,3.8487548828125,-1.1961669921875
0.144,-3.3182373046875,3.8087158203125,-0.6356201171875
0.1445,-3.4783935546875,3.0479736328125,0.2052001953125
0.145,-3.8387451171875,2.6075439453125,0.9659423828125
0.1455,-3.9989013671875,1.7667236328125,1.9268798828125
0.146,-3.9188232421875,1.2462158203125,2.4874267578125
0.1465,-3.7186279296875,0.4454345703125,3.0479736328125
0.147,-3.4383544921875,-0.1951904296875,3.4884033203125
0.1475,-2.9178466796875,-0.9959716796875,3.8087158203125
0.148,-2.3572998046875,-1.8367919921875,4.0089111328125
0.1485,-1.6766357421875,-2.6375732421875,4.2091064453125
0.149,-0.7957763671875,-3.0780029296875,3.7686767578125
0.1495,-0.0750732421875,-3.7186279296875,3.7686767578125
0.15,0.8057861328125,-3.8787841796875,3.0479736328125
0.1505,1.5264892578125,-4.2391357421875,2.6876220703125
0.151,2.4073486328125,-4.3192138671875,1.9268798828125
0.1515,2.8878173828125,-4.2391357421875,1.4063720703125
0.152,3.2882080078125,-3.8787841796875,0.6456298828125
0.1525,3.6885986328125,-3.7186279296875,0.0450439453125
0.153,3.8487548828125,-2.9178466796875,-0.7957763671875
0.1535,4.0089111328125,-2.4373779296875,-1.5565185546875
0.154,4.2091064453125,-1.5565185546875,-2.4774169921875
0.1545,3.8887939453125,-0.9158935546875,-2.8778076171875
0.155,3.8087158203125,-0.1951904296875,-3.4783935546875
0.1555,3.2882080078125,0.5655517578125,-3.7586669921875
0.156,2.8477783203125,1.2862548828125,-4.0789794921875
0.1565,2.1671142578125,2.1270751953125,-4.1990966796875
0.157,1.5264892578125,2.8077392578125,-4.2791748046875
0.1575,0.6055908203125,3.2081298828125,-3.7987060546875
0.158,-0.0350341796875,3.7686767578125,-3.7186279296875
0.1585,-0.9559326171875,3.8487548828125,-2.9578857421875
0.159,-1.5965576171875,4.1290283203125,-2.5975341796875
0.1595,-2.4373779296875,4.2091064453125,-1.9168701171875
0.16,-2.8377685546875,3.9688720703125,-1.3162841796875
0.1605,-3.2381591796875,3.7686767578125,-0.6756591796875
0.161,-3.5184326171875,3.2481689453125,0.0050048828125
0.1615,-3.7586669921875,2.6075439453125,0.8458251953125
0.162,-3.8787841796875,2.0469970703125,1.6065673828125
0.1625,-4.0389404296875,1.3663330078125,2.4874267578125
0.163,-3.5985107421875,0.6055908203125,2.8077392578125
0.1635,-3.6385498046875,0.0050048828125,3.4483642578125
0.164,-2.9578857421875,-0.7957763671875,3.6085205078125
0.1645,-2.5574951171875,-1.4764404296875,3.9688720703125
0.165,-1.8367919921875,-2.3572998046875,4.0889892578125
0.1655,-1.1561279296875,-2.8778076171875,3.9288330078125
0.166,-0.3153076171875,-3.3582763671875,3.5684814453125
0.1665,0.3253173828125,-3.7987060546875,3.3682861328125
0.167,1.2462158203125,-3.9188232421875,2.6876220703125
0.1675,1.8067626953125,-4.1190185546875,2.2872314453125
0.168,2.5675048828125,-4.2391357421875,1.7266845703125
0.1685,2.8477783203125,-3.8787841796875,1.0860595703125
0.169,3.3682861328125,-3.8387451171875,0.5255126953125
0.1695,3.5284423828125,-3.1981201171875,-0.2752685546875
0.17,3.8087158203125,-2.7176513671875,-0.9959716796875
0.1705,3.8887939453125,-1.9569091796875,-1.7967529296875
0.171,4.0089111328125,-1.4364013671875,-2.4373779296875
0.1715,3.6485595703125,-0.6356201171875,-2.8377685546875
0.172,3.6485595703125,-0.1551513671875,-3.3582763671875
0.1725,3.0079345703125,0.6856689453125,-3.5985107421875
0.173,2.6475830078125,1.3262939453125,-3.9188232421875
0.1735,1.9669189453125,2.2071533203125,-4.1190185546875
0.174,1.2061767578125,2.6475830078125,-3.8387451171875
0.1745,0.5255126953125,3.2081298828125,-3.7186279296875
0.175,-0.1951904296875,3.5284423828125,-3.3182373046875
0.1755,-0.9559326171875,3.7686767578125,-2.8778076171875
0.176,-1.5965576171875,3.9288330078125,-2.4373779296875
0.1765,-2.2371826171875,4.0089111328125,-1.9569091796875
0.177,-2.5574951171875,3.6485595703125,-1.2362060546875
0.1775,-3.1580810546875,3.6085205078125,-0.7156982421875
0.178,-3.2381591796875,2.8477783203125,0.2052001953125
0.1785,-3.5985107421875,2.5274658203125,0.8458251953125
0.179,-3.7186279296875,1.8067626953125,1.7266845703125
0.1795,-3.7186279296875,1.2862548828125,2.2071533203125
0.18,-3.4783935546875,0.5255126953125,2.7276611328125
0.1805,-3.2781982421875,-0.0350341796875,3.1680908203125
0.181,-2.7176513671875,-0.9158935546875,3.4884033203125
0.1815,-2.3172607421875,-1.5565185546875,3.7686767578125
0.182,-1.6766357421875,-2.2772216796875,3.8887939453125
0.1825,-0.8358154296875,-2.7576904296875,3.5284423828125
0.183,-0.2752685546875,-3.3182373046875,3.5284423828125
0.1835,0.6055908203125,-3.5584716796875,2.8878173828125
0.184,1.2061767578125,-3.8387451171875,2.6075439453125
0.1845,1.8868408203125,-3.9989013671875,2.0870361328125
0.185,2.3673095703125,-3.9989013671875,1.6466064453125
0.1855,2.6876220703125,-3.6785888671875,0.9259033203125
0.186,3.1680908203125,-3.5184326171875,0.4454345703125
0.1865,3.3282470703125,-2.7977294921875,-0.4354248046875
0.187,3.6485595703125,-2.4373779296875,-1.0360107421875
0.1875,3.8087158203125,-1.7967529296875,-1.9168701171875
0.188,3.6485595703125,-1.2362060546875,-2.2772216796875
0.1885,3.5684814453125,-0.5955810546875,-2.8778076171875
0.189,3.2081298828125,0.0850830078125,-3.1981201171875
0.1895,2.8477783203125,0.7657470703125,-3.5584716796875
0.19,2.3673095703125,1.4864501953125,-3.7987060546875
0.1905,1.8067626953125,2.0870361328125,-3.8387451171875
0.191,0.9659423828125,2.5675048828125,-3.5184326171875
0.1915,0.4454345703125,3.1280517578125,-3.5584716796875
0.192,-0.3553466796875,3.3282470703125,-2.9178466796875
0.1925,-0.9158935546875,3.6485595703125,-2.7576904296875
0.193,-1.6365966796875,3.7686767578125,-2.2772216796875
0.1935,-1.9969482421875,3.6485595703125,-1.8367919921875
0.194,-2.5174560546875,3.5284423828125,-1.1561279296875
0.1945,-2.8377685546875,3.1680908203125,-0.5155029296875
0.195,-3.1580810546875,2.6475830078125,0.2852783203125
0.1955,-3.3983154296875,2.2471923828125,0.9659423828125
0.196,-3.5985107421875,1.7266845703125,1.6466064453125
0.1965,-3.3582763671875,1.0860595703125,2.0870361328125
0.197,-3.4783935546875,0.5255126953125,2.7276611328125
0.1975,-2.9178466796875,-0.2752685546875,3.0479736328125
0.198,-2.6776123046875,-0.9559326171875,3.4483642578125
0.1985,-2.0770263671875,-1.6766357421875,3.6485595703125
0.199,-1.4764404296875,-2.2371826171875,3.6085205078125
0.1995,-0.7156982421875,-2.7576904296875,3.3682861328125
0.2,-0.0750732421875,-3.2381591796875,3.2481689453125
0.2005,0.7257080078125,-3.5584716796875,2.6876220703125
0.201,1.2862548828125,-3.8387451171875,2.4874267578125
0.2015,1.9268798828125,-3.9588623046875,1.9669189453125
0.202,2.2872314453125,-3.7186279296875,1.4063720703125
0.2025,2.8477783203125,-3.6385498046875,0.8458251953125
0.203,3.1280517578125,-3.0780029296875,0.0450439453125
0.2035,3.4483642578125,-2.6776123046875,-0.6356201171875
0.204,3.6485595703125,-2.1170654296875,-1.3963623046875
0.2045,3.7286376953125,-1.5965576171875,-1.9569091796875
0.205,3.4884033203125,-0.8358154296875,-2.4774169921875
0.2055,3.4483642578125,-0.3153076171875,-3.0379638671875
0.206,2.8477783203125,0.5255126953125,-3.2781982421875
0.2065,2.5675048828125,1.1661376953125,-3.6785888671875
0.207,1.9669189453125,1.9268798828125,-3.7987060546875
0.2075,1.2462158203125,2.4073486328125,-3.5584716796875
0.208,0.6055908203125,2.8878173828125,-3.4783935546875
0.2085,-0.1151123046875,3.2081298828125,-3.1180419921875
0.209,-0.8358154296875,3.4884033203125,-2.6776123046875
0.2095,-1.3563232421875,3.6885986328125,-2.3973388671875
0.21,-1.9569091796875,3.7286376953125,-1.9168701171875
0.2105,-2.2772216796875,3.4083251953125,-1.2762451171875
0.211,-2.7576904296875,3.3682861328125,-0.7156982421875
0.2115,-2.9578857421875,2.6475830078125,0.1251220703125
0.212,-3.2781982421875,2.3673095703125,0.7257080078125
0.2125,-3.4383544921875,1.7667236328125,1.5264892578125
0.213,-3.3983154296875,1.2862548828125,1.9268798828125
0.2135,-3.2381591796875,0.6055908203125,2.4874267578125
0.214,-3.0780029296875,0.0050048828125,2.8878173828125
0.2145,-2.5975341796875,-0.7957763671875,3.2081298828125
0.215,-2.2371826171875,-1.3963623046875,3.5284423828125
0.2155,-1.6365966796875,-2.0770263671875,3.5684814453125
0.216,-0.9158935546875,-2.5174560546875,3.3282470703125
0.2165,-0.3153076171875,-3.0780029296875,3.3282470703125
0.217,0.4854736328125,-3.3582763671875,2.7677001953125
0.2175,1.0460205078125,-3.6785888671875,2.5274658203125
0.218,1.6466064453125,-3.7987060546875,2.0870361328125
0.2185,2.0469970703125,-3.7987060546875,1.7266845703125
0.219,2.4874267578125,-3.4783935546875,1.0860595703125
0.2195,2.9278564453125,-3.3582763671875,0.4854736328125
0.22,3.1280517578125,-2.6776123046875,-0.3553466796875
0.2205,3.5284423828125,-2.4373779296875,-0.9559326171875
0.221,3.6485595703125,-1.7967529296875,-1.6766357421875
0.2215,3.5284423828125,-1.2762451171875,-2.1170654296875
0.222,3.4483642578125,-0.6356201171875,-2.7176513671875
0.2225,3.1280517578125,0.0450439453125,-3.0780029296875
0.223,2.8077392578125,0.7657470703125,-3.4783935546875
0.2235,2.2872314453125,1.4464111328125,-3.6785888671875
0.224,1.6866455078125,2.0469970703125,-3.7186279296875
0.2245,0.9259033203125,2.5675048828125,-3.3983154296875
0.225,0.3653564453125,3.0479736328125,-3.4383544921875
0.2255,-0.5955810546875,3.2481689453125,-2.7576904296875
0.226,-0.9959716796875,3.6085205078125,-2.6776123046875
0.2265,-1.5965576171875,3.6885986328125,-2.1571044921875
0.227,-1.9969482421875,3.5684814453125,-1.6766357421875
0.2275,-2.4774169921875,3.3682861328125,-1.0360107421875
0.228,-2.8377685546875,3.0079345703125,-0.3153076171875
0.2285,-3.1580810546875,2.4473876953125,0.4854736328125
0.229,-3.3983154296875,2.0870361328125,1.1260986328125
0.2295,-3.5184326171875,1.5264892578125,1.7667236328125
0.23,-3.2381591796875,0.8858642578125,2.2071533203125
0.2305,-3.2781982421875,0.2852783203125,2.8077392578125
0.231,-2.7176513671875,-0.5155029296875,3.0880126953125
0.2315,-2.4373779296875,-1.1561279296875,3.4483642578125
0.232,-1.7967529296875,-1.7967529296875,3.4884033203125
0.2325,-1.1961669921875,-2.3572998046875,3.4884033203125
0.233,-0.4754638671875,-2.8377685546875,3.1680908203125
0.2335,0.0050048828125,-3.3182373046875,3.0880126953125
0.234,0.9659423828125,-3.4783935546875,2.4874267578125
0.2345,1.4063720703125,-3.7186279296875,2.2872314453125
0.235,1.9669189453125,-3.7186279296875,1.7667236328125
0.2355,2.2872314453125,-3.5584716796875,1.2462158203125
0.236,2.8077392578125,-3.3582763671875,0.6456298828125
0.2365,3.0479736328125,-2.7576904296875,-0.1151123046875
0.237,3.3282470703125,-2.4774169921875,-0.7557373046875
0.2375,3.4884033203125,-1.9569091796875,-1.4364013671875
0.238,3.5684814453125,-1.4764404296875,-1.9569091796875
0.2385,3.2882080078125,-0.7957763671875,-2.3973388671875
0.239,3.2481689453125,-0.2752685546875,-2.8778076171875
0.2395,2.7276611328125,0.5655517578125,-3.1981201171875
0.24,2.4874267578125,1.1260986328125,-3.5584716796875
0.2405,1.8868408203125,1.8067626953125,-3.5584716796875
0.241,1.2061767578125,2.2471923828125,-3.4783935546875
0.2415,0.4854736328125,2.6876220703125,-3.2381591796875
0.242,-0.0750732421875,3.0479736328125,-2.9979248046875
0.2425,-0.6756591796875,3.3282470703125,-2.7176513671875
0.243,-1.1561279296875,3.5284423828125,-2.4373779296875
0.2435,-1.6766357421875,3.6085205078125,-1.9969482421875
0.244,-2.0369873046875,3.3282470703125,-1.3963623046875
0.2445,-2.5574951171875,3.2481689453125,-0.8358154296875
0.245,-2.7977294921875,2.5675048828125,0.0050048828125
0.2455,-3.1981201171875,2.4073486328125,0.6055908203125
0.246,-3.2781982421875,1.8468017578125,1.2462158203125
0.2465,-3.3582763671875,1.4063720703125,1.7266845703125
0.247,-3.1981201171875,0.6856689453125,2.2872314453125
0.2475,-3.0379638671875,0.0850830078125,2.7677001953125
0.248,-2.6375732421875,-0.6356201171875,3.1280517578125
0.2485,-2.2772216796875,-1.2362060546875,3.4884033203125
0.249,-1.6766357421875,-1.9569091796875,3.4483642578125
0.2495,-0.9959716796875,-2.4373779296875,3.1680908203125
0.25,-0.3953857421875,-2.9178466796875,3.2481689453125
0.2505,0.4053955078125,-3.1981201171875,2.7276611328125
0.251,0.9259033203125,-3.5985107421875,2.6075439453125
0.2515,1.4464111328125,-3.6785888671875,2.1671142578125
0.252,1.9268798828125,-3.7186279296875,1.8067626953125
0.2525,2.3673095703125,-3.3983154296875,1.0860595703125
0.253,2.8477783203125,-3.2381591796875,0.4854736328125
0.2535,3.1280517578125,-2.6375732421875,-0.3553466796875
0.254,3.4884033203125,-2.3973388671875,-0.9959716796875
0.2545,3.5284423828125,-1.7967529296875,-1.6365966796875
0.255,3.4483642578125,-1.2362060546875,-2.1170654296875
0.2555,3.3682861328125,-0.5555419921875,-2.7176513671875
0.256,3.0079345703125,0.2052001953125,-3.1180419921875
0.2565,2.7677001953125,0.9659423828125,-3.4783935546875
0.257,2.1270751953125,1.4464111328125,-3.5584716796875
0.2575,1.5264892578125,2.1270751953125,-3.5985107421875
0.258,0.7257080078125,2.6075439453125,-3.3582763671875
0.2585,0.1251220703125,3.0880126953125,-3.2381591796875
0.259,-0.6356201171875,3.3282470703125,-2.6776123046875
0.2595,-1.1561279296875,3.6085205078125,-2.5174560546875
0.26,-1.7166748046875,3.5684814453125,-1.9569091796875
0.2605,-2.1170654296875,3.4884033203125,-1.4764404296875
0.261,-2.5574951171875,3.2081298828125,-0.7957763671875
0.2615,-2.8778076171875,2.8077392578125,-0.0350341796875
0.262,-3.1580810546875,2.2471923828125,0.6856689453125
0.2625,-3.3582763671875,1.8468017578125,1.2862548828125
0.263,-3.3983154296875,1.2862548828125,1.9268798828125
0.2635,-3.1981201171875,0.6055908203125,2.3673095703125
0.264,-3.0780029296875,0.0050048828125,2.8477783203125
0.2645,-2.3973388671875,-0.7156982421875,3.1280517578125
0.265,-2.1971435546875,-1.4364013671875,3.4884033203125
0.2655,-1.5565185546875,-2.0369873046875,3.4083251953125
0.266,-0.9158935546875,-2.5574951171875,3.3282470703125
0.2665,-0.1951904296875,-2.9178466796875,3.0479736328125
0.267,0.4454345703125,-3.2781982421875,2.8077392578125
0.2675,1.2061767578125,-3.5584716796875,2.3272705078125
0.268,1.6065673828125,-3.7186279296875,2.0870361328125
0.2685,2.1671142578125,-3.7186279296875,1.5665283203125
0.269,2.4874267578125,-3.4383544921875,1.0059814453125
0.2695,2.9278564453125,-3.1981201171875,0.3653564453125
0.27,3.1680908203125,-2.5975341796875,-0.4754638671875
0.2705,3.4884033203125,-2.2772216796875,-1.0760498046875
0.271,3.4884033203125,-1.6766357421875,-1.6365966796875
0.2715,3.5284423828125,-1.1961669921875,-2.1971435546875
0.272,3.2481689453125,-0.5155029296875,-2.6375732421875
0.2725,3.2481689453125,0.1251220703125,-3.1580810546875
0.273,2.5675048828125,0.8858642578125,-3.3983154296875
0.2735,2.2471923828125,1.4464111328125,-3.6785888671875
0.274,1.5264892578125,2.1671142578125,-3.5584716796875
0.2745,0.8858642578125,2.6075439453125,-3.4783935546875
0.275,0.2052001953125,3.0479736328125,-3.2381591796875
0.2755,-0.5155029296875,3.3282470703125,-2.8377685546875
0.276,-1.1561279296875,3.6085205078125,-2.5174560546875
0.2765,-1.5965576171875,3.6085205078125,-2.1170654296875
0.277,-2.1571044921875,3.6885986328125,-1.5965576171875
0.2775,-2.4774169921875,3.2481689453125,-0.9158935546875
0.278,-2.9578857421875,3.0479736328125,-0.2752685546875
0.2785,-3.1580810546875,2.3272705078125,0.6055908203125
0.279,-3.5184326171875,2.0069580078125,1.2862548828125
0.2795,-3.3983154296875,1.3663330078125,1.8868408203125
0.28,-3.3983154296875,0.8458251953125,2.3673095703125
0.2805,-3.1180419921875,0.0850830078125,2.8077392578125
0.281,-2.7977294921875,-0.6356201171875,3.2081298828125
0.2815,-2.3172607421875,-1.4364013671875,3.5284423828125
0.282,-1.7567138671875,-1.9569091796875,3.5684814453125
0.2825,-1.0360107421875,-2.5975341796875,3.5284423828125
0.283,-0.2752685546875,-2.9979248046875,3.1680908203125
0.2835,0.3653564453125,-3.4383544921875,3.0479736328125
0.284,1.2462158203125,-3.6385498046875,2.4073486328125
0.2845,1.7667236328125,-3.8787841796875,2.0870361328125
0.285,2.2471923828125,-3.7186279296875,1.5264892578125
0.2855,2.6876220703125,-3.7186279296875,1.0860595703125
0.286,2.9278564453125,-3.1981201171875,0.3253173828125
0.2865,3.3282470703125,-2.8778076171875,-0.3553466796875
0.287,3.5284423828125,-2.1571044921875,-1.2762451171875
0.2875,3.6885986328125,-1.7967529296875,-1.7967529296875
0.288,3.6085205078125,-1.0760498046875,-2.4373779296875
0.2885,3.4083251953125,-0.4754638671875,-2.8377685546875
0.289,3.1280517578125,0.1651611328125,-3.1981201171875
0.2895,2.6075439453125,0.9659423828125,-3.5584716796875
0.29,2.2071533203125,1.6866455078125,-3.8387451171875
0.2905,1.4864501953125,2.1671142578125,-3.6385498046875
0.291,0.8458251953125,2.8077392578125,-3.6385498046875
0.2915,0.0850830078125,3.0479736328125,-3.1981201171875
0.292,-0.5155029296875,3.4884033203125,-2.9578857421875
0.2925,-1.3162841796875,3.6085205078125,-2.3572998046875
0.293,-1.7967529296875,3.7686767578125,-2.0369873046875
0.2935,-2.2772216796875,3.5684814453125,-1.4364013671875
0.294,-2.5975341796875,3.4483642578125,-0.9559326171875
0.2945,-2.9178466796875,3.0079345703125,-0.2352294921875
0.295,-3.1981201171875,2.5274658203125,0.5255126953125
0.2955,-3.4783935546875,1.9268798828125,1.2862548828125
0.296,-3.4383544921875,1.4864501953125,1.7667236328125
0.2965,-3.4783935546875,0.8858642578125,2.4073486328125
0.297,-3.1580810546875,0.1651611328125,2.7276611328125
0.2975,-2.9178466796875,-0.4354248046875,3.1680908203125
0.298,-2.3572998046875,-1.2362060546875,3.4483642578125
0.2985,-1.9569091796875,-1.8768310546875,3.6485595703125
0.299,-1.1561279296875,-2.3572998046875,3.4884033203125
0.2995,-0.5955810546875,-2.9178466796875,3.4083251953125
0.3,0.1651611328125,-3.2381591796875,3.0079345703125
0.3005,0.8057861328125,-3.5985107421875,2.7276611328125
0.301,1.6065673828125,-3.8387451171875,2.2071533203125
0.3015,1.9669189453125,-3.8387451171875,1.8868408203125
0.302,2.5274658203125,-3.7987060546875,1.2862548828125
0.3025,2.8477783203125,-3.3983154296875,0.6456298828125
0.303,3.2481689453125,-3.1580810546875,0.0050048828125
0.3035,3.4483642578125,-2.4373779296875,-0.8758544921875
0.304,3.7686767578125,-2.0369873046875,-1.5965576171875
0.3045,3.5684814453125,-1.3963623046875,-2.0770263671875
0.305,3.6485595703125,-0.9158935546875,-2.6776123046875
0.3055,3.2481689453125,-0.1151123046875,-3.0379638671875
0.306,3.0079345703125,0.6055908203125,-3.5184326171875
0.3065,2.4073486328125,1.4063720703125,-3.7586669921875
0.307,1.9268798828125,1.9669189453125,-3.8387451171875
0.3075,1.1260986328125,2.5675048828125,-3.6785888671875
0.308,0.4454345703125,3.0479736328125,-3.4783935546875
0.3085,-0.2752685546875,3.3682861328125,-3.0780029296875
0.309,-1.0360107421875,3.6485595703125,-2.6375732421875
0.3095,-1.7567138671875,3.8887939453125,-2.2371826171875
0.31,-2.0770263671875,3.6885986328125,-1.6766357421875
0.3105,-2.6776123046875,3.6885986328125,-1.1561279296875
0.311,-2.9178466796875,3.1680908203125,-0.3953857421875
0.3115,-3.3182373046875,2.8477783203125,0.2852783203125
0.312,-3.5184326171875,2.0469970703125,1.2462158203125
0.3125,-3.7186279296875,1.6065673828125,1.8868408203125
0.313,-3.4383544921875,0.8458251953125,2.3673095703125
0.3135,-3.4383544921875,0.2852783203125,2.8878173828125
0.314,-2.9578857421875,-0.4354248046875,3.2081298828125
0.3145,-2.5574951171875,-1.1961669921875,3.5684814453125
0.315,-1.9569091796875,-2.0369873046875,3.8487548828125
0.3155,-1.2762451171875,-2.5574951171875,3.6885986328125
0.316,-0.5555419921875,-3.1580810546875,3.5684814453125
0.3165,0.2452392578125,-3.4783935546875,3.1680908203125
0.317,0.9659423828125,-3.8387451171875,2.8077392578125
0.3175,1.7667236328125,-3.9989013671875,2.2071533203125
0.318,2.4473876953125,-4.1590576171875,1.7667236328125
0.3185,2.8077392578125,-3.7987060546875,1.0860595703125
0.319,3.2882080078125,-3.7987060546875,0.5655517578125
0.3195,3.4884033203125,-3.0780029296875,-0.3153076171875
0.32,3.8087158203125,-2.6375732421875,-0.9959716796875
0.3205,3.9288330078125,-1.8367919921875,-1.9969482421875
0.321,3.8887939453125,-1.3162841796875,-2.5174560546875
0.3215,3.6885986328125,-0.5555419921875,-3.0780029296875
0.322,3.4483642578125,0.0850830078125,-3.4383544921875
0.3225,2.9678955078125,0.8858642578125,-3.7586669921875
0.323,2.4073486328125,1.6466064453125,-3.9989013671875
0.3235,1.7667236328125,2.4874267578125,-4.1990966796875
0.324,0.9259033203125,2.8878173828125,-3.7987060546875
0.3245,0.2852783203125,3.5284423828125,-3.7987060546875
0.325,-0.6356201171875,3.6885986328125,-3.0780029296875
0.3255,-1.2762451171875,3.9688720703125,-2.7176513671875
0.326,-2.1170654296875,4.0889892578125,-2.0770263671875
0.3265,-2.6375732421875,4.0889892578125,-1.5164794921875
0.327,-2.9979248046875,3.6885986328125,-0.8358154296875
0.3275,-3.3983154296875,3.5284423828125,-0.2752685546875
0.328,-3.5584716796875,2.6876220703125,0.6456298828125
0.3285,-3.8387451171875,2.2071533203125,1.4063720703125
0.329,-3.9989013671875,1.4063720703125,2.3272705078125
0.3295,-3.7186279296875,0.7257080078125,2.7276611328125
0.33,-3.5985107421875,0.1251220703125,3.3282470703125
0.3305,-3.1580810546875,-0.6356201171875,3.6085205078125
0.331,-2.6375732421875,-1.4364013671875,3.8887939453125
0.3315,-1.9569091796875,-2.2772216796875,4.0489501953125
0.332,-1.2762451171875,-2.9578857421875,4.1290283203125
0.3325,-0.3553466796875,-3.3182373046875,3.6085205078125
0.333,0.2852783203125,-3.9188232421875,3.5684814453125
0.3335,1.2862548828125,-4.0389404296875,2.7276611328125
0.334,1.9268798828125,-4.2391357421875,2.3673095703125
0.3345,2.7276611328125,-4.3592529296875,1.6466064453125
0.335,3.1280517578125,-4.1190185546875,1.0460205078125
0.3355,3.5284423828125,-3.8387451171875,0.3653564453125
0.336,3.8487548828125,-3.3582763671875,-0.3153076171875
0.3365,4.0089111328125,-2.5975341796875,-1.2362060546875
0.337,4.1290283203125,-2.0770263671875,-1.9569091796875
0.3375,4.2491455078125,-1.3162841796875,-2.8778076171875
0.338,3.8087158203125,-0.5155029296875,-3.1981201171875
0.3385,3.7686767578125,0.1251220703125,-3.7586669921875
0.339,3.0479736328125,1.0059814453125,-3.9588623046875
0.3395,2.5675048828125,1.7667236328125,-4.2391357421875
0.34,1.8468017578125,2.5675048828125,-4.3592529296875
0.3405,1.0860595703125,3.1680908203125,-4.1990966796875
0.341,0.1651611328125,3.5284423828125,-3.7186279296875
0.3415,-0.5155029296875,3.9688720703125,-3.5584716796875
0.342,-1.4764404296875,4.1290283203125,-2.6776123046875
0.3425,-2.0369873046875,4.2091064453125,-2.2772216796875
0.343,-2.8778076171875,4.3292236328125,-1.5965576171875
0.3435,-3.1580810546875,3.8487548828125,-0.8758544921875
0.344,-3.5584716796875,3.6885986328125,-0.2752685546875
0.3445,-3.7987060546875,2.9678955078125,0.5655517578125
0.345,-3.9188232421875,2.2471923828125,1.4063720703125
0.3455,-3.9989013671875,1.5665283203125,2.1270751953125
0.346,-4.0389404296875,0.9659423828125,2.8477783203125
0.3465,-3.5584716796875,0.1251220703125,3.1680908203125
0.347,-3.4783935546875,-0.3953857421875,3.7286376953125
0.3475,-2.6375732421875,-1.3963623046875,3.8887939453125
0.348,-2.1971435546875,-2.0369873046875,4.0889892578125
0.3485,-1.4364013671875,-2.8778076171875,4.1690673828125
0.349,-0.6356201171875,-3.2781982421875,3.8487548828125
0.3495,0.1251220703125,-3.7186279296875,3.5284423828125
0.35,0.9259033203125,-4.0789794921875,3.0880126953125
0.3505,1.8468017578125,-4.1990966796875,2.4073486328125
0.351,2.3272705078125,-4.2791748046875,1.9669189453125
0.3515,3.0079345703125,-4.3192138671875,1.3663330078125
0.352,3.2481689453125,-3.7987060546875,0.6055908203125
0.3525,3.7286376953125,-3.7186279296875,0.0850830078125
0.353,3.8487548828125,-2.8778076171875,-0.8358154296875
0.3535,4.0889892578125,-2.4373779296875,-1.5965576171875
0.354,4.1290283203125,-1.5965576171875,-2.3973388671875
0.3545,4.0489501953125,-0.9959716796875,-2.9178466796875
0.355,3.6485595703125,-0.1551513671875,-3.3182373046875
0.3555,3.4884033203125,0.4053955078125,-3.7586669921875
0.356,2.7276611328125,1.3262939453125,-3.9989013671875
0.3565,2.2872314453125,1.9669189453125,-4.1990966796875
0.357,1.5665283203125,2.7677001953125,-4.2791748046875
0.3575,0.6856689453125,3.1680908203125,-3.8387451171875
0.358,0.0050048828125,3.6885986328125,-3.7186279296875
0.3585,-0.9158935546875,3.8887939453125,-3.0780029296875
0.359,-1.6365966796875,4.1290283203125,-2.5574951171875
0.3595,-2.1971435546875,4.1690673828125,-2.0770263671875
0.36,-2.7977294921875,4.1290283203125,-1.4764404296875
0.3605,-3.0780029296875,3.6485595703125,-0.6756591796875
0.361,-3.5584716796875,3.4884033203125,-0.1151123046875
0.3615,-3.7186279296875,2.5274658203125,0.9259033203125
0.362,-3.9188232421875,2.1270751953125,1.5264892578125
0.3625,-3.9989013671875,1.3663330078125,2.4073486328125
0.363,-3.7987060546875,0.6856689453125,2.8878173828125
0.3635,-3.5184326171875,-0.0750732421875,3.3282470703125
0.364,-3.1180419921875,-0.7957763671875,3.7286376953125
0.3645,-2.4373779296875,-1.7166748046875,3.9688720703125
0.365,-1.8768310546875,-2.3172607421875,4.0889892578125
0.3655,-1.1561279296875,-3.0780029296875,4.0489501953125
0.366,-0.1951904296875,-3.3983154296875,3.5684814453125
0.3665,0.4053955078125,-3.9188232421875,3.4483642578125
0.367,1.4464111328125,-4.1190185546875,2.6075439453125
0.3675,2.0469970703125,-4.2791748046875,2.2471923828125
0.368,2.6876220703125,-4.2391357421875,1.6065673828125
0.3685,3.1680908203125,-4.0789794921875,0.9659423828125
0.369,3.4483642578125,-3.6385498046875,0.2452392578125
0.3695,3.8487548828125,-3.3582763671875,-0.3953857421875
0.37,3.8887939453125,-2.3973388671875,-1.4764404296875
0.3705,4.0889892578125,-1.9569091796875,-1.9969482421875
0.371,4.0889892578125,-1.1561279296875,-2.7576904296875
0.3715,3.7686767578125,-0.4354248046875,-3.1981201171875
0.372,3.5284423828125,0.2052001953125,-3.6385498046875
0.3725,2.9278564453125,1.0860595703125,-3.9188232421875
0.373,2.4073486328125,1.8468017578125,-4.1590576171875
0.3735,1.7667236328125,2.4874267578125,-4.1590576171875
0.374,0.9659423828125,3.1280517578125,-4.0789794921875
0.3745,0.1251220703125,3.4483642578125,-3.5584716796875
0.375,-0.5155029296875,3.8887939453125,-3.4383544921875
0.3755,-1.5565185546875,4.0089111328125,-2.5574951171875
0.376,-1.9969482421875,4.1690673828125,-2.2772216796875
0.3765,-2.5975341796875,4.0889892578125,-1.5965576171875
0.377,-3.0379638671875,3.8087158203125,-0.9559326171875
0.3775,-3.3582763671875,3.4083251953125,-0.2352294921875
0.378,-3.7186279296875,2.8477783203125,0.5255126953125
0.3785,-3.7987060546875,2.0870361328125,1.4464111328125
0.379,-3.8787841796875,1.6466064453125,2.0469970703125
0.3795,-3.8787841796875,0.9259033203125,2.7276611328125
0.38,-3.4783935546875,0.1651611328125,3.1280517578125
0.3805,-3.3582763671875,-0.4754638671875,3.6085205078125
0.381,-2.5574951171875,-1.4364013671875,3.8487548828125
0.3815,-2.1170654296875,-2.0770263671875,4.0489501953125
0.382,-1.3162841796875,-2.7176513671875,3.9288330078125
0.3825,-0.6356201171875,-3.2381591796875,3.8087158203125
0.383,0.2052001953125,-3.5985107421875,3.2882080078125
0.3835,0.9259033203125,-3.9588623046875,3.0479736328125
0.384,1.8468017578125,-4.0789794921875,2.2471923828125
0.3845,2.2471923828125,-4.1990966796875,1.9669189453125
0.385,2.8477783203125,-4.1190185546875,1.2862548828125
0.3855,3.1680908203125,-3.7186279296875,0.6055908203125
0.386,3.5284423828125,-3.5184326171875,0.0050048828125
0.3865,3.7286376953125,-2.7176513671875,-0.9158935546875
0.387,3.9288330078125,-2.1971435546875,-1.5965576171875
0.3875,3.9688720703125,-1.5965576171875,-2.2371826171875
0.388,3.8887939453125,-0.9158935546875,-2.8377685546875
0.3885,3.4884033203125,-0.1551513671875,-3.1981201171875
0.389,3.3282470703125,0.4454345703125,-3.6785888671875
0.3895,2.5675048828125,1.4063720703125,-3.8787841796875
0.39,2.2071533203125,1.9669189453125,-4.1190185546875
0.3905,1.4063720703125,2.6075439453125,-3.9989013671875
0.391,0.6456298828125,3.1280517578125,-3.7186279296875
0.3915,-0.0750732421875,3.4884033203125,-3.3983154296875
0.392,-0.7957763671875,3.7686767578125,-2.9578857421875
0.3925,-1.5965576171875,3.9288330078125,-2.4373779296875
0.393,-1.9969482421875,3.9688720703125,-2.0369873046875
0.3935,-2.5975341796875,3.8887939453125,-1.4364013671875
0.394,-2.9178466796875,3.4483642578125,-0.7557373046875
0.3945,-3.3582763671875,3.2481689453125,-0.0750732421875
0.395,-3.4783935546875,2.4073486328125,0.8858642578125
0.3955,-3.7186279296875,2.0469970703125,1.4464111328125
0.396,-3.6385498046875,1.3663330078125,2.0469970703125
0.3965,-3.5584716796875,0.7657470703125,2.5675048828125
0.397,-3.2381591796875,0.0050048828125,3.0079345703125
0.3975,-2.9578857421875,-0.6356201171875,3.4483642578125
0.398,-2.3172607421875,-1.4764404296875,3.6885986328125
0.3985,-1.8768310546875,-1.9969482421875,3.7686767578125
0.399,-1.1561279296875,-2.6776123046875,3.7286376953125
0.3995,-0.3553466796875,-3.0780029296875,3.3682861328125
0.4,0.2452392578125,-3.5184326171875,3.1680908203125
0.4005,1.0460205078125,-3.6785888671875,2.5675048828125
0.401,1.6466064453125,-3.9588623046875,2.2872314453125
0.4015,2.0469970703125,-3.8787841796875,1.8067626953125
0.402,2.5274658203125,-3.8787841796875,1.2862548828125
0.4025,2.8477783203125,-3.3582763671875,0.6055908203125
0.403,3.2882080078125,-3.1981201171875,0.0050048828125
0.4035,3.4083251953125,-2.4373779296875,-0.8758544921875
0.404,3.7286376953125,-2.1971435546875,-1.3963623046875
0.4045,3.6885986328125,-1.4764404296875,-2.0770263671875
0.405,3.5684814453125,-0.9559326171875,-2.5174560546875
0.4055,3.3282470703125,-0.1951904296875,-3.0379638671875
0.406,3.0079345703125,0.4454345703125,-3.3582763671875
0.4065,2.5675048828125,1.2061767578125,-3.7186279296875
0.407,2.0469970703125,1.7667236328125,-3.7186279296875
0.4075,1.4063720703125,2.4073486328125,-3.7586669921875
0.408,0.6055908203125,2.8477783203125,-3.3983154296875
0.4085,0.0050048828125,3.3282470703125,-3.3582763671875
0.409,-0.7957763671875,3.4884033203125,-2.7576904296875
0.4095,-1.2762451171875,3.7686767578125,-2.5975341796875
0.41,-1.8367919921875,3.6885986328125,-2.0369873046875
0.4105,-2.2772216796875,3.6885986328125,-1.5164794921875
0.411,-2.6776123046875,3.2882080078125,-0.7557373046875
0.4115,-3.0780029296875,2.9278564453125,-0.0350341796875
0.412,-3.3582763671875,2.3673095703125,0.7657470703125
0.4125,-3.5584716796875,2.0069580078125,1.3262939453125
0.413,-3.5584716796875,1.3262939453125,2.0469970703125
0.4135,-3.3582763671875,0.6456298828125,2.4874267578125
0.414,-3.1981201171875,0.0050048828125,3.0479736328125
0.4145,-2.6776123046875,-0.8358154296875,3.3682861328125
0.415,-2.3172607421875,-1.5164794921875,3.6885986328125
0.4155,-1.5965576171875,-2.0770263671875,3.5684814453125
0.416,-0.9959716796875,-2.7176513671875,3.5684814453125
0.4165,-0.1551513671875,-3.0780029296875,3.1680908203125
0.417,0.4854736328125,-3.5985107421875,2.9678955078125
0.4175,1.3262939453125,-3.7987060546875,2.3673095703125
0.418,1.7667236328125,-3.9588623046875,2.1270751953125
0.4185,2.3272705078125,-3.8387451171875,1.5264892578125
0.419,2.6876220703125,-3.5584716796875,0.9659423828125
0.4195,3.1280517578125,-3.2781982421875,0.2052001953125
0.42,3.3682861328125,-2.6776123046875,-0.5955810546875
0.4205,3.6485595703125,-2.1971435546875,-1.3162841796875
0.421,3.6485595703125,-1.6365966796875,-1.8768310546875
0.4215,3.6485595703125,-1.0360107421875,-2.4774169921875
0.422,3.2882080078125,-0.3153076171875,-2.8377685546875
0.4225,3.1280517578125,0.2852783203125,-3.3582763671875
0.423,2.5274658203125,1.1260986328125,-3.5584716796875
0.4235,2.1270751953125,1.7266845703125,-3.7987060546875
0.424,1.3262939453125,2.2872314453125,-3.5985107421875
0.4245,0.6856689453125,2.8077392578125,-3.4783935546875
0.425,0.0050048828125,3.0880126953125,-3.1981201171875
0.4255,-0.6356201171875,3.3682861328125,-2.8377685546875
0.426,-1.3963623046875,3.6085205078125,-2.3973388671875
0.4265,-1.7166748046875,3.6485595703125,-1.9969482421875
0.427,-2.2772216796875,3.6485595703125,-1.4764404296875
0.4275,-2.5574951171875,3.2081298828125,-0.8358154296875
0.428,-2.9578857421875,3.0079345703125,-0.1551513671875
0.4285,-3.1580810546875,2.2872314453125,0.6456298828125
0.429,-3.4783935546875,2.0469970703125,1.2462158203125
0.4295,-3.3582763671875,1.4063720703125,1.7667236328125
0.43,-3.3983154296875,0.9259033203125,2.2872314453125
0.4305,-3.0780029296875,0.1251220703125,2.7276611328125
0.431,-2.8377685546875,-0.4754638671875,3.1680908203125
0.4315,-2.3572998046875,-1.2762451171875,3.4884033203125
0.432,-1.8768310546875,-1.7567138671875,3.5284423828125
0.4325,-1.1961669921875,-2.4373779296875,3.5284423828125
0.433,-0.5155029296875,-2.8778076171875,3.2081298828125
0.4335,0.1251220703125,-3.3182373046875,3.0880126953125
0.434,0.8858642578125,-3.5584716796875,2.5675048828125
0.4345,1.4464111328125,-3.8387451171875,2.3673095703125
0.435,1.8468017578125,-3.7186279296875,1.8868408203125
0.4355,2.4073486328125,-3.7586669921875,1.4063720703125
0.436,2.6876220703125,-3.2781982421875,0.6456298828125
0.4365,3.1680908203125,-3.0780029296875,0.0050048828125
0.437,3.3282470703125,-2.3973388671875,-0.8358154296875
0.4375,3.6485595703125,-2.1571044921875,-1.3563232421875
0.438,3.5684814453125,-1.4364013671875,-1.9969482421875
0.4385,3.4884033203125,-0.9158935546875,-2.4774169921875
0.439,3.2081298828125,-0.1551513671875,-2.9979248046875
0.4395,2.8878173828125,0.5655517578125,-3.3582763671875
0.44,2.4874267578125,1.2862548828125,-3.7186279296875
0.4405,1.8868408203125,1.8067626953125,-3.5985107421875
0.441,1.2462158203125,2.4473876953125,-3.7186279296875
0.4415,0.4854736328125,2.8077392578125,-3.2781982421875
0.442,-0.1551513671875,3.2481689453125,-3.1981201171875
0.4425,-0.9559326171875,3.5284423828125,-2.5975341796875
0.443,-1.4364013671875,3.7686767578125,-2.3572998046875
0.4435,-1.9168701171875,3.5684814453125,-1.7967529296875
0.444,-2.3572998046875,3.5284423828125,-1.3162841796875
0.4445,-2.7176513671875,3.0479736328125,-0.5155029296875
0.445,-3.0780029296875,2.6876220703125,0.2052001953125
0.4455,-3.3582763671875,2.0870361328125,1.0059814453125
0.446,-3.3983154296875,1.7266845703125,1.4864501953125
0.4465,-3.3983154296875,1.0860595703125,2.1671142578125
0.447,-3.1580810546875,0.4053955078125,2.5675048828125
0.4475,-2.9578857421875,-0.2352294921875,3.0479736328125
0.448,-2.4373779296875,-0.9959716796875,3.3282470703125
0.4485,-2.0770263671875,-1.6365966796875,3.5684814453125
0.449,-1.3162841796875,-2.1571044921875,3.3682861328125
0.4495,-0.7156982421875,-2.7576904296875,3.3682861328125
0.45,0.0050048828125,-3.0780029296875,2.9278564453125
0.4505,0.6055908203125,-3.3983154296875,2.7276611328125
0.451,1.4063720703125,-3.6785888671875,2.2471923828125
0.4515,1.7667236328125,-3.7186279296875,1.9669189453125
0.452,2.2471923828125,-3.6385498046875,1.4063720703125
0.4525,2.5675048828125,-3.3582763671875,0.8458251953125
0.453,3.0079345703125,-3.0379638671875,0.1251220703125
0.4535,3.2081298828125,-2.5174560546875,-0.5955810546875
0.454,3.5284423828125,-2.1170654296875,-1.2762451171875
0.4545,3.4483642578125,-1.5965576171875,-1.7166748046875
0.455,3.5284423828125,-1.1160888671875,-2.3172607421875
0.4555,3.1680908203125,-0.3553466796875,-2.7176513671875
0.456,3.0479736328125,0.2452392578125,-3.1981201171875
0.4565,2.5274658203125,1.0059814453125,-3.4783935546875
0.457,2.1671142578125,1.4864501953125,-3.5985107421875
0.4575,1.4063720703125,2.0870361328125,-3.5184326171875
0.458,0.7657470703125,2.5274658203125,-3.4383544921875
0.4585,0.1251220703125,2.9678955078125,-3.0780029296875
0.459,-0.4754638671875,3.2481689453125,-2.8377685546875
0.4595,-1.1160888671875,3.5684814453125,-2.5174560546875
0.46,-1.4364013671875,3.4884033203125,-2.1571044921875
0.4605,-2.0369873046875,3.6085205078125,-1.6766357421875
0.461,-2.3172607421875,3.1680908203125,-0.9959716796875
0.4615,-2.8377685546875,2.9678955078125,-0.3153076171875
0.462,-2.9979248046875,2.3673095703125,0.4854736328125
0.4625,-3.3582763671875,2.1671142578125,1.0059814453125
0.463,-3.2381591796875,1.5264892578125,1.5665283203125
0.4635,-3.3983154296875,1.0860595703125,2.1270751953125
0.464,-3.0379638671875,0.2452392578125,2.5675048828125
0.4645,-2.8377685546875,-0.3553466796875,3.0479736328125
0.465,-2.3973388671875,-1.1561279296875,3.3682861328125
0.4655,-1.8768310546875,-1.6365966796875,3.3682861328125
0.466,-1.2762451171875,-2.3572998046875,3.4083251953125
0.4665,-0.5155029296875,-2.7176513671875,3.1680908203125
0.467,0.0850830078125,-3.1981201171875,3.0079345703125
0.4675,0.8057861328125,-3.4383544921875,2.5675048828125
0.468,1.3262939453125,-3.7586669921875,2.4073486328125
0.4685,1.7667236328125,-3.5985107421875,1.8468017578125
0.469,2.2872314453125,-3.6785888671875,1.4464111328125
0.4695,2.6475830078125,-3.1981201171875,0.6055908203125
0.47,3.0880126953125,-2.9178466796875,-0.0350341796875
0.4705,3.3282470703125,-2.3172607421875,-0.9158935546875
0.471,3.5284423828125,-2.0369873046875,-1.3563232421875
0.4715,3.4884033203125,-1.3162841796875,-1.9969482421875
0.472,3.3682861328125,-0.7957763671875,-2.4774169921875
0.4725,3.1280517578125,-0.0350341796875,-2.9578857421875
0.473,2.7677001953125,0.6055908203125,-3.3582763671875
0.4735,2.3673095703125,1.3262939453125,-3.6785888671875
0.474,1.6065673828125,1.8468017578125,-3.5184326171875
0.4745,1.0860595703125,2.5274658203125,-3.5985107421875
0.475,0.3253173828125,2.8477783203125,-3.1580810546875
0.4755,-0.2752685546875,3.2481689453125,-2.9578857421875
0.476,-1.0360107421875,3.4884033203125,-2.4774169921875
0.4765,-1.4764404296875,3.6485595703125,-2.1971435546875
0.477,-1.9569091796875,3.4884033203125,-1.5965576171875
0.4775,-2.3973388671875,3.3682861328125,-1.1160888671875
0.478,-2.7176513671875,2.8477783203125,-0.3153076171875
0.4785,-3.0780029296875,2.5274658203125,0.3653564453125
0.479,-3.3582763671875,1.9669189453125,1.2061767578125
0.4795,-3.2781982421875,1.4864501953125,1.6065673828125
0.48,-3.3582763671875,0.9259033203125,2.2471923828125
0.4805,-3.0780029296875,0.2452392578125,2.6075439453125
0.481,-2.8377685546875,-0.4754638671875,3.0479736328125
0.4815,-2.3172607421875,-1.2362060546875,3.3282470703125
0.482,-1.9168701171875,-1.7967529296875,3.4884033203125
0.4825,-1.1160888671875,-2.2772216796875,3.2481689453125
0.483,-0.5555419921875,-2.8377685546875,3.2882080078125
0.4835,0.2052001953125,-3.1180419921875,2.8477783203125
0.484,0.8057861328125,-3.4783935546875,2.6075439453125
0.4845,1.5665283203125,-3.7186279296875,2.1671142578125
0.485,1.8868408203125,-3.6385498046875,1.7667236328125
0.4855,2.4073486328125,-3.6385498046875,1.2862548828125
0.486,2.7276611328125,-3.2381591796875,0.6055908203125
0.4865,3.1280517578125,-2.9178466796875,-0.0750732421875
0.487,3.3282470703125,-2.3973388671875,-0.8358154296875
0.4875,3.6485595703125,-1.9569091796875,-1.5164794921875
0.488,3.4483642578125,-1.3162841796875,-1.9569091796875
0.4885,3.5284423828125,-0.8358154296875,-2.5574951171875
0.489,3.0880126953125,-0.1151123046875,-2.9578857421875
0.4895,2.8878173828125,0.4854736328125,-3.3582763671875
0.49,2.3673095703125,1.3262939453125,-3.7186279296875
0.4905,1.8067626953125,1.8868408203125,-3.6385498046875
0.491,1.0860595703125,2.4874267578125,-3.5584716796875
0.4915,0.4454345703125,2.9278564453125,-3.3582763671875
0.492,-0.2752685546875,3.2081298828125,-2.9578857421875
0.4925,-0.9158935546875,3.5284423828125,-2.6375732421875
0.493,-1.5965576171875,3.7686767578125,-2.2371826171875
0.4935,-1.9168701171875,3.5284423828125,-1.7166748046875
0.494,-2.5174560546875,3.6085205078125,-1.2362060546875
0.4945,-2.7176513671875,3.0079345703125,-0.3953857421875
0.495,-3.1580810546875,2.6876220703125,0.2852783203125
0.4955,-3.3582763671875,2.0469970703125,1.1260986328125
0.496,-3.5184326171875,1.6466064453125,1.6466064453125
0.4965,-3.2781982421875,0.9259033203125,2.1671142578125
0.497,-3.3582763671875,0.4053955078125,2.6876220703125
0.4975,-2.8377685546875,-0.3953857421875,3.0479736328125
0.498,-2.5174560546875,-1.0760498046875,3.3682861328125
0.4985,-1.9569091796875,-1.8367919921875,3.6485595703125
0.499,-1.2362060546875,-2.2772216796875,3.4483642578125
0.4995,-0.6356201171875,-2.9178466796875,3.4483642578125
0.5,0.1651611328125,-3.1981201171875,3.0079345703125
0.5005,0.8458251953125,-3.5584716796875,2.6475830078125
0.501,1.5264892578125,-3.7586669921875,2.2071533203125
0.5015,2.0469970703125,-3.8787841796875,1.8468017578125
0.502,2.4073486328125,-3.5584716796875,1.2061767578125
0.5025,2.8477783203125,-3.5584716796875,0.7257080078125
0.503,3.1280517578125,-2.8778076171875,-0.1151123046875
0.5035,3.4483642578125,-2.5574951171875,-0.7957763671875
0.504,3.6485595703125,-1.8768310546875,-1.6365966796875
0.5045,3.5684814453125,-1.3563232421875,-2.0770263671875
0.505,3.4483642578125,-0.7557373046875,-2.5975341796875
0.5055,3.2081298828125,-0.1551513671875,-2.9979248046875
0.506,2.8477783203125,0.5655517578125,-3.3582763671875
0.5065,2.4073486328125,1.2862548828125,-3.5985107421875
0.507,1.8868408203125,1.9669189453125,-3.7987060546875
0.5075,1.0860595703125,2.4073486328125,-3.4783935546875
0.508,0.5655517578125,3.0079345703125,-3.5184326171875
0.5085,-0.2352294921875,3.1680908203125,-2.9178466796875
0.509,-0.7957763671875,3.4884033203125,-2.7176513671875
0.5095,-1.5565185546875,3.6885986328125,-2.2371826171875
0.51,-1.9569091796875,3.6485595703125,-1.7967529296875
0.5105,-2.3572998046875,3.4483642578125,-1.2362060546875
0.511,-2.7176513671875,3.2481689453125,-0.6356201171875
0.5115,-2.9979248046875,2.6475830078125,0.1651611328125
0.512,-3.2781982421875,2.2872314453125,0.8057861328125
0.5125,-3.5184326171875,1.7266845703125,1.5665283203125
0.513,-3.3582763671875,1.1260986328125,1.9669189453125
0.5135,-3.3582763671875,0.6055908203125,2.5675048828125
0.514,-2.9578857421875,-0.1551513671875,2.8878173828125
0.5145,-2.6776123046875,-0.7957763671875,3.3282470703125
0.515,-2.1170654296875,-1.5565185546875,3.5684814453125
0.5155,-1.5965576171875,-2.1170654296875,3.5684814453125
0.516,-0.7957763671875,-2.5975341796875,3.3282470703125
0.5165,-0.2352294921875,-3.1180419921875,3.2882080078125
0.517,0.6055908203125,-3.3582763671875,2.7276611328125
0.5175,1.2061767578125,-3.7186279296875,2.5274658203125
0.518,1.9268798828125,-3.8787841796875,2.0469970703125
0.5185,2.2471923828125,-3.7186279296875,1.5264892578125
0.519,2.7276611328125,-3.6785888671875,0.9659423828125
0.5195,3.0479736328125,-3.1981201171875,0.2452392578125
0.52,3.3282470703125,-2.7176513671875,-0.5155029296875
0.5205,3.5684814453125,-2.1971435546875,-1.2762451171875
0.521,3.7686767578125,-1.7166748046875,-1.9569091796875
0.5215,3.4884033203125,-0.9959716796875,-2.3973388671875
0.522,3.5284423828125,-0.5155029296875,-2.9578857421875
0.5225,3.0079345703125,0.3653564453125,-3.2381591796875
0.523,2.6876220703125,1.0059814453125,-3.6385498046875
0.5235,2.0469970703125,1.8468017578125,-3.8387451171875
0.524,1.3663330078125,2.3673095703125,-3.7186279296875
0.5245,0.6456298828125,2.8477783203125,-3.5184326171875
0.525,0.0050048828125,3.2481689453125,-3.2381591796875
0.5255,-0.8358154296875,3.5284423828125,-2.7176513671875
0.526,-1.3963623046875,3.7286376953125,-2.4373779296875
0.5265,-2.0369873046875,3.8887939453125,-1.9168701171875
0.527,-2.3572998046875,3.5284423828125,-1.2762451171875
0.5275,-2.8778076171875,3.5284423828125,-0.7156982421875
0.528,-3.0780029296875,2.8077392578125,0.1251220703125
0.5285,-3.3983154296875,2.3673095703125,0.8458251953125
0.529,-3.5584716796875,1.7266845703125,1.6466064453125
0.5295,-3.5985107421875,1.1661376953125,2.2071533203125
0.53,-3.3582763671875,0.4454345703125,2.6075439453125
0.5305,-3.1981201171875,-0.0750732421875,3.1680908203125
0.531,-2.5975341796875,-0.9959716796875,3.4483642578125
0.5315,-2.1971435546875,-1.6365966796875,3.6885986328125
0.532,-1.5164794921875,-2.4373779296875,3.8487548828125
0.5325,-0.7156982421875,-2.8778076171875,3.4884033203125
0.533,-0.0750732421875,-3.3582763671875,3.3682861328125
0.5335,0.8057861328125,-3.6785888671875,2.8477783203125
0.534,1.5264892578125,-3.8787841796875,2.3673095703125
0.5345,2.1270751953125,-3.9989013671875,1.9268798828125
0.535,2.6876220703125,-3.9989013671875,1.3663330078125
0.5355,2.9678955078125,-3.5985107421875,0.6856689453125
0.536,3.4483642578125,-3.4783935546875,0.0850830078125
0.5365,3.5684814453125,-2.5574951171875,-0.9158935546875
0.537,3.8487548828125,-2.2371826171875,-1.5164794921875
0.5375,3.8887939453125,-1.5164794921875,-2.3172607421875
0.538,3.7286376953125,-0.8758544921875,-2.8377685546875
0.5385,3.4884033203125,-0.1551513671875,-3.2381591796875
0.539,3.1680908203125,0.5655517578125,-3.5985107421875
0.5395,2.5274658203125,1.4464111328125,-3.8787841796875
0.54,2.0069580078125,2.0469970703125,-4.0389404296875
0.5405,1.2862548828125,2.8077392578125,-4.0389404296875
0.541,0.4454345703125,3.1680908203125,-3.5584716796875
0.5415,-0.1951904296875,3.6485595703125,-3.4783935546875
0.542,-1.1561279296875,3.8487548828125,-2.6776123046875
0.5425,-1.7967529296875,4.0089111328125,-2.2772216796875
0.543,-2.3572998046875,3.9688720703125,-1.7567138671875
0.5435,-2.8778076171875,3.8487548828125,-1.1561279296875
0.544,-3.1580810546875,3.4483642578125,-0.4354248046875
0.5445,-3.5584716796875,3.1280517578125,0.2452392578125
0.545,-3.6785888671875,2.1671142578125,1.2862548828125
0.5455,-3.8387451171875,1.7667236328125,1.8868408203125
0.546,-3.8787841796875,1.0059814453125,2.6075439453125
0.5465,-3.5184326171875,0.3253173828125,3.0479736328125
0.547,-3.3582763671875,-0.3153076171875,3.4884033203125
0.5475,-2.7176513671875,-1.2362060546875,3.8087158203125
0.548,-2.1571044921875,-1.9969482421875,4.0089111328125
0.5485,-1.4764404296875,-2.6375732421875,3.9688720703125
0.549,-0.7156982421875,-3.2781982421875,3.9288330078125
0.5495,0.1251220703125,-3.5985107421875,3.3682861328125
0.55,0.8057861328125,-4.0389404296875,3.2081298828125
0.5505,1.9268798828125,-4.1590576171875,2.2471923828125
0.551,2.4073486328125,-4.3192138671875,1.9268798828125
0.5515,3.0079345703125,-4.1590576171875,1.2462158203125
0.552,3.4483642578125,-3.8787841796875,0.5655517578125
0.5525,3.6885986328125,-3.4383544921875,-0.0750732421875
0.553,3.9688720703125,-2.9578857421875,-0.9559326171875
0.5535,4.1290283203125,-2.0770263671875,-1.9569091796875
0.554,4.1290283203125,-1.5565185546875,-2.5174560546875
0.5545,4.0889892578125,-0.7156982421875,-3.1981201171875
0.555,3.6085205078125,0.0450439453125,-3.5584716796875
0.5555,3.3682861328125,0.6456298828125,-3.9188232421875
0.556,2.5675048828125,1.6466064453125,-4.1590576171875
0.5565,2.0469970703125,2.3673095703125,-4.3592529296875
0.557,1.2462158203125,2.9278564453125,-4.1590576171875
0.5575,0.4454345703125,3.5284423828125,-3.9989013671875
0.558,-0.3553466796875,3.8087158203125,-3.3983154296875
0.5585,-1.0360107421875,4.1290283203125,-3.1180419921875
0.559,-2.1170654296875,4.2091064453125,-2.1971435546875
0.5595,-2.5574951171875,4.2091064453125,-1.7967529296875
0.56,-3.0780029296875,4.0489501953125,-1.1160888671875
0.5605,-3.3983154296875,3.6485595703125,-0.3953857421875
0.561,-3.7186279296875,3.2081298828125,0.2452392578125
0.5615,-3.8787841796875,2.4473876953125,1.2061767578125
0.562,-4.0389404296875,1.7266845703125,2.0469970703125
0.5625,-3.8787841796875,1.1260986328125,2.5675048828125
0.563,-3.8387451171875,0.4053955078125,3.2081298828125
0.5635,-3.3182373046875,-0.3153076171875,3.4483642578125
0.564,-3.0780029296875,-0.9559326171875,3.8487548828125
0.5645,-2.2371826171875,-1.9569091796875,4.0489501953125
0.565,-1.7166748046875,-2.5574951171875,4.1290283203125
0.5655,-0.8358154296875,-3.1580810546875,3.8887939453125
0.566,-0.0750732421875,-3.5985107421875,3.6485595703125
0.5665,0.6456298828125,-3.8787841796875,3.1680908203125
0.567,1.4063720703125,-4.1590576171875,2.6876220703125
0.5675,2.2872314453125,-4.2791748046875,2.0069580078125
0.568,2.6876220703125,-4.1590576171875,1.5665283203125
0.5685,3.2481689453125,-4.1190185546875,0.9259033203125
0.569,3.4884033203125,-3.5985107421875,0.2052001953125
0.5695,3.8487548828125,-3.2781982421875,-0.4754638671875
0.57,3.8887939453125,-2.4373779296875,-1.4364013671875
0.5705,4.1290283203125,-1.8768310546875,-2.1170654296875
0.571,3.9688720703125,-1.1561279296875,-2.6375732421875
0.5715,3.8887939453125,-0.5155029296875,-3.2381591796875
0.572,3.3682861328125,0.2452392578125,-3.5584716796875
0.5725,3.1280517578125,0.9259033203125,-3.9188232421875
0.573,2.3673095703125,1.8868408203125,-4.1590576171875
0.5735,1.8468017578125,2.4073486328125,-4.1990966796875
0.574,0.9659423828125,3.0479736328125,-3.9989013671875
0.5745,0.2052001953125,3.4884033203125,-3.7186279296875
0.575,-0.5155029296875,3.8487548828125,-3.3582763671875
0.5755,-1.3563232421875,4.0089111328125,-2.7176513671875
0.576,-2.1170654296875,4.2091064453125,-2.1971435546875
0.5765,-2.5174560546875,4.0089111328125,-1.6365966796875
0.577,-3.1180419921875,3.9288330078125,-0.9959716796875
0.5775,-3.3182373046875,3.3682861328125,-0.2352294921875
0.578,-3.7586669921875,3.0479736328125,0.4454345703125
0.5785,-3.8387451171875,2.0870361328125,1.5264892578125
0.579,-4.0389404296875,1.6466064453125,2.1671142578125
0.5795,-3.7987060546875,0.8458251953125,2.7276611328125
0.58,-3.6385498046875,0.1651611328125,3.2481689453125
0.5805,-3.1981201171875,-0.5955810546875,3.5684814453125
0.581,-2.7176513671875,-1.3563232421875,3.9288330078125
0.5815,-1.9969482421875,-2.2772216796875,4.1690673828125
0.582,-1.3162841796875,-2.7576904296875,3.9688720703125
0.5825,-0.5155029296875,-3.4783935546875,3.8487548828125
0.583,0.3253173828125,-3.7186279296875,3.3282470703125
0.5835,1.0460205078125,-4.0789794921875,3.0079345703125
0.584,1.9669189453125,-4.1990966796875,2.2471923828125
0.5845,2.6475830078125,-4.3592529296875,1.7667236328125
0.585,2.9678955078125,-4.0389404296875,1.0860595703125
0.5855,3.5284423828125,-3.9588623046875,0.4854736328125
0.586,3.6485595703125,-3.2781982421875,-0.3153076171875
0.5865,4.0089111328125,-2.8778076171875,-0.9959716796875
0.587,4.0889892578125,-1.9168701171875,-2.0369873046875
0.5875,4.1290283203125,-1.4364013671875,-2.5574951171875
0.588,3.8887939453125,-0.5955810546875,-3.1981201171875
0.5885,3.6085205078125,0.0450439453125,-3.5584716796875
0.589,3.1680908203125,0.8057861328125,-3.8787841796875
0.5895,2.5675048828125,1.6065673828125,-4.1190185546875
0.59,1.9268798828125,2.4874267578125,-4.3592529296875
0.5905,1.1260986328125,2.8878173828125,-3.9989013671875
0.591,0.3653564453125,3.5684814453125,-3.9588623046875
0.5915,-0.4354248046875,3.7286376953125,-3.2781982421875
0.592,-1.1160888671875,4.0889892578125,-3.0379638671875
0.5925,-2.0369873046875,4.1290283203125,-2.1971435546875
0.593,-2.5574951171875,4.2091064453125,-1.7567138671875
0.5935,-2.9578857421875,3.8487548828125,-0.9959716796875
0.594,-3.3983154296875,3.6485595703125,-0.4754638671875
0.5945,-3.5584716796875,3.0079345703125,0.3653564453125
0.595,-3.8387451171875,2.4874267578125,1.1661376953125
0.5955,-3.9989013671875,1.6466064453125,2.0870361328125
0.596,-3.8387451171875,1.0860595703125,2.5274658203125
0.5965,-3.7186279296875,0.3253173828125,3.1680908203125
0.597,-3.2781982421875,-0.3553466796875,3.4483642578125
0.5975,-2.9178466796875,-1.0760498046875,3.8487548828125
0.598,-2.2371826171875,-1.9569091796875,3.9688720703125
0.5985,-1.6365966796875,-2.5975341796875,4.1290283203125
0.599,-0.7156982421875,-3.0379638671875,3.6885986328125
0.5995,-0.0750732421875,-3.6385498046875,3.6485595703125
0.6,0.7657470703125,-3.7987060546875,3.0079345703125
0.6005,1.4063720703125,-4.0789794921875,2.6876220703125
0.601,2.2872314453125,-4.2391357421875,1.9268798828125
0.6015,2.6876220703125,-4.1190185546875,1.4864501953125
0.602,3.1280517578125,-3.9188232421875,0.8057861328125
0.6025,3.4083251953125,-3.5184326171875,0.1651611328125
0.603,3.6885986328125,-2.9979248046875,-0.5555419921875
0.6035,3.8487548828125,-2.3572998046875,-1.3162841796875
0.604,4.0489501953125,-1.7567138671875,-2.1571044921875
0.6045,3.7686767578125,-1.0760498046875,-2.5574951171875
0.605,3.8087158203125,-0.4754638671875,-3.1981201171875
0.6055,3.2481689453125,0.2852783203125,-3.3983154296875
0.606,3.0079345703125,0.9259033203125,-3.8387451171875
0.6065,2.2872314453125,1.7667236328125,-3.9989013671875
0.607,1.7667236328125,2.3272705078125,-4.0389404296875
0.6075,0.8858642578125,2.8477783203125,-3.7186279296875
0.608,0.2452392578125,3.3682861328125,-3.5985107421875
0.6085,-0.5155029296875,3.5684814453125,-3.0780029296875
0.609,-1.1561279296875,3.8487548828125,-2.7176513671875
0.6095,-1.9569091796875,4.0489501953125,-2.1971435546875
0.61,-2.2772216796875,3.7686767578125,-1.6766357421875
0.6105,-2.8778076171875,3.8087158203125,-1.0760498046875
0.611,-3.0780029296875,3.2081298828125,-0.3153076171875
0.6115,-3.4383544921875,2.8477783203125,0.3653564453125
0.612,-3.5584716796875,2.1270751953125,1.2061767578125
0.6125,-3.7987060546875,1.6866455078125,1.8868408203125
0.613,-3.5184326171875,0.9659423828125,2.3673095703125
0.6135,-3.5584716796875,0.4053955078125,2.8878173828125
0.614,-2.9979248046875,-0.3553466796875,3.2081298828125
0.6145,-2.7176513671875,-1.0360107421875,3.5684814453125
0.615,-2.0770263671875,-1.8768310546875,3.8087158203125
0.6155,-1.4364013671875,-2.3572998046875,3.6885986328125
0.616,-0.6756591796875,-2.9578857421875,3.5684814453125
0.6165,0.0050048828125,-3.3182373046875,3.2081298828125
0.617,0.6856689453125,-3.6785888671875,2.8477783203125
0.6175,1.4063720703125,-3.8387451171875,2.3673095703125
0.618,2.0069580078125,-4.1190185546875,1.9669189453125
0.6185,2.3673095703125,-3.7186279296875,1.4063720703125
0.619,2.9278564453125,-3.7987060546875,0.9259033203125
0.6195,3.1280517578125,-3.1580810546875,0.1251220703125
0.62,3.4884033203125,-2.8377685546875,-0.5155029296875
0.6205,3.6485595703125,-2.1170654296875,-1.3963623046875
0.621,3.8087158203125,-1.7567138671875,-1.8768310546875
0.6215,3.5684814453125,-0.9959716796875,-2.4774169921875
0.622,3.4884033203125,-0.4354248046875,-2.9178466796875
0.6225,3.0880126953125,0.2852783203125,-3.3182373046875
0.623,2.7276611328125,0.9659423828125,-3.6385498046875
0.6235,2.2471923828125,1.7667236328125,-3.9188232421875
0.624,1.4464111328125,2.2471923828125,-3.6785888671875
0.6245,0.8858642578125,2.8878173828125,-3.7186279296875
0.625,0.0450439453125,3.1280517578125,-3.1981201171875
0.6255,-0.5155029296875,3.5284423828125,-3.0379638671875
0.626,-1.3162841796875,3.6885986328125,-2.5174560546875
0.6265,-1.7967529296875,3.8487548828125,-2.1571044921875
0.627,-2.1971435546875,3.5684814453125,-1.5565185546875
0.6275,-2.6776123046875,3.5284423828125,-0.9959716796875
0.628,-2.9578857421875,2.9278564453125,-0.1551513671875
0.6285,-3.2781982421875,2.5675048828125,0.5255126953125
0.629,-3.5584716796875,1.9268798828125,1.4063720703125
0.6295,-3.5184326171875,1.4864501953125,1.8468017578125
0.63,-3.5184326171875,0.8057861328125,2.4874267578125
0.6305,-3.1981201171875,0.1251220703125,2.8477783203125
0.631,-2.8778076171875,-0.5955810546875,3.3282470703125
0.6315,-2.3572998046875,-1.3162841796875,3.5284423828125
0.632,-1.8768310546875,-1.9969482421875,3.7286376953125
0.6325,-1.0360107421875,-2.4774169921875,3.4483642578125
0.633,-0.4754638671875,-3.0780029296875,3.4884033203125
0.6335,0.3253173828125,-3.3582763671875,2.9278564453125
0.634,0.9659423828125,-3.7987060546875,2.6876220703125
0.6345,1.7266845703125,-3.8787841796875,2.1671142578125
0.635,2.0870361328125,-3.8387451171875,1.7667236328125
0.6355,2.6075439453125,-3.7186279296875,1.1260986328125
0.636,2.9278564453125,-3.3582763671875,0.5255126953125
0.6365,3.2481689453125,-2.8778076171875,-0.2752685546875
0.637,3.5284423828125,-2.3973388671875,-0.9959716796875
0.6375,3.7686767578125,-1.8768310546875,-1.7567138671875
0.638,3.5284423828125,-1.2762451171875,-2.1971435546875
0.6385,3.6485595703125,-0.6756591796875,-2.7977294921875
0.639,3.1280517578125,0.0450439453125,-3.0780029296875
0.6395,2.8477783203125,0.7257080078125,-3.5184326171875
0.64,2.2872314453125,1.5264892578125,-3.7586669921875
0.6405,1.7667236328125,2.0469970703125,-3.7186279296875
0.641,0.9659423828125,2.5274658203125,-3.5184326171875
0.6415,0.3653564453125,3.0079345703125,-3.3983154296875
0.642,-0.3953857421875,3.2081298828125,-2.9578857421875
0.6425,-0.9959716796875,3.5684814453125,-2.6375732421875
0.643,-1.6365966796875,3.7686767578125,-2.1971435546875
0.6435,-1.9569091796875,3.5284423828125,-1.6766357421875
0.644,-2.5574951171875,3.5684814453125,-1.1561279296875
0.6445,-2.7977294921875,3.0079345703125,-0.3553466796875
0.645,-3.1580810546875,2.6876220703125,0.2852783203125
0.6455,-3.3582763671875,2.0469970703125,1.0860595703125
0.646,-3.5584716796875,1.7266845703125,1.6065673828125
0.6465,-3.2781982421875,0.9659423828125,2.1270751953125
0.647,-3.3582763671875,0.4854736328125,2.6876220703125
0.6475,-2.8778076171875,-0.3153076171875,3.0079345703125
0.648,-2.5975341796875,-0.9559326171875,3.3682861328125
0.6485,-2.0369873046875,-1.7166748046875,3.6485595703125
0.649,-1.3563232421875,-2.2371826171875,3.4884033203125
0.6495,-0.7156982421875,-2.8377685546875,3.4083251953125
0.65,0.0050048828125,-3.1981201171875,3.0479736328125
0.6505,0.6456298828125,-3.4783935546875,2.7276611328125
0.651,1.3262939453125,-3.7186279296875,2.3673095703125
0.6515,1.9268798828125,-3.8787841796875,2.0069580078125
0.652,2.2471923828125,-3.5985107421875,1.4063720703125
0.6525,2.7677001953125,-3.6385498046875,0.9659423828125
0.653,3.0079345703125,-2.9578857421875,0.0450439453125
0.6535,3.3682861328125,-2.7176513671875,-0.5555419921875
0.654,3.6085205078125,-2.0369873046875,-1.4364013671875
0.6545,3.6485595703125,-1.6365966796875,-1.8768310546875
0.655,3.4884033203125,-0.9158935546875,-2.4373779296875
0.6555,3.3682861328125,-0.3553466796875,-2.8778076171875
0.656,2.9278564453125,0.4053955078125,-3.2381591796875
0.6565,2.5675048828125,1.1260986328125,-3.5985107421875
0.657,2.0469970703125,1.7667236328125,-3.7987060546875
0.6575,1.2862548828125,2.2471923828125,-3.5584716796875
0.658,0.6456298828125,2.8477783203125,-3.5985107421875
0.6585,-0.0750732421875,3.1680908203125,-3.0780029296875
0.659,-0.7156982421875,3.4884033203125,-2.8377685546875
0.6595,-1.3963623046875,3.6885986328125,-2.3572998046875
0.66,-1.8768310546875,3.6885986328125,-1.9569091796875
0.6605,-2.2772216796875,3.4884033203125,-1.3162841796875
0.661,-2.7176513671875,3.3282470703125,-0.7957763671875
0.6615,-2.9578857421875,2.6876220703125,0.0850830078125
0.662,-3.2781982421875,2.3673095703125,0.7257080078125
0.6625,-3.5184326171875,1.7667236328125,1.5665283203125
0.663,-3.3582763671875,1.2462158203125,1.9268798828125
0.6635,-3.3582763671875,0.6055908203125,2.5274658203125
0.664,-2.9578857421875,-0.0350341796875,2.8878173828125
0.6645,-2.6375732421875,-0.7557373046875,3.2481689453125
0.665,-2.1170654296875,-1.5565185546875,3.4884033203125
0.6655,-1.5965576171875,-2.1170654296875,3.5284423828125
0.666,-0.8358154296875,-2.5574951171875,3.2481689453125
0.6665,-0.2752685546875,-3.0780029296875,3.2882080078125
0.667,0.5655517578125,-3.2781982421875,2.6876220703125
0.6675,1.1260986328125,-3.5985107421875,2.5274658203125
0.668,1.7667236328125,-3.7987060546875,2.0469970703125
0.6685,2.0870361328125,-3.6385498046875,1.5665283203125
0.669,2.5675048828125,-3.5584716796875,1.0059814453125
0.6695,2.8477783203125,-3.1580810546875,0.3653564453125
0.67,3.1680908203125,-2.6375732421875,-0.3953857421875
0.6705,3.4483642578125,-2.2772216796875,-1.0360107421875
0.671,3.6085205078125,-1.7967529296875,-1.6766357421875
0.6715,3.3682861328125,-1.1561279296875,-2.1170654296875
0.672,3.4483642578125,-0.6356201171875,-2.7176513671875
0.6725,3.0079345703125,0.1251220703125,-2.9979248046875
0.673,2.7276611328125,0.6856689453125,-3.3983154296875
0.6735,2.2071533203125,1.4063720703125,-3.5985107421875
0.674,1.6065673828125,1.9268798828125,-3.5584716796875
0.6745,0.9659423828125,2.4473876953125,-3.3983154296875
0.675,0.3653564453125,2.8878173828125,-3.2781982421875
0.6755,-0.3553466796875,3.1680908203125,-2.8778076171875
0.676,-0.8758544921875,3.4884033203125,-2.5975341796875
0.6765,-1.4764404296875,3.6485595703125,-2.2371826171875
0.677,-1.7967529296875,3.4483642578125,-1.7567138671875
0.6775,-2.3572998046875,3.4884033203125,-1.2362060546875
0.678,-2.5975341796875,2.8878173828125,-0.3953857421875
0.6785,-2.9979248046875,2.6075439453125,0.2052001953125
0.679,-3.2381591796875,2.0870361328125,0.9659423828125
0.6795,-3.3582763671875,1.7266845703125,1.4464111328125
0.68,-3.2381591796875,1.0460205078125,1.9669189453125
0.6805,-3.2781982421875,0.5255126953125,2.5274658203125
0.681,-2.8377685546875,-0.3153076171875,2.8878173828125
0.6815,-2.5574951171875,-0.9158935546875,3.2481689453125
0.682,-2.0770263671875,-1.6365966796875,3.4483642578125
0.6825,-1.3162841796875,-2.0770263671875,3.3282470703125
0.683,-0.7557373046875,-2.7176513671875,3.3282470703125
0.6835,0.0050048828125,-3.0780029296875,2.9678955078125
0.684,0.6456298828125,-3.3983154296875,2.6876220703125
0.6845,1.2462158203125,-3.6385498046875,2.3673095703125
0.685,1.7667236328125,-3.7586669921875,2.0069580078125
0.6855,2.1671142578125,-3.5584716796875,1.4063720703125
0.686,2.6876220703125,-3.5184326171875,0.8858642578125
0.6865,2.9278564453125,-2.8377685546875,0.0050048828125
0.687,3.3282470703125,-2.5975341796875,-0.5955810546875
0.6875,3.5284423828125,-1.9969482421875,-1.3963623046875
0.688,3.5284423828125,-1.5565185546875,-1.8768310546875
0.6885,3.4083251953125,-0.8758544921875,-2.4373779296875
0.689,3.2081298828125,-0.3153076171875,-2.8778076171875
0.6895,2.8477783203125,0.4854736328125,-3.2381591796875
0.69,2.4473876953125,1.1260986328125,-3.5985107421875
0.6905,1.8868408203125,1.8468017578125,-3.7186279296875
0.691,1.1260986328125,2.3673095703125,-3.4383544921875
0.6915,0.5255126953125,2.8878173828125,-3.4783935546875
0.692,-0.2752685546875,3.1680908203125,-2.8778076171875
0.6925,-0.8358154296875,3.4884033203125,-2.6776123046875
0.693,-1.4364013671875,3.6485595703125,-2.2371826171875
0.6935,-1.9569091796875,3.5684814453125,-1.7567138671875
0.694,-2.3172607421875,3.3282470703125,-1.1561279296875
0.6945,-2.7176513671875,3.1280517578125,-0.5555419921875
0.695,-2.9578857421875,2.4874267578125,0.3253173828125
0.6955,-3.2781982421875,2.1671142578125,0.9659423828125
0.696,-3.4383544921875,1.5665283203125,1.6466064453125
0.6965,-3.2381591796875,1.0059814453125,2.0469970703125
0.697,-3.2381591796875,0.4053955078125,2.6475830078125
0.6975,-2.7977294921875,-0.3153076171875,2.9278564453125
0.698,-2.5174560546875,-1.0360107421875,3.2882080078125
0.6985,-1.9168701171875,-1.6766357421875,3.4884033203125
0.699,-1.3162841796875,-2.2371826171875,3.4884033203125
0.6995,-0.5955810546875,-2.6776123046875,3.1680908203125
0.7,0.0050048828125,-3.1981201171875,3.1280517578125
0.7005,0.8057861328125,-3.3582763671875,2.5274658203125
0.701,1.3262939453125,-3.6785888671875,2.3272705078125
0.7015,1.9268798828125,-3.7987060546875,1.8868408203125
0.702,2.2471923828125,-3.5985107421875,1.3663330078125
0.7025,2.7276611328125,-3.3983154296875,0.7657470703125
0.703,3.0079345703125,-2.9578857421875,0.0450439453125
0.7035,3.2882080078125,-2.4774169921875,-0.6756591796875
0.704,3.5284423828125,-2.0369873046875,-1.3563232421875
0.7045,3.6085205078125,-1.5565185546875,-1.9569091796875
0.705,3.3682861328125,-0.8758544921875,-2.3973388671875
0.7055,3.3682861328125,-0.3153076171875,-2.9578857421875
0.706,2.8077392578125,0.4454345703125,-3.2381591796875
0.7065,2.5274658203125,1.1260986328125,-3.5985107421875
0.707,1.9268798828125,1.7667236328125,-3.6785888671875
0.7075,1.2462158203125,2.3272705078125,-3.5584716796875
0.708,0.6055908203125,2.8077392578125,-3.3582763671875
0.7085,-0.0750732421875,3.1680908203125,-3.1580810546875
0.709,-0.8358154296875,3.4483642578125,-2.6375732421875
0.7095,-1.3563232421875,3.6485595703125,-2.3973388671875
0.71,-1.9569091796875,3.7286376953125,-1.8768310546875
0.7105,-2.2772216796875,3.4483642578125,-1.2762451171875
0.711,-2.7576904296875,3.3282470703125,-0.6756591796875
0.7115,-2.9578857421875,2.6475830078125,0.1651611328125
0.712,-3.3182373046875,2.2872314453125,0.8057861328125
0.7125,-3.4383544921875,1.7266845703125,1.5264892578125
0.713,-3.4783935546875,1.1661376953125,2.0469970703125
0.7135,-3.1981201171875,0.4854736328125,2.5274658203125
0.714,-3.1580810546875,-0.1551513671875,3.0079345703125
0.7145,-2.5174560546875,-0.9559326171875,3.3282470703125
0.715,-2.1571044921875,-1.5965576171875,3.5684814453125
0.7155,-1.4764404296875,-2.2772216796875,3.6085205078125
0.716,-0.7156982421875,-2.7176513671875,3.3682861328125
0.7165,-0.0750732421875,-3.1981201171875,3.2081298828125
0.717,0.7257080078125,-3.4783935546875,2.6876220703125
0.7175,1.4063720703125,-3.7186279296875,2.2872314453125
0.718,1.9268798828125,-3.8387451171875,1.9268798828125
0.7185,2.4073486328125,-3.7987060546875,1.4063720703125
0.719,2.7276611328125,-3.3983154296875,0.7657470703125
0.7195,3.1680908203125,-3.2781982421875,0.1251220703125
0.72,3.3282470703125,-2.4373779296875,-0.7557373046875
0.7205,3.6085205078125,-2.1571044921875,-1.3563232421875
0.721,3.6085205078125,-1.5164794921875,-2.0369873046875
0.7215,3.5284423828125,-0.9959716796875,-2.5174560546875
0.722,3.2481689453125,-0.3153076171875,-2.9178466796875
0.7225,3.0079345703125,0.4053955078125,-3.3182373046875
0.723,2.4874267578125,1.2061767578125,-3.5985107421875
0.7235,2.0069580078125,1.7667236328125,-3.7186279296875
0.724,1.3262939453125,2.4073486328125,-3.7186279296875
0.7245,0.5655517578125,2.8077392578125,-3.3582763671875
0.725,0.0050048828125,3.2481689453125,-3.2781982421875
0.7255,-0.8758544921875,3.4483642578125,-2.5975341796875
0.726,-1.3963623046875,3.6885986328125,-2.3572998046875
0.7265,-1.8768310546875,3.6885986328125,-1.8768310546875
0.727,-2.3172607421875,3.6085205078125,-1.3563232421875
0.7275,-2.6375732421875,3.2081298828125,-0.7156982421875
0.728,-3.0780029296875,2.9278564453125,-0.0350341796875
0.7285,-3.1981201171875,2.2471923828125,0.8057861328125
0.729,-3.5184326171875,1.8868408203125,1.4063720703125
0.7295,-3.4783935546875,1.2462158203125,1.9669189453125
0.73,-3.2781982421875,0.6055908203125,2.4073486328125
0.7305,-3.1580810546875,0.0050048828125,2.9678955078125
0.731,-2.6776123046875,-0.7156982421875,3.2481689453125
0.7315,-2.3172607421875,-1.4364013671875,3.5684814453125
0.732,-1.6365966796875,-1.9969482421875,3.5684814453125
0.7325,-1.0360107421875,-2.5975341796875,3.5284423828125
0.733,-0.2352294921875,-2.9979248046875,3.1680908203125
0.7335,0.3253173828125,-3.4783935546875,3.0479736328125
0.734,1.2462158203125,-3.6385498046875,2.4073486328125
0.7345,1.7266845703125,-3.8787841796875,2.2071533203125
0.735,2.2471923828125,-3.8387451171875,1.5665283203125
0.7355,2.6075439453125,-3.6385498046875,1.0860595703125
0.736,3.0079345703125,-3.3182373046875,0.3653564453125
0.7365,3.3282470703125,-2.8377685546875,-0.3553466796875
0.737,3.5284423828125,-2.2772216796875,-1.1561279296875
0.7375,3.6885986328125,-1.8367919921875,-1.7567138671875
0.738,3.6885986328125,-1.2362060546875,-2.4373779296875
0.7385,3.3682861328125,-0.5155029296875,-2.8377685546875
0.739,3.2481689453125,0.1251220703125,-3.2781982421875
0.7395,2.6075439453125,1.0059814453125,-3.5584716796875
0.74,2.2471923828125,1.6065673828125,-3.8387451171875
0.7405,1.5264892578125,2.2471923828125,-3.7186279296875
0.741,0.8858642578125,2.8077392578125,-3.6785888671875
0.7415,0.1251220703125,3.1280517578125,-3.2381591796875
0.742,-0.5555419921875,3.5284423828125,-2.9979248046875
0.7425,-1.3563232421875,3.6885986328125,-2.3973388671875
0.743,-1.8367919921875,3.8087158203125,-2.0369873046875
0.7435,-2.4373779296875,3.7686767578125,-1.4364013671875
0.744,-2.7176513671875,3.4083251953125,-0.8358154296875
0.7445,-3.1180419921875,3.1280517578125,-0.1551513671875
0.745,-3.3182373046875,2.3673095703125,0.7657470703125
0.7455,-3.5985107421875,1.9268798828125,1.4464111328125
0.746,-3.5985107421875,1.2862548828125,2.0069580078125
0.7465,-3.5584716796875,0.6856689453125,2.6075439453125
0.747,-3.1580810546875,0.0050048828125,3.0079345703125
0.7475,-2.9178466796875,-0.6756591796875,3.4483642578125
0.748,-2.2772216796875,-1.5965576171875,3.6885986328125
0.7485,-1.7567138671875,-2.2371826171875,3.8487548828125
0.749,-0.9559326171875,-2.8377685546875,3.6885986328125
0.7495,-0.1951904296875,-3.2781982421875,3.4483642578125
0.75,0.4854736328125,-3.6385498046875,3.0479736328125
0.7505,1.3663330078125,-3.9188232421875,2.5274658203125
0.751,2.1671142578125,-4.1190185546875,1.9669189453125
0.7515,2.5274658203125,-3.9588623046875,1.4464111328125
0.752,3.0880126953125,-3.9188232421875,0.9259033203125
0.7525,3.3282470703125,-3.3582763671875,0.1251220703125
0.753,3.7286376953125,-3.1180419921875,-0.5155029296875
0.7535,3.8487548828125,-2.2371826171875,-1.5965576171875
0.754,4.0089111328125,-1.7166748046875,-2.2772216796875
0.7545,3.7686767578125,-0.9158935546875,-2.7576904296875
0.755,3.6885986328125,-0.2752685546875,-3.2781982421875
0.7555,3.2081298828125,0.4454345703125,-3.5584716796875
0.756,2.8077392578125,1.2061767578125,-3.8787841796875
0.7565,2.0870361328125,2.0870361328125,-4.1590576171875
0.757,1.4063720703125,2.6075439453125,-3.9989013671875
0.7575,0.6055908203125,3.2481689453125,-3.8787841796875
0.758,-0.1551513671875,3.5684814453125,-3.3983154296875
0.7585,-0.8358154296875,3.8887939453125,-3.0780029296875
0.759,-1.7567138671875,4.0089111328125,-2.3572998046875
0.7595,-2.4373779296875,4.1690673828125,-1.8367919921875
0.76,-2.7977294921875,3.8087158203125,-1.1561279296875
0.7605,-3.3182373046875,3.8087158203125,-0.6356201171875
0.761,-3.4783935546875,3.0880126953125,0.1651611328125
0.7615,-3.7987060546875,2.6475830078125,0.8858642578125
0.762,-3.9188232421875,1.6866455078125,1.9268798828125
0.7625,-3.9588623046875,1.2061767578125,2.5274658203125
0.763,-3.6785888671875,0.4053955078125,3.0880126953125
0.7635,-3.4783935546875,-0.1951904296875,3.4884033203125
0.764,-2.9578857421875,-0.9959716796875,3.7686767578125
0.7645,-2.3973388671875,-1.7967529296875,4.0089111328125
0.765,-1.6365966796875,-2.6776123046875,4.2091064453125
0.7655,-0.8358154296875,-3.0780029296875,3.8487548828125
0.766,-0.1151123046875,-3.7186279296875,3.7686767578125
0.7665,0.7257080078125,-3.9188232421875,3.1280517578125
0.767,1.4063720703125,-4.1990966796875,2.7677001953125
0.7675,2.4073486328125,-4.3192138671875,1.9268798828125
0.768,3.0079345703125,-4.3592529296875,1.4063720703125
0.7685,3.3282470703125,-3.9188232421875,0.6856689453125
0.769,3.7686767578125,-3.8387451171875,0.1251220703125
0.7695,3.8487548828125,-3.0780029296875,-0.7557373046875
0.77,4.0889892578125,-2.5574951171875,-1.4764404296875
0.7705,4.2491455078125,-1.5965576171875,-2.5174560546875
0.771,4.0489501953125,-0.9959716796875,-2.9578857421875
0.7715,3.8487548828125,-0.1951904296875,-3.5584716796875
0.772,3.4483642578125,0.4854736328125,-3.8387451171875
0.7725,2.9278564453125,1.2462158203125,-4.1190185546875
0.773,2.2471923828125,2.0870361328125,-4.2791748046875
0.7735,1.5665283203125,2.8878173828125,-4.4393310546875
0.774,0.6456298828125,3.2481689453125,-3.8787841796875
0.7745,0.0050048828125,3.8487548828125,-3.8387451171875
0.775,-0.9158935546875,3.9288330078125,-3.0780029296875
0.7755,-1.5565185546875,4.2091064453125,-2.7176513671875
0.776,-2.4774169921875,4.2891845703125,-1.9168701171875
0.7765,-2.9178466796875,4.1290283203125,-1.3563232421875
0.777,-3.2781982421875,3.7686767578125,-0.6356201171875
0.7775,-3.6385498046875,3.4483642578125,0.0050048828125
0.778,-3.8387451171875,2.6876220703125,0.8057861328125
0.7785,-3.9588623046875,2.1270751953125,1.6065673828125
0.779,-4.1190185546875,1.3262939453125,2.5274658203125
0.7795,-3.7186279296875,0.6055908203125,2.8878173828125
0.78,-3.6785888671875,0.0050048828125,3.4884033203125
0.7805,-3.0780029296875,-0.7957763671875,3.6885986328125
0.781,-2.6375732421875,-1.4764404296875,3.9688720703125
0.7815,-1.9168701171875,-2.3172607421875,4.1290283203125
0.782,-1.2362060546875,-2.9578857421875,4.0889892578125
0.7825,-0.3153076171875,-3.3582763671875,3.6485595703125
0.783,0.2852783203125,-3.8787841796875,3.5284423828125
0.7835,1.2061767578125,-3.9989013671875,2.7677001953125
0.784,1.8468017578125,-4.2391357421875,2.4073486328125
0.7845,2.6876220703125,-4.3592529296875,1.7266845703125
0.785,3.0079345703125,-4.0389404296875,1.0860595703125
0.7855,3.4884033203125,-3.9188232421875,0.4854736328125
0.786,3.6885986328125,-3.3582763671875,-0.1951904296875
0.7865,3.9288330078125,-2.7576904296875,-0.9959716796875
0.787,4.0489501953125,-2.0770263671875,-1.8367919921875
0.7875,4.2091064453125,-1.4364013671875,-2.5975341796875
0.788,3.8087158203125,-0.6356201171875,-2.9979248046875
0.7885,3.8087158203125,-0.0750732421875,-3.5584716796875
0.789,3.1280517578125,0.7257080078125,-3.7586669921875
0.7895,2.7677001953125,1.4063720703125,-4.1190185546875
0.79,2.0069580078125,2.3272705078125,-4.2791748046875
0.7905,1.2862548828125,2.8477783203125,-4.1190185546875
0.791,0.4454345703125,3.4083251953125,-3.8387451171875
0.7915,-0.2752685546875,3.7686767578125,-3.5584716796875
0.792,-1.1160888671875,3.9688720703125,-2.8778076171875
0.7925,-1.7567138671875,4.1290283203125,-2.4373779296875
0.793,-2.5574951171875,4.2891845703125,-1.8367919921875
0.7935,-2.8778076171875,3.8487548828125,-1.1160888671875
0.794,-3.3983154296875,3.8087158203125,-0.5555419921875
0.7945,-3.5584716796875,3.0479736328125,0.3253173828125
0.795,-3.8387451171875,2.5274658203125,1.0860595703125
0.7955,-3.9588623046875,1.7667236328125,1.9669189453125
0.796,-3.9989013671875,1.1260986328125,2.6075439453125
0.7965,-3.5584716796875,0.3253173828125,3.0479736328125
0.797,-3.5584716796875,-0.2352294921875,3.5684814453125
0.7975,-2.7576904296875,-1.1561279296875,3.7686767578125
0.798,-2.3172607421875,-1.8367919921875,4.0089111328125
0.7985,-1.5965576171875,-2.7176513671875,4.1690673828125
0.799,-0.7156982421875,-3.1580810546875,3.8087158203125
0.7995,0.0050048828125,-3.7186279296875,3.6485595703125
0.8,0.8458251953125,-3.9588623046875,3.0479736328125
0.8005,1.6466064453125,-4.1590576171875,2.5274658203125
0.801,2.2471923828125,-4.2391357421875,2.0469970703125
0.8015,2.9278564453125,-4.3192138671875,1.4063720703125
0.802,3.0479736328125,-3.8787841796875,0.6456298828125
0.8025,3.6885986328125,-3.7186279296875,0.1251220703125
0.803,3.8087158203125,-2.7977294921875,-0.8358154296875
0.8035,4.0089111328125,-2.3973388671875,-1.4764404296875
0.804,4.1290283203125,-1.5965576171875,-2.3973388671875
0.8045,3.9688720703125,-0.9559326171875,-2.8778076171875
0.805,3.6885986328125,-0.1951904296875,-3.3582763671875
0.8055,3.3682861328125,0.4454345703125,-3.7186279296875
0.806,2.7276611328125,1.2862548828125,-3.9989013671875
0.8065,2.2471923828125,1.9669189453125,-4.1590576171875
0.807,1.5665283203125,2.7677001953125,-4.2391357421875
0.8075,0.6456298828125,3.1280517578125,-3.7987060546875
0.808,0.0050048828125,3.6885986328125,-3.7186279296875
0.8085,-0.9158935546875,3.8487548828125,-2.9578857421875
0.809,-1.5965576171875,4.0489501953125,-2.5574951171875
0.8095,-2.2371826171875,4.1290283203125,-1.9969482421875
0.81,-2.8778076171875,3.8487548828125,-1.4364013671875
0.8105,-3.0780029296875,3.6085205078125,-0.6756591796875
0.811,-3.5184326171875,3.4083251953125,-0.0750732421875
0.8115,-3.5985107421875,2.5274658203125,0.8858642578125
0.812,-3.8387451171875,2.1270751953125,1.4864501953125
0.8125,-3.9188232421875,1.3262939453125,2.3673095703125
0.813,-3.6385498046875,0.6856689453125,2.7276611328125
0.8135,-3.5184326171875,0.0050048828125,3.2882080078125
0.814,-2.9979248046875,-0.7156982421875,3.5684814453125
0.8145,-2.4774169921875,-1.5164794921875,3.8487548828125
0.815,-1.8768310546875,-2.2371826171875,3.9688720703125
0.8155,-1.2362060546875,-2.8778076171875,3.9688720703125
0.816,-0.3153076171875,-3.1981201171875,3.4884033203125
0.8165,0.2852783203125,-3.7586669921875,3.4083251953125
0.817,1.2462158203125,-3.8787841796875,2.6475830078125
0.8175,1.7667236328125,-4.1590576171875,2.3272705078125
0.818,2.3673095703125,-4.2391357421875,1.8067626953125
0.8185,2.8477783203125,-3.8787841796875,1.1260986328125
0.819,3.2081298828125,-3.6385498046875,0.4854736328125
0.8195,3.5284423828125,-3.2381591796875,-0.1951904296875
0.82,3.7286376953125,-2.5574951171875,-1.0360107421875
0.8205,3.8887939453125,-2.0770263671875,-1.7166748046875
0.821,3.9688720703125,-1.3963623046875,-2.4774169921875
0.8215,3.6485595703125,-0.6356201171875,-2.8377685546875
0.822,3.6085205078125,-0.0750732421875,-3.3983154296875
0.8225,2.9678955078125,0.7657470703125,-3.6385498046875
0.823,2.6075439453125,1.4063720703125,-3.9588623046875
0.8235,1.9268798828125,2.1671142578125,-4.0389404296875
0.824,1.2462158203125,2.7276611328125,-3.8787841796875
0.8245,0.4454345703125,3.1680908203125,-3.5584716796875
0.825,-0.1551513671875,3.6485595703125,-3.3582763671875
0.8255,-1.1160888671875,3.7286376953125,-2.6776123046875
0.826,-1.5965576171875,3.8887939453125,-2.5975341796875
0.8265,-2.2772216796875,3.9688720703125,-1.8367919921875
0.827,-2.5975341796875,3.6485595703125,-1.1961669921875
0.8275,-3.0780029296875,3.5284423828125,-0.5955810546875
0.828,-3.2781982421875,2.8477783203125,0.2452392578125
0.8285,-3.5584716796875,2.3673095703125,0.9659423828125
0.829,-3.6785888671875,1.7667236328125,1.6466064453125
0.8295,-3.7186279296875,1.2462158203125,2.2471923828125
0.83,-3.3582763671875,0.4854736328125,2.6876220703125
0.8305,-3.3182373046875,-0.0350341796875,3.1680908203125
0.831,-2.6375732421875,-0.9959716796875,3.4483642578125
0.8315,-2.3172607421875,-1.5565185546875,3.6885986328125
0.832,-1.5965576171875,-2.2772216796875,3.7286376953125
0.8325,-0.9158935546875,-2.7176513671875,3.5284423828125
0.833,-0.1551513671875,-3.1580810546875,3.3682861328125
0.8335,0.4854736328125,-3.5584716796875,2.9278564453125
0.834,1.2462158203125,-3.7987060546875,2.4874267578125
0.8345,1.7266845703125,-3.8787841796875,2.1671142578125
0.835,2.2872314453125,-3.9188232421875,1.6866455078125
0.8355,2.5675048828125,-3.5584716796875,1.0059814453125
0.836,3.0880126953125,-3.5184326171875,0.4854736328125
0.8365,3.2081298828125,-2.7576904296875,-0.3553466796875
0.837,3.5684814453125,-2.5174560546875,-0.9559326171875
0.8375,3.6885986328125,-1.8768310546875,-1.6766357421875
0.838,3.6485595703125,-1.3563232421875,-2.1571044921875
0.8385,3.4483642578125,-0.6356201171875,-2.6776123046875
0.839,3.3282470703125,-0.0350341796875,-3.1180419921875
0.8395,2.8077392578125,0.7657470703125,-3.4783935546875
0.84,2.4473876953125,1.3262939453125,-3.7186279296875
0.8405,1.8468017578125,2.0069580078125,-3.7987060546875
0.841,1.1661376953125,2.5675048828125,-3.5184326171875
0.8415,0.4854736328125,3.0079345703125,-3.5584716796875
0.842,-0.3153076171875,3.2481689453125,-2.9979248046875
0.8425,-0.9158935546875,3.6085205078125,-2.7576904296875
0.843,-1.4764404296875,3.7286376953125,-2.3572998046875
0.8435,-1.9569091796875,3.7286376953125,-1.9168701171875
0.844,-2.3572998046875,3.4483642578125,-1.2362060546875
0.8445,-2.8778076171875,3.3282470703125,-0.6356201171875
0.845,-3.0780029296875,2.6075439453125,0.2852783203125
0.8455,-3.4783935546875,2.3673095703125,0.9259033203125
0.846,-3.5584716796875,1.7266845703125,1.6466064453125
0.8465,-3.4383544921875,1.1260986328125,2.1671142578125
0.847,-3.3582763671875,0.4454345703125,2.7276611328125
0.8475,-2.9979248046875,-0.2752685546875,3.1280517578125
0.848,-2.5975341796875,-1.0360107421875,3.4884033203125
0.8485,-2.0770263671875,-1.7166748046875,3.6485595703125
0.849,-1.3563232421875,-2.4373779296875,3.5284423828125
0.8495,-0.6356201171875,-2.8377685546875,3.3282470703125
0.85,0.0050048828125,-3.3582763671875,3.2882080078125
0.8505,0.8858642578125,-3.5584716796875,2.6075439453125
0.851,1.4063720703125,-3.8387451171875,2.4073486328125
0.8515,2.0069580078125,-3.8387451171875,1.8868408203125
0.852,2.4473876953125,-3.7186279296875,1.3262939453125
0.8525,2.8477783203125,-3.4783935546875,0.6856689453125
0.853,3.2081298828125,-3.0780029296875,0.0050048828125
0.8535,3.4483642578125,-2.4373779296875,-0.8758544921875
0.854,3.6485595703125,-2.0770263671875,-1.4764404296875
0.8545,3.6885986328125,-1.3963623046875,-2.1170654296875
0.855,3.4083251953125,-0.7156982421875,-2.5574951171875
0.8555,3.3282470703125,-0.1551513671875,-3.0780029296875
0.856,2.8077392578125,0.6456298828125,-3.3582763671875
0.8565,2.4874267578125,1.2862548828125,-3.7186279296875
0.857,1.8468017578125,1.8468017578125,-3.7186279296875
0.8575,1.1661376953125,2.4473876953125,-3.5985107421875
0.858,0.4053955078125,2.8477783203125,-3.2781982421875
0.8585,-0.1551513671875,3.2481689453125,-3.1580810546875
0.859,-0.9959716796875,3.4483642578125,-2.5574951171875
0.8595,-1.3963623046875,3.6885986328125,-2.3172607421875
0.86,-1.9569091796875,3.6485595703125,-1.7967529296875
0.8605,-2.2772216796875,3.4483642578125,-1.2762451171875
0.861,-2.7576904296875,3.2481689453125,-0.6356201171875
0.8615,-2.9578857421875,2.6475830078125,0.1251220703125
0.862,-3.2781982421875,2.2872314453125,0.8057861328125
0.8625,-3.3983154296875,1.7667236328125,1.4464111328125
0.863,-3.4783935546875,1.2862548828125,1.9669189453125
0.8635,-3.1981201171875,0.5655517578125,2.4073486328125
0.864,-3.1580810546875,0.0050048828125,2.9678955078125
0.8645,-2.5574951171875,-0.7957763671875,3.2081298828125
0.865,-2.2772216796875,-1.3963623046875,3.5284423828125
0.8655,-1.5965576171875,-2.0770263671875,3.5284423828125
0.866,-0.9559326171875,-2.5975341796875,3.3682861328125
0.8665,-0.2752685546875,-3.0379638671875,3.1680908203125
0.867,0.4454345703125,-3.3582763671875,2.8477783203125
0.8675,1.1260986328125,-3.6385498046875,2.4874267578125
0.868,1.5665283203125,-3.7987060546875,2.2071533203125
0.8685,2.1270751953125,-3.8387451171875,1.7266845703125
0.869,2.4874267578125,-3.4783935546875,1.0860595703125
0.8695,3.0079345703125,-3.3582763671875,0.4454345703125
0.87,3.1680908203125,-2.6375732421875,-0.3953857421875
0.8705,3.5684814453125,-2.4373779296875,-0.9959716796875
0.871,3.5684814453125,-1.7967529296875,-1.6766357421875
0.8715,3.5684814453125,-1.2762451171875,-2.1971435546875
0.872,3.3282470703125,-0.5155029296875,-2.7176513671875
0.8725,3.1680908203125,0.0850830078125,-3.1580810546875
0.873,2.6876220703125,0.8858642578125,-3.5184326171875
0.8735,2.2471923828125,1.4464111328125,-3.7186279296875
0.874,1.5665283203125,2.1270751953125,-3.7186279296875
0.8745,0.8458251953125,2.6075439453125,-3.4783935546875
0.875,0.2452392578125,3.1280517578125,-3.3582763671875
0.8755,-0.5955810546875,3.3282470703125,-2.8377685546875
0.876,-1.1561279296875,3.6485595703125,-2.5574951171875
0.8765,-1.5965576171875,3.6485595703125,-2.0770263671875
0.877,-2.1170654296875,3.6485595703125,-1.5965576171875
0.8775,-2.4774169921875,3.2481689453125,-0.9158935546875
0.878,-2.9178466796875,3.0479736328125,-0.2752685546875
0.8785,-3.1180419921875,2.3272705078125,0.6055908203125
0.879,-3.4383544921875,2.0469970703125,1.2061767578125
0.8795,-3.3983154296875,1.4063720703125,1.8468017578125
0.88,-3.2781982421875,0.8057861328125,2.2872314453125
0.8805,-3.1180419921875,0.1251220703125,2.8077392578125
0.881,-2.7176513671875,-0.5955810546875,3.1680908203125
0.8815,-2.3172607421875,-1.3162841796875,3.4884033203125
0.882,-1.7567138671875,-1.8768310546875,3.4483642578125
0.8825,-1.1561279296875,-2.4774169921875,3.4483642578125
0.883,-0.3153076171875,-2.8377685546875,3.1280517578125
0.8835,0.2452392578125,-3.3182373046875,3.0079345703125
0.884,1.0460205078125,-3.5184326171875,2.4073486328125
0.8845,1.5264892578125,-3.7586669921875,2.2471923828125
0.885,1.9669189453125,-3.6785888671875,1.6466064453125
0.8855,2.4073486328125,-3.5584716796875,1.2061767578125
0.886,2.7677001953125,-3.1981201171875,0.5255126953125
0.8865,3.0880126953125,-2.8377685546875,-0.1551513671875
0.887,3.3282470703125,-2.2772216796875,-0.9158935546875
0.8875,3.5284423828125,-1.9569091796875,-1.4364013671875
0.888,3.5284423828125,-1.3563232421875,-2.0369873046875
0.8885,3.3282470703125,-0.7557373046875,-2.4373779296875
0.889,3.2081298828125,-0.1551513671875,-2.9578857421875
0.8895,2.7276611328125,0.5655517578125,-3.2381591796875
0.89,2.4874267578125,1.1661376953125,-3.5985107421875
0.8905,1.7667236328125,1.7667236328125,-3.5584716796875
0.891,1.2462158203125,2.3272705078125,-3.5584716796875
0.8915,0.4854736328125,2.7276611328125,-3.2381591796875
0.892,-0.0350341796875,3.1280517578125,-3.0780029296875
0.8925,-0.7957763671875,3.3682861328125,-2.5975341796875
0.893,-1.2362060546875,3.5684814453125,-2.4373779296875
0.8935,-1.7567138671875,3.5684814453125,-1.9168701171875
0.894,-2.1170654296875,3.3682861328125,-1.3563232421875
0.8945,-2.5975341796875,3.1680908203125,-0.6756591796875
0.895,-2.8778076171875,2.6075439453125,0.0450439453125
0.8955,-3.2381591796875,2.3272705078125,0.7257080078125
0.896,-3.2781982421875,1.8468017578125,1.2862548828125
0.8965,-3.4383544921875,1.3663330078125,1.8468017578125
0.897,-3.1981201171875,0.6055908203125,2.3673095703125
0.8975,-3.0780029296875,0.0050048828125,2.8477783203125
0.898,-2.5975341796875,-0.7957763671875,3.1680908203125
0.8985,-2.2371826171875,-1.3563232421875,3.4483642578125
0.899,-1.5565185546875,-1.9969482421875,3.4083251953125
0.8995,-0.9158935546875,-2.5174560546875,3.3282470703125
0.9,-0.1951904296875,-2.9578857421875,3.1280517578125
0.9005,0.4854736328125,-3.3182373046875,2.7677001953125
0.901,1.1260986328125,-3.6385498046875,2.4874267578125
0.9015,1.5665283203125,-3.7186279296875,2.0870361328125
0.902,2.1270751953125,-3.7186279296875,1.6466064453125
0.9025,2.4874267578125,-3.3582763671875,0.9659423828125
0.903,3.0079345703125,-3.1981201171875,0.2852783203125
0.9035,3.1680908203125,-2.5574951171875,-0.5155029296875
0.904,3.5684814453125,-2.2772216796875,-1.1561279296875
0.9045,3.4884033203125,-1.5965576171875,-1.7567138671875
0.905,3.5284423828125,-1.1160888671875,-2.2772216796875
0.9055,3.2081298828125,-0.3553466796875,-2.7576904296875
0.906,3.0079345703125,0.2852783203125,-3.1981201171875
0.9065,2.5274658203125,1.0860595703125,-3.5584716796875
0.907,2.0469970703125,1.6065673828125,-3.5985107421875
0.9075,1.3262939453125,2.2872314453125,-3.5584716796875
0.908,0.6055908203125,2.6876220703125,-3.3182373046875
0.9085,0.0050048828125,3.1680908203125,-3.1981201171875
0.909,-0.7957763671875,3.3682861328125,-2.6375732421875
0.9095,-1.3162841796875,3.6485595703125,-2.3973388671875
0.91,-1.7567138671875,3.5284423828125,-1.8768310546875
0.9105,-2.2772216796875,3.5284423828125,-1.4364013671875
0.911,-2.5574951171875,3.0880126953125,-0.6356201171875
0.9115,-2.9578857421875,2.8077392578125,0.0050048828125
0.912,-3.1981201171875,2.1270751953125,0.8458251953125
0.9125,-3.3983154296875,1.8468017578125,1.4063720703125
0.913,-3.3582763671875,1.1260986328125,1.9669189453125
0.9135,-3.1981201171875,0.6055908203125,2.4073486328125
0.914,-2.9578857421875,-0.0750732421875,2.8477783203125
0.9145,-2.5574951171875,-0.7957763671875,3.2081298828125
0.915,-2.1571044921875,-1.4764404296875,3.5284423828125
0.9155,-1.4764404296875,-1.9969482421875,3.3682861328125
0.916,-0.9158935546875,-2.5975341796875,3.4083251953125
0.9165,-0.1551513671875,-2.9578857421875,3.0079345703125
0.917,0.4854736328125,-3.3582763671875,2.8477783203125
0.9175,1.2862548828125,-3.5985107421875,2.2872314453125
0.918,1.6866455078125,-3.7987060546875,2.0870361328125
0.9185,2.2071533203125,-3.6385498046875,1.4864501953125
0.919,2.5675048828125,-3.5584716796875,1.0460205078125
0.9195,2.9278564453125,-3.1580810546875,0.2852783203125
0.92,3.2081298828125,-2.7176513671875,-0.4754638671875
0.9205,3.5284423828125,-2.1571044921875,-1.2362060546875
0.921,3.5284423828125,-1.7166748046875,-1.7166748046875
0.9215,3.5684814453125,-1.1160888671875,-2.3572998046875
0.922,3.2882080078125,-0.4754638671875,-2.7176513671875
0.9225,3.1280517578125,0.1651611328125,-3.1981201171875
0.923,2.5675048828125,1.0059814453125,-3.5184326171875
0.9235,2.2071533203125,1.6065673828125,-3.7987060546875
0.924,1.4063720703125,2.1671142578125,-3.5584716796875
0.9245,0.8057861328125,2.7677001953125,-3.5584716796875
0.925,0.0450439453125,3.0479736328125,-3.1580810546875
0.9255,-0.5955810546875,3.4483642578125,-2.8778076171875
0.926,-1.3563232421875,3.6885986328125,-2.3973388671875
0.9265,-1.7567138671875,3.6885986328125,-2.0369873046875
0.927,-2.3172607421875,3.6485595703125,-1.4364013671875
0.9275,-2.5975341796875,3.3282470703125,-0.8358154296875
0.928,-3.0379638671875,2.9678955078125,-0.0750732421875
0.9285,-3.2381591796875,2.3272705078125,0.7657470703125
0.929,-3.5584716796875,1.8868408203125,1.4864501953125
0.9295,-3.3582763671875,1.2462158203125,1.9268798828125
0.93,-3.4783935546875,0.6856689453125,2.5274658203125
0.9305,-3.0780029296875,-0.0350341796875,2.8878173828125
0.931,-2.7977294921875,-0.7156982421875,3.3282470703125
0.9315,-2.1971435546875,-1.5565185546875,3.6085205078125
0.932,-1.6365966796875,-2.1170654296875,3.6485595703125
0.9325,-0.8758544921875,-2.7176513671875,3.4884033203125
0.933,-0.1951904296875,-3.1580810546875,3.2481689453125
0.9335,0.5255126953125,-3.4783935546875,2.8477783203125
0.934,1.2862548828125,-3.7186279296875,2.4073486328125
0.9345,1.9669189453125,-3.9188232421875,1.9669189453125
0.935,2.2872314453125,-3.7186279296875,1.4464111328125
0.9355,2.8477783203125,-3.7186279296875,0.9659423828125
0.936,3.0479736328125,-3.1580810546875,0.2052001953125
0.9365,3.4083251953125,-2.8778076171875,-0.4754638671875
0.937,3.5284423828125,-2.0770263671875,-1.3162841796875
0.9375,3.7286376953125,-1.7567138671875,-1.9569091796875
0.938,3.5284423828125,-0.9959716796875,-2.4373779296875
0.9385,3.4483642578125,-0.4754638671875,-2.8778076171875
0.939,3.0479736328125,0.2852783203125,-3.1981201171875
0.9395,2.6876220703125,0.9659423828125,-3.5584716796875
0.94,2.1671142578125,1.7667236328125,-3.8387451171875
0.9405,1.5264892578125,2.2071533203125,-3.6385498046875
0.941,0.8057861328125,2.8477783203125,-3.5985107421875
0.9415,0.0850830078125,3.0880126953125,-3.1981201171875
0.942,-0.5155029296875,3.4483642578125,-2.9578857421875
0.9425,-1.2762451171875,3.6485595703125,-2.4373779296875
0.943,-1.8367919921875,3.8087158203125,-2.0770263671875
0.9435,-2.1971435546875,3.5284423828125,-1.4764404296875
0.944,-2.6776123046875,3.5284423828125,-0.9959716796875
0.9445,-2.8778076171875,2.9278564453125,-0.1951904296875
0.945,-3.2381591796875,2.6075439453125,0.4854736328125
0.9455,-3.4783935546875,1.8868408203125,1.3262939453125
0.946,-3.5184326171875,1.4864501953125,1.7667236328125
0.9465,-3.3983154296875,0.8057861328125,2.4073486328125
0.947,-3.1981201171875,0.2452392578125,2.8077392578125
0.9475,-2.8778076171875,-0.5155029296875,3.2081298828125
0.948,-2.4373779296875,-1.2362060546875,3.4884033203125
0.9485,-1.9168701171875,-1.9569091796875,3.7286376953125
0.949,-1.1561279296875,-2.3973388671875,3.4483642578125
0.9495,-0.5555419921875,-3.0379638671875,3.5284423828125
0.95,0.2452392578125,-3.2781982421875,3.0079345703125
0.9505,0.8858642578125,-3.6785888671875,2.7276611328125
0.951,1.6866455078125,-3.8787841796875,2.1671142578125
0.9515,2.1270751953125,-3.8787841796875,1.7667236328125
0.952,2.5675048828125,-3.7186279296875,1.1661376953125
0.9525,3.0079345703125,-3.5584716796875,0.6055908203125
0.953,3.2481689453125,-2.9578857421875,-0.1951904296875
0.9535,3.5284423828125,-2.5574951171875,-0.9158935546875
0.954,3.8087158203125,-1.9168701171875,-1.7967529296875
0.9545,3.6085205078125,-1.3162841796875,-2.2371826171875
0.955,3.6485595703125,-0.6756591796875,-2.8778076171875
0.9555,3.2081298828125,0.0050048828125,-3.1580810546875
0.956,2.9278564453125,0.7257080078125,-3.5584716796875
0.9565,2.3673095703125,1.5665283203125,-3.8387451171875
0.957,1.7667236328125,2.2071533203125,-3.9188232421875
0.9575,0.9659423828125,2.6876220703125,-3.5985107421875
0.958,0.3253173828125,3.2081298828125,-3.5584716796875
0.9585,-0.5155029296875,3.4483642578125,-2.9578857421875
0.959,-1.1561279296875,3.7686767578125,-2.6375732421875
0.9595,-1.9569091796875,3.9288330078125,-2.0770263671875
0.96,-2.3172607421875,3.7686767578125,-1.5164794921875
0.9605,-2.8377685546875,3.6485595703125,-0.9959716796875
0.961,-3.0780029296875,3.1680908203125,-0.2752685546875
0.9615,-3.3983154296875,2.6475830078125,0.5655517578125
0.962,-3.5985107421875,2.0469970703125,1.2862548828125
0.9625,-3.8387451171875,1.4063720703125,2.0870361328125
0.963,-3.4783935546875,0.7657470703125,2.5274658203125
0.9635,-3.5184326171875,0.1651611328125,3.1280517578125
0.964,-2.8778076171875,-0.6356201171875,3.3682861328125
0.9645,-2.5574951171875,-1.3162841796875,3.7286376953125
0.965,-1.8367919921875,-2.2371826171875,3.9288330078125
0.9655,-1.1561279296875,-2.7576904296875,3.8087158203125
0.966,-0.3553466796875,-3.1981201171875,3.5284423828125
0.9665,0.3653564453125,-3.6785888671875,3.2481689453125
0.967,1.2462158203125,-3.8787841796875,2.6075439453125
0.9675,1.8868408203125,-4.0789794921875,2.2471923828125
0.968,2.6075439453125,-4.2391357421875,1.6466064453125
0.9685,2.9278564453125,-3.8387451171875,0.9659423828125
0.969,3.4483642578125,-3.7987060546875,0.4053955078125
0.9695,3.5684814453125,-3.0780029296875,-0.4754638671875
0.97,3.8487548828125,-2.5574951171875,-1.2362060546875
0.9705,3.9688720703125,-1.7967529296875,-2.0770263671875
0.971,4.0089111328125,-1.1961669921875,-2.6776123046875
0.9715,3.6085205078125,-0.3553466796875,-3.0780029296875
0.972,3.5284423828125,0.1651611328125,-3.5985107421875
0.9725,2.8477783203125,1.0860595703125,-3.8387451171875
0.973,2.4073486328125,1.7667236328125,-4.0789794921875
0.9735,1.6466064453125,2.6075439453125,-4.2391357421875
0.974,0.8057861328125,3.0479736328125,-3.8387451171875
0.9745,0.1251220703125,3.5284423828125,-3.6785888671875
0.975,-0.6756591796875,3.8487548828125,-3.1580810546875
0.9755,-1.5164794921875,4.0089111328125,-2.5574951171875
0.976,-2.1170654296875,4.0889892578125,-2.0770263671875
0.9765,-2.7977294921875,4.1290283203125,-1.4764404296875
0.977,-3.0780029296875,3.6485595703125,-0.7156982421875
0.9775,-3.5584716796875,3.5284423828125,-0.1951904296875
0.978,-3.6785888671875,2.6075439453125,0.8458251953125
0.9785,-3.9188232421875,2.1270751953125,1.4864501953125
0.979,-3.9989013671875,1.4063720703125,2.4073486328125
0.9795,-3.8387451171875,0.7257080078125,2.8878173828125
0.98,-3.5184326171875,0.0050048828125,3.3282470703125
0.9805,-3.1981201171875,-0.6756591796875,3.7286376953125
0.981,-2.4774169921875,-1.6766357421875,3.9688720703125
0.9815,-1.9569091796875,-2.2772216796875,4.0889892578125
0.982,-1.1961669921875,-3.1180419921875,4.1690673828125
0.9825,-0.2752685546875,-3.4783935546875,3.6485595703125
0.983,0.4053955078125,-3.9989013671875,3.5284423828125
0.9835,1.4063720703125,-4.1990966796875,2.7276611328125
0.984,2.1671142578125,-4.3592529296875,2.2471923828125
0.9845,2.7677001953125,-4.3592529296875,1.6065673828125
0.985,3.3282470703125,-4.1990966796875,0.9659423828125
0.9855,3.5684814453125,-3.7186279296875,0.2452392578125
0.986,3.9688720703125,-3.5184326171875,-0.3553466796875
0.9865,4.0489501953125,-2.5174560546875,-1.5164794921875
0.987,4.2091064453125,-1.9969482421875,-2.0770263671875
0.9875,4.2491455078125,-1.1561279296875,-2.9178466796875
0.988,3.8887939453125,-0.3953857421875,-3.3582763671875
0.9885,3.6085205078125,0.2852783203125,-3.7987060546875
0.989,3.1280517578125,1.1260986328125,-4.0789794921875
0.9895,2.4073486328125,1.9669189453125,-4.3192138671875
0.99,1.7667236328125,2.5675048828125,-4.3192138671875
0.9905,0.9659423828125,3.2882080078125,-4.2791748046875
0.991,0.0450439453125,3.6085205078125,-3.6785888671875
0.9915,-0.5555419921875,4.0889892578125,-3.5584716796875
0.992,-1.6365966796875,4.1290283203125,-2.5975341796875
0.9925,-2.1971435546875,4.2891845703125,-2.1971435546875
0.993,-2.7977294921875,4.2091064453125,-1.5565185546875
0.9935,-3.2381591796875,3.9288330078125,-0.8758544921875
0.994,-3.5184326171875,3.4884033203125,-0.1551513671875
0.9945,-3.8387451171875,3.0479736328125,0.5255126953125
0.995,-3.9188232421875,2.0870361328125,1.5665283203125
0.9955,-3.9989013671875,1.6466064453125,2.1270751953125
0.996,-3.9989013671875,0.8858642578125,2.8878173828125
0.9965,-3.5584716796875,0.1251220703125,3.2081298828125
0.997,-3.3983154296875,-0.5155029296875,3.6885986328125
0.9975,-2.6375732421875,-1.3963623046875,3.8887939453125
0.998,-2.1571044921875,-2.1170654296875,4.1290283203125
0.9985,-1.4364013671875,-2.7576904296875,4.0489501953125
0.999,-0.6756591796875,-3.3582763671875,3.9288330078125
0.9995,0.1651611328125,-3.6385498046875,3.3682861328125
