wavelength,x,y,z
0.0,0.16015625,5.685546875,-4.8447265625
0.0005,0.9208984375,5.5654296875,-5.6455078125
0.001,1.921875,4.96484375,-6.24609375
0.0015,3.1630859375,3.84375,-6.6064453125
0.002,4.244140625,2.642578125,-6.646484375
0.0025,4.9248046875,1.44140625,-6.40625
0.003,5.2451171875,0.640625,-6.2861328125
0.0035,5.365234375,-0.3203125,-5.8056640625
0.004,5.2451171875,-1.28125,-5.0048828125
0.0045,5.0849609375,-2.4423828125,-3.8837890625
0.005,4.8046875,-3.603515625,-2.72265625
0.0055,4.484375,-4.5244140625,-1.681640625
0.006,4.1640625,-5.1650390625,-0.8408203125
0.0065,3.5634765625,-5.6455078125,0.1201171875
0.007,2.5625,-5.8857421875,1.3212890625
0.0075,1.4013671875,-6.0859375,2.642578125
0.008,0.3603515625,-6.1259765625,3.763671875
0.0085,-0.400390625,-6.3662109375,4.6044921875
0.009,-1.3212890625,-6.166015625,5.4052734375
0.0095,-2.482421875,-5.4453125,5.92578125
0.01,-3.603515625,-4.32421875,6.2861328125
0.0105,-4.6044921875,-3.0830078125,6.24609375
0.011,-5.205078125,-2.0419921875,6.166015625
0.0115,-5.525390625,-1.28125,6.0458984375
0.012,-5.6455078125,-0.5205078125,5.5654296875
0.0125,-5.4853515625,0.640625,4.724609375
0.013,-5.4052734375,1.841796875,3.6435546875
0.0135,-5.0849609375,2.9228515625,2.4423828125
0.014,-4.8447265625,3.8037109375,1.521484375
0.0145,-4.404296875,4.404296875,0.640625
0.015,-3.7236328125,4.8447265625,-0.48046875
0.0155,-2.72265625,5.205078125,-1.681640625
0.016,-1.5615234375,5.3251953125,-2.962890625
0.0165,-0.6806640625,5.4052734375,-3.9638671875
0.017,0.1201171875,5.525390625,-4.8447265625
0.0175,1.0810546875,5.205078125,-5.60546875
0.018,2.2421875,4.404296875,-6.0859375
0.0185,3.36328125,3.36328125,-6.326171875
0.019,4.2041015625,2.162109375,-6.24609375
0.0195,4.724609375,1.28125,-6.2060546875
0.02,5.0048828125,0.5205078125,-5.92578125
0.0205,5.044921875,-0.48046875,-5.4453125
0.021,4.96484375,-1.4814453125,-4.5244140625
0.0215,4.8046875,-2.6826171875,-3.4033203125
0.022,4.484375,-3.68359375,-2.322265625
0.0225,4.32421875,-4.5244140625,-1.4814453125
0.023,3.84375,-5.0849609375,-0.640625
0.0235,3.04296875,-5.4453125,0.560546875
0.024,2.1220703125,-5.8056640625,1.76171875
0.0245,1.041015625,-5.92578125,2.8828125
0.025,0.3203125,-6.166015625,3.84375
0.0255,-0.6005859375,-6.24609375,4.6845703125
0.026,-1.5615234375,-5.8056640625,5.4052734375
0.0265,-2.7626953125,-4.8447265625,5.8857421875
0.027,-3.84375,-3.7236328125,6.0458984375
0.0275,-4.6044921875,-2.642578125,6.005859375
0.028,-5.0849609375,-1.8818359375,6.005859375
0.0285,-5.28515625,-1.12109375,5.685546875
0.029,-5.3251953125,-0.16015625,5.044921875
0.0295,-5.2451171875,0.9609375,4.1640625
0.03,-5.0849609375,2.162109375,3.04296875
0.0305,-4.8447265625,3.0830078125,2.08203125
0.031,-4.564453125,3.84375,1.28125
0.0315,-4.1240234375,4.4443359375,0.3603515625
0.032,-3.283203125,4.8046875,-0.880859375
0.0325,-2.2822265625,5.0849609375,-2.162109375
0.033,-1.28125,5.2451171875,-3.2431640625
0.0335,-0.640625,5.4853515625,-4.2041015625
0.034,0.3603515625,5.4052734375,-5.044921875
0.0345,1.521484375,4.8046875,-5.6455078125
0.035,2.6826171875,3.8837890625,-6.0859375
0.0355,3.68359375,2.72265625,-6.1259765625
0.036,4.3642578125,1.76171875,-6.1259765625
0.0365,4.7646484375,0.9609375,-6.0458984375
0.037,4.9248046875,0.1201171875,-5.6455078125
0.0375,4.884765625,-0.9609375,-4.884765625
0.038,4.8046875,-2.08203125,-3.923828125
0.0385,4.6044921875,-3.203125,-2.8427734375
0.039,4.404296875,-4.0439453125,-1.9619140625
0.0395,4.083984375,-4.7646484375,-1.12109375
0.04,3.443359375,-5.2451171875,0.0
0.0405,2.5625,-5.7255859375,1.2412109375
0.041,1.44140625,-5.8857421875,2.482421875
0.0415,0.6005859375,-6.1259765625,3.4833984375
0.042,-0.2001953125,-6.2060546875,4.4443359375
0.0425,-1.201171875,-5.92578125,5.205078125
0.043,-2.4423828125,-5.125,5.7255859375
0.0435,-3.5634765625,-4.0439453125,6.0859375
0.044,-4.4443359375,-2.8828125,6.0458984375
0.0445,-5.0048828125,-2.0419921875,6.005859375
0.045,-5.28515625,-1.28125,5.8056640625
0.0455,-5.4052734375,-0.3603515625,5.2451171875
0.046,-5.28515625,0.80078125,4.3642578125
0.0465,-5.1650390625,2.001953125,3.283203125
0.047,-4.884765625,3.04296875,2.2021484375
0.0475,-4.6845703125,3.84375,1.3212890625
0.048,-4.2041015625,4.404296875,0.4404296875
0.0485,-3.36328125,4.7646484375,-0.80078125
0.049,-2.4423828125,5.1650390625,-2.0419921875
0.0495,-1.3212890625,5.2451171875,-3.2431640625
0.05,-0.5205078125,5.4853515625,-4.2041015625
0.0505,0.3603515625,5.4853515625,-5.044921875
0.051,1.4013671875,5.044921875,-5.7255859375
0.0515,2.6826171875,4.00390625,-6.166015625
0.052,3.763671875,2.8427734375,-6.326171875
0.0525,4.484375,1.681640625,-6.2060546875
0.053,4.884765625,0.9609375,-6.1259765625
0.0535,5.044921875,0.1201171875,-5.765625
0.054,5.0048828125,-1.0009765625,-4.96484375
0.0545,4.9248046875,-2.2021484375,-4.00390625
0.055,4.724609375,-3.36328125,-2.802734375
0.0555,4.4443359375,-4.2041015625,-1.841796875
0.056,4.1240234375,-4.96484375,-1.0009765625
0.0565,3.5234375,-5.4453125,0.0
0.057,2.5625,-5.765625,1.28125
0.0575,1.4013671875,-6.0859375,2.5625
0.058,0.48046875,-6.1259765625,3.68359375
0.0585,-0.3203125,-6.2861328125,4.5244140625
0.059,-1.2412109375,-6.0458984375,5.3251953125
0.0595,-2.482421875,-5.28515625,5.8857421875
0.06,-3.7236328125,-4.1640625,6.2861328125
0.0605,-4.64453125,-2.9228515625,6.24609375
0.061,-5.2451171875,-1.9619140625,6.166015625
0.0615,-5.525390625,-1.1611328125,5.9658203125
0.062,-5.60546875,-0.3203125,5.4453125
0.0625,-5.4453125,0.9208984375,4.484375
0.063,-5.365234375,2.1220703125,3.36328125
0.0635,-5.0048828125,3.2431640625,2.162109375
0.064,-4.7646484375,4.0439453125,1.28125
0.0645,-4.2841796875,4.564453125,0.400390625
0.065,-3.4833984375,4.96484375,-0.80078125
0.0655,-2.4423828125,5.28515625,-2.1220703125
0.066,-1.2412109375,5.4453125,-3.4033203125
0.0665,-0.400390625,5.5654296875,-4.3642578125
0.067,0.4404296875,5.6455078125,-5.205078125
0.0675,1.521484375,5.1650390625,-5.92578125
0.068,2.802734375,4.1640625,-6.40625
0.0685,3.8837890625,3.0029296875,-6.6064453125
0.069,4.724609375,1.7216796875,-6.4462890625
0.0695,5.1650390625,0.8408203125,-6.3662109375
0.07,5.3251953125,0.0400390625,-5.92578125
0.0705,5.28515625,-1.0810546875,-5.205078125
0.071,5.125,-2.2822265625,-4.1240234375
0.0715,4.9248046875,-3.5634765625,-2.8828125
0.072,4.6044921875,-4.5244140625,-1.76171875
0.0725,4.2841796875,-5.28515625,-0.880859375
0.073,3.68359375,-5.765625,0.1201171875
0.0735,2.6025390625,-6.1259765625,1.4013671875
0.074,1.44140625,-6.326171875,2.8427734375
0.0745,0.2802734375,-6.3662109375,4.00390625
0.075,-0.560546875,-6.4462890625,4.9248046875
0.0755,-1.4013671875,-6.2861328125,5.7255859375
0.076,-2.642578125,-5.60546875,6.3662109375
0.0765,-4.00390625,-4.32421875,6.6865234375
0.077,-5.0849609375,-2.9228515625,6.7265625
0.0775,-5.7255859375,-1.76171875,6.486328125
0.078,-5.9658203125,-0.9208984375,6.24609375
0.0785,-6.005859375,0.1201171875,5.685546875
0.079,-5.845703125,1.28125,4.6044921875
0.0795,-5.685546875,2.6025390625,3.3232421875
0.08,-5.28515625,3.84375,1.9619140625
0.0805,-4.884765625,4.6044921875,0.9208984375
0.081,-4.3642578125,5.1650390625,0.0
0.0815,-3.5634765625,5.525390625,-1.201171875
0.082,-2.2021484375,5.8056640625,-2.642578125
0.0825,-0.880859375,5.92578125,-4.1240234375
0.083,0.240234375,5.845703125,-5.125
0.0835,0.9609375,5.845703125,-5.845703125
0.084,1.9619140625,5.28515625,-6.5263671875
0.0845,3.3232421875,4.1640625,-7.0068359375
0.085,4.5244140625,2.8427734375,-7.20703125
0.0855,5.4052734375,1.44140625,-6.966796875
0.086,5.8056640625,0.3603515625,-6.646484375
0.0865,5.8857421875,-0.560546875,-6.2060546875
0.087,5.765625,-1.6015625,-5.365234375
0.0875,5.4853515625,-2.8828125,-4.0439453125
0.088,5.205078125,-4.2041015625,-2.642578125
0.0885,4.724609375,-5.28515625,-1.361328125
0.089,4.2841796875,-5.92578125,-0.4404296875
0.0895,3.5634765625,-6.326171875,0.6005859375
0.09,2.482421875,-6.5263671875,1.841796875
0.0905,1.12109375,-6.6865234375,3.36328125
0.091,-0.2802734375,-6.646484375,4.64453125
0.0915,-1.0810546875,-6.56640625,5.4453125
0.092,-1.8017578125,-6.4462890625,6.1259765625
0.0925,-2.962890625,-5.7255859375,6.7666015625
0.093,-4.3642578125,-4.3642578125,7.0869140625
0.0935,-5.4453125,-3.0029296875,7.126953125
0.094,-6.1259765625,-1.6416015625,6.7666015625
0.0945,-6.40625,-0.720703125,6.4462890625
0.095,-6.3662109375,0.2802734375,5.8857421875
0.0955,-6.166015625,1.361328125,4.9248046875
0.096,-5.845703125,2.6826171875,3.5634765625
0.0965,-5.4853515625,3.8837890625,2.162109375
0.097,-5.0048828125,4.8046875,0.9609375
0.0975,-4.5244140625,5.365234375,0.0400390625
0.098,-3.7236328125,5.7255859375,-1.041015625
0.0985,-2.482421875,5.92578125,-2.4423828125
0.099,-1.1611328125,6.0859375,-3.923828125
0.0995,0.16015625,5.92578125,-5.0849609375
0.1,0.9208984375,5.92578125,-5.8056640625
0.1005,1.76171875,5.6455078125,-6.486328125
0.101,2.9228515625,4.8046875,-7.046875
0.1015,4.2841796875,3.4033203125,-7.287109375
0.102,5.28515625,1.921875,-7.20703125
0.1025,5.8056640625,0.720703125,-6.806640625
0.103,5.9658203125,-0.240234375,-6.4462890625
0.1035,5.8857421875,-1.1611328125,-5.765625
0.104,5.6455078125,-2.322265625,-4.64453125
0.1045,5.365234375,-3.7236328125,-3.283203125
0.105,4.96484375,-4.8447265625,-1.9619140625
0.1055,4.484375,-5.6455078125,-0.880859375
0.106,4.00390625,-6.1259765625,0.1201171875
0.1065,3.123046875,-6.40625,1.12109375
0.107,1.841796875,-6.6064453125,2.6025390625
0.1075,0.4404296875,-6.6865234375,4.083984375
0.108,-0.6806640625,-6.56640625,5.0849609375
0.1085,-1.4013671875,-6.56640625,5.8056640625
0.109,-2.40234375,-6.1259765625,6.4462890625
0.1095,-3.7236328125,-5.0048828125,6.966796875
0.11,-4.9248046875,-3.7236328125,7.126953125
0.1105,-5.8056640625,-2.2822265625,6.966796875
0.111,-6.2861328125,-1.1611328125,6.646484375
0.1115,-6.3662109375,-0.3603515625,6.24609375
0.112,-6.2861328125,0.720703125,5.4853515625
0.1125,-6.005859375,1.9619140625,4.2041015625
0.113,-5.7255859375,3.3232421875,2.802734375
0.1135,-5.2451171875,4.4443359375,1.4013671875
0.114,-4.8046875,5.1650390625,0.48046875
0.1145,-4.1240234375,5.60546875,-0.6005859375
0.115,-3.0830078125,5.8857421875,-1.8017578125
0.1155,-1.7216796875,6.0859375,-3.3232421875
0.116,-0.3603515625,6.0458984375,-4.6845703125
0.1165,0.640625,5.9658203125,-5.60546875
0.117,1.361328125,5.845703125,-6.2861328125
0.1175,2.5224609375,5.125,-6.9267578125
0.118,3.8837890625,3.84375,-7.287109375
0.1185,5.044921875,2.482421875,-7.3671875
0.119,5.7255859375,1.0810546875,-7.0068359375
0.1195,6.005859375,0.1201171875,-6.6865234375
0.12,6.0458984375,-0.880859375,-6.1259765625
0.1205,5.845703125,-2.001953125,-5.1650390625
0.121,5.5654296875,-3.36328125,-3.8037109375
0.1215,5.1650390625,-4.724609375,-2.322265625
0.122,4.6845703125,-5.525390625,-1.0810546875
0.1225,4.1640625,-6.1259765625,-0.2001953125
0.123,3.36328125,-6.4462890625,0.9208984375
0.1235,2.08203125,-6.646484375,2.322265625
0.124,0.720703125,-6.806640625,3.84375
0.1245,-0.6005859375,-6.646484375,4.96484375
0.125,-1.3212890625,-6.6064453125,5.7255859375
0.1255,-2.162109375,-6.326171875,6.40625
0.126,-3.36328125,-5.4453125,6.966796875
0.1265,-4.6845703125,-4.0439453125,7.1669921875
0.127,-5.7255859375,-2.6025390625,7.046875
0.1275,-6.24609375,-1.3212890625,6.6865234375
0.128,-6.3662109375,-0.5205078125,6.326171875
0.1285,-6.2861328125,0.4404296875,5.6455078125
0.129,-6.0458984375,1.6416015625,4.484375
0.1295,-5.765625,2.8828125,3.1630859375
0.13,-5.28515625,4.1240234375,1.8017578125
0.1305,-4.8447265625,4.884765625,0.7607421875
0.131,-4.2841796875,5.4052734375,-0.240234375
0.1315,-3.4833984375,5.685546875,-1.2412109375
0.132,-2.2021484375,5.845703125,-2.642578125
0.1325,-0.880859375,5.8857421875,-4.0439453125
0.133,0.2802734375,5.765625,-5.044921875
0.1335,0.9208984375,5.8056640625,-5.765625
0.134,1.8818359375,5.4052734375,-6.40625
0.1345,3.0830078125,4.404296875,-6.8466796875
0.135,4.244140625,3.1630859375,-7.0869140625
0.1355,5.125,1.76171875,-6.88671875
0.136,5.60546875,0.720703125,-6.6064453125
0.1365,5.765625,-0.2802734375,-6.2861328125
0.137,5.685546875,-1.12109375,-5.6455078125
0.1375,5.4052734375,-2.2822265625,-4.5244140625
0.138,5.1650390625,-3.5634765625,-3.203125
0.1385,4.8046875,-4.64453125,-1.921875
0.139,4.4443359375,-5.4052734375,-0.9609375
0.1395,3.8837890625,-5.845703125,0.0
0.14,3.0029296875,-6.166015625,1.12109375
0.1405,1.8017578125,-6.4462890625,2.5224609375
0.141,0.48046875,-6.4462890625,3.84375
0.1415,-0.5205078125,-6.4462890625,4.8046875
0.142,-1.2412109375,-6.486328125,5.60546875
0.1425,-2.2822265625,-5.9658203125,6.24609375
0.143,-3.5634765625,-4.884765625,6.6865234375
0.1435,-4.724609375,-3.603515625,6.8466796875
0.144,-5.525390625,-2.2822265625,6.646484375
0.1445,-5.92578125,-1.361328125,6.40625
0.145,-6.0859375,-0.560546875,6.005859375
0.1455,-5.9658203125,0.560546875,5.205078125
0.146,-5.765625,1.841796875,4.083984375
0.1465,-5.4853515625,3.1630859375,2.72265625
0.147,-5.0849609375,4.1240234375,1.521484375
0.1475,-4.6845703125,4.8046875,0.6005859375
0.148,-4.00390625,5.205078125,-0.400390625
0.1485,-2.962890625,5.4853515625,-1.6416015625
0.149,-1.76171875,5.7255859375,-3.0830078125
0.1495,-0.560546875,5.685546875,-4.2841796875
0.15,0.3203125,5.7255859375,-5.125
0.1505,1.12109375,5.60546875,-5.845703125
0.151,2.2421875,4.9248046875,-6.4462890625
0.1515,3.5234375,3.7236328125,-6.7666015625
0.152,4.5244140625,2.40234375,-6.7666015625
0.1525,5.1650390625,1.201171875,-6.5263671875
0.153,5.4052734375,0.3603515625,-6.2861328125
0.1535,5.4052734375,-0.6005859375,-5.765625
0.154,5.28515625,-1.6015625,-4.8447265625
0.1545,5.125,-2.802734375,-3.7236328125
0.155,4.8046875,-3.9638671875,-2.4423828125
0.1555,4.4443359375,-4.7646484375,-1.44140625
0.156,4.083984375,-5.4052734375,-0.6005859375
0.1565,3.36328125,-5.765625,0.4404296875
0.157,2.2822265625,-6.0458984375,1.6416015625
0.1575,1.12109375,-6.166015625,3.04296875
0.158,0.080078125,-6.2060546875,4.083984375
0.1585,-0.640625,-6.326171875,4.8447265625
0.159,-1.5615234375,-6.1259765625,5.60546875
0.1595,-2.6826171875,-5.28515625,6.0859375
0.16,-3.8837890625,-4.1640625,6.40625
0.1605,-4.8046875,-2.962890625,6.326171875
0.161,-5.365234375,-1.9619140625,6.2060546875
0.1615,-5.6455078125,-1.2412109375,6.005859375
0.162,-5.6455078125,-0.3603515625,5.525390625
0.1625,-5.4853515625,0.80078125,4.6044921875
0.163,-5.365234375,1.9619140625,3.5234375
0.1635,-5.044921875,3.123046875,2.322265625
0.164,-4.8046875,3.8837890625,1.4013671875
0.1645,-4.3642578125,4.484375,0.560546875
0.165,-3.6435546875,4.9248046875,-0.560546875
0.1655,-2.6826171875,5.2451171875,-1.8017578125
0.166,-1.4814453125,5.365234375,-3.04296875
0.1665,-0.640625,5.4853515625,-4.0439453125
0.167,0.16015625,5.6455078125,-4.884765625
0.1675,1.12109375,5.28515625,-5.60546875
0.168,2.2822265625,4.484375,-6.1259765625
0.1685,3.4033203125,3.3232421875,-6.326171875
0.169,4.2841796875,2.1220703125,-6.2861328125
0.1695,4.7646484375,1.28125,-6.24609375
0.17,5.044921875,0.5205078125,-5.92578125
0.1705,5.0849609375,-0.4404296875,-5.4453125
0.171,4.96484375,-1.521484375,-4.5244140625
0.1715,4.8046875,-2.72265625,-3.4833984375
0.172,4.564453125,-3.7236328125,-2.40234375
0.1725,4.32421875,-4.5244140625,-1.5615234375
0.173,3.8837890625,-5.044921875,-0.720703125
0.1735,3.123046875,-5.4453125,0.48046875
0.174,2.162109375,-5.8056640625,1.7216796875
0.1745,1.0810546875,-5.92578125,2.9228515625
0.175,0.3203125,-6.166015625,3.84375
0.1755,-0.6005859375,-6.24609375,4.724609375
0.176,-1.5615234375,-5.8056640625,5.4052734375
0.1765,-2.802734375,-4.884765625,5.8857421875
0.177,-3.8837890625,-3.8037109375,6.0859375
0.1775,-4.6845703125,-2.642578125,6.005859375
0.178,-5.125,-1.8818359375,6.005859375
0.1785,-5.3251953125,-1.12109375,5.7255859375
0.179,-5.3251953125,0.0,5.0048828125
0.1795,-5.28515625,1.0009765625,4.1640625
0.18,-5.0849609375,2.2021484375,3.04296875
0.1805,-4.8447265625,3.123046875,2.08203125
0.181,-4.6044921875,3.84375,1.2412109375
0.1815,-4.1240234375,4.4443359375,0.3603515625
0.182,-3.2431640625,4.8046875,-0.9208984375
0.1825,-2.2421875,5.125,-2.2021484375
0.183,-1.2412109375,5.28515625,-3.283203125
0.1835,-0.560546875,5.525390625,-4.2041015625
0.184,0.4404296875,5.4052734375,-5.0849609375
0.1845,1.5615234375,4.7646484375,-5.685546875
0.185,2.72265625,3.84375,-6.1259765625
0.1855,3.68359375,2.6025390625,-6.2060546875
0.186,4.404296875,1.76171875,-6.1259765625
0.1865,4.7646484375,0.9609375,-6.0458984375
0.187,4.9248046875,0.16015625,-5.6455078125
0.1875,4.9248046875,-0.9609375,-4.884765625
0.188,4.8447265625,-2.1220703125,-3.8837890625
0.1885,4.6044921875,-3.203125,-2.802734375
0.189,4.4443359375,-4.1240234375,-1.921875
0.1895,4.083984375,-4.8046875,-1.0810546875
0.19,3.443359375,-5.28515625,0.0400390625
0.1905,2.5625,-5.7255859375,1.2412109375
0.191,1.44140625,-5.8857421875,2.482421875
0.1915,0.640625,-6.1259765625,3.5234375
0.192,-0.2001953125,-6.24609375,4.404296875
0.1925,-1.1611328125,-6.0458984375,5.1650390625
0.193,-2.4423828125,-5.1650390625,5.7255859375
0.1935,-3.603515625,-4.1240234375,6.0458984375
0.194,-4.484375,-2.9228515625,6.005859375
0.1945,-5.0048828125,-2.08203125,6.005859375
0.195,-5.28515625,-1.3212890625,5.8056640625
0.1955,-5.365234375,-0.400390625,5.2451171875
0.196,-5.28515625,0.7607421875,4.404296875
0.1965,-5.1650390625,1.9619140625,3.283203125
0.197,-4.9248046875,3.0029296875,2.2421875
0.1975,-4.6845703125,3.8037109375,1.4013671875
0.198,-4.244140625,4.3642578125,0.5205078125
0.1985,-3.443359375,4.8046875,-0.6806640625
0.199,-2.4423828125,5.1650390625,-2.001953125
0.1995,-1.361328125,5.28515625,-3.1630859375
0.2,-0.640625,5.4853515625,-4.1240234375
0.2005,0.2802734375,5.4853515625,-4.96484375
0.201,1.28125,5.044921875,-5.6455078125
0.2015,2.5224609375,4.00390625,-6.1259765625
0.202,3.68359375,2.8427734375,-6.2861328125
0.2025,4.4443359375,1.76171875,-6.166015625
0.203,4.8046875,1.0009765625,-6.1259765625
0.2035,4.96484375,0.2001953125,-5.765625
0.204,4.96484375,-0.9208984375,-5.0048828125
0.2045,4.884765625,-2.001953125,-4.0439453125
0.205,4.6845703125,-3.203125,-2.9228515625
0.2055,4.4443359375,-4.1240234375,-1.9619140625
0.206,4.1640625,-4.8447265625,-1.1611328125
0.2065,3.603515625,-5.28515625,-0.2001953125
0.207,2.642578125,-5.685546875,1.12109375
0.2075,1.5615234375,-5.92578125,2.482421875
0.208,0.6005859375,-6.1259765625,3.5234375
0.2085,-0.2001953125,-6.326171875,4.4443359375
0.209,-1.12109375,-6.1259765625,5.2451171875
0.2095,-2.3623046875,-5.4052734375,5.765625
0.21,-3.5634765625,-4.244140625,6.2060546875
0.2105,-4.5244140625,-3.04296875,6.2060546875
0.211,-5.1650390625,-2.001953125,6.1259765625
0.2115,-5.4453125,-1.28125,5.9658203125
0.212,-5.525390625,-0.400390625,5.4453125
0.2125,-5.4453125,0.80078125,4.5244140625
0.213,-5.3251953125,2.0419921875,3.443359375
0.2135,-5.044921875,3.1630859375,2.2421875
0.214,-4.8046875,3.9638671875,1.3212890625
0.2145,-4.32421875,4.5244140625,0.4404296875
0.215,-3.5634765625,4.96484375,-0.720703125
0.2155,-2.482421875,5.3251953125,-2.08203125
0.216,-1.28125,5.4453125,-3.36328125
0.2165,-0.48046875,5.5654296875,-4.3642578125
0.217,0.3603515625,5.60546875,-5.205078125
0.2175,1.4013671875,5.125,-5.92578125
0.218,2.72265625,4.1240234375,-6.3662109375
0.2185,3.8837890625,3.0029296875,-6.6064453125
0.219,4.724609375,1.7216796875,-6.4462890625
0.2195,5.1650390625,0.8408203125,-6.326171875
0.22,5.28515625,0.0,-5.92578125
0.2205,5.2451171875,-1.12109375,-5.1650390625
0.221,5.0849609375,-2.2822265625,-4.083984375
0.2215,4.9248046875,-3.603515625,-2.8427734375
0.222,4.564453125,-4.5244140625,-1.7216796875
0.2225,4.244140625,-5.205078125,-0.9208984375
0.223,3.603515625,-5.6455078125,0.16015625
0.2235,2.5625,-5.9658203125,1.4013671875
0.224,1.4013671875,-6.2861328125,2.8427734375
0.2245,0.2802734375,-6.2861328125,3.9638671875
0.225,-0.560546875,-6.4462890625,4.8447265625
0.2255,-1.44140625,-6.2861328125,5.60546875
0.226,-2.6025390625,-5.525390625,6.24609375
0.2265,-3.923828125,-4.32421875,6.56640625
0.227,-5.0048828125,-2.962890625,6.646484375
0.2275,-5.60546875,-1.8017578125,6.40625
0.228,-5.845703125,-1.0009765625,6.2060546875
0.2285,-5.92578125,0.0,5.60546875
0.229,-5.765625,1.201171875,4.564453125
0.2295,-5.60546875,2.4423828125,3.36328125
0.23,-5.2451171875,3.68359375,2.0419921875
0.2305,-4.884765625,4.484375,1.041015625
0.231,-4.3642578125,5.044921875,0.16015625
0.2315,-3.603515625,5.4052734375,-1.0009765625
0.232,-2.322265625,5.685546875,-2.4423828125
0.2325,-1.041015625,5.765625,-3.8837890625
0.233,0.0,5.7255859375,-4.8447265625
0.2335,0.6806640625,5.7255859375,-5.685546875
0.234,1.8017578125,5.3251953125,-6.3662109375
0.2345,3.123046875,4.2841796875,-6.806640625
0.235,4.32421875,3.0029296875,-7.046875
0.2355,5.205078125,1.6015625,-6.88671875
0.236,5.6455078125,0.6005859375,-6.56640625
0.2365,5.765625,-0.3603515625,-6.166015625
0.237,5.685546875,-1.361328125,-5.4453125
0.2375,5.4453125,-2.642578125,-4.1640625
0.238,5.205078125,-4.00390625,-2.8427734375
0.2385,4.8046875,-5.044921875,-1.5615234375
0.239,4.3642578125,-5.7255859375,-0.640625
0.2395,3.68359375,-6.1259765625,0.3603515625
0.24,2.6025390625,-6.40625,1.6416015625
0.2405,1.28125,-6.646484375,3.123046875
0.241,0.0,-6.6064453125,4.4443359375
0.2415,-0.9609375,-6.6064453125,5.2451171875
0.242,-1.6416015625,-6.40625,6.005859375
0.2425,-2.8828125,-5.7255859375,6.646484375
0.243,-4.2041015625,-4.4443359375,7.046875
0.2435,-5.3251953125,-3.04296875,7.046875
0.244,-6.0458984375,-1.7216796875,6.7265625
0.2445,-6.326171875,-0.80078125,6.40625
0.245,-6.2861328125,0.2001953125,5.8857421875
0.2455,-6.1259765625,1.28125,4.884765625
0.246,-5.845703125,2.6025390625,3.5234375
0.2465,-5.4853515625,3.8837890625,2.162109375
0.247,-5.0048828125,4.8046875,0.9208984375
0.2475,-4.5244140625,5.4052734375,0.0400390625
0.248,-3.7236328125,5.7255859375,-1.0810546875
0.2485,-2.4423828125,5.8857421875,-2.4423828125
0.249,-1.12109375,6.0458984375,-3.9638671875
0.2495,0.2001953125,5.8857421875,-5.125
0.25,0.9208984375,5.8857421875,-5.845703125
0.2505,1.76171875,5.60546875,-6.5263671875
0.251,3.0029296875,4.6845703125,-7.046875
0.2515,4.32421875,3.3232421875,-7.2470703125
0.252,5.3251953125,1.841796875,-7.1669921875
0.2525,5.845703125,0.640625,-6.7666015625
0.253,6.005859375,-0.3203125,-6.40625
0.2535,5.8857421875,-1.2412109375,-5.7255859375
0.254,5.6455078125,-2.4423828125,-4.5244140625
0.2545,5.365234375,-3.763671875,-3.203125
0.255,4.9248046875,-4.884765625,-1.841796875
0.2555,4.484375,-5.6455078125,-0.80078125
0.256,3.923828125,-6.1259765625,0.2001953125
0.2565,3.04296875,-6.486328125,1.2412109375
0.257,1.681640625,-6.6865234375,2.6826171875
0.2575,0.2802734375,-6.7265625,4.1240234375
0.258,-0.7607421875,-6.56640625,5.0849609375
0.2585,-1.44140625,-6.56640625,5.8056640625
0.259,-2.4423828125,-6.0458984375,6.4462890625
0.2595,-3.763671875,-4.96484375,6.88671875
0.26,-4.96484375,-3.603515625,7.0869140625
0.2605,-5.8056640625,-2.2421875,6.88671875
0.261,-6.2861328125,-1.1611328125,6.56640625
0.2615,-6.3662109375,-0.3203125,6.166015625
0.262,-6.24609375,0.7607421875,5.4052734375
0.2625,-5.9658203125,2.001953125,4.1640625
0.263,-5.685546875,3.3232421875,2.802734375
0.2635,-5.205078125,4.4443359375,1.44140625
0.264,-4.7646484375,5.0849609375,0.48046875
0.2645,-4.1240234375,5.4853515625,-0.560546875
0.265,-3.0830078125,5.765625,-1.8017578125
0.2655,-1.76171875,6.005859375,-3.283203125
0.266,-0.400390625,6.005859375,-4.6044921875
0.2665,0.560546875,5.92578125,-5.4853515625
0.267,1.28125,5.845703125,-6.24609375
0.2675,2.40234375,5.1650390625,-6.8466796875
0.268,3.84375,3.8837890625,-7.20703125
0.2685,4.96484375,2.5224609375,-7.287109375
0.269,5.685546875,1.12109375,-6.966796875
0.2695,5.9658203125,0.2001953125,-6.6865234375
0.27,5.9658203125,-0.80078125,-6.1259765625
0.2705,5.8056640625,-1.9619140625,-5.125
0.271,5.5654296875,-3.283203125,-3.8037109375
0.2715,5.1650390625,-4.564453125,-2.3623046875
0.272,4.724609375,-5.4853515625,-1.1611328125
0.2725,4.244140625,-6.1259765625,-0.2802734375
0.273,3.443359375,-6.486328125,0.880859375
0.2735,2.162109375,-6.7265625,2.2822265625
0.274,0.7607421875,-6.806640625,3.84375
0.2745,-0.560546875,-6.6865234375,4.96484375
0.275,-1.28125,-6.6865234375,5.765625
0.2755,-2.162109375,-6.3662109375,6.4462890625
0.276,-3.443359375,-5.4052734375,7.046875
0.2765,-4.8046875,-4.00390625,7.2470703125
0.277,-5.765625,-2.5224609375,7.0869140625
0.2775,-6.3662109375,-1.28125,6.7265625
0.278,-6.4462890625,-0.4404296875,6.3662109375
0.2785,-6.3662109375,0.6005859375,5.6455078125
0.279,-6.1259765625,1.8818359375,4.4443359375
0.2795,-5.8056640625,3.203125,3.04296875
0.28,-5.3251953125,4.3642578125,1.6015625
0.2805,-4.8447265625,5.0849609375,0.6005859375
0.281,-4.244140625,5.525390625,-0.4404296875
0.2815,-3.36328125,5.8056640625,-1.5615234375
0.282,-1.9619140625,6.005859375,-3.04296875
0.2825,-0.6005859375,6.005859375,-4.4443359375
0.283,0.560546875,5.8857421875,-5.4052734375
0.2835,1.201171875,5.8056640625,-6.1259765625
0.284,2.2021484375,5.3251953125,-6.7265625
0.2845,3.4833984375,4.1640625,-7.0869140625
0.285,4.6044921875,2.8828125,-7.2470703125
0.2855,5.4453125,1.4814453125,-7.0068359375
0.286,5.8056640625,0.4404296875,-6.6865234375
0.2865,5.8857421875,-0.48046875,-6.24609375
0.287,5.765625,-1.4013671875,-5.4853515625
0.2875,5.4453125,-2.6025390625,-4.244140625
0.288,5.1650390625,-3.923828125,-2.8828125
0.2885,4.724609375,-5.0048828125,-1.6015625
0.289,4.32421875,-5.7255859375,-0.6806640625
0.2895,3.68359375,-6.1259765625,0.2802734375
0.29,2.7626953125,-6.326171875,1.4013671875
0.2905,1.521484375,-6.5263671875,2.802734375
0.291,0.2001953125,-6.4462890625,4.083984375
0.2915,-0.720703125,-6.486328125,4.96484375
0.292,-1.44140625,-6.4462890625,5.7255859375
0.2925,-2.4423828125,-5.92578125,6.3662109375
0.293,-3.763671875,-4.7646484375,6.7265625
0.2935,-4.8447265625,-3.4833984375,6.88671875
0.294,-5.6455078125,-2.1220703125,6.6064453125
0.2945,-6.005859375,-1.28125,6.40625
0.295,-6.1259765625,-0.4404296875,6.005859375
0.2955,-5.9658203125,0.6806640625,5.1650390625
0.296,-5.765625,1.8818359375,4.0439453125
0.2965,-5.4453125,3.1630859375,2.6826171875
0.297,-5.044921875,4.1240234375,1.521484375
0.2975,-4.6845703125,4.8046875,0.6005859375
0.298,-4.0439453125,5.2451171875,-0.400390625
0.2985,-2.962890625,5.525390625,-1.6416015625
0.299,-1.8017578125,5.765625,-3.04296875
0.2995,-0.6005859375,5.685546875,-4.2041015625
0.3,0.2802734375,5.8056640625,-5.125
0.3005,1.0810546875,5.6455078125,-5.845703125
0.301,2.2021484375,4.96484375,-6.4462890625
0.3015,3.5234375,3.8037109375,-6.7666015625
0.302,4.5244140625,2.4423828125,-6.7666015625
0.3025,5.1650390625,1.28125,-6.56640625
0.303,5.4453125,0.4404296875,-6.3662109375
0.3035,5.4853515625,-0.48046875,-5.8056640625
0.304,5.3251953125,-1.5615234375,-4.884765625
0.3045,5.1650390625,-2.802734375,-3.763671875
0.305,4.8046875,-3.9638671875,-2.482421875
0.3055,4.484375,-4.8447265625,-1.4814453125
0.306,4.1240234375,-5.4052734375,-0.640625
0.3065,3.4033203125,-5.765625,0.4404296875
0.307,2.3623046875,-6.0859375,1.681640625
0.3075,1.12109375,-6.2060546875,3.04296875
0.308,0.1201171875,-6.24609375,4.083984375
0.3085,-0.640625,-6.40625,4.9248046875
0.309,-1.5615234375,-6.1259765625,5.6455078125
0.3095,-2.7626953125,-5.28515625,6.1259765625
0.31,-3.8837890625,-4.1640625,6.4462890625
0.3105,-4.8447265625,-2.8828125,6.40625
0.311,-5.4453125,-1.8818359375,6.24609375
0.3115,-5.6455078125,-1.12109375,6.0458984375
0.312,-5.7255859375,-0.2802734375,5.4853515625
0.3125,-5.525390625,0.880859375,4.564453125
0.313,-5.4052734375,2.08203125,3.443359375
0.3135,-5.0849609375,3.1630859375,2.162109375
0.314,-4.7646484375,4.0439453125,1.28125
0.3145,-4.32421875,4.6044921875,0.48046875
0.315,-3.5634765625,5.044921875,-0.6806640625
0.3155,-2.5625,5.365234375,-1.9619140625
0.316,-1.3212890625,5.4052734375,-3.203125
0.3165,-0.5205078125,5.5654296875,-4.2041015625
0.317,0.2802734375,5.6455078125,-5.044921875
0.3175,1.2412109375,5.28515625,-5.765625
0.318,2.482421875,4.404296875,-6.24609375
0.3185,3.5634765625,3.2431640625,-6.4462890625
0.319,4.4443359375,2.001953125,-6.326171875
0.3195,4.9248046875,1.1611328125,-6.2861328125
0.32,5.125,0.3603515625,-5.9658203125
0.3205,5.1650390625,-0.6806640625,-5.4052734375
0.321,5.044921875,-1.8017578125,-4.484375
0.3215,4.8046875,-3.0029296875,-3.283203125
0.322,4.5244140625,-3.923828125,-2.2021484375
0.3225,4.32421875,-4.6845703125,-1.361328125
0.323,3.84375,-5.2451171875,-0.5205078125
0.3235,3.0029296875,-5.60546875,0.6806640625
0.324,2.001953125,-5.92578125,1.9619140625
0.3245,0.880859375,-5.9658203125,3.123046875
0.325,0.16015625,-6.2060546875,4.0439453125
0.3255,-0.720703125,-6.2060546875,4.884765625
0.326,-1.76171875,-5.765625,5.60546875
0.3265,-2.962890625,-4.7646484375,6.005859375
0.327,-4.0439453125,-3.603515625,6.1259765625
0.3275,-4.8046875,-2.5224609375,6.0458984375
0.328,-5.1650390625,-1.76171875,6.005859375
0.3285,-5.365234375,-1.0009765625,5.6455078125
0.329,-5.365234375,0.080078125,4.9248046875
0.3295,-5.3251953125,1.1611328125,4.00390625
0.33,-5.0849609375,2.3623046875,2.8828125
0.3305,-4.8447265625,3.2431640625,1.9619140625
0.331,-4.564453125,3.9638671875,1.1611328125
0.3315,-4.1240234375,4.484375,0.2802734375
0.332,-3.203125,4.8447265625,-1.0009765625
0.3325,-2.1220703125,5.1650390625,-2.2822265625
0.333,-1.1611328125,5.28515625,-3.36328125
0.3335,-0.5205078125,5.525390625,-4.244140625
0.334,0.48046875,5.4052734375,-5.0849609375
0.3345,1.5615234375,4.8046875,-5.6455078125
0.335,2.72265625,3.84375,-6.1259765625
0.3355,3.7236328125,2.6826171875,-6.1259765625
0.336,4.3642578125,1.76171875,-6.1259765625
0.3365,4.7646484375,0.9609375,-6.0458984375
0.337,4.9248046875,0.16015625,-5.6455078125
0.3375,4.8447265625,-1.0009765625,-4.9248046875
0.338,4.8447265625,-2.08203125,-3.923828125
0.3385,4.6044921875,-3.203125,-2.8427734375
0.339,4.4443359375,-4.0439453125,-1.9619140625
0.3395,4.1240234375,-4.7646484375,-1.1611328125
0.34,3.4833984375,-5.2451171875,0.0
0.3405,2.6025390625,-5.7255859375,1.201171875
0.341,1.521484375,-5.845703125,2.40234375
0.3415,0.6806640625,-6.1259765625,3.443359375
0.342,0.0,-6.2861328125,4.32421875
0.3425,-1.12109375,-6.0458984375,5.125
0.343,-2.322265625,-5.1650390625,5.7255859375
0.3435,-3.4833984375,-4.1240234375,6.0458984375
0.344,-4.404296875,-2.9228515625,6.005859375
0.3445,-4.96484375,-2.162109375,6.005859375
0.345,-5.2451171875,-1.4013671875,5.8056640625
0.3455,-5.4052734375,-0.5205078125,5.2451171875
0.346,-5.3251953125,0.720703125,4.4443359375
0.3465,-5.1650390625,1.921875,3.3232421875
0.347,-4.9248046875,2.962890625,2.2421875
0.3475,-4.724609375,3.763671875,1.44140625
0.348,-4.2841796875,4.32421875,0.560546875
0.3485,-3.4833984375,4.8046875,-0.6806640625
0.349,-2.482421875,5.1650390625,-1.9619140625
0.3495,-1.4013671875,5.28515625,-3.1630859375
0.35,-0.640625,5.4853515625,-4.083984375
0.3505,0.2802734375,5.4853515625,-4.96484375
0.351,1.3212890625,5.044921875,-5.6455078125
0.3515,2.5625,4.083984375,-6.1259765625
0.352,3.6435546875,2.8427734375,-6.24609375
0.3525,4.404296875,1.7216796875,-6.166015625
0.353,4.8046875,0.9609375,-6.1259765625
0.3535,4.9248046875,0.1201171875,-5.765625
0.354,4.9248046875,-0.9208984375,-4.96484375
0.3545,4.884765625,-2.08203125,-4.00390625
0.355,4.64453125,-3.203125,-2.8828125
0.3555,4.4443359375,-4.1240234375,-1.9619140625
0.356,4.1240234375,-4.8447265625,-1.12109375
0.3565,3.5634765625,-5.28515625,-0.16015625
0.357,2.642578125,-5.6455078125,1.12109375
0.3575,1.5615234375,-5.92578125,2.4423828125
0.358,0.6005859375,-6.0458984375,3.4833984375
0.3585,-0.16015625,-6.2861328125,4.3642578125
0.359,-1.12109375,-6.0458984375,5.1650390625
0.3595,-2.322265625,-5.28515625,5.765625
0.36,-3.5634765625,-4.244140625,6.1259765625
0.3605,-4.484375,-3.0830078125,6.1259765625
0.361,-5.125,-2.08203125,6.005859375
0.3615,-5.4052734375,-1.361328125,5.8857421875
0.362,-5.4853515625,-0.48046875,5.4453125
0.3625,-5.4052734375,0.720703125,4.5244140625
0.363,-5.3251953125,1.9619140625,3.4833984375
0.3635,-5.0048828125,3.04296875,2.2421875
0.364,-4.7646484375,3.84375,1.4013671875
0.3645,-4.32421875,4.4443359375,0.560546875
0.365,-3.5634765625,4.8447265625,-0.640625
0.3655,-2.5625,5.2451171875,-1.9619140625
0.366,-1.4013671875,5.4052734375,-3.203125
0.3665,-0.560546875,5.525390625,-4.1640625
0.367,0.240234375,5.60546875,-5.0048828125
0.3675,1.28125,5.1650390625,-5.765625
0.368,2.6025390625,4.2041015625,-6.24609375
0.3685,3.763671875,3.0029296875,-6.486328125
0.369,4.564453125,1.76171875,-6.3662109375
0.3695,4.96484375,0.9208984375,-6.2861328125
0.37,5.1650390625,0.16015625,-5.92578125
0.3705,5.1650390625,-0.9208984375,-5.205078125
0.371,5.044921875,-2.08203125,-4.1640625
0.3715,4.8447265625,-3.3232421875,-2.962890625
0.372,4.5244140625,-4.2841796875,-1.8818359375
0.3725,4.2841796875,-5.0048828125,-1.0810546875
0.373,3.68359375,-5.4453125,0.0
0.3735,2.6826171875,-5.8056640625,1.201171875
0.374,1.5615234375,-6.1259765625,2.5625
0.3745,0.48046875,-6.166015625,3.68359375
0.375,-0.3603515625,-6.326171875,4.6044921875
0.3755,-1.2412109375,-6.2060546875,5.4052734375
0.376,-2.3623046875,-5.525390625,6.0458984375
0.3765,-3.68359375,-4.4443359375,6.40625
0.377,-4.7646484375,-3.1630859375,6.4462890625
0.3775,-5.4453125,-2.001953125,6.24609375
0.378,-5.7255859375,-1.1611328125,6.1259765625
0.3785,-5.765625,-0.2802734375,5.60546875
0.379,-5.6455078125,0.9609375,4.6044921875
0.3795,-5.525390625,2.2421875,3.4833984375
0.38,-5.205078125,3.443359375,2.2021484375
0.3805,-4.884765625,4.2841796875,1.201171875
0.381,-4.4443359375,4.8447265625,0.3203125
0.3815,-3.68359375,5.2451171875,-0.80078125
0.382,-2.4423828125,5.5654296875,-2.2822265625
0.3825,-1.201171875,5.7255859375,-3.68359375
0.383,-0.2001953125,5.7255859375,-4.6845703125
0.3835,0.6005859375,5.8056640625,-5.525390625
0.384,1.6416015625,5.365234375,-6.24609375
0.3845,3.04296875,4.2841796875,-6.7666015625
0.385,4.2041015625,3.0029296875,-7.0068359375
0.3855,5.0849609375,1.6015625,-6.8466796875
0.386,5.5654296875,0.6005859375,-6.56640625
0.3865,5.685546875,-0.3203125,-6.166015625
0.387,5.6455078125,-1.3212890625,-5.4453125
0.3875,5.4052734375,-2.642578125,-4.1640625
0.388,5.1650390625,-3.9638671875,-2.802734375
0.3885,4.7646484375,-5.0048828125,-1.5615234375
0.389,4.32421875,-5.685546875,-0.640625
0.3895,3.68359375,-6.0859375,0.400390625
0.39,2.5625,-6.40625,1.7216796875
0.3905,1.28125,-6.6064453125,3.1630859375
0.391,0.0,-6.56640625,4.484375
0.3915,-0.9208984375,-6.5263671875,5.28515625
0.392,-1.681640625,-6.3662109375,6.005859375
0.3925,-2.8828125,-5.6455078125,6.646484375
0.393,-4.244140625,-4.3642578125,7.0068359375
0.3935,-5.4052734375,-3.04296875,7.0068359375
0.394,-6.0458984375,-1.6416015625,6.6865234375
0.3945,-6.2861328125,-0.7607421875,6.40625
0.395,-6.2861328125,0.240234375,5.8056640625
0.3955,-6.1259765625,1.4013671875,4.8046875
0.396,-5.8056640625,2.6826171875,3.4833984375
0.3965,-5.4453125,3.9638671875,2.0419921875
0.397,-4.96484375,4.8046875,0.880859375
0.3975,-4.484375,5.365234375,0.0
0.398,-3.6435546875,5.7255859375,-1.1611328125
0.3985,-2.3623046875,5.8857421875,-2.5625
0.399,-1.041015625,6.0859375,-4.0439453125
0.3995,0.240234375,5.92578125,-5.125
0.4,0.9208984375,5.92578125,-5.845703125
0.4005,1.841796875,5.4853515625,-6.56640625
0.401,3.04296875,4.564453125,-7.0869140625
0.4015,4.32421875,3.1630859375,-7.287109375
0.402,5.4052734375,1.8017578125,-7.1669921875
0.4025,5.8857421875,0.6005859375,-6.7666015625
0.403,6.005859375,-0.3603515625,-6.40625
0.4035,5.8857421875,-1.28125,-5.7255859375
0.404,5.6455078125,-2.5224609375,-4.484375
0.4045,5.365234375,-3.84375,-3.1630859375
0.405,4.9248046875,-5.0048828125,-1.8017578125
0.4055,4.484375,-5.7255859375,-0.720703125
0.406,3.8837890625,-6.2060546875,0.2802734375
0.4065,2.962890625,-6.486328125,1.3212890625
0.407,1.6015625,-6.6865234375,2.8427734375
0.4075,0.2802734375,-6.7265625,4.244140625
0.408,-0.80078125,-6.6064453125,5.1650390625
0.4085,-1.4814453125,-6.6064453125,5.8857421875
0.409,-2.5224609375,-6.0859375,6.5263671875
0.4095,-3.84375,-4.9248046875,6.966796875
0.41,-5.044921875,-3.5634765625,7.0869140625
0.4105,-5.92578125,-2.1220703125,6.88671875
0.411,-6.2861328125,-1.041015625,6.56640625
0.4115,-6.3662109375,-0.2001953125,6.1259765625
0.412,-6.24609375,0.8408203125,5.365234375
0.4125,-5.9658203125,2.162109375,4.083984375
0.413,-5.7255859375,3.4833984375,2.6826171875
0.4135,-5.1650390625,4.5244140625,1.3212890625
0.414,-4.7646484375,5.1650390625,0.4404296875
0.4145,-4.083984375,5.5654296875,-0.640625
0.415,-2.962890625,5.845703125,-1.921875
0.4155,-1.6416015625,6.0859375,-3.4033203125
0.416,-0.2802734375,5.9658203125,-4.6845703125
0.4165,0.640625,5.92578125,-5.60546875
0.417,1.4013671875,5.7255859375,-6.2861328125
0.4175,2.5224609375,5.044921875,-6.9267578125
0.418,3.8837890625,3.8037109375,-7.20703125
0.4185,5.0048828125,2.4423828125,-7.287109375
0.419,5.7255859375,1.0810546875,-6.9267578125
0.4195,5.9658203125,0.1201171875,-6.6064453125
0.42,5.9658203125,-0.8408203125,-6.0458984375
0.4205,5.8056640625,-2.001953125,-5.0849609375
0.421,5.525390625,-3.36328125,-3.7236328125
0.4215,5.1650390625,-4.6044921875,-2.2822265625
0.422,4.6845703125,-5.525390625,-1.0810546875
0.4225,4.2041015625,-6.1259765625,-0.2001953125
0.423,3.4033203125,-6.40625,0.9208984375
0.4235,2.1220703125,-6.646484375,2.2822265625
0.424,0.7607421875,-6.7666015625,3.8037109375
0.4245,-0.5205078125,-6.6865234375,4.9248046875
0.425,-1.28125,-6.6865234375,5.7255859375
0.4255,-2.2021484375,-6.40625,6.3662109375
0.426,-3.4033203125,-5.4052734375,7.0068359375
0.4265,-4.7646484375,-4.00390625,7.1669921875
0.427,-5.765625,-2.5625,7.0869140625
0.4275,-6.2861328125,-1.3212890625,6.6865234375
0.428,-6.4462890625,-0.48046875,6.3662109375
0.4285,-6.326171875,0.6005859375,5.6455078125
0.429,-6.1259765625,1.8818359375,4.4443359375
0.4295,-5.8056640625,3.1630859375,3.0830078125
0.43,-5.365234375,4.3642578125,1.6416015625
0.4305,-4.8447265625,5.0849609375,0.6005859375
0.431,-4.2841796875,5.5654296875,-0.4404296875
0.4315,-3.36328125,5.845703125,-1.4814453125
0.432,-1.9619140625,6.0458984375,-3.0029296875
0.4325,-0.640625,6.0458984375,-4.4443359375
0.433,0.5205078125,5.8857421875,-5.4052734375
0.4335,1.12109375,5.845703125,-6.1259765625
0.434,2.162109375,5.3251953125,-6.6865234375
0.4345,3.4833984375,4.1640625,-7.0869140625
0.435,4.64453125,2.8427734375,-7.2470703125
0.4355,5.4853515625,1.4013671875,-7.0068359375
0.436,5.8857421875,0.400390625,-6.646484375
0.4365,5.92578125,-0.560546875,-6.24609375
0.437,5.8056640625,-1.521484375,-5.4453125
0.4375,5.4853515625,-2.7626953125,-4.1640625
0.438,5.205078125,-4.0439453125,-2.8828125
0.4385,4.7646484375,-5.0849609375,-1.5615234375
0.439,4.32421875,-5.685546875,-0.640625
0.4395,3.68359375,-6.1259765625,0.3603515625
0.44,2.6826171875,-6.3662109375,1.521484375
0.4405,1.4013671875,-6.56640625,2.9228515625
0.441,0.080078125,-6.486328125,4.1640625
0.4415,-0.8408203125,-6.486328125,5.0849609375
0.442,-1.521484375,-6.40625,5.8056640625
0.4425,-2.5625,-5.8056640625,6.40625
0.443,-3.8837890625,-4.64453125,6.7666015625
0.4435,-5.0048828125,-3.36328125,6.88671875
0.444,-5.7255859375,-2.001953125,6.6064453125
0.4445,-6.0458984375,-1.1611328125,6.40625
0.445,-6.1259765625,-0.3203125,5.92578125
0.4455,-6.005859375,0.80078125,5.125
0.446,-5.765625,2.0419921875,3.923828125
0.4465,-5.4453125,3.3232421875,2.5625
0.447,-5.044921875,4.2841796875,1.4013671875
0.4475,-4.64453125,4.96484375,0.5205078125
0.448,-4.00390625,5.365234375,-0.5205078125
0.4485,-2.8828125,5.60546875,-1.841796875
0.449,-1.6416015625,5.8056640625,-3.283203125
0.4495,-0.4404296875,5.7255859375,-4.4443359375
0.45,0.4404296875,5.845703125,-5.28515625
0.4505,1.2412109375,5.685546875,-6.0458984375
0.451,2.40234375,4.9248046875,-6.6064453125
0.4515,3.68359375,3.68359375,-6.9267578125
0.452,4.724609375,2.2822265625,-6.88671875
0.4525,5.365234375,1.12109375,-6.6064453125
0.453,5.60546875,0.2802734375,-6.3662109375
0.4535,5.60546875,-0.6806640625,-5.765625
0.454,5.4052734375,-1.841796875,-4.7646484375
0.4545,5.2451171875,-3.0830078125,-3.5634765625
0.455,4.8447265625,-4.244140625,-2.2822265625
0.4555,4.484375,-5.0849609375,-1.2412109375
0.456,4.0439453125,-5.6455078125,-0.3603515625
0.4565,3.283203125,-6.0458984375,0.6806640625
0.457,2.162109375,-6.2861328125,2.0419921875
0.4575,0.80078125,-6.40625,3.4033203125
0.458,-0.240234375,-6.326171875,4.404296875
0.4585,-0.9208984375,-6.40625,5.1650390625
0.459,-1.8017578125,-6.0458984375,5.845703125
0.4595,-3.0830078125,-5.0849609375,6.3662109375
0.46,-4.244140625,-3.923828125,6.6064453125
0.4605,-5.125,-2.6025390625,6.4462890625
0.461,-5.60546875,-1.6015625,6.24609375
0.4615,-5.765625,-0.8408203125,6.005859375
0.462,-5.765625,0.1201171875,5.4052734375
0.4625,-5.60546875,1.1611328125,4.4443359375
0.463,-5.4052734375,2.4423828125,3.203125
0.4635,-5.0048828125,3.5234375,1.9619140625
0.464,-4.6845703125,4.2841796875,1.0810546875
0.4645,-4.2041015625,4.7646484375,0.2802734375
0.465,-3.4033203125,5.0849609375,-0.9609375
0.4655,-2.3623046875,5.4052734375,-2.2822265625
0.466,-1.1611328125,5.4853515625,-3.4833984375
0.4665,-0.3203125,5.60546875,-4.4443359375
0.467,0.48046875,5.6455078125,-5.1650390625
0.4675,1.4013671875,5.2451171875,-5.845703125
0.468,2.6826171875,4.2841796875,-6.326171875
0.4685,3.8037109375,3.123046875,-6.5263671875
0.469,4.5244140625,1.921875,-6.3662109375
0.4695,5.044921875,1.041015625,-6.2861328125
0.47,5.1650390625,0.2802734375,-5.9658203125
0.4705,5.1650390625,-0.720703125,-5.3251953125
0.471,5.0849609375,-1.8818359375,-4.3642578125
0.4715,4.8447265625,-3.0830078125,-3.203125
0.472,4.5244140625,-4.0439453125,-2.1220703125
0.4725,4.32421875,-4.8046875,-1.3212890625
0.473,3.84375,-5.3251953125,-0.4404296875
0.4735,2.9228515625,-5.7255859375,0.7607421875
0.474,1.921875,-5.9658203125,2.0419921875
0.4745,0.8408203125,-6.0458984375,3.203125
0.475,0.1201171875,-6.24609375,4.1240234375
0.4755,-0.80078125,-6.24609375,4.96484375
0.476,-1.841796875,-5.7255859375,5.60546875
0.4765,-3.0830078125,-4.7646484375,6.0458984375
0.477,-4.1640625,-3.5634765625,6.2060546875
0.4775,-4.8447265625,-2.4423828125,6.0859375
0.478,-5.2451171875,-1.7216796875,6.0458984375
0.4785,-5.4052734375,-0.9208984375,5.6455078125
0.479,-5.4052734375,0.16015625,4.96484375
0.4795,-5.3251953125,1.28125,4.0439453125
0.48,-5.0849609375,2.40234375,2.8828125
0.4805,-4.8447265625,3.3232421875,1.921875
0.481,-4.564453125,3.9638671875,1.0810546875
0.4815,-4.083984375,4.484375,0.16015625
0.482,-3.1630859375,4.96484375,-1.12109375
0.4825,-2.08203125,5.205078125,-2.40234375
0.483,-1.12109375,5.3251953125,-3.4833984375
0.4835,-0.4404296875,5.5654296875,-4.3642578125
0.484,0.560546875,5.4052734375,-5.125
0.4845,1.681640625,4.7646484375,-5.765625
0.485,2.8427734375,3.8037109375,-6.1259765625
0.4855,3.8037109375,2.5625,-6.1259765625
0.486,4.4443359375,1.6416015625,-6.1259765625
0.4865,4.8046875,0.880859375,-5.9658203125
0.487,4.9248046875,0.1201171875,-5.60546875
0.4875,4.9248046875,-1.041015625,-4.8447265625
0.488,4.8447265625,-2.2421875,-3.84375
0.4885,4.6044921875,-3.283203125,-2.72265625
0.489,4.4443359375,-4.1640625,-1.921875
0.4895,4.0439453125,-4.8447265625,-1.0810546875
0.49,3.443359375,-5.28515625,0.0400390625
0.4905,2.5625,-5.7255859375,1.2412109375
0.491,1.44140625,-5.8857421875,2.482421875
0.4915,0.640625,-6.0859375,3.4833984375
0.492,-0.2001953125,-6.24609375,4.3642578125
0.4925,-1.1611328125,-5.9658203125,5.125
0.493,-2.3623046875,-5.125,5.685546875
0.4935,-3.5634765625,-4.1240234375,6.005859375
0.494,-4.404296875,-2.8828125,5.9658203125
0.4945,-4.96484375,-2.1220703125,5.9658203125
0.495,-5.205078125,-1.3212890625,5.765625
0.4955,-5.3251953125,-0.4404296875,5.2451171875
0.496,-5.28515625,0.720703125,4.4443359375
0.4965,-5.1650390625,1.921875,3.3232421875
0.497,-4.9248046875,2.8828125,2.2822265625
0.4975,-4.7646484375,3.68359375,1.4013671875
0.498,-4.2841796875,4.32421875,0.6005859375
0.4985,-3.4833984375,4.7646484375,-0.640625
0.499,-2.5224609375,5.125,-1.921875
0.4995,-1.4814453125,5.2451171875,-3.0830078125
0.5,-0.720703125,5.4853515625,-4.00390625
0.5005,0.16015625,5.4853515625,-4.8447265625
0.501,1.2412109375,5.044921875,-5.5654296875
0.5015,2.5224609375,4.083984375,-6.0458984375
0.502,3.5634765625,2.8828125,-6.166015625
0.5025,4.32421875,1.841796875,-6.1259765625
0.503,4.7646484375,1.0810546875,-6.0458984375
0.5035,4.884765625,0.2802734375,-5.7255859375
0.504,4.9248046875,-0.8408203125,-5.0048828125
0.5045,4.884765625,-2.001953125,-4.0439453125
0.505,4.724609375,-3.1630859375,-2.962890625
0.5055,4.4443359375,-4.0439453125,-2.001953125
0.506,4.2041015625,-4.6845703125,-1.2412109375
0.5065,3.6435546875,-5.205078125,-0.3203125
0.507,2.72265625,-5.6455078125,1.0009765625
0.5075,1.6015625,-5.845703125,2.2822265625
0.508,0.720703125,-6.0458984375,3.36328125
0.5085,0.0,-6.24609375,4.2841796875
0.509,-1.0009765625,-6.0458984375,5.0849609375
0.5095,-2.2021484375,-5.28515625,5.6455078125
0.51,-3.443359375,-4.2841796875,6.0458984375
0.5105,-4.3642578125,-3.0830078125,6.0859375
0.511,-5.0048828125,-2.1220703125,6.0458984375
0.5115,-5.28515625,-1.4013671875,5.8857421875
0.512,-5.4453125,-0.560546875,5.4453125
0.5125,-5.365234375,0.6005859375,4.6044921875
0.513,-5.28515625,1.8818359375,3.5234375
0.5135,-5.044921875,2.9228515625,2.322265625
0.514,-4.8046875,3.8037109375,1.44140625
0.5145,-4.3642578125,4.404296875,0.6005859375
0.515,-3.5634765625,4.8046875,-0.6005859375
0.5155,-2.6025390625,5.2451171875,-1.8818359375
0.516,-1.44140625,5.365234375,-3.1630859375
0.5165,-0.640625,5.525390625,-4.1240234375
0.517,0.2001953125,5.60546875,-5.0048828125
0.5175,1.2412109375,5.1650390625,-5.685546875
0.518,2.5224609375,4.2041015625,-6.2060546875
0.5185,3.68359375,3.04296875,-6.40625
0.519,4.484375,1.841796875,-6.326171875
0.5195,4.96484375,0.9609375,-6.2060546875
0.52,5.125,0.16015625,-5.845703125
0.5205,5.1650390625,-1.0009765625,-5.1650390625
0.521,5.0849609375,-2.2021484375,-4.1240234375
0.5215,4.8046875,-3.4033203125,-2.962890625
0.522,4.564453125,-4.32421875,-1.8818359375
0.5225,4.2841796875,-5.044921875,-1.041015625
0.523,3.68359375,-5.4853515625,0.0
0.5235,2.642578125,-5.845703125,1.2412109375
0.524,1.5615234375,-6.1259765625,2.6025390625
0.5245,0.48046875,-6.166015625,3.7236328125
0.525,-0.3603515625,-6.326171875,4.6044921875
0.5255,-1.2412109375,-6.1259765625,5.4052734375
0.526,-2.40234375,-5.4453125,6.005859375
0.5265,-3.7236328125,-4.32421875,6.40625
0.527,-4.724609375,-3.04296875,6.40625
0.5275,-5.365234375,-1.921875,6.24609375
0.528,-5.6455078125,-1.1611328125,6.0458984375
0.5285,-5.7255859375,-0.2802734375,5.4853515625
0.529,-5.60546875,0.9208984375,4.5244140625
0.5295,-5.4853515625,2.162109375,3.443359375
0.53,-5.1650390625,3.4033203125,2.2021484375
0.5305,-4.8447265625,4.1640625,1.2412109375
0.531,-4.3642578125,4.7646484375,0.3603515625
0.5315,-3.68359375,5.1650390625,-0.7607421875
0.532,-2.482421875,5.4453125,-2.162109375
0.5325,-1.28125,5.685546875,-3.5634765625
0.533,-0.3203125,5.685546875,-4.5244140625
0.5335,0.48046875,5.7255859375,-5.3251953125
0.534,1.521484375,5.28515625,-6.0458984375
0.5345,2.8427734375,4.2841796875,-6.56640625
0.535,4.0439453125,3.0830078125,-6.806640625
0.5355,4.9248046875,1.76171875,-6.7265625
0.536,5.4052734375,0.7607421875,-6.486328125
0.5365,5.525390625,-0.2001953125,-6.1259765625
0.537,5.4853515625,-1.1611328125,-5.4453125
0.5375,5.28515625,-2.482421875,-4.244140625
0.538,5.0849609375,-3.7236328125,-2.9228515625
0.5385,4.724609375,-4.8046875,-1.681640625
0.539,4.3642578125,-5.4453125,-0.8408203125
0.5395,3.7236328125,-5.8857421875,0.240234375
0.54,2.6826171875,-6.24609375,1.44140625
0.5405,1.44140625,-6.486328125,2.9228515625
0.541,0.2001953125,-6.486328125,4.2041015625
0.5415,-0.720703125,-6.486328125,5.0849609375
0.542,-1.4814453125,-6.3662109375,5.8056640625
0.5425,-2.72265625,-5.6455078125,6.4462890625
0.543,-4.1240234375,-4.3642578125,6.8466796875
0.5435,-5.205078125,-3.04296875,6.9267578125
0.544,-5.8857421875,-1.7216796875,6.646484375
0.5445,-6.1259765625,-0.9208984375,6.3662109375
0.545,-6.1259765625,0.080078125,5.765625
0.5455,-6.0458984375,1.2412109375,4.7646484375
0.546,-5.765625,2.5625,3.5234375
0.5465,-5.4453125,3.84375,2.08203125
0.547,-5.0048828125,4.724609375,0.9609375
0.5475,-4.484375,5.2451171875,0.0400390625
0.548,-3.6435546875,5.60546875,-1.041015625
0.5485,-2.3623046875,5.8056640625,-2.5224609375
0.549,-1.0810546875,6.005859375,-3.9638671875
0.5495,0.2001953125,5.8857421875,-5.044921875
0.55,0.880859375,5.8857421875,-5.765625
0.5505,1.76171875,5.525390625,-6.4462890625
0.551,3.04296875,4.5244140625,-7.0068359375
0.5515,4.404296875,3.1630859375,-7.20703125
0.552,5.3251953125,1.7216796875,-7.0869140625
0.5525,5.8056640625,0.48046875,-6.7265625
0.553,5.92578125,-0.400390625,-6.3662109375
0.5535,5.8056640625,-1.361328125,-5.6455078125
0.554,5.60546875,-2.6025390625,-4.404296875
0.5545,5.3251953125,-3.8837890625,-3.0830078125
0.555,4.884765625,-5.0048828125,-1.681640625
0.5555,4.4443359375,-5.765625,-0.6806640625
0.556,3.84375,-6.2060546875,0.3203125
0.5565,2.8828125,-6.486328125,1.4013671875
0.557,1.5615234375,-6.6865234375,2.9228515625
0.5575,0.16015625,-6.6865234375,4.32421875
0.558,-0.880859375,-6.56640625,5.2451171875
0.5585,-1.5615234375,-6.5263671875,5.8857421875
0.559,-2.5625,-5.92578125,6.5263671875
0.5595,-3.923828125,-4.7646484375,6.966796875
0.56,-5.125,-3.4033203125,7.0869140625
0.5605,-5.92578125,-2.08203125,6.8466796875
0.561,-6.2861328125,-1.0009765625,6.5263671875
0.5615,-6.3662109375,-0.2001953125,6.0458984375
0.562,-6.166015625,0.9208984375,5.2451171875
0.5625,-5.92578125,2.2021484375,3.9638671875
0.563,-5.6455078125,3.5234375,2.5625
0.5635,-5.125,4.5244140625,1.28125
0.564,-4.6845703125,5.125,0.3603515625
0.5645,-4.00390625,5.525390625,-0.640625
0.565,-2.9228515625,5.8056640625,-1.921875
0.5655,-1.6015625,6.0458984375,-3.4033203125
0.566,-0.3203125,5.92578125,-4.64453125
0.5665,0.6005859375,5.8857421875,-5.4853515625
0.567,1.3212890625,5.7255859375,-6.166015625
0.5675,2.482421875,5.044921875,-6.7666015625
0.568,3.84375,3.763671875,-7.126953125
0.5685,4.96484375,2.3623046875,-7.20703125
0.569,5.60546875,1.0009765625,-6.88671875
0.5695,5.845703125,0.1201171875,-6.6064453125
0.57,5.8857421875,-0.80078125,-6.0458984375
0.5705,5.7255859375,-1.9619140625,-5.044921875
0.571,5.4853515625,-3.283203125,-3.7236328125
0.5715,5.125,-4.5244140625,-2.322265625
0.572,4.6845703125,-5.4453125,-1.1611328125
0.5725,4.2041015625,-6.005859375,-0.3203125
0.573,3.443359375,-6.3662109375,0.80078125
0.5735,2.2021484375,-6.56640625,2.2421875
0.574,0.80078125,-6.7265625,3.7236328125
0.5745,-0.4404296875,-6.646484375,4.8046875
0.575,-1.1611328125,-6.646484375,5.6455078125
0.5755,-2.08203125,-6.326171875,6.326171875
0.576,-3.36328125,-5.4052734375,6.88671875
0.5765,-4.724609375,-4.0439453125,7.1669921875
0.577,-5.7255859375,-2.6025390625,7.046875
0.5775,-6.2861328125,-1.4013671875,6.6865234375
0.578,-6.40625,-0.5205078125,6.3662109375
0.5785,-6.3662109375,0.6005859375,5.60546875
0.579,-6.1259765625,1.8818359375,4.4443359375
0.5795,-5.845703125,3.2431640625,3.04296875
0.58,-5.4052734375,4.404296875,1.6015625
0.5805,-4.9248046875,5.1650390625,0.560546875
0.581,-4.32421875,5.60546875,-0.4404296875
0.5815,-3.36328125,5.92578125,-1.6015625
0.582,-1.9619140625,6.0859375,-3.1630859375
0.5825,-0.560546875,6.1259765625,-4.6044921875
0.583,0.6005859375,6.005859375,-5.525390625
0.5835,1.28125,5.92578125,-6.24609375
0.584,2.3623046875,5.28515625,-6.806640625
0.5845,3.68359375,4.00390625,-7.20703125
0.585,4.884765625,2.642578125,-7.3671875
0.5855,5.685546875,1.201171875,-7.0869140625
0.586,6.0458984375,0.16015625,-6.6865234375
0.5865,6.0458984375,-0.80078125,-6.166015625
0.587,5.8857421875,-1.8017578125,-5.3251953125
0.5875,5.5654296875,-3.1630859375,-3.923828125
0.588,5.2451171875,-4.4443359375,-2.5625
0.5885,4.7646484375,-5.4052734375,-1.2412109375
0.589,4.244140625,-5.9658203125,-0.3203125
0.5895,3.5234375,-6.3662109375,0.6806640625
0.59,2.40234375,-6.56640625,1.921875
0.5905,1.0810546875,-6.7265625,3.4033203125
0.591,-0.3203125,-6.6064453125,4.6044921875
0.5915,-1.1611328125,-6.5263671875,5.4052734375
0.592,-1.8017578125,-6.3662109375,6.0859375
0.5925,-2.8828125,-5.765625,6.646484375
0.593,-4.2041015625,-4.4443359375,6.966796875
0.5935,-5.3251953125,-3.123046875,6.966796875
0.594,-5.92578125,-1.7216796875,6.646484375
0.5945,-6.166015625,-0.880859375,6.326171875
0.595,-6.166015625,0.0400390625,5.765625
0.5955,-6.005859375,1.12109375,4.9248046875
0.596,-5.765625,2.322265625,3.68359375
0.5965,-5.4052734375,3.5634765625,2.2822265625
0.597,-4.96484375,4.4443359375,1.201171875
0.5975,-4.5244140625,5.0849609375,0.3203125
0.598,-3.84375,5.4052734375,-0.6806640625
0.5985,-2.72265625,5.685546875,-1.9619140625
0.599,-1.4814453125,5.8857421875,-3.36328125
0.5995,-0.3203125,5.765625,-4.5244140625
0.6,0.48046875,5.845703125,-5.4052734375
0.6005,1.28125,5.60546875,-6.0458984375
0.601,2.4423828125,4.8447265625,-6.6064453125
0.6015,3.7236328125,3.5634765625,-6.9267578125
0.602,4.7646484375,2.2822265625,-6.88671875
0.6025,5.365234375,1.12109375,-6.6064453125
0.603,5.60546875,0.2802734375,-6.40625
0.6035,5.60546875,-0.640625,-5.765625
0.604,5.4052734375,-1.8017578125,-4.8447265625
0.6045,5.2451171875,-3.0830078125,-3.6435546875
0.605,4.884765625,-4.244140625,-2.322265625
0.6055,4.5244140625,-5.044921875,-1.3212890625
0.606,4.1240234375,-5.6455078125,-0.48046875
0.6065,3.36328125,-6.005859375,0.640625
0.607,2.2021484375,-6.2861328125,1.9619140625
0.6075,0.9208984375,-6.3662109375,3.36328125
0.608,-0.16015625,-6.3662109375,4.404296875
0.6085,-0.8408203125,-6.4462890625,5.1650390625
0.609,-1.8017578125,-6.1259765625,5.845703125
0.6095,-3.0830078125,-5.125,6.326171875
0.61,-4.244140625,-3.923828125,6.6064453125
0.6105,-5.1650390625,-2.6025390625,6.486328125
0.611,-5.6455078125,-1.6416015625,6.326171875
0.6115,-5.8056640625,-0.8408203125,6.005859375
0.612,-5.765625,0.1201171875,5.4052734375
0.6125,-5.6455078125,1.28125,4.404296875
0.613,-5.4453125,2.5224609375,3.1630859375
0.6135,-5.0849609375,3.5634765625,1.921875
0.614,-4.7646484375,4.32421875,1.0009765625
0.6145,-4.244140625,4.8046875,0.2001953125
0.615,-3.36328125,5.1650390625,-1.0009765625
0.6155,-2.2822265625,5.4853515625,-2.322265625
0.616,-1.041015625,5.525390625,-3.603515625
0.6165,-0.2802734375,5.60546875,-4.5244140625
0.617,0.560546875,5.60546875,-5.28515625
0.6175,1.521484375,5.125,-5.9658203125
0.618,2.802734375,4.1640625,-6.40625
0.6185,3.8837890625,2.962890625,-6.56640625
0.619,4.6845703125,1.7216796875,-6.40625
0.6195,5.0849609375,0.880859375,-6.24609375
0.62,5.2451171875,0.1201171875,-5.92578125
0.6205,5.205078125,-0.9208984375,-5.2451171875
0.621,5.0849609375,-2.08203125,-4.2041015625
0.6215,4.8447265625,-3.2431640625,-3.0830078125
0.622,4.5244140625,-4.2041015625,-1.9619140625
0.6225,4.2841796875,-4.96484375,-1.1611328125
0.623,3.7236328125,-5.4052734375,-0.3203125
0.6235,2.8427734375,-5.765625,0.9609375
0.624,1.76171875,-6.0458984375,2.2421875
0.6245,0.6806640625,-6.1259765625,3.4033203125
0.625,0.0,-6.2861328125,4.32421875
0.6255,-1.0009765625,-6.2861328125,5.0849609375
0.626,-1.9619140625,-5.6455078125,5.7255859375
0.6265,-3.203125,-4.6044921875,6.0859375
0.627,-4.32421875,-3.36328125,6.2060546875
0.6275,-5.0048828125,-2.2822265625,6.0859375
0.628,-5.3251953125,-1.6015625,6.0458984375
0.6285,-5.4453125,-0.80078125,5.60546875
0.629,-5.4453125,0.2802734375,4.884765625
0.6295,-5.3251953125,1.44140625,3.8837890625
0.63,-5.0849609375,2.6025390625,2.72265625
0.6305,-4.8447265625,3.4833984375,1.76171875
0.631,-4.5244140625,4.1240234375,0.9609375
0.6315,-4.00390625,4.6044921875,0.080078125
0.632,-3.0830078125,5.0048828125,-1.2412109375
0.6325,-1.9619140625,5.2451171875,-2.5625
0.633,-1.0009765625,5.3251953125,-3.603515625
0.6335,-0.3603515625,5.525390625,-4.484375
0.634,0.640625,5.365234375,-5.1650390625
0.6345,1.76171875,4.64453125,-5.765625
0.635,2.9228515625,3.68359375,-6.1259765625
0.6355,3.8837890625,2.5224609375,-6.166015625
0.636,4.484375,1.5615234375,-6.1259765625
0.6365,4.8046875,0.8408203125,-5.9658203125
0.637,4.96484375,0.0,-5.60546875
0.6375,4.884765625,-1.12109375,-4.7646484375
0.638,4.8447265625,-2.2822265625,-3.8037109375
0.6385,4.6044921875,-3.36328125,-2.6826171875
0.639,4.404296875,-4.2041015625,-1.8818359375
0.6395,4.0439453125,-4.8046875,-1.041015625
0.64,3.4033203125,-5.28515625,0.080078125
0.6405,2.5224609375,-5.7255859375,1.2412109375
0.641,1.4013671875,-5.8857421875,2.482421875
0.6415,0.6005859375,-6.1259765625,3.4833984375
0.642,-0.2001953125,-6.24609375,4.404296875
0.6425,-1.1611328125,-5.92578125,5.0849609375
0.643,-2.3623046875,-5.125,5.685546875
0.6435,-3.5634765625,-4.0439453125,5.9658203125
0.644,-4.4443359375,-2.8828125,5.92578125
0.6445,-4.9248046875,-2.08203125,5.9658203125
0.645,-5.205078125,-1.3212890625,5.7255859375
0.6455,-5.28515625,-0.48046875,5.2451171875
0.646,-5.28515625,0.6806640625,4.4443359375
0.6465,-5.1650390625,1.921875,3.3232421875
0.647,-4.9248046875,2.8828125,2.322265625
0.6475,-4.724609375,3.68359375,1.4814453125
0.648,-4.2841796875,4.2841796875,0.6005859375
0.6485,-3.4833984375,4.6845703125,-0.640625
0.649,-2.5625,5.0849609375,-1.8818359375
0.6495,-1.521484375,5.205078125,-3.0830078125
0.65,-0.720703125,5.4853515625,-4.00390625
0.6505,0.2001953125,5.4853515625,-4.884765625
0.651,1.2412109375,5.044921875,-5.525390625
0.6515,2.482421875,4.0439453125,-6.0458984375
0.652,3.5634765625,2.8427734375,-6.1259765625
0.6525,4.32421875,1.8017578125,-6.1259765625
0.653,4.7646484375,1.041015625,-6.0458984375
0.6535,4.9248046875,0.240234375,-5.685546875
0.654,4.9248046875,-0.8408203125,-4.96484375
0.6545,4.884765625,-2.001953125,-4.0439453125
0.655,4.6845703125,-3.1630859375,-2.9228515625
0.6555,4.484375,-4.0439453125,-1.9619140625
0.656,4.1640625,-4.7646484375,-1.1611328125
0.6565,3.603515625,-5.28515625,-0.2802734375
0.657,2.6826171875,-5.6455078125,1.0009765625
0.6575,1.5615234375,-5.92578125,2.3623046875
0.658,0.6806640625,-6.0458984375,3.443359375
0.6585,0.0,-6.166015625,4.32421875
0.659,-1.041015625,-6.005859375,5.0849609375
0.6595,-2.2822265625,-5.205078125,5.685546875
0.66,-3.4833984375,-4.1640625,6.005859375
0.6605,-4.4443359375,-2.962890625,6.0458984375
0.661,-5.0048828125,-2.08203125,6.005859375
0.6615,-5.28515625,-1.3212890625,5.8056640625
0.662,-5.365234375,-0.5205078125,5.365234375
0.6625,-5.3251953125,0.640625,4.484375
0.663,-5.205078125,1.921875,3.443359375
0.6635,-4.96484375,2.962890625,2.2822265625
0.664,-4.7646484375,3.763671875,1.44140625
0.6645,-4.32421875,4.2841796875,0.6005859375
0.665,-3.5634765625,4.724609375,-0.5205078125
0.6655,-2.642578125,5.0849609375,-1.8818359375
0.666,-1.4814453125,5.28515625,-3.0830078125
0.6665,-0.6806640625,5.4453125,-4.00390625
0.667,0.1201171875,5.5654296875,-4.8447265625
0.6675,1.12109375,5.1650390625,-5.5654296875
0.668,2.40234375,4.244140625,-6.0859375
0.6685,3.5634765625,3.04296875,-6.326171875
0.669,4.404296875,1.8818359375,-6.24609375
0.6695,4.8447265625,1.0810546875,-6.1259765625
0.67,5.044921875,0.2802734375,-5.845703125
0.6705,5.044921875,-0.80078125,-5.1650390625
0.671,4.96484375,-1.9619140625,-4.2041015625
0.6715,4.8447265625,-3.1630859375,-3.0830078125
0.672,4.5244140625,-4.1640625,-2.001953125
0.6725,4.32421875,-4.884765625,-1.2412109375
0.673,3.7236328125,-5.4052734375,-0.3603515625
0.6735,2.802734375,-5.765625,0.9208984375
0.674,1.76171875,-6.0458984375,2.322265625
0.6745,0.640625,-6.1259765625,3.4833984375
0.675,0.0,-6.2861328125,4.404296875
0.6755,-1.0009765625,-6.166015625,5.1650390625
0.676,-2.162109375,-5.525390625,5.765625
0.6765,-3.4833984375,-4.404296875,6.24609375
0.677,-4.564453125,-3.1630859375,6.326171875
0.6775,-5.205078125,-2.0419921875,6.166015625
0.678,-5.525390625,-1.28125,6.005859375
0.6785,-5.60546875,-0.48046875,5.525390625
0.679,-5.525390625,0.7607421875,4.6044921875
0.6795,-5.4453125,1.9619140625,3.5634765625
0.68,-5.125,3.1630859375,2.322265625
0.6805,-4.8447265625,3.9638671875,1.361328125
0.681,-4.4443359375,4.5244140625,0.5205078125
0.6815,-3.7236328125,4.96484375,-0.640625
0.682,-2.6025390625,5.3251953125,-1.9619140625
0.6825,-1.4013671875,5.525390625,-3.3232421875
0.683,-0.48046875,5.60546875,-4.3642578125
0.6835,0.3603515625,5.685546875,-5.1650390625
0.684,1.3212890625,5.28515625,-5.845703125
0.6845,2.6826171875,4.32421875,-6.40625
0.685,3.8837890625,3.123046875,-6.7265625
0.6855,4.8046875,1.841796875,-6.6064453125
0.686,5.2451171875,0.80078125,-6.40625
0.6865,5.4453125,0.0400390625,-6.0859375
0.687,5.4052734375,-1.0009765625,-5.4052734375
0.6875,5.2451171875,-2.2822265625,-4.244140625
0.688,5.0849609375,-3.6435546875,-2.962890625
0.6885,4.724609375,-4.7646484375,-1.76171875
0.689,4.3642578125,-5.4453125,-0.9208984375
0.6895,3.7236328125,-5.845703125,0.1201171875
0.69,2.6826171875,-6.1259765625,1.4013671875
0.6905,1.4814453125,-6.40625,2.8427734375
0.691,0.2802734375,-6.4462890625,4.1240234375
0.6915,-0.640625,-6.486328125,5.0048828125
0.692,-1.44140625,-6.3662109375,5.7255859375
0.6925,-2.6025390625,-5.6455078125,6.3662109375
0.693,-4.00390625,-4.3642578125,6.7666015625
0.6935,-5.1650390625,-3.0029296875,6.88671875
0.694,-5.845703125,-1.681640625,6.56640625
0.6945,-6.1259765625,-0.8408203125,6.326171875
0.695,-6.1259765625,0.1201171875,5.7255859375
0.6955,-5.92578125,1.28125,4.724609375
0.696,-5.765625,2.5625,3.443359375
0.6965,-5.4052734375,3.84375,2.0419921875
0.697,-4.96484375,4.6845703125,0.9208984375
0.6975,-4.5244140625,5.1650390625,0.080078125
0.698,-3.6435546875,5.5654296875,-1.0009765625
0.6985,-2.322265625,5.765625,-2.482421875
0.699,-1.041015625,5.9658203125,-3.923828125
0.6995,0.2001953125,5.845703125,-5.044921875
0.7,0.880859375,5.845703125,-5.765625
0.7005,1.76171875,5.4453125,-6.40625
0.701,3.04296875,4.484375,-6.9267578125
0.7015,4.3642578125,3.123046875,-7.1669921875
0.702,5.365234375,1.7216796875,-7.0869140625
0.7025,5.8056640625,0.560546875,-6.7265625
0.703,5.92578125,-0.3603515625,-6.3662109375
0.7035,5.8056640625,-1.3212890625,-5.60546875
0.704,5.5654296875,-2.6025390625,-4.3642578125
0.7045,5.3251953125,-3.9638671875,-3.0830078125
0.705,4.884765625,-5.125,-1.681640625
0.7055,4.404296875,-5.765625,-0.6806640625
0.706,3.84375,-6.166015625,0.2802734375
0.7065,2.8427734375,-6.4462890625,1.4013671875
0.707,1.521484375,-6.646484375,2.9228515625
0.7075,0.1201171875,-6.6865234375,4.32421875
0.708,-0.9208984375,-6.56640625,5.28515625
0.7085,-1.6015625,-6.5263671875,5.92578125
0.709,-2.642578125,-5.92578125,6.56640625
0.7095,-4.00390625,-4.6845703125,6.966796875
0.71,-5.1650390625,-3.36328125,7.0869140625
0.7105,-6.0458984375,-1.9619140625,6.88671875
0.711,-6.3662109375,-0.9609375,6.5263671875
0.7115,-6.3662109375,0.0,6.0458984375
0.712,-6.2060546875,0.9609375,5.2451171875
0.7125,-5.92578125,2.2822265625,3.84375
0.713,-5.6455078125,3.6435546875,2.4423828125
0.7135,-5.1650390625,4.6044921875,1.1611328125
0.714,-4.6845703125,5.2451171875,0.2802734375
0.7145,-3.923828125,5.6455078125,-0.80078125
0.715,-2.802734375,5.845703125,-2.08203125
0.7155,-1.4814453125,6.0859375,-3.5634765625
0.716,0.0,5.9658203125,-4.8447265625
0.7165,0.7607421875,5.92578125,-5.6455078125
0.717,1.4814453125,5.7255859375,-6.3662109375
0.7175,2.6025390625,5.0048828125,-6.88671875
0.718,4.00390625,3.6435546875,-7.20703125
0.7185,5.0849609375,2.2421875,-7.20703125
0.719,5.765625,0.880859375,-6.8466796875
0.7195,5.9658203125,0.0,-6.56640625
0.72,5.92578125,-1.0009765625,-5.92578125
0.7205,5.7255859375,-2.162109375,-4.9248046875
0.721,5.4453125,-3.4833984375,-3.5634765625
0.7215,5.0849609375,-4.7646484375,-2.2021484375
0.722,4.6044921875,-5.525390625,-1.0009765625
0.7225,4.1640625,-6.1259765625,-0.16015625
0.723,3.3232421875,-6.40625,0.9208984375
0.7235,2.0419921875,-6.56640625,2.322265625
0.724,0.6806640625,-6.7265625,3.84375
0.7245,-0.6005859375,-6.6064453125,4.9248046875
0.725,-1.28125,-6.56640625,5.7255859375
0.7255,-2.1220703125,-6.2861328125,6.3662109375
0.726,-3.4033203125,-5.28515625,6.88671875
0.7265,-4.7646484375,-3.923828125,7.0869140625
0.727,-5.765625,-2.482421875,7.0068359375
0.7275,-6.2861328125,-1.28125,6.646484375
0.728,-6.40625,-0.48046875,6.326171875
0.7285,-6.2861328125,0.5205078125,5.5654296875
0.729,-6.0458984375,1.76171875,4.404296875
0.7295,-5.8056640625,3.123046875,3.04296875
0.73,-5.365234375,4.32421875,1.6416015625
0.7305,-4.884765625,5.0849609375,0.6005859375
0.731,-4.32421875,5.5654296875,-0.400390625
0.7315,-3.36328125,5.8056640625,-1.4814453125
0.732,-2.001953125,6.0458984375,-3.0029296875
0.7325,-0.640625,6.0859375,-4.484375
0.733,0.48046875,5.9658203125,-5.4453125
0.7335,1.1611328125,5.92578125,-6.1259765625
0.734,2.2021484375,5.3251953125,-6.7265625
0.7345,3.5634765625,4.1240234375,-7.126953125
0.735,4.8046875,2.7626953125,-7.287109375
0.7355,5.60546875,1.3212890625,-7.046875
0.736,5.9658203125,0.2802734375,-6.7265625
0.7365,6.005859375,-0.6806640625,-6.2861328125
0.737,5.845703125,-1.76171875,-5.4052734375
0.7375,5.525390625,-3.04296875,-4.0439453125
0.738,5.2451171875,-4.32421875,-2.642578125
0.7385,4.8046875,-5.3251953125,-1.3212890625
0.739,4.32421875,-5.92578125,-0.4404296875
0.7395,3.603515625,-6.2861328125,0.6005859375
0.74,2.5224609375,-6.5263671875,1.841796875
0.7405,1.1611328125,-6.6865234375,3.3232421875
0.741,-0.2802734375,-6.6064453125,4.6044921875
0.7415,-1.0810546875,-6.56640625,5.4453125
0.742,-1.8017578125,-6.40625,6.0859375
0.7425,-2.8828125,-5.7255859375,6.646484375
0.743,-4.244140625,-4.3642578125,6.966796875
0.7435,-5.3251953125,-3.0029296875,7.0068359375
0.744,-6.005859375,-1.681640625,6.646484375
0.7445,-6.24609375,-0.880859375,6.3662109375
0.745,-6.2060546875,0.0400390625,5.765625
0.7455,-6.0859375,1.12109375,4.8447265625
0.746,-5.765625,2.482421875,3.5634765625
0.7465,-5.4052734375,3.68359375,2.2421875
0.747,-4.96484375,4.6044921875,1.0810546875
0.7475,-4.5244140625,5.125,0.240234375
0.748,-3.8037109375,5.4853515625,-0.80078125
0.7485,-2.6025390625,5.685546875,-2.1220703125
0.749,-1.361328125,5.8857421875,-3.5634765625
0.7495,0.0,5.765625,-4.6845703125
0.75,0.640625,5.8056640625,-5.4853515625
0.7505,1.44140625,5.60546875,-6.166015625
0.751,2.6025390625,4.7646484375,-6.6865234375
0.7515,3.8837890625,3.5234375,-6.966796875
0.752,4.9248046875,2.162109375,-6.9267578125
0.7525,5.4853515625,0.9208984375,-6.646484375
0.753,5.7255859375,0.080078125,-6.40625
0.7535,5.6455078125,-0.9208984375,-5.765625
0.754,5.4453125,-1.9619140625,-4.724609375
0.7545,5.2451171875,-3.2431640625,-3.5234375
0.755,4.9248046875,-4.4443359375,-2.162109375
0.7555,4.5244140625,-5.2451171875,-1.1611328125
0.756,4.083984375,-5.8056640625,-0.3203125
0.7565,3.2431640625,-6.1259765625,0.80078125
0.757,2.0419921875,-6.40625,2.2021484375
0.7575,0.720703125,-6.4462890625,3.603515625
0.758,-0.3603515625,-6.40625,4.6044921875
0.7585,-1.041015625,-6.486328125,5.4052734375
0.759,-1.9619140625,-6.0859375,6.0458984375
0.7595,-3.283203125,-5.0048828125,6.5263671875
0.76,-4.5244140625,-3.8037109375,6.7265625
0.7605,-5.4052734375,-2.482421875,6.5263671875
0.761,-5.8056640625,-1.4814453125,6.40625
0.7615,-6.0458984375,-0.7607421875,5.9658203125
0.762,-5.8857421875,0.3203125,5.365234375
0.7625,-5.7255859375,1.521484375,4.244140625
0.763,-5.4453125,2.8427734375,2.962890625
0.7635,-5.0849609375,3.84375,1.76171875
0.764,-4.7646484375,4.6044921875,0.8408203125
0.7645,-4.1640625,5.0048828125,0.0
0.765,-3.203125,5.3251953125,-1.28125
0.7655,-2.1220703125,5.60546875,-2.6025390625
0.766,-0.8408203125,5.5654296875,-3.8837890625
0.7665,0.0400390625,5.6455078125,-4.8046875
0.767,0.7607421875,5.60546875,-5.4853515625
0.7675,1.76171875,5.125,-6.1259765625
0.768,3.0029296875,4.00390625,-6.486328125
0.7685,4.1240234375,2.802734375,-6.646484375
0.769,4.8447265625,1.521484375,-6.4462890625
0.7695,5.2451171875,0.640625,-6.2861328125
0.77,5.365234375,0.0,-5.8857421875
0.7705,5.2451171875,-1.12109375,-5.125
0.771,5.0849609375,-2.2421875,-4.1240234375
0.7715,4.8447265625,-3.4833984375,-2.8828125
0.772,4.5244140625,-4.404296875,-1.8017578125
0.7725,4.244140625,-5.0849609375,-1.0009765625
0.773,3.68359375,-5.525390625,0.0
0.7735,2.7626953125,-5.845703125,1.0810546875
0.774,1.6015625,-6.1259765625,2.40234375
0.7745,0.5205078125,-6.1259765625,3.5634765625
0.775,-0.3203125,-6.2861328125,4.484375
0.7755,-1.0810546875,-6.24609375,5.2451171875
0.776,-2.1220703125,-5.6455078125,5.8056640625
0.7765,-3.36328125,-4.64453125,6.2060546875
0.777,-4.404296875,-3.36328125,6.24609375
0.7775,-5.125,-2.2822265625,6.1259765625
0.778,-5.4453125,-1.4814453125,6.0458984375
0.7785,-5.525390625,-0.640625,5.60546875
0.779,-5.4853515625,0.400390625,4.8447265625
0.7795,-5.365234375,1.5615234375,3.84375
0.78,-5.125,2.72265625,2.6826171875
0.7805,-4.8447265625,3.603515625,1.7216796875
0.781,-4.5244140625,4.2841796875,0.9208984375
0.7815,-3.9638671875,4.7646484375,0.0
0.782,-3.0029296875,5.0849609375,-1.3212890625
0.7825,-1.8818359375,5.28515625,-2.6025390625
0.783,-0.9208984375,5.4052734375,-3.7236328125
0.7835,-0.2001953125,5.5654296875,-4.564453125
0.784,0.7607421875,5.365234375,-5.3251953125
0.7845,1.921875,4.564453125,-5.845703125
0.785,3.04296875,3.5634765625,-6.2060546875
0.7855,4.00390625,2.3623046875,-6.24609375
0.786,4.6044921875,1.44140625,-6.1259765625
0.7865,4.9248046875,0.6806640625,-6.005859375
0.787,5.0048828125,-0.2001953125,-5.5654296875
0.7875,4.9248046875,-1.2412109375,-4.724609375
0.788,4.8447265625,-2.40234375,-3.7236328125
0.7885,4.6044921875,-3.4833984375,-2.5625
0.789,4.404296875,-4.32421875,-1.7216796875
0.7895,4.00390625,-4.9248046875,-0.9208984375
0.79,3.3232421875,-5.365234375,0.16015625
0.7905,2.40234375,-5.7255859375,1.4013671875
0.791,1.28125,-5.845703125,2.6025390625
0.7915,0.48046875,-6.0458984375,3.5634765625
0.792,-0.3203125,-6.2060546875,4.484375
0.7925,-1.28125,-5.92578125,5.1650390625
0.793,-2.4423828125,-5.125,5.685546875
0.7935,-3.603515625,-4.00390625,5.9658203125
0.794,-4.484375,-2.8427734375,5.92578125
0.7945,-5.0048828125,-2.0419921875,5.92578125
0.795,-5.205078125,-1.28125,5.7255859375
0.7955,-5.28515625,-0.400390625,5.1650390625
0.796,-5.28515625,0.720703125,4.404296875
0.7965,-5.125,1.921875,3.283203125
0.797,-4.884765625,2.8828125,2.2822265625
0.7975,-4.6845703125,3.68359375,1.44140625
0.798,-4.32421875,4.32421875,0.640625
0.7985,-3.4833984375,4.724609375,-0.6005859375
0.799,-2.5625,5.0849609375,-1.8017578125
0.7995,-1.4814453125,5.2451171875,-2.962890625
0.8,-0.7607421875,5.4853515625,-3.923828125
0.8005,0.1201171875,5.4453125,-4.8046875
0.801,1.1611328125,5.044921875,-5.4453125
0.8015,2.3623046875,4.0439453125,-5.92578125
0.802,3.4833984375,2.9228515625,-6.0859375
0.8025,4.244140625,1.8818359375,-6.0859375
0.803,4.724609375,1.12109375,-6.0458984375
0.8035,4.8447265625,0.3603515625,-5.7255859375
0.804,4.8447265625,-0.720703125,-5.0048828125
0.8045,4.8046875,-1.841796875,-4.1640625
0.805,4.6845703125,-3.0029296875,-3.04296875
0.8055,4.484375,-3.8837890625,-2.1220703125
0.806,4.2041015625,-4.64453125,-1.28125
0.8065,3.68359375,-5.1650390625,-0.3603515625
0.807,2.8427734375,-5.5654296875,0.880859375
0.8075,1.7216796875,-5.8056640625,2.2021484375
0.808,0.80078125,-5.9658203125,3.2431640625
0.8085,0.1201171875,-6.24609375,4.1640625
0.809,-0.9208984375,-6.0859375,4.96484375
0.8095,-2.08203125,-5.365234375,5.4853515625
0.81,-3.2431640625,-4.32421875,5.92578125
0.8105,-4.2841796875,-3.0830078125,6.005859375
0.811,-4.9248046875,-2.2021484375,6.005859375
0.8115,-5.205078125,-1.44140625,5.8056640625
0.812,-5.3251953125,-0.640625,5.4052734375
0.8125,-5.28515625,0.5205078125,4.6044921875
0.813,-5.205078125,1.76171875,3.5234375
0.8135,-4.96484375,2.8427734375,2.40234375
0.814,-4.7646484375,3.68359375,1.521484375
0.8145,-4.3642578125,4.2841796875,0.6806640625
0.815,-3.6435546875,4.724609375,-0.4404296875
0.8155,-2.72265625,5.0849609375,-1.681640625
0.816,-1.5615234375,5.28515625,-2.9228515625
0.8165,-0.80078125,5.4052734375,-3.923828125
0.817,0.080078125,5.4853515625,-4.8447265625
0.8175,1.041015625,5.125,-5.525390625
0.818,2.2822265625,4.244140625,-6.0458984375
0.8185,3.5234375,3.0830078125,-6.2861328125
0.819,4.32421875,1.921875,-6.2060546875
0.8195,4.8447265625,1.0810546875,-6.1259765625
0.82,5.044921875,0.3203125,-5.8056640625
0.8205,5.044921875,-0.7607421875,-5.1650390625
0.821,4.96484375,-1.921875,-4.2041015625
0.8215,4.8046875,-3.123046875,-3.0830078125
0.822,4.5244140625,-4.1240234375,-2.001953125
0.8225,4.2841796875,-4.8447265625,-1.1611328125
0.823,3.7236328125,-5.3251953125,-0.3203125
0.8235,2.802734375,-5.685546875,0.9609375
0.824,1.7216796875,-6.005859375,2.3623046875
0.8245,0.640625,-6.1259765625,3.5234375
0.825,-0.2001953125,-6.2861328125,4.404296875
0.8255,-1.041015625,-6.2060546875,5.1650390625
0.826,-2.2021484375,-5.4853515625,5.8056640625
0.8265,-3.5234375,-4.3642578125,6.2060546875
0.827,-4.5244140625,-3.0830078125,6.2861328125
0.8275,-5.2451171875,-2.001953125,6.1259765625
0.828,-5.525390625,-1.2412109375,6.005859375
0.8285,-5.5654296875,-0.400390625,5.4853515625
0.829,-5.4853515625,0.7607421875,4.6044921875
0.8295,-5.4052734375,1.9619140625,3.5234375
0.83,-5.125,3.1630859375,2.2822265625
0.8305,-4.8046875,3.9638671875,1.3212890625
0.831,-4.3642578125,4.564453125,0.48046875
0.8315,-3.68359375,4.96484375,-0.6005859375
0.832,-2.5625,5.28515625,-1.9619140625
0.8325,-1.361328125,5.4453125,-3.283203125
0.833,-0.48046875,5.525390625,-4.2841796875
0.8335,0.2802734375,5.60546875,-5.125
0.834,1.28125,5.2451171875,-5.765625
0.8345,2.5625,4.32421875,-6.2861328125
0.835,3.8037109375,3.123046875,-6.56640625
0.8355,4.64453125,1.8818359375,-6.486328125
0.836,5.1650390625,0.880859375,-6.326171875
0.8365,5.365234375,0.1201171875,-6.0458984375
0.837,5.3251953125,-0.9208984375,-5.4052734375
0.8375,5.1650390625,-2.1220703125,-4.2841796875
0.838,5.0048828125,-3.36328125,-3.0830078125
0.8385,4.64453125,-4.484375,-1.8818359375
0.839,4.3642578125,-5.1650390625,-1.041015625
0.8395,3.8037109375,-5.6455078125,0.0
0.84,2.8427734375,-5.9658203125,1.12109375
0.8405,1.681640625,-6.326171875,2.5224609375
0.841,0.4404296875,-6.3662109375,3.84375
0.8415,-0.5205078125,-6.4462890625,4.724609375
0.842,-1.2412109375,-6.3662109375,5.525390625
0.8425,-2.322265625,-5.765625,6.166015625
0.843,-3.7236328125,-4.5244140625,6.56640625
0.8435,-4.884765625,-3.203125,6.6865234375
0.844,-5.6455078125,-1.921875,6.5263671875
0.8445,-5.9658203125,-1.0810546875,6.2861328125
0.845,-6.005859375,-0.2001953125,5.765625
0.8455,-5.845703125,1.0009765625,4.8447265625
0.846,-5.7255859375,2.322265625,3.5634765625
0.8465,-5.4052734375,3.603515625,2.2421875
0.847,-5.0048828125,4.484375,1.12109375
0.8475,-4.5244140625,5.0849609375,0.2802734375
0.848,-3.8037109375,5.4453125,-0.80078125
0.8485,-2.5224609375,5.60546875,-2.2822265625
0.849,-1.2412109375,5.845703125,-3.7236328125
0.8495,0.0,5.7255859375,-4.884765625
0.85,0.720703125,5.8056640625,-5.6455078125
0.8505,1.6416015625,5.4453125,-6.326171875
0.851,2.9228515625,4.484375,-6.806640625
0.8515,4.244140625,3.123046875,-7.0869140625
0.852,5.2451171875,1.7216796875,-7.0068359375
0.8525,5.7255859375,0.6005859375,-6.646484375
0.853,5.845703125,-0.3603515625,-6.2861328125
0.8535,5.7255859375,-1.28125,-5.5654296875
0.854,5.525390625,-2.5625,-4.32421875
0.8545,5.28515625,-3.8837890625,-3.0029296875
0.855,4.8447265625,-5.044921875,-1.6416015625
0.8555,4.404296875,-5.7255859375,-0.640625
0.856,3.84375,-6.166015625,0.3203125
0.8565,2.8427734375,-6.4462890625,1.4013671875
0.857,1.521484375,-6.646484375,2.9228515625
0.8575,0.080078125,-6.6865234375,4.32421875
0.858,-0.9208984375,-6.5263671875,5.2451171875
0.8585,-1.6015625,-6.4462890625,5.92578125
0.859,-2.642578125,-5.845703125,6.5263671875
0.8595,-4.00390625,-4.64453125,6.88671875
0.86,-5.1650390625,-3.283203125,7.046875
0.8605,-6.005859375,-1.8818359375,6.806640625
0.861,-6.326171875,-0.880859375,6.4462890625
0.8615,-6.3662109375,0.0400390625,5.9658203125
0.862,-6.166015625,1.041015625,5.1650390625
0.8625,-5.8857421875,2.3623046875,3.84375
0.863,-5.60546875,3.68359375,2.4423828125
0.8635,-5.0849609375,4.64453125,1.1611328125
0.864,-4.64453125,5.2451171875,0.2802734375
0.8645,-3.923828125,5.5654296875,-0.80078125
0.865,-2.7626953125,5.765625,-2.0419921875
0.8655,-1.521484375,5.9658203125,-3.5234375
0.866,-0.16015625,5.8857421875,-4.8046875
0.8665,0.7607421875,5.8857421875,-5.60546875
0.867,1.44140625,5.685546875,-6.24609375
0.8675,2.5625,4.96484375,-6.806640625
0.868,3.923828125,3.6435546875,-7.0869140625
0.8685,5.044921875,2.2421875,-7.126953125
0.869,5.685546875,0.9208984375,-6.7666015625
0.8695,5.8857421875,0.080078125,-6.486328125
0.87,5.845703125,-0.9208984375,-5.92578125
0.8705,5.685546875,-2.001953125,-4.9248046875
0.871,5.4052734375,-3.283203125,-3.6435546875
0.8715,5.0849609375,-4.564453125,-2.2421875
0.872,4.6044921875,-5.4453125,-1.12109375
0.8725,4.1240234375,-6.0458984375,-0.2802734375
0.873,3.36328125,-6.3662109375,0.80078125
0.8735,2.08203125,-6.56640625,2.162109375
0.874,0.80078125,-6.646484375,3.68359375
0.8745,-0.48046875,-6.5263671875,4.7646484375
0.875,-1.1611328125,-6.56640625,5.60546875
0.8755,-2.08203125,-6.24609375,6.24609375
0.876,-3.283203125,-5.3251953125,6.7666015625
0.8765,-4.6044921875,-4.00390625,7.046875
0.877,-5.6455078125,-2.5625,6.9267578125
0.8775,-6.166015625,-1.361328125,6.646484375
0.878,-6.326171875,-0.560546875,6.2861328125
0.8785,-6.24609375,0.48046875,5.60546875
0.879,-6.0458984375,1.7216796875,4.484375
0.8795,-5.765625,3.04296875,3.123046875
0.88,-5.3251953125,4.244140625,1.7216796875
0.8805,-4.884765625,4.96484375,0.640625
0.881,-4.3642578125,5.4453125,-0.3203125
0.8815,-3.443359375,5.7255859375,-1.44140625
0.882,-2.0419921875,6.005859375,-2.9228515625
0.8825,-0.640625,6.0458984375,-4.4443359375
0.883,0.48046875,5.9658203125,-5.4052734375
0.8835,1.12109375,5.8857421875,-6.1259765625
0.884,2.2421875,5.3251953125,-6.7666015625
0.8845,3.603515625,4.1240234375,-7.1669921875
0.885,4.8046875,2.72265625,-7.3271484375
0.8855,5.6455078125,1.28125,-7.0869140625
0.886,6.0458984375,0.240234375,-6.7265625
0.8865,6.0859375,-0.720703125,-6.24609375
0.887,5.8857421875,-1.76171875,-5.365234375
0.8875,5.60546875,-3.1630859375,-4.00390625
0.888,5.3251953125,-4.484375,-2.5625
0.8885,4.8046875,-5.525390625,-1.2412109375
0.889,4.32421875,-6.1259765625,-0.3203125
0.8895,3.5234375,-6.486328125,0.720703125
0.89,2.40234375,-6.646484375,2.0419921875
0.8905,0.9609375,-6.806640625,3.5634765625
0.891,-0.4404296875,-6.6865234375,4.8046875
0.8915,-1.28125,-6.6064453125,5.6455078125
0.892,-2.0419921875,-6.40625,6.326171875
0.8925,-3.1630859375,-5.5654296875,6.8466796875
0.893,-4.5244140625,-4.1640625,7.126953125
0.8935,-5.6455078125,-2.7626953125,7.0869140625
0.894,-6.24609375,-1.44140625,6.7265625
0.8945,-6.40625,-0.6005859375,6.40625
0.895,-6.326171875,0.400390625,5.765625
0.8955,-6.1259765625,1.521484375,4.724609375
0.896,-5.765625,2.802734375,3.36328125
0.8965,-5.4052734375,3.9638671875,1.9619140625
0.897,-4.884765625,4.8046875,0.8408203125
0.8975,-4.4443359375,5.3251953125,-0.16015625
0.898,-3.603515625,5.6455078125,-1.0810546875
0.8985,-2.3623046875,5.8056640625,-2.4423828125
0.899,-1.12109375,5.9658203125,-3.84375
0.8995,0.2001953125,5.8056640625,-4.9248046875
0.9,0.9208984375,5.8056640625,-5.7255859375
0.9005,1.7216796875,5.4853515625,-6.3662109375
0.901,2.8427734375,4.6044921875,-6.7666015625
0.9015,4.083984375,3.3232421875,-7.0068359375
0.902,5.044921875,1.9619140625,-6.9267578125
0.9025,5.60546875,0.80078125,-6.6064453125
0.903,5.7255859375,0.0,-6.3662109375
0.9035,5.685546875,-0.9609375,-5.7255859375
0.904,5.4453125,-2.0419921875,-4.64453125
0.9045,5.2451171875,-3.3232421875,-3.4833984375
0.905,4.8447265625,-4.5244140625,-2.1220703125
0.9055,4.484375,-5.28515625,-1.1611328125
0.906,4.0439453125,-5.8056640625,-0.2802734375
0.9065,3.2431640625,-6.1259765625,0.80078125
0.907,2.0419921875,-6.3662109375,2.162109375
0.9075,0.7607421875,-6.40625,3.5234375
0.908,-0.3603515625,-6.40625,4.6044921875
0.9085,-1.041015625,-6.486328125,5.365234375
0.909,-1.9619140625,-6.0859375,6.0458984375
0.9095,-3.203125,-5.125,6.486328125
0.91,-4.4443359375,-3.8837890625,6.6865234375
0.9105,-5.3251953125,-2.5625,6.56640625
0.911,-5.8056640625,-1.521484375,6.40625
0.9115,-5.9658203125,-0.720703125,6.0859375
0.912,-5.92578125,0.2802734375,5.4453125
0.9125,-5.765625,1.4013671875,4.32421875
0.913,-5.4853515625,2.72265625,3.04296875
0.9135,-5.1650390625,3.8037109375,1.76171875
0.914,-4.8046875,4.5244140625,0.880859375
0.9145,-4.2041015625,5.044921875,0.0
0.915,-3.283203125,5.365234375,-1.2412109375
0.9155,-2.162109375,5.60546875,-2.5625
0.916,-0.880859375,5.60546875,-3.84375
0.9165,0.080078125,5.685546875,-4.8046875
0.917,0.7607421875,5.6455078125,-5.525390625
0.9175,1.76171875,5.125,-6.166015625
0.918,3.0830078125,4.00390625,-6.56640625
0.9185,4.1240234375,2.802734375,-6.6865234375
0.919,4.9248046875,1.521484375,-6.4462890625
0.9195,5.28515625,0.640625,-6.2861328125
0.92,5.365234375,-0.240234375,-5.8857421875
0.9205,5.28515625,-1.2412109375,-5.125
0.921,5.0849609375,-2.3623046875,-4.0439453125
0.9215,4.8046875,-3.603515625,-2.8427734375
0.922,4.5244140625,-4.5244140625,-1.7216796875
0.9225,4.2041015625,-5.205078125,-0.880859375
0.923,3.6435546875,-5.6455078125,0.080078125
0.9235,2.642578125,-5.8857421875,1.2412109375
0.924,1.521484375,-6.1259765625,2.5625
0.9245,0.3603515625,-6.1259765625,3.68359375
0.925,-0.400390625,-6.2861328125,4.6044921875
0.9255,-1.2412109375,-6.166015625,5.3251953125
0.926,-2.2822265625,-5.525390625,5.8857421875
0.9265,-3.4833984375,-4.4443359375,6.24609375
0.927,-4.5244140625,-3.203125,6.2861328125
0.9275,-5.1650390625,-2.1220703125,6.166015625
0.928,-5.4853515625,-1.361328125,6.005859375
0.9285,-5.60546875,-0.6005859375,5.60546875
0.929,-5.4853515625,0.48046875,4.8046875
0.9295,-5.4052734375,1.6015625,3.8037109375
0.93,-5.0849609375,2.802734375,2.6025390625
0.9305,-4.8447265625,3.68359375,1.6015625
0.931,-4.5244140625,4.404296875,0.7607421875
0.9315,-3.8837890625,4.8046875,-0.240234375
0.932,-2.9228515625,5.125,-1.4013671875
0.9325,-1.8017578125,5.3251953125,-2.6826171875
0.933,-0.8408203125,5.4052734375,-3.763671875
0.9335,-0.16015625,5.60546875,-4.64453125
0.934,0.880859375,5.365234375,-5.4052734375
0.9345,1.9619140625,4.6044921875,-5.92578125
0.935,3.123046875,3.603515625,-6.24609375
0.9355,4.083984375,2.40234375,-6.24609375
0.936,4.64453125,1.4013671875,-6.166015625
0.9365,4.96484375,0.640625,-6.0458984375
0.937,5.044921875,-0.2802734375,-5.5654296875
0.9375,4.9248046875,-1.28125,-4.7646484375
0.938,4.8447265625,-2.4423828125,-3.68359375
0.9385,4.6044921875,-3.5234375,-2.5625
0.939,4.404296875,-4.32421875,-1.76171875
0.9395,4.00390625,-4.9248046875,-0.880859375
0.94,3.3232421875,-5.4052734375,0.240234375
0.9405,2.40234375,-5.765625,1.4013671875
0.941,1.28125,-5.92578125,2.642578125
0.9415,0.5205078125,-6.1259765625,3.6435546875
0.942,-0.3203125,-6.24609375,4.484375
0.9425,-1.28125,-5.92578125,5.2451171875
0.943,-2.482421875,-5.044921875,5.7255859375
0.9435,-3.603515625,-3.9638671875,6.005859375
0.944,-4.5244140625,-2.802734375,5.92578125
0.9445,-5.0048828125,-2.0419921875,5.92578125
0.945,-5.28515625,-1.28125,5.7255859375
0.9455,-5.3251953125,-0.400390625,5.125
0.946,-5.28515625,0.7607421875,4.32421875
0.9465,-5.125,1.921875,3.283203125
0.947,-4.884765625,2.9228515625,2.2421875
0.9475,-4.6845703125,3.763671875,1.4013671875
0.948,-4.244140625,4.32421875,0.6005859375
0.9485,-3.443359375,4.724609375,-0.640625
0.949,-2.5625,5.0849609375,-1.8818359375
0.9495,-1.44140625,5.2451171875,-3.04296875
0.95,-0.720703125,5.4453125,-4.00390625
0.9505,0.240234375,5.4853515625,-4.8447265625
0.951,1.2412109375,4.96484375,-5.4853515625
0.9515,2.40234375,4.083984375,-5.92578125
0.952,3.5234375,2.8828125,-6.1259765625
0.9525,4.2841796875,1.8017578125,-6.0859375
0.953,4.724609375,1.041015625,-6.0458984375
0.9535,4.8447265625,0.2802734375,-5.765625
0.954,4.884765625,-0.7607421875,-5.0048828125
0.9545,4.8447265625,-1.8818359375,-4.1240234375
0.955,4.64453125,-3.04296875,-3.0029296875
0.9555,4.484375,-3.923828125,-2.08203125
0.956,4.2041015625,-4.6845703125,-1.28125
0.9565,3.68359375,-5.1650390625,-0.3603515625
0.957,2.802734375,-5.60546875,0.9208984375
0.9575,1.681640625,-5.8056640625,2.2421875
0.958,0.7607421875,-5.9658203125,3.283203125
0.9585,0.0400390625,-6.2060546875,4.2041015625
0.959,-1.0009765625,-6.005859375,5.0048828125
0.9595,-2.1220703125,-5.28515625,5.60546875
0.96,-3.283203125,-4.2841796875,5.9658203125
0.9605,-4.2841796875,-3.123046875,5.9658203125
0.961,-4.9248046875,-2.2021484375,5.9658203125
0.9615,-5.28515625,-1.44140625,5.765625
0.962,-5.365234375,-0.6005859375,5.4052734375
0.9625,-5.28515625,0.6005859375,4.5244140625
0.963,-5.205078125,1.76171875,3.5234375
0.9635,-4.96484375,2.8427734375,2.40234375
0.964,-4.7646484375,3.68359375,1.5615234375
0.9645,-4.3642578125,4.2841796875,0.6806640625
0.965,-3.603515625,4.6845703125,-0.48046875
0.9655,-2.72265625,5.0849609375,-1.681640625
0.966,-1.6015625,5.2451171875,-2.9228515625
0.9665,-0.80078125,5.4052734375,-3.923828125
0.967,0.080078125,5.4853515625,-4.8046875
0.9675,1.12109375,5.125,-5.4853515625
0.968,2.322265625,4.2041015625,-5.9658203125
0.9685,3.443359375,3.04296875,-6.2060546875
0.969,4.2841796875,1.921875,-6.1259765625
0.9695,4.724609375,1.0810546875,-6.1259765625
0.97,4.96484375,0.3603515625,-5.8056640625
0.9705,4.96484375,-0.6806640625,-5.125
0.971,4.9248046875,-1.8017578125,-4.2841796875
0.9715,4.7646484375,-2.962890625,-3.1630859375
0.972,4.484375,-3.923828125,-2.1220703125
0.9725,4.244140625,-4.6845703125,-1.28125
0.973,3.763671875,-5.205078125,-0.4404296875
0.9735,2.8427734375,-5.5654296875,0.80078125
0.974,1.841796875,-5.92578125,2.1220703125
0.9745,0.80078125,-6.005859375,3.2431640625
0.975,0.080078125,-6.2060546875,4.1640625
0.9755,-0.880859375,-6.1259765625,5.0048828125
0.976,-1.9619140625,-5.4853515625,5.6455078125
0.9765,-3.2431640625,-4.5244140625,6.0458984375
0.977,-4.32421875,-3.283203125,6.1259765625
0.9775,-5.044921875,-2.2822265625,6.0458984375
0.978,-5.4052734375,-1.44140625,5.9658203125
0.9785,-5.4853515625,-0.640625,5.5654296875
0.979,-5.4453125,0.48046875,4.7646484375
0.9795,-5.365234375,1.7216796875,3.7236328125
0.98,-5.125,2.8828125,2.5224609375
0.9805,-4.8447265625,3.763671875,1.5615234375
0.981,-4.484375,4.404296875,0.720703125
0.9815,-3.8037109375,4.8046875,-0.3603515625
0.982,-2.7626953125,5.1650390625,-1.6416015625
0.9825,-1.6416015625,5.4052734375,-2.962890625
0.983,-0.6806640625,5.4853515625,-4.0439453125
0.9835,0.1201171875,5.60546875,-4.9248046875
0.984,1.12109375,5.28515625,-5.6455078125
0.9845,2.3623046875,4.32421875,-6.166015625
0.985,3.5234375,3.203125,-6.4462890625
0.9855,4.484375,1.921875,-6.40625
0.986,5.044921875,1.0009765625,-6.2861328125
0.9865,5.2451171875,0.240234375,-6.005859375
0.987,5.2451171875,-0.80078125,-5.4453125
0.9875,5.125,-1.9619140625,-4.3642578125
0.988,4.96484375,-3.203125,-3.203125
0.9885,4.64453125,-4.2841796875,-2.001953125
0.989,4.404296875,-5.044921875,-1.1611328125
0.9895,3.84375,-5.525390625,-0.2001953125
0.99,2.8828125,-5.845703125,1.0009765625
0.9905,1.76171875,-6.166015625,2.40234375
0.991,0.560546875,-6.24609375,3.68359375
0.9915,-0.3603515625,-6.3662109375,4.6044921875
0.992,-1.1611328125,-6.2861328125,5.4052734375
0.9925,-2.2822265625,-5.765625,6.0458984375
0.993,-3.603515625,-4.5244140625,6.4462890625
0.9935,-4.8046875,-3.283203125,6.56640625
0.994,-5.4853515625,-1.9619140625,6.40625
0.9945,-5.845703125,-1.1611328125,6.2060546875
0.995,-5.92578125,-0.2802734375,5.7255859375
0.9955,-5.8056640625,0.9609375,4.8046875
0.996,-5.6455078125,2.2421875,3.6435546875
0.9965,-5.365234375,3.4833984375,2.2822265625
0.997,-4.96484375,4.3642578125,1.201171875
0.9975,-4.5244140625,4.96484375,0.3203125
0.998,-3.8037109375,5.365234375,-0.720703125
0.9985,-2.5625,5.60546875,-2.162109375
0.999,-1.3212890625,5.8056640625,-3.5634765625
0.9995,-0.2001953125,5.7255859375,-4.6845703125
