wavelength,x,y,z
0.0,-4.073974609375,4.774658203125,-1.031005859375
0.0005,-4.794677734375,4.574462890625,-0.270263671875
0.001,-4.874755859375,3.693603515625,0.730712890625
0.0015,-5.195068359375,3.373291015625,1.331298828125
0.002,-5.275146484375,2.212158203125,2.652587890625
0.0025,-5.315185546875,1.771728515625,3.052978515625
0.003,-4.954833984375,0.730712890625,3.693603515625
0.0035,-4.514404296875,-0.190185546875,4.134033203125
0.004,-3.633544921875,-1.351318359375,4.414306640625
0.0045,-3.153076171875,-2.272216796875,4.774658203125
0.005,-2.112060546875,-3.393310546875,4.854736328125
0.0055,-1.631591796875,-3.673583984375,4.614501953125
0.006,-0.630615234375,-4.434326171875,4.414306640625
0.0065,0.370361328125,-4.674560546875,3.693603515625
0.007,1.131103515625,-5.074951171875,3.253173828125
0.0075,2.372314453125,-5.235107421875,2.252197265625
0.008,3.052978515625,-5.395263671875,1.731689453125
0.0085,3.453369140625,-4.994873046875,0.890869140625
0.009,3.973876953125,-4.834716796875,0.210205078125
0.0095,4.093994140625,-3.993896484375,-0.790771484375
0.01,4.414306640625,-3.673583984375,-1.311279296875
0.0105,4.534423828125,-2.592529296875,-2.512451171875
0.011,4.494384765625,-2.272216796875,-2.752685546875
0.0115,4.214111328125,-1.231201171875,-3.473388671875
0.012,3.693603515625,-0.350341796875,-3.833740234375
0.0125,3.052978515625,0.730712890625,-4.154052734375
0.013,2.452392578125,1.571533203125,-4.434326171875
0.0135,1.771728515625,2.532470703125,-4.634521484375
0.014,1.171142578125,2.812744140625,-4.314208984375
0.0145,0.330322265625,3.573486328125,-4.194091796875
0.015,-0.670654296875,3.773681640625,-3.433349609375
0.0155,-1.431396484375,4.254150390625,-3.193115234375
0.016,-2.632568359375,4.414306640625,-2.112060546875
0.0165,-3.072998046875,4.494384765625,-1.871826171875
0.017,-3.593505859375,4.134033203125,-0.990966796875
0.0175,-4.033935546875,3.893798828125,-0.350341796875
0.018,-4.234130859375,3.253173828125,0.570556640625
0.0185,-4.514404296875,2.892822265625,1.211181640625
0.019,-4.754638671875,2.172119140625,2.172119140625
0.0195,-4.514404296875,1.611572265625,2.452392578125
0.02,-4.434326171875,0.770751953125,3.173095703125
0.0205,-3.713623046875,-0.270263671875,3.453369140625
0.021,-3.393310546875,-1.151123046875,3.973876953125
0.0215,-2.592529296875,-2.112060546875,4.134033203125
0.022,-2.272216796875,-2.712646484375,4.334228515625
0.0225,-1.431396484375,-3.113037109375,3.893798828125
0.023,-0.790771484375,-3.713623046875,3.853759765625
0.0235,0.170166015625,-3.953857421875,3.133056640625
0.024,0.930908203125,-4.434326171875,2.892822265625
0.0245,1.931884765625,-4.674560546875,2.052001953125
0.025,2.252197265625,-4.714599609375,1.771728515625
0.0255,2.852783203125,-4.514404296875,0.970947265625
0.026,3.133056640625,-4.114013671875,0.450439453125
0.0265,3.533447265625,-3.713623046875,-0.390380859375
0.027,3.693603515625,-3.153076171875,-1.111083984375
0.0275,4.053955078125,-2.792724609375,-1.791748046875
0.028,3.733642578125,-2.112060546875,-2.112060546875
0.0285,3.813720703125,-1.431396484375,-2.872802734375
0.029,3.012939453125,-0.350341796875,-3.113037109375
0.0295,2.932861328125,0.370361328125,-3.713623046875
0.03,2.172119140625,1.371337890625,-3.913818359375
0.0305,2.052001953125,1.771728515625,-4.194091796875
0.031,1.091064453125,2.372314453125,-3.833740234375
0.0315,0.490478515625,2.932861328125,-3.713623046875
0.032,-0.510498046875,3.293212890625,-3.153076171875
0.0325,-1.311279296875,3.693603515625,-2.832763671875
0.033,-2.232177734375,4.013916015625,-2.232177734375
0.0335,-2.512451171875,3.853759765625,-1.831787109375
0.034,-3.153076171875,3.853759765625,-1.111083984375
0.0345,-3.353271484375,3.373291015625,-0.390380859375
0.035,-3.873779296875,3.133056640625,0.330322265625
0.0355,-4.033935546875,2.452392578125,1.131103515625
0.036,-4.354248046875,2.252197265625,1.651611328125
0.0365,-3.953857421875,1.371337890625,2.092041015625
0.037,-3.993896484375,0.770751953125,2.732666015625
0.0375,-3.193115234375,-0.390380859375,3.093017578125
0.038,-3.113037109375,-1.031005859375,3.573486328125
0.0385,-2.472412109375,-1.951904296875,3.813720703125
0.039,-2.152099609375,-2.272216796875,3.813720703125
0.0395,-1.351318359375,-2.872802734375,3.613525390625
0.04,-0.670654296875,-3.233154296875,3.333251953125
0.0405,0.130126953125,-3.753662109375,2.932861328125
0.041,0.970947265625,-4.073974609375,2.412353515625
0.0415,1.611572265625,-4.394287109375,2.052001953125
0.042,1.931884765625,-4.033935546875,1.531494140625
0.0425,2.492431640625,-4.154052734375,1.171142578125
0.043,2.692626953125,-3.553466796875,0.290283203125
0.0435,3.173095703125,-3.553466796875,-0.270263671875
0.044,3.413330078125,-2.872802734375,-1.071044921875
0.0445,3.613525390625,-2.752685546875,-1.431396484375
0.045,3.373291015625,-1.871826171875,-2.031982421875
0.0455,3.253173828125,-1.271240234375,-2.472412109375
0.046,2.732666015625,-0.230224609375,-3.032958984375
0.0465,2.572509765625,0.450439453125,-3.393310546875
0.047,2.252197265625,1.211181640625,-3.833740234375
0.0475,1.771728515625,1.531494140625,-3.673583984375
0.048,1.131103515625,2.252197265625,-3.713623046875
0.0485,0.250244140625,2.572509765625,-3.233154296875
0.049,-0.510498046875,3.173095703125,-3.113037109375
0.0495,-1.431396484375,3.493408203125,-2.512451171875
0.05,-1.951904296875,3.813720703125,-2.272216796875
0.0505,-2.392333984375,3.533447265625,-1.551513671875
0.051,-2.872802734375,3.653564453125,-1.151123046875
0.0515,-3.273193359375,3.093017578125,-0.190185546875
0.052,-3.713623046875,2.852783203125,0.370361328125
0.0525,-4.033935546875,2.412353515625,1.211181640625
0.053,-3.953857421875,1.931884765625,1.531494140625
0.0535,-3.913818359375,1.131103515625,2.292236328125
0.054,-3.473388671875,0.250244140625,2.692626953125
0.0545,-3.193115234375,-0.630615234375,3.253173828125
0.055,-2.712646484375,-1.391357421875,3.533447265625
0.0555,-2.432373046875,-1.991943359375,3.853759765625
0.056,-1.751708984375,-2.392333984375,3.493408203125
0.0565,-1.151123046875,-3.072998046875,3.533447265625
0.057,-0.270263671875,-3.393310546875,2.932861328125
0.0575,0.530517578125,-3.913818359375,2.732666015625
0.058,1.451416015625,-4.154052734375,2.132080078125
0.0585,1.771728515625,-4.154052734375,1.771728515625
0.059,2.292236328125,-3.993896484375,1.131103515625
0.0595,2.572509765625,-3.793701171875,0.610595703125
0.06,3.012939453125,-3.353271484375,-0.190185546875
0.0605,3.253173828125,-2.992919921875,-0.790771484375
0.061,3.653564453125,-2.672607421875,-1.511474609375
0.0615,3.333251953125,-1.991943359375,-1.871826171875
0.062,3.413330078125,-1.351318359375,-2.552490234375
0.0625,2.692626953125,-0.310302734375,-2.832763671875
0.063,2.612548828125,0.330322265625,-3.353271484375
0.0635,2.052001953125,1.211181640625,-3.673583984375
0.064,1.771728515625,1.651611328125,-3.793701171875
0.0645,0.970947265625,2.132080078125,-3.553466796875
0.065,0.370361328125,2.692626953125,-3.473388671875
0.0655,-0.590576171875,3.052978515625,-2.872802734375
0.066,-1.351318359375,3.573486328125,-2.552490234375
0.0665,-2.272216796875,3.893798828125,-1.991943359375
0.067,-2.552490234375,3.653564453125,-1.471435546875
0.0675,-3.193115234375,3.653564453125,-0.910888671875
0.068,-3.433349609375,3.133056640625,-0.150146484375
0.0685,-3.873779296875,2.852783203125,0.610595703125
0.069,-4.114013671875,2.252197265625,1.371337890625
0.0695,-4.314208984375,1.851806640625,1.971923828125
0.07,-3.833740234375,0.930908203125,2.412353515625
0.0705,-3.833740234375,0.250244140625,3.093017578125
0.071,-2.992919921875,-0.910888671875,3.333251953125
0.0715,-2.832763671875,-1.551513671875,3.813720703125
0.072,-2.112060546875,-2.512451171875,3.973876953125
0.0725,-1.551513671875,-2.872802734375,3.773681640625
0.073,-0.790771484375,-3.393310546875,3.533447265625
0.0735,0.010009765625,-3.833740234375,3.173095703125
0.074,0.930908203125,-4.114013671875,2.532470703125
0.0745,1.731689453125,-4.394287109375,2.052001953125
0.075,2.492431640625,-4.554443359375,1.491455078125
0.0755,2.692626953125,-4.033935546875,0.770751953125
0.076,3.213134765625,-4.073974609375,0.290283203125
0.0765,3.333251953125,-3.313232421875,-0.590576171875
0.077,3.693603515625,-3.032958984375,-1.231201171875
0.0775,3.853759765625,-2.312255859375,-2.031982421875
0.078,3.813720703125,-1.791748046875,-2.512451171875
0.0785,3.293212890625,-0.790771484375,-2.952880859375
0.079,3.133056640625,-0.150146484375,-3.433349609375
0.0795,2.292236328125,0.930908203125,-3.633544921875
0.08,2.052001953125,1.571533203125,-3.993896484375
0.0805,1.371337890625,2.412353515625,-4.194091796875
0.081,0.610595703125,2.732666015625,-3.753662109375
0.0815,0.010009765625,3.293212890625,-3.713623046875
0.082,-1.071044921875,3.653564453125,-2.952880859375
0.0825,-1.951904296875,3.973876953125,-2.432373046875
0.083,-2.752685546875,4.214111328125,-1.831787109375
0.0835,-3.473388671875,4.254150390625,-1.191162109375
0.084,-3.713623046875,3.653564453125,-0.350341796875
0.0845,-4.194091796875,3.613525390625,0.170166015625
0.085,-4.354248046875,2.692626953125,1.251220703125
0.0855,-4.594482421875,2.332275390625,1.851806640625
0.086,-4.754638671875,1.531494140625,2.732666015625
0.0865,-4.434326171875,0.730712890625,3.173095703125
0.087,-3.873779296875,-0.310302734375,3.693603515625
0.0875,-3.473388671875,-1.231201171875,4.093994140625
0.088,-2.552490234375,-2.392333984375,4.294189453125
0.0885,-2.112060546875,-3.072998046875,4.454345703125
0.089,-1.231201171875,-3.913818359375,4.494384765625
0.0895,-0.310302734375,-4.154052734375,3.773681640625
0.09,0.410400390625,-4.634521484375,3.613525390625
0.0905,1.771728515625,-4.954833984375,2.572509765625
0.091,2.572509765625,-5.074951171875,1.931884765625
0.0915,3.293212890625,-5.114990234375,1.211181640625
0.092,3.853759765625,-4.914794921875,0.490478515625
0.0925,3.973876953125,-4.154052734375,-0.390380859375
0.093,4.334228515625,-3.873779296875,-1.031005859375
0.0935,4.494384765625,-2.712646484375,-2.272216796875
0.094,4.494384765625,-2.272216796875,-2.712646484375
0.0945,4.494384765625,-1.391357421875,-3.553466796875
0.095,3.893798828125,-0.470458984375,-3.873779296875
0.0955,3.333251953125,0.570556640625,-4.234130859375
0.096,2.572509765625,1.571533203125,-4.514404296875
0.0965,1.611572265625,2.612548828125,-4.674560546875
0.097,1.211181640625,3.093017578125,-4.634521484375
0.0975,0.250244140625,3.893798828125,-4.514404296875
0.098,-0.750732421875,4.093994140625,-3.673583984375
0.0985,-1.471435546875,4.574462890625,-3.433349609375
0.099,-2.912841796875,4.814697265625,-2.232177734375
0.0995,-3.593505859375,4.854736328125,-1.631591796875
0.1,-4.314208984375,4.734619140625,-0.790771484375
0.1005,-4.794677734375,4.414306640625,0.010009765625
0.101,-4.874755859375,3.613525390625,0.890869140625
0.1015,-5.275146484375,3.173095703125,1.611572265625
0.102,-5.395263671875,1.971923828125,2.932861328125
0.1025,-5.235107421875,1.491455078125,3.253173828125
0.103,-5.114990234375,0.490478515625,4.134033203125
0.1035,-4.314208984375,-0.630615234375,4.414306640625
0.104,-3.713623046875,-1.671630859375,4.774658203125
0.1045,-2.832763671875,-2.912841796875,4.974853515625
0.105,-1.911865234375,-3.993896484375,5.094970703125
0.1055,-1.151123046875,-4.354248046875,4.734619140625
0.106,-0.150146484375,-5.114990234375,4.534423828125
0.1065,0.930908203125,-5.195068359375,3.613525390625
0.107,1.771728515625,-5.595458984375,3.213134765625
0.1075,3.253173828125,-5.755615234375,1.891845703125
0.108,3.853759765625,-5.715576171875,1.251220703125
0.1085,4.454345703125,-5.275146484375,0.290283203125
0.109,4.854736328125,-4.874755859375,-0.590576171875
0.1095,4.854736328125,-3.913818359375,-1.471435546875
0.11,5.094970703125,-3.353271484375,-2.312255859375
0.1105,5.215087890625,-2.112060546875,-3.593505859375
0.111,4.854736328125,-1.511474609375,-3.833740234375
0.1115,4.614501953125,-0.470458984375,-4.594482421875
0.112,3.693603515625,0.730712890625,-4.794677734375
0.1125,2.972900390625,1.571533203125,-5.034912109375
0.113,1.971923828125,2.852783203125,-5.195068359375
0.1135,1.131103515625,3.773681640625,-5.315185546875
0.114,0.290283203125,4.134033203125,-4.674560546875
0.1145,-0.710693359375,4.814697265625,-4.434326171875
0.115,-1.791748046875,4.854736328125,-3.393310546875
0.1155,-2.592529296875,5.215087890625,-2.952880859375
0.116,-4.114013671875,5.375244140625,-1.591552734375
0.1165,-4.554443359375,5.135009765625,-0.990966796875
0.117,-5.074951171875,4.614501953125,0.050048828125
0.1175,-5.475341796875,4.214111328125,0.890869140625
0.118,-5.435302734375,3.253173828125,1.771728515625
0.1185,-5.635498046875,2.572509765625,2.612548828125
0.119,-5.755615234375,1.531494140625,3.813720703125
0.1195,-5.195068359375,0.690673828125,3.973876953125
0.12,-4.954833984375,-0.350341796875,4.774658203125
0.1205,-3.913818359375,-1.631591796875,4.854736328125
0.121,-3.353271484375,-2.552490234375,5.135009765625
0.1215,-2.232177734375,-3.793701171875,5.255126953125
0.122,-1.431396484375,-4.514404296875,5.295166015625
0.1225,-0.390380859375,-4.834716796875,4.494384765625
0.123,0.490478515625,-5.475341796875,4.334228515625
0.1235,1.571533203125,-5.475341796875,3.213134765625
0.124,2.412353515625,-5.795654296875,2.692626953125
0.1245,3.893798828125,-5.955810546875,1.411376953125
0.125,4.254150390625,-5.595458984375,0.730712890625
0.1255,4.734619140625,-5.034912109375,-0.310302734375
0.126,5.054931640625,-4.514404296875,-1.111083984375
0.1265,5.014892578125,-3.593505859375,-1.951904296875
0.127,5.135009765625,-2.832763671875,-2.872802734375
0.1275,5.295166015625,-1.911865234375,-3.913818359375
0.128,4.534423828125,-0.950927734375,-4.033935546875
0.1285,4.334228515625,0.010009765625,-4.834716796875
0.129,3.133056640625,1.251220703125,-4.834716796875
0.1295,2.692626953125,1.971923828125,-5.114990234375
0.13,1.571533203125,3.293212890625,-5.155029296875
0.1305,0.890869140625,3.893798828125,-5.114990234375
0.131,-0.270263671875,4.214111328125,-4.234130859375
0.1315,-1.031005859375,4.814697265625,-4.114013671875
0.132,-2.112060546875,4.814697265625,-2.992919921875
0.1325,-2.952880859375,5.094970703125,-2.512451171875
0.133,-4.274169921875,5.255126953125,-1.351318359375
0.1335,-4.514404296875,4.734619140625,-0.590576171875
0.134,-5.034912109375,4.334228515625,0.290283203125
0.1345,-5.155029296875,3.653564453125,1.131103515625
0.135,-5.315185546875,2.932861328125,1.931884765625
0.1355,-5.355224609375,2.052001953125,2.852783203125
0.136,-5.515380859375,1.331298828125,3.693603515625
0.1365,-4.634521484375,0.210205078125,3.853759765625
0.137,-4.554443359375,-0.670654296875,4.614501953125
0.1375,-3.353271484375,-1.951904296875,4.574462890625
0.138,-2.952880859375,-2.592529296875,4.934814453125
0.1385,-1.911865234375,-3.793701171875,5.014892578125
0.139,-1.151123046875,-4.274169921875,4.734619140625
0.1395,-0.110107421875,-4.634521484375,4.093994140625
0.14,0.650634765625,-5.114990234375,3.813720703125
0.1405,1.731689453125,-5.195068359375,2.812744140625
0.141,2.532470703125,-5.435302734375,2.252197265625
0.1415,3.693603515625,-5.595458984375,1.291259765625
0.142,3.853759765625,-4.874755859375,0.490478515625
0.1425,4.414306640625,-4.714599609375,-0.310302734375
0.143,4.414306640625,-3.833740234375,-1.151123046875
0.1435,4.654541015625,-3.273193359375,-1.911865234375
0.144,4.654541015625,-2.432373046875,-2.752685546875
0.1445,4.734619140625,-1.791748046875,-3.473388671875
0.145,3.853759765625,-0.710693359375,-3.713623046875
0.1455,3.773681640625,0.050048828125,-4.354248046875
0.146,2.612548828125,1.291259765625,-4.314208984375
0.1465,2.372314453125,1.931884765625,-4.634521484375
0.147,1.411376953125,3.012939453125,-4.794677734375
0.1475,0.690673828125,3.333251953125,-4.314208984375
0.148,-0.190185546875,3.853759765625,-3.953857421875
0.1485,-1.031005859375,4.134033203125,-3.473388671875
0.149,-1.991943359375,4.414306640625,-2.712646484375
0.1495,-2.832763671875,4.574462890625,-2.112060546875
0.15,-3.713623046875,4.734619140625,-1.351318359375
0.1505,-3.833740234375,3.973876953125,-0.550537109375
0.151,-4.514404296875,4.013916015625,0.050048828125
0.1515,-4.514404296875,3.052978515625,0.970947265625
0.152,-4.794677734375,2.692626953125,1.611572265625
0.1525,-4.874755859375,1.891845703125,2.532470703125
0.153,-4.794677734375,1.251220703125,2.972900390625
0.1535,-4.154052734375,0.130126953125,3.413330078125
0.154,-3.873779296875,-0.630615234375,3.973876953125
0.1545,-3.032958984375,-1.671630859375,4.134033203125
0.155,-2.672607421875,-2.392333984375,4.414306640625
0.1555,-1.871826171875,-3.273193359375,4.494384765625
0.156,-1.031005859375,-3.553466796875,3.933837890625
0.1565,-0.350341796875,-4.194091796875,3.853759765625
0.157,0.610595703125,-4.354248046875,3.093017578125
0.1575,1.411376953125,-4.714599609375,2.612548828125
0.158,2.292236328125,-4.834716796875,1.931884765625
0.1585,2.932861328125,-4.874755859375,1.331298828125
0.159,3.173095703125,-4.234130859375,0.530517578125
0.1595,3.613525390625,-4.194091796875,0.050048828125
0.16,3.693603515625,-3.353271484375,-0.950927734375
0.1605,4.013916015625,-3.153076171875,-1.471435546875
0.161,4.134033203125,-2.392333984375,-2.352294921875
0.1615,3.853759765625,-1.751708984375,-2.592529296875
0.162,3.533447265625,-0.790771484375,-3.233154296875
0.1625,2.972900390625,0.090087890625,-3.513427734375
0.163,2.532470703125,0.930908203125,-3.833740234375
0.1635,2.092041015625,1.611572265625,-4.114013671875
0.164,1.531494140625,2.292236328125,-4.194091796875
0.1645,0.730712890625,2.572509765625,-3.633544921875
0.165,0.130126953125,3.253173828125,-3.713623046875
0.1655,-0.910888671875,3.453369140625,-2.872802734375
0.166,-1.591552734375,3.893798828125,-2.672607421875
0.1665,-2.472412109375,4.093994140625,-1.951904296875
0.167,-2.832763671875,3.973876953125,-1.511474609375
0.1675,-3.353271484375,3.653564453125,-0.710693359375
0.168,-3.713623046875,3.493408203125,-0.190185546875
0.1685,-3.993896484375,2.852783203125,0.690673828125
0.169,-4.194091796875,2.492431640625,1.291259765625
0.1695,-4.474365234375,1.931884765625,2.052001953125
0.17,-3.993896484375,1.211181640625,2.332275390625
0.1705,-3.993896484375,0.330322265625,3.173095703125
0.171,-3.193115234375,-0.710693359375,3.373291015625
0.1715,-2.992919921875,-1.431396484375,3.853759765625
0.172,-2.392333984375,-2.192138671875,3.973876953125
0.1725,-1.911865234375,-2.712646484375,3.973876953125
0.173,-1.031005859375,-3.072998046875,3.533447265625
0.1735,-0.470458984375,-3.673583984375,3.493408203125
0.174,0.610595703125,-3.873779296875,2.652587890625
0.1745,1.251220703125,-4.314208984375,2.492431640625
0.175,2.052001953125,-4.434326171875,1.771728515625
0.1755,2.252197265625,-4.154052734375,1.291259765625
0.176,2.852783203125,-4.033935546875,0.610595703125
0.1765,3.052978515625,-3.593505859375,0.010009765625
0.177,3.373291015625,-3.233154296875,-0.790771484375
0.1775,3.573486328125,-2.752685546875,-1.351318359375
0.178,3.773681640625,-2.352294921875,-1.951904296875
0.1785,3.213134765625,-1.431396484375,-2.272216796875
0.179,3.253173828125,-0.830810546875,-2.912841796875
0.1795,2.532470703125,0.210205078125,-3.153076171875
0.18,2.492431640625,0.770751953125,-3.633544921875
0.1805,1.931884765625,1.491455078125,-3.793701171875
0.181,1.451416015625,1.851806640625,-3.673583984375
0.1815,0.690673828125,2.412353515625,-3.473388671875
0.182,0.010009765625,2.852783203125,-3.193115234375
0.1825,-0.910888671875,3.253173828125,-2.712646484375
0.183,-1.551513671875,3.653564453125,-2.432373046875
0.1835,-2.192138671875,3.773681640625,-1.951904296875
0.184,-2.472412109375,3.453369140625,-1.351318359375
0.1845,-3.072998046875,3.533447265625,-0.910888671875
0.185,-3.353271484375,2.892822265625,0.010009765625
0.1855,-3.833740234375,2.852783203125,0.570556640625
0.186,-3.993896484375,2.252197265625,1.291259765625
0.1865,-4.073974609375,1.931884765625,1.731689453125
0.187,-3.673583984375,0.890869140625,2.292236328125
0.1875,-3.593505859375,0.210205078125,2.892822265625
0.188,-2.992919921875,-0.830810546875,3.253173828125
0.1885,-2.912841796875,-1.391357421875,3.733642578125
0.189,-2.272216796875,-2.152099609375,3.813720703125
0.1895,-1.671630859375,-2.512451171875,3.533447265625
0.19,-0.990966796875,-3.193115234375,3.533447265625
0.1905,0.010009765625,-3.553466796875,2.932861328125
0.191,0.770751953125,-3.993896484375,2.652587890625
0.1915,1.451416015625,-4.194091796875,2.132080078125
0.192,1.971923828125,-4.274169921875,1.691650390625
0.1925,2.292236328125,-3.913818359375,0.970947265625
0.193,2.812744140625,-3.953857421875,0.490478515625
0.1935,3.052978515625,-3.193115234375,-0.390380859375
0.194,3.453369140625,-3.072998046875,-0.910888671875
0.1945,3.533447265625,-2.432373046875,-1.631591796875
0.195,3.373291015625,-1.871826171875,-1.991943359375
0.1955,3.133056640625,-0.990966796875,-2.592529296875
0.196,2.732666015625,-0.230224609375,-2.992919921875
0.1965,2.372314453125,0.610595703125,-3.393310546875
0.197,2.052001953125,1.211181640625,-3.713623046875
0.1975,1.531494140625,1.851806640625,-3.713623046875
0.198,0.810791015625,2.212158203125,-3.353271484375
0.1985,0.210205078125,2.812744140625,-3.353271484375
0.199,-0.830810546875,3.133056640625,-2.632568359375
0.1995,-1.471435546875,3.573486328125,-2.472412109375
0.2,-2.192138671875,3.653564453125,-1.871826171875
0.2005,-2.592529296875,3.573486328125,-1.431396484375
0.201,-3.072998046875,3.253173828125,-0.750732421875
0.2015,-3.393310546875,3.173095703125,-0.190185546875
0.202,-3.713623046875,2.572509765625,0.690673828125
0.2025,-3.993896484375,2.292236328125,1.251220703125
0.203,-4.154052734375,1.731689453125,1.971923828125
0.2035,-3.713623046875,0.890869140625,2.332275390625
0.204,-3.633544921875,0.090087890625,3.052978515625
0.2045,-2.952880859375,-0.910888671875,3.333251953125
0.205,-2.712646484375,-1.631591796875,3.813720703125
0.2055,-2.192138671875,-2.272216796875,3.853759765625
0.206,-1.591552734375,-2.872802734375,3.813720703125
0.2065,-0.790771484375,-3.233154296875,3.373291015625
0.207,0.010009765625,-3.833740234375,3.213134765625
0.2075,1.131103515625,-4.114013671875,2.372314453125
0.208,1.651611328125,-4.434326171875,2.172119140625
0.2085,2.412353515625,-4.474365234375,1.411376953125
0.209,2.732666015625,-4.154052734375,0.770751953125
0.2095,3.133056640625,-3.833740234375,0.130126953125
0.21,3.373291015625,-3.353271484375,-0.630615234375
0.2105,3.693603515625,-2.792724609375,-1.431396484375
0.211,3.773681640625,-2.312255859375,-1.951904296875
0.2115,3.773681640625,-1.671630859375,-2.592529296875
0.212,3.133056640625,-0.670654296875,-2.912841796875
0.2125,2.972900390625,0.050048828125,-3.473388671875
0.213,2.132080078125,1.131103515625,-3.673583984375
0.2135,1.931884765625,1.731689453125,-3.993896484375
0.214,1.211181640625,2.292236328125,-3.873779296875
0.2145,0.490478515625,2.812744140625,-3.713623046875
0.215,-0.310302734375,3.133056640625,-3.193115234375
0.2155,-1.151123046875,3.653564453125,-2.872802734375
0.216,-2.232177734375,3.893798828125,-2.031982421875
0.2165,-2.672607421875,3.973876953125,-1.711669921875
0.217,-3.313232421875,3.893798828125,-1.031005859375
0.2175,-3.553466796875,3.493408203125,-0.310302734375
0.218,-3.993896484375,3.253173828125,0.330322265625
0.2185,-4.194091796875,2.492431640625,1.291259765625
0.219,-4.514404296875,2.052001953125,1.931884765625
0.2195,-4.314208984375,1.331298828125,2.492431640625
0.22,-4.274169921875,0.650634765625,3.133056640625
0.2205,-3.513427734375,-0.470458984375,3.413330078125
0.221,-3.313232421875,-1.231201171875,3.973876953125
0.2215,-2.312255859375,-2.432373046875,4.134033203125
0.222,-2.031982421875,-2.912841796875,4.334228515625
0.2225,-1.151123046875,-3.553466796875,4.013916015625
0.223,-0.390380859375,-4.033935546875,3.733642578125
0.2235,0.490478515625,-4.354248046875,3.213134765625
0.224,1.571533203125,-4.834716796875,2.532470703125
0.2245,2.692626953125,-5.074951171875,1.691650390625
0.225,3.052978515625,-4.834716796875,1.131103515625
0.2255,3.733642578125,-4.674560546875,0.410400390625
0.226,3.853759765625,-3.993896484375,-0.430419921875
0.2265,4.134033203125,-3.673583984375,-1.111083984375
0.227,4.334228515625,-2.632568359375,-2.232177734375
0.2275,4.494384765625,-2.112060546875,-2.872802734375
0.228,4.053955078125,-1.191162109375,-3.353271484375
0.2285,3.853759765625,-0.350341796875,-3.953857421875
0.229,2.892822265625,0.770751953125,-4.033935546875
0.2295,2.532470703125,1.531494140625,-4.514404296875
0.23,1.451416015625,2.852783203125,-4.634521484375
0.2305,0.930908203125,3.173095703125,-4.474365234375
0.231,0.010009765625,3.813720703125,-4.073974609375
0.2315,-0.830810546875,4.134033203125,-3.633544921875
0.232,-1.871826171875,4.294189453125,-2.872802734375
0.2325,-2.872802734375,4.614501953125,-2.192138671875
0.233,-3.913818359375,4.774658203125,-1.311279296875
0.2335,-4.154052734375,4.214111328125,-0.470458984375
0.234,-4.794677734375,4.134033203125,0.210205078125
0.2345,-4.754638671875,3.253173828125,1.091064453125
0.235,-4.994873046875,2.852783203125,1.771728515625
0.2355,-5.155029296875,1.771728515625,2.932861328125
0.236,-5.114990234375,1.131103515625,3.493408203125
0.2365,-4.514404296875,0.050048828125,3.893798828125
0.237,-4.194091796875,-0.790771484375,4.494384765625
0.2375,-3.193115234375,-1.951904296875,4.494384765625
0.238,-2.712646484375,-2.752685546875,4.814697265625
0.2385,-1.631591796875,-4.033935546875,5.014892578125
0.239,-0.790771484375,-4.354248046875,4.494384765625
0.2395,0.050048828125,-4.874755859375,4.134033203125
0.24,0.970947265625,-5.155029296875,3.613525390625
0.2405,1.931884765625,-5.435302734375,2.732666015625
0.241,3.133056640625,-5.635498046875,1.851806640625
0.2415,4.134033203125,-5.715576171875,0.970947265625
0.242,4.254150390625,-4.834716796875,0.010009765625
0.2425,4.854736328125,-4.794677734375,-0.670654296875
0.243,4.814697265625,-3.713623046875,-1.631591796875
0.2435,4.974853515625,-3.153076171875,-2.392333984375
0.244,5.094970703125,-2.031982421875,-3.593505859375
0.2445,4.854736328125,-1.231201171875,-4.114013671875
0.245,4.093994140625,0.010009765625,-4.514404296875
0.2455,3.693603515625,0.850830078125,-4.954833984375
0.246,2.532470703125,2.011962890625,-4.914794921875
0.2465,1.971923828125,2.852783203125,-5.114990234375
0.247,0.890869140625,4.093994140625,-5.275146484375
0.2475,-0.150146484375,4.334228515625,-4.474365234375
0.248,-0.830810546875,4.814697265625,-4.194091796875
0.2485,-2.072021484375,4.974853515625,-3.273193359375
0.249,-2.992919921875,5.135009765625,-2.552490234375
0.2495,-4.114013671875,5.255126953125,-1.551513671875
0.25,-4.994873046875,5.215087890625,-0.630615234375
0.2505,-5.034912109375,4.254150390625,0.370361328125
0.251,-5.595458984375,4.134033203125,1.010986328125
0.2515,-5.475341796875,2.892822265625,2.172119140625
0.252,-5.555419921875,2.252197265625,2.812744140625
0.2525,-5.675537109375,1.251220703125,3.973876953125
0.253,-5.155029296875,0.290283203125,4.334228515625
0.2535,-4.434326171875,-0.870849609375,4.734619140625
0.254,-3.873779296875,-1.791748046875,5.094970703125
0.2545,-2.712646484375,-3.072998046875,5.094970703125
0.255,-2.112060546875,-3.753662109375,5.175048828125
0.2555,-1.031005859375,-4.874755859375,5.175048828125
0.256,0.010009765625,-5.114990234375,4.214111328125
0.2565,0.770751953125,-5.595458984375,4.093994140625
0.257,1.971923828125,-5.795654296875,3.012939453125
0.2575,2.972900390625,-5.795654296875,2.212158203125
0.258,3.893798828125,-5.835693359375,1.291259765625
0.2585,4.654541015625,-5.635498046875,0.410400390625
0.259,4.734619140625,-4.714599609375,-0.630615234375
0.2595,5.175048828125,-4.514404296875,-1.231201171875
0.26,5.135009765625,-3.193115234375,-2.472412109375
0.2605,5.135009765625,-2.672607421875,-3.032958984375
0.261,5.215087890625,-1.591552734375,-4.114013671875
0.2615,4.534423828125,-0.590576171875,-4.434326171875
0.262,3.893798828125,0.570556640625,-4.834716796875
0.2625,3.173095703125,1.571533203125,-5.074951171875
0.263,2.092041015625,2.732666015625,-5.195068359375
0.2635,1.531494140625,3.333251953125,-5.155029296875
0.264,0.410400390625,4.334228515625,-5.114990234375
0.2645,-0.630615234375,4.454345703125,-4.154052734375
0.265,-1.351318359375,5.054931640625,-3.913818359375
0.2655,-2.872802734375,5.175048828125,-2.672607421875
0.266,-3.553466796875,5.255126953125,-2.031982421875
0.2665,-4.434326171875,5.175048828125,-1.151123046875
0.267,-4.994873046875,4.814697265625,-0.270263671875
0.2675,-5.114990234375,3.973876953125,0.690673828125
0.268,-5.435302734375,3.653564453125,1.411376953125
0.2685,-5.515380859375,2.412353515625,2.652587890625
0.269,-5.435302734375,1.931884765625,3.052978515625
0.2695,-5.435302734375,0.890869140625,4.053955078125
0.27,-4.634521484375,-0.190185546875,4.294189453125
0.2705,-4.154052734375,-1.231201171875,4.774658203125
0.271,-3.193115234375,-2.352294921875,4.974853515625
0.2715,-2.352294921875,-3.353271484375,5.094970703125
0.272,-1.631591796875,-3.913818359375,4.934814453125
0.2725,-0.670654296875,-4.794677734375,4.774658203125
0.273,0.370361328125,-4.954833984375,3.773681640625
0.2735,1.091064453125,-5.395263671875,3.693603515625
0.274,2.532470703125,-5.515380859375,2.292236328125
0.2745,3.052978515625,-5.595458984375,1.931884765625
0.275,3.893798828125,-5.435302734375,0.970947265625
0.2755,4.294189453125,-4.994873046875,0.130126953125
0.276,4.494384765625,-4.354248046875,-0.710693359375
0.2765,4.774658203125,-3.833740234375,-1.471435546875
0.277,4.854736328125,-2.752685546875,-2.632568359375
0.2775,4.774658203125,-2.272216796875,-2.992919921875
0.278,4.774658203125,-1.311279296875,-3.873779296875
0.2785,3.853759765625,-0.190185546875,-4.114013671875
0.279,3.493408203125,0.690673828125,-4.594482421875
0.2795,2.492431640625,1.891845703125,-4.714599609375
0.28,1.931884765625,2.572509765625,-4.914794921875
0.2805,1.131103515625,3.173095703125,-4.754638671875
0.281,0.250244140625,3.853759765625,-4.514404296875
0.2815,-0.790771484375,4.093994140625,-3.673583984375
0.282,-1.511474609375,4.614501953125,-3.393310546875
0.2825,-2.872802734375,4.694580078125,-2.192138671875
0.283,-3.273193359375,4.814697265625,-1.871826171875
0.2835,-4.073974609375,4.614501953125,-0.910888671875
0.284,-4.354248046875,4.093994140625,-0.150146484375
0.2845,-4.634521484375,3.653564453125,0.610595703125
0.285,-4.834716796875,2.932861328125,1.451416015625
0.2855,-5.034912109375,2.252197265625,2.332275390625
0.286,-4.834716796875,1.571533203125,2.772705078125
0.2865,-4.834716796875,0.810791015625,3.533447265625
0.287,-3.913818359375,-0.350341796875,3.733642578125
0.2875,-3.793701171875,-1.151123046875,4.334228515625
0.288,-2.632568359375,-2.392333984375,4.334228515625
0.2885,-2.392333984375,-2.952880859375,4.614501953125
0.289,-1.431396484375,-3.593505859375,4.334228515625
0.2895,-0.670654296875,-4.033935546875,4.053955078125
0.29,0.210205078125,-4.354248046875,3.493408203125
0.2905,1.091064453125,-4.794677734375,3.052978515625
0.291,2.212158203125,-4.994873046875,2.132080078125
0.2915,2.572509765625,-4.994873046875,1.771728515625
0.292,3.333251953125,-4.874755859375,0.970947265625
0.2925,3.533447265625,-4.274169921875,0.210205078125
0.293,3.933837890625,-4.033935546875,-0.510498046875
0.2935,4.053955078125,-3.193115234375,-1.431396484375
0.294,4.334228515625,-2.832763671875,-2.072021484375
0.2945,4.134033203125,-2.072021484375,-2.592529296875
0.295,4.053955078125,-1.351318359375,-3.193115234375
0.2955,3.173095703125,-0.190185546875,-3.473388671875
0.296,3.052978515625,0.450439453125,-3.993896484375
0.2965,2.092041015625,1.571533203125,-4.154052734375
0.297,1.971923828125,1.971923828125,-4.394287109375
0.2975,1.010986328125,2.732666015625,-4.114013671875
0.298,0.290283203125,3.133056640625,-3.713623046875
0.2985,-0.550537109375,3.533447265625,-3.353271484375
0.299,-1.471435546875,3.893798828125,-2.752685546875
0.2995,-2.312255859375,4.134033203125,-2.232177734375
0.3,-2.712646484375,4.053955078125,-1.711669921875
0.3005,-3.313232421875,4.013916015625,-1.111083984375
0.301,-3.553466796875,3.453369140625,-0.350341796875
0.3015,-3.993896484375,3.333251953125,0.250244140625
0.302,-4.154052734375,2.492431640625,1.211181640625
0.3025,-4.434326171875,2.372314453125,1.651611328125
0.303,-4.274169921875,1.531494140625,2.292236328125
0.3035,-4.073974609375,0.890869140625,2.732666015625
0.304,-3.553466796875,-0.310302734375,3.213134765625
0.3045,-3.273193359375,-0.990966796875,3.653564453125
0.305,-2.592529296875,-1.951904296875,3.933837890625
0.3055,-2.312255859375,-2.272216796875,4.053955078125
0.306,-1.551513671875,-3.032958984375,3.933837890625
0.3065,-0.790771484375,-3.353271484375,3.533447265625
0.307,0.010009765625,-3.913818359375,3.333251953125
0.3075,1.051025390625,-4.194091796875,2.532470703125
0.308,1.651611328125,-4.594482421875,2.332275390625
0.3085,2.212158203125,-4.434326171875,1.611572265625
0.309,2.652587890625,-4.394287109375,1.131103515625
0.3095,2.932861328125,-3.833740234375,0.290283203125
0.31,3.373291015625,-3.713623046875,-0.310302734375
0.3105,3.613525390625,-2.952880859375,-1.231201171875
0.311,3.813720703125,-2.752685546875,-1.591552734375
0.3115,3.693603515625,-1.951904296875,-2.272216796875
0.312,3.333251953125,-1.271240234375,-2.632568359375
0.3125,2.932861328125,-0.310302734375,-3.193115234375
0.313,2.492431640625,0.490478515625,-3.553466796875
0.3135,2.212158203125,1.291259765625,-3.913818359375
0.314,1.651611328125,1.731689453125,-3.793701171875
0.3145,1.051025390625,2.292236328125,-3.753662109375
0.315,0.250244140625,2.612548828125,-3.233154296875
0.3155,-0.510498046875,3.253173828125,-3.153076171875
0.316,-1.471435546875,3.453369140625,-2.352294921875
0.3165,-1.951904296875,3.813720703125,-2.272216796875
0.317,-2.432373046875,3.613525390625,-1.551513671875
0.3175,-2.792724609375,3.533447265625,-1.151123046875
0.318,-3.233154296875,3.173095703125,-0.350341796875
0.3185,-3.553466796875,2.852783203125,0.250244140625
0.319,-3.913818359375,2.532470703125,0.970947265625
0.3195,-3.913818359375,2.092041015625,1.411376953125
0.32,-3.993896484375,1.451416015625,2.052001953125
0.3205,-3.513427734375,0.490478515625,2.412353515625
0.321,-3.433349609375,-0.270263671875,3.052978515625
0.3215,-2.832763671875,-1.111083984375,3.373291015625
0.322,-2.792724609375,-1.631591796875,3.853759765625
0.3225,-2.031982421875,-2.192138671875,3.573486328125
0.323,-1.591552734375,-2.712646484375,3.653564453125
0.3235,-0.630615234375,-3.153076171875,3.173095703125
0.324,0.130126953125,-3.713623046875,2.972900390625
0.3245,1.051025390625,-4.033935546875,2.412353515625
0.325,1.451416015625,-4.234130859375,2.172119140625
0.3255,2.052001953125,-4.194091796875,1.571533203125
0.326,2.412353515625,-3.913818359375,0.970947265625
0.3265,2.932861328125,-3.753662109375,0.290283203125
0.327,3.173095703125,-3.193115234375,-0.510498046875
0.3275,3.653564453125,-3.072998046875,-1.151123046875
0.328,3.453369140625,-2.392333984375,-1.631591796875
0.3285,3.573486328125,-1.871826171875,-2.272216796875
0.329,2.892822265625,-0.790771484375,-2.712646484375
0.3295,2.892822265625,0.010009765625,-3.273193359375
0.33,2.212158203125,0.930908203125,-3.553466796875
0.3305,2.092041015625,1.331298828125,-3.833740234375
0.331,1.291259765625,1.931884765625,-3.593505859375
0.3315,0.650634765625,2.412353515625,-3.473388671875
0.332,-0.150146484375,2.852783203125,-3.072998046875
0.3325,-0.990966796875,3.293212890625,-2.632568359375
0.333,-1.791748046875,3.693603515625,-2.232177734375
0.3335,-2.192138671875,3.533447265625,-1.751708984375
0.334,-2.752685546875,3.573486328125,-1.271240234375
0.3345,-3.032958984375,3.133056640625,-0.510498046875
0.335,-3.513427734375,3.012939453125,0.050048828125
0.3355,-3.713623046875,2.372314453125,0.930908203125
0.336,-3.993896484375,2.212158203125,1.331298828125
0.3365,-3.793701171875,1.411376953125,1.891845703125
0.337,-3.753662109375,0.770751953125,2.412353515625
0.3375,-3.193115234375,-0.270263671875,2.892822265625
0.338,-2.952880859375,-0.950927734375,3.333251953125
0.3385,-2.472412109375,-1.831787109375,3.693603515625
0.339,-2.072021484375,-2.192138671875,3.693603515625
0.3395,-1.431396484375,-2.832763671875,3.613525390625
0.34,-0.670654296875,-3.193115234375,3.253173828125
0.3405,0.090087890625,-3.753662109375,3.012939453125
0.341,1.131103515625,-4.033935546875,2.372314453125
0.3415,1.771728515625,-4.394287109375,2.052001953125
0.342,2.172119140625,-4.114013671875,1.371337890625
0.3425,2.692626953125,-4.194091796875,0.930908203125
0.343,2.932861328125,-3.553466796875,0.050048828125
0.3435,3.413330078125,-3.393310546875,-0.590576171875
0.344,3.693603515625,-2.752685546875,-1.471435546875
0.3445,3.733642578125,-2.432373046875,-1.911865234375
0.345,3.533447265625,-1.551513671875,-2.552490234375
0.3455,3.173095703125,-0.710693359375,-2.952880859375
0.346,2.692626953125,0.290283203125,-3.353271484375
0.3465,2.252197265625,1.051025390625,-3.753662109375
0.347,1.771728515625,1.931884765625,-4.073974609375
0.3475,1.131103515625,2.252197265625,-3.713623046875
0.348,0.490478515625,2.892822265625,-3.713623046875
0.3485,-0.430419921875,3.173095703125,-3.072998046875
0.349,-1.231201171875,3.653564453125,-2.792724609375
0.3495,-2.272216796875,3.893798828125,-1.991943359375
0.35,-2.832763671875,3.973876953125,-1.511474609375
0.3505,-3.193115234375,3.573486328125,-0.790771484375
0.351,-3.673583984375,3.493408203125,-0.270263671875
0.3515,-3.793701171875,2.852783203125,0.530517578125
0.352,-4.114013671875,2.412353515625,1.211181640625
0.3525,-4.394287109375,1.811767578125,2.092041015625
0.353,-4.073974609375,1.131103515625,2.412353515625
0.3535,-3.953857421875,0.370361328125,3.052978515625
0.354,-3.313232421875,-0.590576171875,3.373291015625
0.3545,-2.952880859375,-1.351318359375,3.773681640625
0.355,-2.272216796875,-2.312255859375,3.973876953125
0.3555,-1.791748046875,-2.992919921875,4.134033203125
0.356,-0.950927734375,-3.273193359375,3.613525390625
0.3565,-0.390380859375,-3.913818359375,3.693603515625
0.357,0.610595703125,-4.114013671875,2.852783203125
0.3575,1.411376953125,-4.554443359375,2.532470703125
0.358,2.572509765625,-4.834716796875,1.651611328125
0.3585,2.972900390625,-4.634521484375,1.091064453125
0.359,3.413330078125,-4.314208984375,0.290283203125
0.3595,3.693603515625,-3.993896484375,-0.350341796875
0.36,3.893798828125,-3.353271484375,-1.191162109375
0.3605,4.134033203125,-2.792724609375,-1.951904296875
0.361,4.414306640625,-2.112060546875,-2.872802734375
0.3615,3.813720703125,-1.151123046875,-3.153076171875
0.362,3.693603515625,-0.310302734375,-3.833740234375
0.3625,2.772705078125,0.770751953125,-3.913818359375
0.363,2.412353515625,1.571533203125,-4.354248046875
0.3635,1.571533203125,2.572509765625,-4.514404296875
0.364,0.810791015625,3.293212890625,-4.474365234375
0.3645,-0.110107421875,3.573486328125,-3.793701171875
0.365,-0.790771484375,4.134033203125,-3.713623046875
0.3655,-2.072021484375,4.294189453125,-2.592529296875
0.366,-2.792724609375,4.534423828125,-2.112060546875
0.3665,-3.873779296875,4.734619140625,-1.231201171875
0.367,-4.154052734375,4.174072265625,-0.430419921875
0.3675,-4.554443359375,3.853759765625,0.330322265625
0.368,-4.794677734375,3.173095703125,1.131103515625
0.3685,-4.954833984375,2.372314453125,2.052001953125
0.369,-4.954833984375,1.651611328125,2.732666015625
0.3695,-5.074951171875,0.930908203125,3.653564453125
0.37,-4.154052734375,-0.190185546875,3.813720703125
0.3705,-4.033935546875,-0.990966796875,4.414306640625
0.371,-2.832763671875,-2.272216796875,4.494384765625
0.3715,-2.352294921875,-2.992919921875,4.654541015625
0.372,-1.431396484375,-3.913818359375,4.694580078125
0.3725,-0.590576171875,-4.474365234375,4.334228515625
0.373,0.290283203125,-4.674560546875,3.693603515625
0.3735,1.211181640625,-5.155029296875,3.333251953125
0.374,2.532470703125,-5.275146484375,2.172119140625
0.3745,3.052978515625,-5.355224609375,1.691650390625
0.375,4.053955078125,-5.435302734375,0.770751953125
0.3755,4.174072265625,-4.674560546875,-0.070068359375
0.376,4.614501953125,-4.434326171875,-0.790771484375
0.3765,4.774658203125,-3.553466796875,-1.831787109375
0.377,4.854736328125,-2.712646484375,-2.712646484375
0.3775,4.814697265625,-1.951904296875,-3.353271484375
0.378,4.814697265625,-1.111083984375,-4.194091796875
0.3785,3.733642578125,0.170166015625,-4.354248046875
0.379,3.533447265625,0.970947265625,-4.874755859375
0.3795,2.212158203125,2.412353515625,-4.954833984375
0.38,1.691650390625,3.052978515625,-5.074951171875
0.3805,0.730712890625,3.933837890625,-4.994873046875
0.381,-0.310302734375,4.494384765625,-4.474365234375
0.3815,-1.271240234375,4.694580078125,-3.793701171875
0.382,-2.312255859375,5.175048828125,-3.193115234375
0.3825,-3.713623046875,5.255126953125,-1.911865234375
0.383,-4.114013671875,5.094970703125,-1.391357421875
0.3835,-5.074951171875,5.054931640625,-0.350341796875
0.384,-5.155029296875,4.093994140625,0.570556640625
0.3845,-5.435302734375,3.693603515625,1.291259765625
0.385,-5.635498046875,2.572509765625,2.492431640625
0.3855,-5.635498046875,1.811767578125,3.333251953125
0.386,-5.315185546875,0.970947265625,3.853759765625
0.3865,-5.155029296875,0.010009765625,4.614501953125
0.387,-3.993896484375,-1.311279296875,4.734619140625
0.3875,-3.673583984375,-2.152099609375,5.175048828125
0.388,-2.192138671875,-3.713623046875,5.215087890625
0.3885,-1.711669921875,-4.154052734375,5.135009765625
0.389,-0.630615234375,-4.874755859375,4.814697265625
0.3895,0.370361328125,-5.275146484375,4.254150390625
0.39,1.291259765625,-5.435302734375,3.493408203125
0.3905,2.412353515625,-5.835693359375,2.732666015625
0.391,3.693603515625,-5.875732421875,1.571533203125
0.3915,3.973876953125,-5.595458984375,0.970947265625
0.392,4.814697265625,-5.475341796875,0.010009765625
0.3925,4.814697265625,-4.514404296875,-0.990966796875
0.393,5.094970703125,-4.114013671875,-1.631591796875
0.3935,5.215087890625,-2.832763671875,-2.872802734375
0.394,5.175048828125,-2.192138671875,-3.553466796875
0.3945,4.774658203125,-1.231201171875,-4.033935546875
0.395,4.534423828125,-0.270263671875,-4.754638671875
0.3955,3.373291015625,1.051025390625,-4.834716796875
0.396,3.012939453125,1.851806640625,-5.195068359375
0.3965,1.611572265625,3.333251953125,-5.275146484375
0.397,1.211181640625,3.693603515625,-5.155029296875
0.3975,0.050048828125,4.454345703125,-4.754638671875
0.398,-0.990966796875,4.814697265625,-4.154052734375
0.3985,-1.911865234375,5.054931640625,-3.393310546875
0.399,-3.072998046875,5.335205078125,-2.592529296875
0.3995,-4.274169921875,5.415283203125,-1.551513671875
0.4,-4.514404296875,4.934814453125,-0.830810546875
0.4005,-5.275146484375,4.774658203125,0.130126953125
0.401,-5.315185546875,3.773681640625,1.091064453125
0.4015,-5.595458984375,3.373291015625,1.771728515625
0.402,-5.635498046875,2.092041015625,3.093017578125
0.4025,-5.635498046875,1.531494140625,3.653564453125
0.403,-5.074951171875,0.410400390625,4.134033203125
0.4035,-4.754638671875,-0.590576171875,4.734619140625
0.404,-3.553466796875,-1.871826171875,4.814697265625
0.4045,-3.153076171875,-2.632568359375,5.135009765625
0.405,-1.871826171875,-4.033935546875,5.215087890625
0.4055,-1.271240234375,-4.274169921875,4.854736328125
0.406,-0.190185546875,-4.954833984375,4.494384765625
0.4065,0.770751953125,-5.235107421875,3.813720703125
0.407,1.611572265625,-5.435302734375,3.173095703125
0.4075,2.852783203125,-5.635498046875,2.172119140625
0.408,3.773681640625,-5.795654296875,1.371337890625
0.4085,3.973876953125,-5.155029296875,0.570556640625
0.409,4.654541015625,-5.074951171875,-0.310302734375
0.4095,4.614501953125,-3.953857421875,-1.231201171875
0.41,4.854736328125,-3.593505859375,-1.831787109375
0.4105,4.974853515625,-2.392333984375,-3.072998046875
0.411,4.854736328125,-1.951904296875,-3.393310546875
0.4115,4.334228515625,-0.790771484375,-3.993896484375
0.412,3.893798828125,0.130126953125,-4.474365234375
0.4125,2.932861328125,1.291259765625,-4.634521484375
0.413,2.452392578125,2.092041015625,-4.874755859375
0.4135,1.451416015625,3.293212890625,-5.074951171875
0.414,0.810791015625,3.493408203125,-4.634521484375
0.4145,-0.190185546875,4.214111328125,-4.354248046875
0.415,-1.231201171875,4.454345703125,-3.553466796875
0.4155,-1.991943359375,4.774658203125,-3.113037109375
0.416,-3.193115234375,4.894775390625,-2.072021484375
0.4165,-3.953857421875,4.974853515625,-1.471435546875
0.417,-4.234130859375,4.334228515625,-0.550537109375
0.4175,-4.834716796875,4.214111328125,0.170166015625
0.418,-4.834716796875,3.253173828125,1.171142578125
0.4185,-5.114990234375,2.852783203125,1.771728515625
0.419,-5.275146484375,1.851806640625,2.932861328125
0.4195,-4.954833984375,1.291259765625,3.173095703125
0.42,-4.514404296875,0.210205078125,3.853759765625
0.4205,-3.953857421875,-0.790771484375,4.134033203125
0.421,-3.193115234375,-1.791748046875,4.454345703125
0.4215,-2.552490234375,-2.632568359375,4.574462890625
0.422,-1.871826171875,-3.553466796875,4.774658203125
0.4225,-1.031005859375,-3.793701171875,4.134033203125
0.423,-0.310302734375,-4.474365234375,4.093994140625
0.4235,0.730712890625,-4.554443359375,3.173095703125
0.424,1.451416015625,-5.034912109375,2.852783203125
0.4245,2.612548828125,-5.195068359375,1.851806640625
0.425,3.093017578125,-5.155029296875,1.371337890625
0.4255,3.493408203125,-4.594482421875,0.530517578125
0.426,3.893798828125,-4.394287109375,-0.070068359375
0.4265,4.013916015625,-3.593505859375,-1.031005859375
0.427,4.214111328125,-3.153076171875,-1.631591796875
0.4275,4.494384765625,-2.432373046875,-2.592529296875
0.428,4.093994140625,-1.791748046875,-2.832763671875
0.4285,3.973876953125,-0.870849609375,-3.553466796875
0.429,3.133056640625,0.210205078125,-3.753662109375
0.4295,2.812744140625,1.010986328125,-4.194091796875
0.43,2.011962890625,1.971923828125,-4.354248046875
0.4305,1.571533203125,2.572509765625,-4.514404296875
0.431,0.650634765625,2.932861328125,-3.913818359375
0.4315,0.010009765625,3.573486328125,-3.913818359375
0.432,-1.031005859375,3.733642578125,-3.072998046875
0.4325,-1.751708984375,4.134033203125,-2.832763671875
0.433,-2.872802734375,4.374267578125,-1.951904296875
0.4335,-3.153076171875,4.214111328125,-1.431396484375
0.434,-3.713623046875,3.933837890625,-0.630615234375
0.4345,-3.913818359375,3.533447265625,0.050048828125
0.435,-4.234130859375,3.012939453125,0.810791015625
0.4355,-4.394287109375,2.412353515625,1.531494140625
0.436,-4.674560546875,1.971923828125,2.252197265625
0.4365,-4.154052734375,1.131103515625,2.492431640625
0.437,-4.154052734375,0.410400390625,3.253173828125
0.4375,-3.233154296875,-0.790771484375,3.453369140625
0.438,-3.113037109375,-1.431396484375,3.933837890625
0.4385,-2.312255859375,-2.352294921875,4.093994140625
0.439,-1.951904296875,-2.712646484375,4.093994140625
0.4395,-1.151123046875,-3.193115234375,3.693603515625
0.44,-0.510498046875,-3.753662109375,3.533447265625
0.4405,0.490478515625,-4.033935546875,2.852783203125
0.441,1.211181640625,-4.434326171875,2.492431640625
0.4415,2.092041015625,-4.634521484375,1.931884765625
0.442,2.292236328125,-4.354248046875,1.411376953125
0.4425,2.972900390625,-4.354248046875,0.810791015625
0.443,3.133056640625,-3.753662109375,0.050048828125
0.4435,3.573486328125,-3.553466796875,-0.630615234375
0.444,3.733642578125,-2.872802734375,-1.391357421875
0.4445,3.973876953125,-2.592529296875,-1.911865234375
0.445,3.533447265625,-1.631591796875,-2.352294921875
0.4455,3.533447265625,-1.031005859375,-3.032958984375
0.446,2.692626953125,0.170166015625,-3.313232421875
0.4465,2.612548828125,0.770751953125,-3.833740234375
0.447,1.971923828125,1.651611328125,-4.033935546875
0.4475,1.571533203125,1.931884765625,-3.873779296875
0.448,0.730712890625,2.572509765625,-3.713623046875
0.4485,-0.070068359375,2.972900390625,-3.313232421875
0.449,-0.870849609375,3.413330078125,-2.952880859375
0.4495,-1.671630859375,3.773681640625,-2.392333984375
0.45,-2.392333984375,3.973876953125,-1.951904296875
0.4505,-2.632568359375,3.533447265625,-1.271240234375
0.451,-3.233154296875,3.693603515625,-0.830810546875
0.4515,-3.473388671875,2.972900390625,0.050048828125
0.452,-3.833740234375,2.852783203125,0.610595703125
0.4525,-4.073974609375,2.252197265625,1.411376953125
0.453,-4.073974609375,1.891845703125,1.731689453125
0.4535,-3.753662109375,0.930908203125,2.332275390625
0.454,-3.553466796875,0.250244140625,2.812744140625
0.4545,-3.072998046875,-0.670654296875,3.213134765625
0.455,-2.792724609375,-1.351318359375,3.573486328125
0.4555,-2.352294921875,-2.072021484375,3.813720703125
0.456,-1.791748046875,-2.312255859375,3.453369140625
0.4565,-1.231201171875,-3.072998046875,3.533447265625
0.457,-0.310302734375,-3.353271484375,2.932861328125
0.4575,0.370361328125,-3.833740234375,2.852783203125
0.458,1.251220703125,-4.114013671875,2.252197265625
0.4585,1.611572265625,-4.234130859375,2.011962890625
0.459,2.052001953125,-3.953857421875,1.291259765625
0.4595,2.492431640625,-3.993896484375,0.970947265625
0.46,2.892822265625,-3.433349609375,0.010009765625
0.4605,3.253173828125,-3.273193359375,-0.510498046875
0.461,3.613525390625,-2.872802734375,-1.311279296875
0.4615,3.453369140625,-2.392333984375,-1.591552734375
0.462,3.453369140625,-1.551513671875,-2.392333984375
0.4625,2.932861328125,-0.630615234375,-2.712646484375
0.463,2.732666015625,0.170166015625,-3.353271484375
0.4635,2.372314453125,0.930908203125,-3.673583984375
0.464,2.011962890625,1.411376953125,-3.913818359375
0.4645,1.251220703125,1.851806640625,-3.553466796875
0.465,0.650634765625,2.532470703125,-3.673583984375
0.4655,-0.350341796875,2.932861328125,-2.952880859375
0.466,-1.031005859375,3.493408203125,-2.832763671875
0.4665,-1.951904296875,3.773681640625,-2.192138671875
0.467,-2.272216796875,3.653564453125,-1.791748046875
0.4675,-2.832763671875,3.533447265625,-1.111083984375
0.468,-3.193115234375,3.253173828125,-0.510498046875
0.4685,-3.553466796875,2.852783203125,0.290283203125
0.469,-3.833740234375,2.452392578125,0.930908203125
0.4695,-4.114013671875,2.052001953125,1.571533203125
0.47,-3.673583984375,1.291259765625,1.931884765625
0.4705,-3.753662109375,0.610595703125,2.692626953125
0.471,-3.032958984375,-0.470458984375,2.932861328125
0.4715,-2.912841796875,-1.071044921875,3.453369140625
0.472,-2.392333984375,-1.951904296875,3.653564453125
0.4725,-1.951904296875,-2.312255859375,3.613525390625
0.473,-1.231201171875,-2.792724609375,3.333251953125
0.4735,-0.630615234375,-3.233154296875,3.213134765625
0.474,0.330322265625,-3.593505859375,2.692626953125
0.4745,1.010986328125,-4.033935546875,2.412353515625
0.475,1.771728515625,-4.274169921875,1.891845703125
0.4755,2.052001953125,-3.913818359375,1.291259765625
0.476,2.612548828125,-3.993896484375,0.770751953125
0.4765,2.852783203125,-3.473388671875,0.050048828125
0.477,3.293212890625,-3.193115234375,-0.630615234375
0.4775,3.493408203125,-2.712646484375,-1.311279296875
0.478,3.693603515625,-2.352294921875,-1.831787109375
0.4785,3.213134765625,-1.391357421875,-2.312255859375
0.479,3.213134765625,-0.790771484375,-2.912841796875
0.4795,2.532470703125,0.290283203125,-3.233154296875
0.48,2.412353515625,0.890869140625,-3.793701171875
0.4805,1.771728515625,1.731689453125,-3.953857421875
0.481,1.171142578125,2.092041015625,-3.713623046875
0.4815,0.450439453125,2.732666015625,-3.553466796875
0.482,-0.430419921875,3.173095703125,-3.153076171875
0.4825,-1.311279296875,3.573486328125,-2.592529296875
0.483,-2.072021484375,3.853759765625,-2.192138671875
0.4835,-2.832763671875,3.973876953125,-1.591552734375
0.484,-3.072998046875,3.493408203125,-0.830810546875
0.4845,-3.633544921875,3.533447265625,-0.310302734375
0.485,-3.793701171875,2.732666015625,0.610595703125
0.4855,-4.154052734375,2.452392578125,1.291259765625
0.486,-4.274169921875,1.771728515625,2.052001953125
0.4865,-4.154052734375,1.131103515625,2.492431640625
0.487,-3.633544921875,0.170166015625,2.972900390625
0.4875,-3.353271484375,-0.630615234375,3.453369140625
0.488,-2.592529296875,-1.631591796875,3.653564453125
0.4885,-2.312255859375,-2.272216796875,3.933837890625
0.489,-1.591552734375,-3.072998046875,3.933837890625
0.4895,-0.830810546875,-3.273193359375,3.493408203125
0.49,-0.270263671875,-3.833740234375,3.413330078125
0.4905,0.890869140625,-4.073974609375,2.652587890625
0.491,1.651611328125,-4.434326171875,2.172119140625
0.4915,2.292236328125,-4.514404296875,1.571533203125
0.492,2.852783203125,-4.474365234375,1.010986328125
0.4925,3.093017578125,-3.913818359375,0.290283203125
0.493,3.533447265625,-3.833740234375,-0.270263671875
0.4935,3.693603515625,-2.952880859375,-1.271240234375
0.494,3.933837890625,-2.712646484375,-1.791748046875
0.4945,4.013916015625,-1.951904296875,-2.592529296875
0.495,3.653564453125,-1.151123046875,-2.992919921875
0.4955,3.253173828125,-0.190185546875,-3.513427734375
0.496,2.732666015625,0.650634765625,-3.873779296875
0.4965,2.052001953125,1.651611328125,-4.154052734375
0.497,1.611572265625,2.212158203125,-4.314208984375
0.4975,0.850830078125,3.052978515625,-4.234130859375
0.498,-0.070068359375,3.333251953125,-3.593505859375
0.4985,-0.790771484375,3.893798828125,-3.513427734375
0.499,-2.112060546875,4.174072265625,-2.432373046875
0.4995,-2.832763671875,4.454345703125,-1.991943359375
0.5,-3.553466796875,4.374267578125,-1.231201171875
0.5005,-4.033935546875,4.134033203125,-0.510498046875
0.501,-4.274169921875,3.533447265625,0.330322265625
0.5015,-4.634521484375,3.173095703125,1.010986328125
0.502,-4.834716796875,2.172119140625,2.252197265625
0.5025,-4.834716796875,1.731689453125,2.652587890625
0.503,-4.754638671875,0.770751953125,3.493408203125
0.5035,-4.073974609375,-0.270263671875,3.813720703125
0.504,-3.593505859375,-1.271240234375,4.174072265625
0.5045,-2.752685546875,-2.392333984375,4.454345703125
0.505,-1.951904296875,-3.353271484375,4.614501953125
0.5055,-1.271240234375,-3.713623046875,4.334228515625
0.506,-0.430419921875,-4.434326171875,4.174072265625
0.5065,0.490478515625,-4.514404296875,3.413330078125
0.507,1.291259765625,-4.994873046875,3.093017578125
0.5075,2.692626953125,-5.195068359375,1.891845703125
0.508,3.253173828125,-5.195068359375,1.331298828125
0.5085,3.813720703125,-4.874755859375,0.490478515625
0.509,4.174072265625,-4.514404296875,-0.270263671875
0.5095,4.254150390625,-3.793701171875,-1.031005859375
0.51,4.534423828125,-3.233154296875,-1.871826171875
0.5105,4.694580078125,-2.272216796875,-2.952880859375
0.511,4.454345703125,-1.711669921875,-3.193115234375
0.5115,4.334228515625,-0.790771484375,-4.033935546875
0.512,3.453369140625,0.290283203125,-4.194091796875
0.5125,3.012939453125,1.211181640625,-4.594482421875
0.513,2.011962890625,2.372314453125,-4.834716796875
0.5135,1.331298828125,3.253173828125,-4.954833984375
0.514,0.490478515625,3.653564453125,-4.474365234375
0.5145,-0.390380859375,4.374267578125,-4.314208984375
0.515,-1.391357421875,4.494384765625,-3.393310546875
0.5155,-2.272216796875,4.934814453125,-3.032958984375
0.516,-3.753662109375,5.094970703125,-1.751708984375
0.5165,-4.234130859375,4.974853515625,-1.151123046875
0.517,-4.834716796875,4.534423828125,-0.150146484375
0.5175,-5.195068359375,4.134033203125,0.690673828125
0.518,-5.235107421875,3.293212890625,1.531494140625
0.5185,-5.435302734375,2.532470703125,2.452392578125
0.519,-5.635498046875,1.571533203125,3.613525390625
0.5195,-5.034912109375,0.690673828125,3.853759765625
0.52,-4.834716796875,-0.350341796875,4.614501953125
0.5205,-3.833740234375,-1.591552734375,4.734619140625
0.521,-3.233154296875,-2.512451171875,4.974853515625
0.5215,-2.112060546875,-3.713623046875,5.135009765625
0.522,-1.311279296875,-4.514404296875,5.135009765625
0.5225,-0.270263671875,-4.794677734375,4.374267578125
0.523,0.530517578125,-5.435302734375,4.214111328125
0.5235,1.611572265625,-5.395263671875,3.133056640625
0.524,2.532470703125,-5.715576171875,2.572509765625
0.5245,3.973876953125,-5.875732421875,1.291259765625
0.525,4.294189453125,-5.435302734375,0.570556640625
0.5255,4.774658203125,-4.954833984375,-0.430419921875
0.526,4.974853515625,-4.354248046875,-1.191162109375
0.5265,4.974853515625,-3.513427734375,-1.991943359375
0.527,5.094970703125,-2.632568359375,-2.952880859375
0.5275,5.255126953125,-1.751708984375,-3.993896484375
0.528,4.414306640625,-0.790771484375,-4.154052734375
0.5285,4.214111328125,0.130126953125,-4.874755859375
0.529,3.093017578125,1.291259765625,-4.834716796875
0.5295,2.572509765625,2.172119140625,-5.114990234375
0.53,1.451416015625,3.413330078125,-5.155029296875
0.5305,0.730712890625,4.093994140625,-5.114990234375
0.531,-0.390380859375,4.414306640625,-4.274169921875
0.5315,-1.151123046875,4.974853515625,-4.114013671875
0.532,-2.312255859375,4.974853515625,-3.032958984375
0.5325,-3.153076171875,5.255126953125,-2.432373046875
0.533,-4.514404296875,5.415283203125,-1.271240234375
0.5335,-4.794677734375,4.814697265625,-0.470458984375
0.534,-5.315185546875,4.454345703125,0.490478515625
0.5345,-5.475341796875,3.773681640625,1.331298828125
0.535,-5.555419921875,2.932861328125,2.172119140625
0.5355,-5.635498046875,1.971923828125,3.133056640625
0.536,-5.755615234375,1.131103515625,4.093994140625
0.5365,-4.754638671875,-0.070068359375,4.214111328125
0.537,-4.634521484375,-0.990966796875,4.974853515625
0.5375,-3.353271484375,-2.192138671875,4.934814453125
0.538,-2.872802734375,-2.952880859375,5.175048828125
0.5385,-1.711669921875,-4.194091796875,5.215087890625
0.539,-0.830810546875,-4.754638671875,4.894775390625
0.5395,0.210205078125,-5.034912109375,4.134033203125
0.54,0.970947265625,-5.475341796875,3.853759765625
0.5405,2.252197265625,-5.515380859375,2.652587890625
0.541,2.972900390625,-5.715576171875,2.052001953125
0.5415,4.174072265625,-5.795654296875,1.010986328125
0.542,4.294189453125,-4.994873046875,0.130126953125
0.5425,4.814697265625,-4.754638671875,-0.630615234375
0.543,4.814697265625,-3.833740234375,-1.511474609375
0.5435,4.934814453125,-3.193115234375,-2.312255859375
0.544,4.974853515625,-2.312255859375,-3.233154296875
0.5445,4.974853515625,-1.511474609375,-3.993896484375
0.545,3.973876953125,-0.350341796875,-4.154052734375
0.5455,3.853759765625,0.530517578125,-4.794677734375
0.546,2.612548828125,1.691650390625,-4.674560546875
0.5465,2.252197265625,2.412353515625,-4.994873046875
0.547,1.251220703125,3.533447265625,-5.034912109375
0.5475,0.330322265625,3.893798828125,-4.514404296875
0.548,-0.630615234375,4.334228515625,-4.033935546875
0.5485,-1.471435546875,4.734619140625,-3.553466796875
0.549,-2.592529296875,4.854736328125,-2.592529296875
0.5495,-3.353271484375,4.974853515625,-1.991943359375
0.55,-4.434326171875,5.094970703125,-1.071044921875
0.5505,-4.514404296875,4.214111328125,-0.150146484375
0.551,-5.074951171875,4.134033203125,0.530517578125
0.5515,-5.074951171875,3.133056640625,1.531494140625
0.552,-5.275146484375,2.572509765625,2.212158203125
0.5525,-5.275146484375,1.651611328125,3.133056640625
0.553,-5.114990234375,0.890869140625,3.693603515625
0.5535,-4.234130859375,-0.350341796875,4.013916015625
0.554,-4.033935546875,-1.151123046875,4.614501953125
0.5545,-2.872802734375,-2.352294921875,4.614501953125
0.555,-2.512451171875,-2.952880859375,4.814697265625
0.5555,-1.471435546875,-3.993896484375,4.814697265625
0.556,-0.590576171875,-4.234130859375,4.134033203125
0.5565,0.210205078125,-4.754638671875,3.853759765625
0.557,1.251220703125,-4.954833984375,3.133056640625
0.5575,2.172119140625,-5.155029296875,2.372314453125
0.558,2.852783203125,-5.195068359375,1.771728515625
0.5585,3.653564453125,-5.195068359375,0.970947265625
0.559,3.773681640625,-4.354248046875,0.090087890625
0.5595,4.214111328125,-4.314208984375,-0.510498046875
0.56,4.174072265625,-3.353271484375,-1.471435546875
0.5605,4.454345703125,-2.992919921875,-2.031982421875
0.561,4.494384765625,-2.112060546875,-2.952880859375
0.5615,4.134033203125,-1.391357421875,-3.233154296875
0.562,3.573486328125,-0.310302734375,-3.753662109375
0.5625,3.173095703125,0.530517578125,-4.073974609375
0.563,2.372314453125,1.531494140625,-4.234130859375
0.5635,2.011962890625,2.172119140625,-4.514404296875
0.564,1.211181640625,3.012939453125,-4.514404296875
0.5645,0.290283203125,3.213134765625,-3.873779296875
0.565,-0.390380859375,3.853759765625,-3.833740234375
0.5655,-1.511474609375,4.053955078125,-2.912841796875
0.566,-2.232177734375,4.414306640625,-2.552490234375
0.5665,-3.072998046875,4.454345703125,-1.791748046875
0.567,-3.593505859375,4.334228515625,-1.151123046875
0.5675,-3.873779296875,3.773681640625,-0.270263671875
0.568,-4.314208984375,3.573486328125,0.290283203125
0.5685,-4.434326171875,2.692626953125,1.291259765625
0.569,-4.634521484375,2.372314453125,1.771728515625
0.5695,-4.754638671875,1.571533203125,2.692626953125
0.57,-4.234130859375,0.770751953125,2.932861328125
0.5705,-3.953857421875,-0.190185546875,3.613525390625
0.571,-3.233154296875,-1.111083984375,3.853759765625
0.5715,-2.752685546875,-1.951904296875,4.134033203125
0.572,-2.232177734375,-2.592529296875,4.174072265625
0.5725,-1.551513671875,-3.233154296875,4.134033203125
0.573,-0.670654296875,-3.513427734375,3.533447265625
0.5735,-0.070068359375,-4.114013671875,3.533447265625
0.574,1.091064453125,-4.234130859375,2.532470703125
0.5745,1.571533203125,-4.594482421875,2.372314453125
0.575,2.412353515625,-4.594482421875,1.571533203125
0.5755,2.692626953125,-4.354248046875,1.091064453125
0.576,3.133056640625,-4.073974609375,0.330322265625
0.5765,3.373291015625,-3.753662109375,-0.270263671875
0.577,3.653564453125,-3.193115234375,-1.111083984375
0.5775,3.813720703125,-2.752685546875,-1.591552734375
0.578,3.933837890625,-2.192138671875,-2.272216796875
0.5785,3.373291015625,-1.311279296875,-2.552490234375
0.579,3.373291015625,-0.590576171875,-3.233154296875
0.5795,2.572509765625,0.410400390625,-3.433349609375
0.58,2.492431640625,1.051025390625,-3.913818359375
0.5805,1.891845703125,1.771728515625,-3.993896484375
0.581,1.291259765625,2.252197265625,-3.913818359375
0.5815,0.490478515625,2.732666015625,-3.553466796875
0.582,-0.230224609375,3.293212890625,-3.393310546875
0.5825,-1.271240234375,3.573486328125,-2.632568359375
0.583,-1.871826171875,3.973876953125,-2.512451171875
0.5835,-2.632568359375,4.013916015625,-1.751708984375
0.584,-2.872802734375,3.653564453125,-1.191162109375
0.5845,-3.513427734375,3.533447265625,-0.510498046875
0.585,-3.713623046875,2.932861328125,0.250244140625
0.5855,-4.114013671875,2.692626953125,0.970947265625
0.586,-4.154052734375,2.092041015625,1.571533203125
0.5865,-4.234130859375,1.571533203125,2.172119140625
0.587,-3.633544921875,0.570556640625,2.572509765625
0.5875,-3.593505859375,-0.150146484375,3.213134765625
0.588,-2.832763671875,-1.151123046875,3.373291015625
0.5885,-2.752685546875,-1.671630859375,3.853759765625
0.589,-1.991943359375,-2.392333984375,3.773681640625
0.5895,-1.431396484375,-2.712646484375,3.533447265625
0.59,-0.750732421875,-3.193115234375,3.333251953125
0.5905,0.090087890625,-3.633544921875,2.932861328125
0.591,0.930908203125,-3.993896484375,2.452392578125
0.5915,1.451416015625,-4.154052734375,2.092041015625
0.592,1.971923828125,-4.274169921875,1.571533203125
0.5925,2.252197265625,-3.833740234375,0.970947265625
0.593,2.772705078125,-3.913818359375,0.490478515625
0.5935,2.932861328125,-3.193115234375,-0.310302734375
0.594,3.413330078125,-3.193115234375,-0.790771484375
0.5945,3.453369140625,-2.512451171875,-1.471435546875
0.595,3.453369140625,-2.152099609375,-1.831787109375
0.5955,3.052978515625,-1.151123046875,-2.432373046875
0.596,2.892822265625,-0.510498046875,-2.872802734375
0.5965,2.452392578125,0.410400390625,-3.273193359375
0.597,2.412353515625,0.930908203125,-3.713623046875
0.5975,1.771728515625,1.571533203125,-3.713623046875
0.598,1.131103515625,1.971923828125,-3.513427734375
0.5985,0.450439453125,2.692626953125,-3.473388671875
0.599,-0.510498046875,3.052978515625,-2.872802734375
0.5995,-1.191162109375,3.573486328125,-2.712646484375
0.6,-1.911865234375,3.653564453125,-2.192138671875
0.6005,-2.312255859375,3.693603515625,-1.791748046875
0.601,-2.792724609375,3.413330078125,-0.990966796875
0.6015,-3.353271484375,3.373291015625,-0.510498046875
0.602,-3.593505859375,2.732666015625,0.490478515625
0.6025,-3.993896484375,2.612548828125,0.930908203125
0.603,-4.073974609375,1.931884765625,1.651611328125
0.6035,-3.833740234375,1.251220703125,2.092041015625
0.604,-3.553466796875,0.290283203125,2.772705078125
0.6045,-3.153076171875,-0.590576171875,3.173095703125
0.605,-2.832763671875,-1.351318359375,3.573486328125
0.6055,-2.392333984375,-1.911865234375,3.693603515625
0.606,-1.791748046875,-2.472412109375,3.653564453125
0.6065,-1.031005859375,-2.872802734375,3.253173828125
0.607,-0.390380859375,-3.473388671875,3.213134765625
0.6075,0.650634765625,-3.713623046875,2.452392578125
0.608,1.211181640625,-4.154052734375,2.292236328125
0.6085,1.851806640625,-4.114013671875,1.651611328125
0.609,2.172119140625,-3.953857421875,1.251220703125
0.6095,2.532470703125,-3.673583984375,0.570556640625
0.61,2.892822265625,-3.393310546875,0.010009765625
0.6105,3.213134765625,-2.952880859375,-0.830810546875
0.611,3.413330078125,-2.672607421875,-1.271240234375
0.6115,3.493408203125,-2.072021484375,-1.911865234375
0.612,3.052978515625,-1.271240234375,-2.272216796875
0.6125,2.972900390625,-0.550537109375,-2.912841796875
0.613,2.372314453125,0.410400390625,-3.193115234375
0.6135,2.292236328125,0.970947265625,-3.673583984375
0.614,1.651611328125,1.571533203125,-3.633544921875
0.6145,1.131103515625,2.092041015625,-3.633544921875
0.615,0.330322265625,2.532470703125,-3.233154296875
0.6155,-0.430419921875,3.173095703125,-3.072998046875
0.616,-1.431396484375,3.453369140625,-2.432373046875
0.6165,-1.951904296875,3.733642578125,-2.232177734375
0.617,-2.592529296875,3.773681640625,-1.551513671875
0.6175,-2.952880859375,3.493408203125,-0.990966796875
0.618,-3.513427734375,3.333251953125,-0.270263671875
0.6185,-3.793701171875,2.732666015625,0.610595703125
0.619,-4.154052734375,2.412353515625,1.291259765625
0.6195,-4.114013671875,1.771728515625,1.851806640625
0.62,-4.154052734375,1.171142578125,2.532470703125
0.6205,-3.473388671875,0.090087890625,2.852783203125
0.621,-3.353271484375,-0.670654296875,3.493408203125
0.6215,-2.512451171875,-1.751708984375,3.693603515625
0.622,-2.312255859375,-2.272216796875,3.973876953125
0.6225,-1.471435546875,-2.872802734375,3.773681640625
0.623,-0.830810546875,-3.353271484375,3.533447265625
0.6235,0.010009765625,-3.673583984375,3.133056640625
0.624,0.930908203125,-4.194091796875,2.572509765625
0.6245,1.891845703125,-4.474365234375,1.931884765625
0.625,2.292236328125,-4.354248046875,1.451416015625
0.6255,2.812744140625,-4.234130859375,0.850830078125
0.626,3.012939453125,-3.753662109375,0.130126953125
0.6265,3.373291015625,-3.553466796875,-0.430419921875
0.627,3.573486328125,-2.712646484375,-1.391357421875
0.6275,3.853759765625,-2.432373046875,-1.951904296875
0.628,3.573486328125,-1.671630859375,-2.432373046875
0.6285,3.493408203125,-1.031005859375,-2.952880859375
0.629,2.772705078125,0.010009765625,-3.193115234375
0.6295,2.572509765625,0.690673828125,-3.713623046875
0.63,1.771728515625,1.771728515625,-3.913818359375
0.6305,1.531494140625,2.132080078125,-4.033935546875
0.631,0.690673828125,2.772705078125,-3.833740234375
0.6315,-0.070068359375,3.173095703125,-3.473388671875
0.632,-0.870849609375,3.533447265625,-3.072998046875
0.6325,-1.951904296875,3.933837890625,-2.432373046875
0.633,-2.832763671875,4.294189453125,-1.791748046875
0.6335,-3.233154296875,3.973876953125,-1.151123046875
0.634,-3.873779296875,3.933837890625,-0.510498046875
0.6345,-4.033935546875,3.293212890625,0.330322265625
0.635,-4.394287109375,3.012939453125,0.970947265625
0.6355,-4.634521484375,2.052001953125,2.092041015625
0.636,-4.714599609375,1.611572265625,2.572509765625
0.6365,-4.354248046875,0.610595703125,3.173095703125
0.637,-4.033935546875,-0.270263671875,3.733642578125
0.6375,-3.193115234375,-1.311279296875,3.933837890625
0.638,-2.752685546875,-2.192138671875,4.334228515625
0.6385,-1.911865234375,-3.273193359375,4.534423828125
0.639,-1.231201171875,-3.633544921875,4.134033203125
0.6395,-0.390380859375,-4.234130859375,3.973876953125
0.64,0.530517578125,-4.554443359375,3.333251953125
0.6405,1.411376953125,-4.874755859375,2.772705078125
0.641,2.612548828125,-5.074951171875,1.851806640625
0.6415,3.453369140625,-5.155029296875,1.131103515625
0.642,3.653564453125,-4.514404296875,0.290283203125
0.6425,4.174072265625,-4.434326171875,-0.310302734375
0.643,4.134033203125,-3.473388671875,-1.231201171875
0.6435,4.374267578125,-3.032958984375,-1.871826171875
0.644,4.534423828125,-2.072021484375,-3.032958984375
0.6445,4.294189453125,-1.391357421875,-3.353271484375
0.645,3.813720703125,-0.350341796875,-3.833740234375
0.6455,3.333251953125,0.490478515625,-4.194091796875
0.646,2.452392578125,1.491455078125,-4.314208984375
0.6465,1.891845703125,2.372314453125,-4.554443359375
0.647,1.091064453125,3.373291015625,-4.794677734375
0.6475,0.170166015625,3.573486328125,-4.114013671875
0.648,-0.510498046875,4.174072265625,-4.033935546875
0.6485,-1.591552734375,4.334228515625,-3.153076171875
0.649,-2.432373046875,4.654541015625,-2.592529296875
0.6495,-3.593505859375,4.854736328125,-1.631591796875
0.65,-4.314208984375,4.814697265625,-0.910888671875
0.6505,-4.554443359375,4.093994140625,0.050048828125
0.651,-5.114990234375,3.973876953125,0.690673828125
0.6515,-5.114990234375,2.932861328125,1.691650390625
0.652,-5.275146484375,2.412353515625,2.412353515625
0.6525,-5.475341796875,1.411376953125,3.573486328125
0.653,-4.954833984375,0.530517578125,3.933837890625
0.6535,-4.434326171875,-0.630615234375,4.494384765625
0.654,-3.793701171875,-1.591552734375,4.814697265625
0.6545,-2.832763671875,-2.712646484375,4.894775390625
0.655,-2.112060546875,-3.593505859375,5.054931640625
0.6555,-1.151123046875,-4.634521484375,5.175048828125
0.656,0.010009765625,-4.834716796875,4.134033203125
0.6565,0.650634765625,-5.435302734375,4.013916015625
0.657,2.052001953125,-5.515380859375,2.852783203125
0.6575,2.852783203125,-5.635498046875,2.172119140625
0.658,3.893798828125,-5.755615234375,1.211181640625
0.6585,4.494384765625,-5.435302734375,0.370361328125
0.659,4.614501953125,-4.594482421875,-0.630615234375
0.6595,5.054931640625,-4.314208984375,-1.271240234375
0.66,5.014892578125,-3.032958984375,-2.512451171875
0.6605,4.974853515625,-2.472412109375,-3.032958984375
0.661,5.135009765625,-1.431396484375,-4.154052734375
0.6615,4.334228515625,-0.430419921875,-4.354248046875
0.662,3.853759765625,0.610595703125,-4.834716796875
0.6625,2.932861328125,1.651611328125,-4.994873046875
0.663,1.971923828125,2.732666015625,-5.074951171875
0.6635,1.411376953125,3.453369140625,-5.195068359375
0.664,0.330322265625,4.334228515625,-4.994873046875
0.6645,-0.750732421875,4.454345703125,-3.993896484375
0.665,-1.431396484375,5.054931640625,-3.873779296875
0.6655,-2.952880859375,5.135009765625,-2.512451171875
0.666,-3.593505859375,5.175048828125,-1.951904296875
0.6665,-4.554443359375,5.175048828125,-0.990966796875
0.667,-4.994873046875,4.774658203125,-0.150146484375
0.6675,-5.195068359375,4.013916015625,0.770751953125
0.668,-5.555419921875,3.613525390625,1.531494140625
0.6685,-5.595458984375,2.412353515625,2.732666015625
0.669,-5.515380859375,1.851806640625,3.213134765625
0.6695,-5.595458984375,0.810791015625,4.294189453125
0.67,-4.634521484375,-0.350341796875,4.494384765625
0.6705,-4.274169921875,-1.351318359375,5.014892578125
0.671,-3.193115234375,-2.592529296875,5.135009765625
0.6715,-2.392333984375,-3.713623046875,5.255126953125
0.672,-1.551513671875,-4.274169921875,5.094970703125
0.6725,-0.510498046875,-5.114990234375,4.814697265625
0.673,0.610595703125,-5.155029296875,3.893798828125
0.6735,1.331298828125,-5.715576171875,3.653564453125
0.674,2.892822265625,-5.755615234375,2.212158203125
0.6745,3.413330078125,-5.755615234375,1.771728515625
0.675,4.334228515625,-5.635498046875,0.690673828125
0.6755,4.614501953125,-5.074951171875,-0.150146484375
0.676,4.814697265625,-4.354248046875,-0.990966796875
0.6765,5.054931640625,-3.753662109375,-1.871826171875
0.677,5.094970703125,-2.632568359375,-3.032958984375
0.6775,4.934814453125,-2.072021484375,-3.353271484375
0.678,4.854736328125,-1.111083984375,-4.274169921875
0.6785,3.853759765625,0.130126953125,-4.394287109375
0.679,3.533447265625,0.970947265625,-4.874755859375
0.6795,2.412353515625,2.252197265625,-4.954833984375
0.68,1.731689453125,2.972900390625,-5.114990234375
0.6805,0.970947265625,3.533447265625,-4.994873046875
0.681,-0.070068359375,4.294189453125,-4.514404296875
0.6815,-1.111083984375,4.494384765625,-3.673583984375
0.682,-1.951904296875,4.934814453125,-3.353271484375
0.6825,-3.353271484375,5.054931640625,-2.072021484375
0.683,-3.713623046875,5.014892578125,-1.711669921875
0.6835,-4.554443359375,4.814697265625,-0.670654296875
0.684,-4.794677734375,4.214111328125,0.170166015625
0.6845,-5.074951171875,3.733642578125,0.970947265625
0.685,-5.275146484375,2.892822265625,1.931884765625
0.6855,-5.395263671875,2.092041015625,2.852783203125
0.686,-5.155029296875,1.411376953125,3.253173828125
0.6865,-5.114990234375,0.530517578125,4.093994140625
0.687,-4.033935546875,-0.750732421875,4.214111328125
0.6875,-3.873779296875,-1.631591796875,4.774658203125
0.688,-2.552490234375,-2.992919921875,4.814697265625
0.6885,-2.232177734375,-3.553466796875,5.094970703125
0.689,-1.151123046875,-4.154052734375,4.614501953125
0.6895,-0.270263671875,-4.674560546875,4.254150390625
0.69,0.730712890625,-4.874755859375,3.533447265625
0.6905,1.651611328125,-5.315185546875,3.012939453125
0.691,2.932861328125,-5.435302734375,1.891845703125
0.6915,3.213134765625,-5.275146484375,1.451416015625
0.692,3.973876953125,-5.114990234375,0.570556640625
0.6925,4.134033203125,-4.394287109375,-0.310302734375
0.693,4.414306640625,-3.993896484375,-0.990966796875
0.6935,4.494384765625,-3.032958984375,-2.031982421875
0.694,4.694580078125,-2.512451171875,-2.712646484375
0.6945,4.334228515625,-1.671630859375,-3.153076171875
0.695,4.214111328125,-0.950927734375,-3.793701171875
0.6955,3.253173828125,0.290283203125,-3.913818359375
0.696,3.052978515625,0.930908203125,-4.434326171875
0.6965,1.971923828125,2.212158203125,-4.514404296875
0.697,1.731689453125,2.572509765625,-4.634521484375
0.6975,0.690673828125,3.253173828125,-4.314208984375
0.698,-0.110107421875,3.693603515625,-3.873779296875
0.6985,-0.990966796875,4.013916015625,-3.353271484375
0.699,-1.991943359375,4.374267578125,-2.712646484375
0.6995,-2.912841796875,4.574462890625,-2.031982421875
0.7,-3.233154296875,4.374267578125,-1.511474609375
0.7005,-3.913818359375,4.294189453125,-0.790771484375
0.701,-4.154052734375,3.613525390625,0.090087890625
0.7015,-4.554443359375,3.453369140625,0.690673828125
0.702,-4.674560546875,2.412353515625,1.811767578125
0.7025,-4.914794921875,2.172119140625,2.252197265625
0.703,-4.554443359375,1.211181640625,2.892822265625
0.7035,-4.354248046875,0.450439453125,3.373291015625
0.704,-3.553466796875,-0.750732421875,3.733642578125
0.7045,-3.273193359375,-1.551513671875,4.174072265625
0.705,-2.392333984375,-2.632568359375,4.374267578125
0.7055,-2.072021484375,-2.912841796875,4.334228515625
0.706,-1.151123046875,-3.633544921875,4.093994140625
0.7065,-0.310302734375,-3.953857421875,3.573486328125
0.707,0.490478515625,-4.434326171875,3.253173828125
0.7075,1.571533203125,-4.634521484375,2.412353515625
0.708,2.252197265625,-4.874755859375,1.971923828125
0.7085,2.692626953125,-4.514404296875,1.291259765625
0.709,3.173095703125,-4.514404296875,0.730712890625
0.7095,3.333251953125,-3.793701171875,-0.150146484375
0.71,3.733642578125,-3.593505859375,-0.670654296875
0.7105,3.853759765625,-2.752685546875,-1.671630859375
0.711,4.013916015625,-2.552490234375,-1.951904296875
0.7115,3.773681640625,-1.711669921875,-2.632568359375
0.712,3.453369140625,-0.990966796875,-2.992919921875
0.7125,2.932861328125,0.010009765625,-3.473388671875
0.713,2.492431640625,0.810791015625,-3.713623046875
0.7135,2.052001953125,1.611572265625,-4.073974609375
0.714,1.571533203125,1.931884765625,-3.913818359375
0.7145,0.930908203125,2.612548828125,-3.873779296875
0.715,0.050048828125,2.932861328125,-3.353271484375
0.7155,-0.670654296875,3.533447265625,-3.193115234375
0.716,-1.751708984375,3.773681640625,-2.392333984375
0.7165,-2.192138671875,4.053955078125,-2.272216796875
0.717,-2.752685546875,3.853759765625,-1.471435546875
0.7175,-3.193115234375,3.813720703125,-0.990966796875
0.718,-3.553466796875,3.293212890625,-0.150146484375
0.7185,-3.953857421875,3.052978515625,0.490478515625
0.719,-4.274169921875,2.492431640625,1.371337890625
0.7195,-4.274169921875,2.052001953125,1.731689453125
0.72,-4.234130859375,1.251220703125,2.492431640625
0.7205,-3.713623046875,0.290283203125,2.852783203125
0.721,-3.513427734375,-0.590576171875,3.493408203125
0.7215,-2.832763671875,-1.511474609375,3.733642578125
0.722,-2.592529296875,-2.112060546875,4.093994140625
0.7225,-1.831787109375,-2.552490234375,3.733642578125
0.723,-1.231201171875,-3.153076171875,3.773681640625
0.7235,-0.310302734375,-3.473388671875,3.173095703125
0.724,0.450439453125,-4.033935546875,2.932861328125
0.7245,1.451416015625,-4.234130859375,2.212158203125
0.725,1.771728515625,-4.354248046875,1.931884765625
0.7255,2.332275390625,-4.154052734375,1.251220703125
0.726,2.612548828125,-3.873779296875,0.730712890625
0.7265,3.012939453125,-3.553466796875,0.010009765625
0.727,3.253173828125,-3.113037109375,-0.710693359375
0.7275,3.573486328125,-2.872802734375,-1.311279296875
0.728,3.373291015625,-2.272216796875,-1.671630859375
0.7285,3.493408203125,-1.751708984375,-2.312255859375
0.729,2.812744140625,-0.670654296875,-2.632568359375
0.7295,2.812744140625,-0.070068359375,-3.193115234375
0.73,2.212158203125,0.850830078125,-3.433349609375
0.7305,2.212158203125,1.211181640625,-3.793701171875
0.731,1.371337890625,1.771728515625,-3.513427734375
0.7315,0.890869140625,2.252197265625,-3.513427734375
0.732,0.010009765625,2.732666015625,-3.113037109375
0.7325,-0.790771484375,3.213134765625,-2.792724609375
0.733,-1.551513671875,3.573486328125,-2.432373046875
0.7335,-1.911865234375,3.573486328125,-2.072021484375
0.734,-2.512451171875,3.693603515625,-1.551513671875
0.7345,-2.872802734375,3.293212890625,-0.870849609375
0.735,-3.393310546875,3.213134765625,-0.230224609375
0.7355,-3.713623046875,2.612548828125,0.610595703125
0.736,-4.114013671875,2.532470703125,1.091064453125
0.7365,-3.873779296875,1.691650390625,1.651611328125
0.737,-3.953857421875,1.211181640625,2.252197265625
0.7375,-3.353271484375,0.010009765625,2.812744140625
0.738,-3.233154296875,-0.630615234375,3.373291015625
0.7385,-2.712646484375,-1.591552734375,3.693603515625
0.739,-2.432373046875,-1.951904296875,3.773681640625
0.7395,-1.671630859375,-2.592529296875,3.653564453125
0.74,-0.990966796875,-3.072998046875,3.373291015625
0.7405,-0.110107421875,-3.593505859375,3.093017578125
0.741,0.810791015625,-3.953857421875,2.532470703125
0.7415,1.491455078125,-4.274169921875,2.172119140625
0.742,1.851806640625,-4.033935546875,1.571533203125
0.7425,2.412353515625,-4.114013671875,1.171142578125
0.743,2.612548828125,-3.553466796875,0.330322265625
0.7435,3.093017578125,-3.473388671875,-0.270263671875
0.744,3.333251953125,-2.872802734375,-1.111083984375
0.7445,3.493408203125,-2.632568359375,-1.471435546875
0.745,3.253173828125,-1.791748046875,-2.072021484375
0.7455,3.052978515625,-1.151123046875,-2.512451171875
0.746,2.612548828125,-0.150146484375,-2.912841796875
0.7465,2.372314453125,0.570556640625,-3.313232421875
0.747,2.052001953125,1.251220703125,-3.713623046875
0.7475,1.571533203125,1.571533203125,-3.513427734375
0.748,0.970947265625,2.252197265625,-3.553466796875
0.7485,0.170166015625,2.572509765625,-3.072998046875
0.749,-0.630615234375,3.173095703125,-2.912841796875
0.7495,-1.591552734375,3.453369140625,-2.272216796875
0.75,-2.072021484375,3.693603515625,-1.991943359375
0.7505,-2.512451171875,3.453369140625,-1.311279296875
0.751,-2.952880859375,3.533447265625,-0.950927734375
0.7515,-3.313232421875,2.972900390625,-0.110107421875
0.752,-3.713623046875,2.692626953125,0.530517578125
0.7525,-4.114013671875,2.252197265625,1.331298828125
0.753,-3.993896484375,1.811767578125,1.691650390625
0.7535,-3.953857421875,1.010986328125,2.452392578125
0.754,-3.393310546875,0.050048828125,2.852783203125
0.7545,-3.193115234375,-0.790771484375,3.413330078125
0.755,-2.592529296875,-1.671630859375,3.693603515625
0.7555,-2.272216796875,-2.312255859375,3.973876953125
0.756,-1.471435546875,-2.712646484375,3.573486328125
0.7565,-0.910888671875,-3.353271484375,3.653564453125
0.757,0.090087890625,-3.673583984375,2.932861328125
0.7575,0.890869140625,-4.154052734375,2.692626953125
0.758,1.931884765625,-4.474365234375,1.931884765625
0.7585,2.292236328125,-4.354248046875,1.451416015625
0.759,2.812744140625,-4.114013671875,0.730712890625
0.7595,3.133056640625,-3.833740234375,0.130126953125
0.76,3.373291015625,-3.353271484375,-0.630615234375
0.7605,3.613525390625,-2.872802734375,-1.351318359375
0.761,3.893798828125,-2.352294921875,-2.112060546875
0.7615,3.413330078125,-1.591552734375,-2.392333984375
0.762,3.373291015625,-0.910888671875,-3.032958984375
0.7625,2.612548828125,0.170166015625,-3.193115234375
0.763,2.412353515625,0.890869140625,-3.673583984375
0.7635,1.731689453125,1.771728515625,-3.913818359375
0.764,1.251220703125,2.292236328125,-3.913818359375
0.7645,0.490478515625,2.692626953125,-3.473388671875
0.765,-0.150146484375,3.173095703125,-3.393310546875
0.7655,-1.151123046875,3.453369140625,-2.672607421875
0.766,-1.911865234375,3.853759765625,-2.352294921875
0.7665,-2.872802734375,4.134033203125,-1.671630859375
0.767,-3.153076171875,3.733642578125,-1.031005859375
0.7675,-3.673583984375,3.653564453125,-0.470458984375
0.768,-3.873779296875,3.093017578125,0.290283203125
0.7685,-4.194091796875,2.692626953125,1.010986328125
0.769,-4.434326171875,2.052001953125,1.931884765625
0.7695,-4.594482421875,1.531494140625,2.572509765625
0.77,-3.953857421875,0.570556640625,2.932861328125
0.7705,-3.953857421875,-0.230224609375,3.653564453125
0.771,-3.032958984375,-1.351318359375,3.773681640625
0.7715,-2.712646484375,-2.072021484375,4.174072265625
0.772,-1.951904296875,-3.113037109375,4.374267578125
0.7725,-1.151123046875,-3.553466796875,4.093994140625
0.773,-0.350341796875,-3.993896484375,3.733642578125
0.7735,0.490478515625,-4.474365234375,3.333251953125
0.774,1.651611328125,-4.714599609375,2.412353515625
0.7745,2.412353515625,-4.954833984375,1.931884765625
0.775,3.333251953125,-5.074951171875,1.171142578125
0.7755,3.493408203125,-4.434326171875,0.290283203125
0.776,3.973876953125,-4.354248046875,-0.310302734375
0.7765,4.134033203125,-3.473388671875,-1.311279296875
0.777,4.334228515625,-2.832763671875,-1.991943359375
0.7775,4.414306640625,-2.072021484375,-2.832763671875
0.778,4.294189453125,-1.311279296875,-3.513427734375
0.7785,3.453369140625,-0.230224609375,-3.713623046875
0.779,3.253173828125,0.570556640625,-4.234130859375
0.7795,2.132080078125,1.811767578125,-4.314208984375
0.78,1.771728515625,2.412353515625,-4.514404296875
0.7805,0.890869140625,3.333251953125,-4.554443359375
0.781,0.010009765625,3.693603515625,-3.993896484375
0.7815,-0.750732421875,4.053955078125,-3.593505859375
0.782,-1.871826171875,4.414306640625,-2.912841796875
0.7825,-2.912841796875,4.534423828125,-2.031982421875
0.783,-3.513427734375,4.614501953125,-1.471435546875
0.7835,-4.354248046875,4.574462890625,-0.710693359375
0.784,-4.394287109375,3.773681640625,0.170166015625
0.7845,-4.874755859375,3.613525390625,0.730712890625
0.785,-4.994873046875,2.532470703125,1.971923828125
0.7855,-5.114990234375,2.052001953125,2.572509765625
0.786,-5.074951171875,1.171142578125,3.373291015625
0.7865,-4.834716796875,0.330322265625,3.933837890625
0.787,-3.913818359375,-0.830810546875,4.214111328125
0.7875,-3.553466796875,-1.751708984375,4.734619140625
0.788,-2.352294921875,-3.113037109375,4.814697265625
0.7885,-1.951904296875,-3.593505859375,4.854736328125
0.789,-0.910888671875,-4.514404296875,4.774658203125
0.7895,0.090087890625,-4.834716796875,4.013916015625
0.79,0.890869140625,-5.195068359375,3.613525390625
0.7905,2.252197265625,-5.555419921875,2.692626953125
0.791,3.293212890625,-5.635498046875,1.731689453125
0.7915,3.813720703125,-5.475341796875,1.010986328125
0.792,4.534423828125,-5.355224609375,0.170166015625
0.7925,4.574462890625,-4.394287109375,-0.830810546875
0.793,4.934814453125,-4.033935546875,-1.431396484375
0.7935,5.054931640625,-2.712646484375,-2.832763671875
0.794,4.974853515625,-2.192138671875,-3.313232421875
0.7945,4.734619140625,-1.151123046875,-4.033935546875
0.795,4.294189453125,-0.230224609375,-4.514404296875
0.7955,3.333251953125,0.970947265625,-4.674560546875
0.796,2.812744140625,1.931884765625,-5.074951171875
0.7965,1.531494140625,3.253173828125,-5.114990234375
0.797,1.091064453125,3.573486328125,-4.954833984375
0.7975,0.010009765625,4.454345703125,-4.674560546875
0.798,-1.031005859375,4.614501953125,-3.873779296875
0.7985,-1.871826171875,4.934814453125,-3.393310546875
0.799,-3.233154296875,5.215087890625,-2.312255859375
0.7995,-4.154052734375,5.215087890625,-1.431396484375
0.8,-4.554443359375,4.814697265625,-0.670654296875
0.8005,-5.235107421875,4.614501953125,0.170166015625
0.801,-5.235107421875,3.653564453125,1.171142578125
0.8015,-5.515380859375,3.253173828125,1.811767578125
0.802,-5.635498046875,1.931884765625,3.213134765625
0.8025,-5.475341796875,1.411376953125,3.573486328125
0.803,-5.114990234375,0.330322265625,4.294189453125
0.8035,-4.554443359375,-0.710693359375,4.734619140625
0.804,-3.633544921875,-1.871826171875,4.934814453125
0.8045,-2.992919921875,-2.872802734375,5.215087890625
0.805,-1.831787109375,-4.154052734375,5.295166015625
0.8055,-1.191162109375,-4.394287109375,4.894775390625
0.806,-0.110107421875,-5.195068359375,4.614501953125
0.8065,0.970947265625,-5.395263671875,3.733642578125
0.807,1.771728515625,-5.715576171875,3.253173828125
0.8075,3.213134765625,-5.915771484375,2.011962890625
0.808,3.973876953125,-5.955810546875,1.291259765625
0.8085,4.334228515625,-5.395263671875,0.330322265625
0.809,4.974853515625,-5.074951171875,-0.510498046875
0.8095,4.894775390625,-3.993896484375,-1.471435546875
0.81,5.135009765625,-3.553466796875,-2.192138671875
0.8105,5.255126953125,-2.272216796875,-3.513427734375
0.811,4.974853515625,-1.711669921875,-3.753662109375
0.8115,4.494384765625,-0.550537109375,-4.434326171875
0.812,3.853759765625,0.490478515625,-4.794677734375
0.8125,2.932861328125,1.571533203125,-4.874755859375
0.813,2.212158203125,2.572509765625,-5.114990234375
0.8135,1.291259765625,3.693603515625,-5.275146484375
0.814,0.490478515625,3.853759765625,-4.634521484375
0.8145,-0.510498046875,4.614501953125,-4.434326171875
0.815,-1.551513671875,4.734619140625,-3.513427734375
0.8155,-2.392333984375,5.014892578125,-3.072998046875
0.816,-3.713623046875,5.175048828125,-1.871826171875
0.8165,-4.354248046875,5.094970703125,-1.231201171875
0.817,-4.714599609375,4.494384765625,-0.190185546875
0.8175,-5.235107421875,4.254150390625,0.570556640625
0.818,-5.195068359375,3.253173828125,1.491455078125
0.8185,-5.435302734375,2.732666015625,2.212158203125
0.819,-5.595458984375,1.691650390625,3.413330078125
0.8195,-5.114990234375,1.010986328125,3.613525390625
0.82,-4.794677734375,-0.070068359375,4.334228515625
0.8205,-3.993896484375,-1.231201171875,4.614501953125
0.821,-3.273193359375,-2.192138671875,4.854736328125
0.8215,-2.432373046875,-3.233154296875,5.014892578125
0.822,-1.631591796875,-4.154052734375,5.135009765625
0.8225,-0.710693359375,-4.354248046875,4.414306640625
0.823,0.170166015625,-5.114990234375,4.254150390625
0.8235,1.251220703125,-5.195068359375,3.213134765625
0.824,2.052001953125,-5.515380859375,2.812744140625
0.8245,3.373291015625,-5.715576171875,1.611572265625
0.825,3.813720703125,-5.435302734375,1.010986328125
0.8255,4.214111328125,-4.834716796875,0.050048828125
0.826,4.614501953125,-4.514404296875,-0.670654296875
0.8265,4.614501953125,-3.593505859375,-1.591552734375
0.827,4.814697265625,-2.952880859375,-2.312255859375
0.8275,4.974853515625,-2.112060546875,-3.353271484375
0.828,4.374267578125,-1.311279296875,-3.553466796875
0.8285,4.134033203125,-0.310302734375,-4.234130859375
0.829,3.173095703125,0.770751953125,-4.354248046875
0.8295,2.652587890625,1.611572265625,-4.674560546875
0.83,1.771728515625,2.652587890625,-4.754638671875
0.8305,1.211181640625,3.333251953125,-4.834716796875
0.831,0.170166015625,3.573486328125,-4.073974609375
0.8315,-0.590576171875,4.174072265625,-3.993896484375
0.832,-1.591552734375,4.214111328125,-3.072998046875
0.8325,-2.312255859375,4.614501953125,-2.632568359375
0.833,-3.553466796875,4.814697265625,-1.631591796875
0.8335,-3.793701171875,4.454345703125,-1.031005859375
0.834,-4.314208984375,4.093994140625,-0.190185546875
0.8345,-4.554443359375,3.573486328125,0.570556640625
0.835,-4.794677734375,3.012939453125,1.331298828125
0.8355,-4.834716796875,2.252197265625,2.132080078125
0.836,-5.114990234375,1.691650390625,2.932861328125
0.8365,-4.434326171875,0.770751953125,3.133056640625
0.837,-4.394287109375,-0.070068359375,3.893798828125
0.8375,-3.353271484375,-1.271240234375,4.013916015625
0.838,-3.153076171875,-1.951904296875,4.494384765625
0.8385,-2.192138671875,-3.032958984375,4.534423828125
0.839,-1.631591796875,-3.473388671875,4.454345703125
0.8395,-0.630615234375,-3.913818359375,3.853759765625
0.84,0.050048828125,-4.434326171875,3.693603515625
0.8405,1.091064453125,-4.674560546875,2.852783203125
0.841,1.851806640625,-4.954833984375,2.452392578125
0.8415,2.852783203125,-5.114990234375,1.611572265625
0.842,3.052978515625,-4.634521484375,0.970947265625
0.8425,3.693603515625,-4.514404296875,0.250244140625
0.843,3.773681640625,-3.793701171875,-0.590576171875
0.8435,4.093994140625,-3.393310546875,-1.271240234375
0.844,4.134033203125,-2.632568359375,-2.072021484375
0.8445,4.294189453125,-2.192138671875,-2.632568359375
0.845,3.653564453125,-1.191162109375,-2.912841796875
0.8455,3.573486328125,-0.510498046875,-3.553466796875
0.846,2.612548828125,0.650634765625,-3.713623046875
0.8465,2.452392578125,1.291259765625,-4.154052734375
0.847,1.691650390625,2.212158203125,-4.274169921875
0.8475,1.171142578125,2.452392578125,-3.993896484375
0.848,0.330322265625,3.012939453125,-3.753662109375
0.8485,-0.470458984375,3.333251953125,-3.353271484375
0.849,-1.271240234375,3.773681640625,-2.832763671875
0.8495,-2.112060546875,3.973876953125,-2.272216796875
0.85,-2.832763671875,4.174072265625,-1.751708984375
0.8505,-3.032958984375,3.693603515625,-1.111083984375
0.851,-3.633544921875,3.813720703125,-0.590576171875
0.8515,-3.753662109375,3.052978515625,0.330322265625
0.852,-4.194091796875,2.852783203125,0.890869140625
0.8525,-4.354248046875,2.172119140625,1.771728515625
0.853,-4.354248046875,1.851806640625,2.052001953125
0.8535,-3.953857421875,0.770751953125,2.692626953125
0.854,-3.793701171875,0.050048828125,3.213134765625
0.8545,-3.113037109375,-1.031005859375,3.573486328125
0.855,-2.872802734375,-1.671630859375,3.973876953125
0.8555,-2.272216796875,-2.552490234375,4.134033203125
0.856,-1.591552734375,-2.792724609375,3.733642578125
0.8565,-0.950927734375,-3.553466796875,3.773681640625
0.857,0.050048828125,-3.793701171875,3.133056640625
0.8575,0.810791015625,-4.274169921875,2.852783203125
0.858,1.731689453125,-4.514404296875,2.172119140625
0.8585,2.252197265625,-4.554443359375,1.771728515625
0.859,2.572509765625,-4.114013671875,0.970947265625
0.8595,3.052978515625,-4.154052734375,0.490478515625
0.86,3.253173828125,-3.393310546875,-0.470458984375
0.8605,3.613525390625,-3.193115234375,-0.990966796875
0.861,3.853759765625,-2.552490234375,-1.791748046875
0.8615,3.573486328125,-2.072021484375,-1.991943359375
0.862,3.373291015625,-1.151123046875,-2.712646484375
0.8625,2.852783203125,-0.310302734375,-3.032958984375
0.863,2.532470703125,0.490478515625,-3.473388671875
0.8635,2.132080078125,1.131103515625,-3.753662109375
0.864,1.731689453125,1.731689453125,-3.873779296875
0.8645,1.010986328125,2.011962890625,-3.473388671875
0.865,0.490478515625,2.692626953125,-3.553466796875
0.8655,-0.510498046875,3.012939453125,-2.832763671875
0.866,-1.151123046875,3.493408203125,-2.712646484375
0.8665,-1.991943359375,3.693603515625,-2.072021484375
0.867,-2.272216796875,3.653564453125,-1.791748046875
0.8675,-2.792724609375,3.453369140625,-1.071044921875
0.868,-3.113037109375,3.253173828125,-0.590576171875
0.8685,-3.553466796875,2.852783203125,0.250244140625
0.869,-3.833740234375,2.572509765625,0.810791015625
0.8695,-4.154052734375,2.212158203125,1.451416015625
0.87,-3.793701171875,1.531494140625,1.771728515625
0.8705,-3.873779296875,0.810791015625,2.572509765625
0.871,-3.153076171875,-0.270263671875,2.892822265625
0.8715,-3.153076171875,-0.950927734375,3.453369140625
0.872,-2.592529296875,-1.751708984375,3.693603515625
0.8725,-2.272216796875,-2.152099609375,3.733642578125
0.873,-1.471435546875,-2.632568359375,3.493408203125
0.8735,-0.870849609375,-3.193115234375,3.453369140625
0.874,0.170166015625,-3.633544921875,2.852783203125
0.8745,0.850830078125,-4.154052734375,2.652587890625
0.875,1.651611328125,-4.354248046875,2.052001953125
0.8755,1.931884765625,-4.114013671875,1.611572265625
0.876,2.532470703125,-4.114013671875,0.970947265625
0.8765,2.812744140625,-3.593505859375,0.250244140625
0.877,3.253173828125,-3.353271484375,-0.470458984375
0.8775,3.493408203125,-2.872802734375,-1.151123046875
0.878,3.653564453125,-2.512451171875,-1.671630859375
0.8785,3.213134765625,-1.591552734375,-2.112060546875
0.879,3.213134765625,-0.990966796875,-2.752685546875
0.8795,2.532470703125,0.050048828125,-3.072998046875
0.88,2.452392578125,0.610595703125,-3.553466796875
0.8805,1.891845703125,1.411376953125,-3.793701171875
0.881,1.411376953125,1.771728515625,-3.553466796875
0.8815,0.690673828125,2.372314453125,-3.433349609375
0.882,-0.070068359375,2.812744140625,-3.072998046875
0.8825,-0.950927734375,3.213134765625,-2.632568359375
0.883,-1.631591796875,3.533447265625,-2.272216796875
0.8835,-2.272216796875,3.693603515625,-1.831787109375
0.884,-2.512451171875,3.333251953125,-1.231201171875
0.8845,-3.072998046875,3.453369140625,-0.790771484375
0.885,-3.313232421875,2.812744140625,0.090087890625
0.8855,-3.793701171875,2.652587890625,0.650634765625
0.886,-3.913818359375,2.092041015625,1.411376953125
0.8865,-3.913818359375,1.651611328125,1.811767578125
0.887,-3.553466796875,0.690673828125,2.412353515625
0.8875,-3.473388671875,-0.070068359375,2.932861328125
0.888,-2.872802734375,-1.031005859375,3.293212890625
0.8885,-2.712646484375,-1.631591796875,3.693603515625
0.889,-2.072021484375,-2.312255859375,3.853759765625
0.8895,-1.431396484375,-2.632568359375,3.493408203125
0.89,-0.790771484375,-3.273193359375,3.493408203125
0.8905,0.210205078125,-3.673583984375,2.852783203125
0.891,0.970947265625,-4.114013671875,2.532470703125
0.8915,1.771728515625,-4.314208984375,1.971923828125
0.892,2.252197265625,-4.354248046875,1.491455078125
0.8925,2.572509765625,-3.913818359375,0.730712890625
0.893,3.093017578125,-3.873779296875,0.250244140625
0.8935,3.293212890625,-3.153076171875,-0.710693359375
0.894,3.653564453125,-2.912841796875,-1.271240234375
0.8945,3.773681640625,-2.272216796875,-2.072021484375
0.895,3.493408203125,-1.591552734375,-2.432373046875
0.8955,3.173095703125,-0.670654296875,-3.032958984375
0.896,2.692626953125,0.170166015625,-3.353271484375
0.8965,2.212158203125,1.051025390625,-3.713623046875
0.897,1.851806640625,1.691650390625,-3.913818359375
0.8975,1.211181640625,2.372314453125,-3.873779296875
0.898,0.410400390625,2.652587890625,-3.393310546875
0.8985,-0.270263671875,3.253173828125,-3.353271484375
0.899,-1.431396484375,3.533447265625,-2.472412109375
0.8995,-2.072021484375,3.853759765625,-2.192138671875
0.9,-2.752685546875,3.853759765625,-1.511474609375
0.9005,-3.153076171875,3.693603515625,-0.990966796875
0.901,-3.513427734375,3.333251953125,-0.270263671875
0.9015,-3.833740234375,3.052978515625,0.370361328125
0.902,-4.114013671875,2.332275390625,1.291259765625
0.9025,-4.234130859375,1.971923828125,1.771728515625
0.903,-4.354248046875,1.291259765625,2.532470703125
0.9035,-3.793701171875,0.370361328125,2.852783203125
0.904,-3.593505859375,-0.510498046875,3.453369140625
0.9045,-2.832763671875,-1.551513671875,3.693603515625
0.905,-2.432373046875,-2.272216796875,4.093994140625
0.9055,-1.831787109375,-2.872802734375,4.013916015625
0.906,-1.151123046875,-3.473388671875,3.973876953125
0.9065,-0.310302734375,-3.793701171875,3.413330078125
0.907,0.490478515625,-4.354248046875,3.213134765625
0.9075,1.771728515625,-4.554443359375,2.212158203125
0.908,2.292236328125,-4.794677734375,1.891845703125
0.9085,3.052978515625,-4.674560546875,1.051025390625
0.909,3.373291015625,-4.314208984375,0.370361328125
0.9095,3.693603515625,-3.873779296875,-0.350341796875
0.91,3.973876953125,-3.313232421875,-1.231201171875
0.9105,4.214111328125,-2.592529296875,-2.152099609375
0.911,4.134033203125,-2.072021484375,-2.552490234375
0.9115,4.134033203125,-1.271240234375,-3.353271484375
0.912,3.293212890625,-0.230224609375,-3.593505859375
0.9125,3.012939453125,0.610595703125,-4.114013671875
0.913,2.052001953125,1.891845703125,-4.274169921875
0.9135,1.571533203125,2.532470703125,-4.514404296875
0.914,0.770751953125,3.093017578125,-4.194091796875
0.9145,0.010009765625,3.693603515625,-3.993896484375
0.915,-0.950927734375,3.853759765625,-3.273193359375
0.9155,-1.871826171875,4.374267578125,-2.872802734375
0.916,-3.193115234375,4.574462890625,-1.791748046875
0.9165,-3.553466796875,4.494384765625,-1.271240234375
0.917,-4.194091796875,4.254150390625,-0.470458984375
0.9175,-4.474365234375,3.693603515625,0.330322265625
0.918,-4.634521484375,3.173095703125,1.010986328125
0.9185,-4.834716796875,2.412353515625,2.052001953125
0.919,-5.074951171875,1.691650390625,2.892822265625
0.9195,-4.594482421875,0.850830078125,3.173095703125
0.92,-4.514404296875,0.010009765625,3.893798828125
0.9205,-3.553466796875,-1.191162109375,4.093994140625
0.921,-3.193115234375,-1.911865234375,4.494384765625
0.9215,-2.072021484375,-3.233154296875,4.654541015625
0.922,-1.591552734375,-3.793701171875,4.694580078125
0.9225,-0.630615234375,-4.314208984375,4.214111328125
0.923,0.250244140625,-4.794677734375,3.893798828125
0.9235,1.171142578125,-4.914794921875,3.133056640625
0.924,2.212158203125,-5.315185546875,2.532470703125
0.9245,3.533447265625,-5.515380859375,1.411376953125
0.925,3.813720703125,-5.155029296875,0.770751953125
0.9255,4.414306640625,-4.874755859375,-0.110107421875
0.926,4.534423828125,-4.194091796875,-0.950927734375
0.9265,4.734619140625,-3.593505859375,-1.631591796875
0.927,4.854736328125,-2.592529296875,-2.752685546875
0.9275,4.974853515625,-1.951904296875,-3.593505859375
0.928,4.294189453125,-0.990966796875,-3.873779296875
0.9285,4.134033203125,0.010009765625,-4.634521484375
0.929,3.012939453125,1.251220703125,-4.554443359375
0.9295,2.572509765625,1.971923828125,-4.954833984375
0.93,1.371337890625,3.373291015625,-5.074951171875
0.9305,0.730712890625,3.853759765625,-4.874755859375
0.931,-0.350341796875,4.334228515625,-4.234130859375
0.9315,-1.191162109375,4.774658203125,-3.913818359375
0.932,-2.232177734375,4.814697265625,-2.952880859375
0.9325,-3.233154296875,5.135009765625,-2.272216796875
0.933,-4.514404296875,5.335205078125,-1.191162109375
0.9335,-4.714599609375,4.614501953125,-0.310302734375
0.934,-5.275146484375,4.374267578125,0.490478515625
0.9345,-5.315185546875,3.533447265625,1.371337890625
0.935,-5.435302734375,2.852783203125,2.172119140625
0.9355,-5.595458984375,1.771728515625,3.253173828125
0.936,-5.555419921875,1.010986328125,4.053955078125
0.9365,-4.674560546875,-0.190185546875,4.254150390625
0.937,-4.514404296875,-1.031005859375,4.974853515625
0.9375,-3.233154296875,-2.272216796875,4.894775390625
0.938,-2.752685546875,-3.072998046875,5.175048828125
0.9385,-1.551513671875,-4.434326171875,5.295166015625
0.939,-0.670654296875,-4.834716796875,4.774658203125
0.9395,0.330322265625,-5.195068359375,4.174072265625
0.94,1.171142578125,-5.555419921875,3.733642578125
0.9405,2.292236328125,-5.635498046875,2.652587890625
0.941,3.253173828125,-5.795654296875,1.931884765625
0.9415,4.454345703125,-5.915771484375,0.890869140625
0.942,4.494384765625,-4.994873046875,-0.070068359375
0.9425,5.094970703125,-4.834716796875,-0.790771484375
0.943,5.014892578125,-3.793701171875,-1.791748046875
0.9435,5.135009765625,-3.193115234375,-2.552490234375
0.944,5.175048828125,-2.152099609375,-3.633544921875
0.9445,5.054931640625,-1.311279296875,-4.314208984375
0.945,4.093994140625,0.010009765625,-4.514404296875
0.9455,3.853759765625,0.810791015625,-5.074951171875
0.946,2.572509765625,2.052001953125,-4.954833984375
0.9465,2.092041015625,2.772705078125,-5.195068359375
0.947,1.010986328125,3.973876953125,-5.275146484375
0.9475,0.010009765625,4.294189453125,-4.594482421875
0.948,-0.910888671875,4.734619140625,-4.154052734375
0.9485,-1.871826171875,5.014892578125,-3.473388671875
0.949,-2.952880859375,5.135009765625,-2.512451171875
0.9495,-3.833740234375,5.215087890625,-1.791748046875
0.95,-4.834716796875,5.255126953125,-0.830810546875
0.9505,-4.874755859375,4.294189453125,0.210205078125
0.951,-5.435302734375,4.214111328125,0.810791015625
0.9515,-5.395263671875,3.012939453125,1.931884765625
0.952,-5.515380859375,2.412353515625,2.572509765625
0.9525,-5.595458984375,1.411376953125,3.613525390625
0.953,-5.235107421875,0.570556640625,4.134033203125
0.9535,-4.354248046875,-0.630615234375,4.494384765625
0.954,-3.993896484375,-1.551513671875,4.974853515625
0.9545,-2.832763671875,-2.752685546875,4.974853515625
0.955,-2.312255859375,-3.433349609375,5.094970703125
0.9555,-1.271240234375,-4.514404296875,5.094970703125
0.956,-0.270263671875,-4.754638671875,4.294189453125
0.9565,0.570556640625,-5.235107421875,4.013916015625
0.957,1.731689453125,-5.435302734375,3.093017578125
0.9575,2.652587890625,-5.595458984375,2.292236328125
0.958,3.493408203125,-5.635498046875,1.531494140625
0.9585,4.294189453125,-5.515380859375,0.650634765625
0.959,4.334228515625,-4.594482421875,-0.310302734375
0.9595,4.814697265625,-4.514404296875,-0.990966796875
0.96,4.774658203125,-3.313232421875,-2.112060546875
0.9605,4.894775390625,-2.872802734375,-2.632568359375
0.961,4.934814453125,-1.791748046875,-3.633544921875
0.9615,4.414306640625,-0.910888671875,-3.993896484375
0.962,3.773681640625,0.250244140625,-4.434326171875
0.9625,3.173095703125,1.091064453125,-4.674560546875
0.963,2.212158203125,2.252197265625,-4.834716796875
0.9635,1.771728515625,2.852783203125,-4.874755859375
0.964,0.770751953125,3.813720703125,-4.834716796875
0.9645,-0.270263671875,3.973876953125,-3.993896484375
0.965,-0.950927734375,4.494384765625,-3.873779296875
0.9655,-2.232177734375,4.654541015625,-2.752685546875
0.966,-2.952880859375,4.854736328125,-2.272216796875
0.9665,-3.793701171875,4.814697265625,-1.431396484375
0.967,-4.354248046875,4.574462890625,-0.630615234375
0.9675,-4.514404296875,3.813720703125,0.250244140625
0.968,-4.914794921875,3.573486328125,0.810791015625
0.9685,-4.954833984375,2.532470703125,1.931884765625
0.969,-5.074951171875,2.172119140625,2.412353515625
0.9695,-5.114990234375,1.251220703125,3.333251953125
0.97,-4.434326171875,0.290283203125,3.573486328125
0.9705,-4.073974609375,-0.670654296875,4.174072265625
0.971,-3.273193359375,-1.671630859375,4.374267578125
0.9715,-2.592529296875,-2.592529296875,4.614501953125
0.972,-1.991943359375,-3.193115234375,4.574462890625
0.9725,-1.151123046875,-3.953857421875,4.494384765625
0.973,-0.190185546875,-4.154052734375,3.693603515625
0.9735,0.450439453125,-4.754638671875,3.653564453125
0.974,1.771728515625,-4.874755859375,2.492431640625
0.9745,2.292236328125,-5.114990234375,2.212158203125
0.975,3.133056640625,-5.074951171875,1.331298828125
0.9755,3.453369140625,-4.754638671875,0.610595703125
0.976,3.773681640625,-4.274169921875,-0.150146484375
0.9765,4.093994140625,-3.873779296875,-0.830810546875
0.977,4.214111328125,-2.992919921875,-1.791748046875
0.9775,4.294189453125,-2.592529296875,-2.272216796875
0.978,4.334228515625,-1.791748046875,-3.072998046875
0.9785,3.613525390625,-0.790771484375,-3.273193359375
0.979,3.453369140625,0.050048828125,-3.913818359375
0.9795,2.532470703125,1.091064453125,-3.993896484375
0.98,2.212158203125,1.771728515625,-4.394287109375
0.9805,1.491455078125,2.452392578125,-4.314208984375
0.981,0.770751953125,3.012939453125,-4.114013671875
0.9815,-0.150146484375,3.333251953125,-3.553466796875
0.982,-0.830810546875,3.853759765625,-3.353271484375
0.9825,-1.991943359375,4.013916015625,-2.392333984375
0.983,-2.432373046875,4.294189453125,-2.192138671875
0.9835,-3.193115234375,4.134033203125,-1.391357421875
0.984,-3.473388671875,3.733642578125,-0.710693359375
0.9845,-3.913818359375,3.533447265625,-0.110107421875
0.985,-4.073974609375,2.932861328125,0.690673828125
0.9855,-4.394287109375,2.492431640625,1.451416015625
0.986,-4.354248046875,1.931884765625,1.971923828125
0.9865,-4.434326171875,1.331298828125,2.612548828125
0.987,-3.713623046875,0.290283203125,2.932861328125
0.9875,-3.713623046875,-0.470458984375,3.573486328125
0.988,-2.792724609375,-1.471435546875,3.693603515625
0.9885,-2.712646484375,-1.991943359375,4.134033203125
0.989,-1.871826171875,-2.712646484375,3.973876953125
0.9895,-1.271240234375,-3.153076171875,3.773681640625
0.99,-0.510498046875,-3.633544921875,3.453369140625
0.9905,0.370361328125,-4.073974609375,3.052978515625
0.991,1.291259765625,-4.354248046875,2.412353515625
0.9915,1.811767578125,-4.554443359375,2.092041015625
0.992,2.492431640625,-4.594482421875,1.451416015625
0.9925,2.732666015625,-4.114013671875,0.730712890625
0.993,3.293212890625,-4.033935546875,0.210205078125
0.9935,3.453369140625,-3.273193359375,-0.710693359375
0.994,3.853759765625,-3.113037109375,-1.311279296875
0.9945,3.813720703125,-2.392333984375,-1.951904296875
0.995,3.773681640625,-1.871826171875,-2.432373046875
0.9955,3.173095703125,-0.750732421875,-2.872802734375
0.996,3.052978515625,-0.070068359375,-3.393310546875
0.9965,2.292236328125,0.970947265625,-3.633544921875
0.997,2.212158203125,1.371337890625,-3.993896484375
0.9975,1.411376953125,2.092041015625,-3.873779296875
0.998,0.730712890625,2.452392578125,-3.553466796875
0.9985,0.010009765625,3.052978515625,-3.353271484375
0.999,-0.990966796875,3.373291015625,-2.752685546875
0.9995,-1.671630859375,3.693603515625,-2.432373046875
