wavelength,x,y,z
0.0,-4.3642578125,-3.8837890625,6.6064453125
0.0005,-5.525390625,-2.4423828125,6.646484375
0.001,-6.24609375,-1.4013671875,6.646484375
0.0015,-6.40625,-0.8408203125,6.5263671875
0.002,-6.0859375,0.0400390625,5.765625
0.0025,-5.685546875,1.28125,4.484375
0.003,-5.4453125,2.6025390625,3.123046875
0.0035,-5.28515625,3.9638671875,1.841796875
0.004,-5.1650390625,4.8447265625,1.0009765625
0.0045,-4.64453125,5.28515625,0.2802734375
0.005,-3.68359375,5.365234375,-0.80078125
0.0055,-2.3623046875,5.4853515625,-2.1220703125
0.006,-0.9208984375,5.60546875,-3.763671875
0.0065,0.0400390625,5.92578125,-4.96484375
0.007,0.6005859375,6.2060546875,-5.765625
0.0075,1.44140625,5.685546875,-6.24609375
0.008,2.6826171875,4.404296875,-6.40625
0.0085,3.9638671875,3.0029296875,-6.56640625
0.009,5.0849609375,1.6015625,-6.646484375
0.0095,5.6455078125,0.7607421875,-6.7666015625
0.01,5.7255859375,0.16015625,-6.4462890625
0.0105,5.4052734375,-0.720703125,-5.6455078125
0.011,5.125,-1.921875,-4.484375
0.0115,4.9248046875,-3.36328125,-2.962890625
0.012,4.8447265625,-4.564453125,-1.921875
0.0125,4.8046875,-5.4453125,-1.2412109375
0.013,4.1240234375,-5.7255859375,-0.48046875
0.0135,3.04296875,-5.765625,0.720703125
0.014,1.76171875,-5.9658203125,2.08203125
0.0145,0.48046875,-6.2060546875,3.6435546875
0.015,-0.3203125,-6.56640625,4.724609375
0.0155,-0.9609375,-6.6865234375,5.4853515625
0.016,-1.8818359375,-5.9658203125,5.8056640625
0.0165,-3.203125,-4.724609375,6.0458984375
0.017,-4.4443359375,-3.36328125,6.2060546875
0.0175,-5.4052734375,-2.2421875,6.326171875
0.018,-5.845703125,-1.5615234375,6.486328125
0.0185,-5.8056640625,-0.8408203125,6.0458984375
0.019,-5.4853515625,0.16015625,5.0849609375
0.0195,-5.3251953125,1.3212890625,4.00390625
0.02,-5.1650390625,2.7626953125,2.6826171875
0.0205,-5.1650390625,3.84375,1.76171875
0.021,-5.0048828125,4.564453125,1.12109375
0.0215,-4.2841796875,4.8046875,0.3203125
0.022,-3.123046875,4.9248046875,-1.0009765625
0.0225,-1.921875,5.1650390625,-2.4423828125
0.023,-0.8408203125,5.4853515625,-3.8037109375
0.0235,-0.2802734375,5.8857421875,-4.8447265625
0.024,0.560546875,5.8056640625,-5.4453125
0.0245,1.5615234375,4.96484375,-5.765625
0.025,2.8427734375,3.8037109375,-6.1259765625
0.0255,4.0439453125,2.40234375,-6.24609375
0.026,4.9248046875,1.4814453125,-6.40625
0.0265,5.28515625,0.9208984375,-6.5263671875
0.027,5.1650390625,0.2001953125,-5.92578125
0.0275,4.9248046875,-0.9208984375,-4.96484375
0.028,4.8046875,-2.1220703125,-3.84375
0.0285,4.724609375,-3.4833984375,-2.72265625
0.029,4.7646484375,-4.5244140625,-1.921875
0.0295,4.484375,-5.125,-1.28125
0.03,3.7236328125,-5.3251953125,-0.3603515625
0.0305,2.6025390625,-5.4853515625,0.9609375
0.031,1.3212890625,-5.765625,2.4423828125
0.0315,0.5205078125,-6.166015625,3.68359375
0.032,-0.16015625,-6.6064453125,4.64453125
0.0325,-1.0009765625,-6.326171875,5.205078125
0.033,-2.1220703125,-5.3251953125,5.4853515625
0.0335,-3.36328125,-4.244140625,5.765625
0.034,-4.5244140625,-2.9228515625,6.005859375
0.0345,-5.205078125,-2.1220703125,6.2060546875
0.035,-5.4853515625,-1.5615234375,6.166015625
0.0355,-5.365234375,-0.80078125,5.60546875
0.036,-5.1650390625,0.3203125,4.564453125
0.0365,-5.0849609375,1.6416015625,3.4033203125
0.037,-5.0849609375,2.9228515625,2.40234375
0.0375,-5.125,3.84375,1.76171875
0.038,-4.64453125,4.2841796875,1.0009765625
0.0385,-3.8037109375,4.484375,0.0400390625
0.039,-2.7626953125,4.8046875,-1.3212890625
0.0395,-1.6015625,5.0849609375,-2.7626953125
0.04,-0.880859375,5.5654296875,-3.8837890625
0.0405,-0.3203125,5.8056640625,-4.8447265625
0.041,0.640625,5.365234375,-5.2451171875
0.0415,1.841796875,4.32421875,-5.60546875
0.042,3.123046875,3.1630859375,-5.765625
0.0425,4.1240234375,2.1220703125,-6.0458984375
0.043,4.7646484375,1.4814453125,-6.326171875
0.0435,4.8447265625,0.8408203125,-6.1259765625
0.044,4.8046875,0.0400390625,-5.4453125
0.0445,4.6845703125,-1.12109375,-4.5244140625
0.045,4.564453125,-2.4423828125,-3.36328125
0.0455,4.64453125,-3.603515625,-2.5224609375
0.046,4.724609375,-4.484375,-1.921875
0.0465,4.1240234375,-4.8447265625,-1.1611328125
0.047,3.2431640625,-5.0849609375,0.0
0.0475,2.2421875,-5.4453125,1.3212890625
0.048,1.201171875,-5.8056640625,2.6826171875
0.0485,0.6005859375,-6.40625,3.763671875
0.049,-0.2001953125,-6.4462890625,4.564453125
0.0495,-1.2412109375,-5.92578125,5.0048828125
0.05,-2.4423828125,-4.8447265625,5.4052734375
0.0505,-3.6435546875,-3.6435546875,5.685546875
0.051,-4.64453125,-2.72265625,5.9658203125
0.0515,-5.125,-2.162109375,6.24609375
0.052,-5.1650390625,-1.4814453125,5.845703125
0.0525,-5.0849609375,-0.5205078125,5.044921875
0.053,-5.0849609375,0.720703125,4.1240234375
0.0535,-5.0849609375,2.08203125,3.04296875
0.054,-5.1650390625,3.1630859375,2.2822265625
0.0545,-5.0048828125,3.84375,1.6015625
0.055,-4.32421875,4.2041015625,0.7607421875
0.0555,-3.36328125,4.5244140625,-0.5205078125
0.056,-2.2421875,4.884765625,-1.9619140625
0.0565,-1.361328125,5.365234375,-3.203125
0.057,-0.80078125,5.8056640625,-4.32421875
0.0575,0.1201171875,5.60546875,-4.96484375
0.058,1.28125,4.8046875,-5.3251953125
0.0585,2.5224609375,3.7236328125,-5.7255859375
0.059,3.7236328125,2.5224609375,-5.92578125
0.0595,4.5244140625,1.7216796875,-6.2060546875
0.06,4.9248046875,1.12109375,-6.2861328125
0.0605,4.8046875,0.3603515625,-5.765625
0.061,4.6845703125,-0.7607421875,-4.8447265625
0.0615,4.6044921875,-2.08203125,-3.7236328125
0.062,4.6845703125,-3.36328125,-2.72265625
0.0625,4.7646484375,-4.2841796875,-2.001953125
0.063,4.3642578125,-4.8447265625,-1.3212890625
0.0635,3.5234375,-5.125,-0.3203125
0.064,2.482421875,-5.4052734375,1.0810546875
0.0645,1.28125,-5.765625,2.482421875
0.065,0.6005859375,-6.24609375,3.68359375
0.0655,0.0,-6.56640625,4.6044921875
0.066,-1.041015625,-6.0458984375,5.0849609375
0.0665,-2.2822265625,-5.0048828125,5.4052734375
0.067,-3.5634765625,-3.8037109375,5.7255859375
0.0675,-4.6044921875,-2.72265625,5.9658203125
0.068,-5.205078125,-2.001953125,6.2060546875
0.0685,-5.4052734375,-1.361328125,5.9658203125
0.069,-5.205078125,-0.5205078125,5.2451171875
0.0695,-5.0849609375,0.6806640625,4.2041015625
0.07,-5.0048828125,2.08203125,3.04296875
0.0705,-5.0849609375,3.2431640625,2.1220703125
0.071,-5.044921875,4.083984375,1.4814453125
0.0715,-4.4443359375,4.404296875,0.6806640625
0.072,-3.4033203125,4.6044921875,-0.5205078125
0.0725,-2.2822265625,4.9248046875,-1.921875
0.073,-1.2412109375,5.28515625,-3.283203125
0.0735,-0.640625,5.685546875,-4.404296875
0.074,0.16015625,5.8056640625,-5.1650390625
0.0745,1.2412109375,5.044921875,-5.4853515625
0.075,2.482421875,3.8837890625,-5.845703125
0.0755,3.8037109375,2.5625,-6.0859375
0.076,4.6845703125,1.5615234375,-6.2861328125
0.0765,5.125,1.0009765625,-6.40625
0.077,5.0849609375,0.2802734375,-5.92578125
0.0775,4.884765625,-0.80078125,-5.0048828125
0.078,4.7646484375,-2.0419921875,-3.8837890625
0.0785,4.724609375,-3.4033203125,-2.72265625
0.079,4.724609375,-4.484375,-1.8818359375
0.0795,4.5244140625,-5.125,-1.2412109375
0.08,3.7236328125,-5.28515625,-0.3603515625
0.0805,2.5625,-5.525390625,0.9609375
0.081,1.3212890625,-5.845703125,2.482421875
0.0815,0.4404296875,-6.2861328125,3.763671875
0.082,-0.240234375,-6.6064453125,4.7646484375
0.0825,-1.12109375,-6.2861328125,5.365234375
0.083,-2.2822265625,-5.28515625,5.6455078125
0.0835,-3.5634765625,-4.0439453125,5.9658203125
0.084,-4.7646484375,-2.72265625,6.1259765625
0.0845,-5.4853515625,-1.8818359375,6.326171875
0.085,-5.765625,-1.28125,6.24609375
0.0855,-5.525390625,-0.48046875,5.525390625
0.086,-5.28515625,0.7607421875,4.4443359375
0.0865,-5.1650390625,2.162109375,3.1630859375
0.087,-5.1650390625,3.4833984375,2.0419921875
0.0875,-5.125,4.32421875,1.3212890625
0.088,-4.6044921875,4.8046875,0.560546875
0.0885,-3.603515625,4.8447265625,-0.6005859375
0.089,-2.3623046875,5.0849609375,-1.9619140625
0.0895,-1.12109375,5.4052734375,-3.5634765625
0.09,-0.3203125,5.8056640625,-4.64453125
0.0905,0.3603515625,6.0458984375,-5.5654296875
0.091,1.361328125,5.4052734375,-6.005859375
0.0915,2.72265625,4.083984375,-6.24609375
0.092,4.00390625,2.6826171875,-6.40625
0.0925,5.0849609375,1.44140625,-6.56640625
0.093,5.60546875,0.6806640625,-6.646484375
0.0935,5.60546875,0.0,-6.2861328125
0.094,5.3251953125,-1.0810546875,-5.28515625
0.0945,5.0849609375,-2.3623046875,-4.00390625
0.095,4.884765625,-3.8837890625,-2.5625
0.0955,4.8447265625,-5.044921875,-1.5615234375
0.096,4.6845703125,-5.765625,-0.8408203125
0.0965,3.84375,-5.9658203125,0.1201171875
0.097,2.5224609375,-6.0458984375,1.4013671875
0.0975,1.0810546875,-6.2861328125,2.962890625
0.098,0.0,-6.4462890625,4.4443359375
0.0985,-0.80078125,-6.7265625,5.4052734375
0.099,-1.5615234375,-6.56640625,6.0859375
0.0995,-2.72265625,-5.4853515625,6.3662109375
0.1,-4.1240234375,-4.0439453125,6.56640625
0.1005,-5.4052734375,-2.5224609375,6.6064453125
0.101,-6.166015625,-1.4013671875,6.646484375
0.1015,-6.40625,-0.7607421875,6.56640625
0.102,-6.2060546875,0.16015625,5.8056640625
0.1025,-5.765625,1.4013671875,4.484375
0.103,-5.525390625,2.7626953125,3.0830078125
0.1035,-5.28515625,4.1640625,1.681640625
0.104,-5.125,5.0849609375,0.7607421875
0.1045,-4.6845703125,5.4853515625,0.0400390625
0.105,-3.603515625,5.5654296875,-1.041015625
0.1055,-2.08203125,5.5654296875,-2.5625
0.106,-0.640625,5.7255859375,-4.1240234375
0.1065,0.3603515625,5.9658203125,-5.3251953125
0.107,0.9609375,6.166015625,-6.2060546875
0.1075,1.8818359375,5.60546875,-6.6865234375
0.108,3.1630859375,4.244140625,-6.7666015625
0.1085,4.4443359375,2.802734375,-6.9267578125
0.109,5.5654296875,1.28125,-6.88671875
0.1095,6.1259765625,0.3203125,-6.806640625
0.11,6.166015625,-0.400390625,-6.56640625
0.1105,5.765625,-1.28125,-5.685546875
0.111,5.365234375,-2.6025390625,-4.1640625
0.1115,5.044921875,-4.00390625,-2.642578125
0.112,4.8447265625,-5.28515625,-1.44140625
0.1125,4.64453125,-6.1259765625,-0.640625
0.113,4.0439453125,-6.40625,0.240234375
0.1135,2.802734375,-6.40625,1.28125
0.114,1.3212890625,-6.40625,2.8427734375
0.1145,-0.240234375,-6.486328125,4.4443359375
0.115,-1.0009765625,-6.7265625,5.4853515625
0.1155,-1.5615234375,-6.88671875,6.24609375
0.116,-2.5625,-6.0859375,6.6064453125
0.1165,-3.923828125,-4.5244140625,6.6865234375
0.117,-5.1650390625,-3.0830078125,6.7666015625
0.1175,-6.166015625,-1.7216796875,6.7666015625
0.118,-6.56640625,-0.9208984375,6.7265625
0.1185,-6.486328125,-0.16015625,6.24609375
0.119,-6.1259765625,0.9208984375,5.1650390625
0.1195,-5.7255859375,2.2421875,3.763671875
0.12,-5.4453125,3.763671875,2.2021484375
0.1205,-5.28515625,4.8447265625,1.12109375
0.121,-5.0048828125,5.4853515625,0.3603515625
0.1215,-4.1640625,5.60546875,-0.6005859375
0.122,-2.7626953125,5.6455078125,-1.8818359375
0.1225,-1.28125,5.765625,-3.4833984375
0.123,0.1201171875,5.8857421875,-4.9248046875
0.1235,0.7607421875,6.166015625,-5.8857421875
0.124,1.4013671875,6.0458984375,-6.486328125
0.1245,2.5224609375,5.0048828125,-6.7666015625
0.125,3.8837890625,3.4833984375,-6.88671875
0.1255,5.125,1.921875,-6.9267578125
0.126,5.9658203125,0.720703125,-6.88671875
0.1265,6.24609375,0.0400390625,-6.8466796875
0.127,6.005859375,-0.8408203125,-6.1259765625
0.1275,5.5654296875,-1.9619140625,-4.8447265625
0.128,5.2451171875,-3.36328125,-3.443359375
0.1285,4.96484375,-4.8447265625,-1.9619140625
0.129,4.8447265625,-5.8056640625,-1.0009765625
0.1295,4.484375,-6.40625,-0.3203125
0.13,3.4833984375,-6.3662109375,0.7607421875
0.1305,1.921875,-6.3662109375,2.2021484375
0.131,0.4404296875,-6.4462890625,3.8037109375
0.1315,-0.6806640625,-6.6865234375,5.0849609375
0.132,-1.3212890625,-6.9267578125,6.005859375
0.1325,-2.1220703125,-6.4462890625,6.486328125
0.133,-3.36328125,-5.1650390625,6.6865234375
0.1335,-4.724609375,-3.7236328125,6.8466796875
0.134,-5.92578125,-2.1220703125,6.806640625
0.1345,-6.5263671875,-1.12109375,6.7666015625
0.135,-6.6865234375,-0.48046875,6.56640625
0.1355,-6.2861328125,0.48046875,5.7255859375
0.136,-5.845703125,1.76171875,4.244140625
0.1365,-5.60546875,3.2431640625,2.7626953125
0.137,-5.365234375,4.564453125,1.44140625
0.1375,-5.205078125,5.365234375,0.560546875
0.138,-4.5244140625,5.7255859375,-0.2802734375
0.1385,-3.36328125,5.765625,-1.361328125
0.139,-1.8017578125,5.8056640625,-2.9228515625
0.1395,-0.3203125,5.8857421875,-4.5244140625
0.14,0.6005859375,6.1259765625,-5.6455078125
0.1405,1.1611328125,6.24609375,-6.4462890625
0.141,2.162109375,5.4453125,-6.7666015625
0.1415,3.5234375,3.9638671875,-6.88671875
0.142,4.7646484375,2.482421875,-6.966796875
0.1425,5.765625,1.0810546875,-6.9267578125
0.143,6.2060546875,0.2001953125,-6.88671875
0.1435,6.1259765625,-0.6005859375,-6.4462890625
0.144,5.7255859375,-1.4814453125,-5.4453125
0.1445,5.28515625,-2.8828125,-3.9638671875
0.145,5.0048828125,-4.3642578125,-2.4423828125
0.1455,4.8447265625,-5.4853515625,-1.3212890625
0.146,4.64453125,-6.1259765625,-0.6005859375
0.1465,3.84375,-6.2861328125,0.3603515625
0.147,2.5625,-6.2861328125,1.521484375
0.1475,1.041015625,-6.3662109375,3.0830078125
0.148,-0.3603515625,-6.486328125,4.5244140625
0.1485,-1.041015625,-6.7265625,5.525390625
0.149,-1.6015625,-6.7265625,6.2060546875
0.1495,-2.642578125,-5.765625,6.40625
0.15,-4.00390625,-4.32421875,6.56640625
0.1505,-5.205078125,-2.8427734375,6.6064453125
0.151,-6.1259765625,-1.6416015625,6.646484375
0.1515,-6.40625,-1.0009765625,6.646484375
0.152,-6.24609375,-0.2802734375,6.0458984375
0.1525,-5.845703125,0.80078125,4.96484375
0.153,-5.525390625,2.08203125,3.5634765625
0.1535,-5.3251953125,3.5234375,2.162109375
0.154,-5.1650390625,4.6044921875,1.2412109375
0.1545,-4.9248046875,5.205078125,0.560546875
0.155,-4.0439453125,5.365234375,-0.400390625
0.1555,-2.72265625,5.4052734375,-1.681640625
0.156,-1.361328125,5.5654296875,-3.2431640625
0.1565,-0.240234375,5.765625,-4.6044921875
0.157,0.48046875,6.0859375,-5.5654296875
0.1575,1.201171875,5.8857421875,-6.1259765625
0.158,2.2822265625,4.8447265625,-6.40625
0.1585,3.603515625,3.4833984375,-6.56640625
0.159,4.8046875,2.0419921875,-6.6865234375
0.1595,5.60546875,0.9609375,-6.7265625
0.16,5.845703125,0.3603515625,-6.7265625
0.1605,5.5654296875,-0.5205078125,-5.9658203125
0.161,5.2451171875,-1.6416015625,-4.8046875
0.1615,5.044921875,-3.0830078125,-3.4833984375
0.162,4.884765625,-4.3642578125,-2.162109375
0.1625,4.8447265625,-5.3251953125,-1.3212890625
0.163,4.4443359375,-5.8056640625,-0.640625
0.1635,3.443359375,-5.92578125,0.4404296875
0.164,2.08203125,-6.0458984375,1.841796875
0.1645,0.640625,-6.166015625,3.4033203125
0.165,-0.3203125,-6.486328125,4.6044921875
0.1655,-0.8408203125,-6.7666015625,5.4853515625
0.166,-1.7216796875,-6.2861328125,5.92578125
0.1665,-2.962890625,-5.0048828125,6.1259765625
0.167,-4.244140625,-3.68359375,6.326171875
0.1675,-5.365234375,-2.322265625,6.40625
0.168,-5.92578125,-1.521484375,6.486328125
0.1685,-6.0458984375,-0.9208984375,6.24609375
0.169,-5.7255859375,0.0400390625,5.4453125
0.1695,-5.4453125,1.1611328125,4.2041015625
0.17,-5.205078125,2.642578125,2.8427734375
0.1705,-5.125,3.84375,1.76171875
0.171,-5.0849609375,4.64453125,1.0810546875
0.1715,-4.4443359375,4.96484375,0.3203125
0.172,-3.36328125,5.044921875,-0.8408203125
0.1725,-2.1220703125,5.2451171875,-2.2421875
0.173,-0.80078125,5.4052734375,-3.7236328125
0.1735,0.0,5.765625,-4.7646484375
0.174,0.5205078125,5.9658203125,-5.525390625
0.1745,1.4013671875,5.2451171875,-5.845703125
0.175,2.6826171875,4.0439453125,-6.1259765625
0.1755,3.923828125,2.6826171875,-6.2861328125
0.176,4.8447265625,1.5615234375,-6.40625
0.1765,5.3251953125,0.880859375,-6.5263671875
0.177,5.28515625,0.2001953125,-6.1259765625
0.1775,5.044921875,-0.7607421875,-5.28515625
0.178,4.8447265625,-1.841796875,-4.2041015625
0.1785,4.724609375,-3.2431640625,-2.8828125
0.179,4.724609375,-4.3642578125,-1.9619140625
0.1795,4.6044921875,-5.0849609375,-1.361328125
0.18,3.9638671875,-5.365234375,-0.6005859375
0.1805,2.8828125,-5.525390625,0.6005859375
0.181,1.6416015625,-5.765625,2.0419921875
0.1815,0.640625,-6.0458984375,3.36328125
0.182,0.0,-6.4462890625,4.4443359375
0.1825,-0.720703125,-6.486328125,5.0849609375
0.183,-1.7216796875,-5.7255859375,5.4052734375
0.1835,-2.962890625,-4.64453125,5.765625
0.184,-4.2041015625,-3.283203125,5.9658203125
0.1845,-5.0849609375,-2.40234375,6.166015625
0.185,-5.4853515625,-1.841796875,6.326171875
0.1855,-5.4453125,-1.1611328125,5.8056640625
0.186,-5.2451171875,0.0,4.96484375
0.1865,-5.1650390625,1.201171875,3.8837890625
0.187,-5.0849609375,2.5224609375,2.802734375
0.1875,-5.125,3.5234375,1.9619140625
0.188,-4.9248046875,4.1640625,1.3212890625
0.1885,-4.1640625,4.4443359375,0.48046875
0.189,-3.1630859375,4.724609375,-0.80078125
0.1895,-1.9619140625,5.0048828125,-2.2822265625
0.19,-1.1611328125,5.4052734375,-3.5234375
0.1905,-0.560546875,5.845703125,-4.5244140625
0.191,0.3203125,5.6455078125,-5.125
0.1915,1.4013671875,4.7646484375,-5.4453125
0.192,2.642578125,3.68359375,-5.765625
0.1925,3.84375,2.4423828125,-6.0458984375
0.193,4.6044921875,1.5615234375,-6.24609375
0.1935,4.9248046875,1.041015625,-6.2861328125
0.194,4.8447265625,0.400390625,-5.765625
0.1945,4.724609375,-0.720703125,-4.884765625
0.195,4.6044921875,-2.0419921875,-3.7236328125
0.1955,4.64453125,-3.2431640625,-2.72265625
0.196,4.724609375,-4.2041015625,-2.08203125
0.1965,4.404296875,-4.7646484375,-1.44140625
0.197,3.5634765625,-5.0048828125,-0.48046875
0.1975,2.5625,-5.365234375,0.880859375
0.198,1.4013671875,-5.7255859375,2.2822265625
0.1985,0.720703125,-6.1259765625,3.4833984375
0.199,0.16015625,-6.486328125,4.404296875
0.1995,-0.8408203125,-6.1259765625,4.9248046875
0.2,-2.001953125,-5.125,5.28515625
0.2005,-3.2431640625,-4.0439453125,5.5654296875
0.201,-4.3642578125,-2.962890625,5.8857421875
0.2015,-5.044921875,-2.3623046875,6.166015625
0.202,-5.205078125,-1.6416015625,5.9658203125
0.2025,-5.125,-0.8408203125,5.3251953125
0.203,-5.0849609375,0.2802734375,4.484375
0.2035,-5.0048828125,1.7216796875,3.283203125
0.204,-5.125,2.8427734375,2.4423828125
0.2045,-5.125,3.7236328125,1.841796875
0.205,-4.564453125,4.1240234375,1.041015625
0.2055,-3.6435546875,4.404296875,-0.16015625
0.206,-2.642578125,4.7646484375,-1.44140625
0.2065,-1.6015625,5.1650390625,-2.8828125
0.207,-0.9609375,5.6455078125,-3.9638671875
0.2075,-0.2802734375,5.7255859375,-4.7646484375
0.208,0.80078125,5.1650390625,-5.205078125
0.2085,2.0419921875,4.1240234375,-5.6455078125
0.209,3.36328125,2.8427734375,-5.845703125
0.2095,4.2841796875,1.8818359375,-6.1259765625
0.21,4.8046875,1.361328125,-6.3662109375
0.2105,4.8447265625,0.6806640625,-5.9658203125
0.211,4.6845703125,-0.3603515625,-5.125
0.2115,4.64453125,-1.5615234375,-4.1640625
0.212,4.64453125,-2.8828125,-3.0830078125
0.2125,4.724609375,-3.9638671875,-2.2822265625
0.213,4.6044921875,-4.64453125,-1.6015625
0.2135,3.8837890625,-5.0048828125,-0.80078125
0.214,2.8828125,-5.2451171875,0.48046875
0.2145,1.7216796875,-5.5654296875,1.921875
0.215,0.880859375,-6.0458984375,3.203125
0.2155,0.2802734375,-6.486328125,4.244140625
0.216,-0.640625,-6.2861328125,4.8447265625
0.2165,-1.76171875,-5.4453125,5.205078125
0.217,-3.0029296875,-4.404296875,5.60546875
0.2175,-4.244140625,-3.1630859375,5.845703125
0.218,-5.0048828125,-2.2822265625,6.0859375
0.2185,-5.3251953125,-1.681640625,6.1259765625
0.219,-5.2451171875,-0.9609375,5.5654296875
0.2195,-5.0849609375,0.2001953125,4.6044921875
0.22,-5.0048828125,1.521484375,3.5234375
0.2205,-5.0849609375,2.7626953125,2.5224609375
0.221,-5.0849609375,3.7236328125,1.76171875
0.2215,-4.6845703125,4.2041015625,1.0810546875
0.222,-3.84375,4.484375,0.1201171875
0.2225,-2.8427734375,4.8046875,-1.28125
0.223,-1.6015625,5.0849609375,-2.7626953125
0.2235,-0.9208984375,5.5654296875,-3.8837890625
0.224,-0.3203125,5.8857421875,-4.8447265625
0.2245,0.6806640625,5.365234375,-5.3251953125
0.225,1.9619140625,4.2841796875,-5.6455078125
0.2255,3.1630859375,3.0830078125,-5.92578125
0.226,4.32421875,2.001953125,-6.166015625
0.2265,4.96484375,1.28125,-6.3662109375
0.227,5.0849609375,0.6005859375,-6.1259765625
0.2275,4.9248046875,-0.3203125,-5.4453125
0.228,4.7646484375,-1.44140625,-4.404296875
0.2285,4.64453125,-2.8828125,-3.123046875
0.229,4.724609375,-4.0439453125,-2.2021484375
0.2295,4.724609375,-4.884765625,-1.5615234375
0.23,4.0439453125,-5.1650390625,-0.7607421875
0.2305,3.04296875,-5.4052734375,0.48046875
0.231,1.8818359375,-5.7255859375,1.921875
0.2315,0.7607421875,-6.0458984375,3.3232421875
0.232,0.1201171875,-6.4462890625,4.404296875
0.2325,-0.720703125,-6.5263671875,5.125
0.233,-1.7216796875,-5.765625,5.525390625
0.2335,-3.0830078125,-4.564453125,5.8857421875
0.234,-4.3642578125,-3.203125,6.0859375
0.2345,-5.28515625,-2.162109375,6.2861328125
0.235,-5.7255859375,-1.5615234375,6.3662109375
0.2355,-5.6455078125,-0.80078125,5.8056640625
0.236,-5.4052734375,0.3603515625,4.8046875
0.2365,-5.28515625,1.6416015625,3.6435546875
0.237,-5.1650390625,3.0830078125,2.40234375
0.2375,-5.125,4.083984375,1.5615234375
0.238,-4.8447265625,4.6845703125,0.8408203125
0.2385,-4.00390625,4.8447265625,0.0
0.239,-2.72265625,5.0048828125,-1.44140625
0.2395,-1.4814453125,5.28515625,-3.0029296875
0.24,-0.6005859375,5.6455078125,-4.244140625
0.2405,0.16015625,5.9658203125,-5.2451171875
0.241,1.0009765625,5.60546875,-5.8056640625
0.2415,2.162109375,4.484375,-6.1259765625
0.242,3.5234375,3.2431640625,-6.3662109375
0.2425,4.724609375,1.841796875,-6.4462890625
0.243,5.4052734375,0.9208984375,-6.56640625
0.2435,5.60546875,0.3203125,-6.4462890625
0.244,5.365234375,-0.6005859375,-5.7255859375
0.2445,5.044921875,-1.8017578125,-4.4443359375
0.245,4.8447265625,-3.203125,-3.123046875
0.2455,4.8046875,-4.5244140625,-1.9619140625
0.246,4.724609375,-5.365234375,-1.201171875
0.2465,4.1640625,-5.765625,-0.4404296875
0.247,3.123046875,-5.845703125,0.6806640625
0.2475,1.76171875,-6.0458984375,2.2021484375
0.248,0.4404296875,-6.24609375,3.7236328125
0.2485,-0.4404296875,-6.6064453125,4.8447265625
0.249,-1.041015625,-6.806640625,5.7255859375
0.2495,-2.08203125,-6.1259765625,6.0859375
0.25,-3.443359375,-4.64453125,6.3662109375
0.2505,-4.724609375,-3.2431640625,6.486328125
0.251,-5.765625,-1.9619140625,6.56640625
0.2515,-6.2060546875,-1.201171875,6.6064453125
0.252,-6.2060546875,-0.48046875,6.166015625
0.2525,-5.845703125,0.6005859375,5.125
0.253,-5.525390625,1.9619140625,3.763671875
0.2535,-5.3251953125,3.443359375,2.2822265625
0.254,-5.2451171875,4.6044921875,1.28125
0.2545,-5.0048828125,5.2451171875,0.6005859375
0.255,-4.1640625,5.4052734375,-0.400390625
0.2555,-2.7626953125,5.4453125,-1.7216796875
0.256,-1.361328125,5.6455078125,-3.283203125
0.2565,-0.16015625,5.8056640625,-4.7646484375
0.257,0.6005859375,6.0859375,-5.7255859375
0.2575,1.28125,5.8857421875,-6.40625
0.258,2.4423828125,4.8447265625,-6.6064453125
0.2585,3.84375,3.36328125,-6.806640625
0.259,5.0849609375,1.841796875,-6.8466796875
0.2595,5.8857421875,0.6806640625,-6.806640625
0.26,6.1259765625,0.0400390625,-6.7666015625
0.2605,5.8857421875,-0.880859375,-6.005859375
0.261,5.4853515625,-2.001953125,-4.724609375
0.2615,5.1650390625,-3.4033203125,-3.283203125
0.262,4.9248046875,-4.8447265625,-1.841796875
0.2625,4.8046875,-5.765625,-0.9208984375
0.263,4.3642578125,-6.2861328125,-0.240234375
0.2635,3.283203125,-6.2861328125,0.80078125
0.264,1.8017578125,-6.2861328125,2.2822265625
0.2645,0.3203125,-6.4462890625,3.84375
0.265,-0.80078125,-6.6865234375,5.125
0.2655,-1.361328125,-6.88671875,6.005859375
0.266,-2.2021484375,-6.3662109375,6.486328125
0.2665,-3.4833984375,-5.0048828125,6.646484375
0.267,-4.8046875,-3.5634765625,6.7666015625
0.2675,-5.92578125,-2.0419921875,6.7666015625
0.268,-6.486328125,-1.041015625,6.6865234375
0.2685,-6.56640625,-0.400390625,6.486328125
0.269,-6.166015625,0.560546875,5.5654296875
0.2695,-5.765625,1.8818359375,4.1240234375
0.27,-5.4853515625,3.3232421875,2.6025390625
0.2705,-5.28515625,4.564453125,1.4013671875
0.271,-5.125,5.365234375,0.6005859375
0.2715,-4.4443359375,5.6455078125,-0.3203125
0.272,-3.203125,5.6455078125,-1.4013671875
0.2725,-1.76171875,5.685546875,-2.9228515625
0.273,-0.3203125,5.765625,-4.5244140625
0.2735,0.560546875,6.005859375,-5.6455078125
0.274,1.1611328125,6.2060546875,-6.3662109375
0.2745,2.08203125,5.4052734375,-6.7265625
0.275,3.4833984375,3.923828125,-6.806640625
0.2755,4.724609375,2.4423828125,-6.9267578125
0.276,5.7255859375,1.0810546875,-6.88671875
0.2765,6.0859375,0.2802734375,-6.8466796875
0.277,6.0859375,-0.5205078125,-6.40625
0.2775,5.6455078125,-1.44140625,-5.365234375
0.278,5.28515625,-2.72265625,-4.00390625
0.2785,5.0048828125,-4.244140625,-2.40234375
0.279,4.8447265625,-5.4453125,-1.28125
0.2795,4.64453125,-6.1259765625,-0.640625
0.28,3.84375,-6.2861328125,0.3203125
0.2805,2.5224609375,-6.3662109375,1.5615234375
0.281,1.041015625,-6.40625,3.123046875
0.2815,-0.400390625,-6.56640625,4.6044921875
0.282,-1.0009765625,-6.806640625,5.60546875
0.2825,-1.681640625,-6.7265625,6.2861328125
0.283,-2.72265625,-5.765625,6.5263671875
0.2835,-4.1640625,-4.2841796875,6.6865234375
0.284,-5.4052734375,-2.72265625,6.7666015625
0.2845,-6.2861328125,-1.5615234375,6.7666015625
0.285,-6.56640625,-0.8408203125,6.7265625
0.2855,-6.3662109375,0.0400390625,6.0859375
0.286,-5.9658203125,1.201171875,4.8046875
0.2865,-5.6455078125,2.5224609375,3.443359375
0.287,-5.4453125,4.00390625,1.921875
0.2875,-5.28515625,5.0849609375,0.9609375
0.288,-4.9248046875,5.60546875,0.240234375
0.2885,-3.8837890625,5.6455078125,-0.80078125
0.289,-2.40234375,5.685546875,-2.2822265625
0.2895,-0.9208984375,5.8056640625,-3.9638671875
0.29,0.2802734375,6.0458984375,-5.28515625
0.2905,0.9208984375,6.24609375,-6.166015625
0.291,1.7216796875,5.845703125,-6.6865234375
0.2915,3.0029296875,4.564453125,-6.88671875
0.292,4.32421875,3.0830078125,-7.046875
0.2925,5.525390625,1.4814453125,-7.0068359375
0.293,6.166015625,0.4404296875,-6.9267578125
0.2935,6.24609375,-0.3203125,-6.7265625
0.294,5.92578125,-1.1611328125,-5.845703125
0.2945,5.4853515625,-2.482421875,-4.404296875
0.295,5.1650390625,-3.923828125,-2.8828125
0.2955,4.96484375,-5.2451171875,-1.5615234375
0.296,4.7646484375,-6.0859375,-0.6806640625
0.2965,4.1240234375,-6.486328125,0.16015625
0.297,2.962890625,-6.4462890625,1.201171875
0.2975,1.4013671875,-6.486328125,2.7626953125
0.298,-0.2001953125,-6.486328125,4.404296875
0.2985,-1.0009765625,-6.7265625,5.4453125
0.299,-1.5615234375,-6.8466796875,6.24609375
0.2995,-2.5224609375,-6.1259765625,6.56640625
0.3,-3.84375,-4.64453125,6.6865234375
0.3005,-5.044921875,-3.203125,6.7666015625
0.301,-6.0859375,-1.8017578125,6.7265625
0.3015,-6.486328125,-0.9609375,6.6865234375
0.302,-6.4462890625,-0.2802734375,6.2861328125
0.3025,-6.0458984375,0.720703125,5.28515625
0.303,-5.6455078125,2.0419921875,3.84375
0.3035,-5.3251953125,3.4833984375,2.322265625
0.304,-5.205078125,4.6044921875,1.2412109375
0.3045,-5.0048828125,5.2451171875,0.560546875
0.305,-4.2041015625,5.4453125,-0.3603515625
0.3055,-2.962890625,5.4453125,-1.521484375
0.306,-1.6015625,5.60546875,-3.0029296875
0.3065,-0.2802734375,5.7255859375,-4.5244140625
0.307,0.560546875,6.005859375,-5.4853515625
0.3075,1.12109375,6.0458984375,-6.166015625
0.308,2.0419921875,5.1650390625,-6.4462890625
0.3085,3.4033203125,3.8037109375,-6.6064453125
0.309,4.6044921875,2.2822265625,-6.6865234375
0.3095,5.4853515625,1.12109375,-6.7265625
0.31,5.8857421875,0.48046875,-6.7666015625
0.3105,5.7255859375,-0.3603515625,-6.2060546875
0.311,5.365234375,-1.28125,-5.205078125
0.3115,5.0849609375,-2.5625,-3.923828125
0.312,4.884765625,-4.00390625,-2.4423828125
0.3125,4.8046875,-5.125,-1.521484375
0.313,4.6044921875,-5.765625,-0.880859375
0.3135,3.763671875,-5.92578125,0.0400390625
0.314,2.5224609375,-5.9658203125,1.28125
0.3145,1.1611328125,-6.1259765625,2.8427734375
0.315,0.0400390625,-6.3662109375,4.2041015625
0.3155,-0.640625,-6.7265625,5.1650390625
0.316,-1.361328125,-6.5263671875,5.765625
0.3165,-2.4423828125,-5.60546875,6.0458984375
0.317,-3.763671875,-4.2841796875,6.326171875
0.3175,-5.0048828125,-2.8427734375,6.40625
0.318,-5.765625,-1.8017578125,6.4462890625
0.3185,-6.0458984375,-1.2412109375,6.486328125
0.319,-5.845703125,-0.48046875,5.8056640625
0.3195,-5.4853515625,0.7607421875,4.6044921875
0.32,-5.365234375,2.0419921875,3.443359375
0.3205,-5.2451171875,3.36328125,2.2021484375
0.321,-5.125,4.32421875,1.361328125
0.3215,-4.8046875,4.8046875,0.640625
0.322,-3.8837890625,5.0048828125,-0.3203125
0.3225,-2.6025390625,5.0849609375,-1.6416015625
0.323,-1.28125,5.365234375,-3.203125
0.3235,-0.400390625,5.6455078125,-4.404296875
0.324,0.240234375,6.0458984375,-5.28515625
0.3245,1.041015625,5.60546875,-5.765625
0.325,2.2421875,4.484375,-6.005859375
0.3255,3.4833984375,3.2431640625,-6.2861328125
0.326,4.6044921875,1.921875,-6.40625
0.3265,5.2451171875,1.0810546875,-6.4462890625
0.327,5.4052734375,0.48046875,-6.3662109375
0.3275,5.1650390625,-0.3603515625,-5.7255859375
0.328,4.9248046875,-1.4814453125,-4.564453125
0.3285,4.7646484375,-2.8828125,-3.2431640625
0.329,4.724609375,-4.1240234375,-2.2421875
0.3295,4.64453125,-5.0048828125,-1.5615234375
0.33,4.2041015625,-5.3251953125,-0.80078125
0.3305,3.2431640625,-5.4853515625,0.2802734375
0.331,2.0419921875,-5.7255859375,1.6015625
0.3315,0.80078125,-5.92578125,3.0830078125
0.332,0.1201171875,-6.3662109375,4.2041015625
0.3325,-0.6005859375,-6.56640625,5.0849609375
0.333,-1.44140625,-6.0458984375,5.4453125
0.3335,-2.6826171875,-4.884765625,5.7255859375
0.334,-3.8837890625,-3.68359375,5.9658203125
0.3345,-4.96484375,-2.5224609375,6.1259765625
0.335,-5.4853515625,-1.8818359375,6.326171875
0.3355,-5.525390625,-1.201171875,6.0458984375
0.336,-5.365234375,-0.3203125,5.2451171875
0.3365,-5.205078125,0.8408203125,4.2041015625
0.337,-5.0849609375,2.2421875,2.962890625
0.3375,-5.125,3.36328125,2.0419921875
0.338,-5.044921875,4.1640625,1.4013671875
0.3385,-4.404296875,4.484375,0.640625
0.339,-3.36328125,4.64453125,-0.6005859375
0.3395,-2.2822265625,4.96484375,-1.9619140625
0.34,-1.201171875,5.3251953125,-3.36328125
0.3405,-0.560546875,5.7255859375,-4.3642578125
0.341,0.2001953125,5.765625,-5.125
0.3415,1.1611328125,5.0849609375,-5.4453125
0.342,2.40234375,3.9638671875,-5.765625
0.3425,3.68359375,2.6826171875,-5.9658203125
0.343,4.5244140625,1.7216796875,-6.2060546875
0.3435,4.96484375,1.201171875,-6.40625
0.344,4.9248046875,0.48046875,-5.92578125
0.3445,4.7646484375,-0.6005859375,-5.0849609375
0.345,4.64453125,-1.76171875,-4.0439453125
0.3455,4.6044921875,-3.0830078125,-2.9228515625
0.346,4.64453125,-4.0439453125,-2.162109375
0.3465,4.5244140625,-4.7646484375,-1.5615234375
0.347,3.84375,-5.0048828125,-0.720703125
0.3475,2.802734375,-5.2451171875,0.5205078125
0.348,1.681640625,-5.5654296875,1.921875
0.3485,0.8408203125,-6.005859375,3.1630859375
0.349,0.2802734375,-6.4462890625,4.1640625
0.3495,-0.6005859375,-6.24609375,4.8046875
0.35,-1.6416015625,-5.4453125,5.125
0.3505,-2.8828125,-4.404296875,5.525390625
0.351,-4.0439453125,-3.203125,5.765625
0.3515,-4.8447265625,-2.4423828125,6.0458984375
0.352,-5.205078125,-1.8818359375,6.0859375
0.3525,-5.125,-1.2412109375,5.60546875
0.353,-5.0048828125,-0.2001953125,4.724609375
0.3535,-5.0048828125,1.12109375,3.68359375
0.354,-5.044921875,2.482421875,2.6826171875
0.3545,-5.125,3.36328125,2.08203125
0.355,-4.7646484375,3.9638671875,1.4013671875
0.3555,-4.00390625,4.244140625,0.48046875
0.356,-3.0830078125,4.6044921875,-0.9208984375
0.3565,-1.9619140625,4.96484375,-2.322265625
0.357,-1.201171875,5.4453125,-3.5634765625
0.3575,-0.640625,5.8056640625,-4.484375
0.358,0.3203125,5.4453125,-5.0048828125
0.3585,1.521484375,4.5244140625,-5.365234375
0.359,2.802734375,3.4033203125,-5.7255859375
0.3595,3.8837890625,2.2822265625,-6.005859375
0.36,4.5244140625,1.6416015625,-6.2861328125
0.3605,4.8046875,0.9609375,-6.1259765625
0.361,4.724609375,0.2001953125,-5.4853515625
0.3615,4.6044921875,-1.0009765625,-4.64453125
0.362,4.6044921875,-2.322265625,-3.4833984375
0.3625,4.6845703125,-3.5634765625,-2.5625
0.363,4.724609375,-4.3642578125,-1.9619140625
0.3635,4.2041015625,-4.8046875,-1.2412109375
0.364,3.283203125,-5.044921875,0.0
0.3645,2.2421875,-5.4453125,1.28125
0.365,1.201171875,-5.8056640625,2.6826171875
0.3655,0.560546875,-6.2861328125,3.84375
0.366,-0.2802734375,-6.40625,4.6044921875
0.3665,-1.2412109375,-5.765625,5.044921875
0.367,-2.482421875,-4.7646484375,5.4052734375
0.3675,-3.763671875,-3.5234375,5.7255859375
0.368,-4.724609375,-2.5224609375,5.9658203125
0.3685,-5.205078125,-2.001953125,6.1259765625
0.369,-5.2451171875,-1.3212890625,5.765625
0.3695,-5.0849609375,-0.3203125,4.9248046875
0.37,-5.0048828125,0.9609375,3.923828125
0.3705,-5.0048828125,2.322265625,2.802734375
0.371,-5.0849609375,3.4033203125,2.001953125
0.3715,-4.884765625,4.0439453125,1.3212890625
0.372,-4.2041015625,4.32421875,0.560546875
0.3725,-3.1630859375,4.564453125,-0.720703125
0.373,-1.9619140625,4.96484375,-2.2021484375
0.3735,-1.1611328125,5.365234375,-3.4833984375
0.374,-0.560546875,5.765625,-4.484375
0.3745,0.3203125,5.60546875,-5.125
0.375,1.4013671875,4.6845703125,-5.4453125
0.3755,2.6826171875,3.603515625,-5.8056640625
0.376,3.923828125,2.2822265625,-6.0458984375
0.3765,4.6845703125,1.44140625,-6.24609375
0.377,5.0048828125,0.880859375,-6.2861328125
0.3775,4.8447265625,0.2001953125,-5.7255859375
0.378,4.724609375,-0.9609375,-4.7646484375
0.3785,4.6044921875,-2.2822265625,-3.5634765625
0.379,4.64453125,-3.5634765625,-2.5224609375
0.3795,4.6845703125,-4.484375,-1.841796875
0.38,4.32421875,-5.0048828125,-1.1611328125
0.3805,3.443359375,-5.1650390625,-0.2001953125
0.381,2.3623046875,-5.4453125,1.201171875
0.3815,1.1611328125,-5.8056640625,2.6826171875
0.382,0.4404296875,-6.2861328125,3.84375
0.3825,-0.2802734375,-6.56640625,4.7646484375
0.383,-1.1611328125,-6.1259765625,5.2451171875
0.3835,-2.4423828125,-4.96484375,5.5654296875
0.384,-3.7236328125,-3.7236328125,5.845703125
0.3845,-4.8046875,-2.642578125,6.0859375
0.385,-5.4052734375,-1.921875,6.24609375
0.3855,-5.525390625,-1.2412109375,6.0458984375
0.386,-5.3251953125,-0.3603515625,5.2451171875
0.3865,-5.1650390625,0.880859375,4.2041015625
0.387,-5.125,2.2822265625,2.9228515625
0.3875,-5.125,3.5234375,1.9619140625
0.388,-5.044921875,4.2841796875,1.3212890625
0.3885,-4.4443359375,4.6044921875,0.560546875
0.389,-3.36328125,4.7646484375,-0.6806640625
0.3895,-2.2021484375,5.0849609375,-2.1220703125
0.39,-1.041015625,5.4052734375,-3.5634765625
0.3905,-0.3603515625,5.8056640625,-4.64453125
0.391,0.3603515625,5.845703125,-5.4052734375
0.3915,1.4013671875,5.0849609375,-5.765625
0.392,2.7626953125,3.84375,-6.0859375
0.3925,4.083984375,2.40234375,-6.2861328125
0.393,4.96484375,1.3212890625,-6.40625
0.3935,5.365234375,0.7607421875,-6.486328125
0.394,5.28515625,0.0,-5.9658203125
0.3945,5.0048828125,-1.12109375,-4.9248046875
0.395,4.8447265625,-2.40234375,-3.763671875
0.3955,4.8046875,-3.84375,-2.4423828125
0.396,4.7646484375,-4.8447265625,-1.6015625
0.3965,4.484375,-5.4453125,-0.9609375
0.397,3.6435546875,-5.6455078125,0.080078125
0.3975,2.3623046875,-5.765625,1.4013671875
0.398,1.0009765625,-6.0859375,3.0029296875
0.3985,0.080078125,-6.40625,4.2841796875
0.399,-0.640625,-6.7265625,5.2451171875
0.3995,-1.4814453125,-6.3662109375,5.8056640625
0.4,-2.72265625,-5.1650390625,6.0859375
0.4005,-4.1240234375,-3.8837890625,6.3662109375
0.401,-5.28515625,-2.482421875,6.4462890625
0.4015,-6.005859375,-1.44140625,6.5263671875
0.402,-6.1259765625,-0.8408203125,6.3662109375
0.4025,-5.8857421875,0.1201171875,5.5654296875
0.403,-5.5654296875,1.4013671875,4.1640625
0.4035,-5.4052734375,2.8427734375,2.802734375
0.404,-5.28515625,4.1640625,1.6015625
0.4045,-5.125,5.0048828125,0.8408203125
0.405,-4.484375,5.28515625,0.080078125
0.4055,-3.3232421875,5.365234375,-1.1611328125
0.406,-1.921875,5.4853515625,-2.72265625
0.4065,-0.5205078125,5.7255859375,-4.2841796875
0.407,0.3203125,5.9658203125,-5.3251953125
0.4075,0.9609375,6.0859375,-6.1259765625
0.408,1.921875,5.28515625,-6.486328125
0.4085,3.3232421875,3.763671875,-6.6064453125
0.409,4.6044921875,2.3623046875,-6.7265625
0.4095,5.60546875,1.041015625,-6.7666015625
0.41,6.005859375,0.240234375,-6.7265625
0.4105,5.8857421875,-0.6005859375,-6.24609375
0.411,5.525390625,-1.4814453125,-5.205078125
0.4115,5.1650390625,-2.8828125,-3.7236328125
0.412,4.9248046875,-4.3642578125,-2.2421875
0.4125,4.8046875,-5.4453125,-1.201171875
0.413,4.564453125,-6.1259765625,-0.5205078125
0.4135,3.68359375,-6.24609375,0.4404296875
0.414,2.2822265625,-6.2060546875,1.681640625
0.4145,0.880859375,-6.3662109375,3.2431640625
0.415,-0.48046875,-6.5263671875,4.724609375
0.4155,-1.12109375,-6.7265625,5.6455078125
0.416,-1.76171875,-6.6064453125,6.2861328125
0.4165,-2.8828125,-5.6455078125,6.5263671875
0.417,-4.244140625,-4.083984375,6.6865234375
0.4175,-5.4853515625,-2.5625,6.6865234375
0.418,-6.2861328125,-1.361328125,6.6865234375
0.4185,-6.56640625,-0.720703125,6.646484375
0.419,-6.2861328125,0.16015625,5.8857421875
0.4195,-5.8857421875,1.28125,4.6044921875
0.42,-5.60546875,2.6826171875,3.2431640625
0.4205,-5.365234375,4.1240234375,1.76171875
0.421,-5.1650390625,5.0849609375,0.8408203125
0.4215,-4.8046875,5.60546875,0.16015625
0.422,-3.8037109375,5.60546875,-0.9208984375
0.4225,-2.2822265625,5.6455078125,-2.3623046875
0.423,-0.80078125,5.765625,-3.9638671875
0.4235,0.3203125,6.005859375,-5.2451171875
0.424,0.9208984375,6.24609375,-6.1259765625
0.4245,1.7216796875,5.7255859375,-6.6064453125
0.425,2.962890625,4.484375,-6.7666015625
0.4255,4.32421875,3.04296875,-6.9267578125
0.426,5.4853515625,1.4814453125,-6.9267578125
0.4265,6.0859375,0.48046875,-6.88671875
0.427,6.2060546875,-0.2802734375,-6.7265625
0.4275,5.8056640625,-1.12109375,-5.765625
0.428,5.4052734375,-2.40234375,-4.3642578125
0.4285,5.125,-3.84375,-2.8828125
0.429,4.96484375,-5.1650390625,-1.6015625
0.4295,4.7646484375,-5.9658203125,-0.80078125
0.43,4.1640625,-6.3662109375,0.0400390625
0.4305,3.0029296875,-6.326171875,1.12109375
0.431,1.521484375,-6.40625,2.6826171875
0.4315,0.0,-6.486328125,4.2841796875
0.432,-0.9208984375,-6.7265625,5.4052734375
0.4325,-1.44140625,-6.966796875,6.2060546875
0.433,-2.4423828125,-6.2060546875,6.486328125
0.4335,-3.8037109375,-4.6845703125,6.6865234375
0.434,-5.044921875,-3.203125,6.7666015625
0.4345,-6.1259765625,-1.8017578125,6.7666015625
0.435,-6.56640625,-1.0009765625,6.7265625
0.4355,-6.486328125,-0.2802734375,6.326171875
0.436,-6.1259765625,0.7607421875,5.28515625
0.4365,-5.7255859375,2.08203125,3.84375
0.437,-5.4453125,3.6435546875,2.2822265625
0.4375,-5.28515625,4.8046875,1.1611328125
0.438,-5.0849609375,5.4853515625,0.4404296875
0.4385,-4.2041015625,5.685546875,-0.5205078125
0.439,-2.9228515625,5.685546875,-1.76171875
0.4395,-1.44140625,5.8056640625,-3.3232421875
0.44,0.0400390625,5.8857421875,-4.8447265625
0.4405,0.6806640625,6.1259765625,-5.845703125
0.441,1.28125,6.0859375,-6.486328125
0.4415,2.40234375,5.125,-6.7265625
0.442,3.84375,3.5634765625,-6.9267578125
0.4425,5.0849609375,2.0419921875,-6.9267578125
0.443,5.92578125,0.80078125,-6.966796875
0.4435,6.24609375,0.1201171875,-6.88671875
0.444,6.005859375,-0.7607421875,-6.166015625
0.4445,5.60546875,-1.8818359375,-4.96484375
0.445,5.2451171875,-3.2431640625,-3.5634765625
0.4455,5.0048828125,-4.724609375,-2.001953125
0.446,4.8447265625,-5.765625,-1.041015625
0.4465,4.5244140625,-6.2861328125,-0.3603515625
0.447,3.5234375,-6.326171875,0.640625
0.4475,2.08203125,-6.3662109375,2.0419921875
0.448,0.5205078125,-6.4462890625,3.68359375
0.4485,-0.640625,-6.6865234375,5.0048828125
0.449,-1.2412109375,-6.88671875,5.8857421875
0.4495,-2.001953125,-6.486328125,6.40625
0.45,-3.203125,-5.28515625,6.56640625
0.4505,-4.5244140625,-3.84375,6.7265625
0.451,-5.7255859375,-2.2822265625,6.7265625
0.4515,-6.3662109375,-1.2412109375,6.6865234375
0.452,-6.486328125,-0.640625,6.5263671875
0.4525,-6.166015625,0.2802734375,5.685546875
0.453,-5.765625,1.4814453125,4.404296875
0.4535,-5.4853515625,2.9228515625,2.9228515625
0.454,-5.28515625,4.244140625,1.6416015625
0.4545,-5.125,5.0849609375,0.7607421875
0.455,-4.64453125,5.4853515625,0.080078125
0.4555,-3.5634765625,5.4853515625,-1.0009765625
0.456,-2.1220703125,5.5654296875,-2.4423828125
0.4565,-0.640625,5.685546875,-4.0439453125
0.457,0.2802734375,5.8857421875,-5.1650390625
0.4575,0.8408203125,6.166015625,-6.0458984375
0.458,1.6416015625,5.5654296875,-6.3662109375
0.4585,2.9228515625,4.244140625,-6.5263671875
0.459,4.2041015625,2.8427734375,-6.6865234375
0.4595,5.28515625,1.44140625,-6.7265625
0.46,5.8056640625,0.6005859375,-6.7265625
0.4605,5.8857421875,0.0,-6.486328125
0.461,5.4853515625,-0.9609375,-5.60546875
0.4615,5.1650390625,-2.1220703125,-4.32421875
0.462,4.9248046875,-3.6435546875,-2.8427734375
0.4625,4.8046875,-4.8447265625,-1.681640625
0.463,4.7646484375,-5.6455078125,-1.0009765625
0.4635,4.083984375,-5.92578125,-0.2802734375
0.464,2.962890625,-5.9658203125,0.9208984375
0.4645,1.5615234375,-6.166015625,2.40234375
0.465,0.240234375,-6.3662109375,3.923828125
0.4655,-0.6005859375,-6.6064453125,5.0048828125
0.466,-1.1611328125,-6.7666015625,5.765625
0.4665,-2.08203125,-6.0458984375,6.0859375
0.467,-3.443359375,-4.6845703125,6.326171875
0.4675,-4.7646484375,-3.203125,6.40625
0.468,-5.7255859375,-2.001953125,6.5263671875
0.4685,-6.1259765625,-1.3212890625,6.56640625
0.469,-6.0458984375,-0.640625,6.0859375
0.4695,-5.7255859375,0.48046875,5.0849609375
0.47,-5.4453125,1.7216796875,3.8837890625
0.4705,-5.28515625,3.203125,2.4423828125
0.471,-5.205078125,4.32421875,1.44140625
0.4715,-5.0048828125,4.9248046875,0.80078125
0.472,-4.1640625,5.0849609375,0.0
0.4725,-2.9228515625,5.1650390625,-1.361328125
0.473,-1.6015625,5.4052734375,-2.8828125
0.4735,-0.5205078125,5.685546875,-4.2841796875
0.474,0.240234375,5.9658203125,-5.28515625
0.4745,0.9208984375,5.8056640625,-5.845703125
0.475,1.921875,4.8447265625,-6.0859375
0.4755,3.2431640625,3.5634765625,-6.326171875
0.476,4.484375,2.162109375,-6.40625
0.4765,5.28515625,1.12109375,-6.486328125
0.477,5.5654296875,0.6005859375,-6.5263671875
0.4775,5.365234375,-0.2802734375,-5.92578125
0.478,5.0048828125,-1.28125,-4.8046875
0.4785,4.8447265625,-2.5625,-3.603515625
0.479,4.724609375,-3.923828125,-2.322265625
0.4795,4.724609375,-4.884765625,-1.5615234375
0.48,4.404296875,-5.4453125,-0.9208984375
0.4805,3.5634765625,-5.5654296875,0.0400390625
0.481,2.40234375,-5.765625,1.28125
0.4815,1.0009765625,-5.92578125,2.8427734375
0.482,0.16015625,-6.2861328125,4.00390625
0.4825,-0.48046875,-6.6064453125,4.96484375
0.483,-1.2412109375,-6.2861328125,5.4453125
0.4835,-2.3623046875,-5.2451171875,5.685546875
0.484,-3.5634765625,-4.083984375,5.9658203125
0.4845,-4.7646484375,-2.802734375,6.1259765625
0.485,-5.4453125,-1.9619140625,6.326171875
0.4855,-5.6455078125,-1.361328125,6.2060546875
0.486,-5.4453125,-0.640625,5.60546875
0.4865,-5.2451171875,0.5205078125,4.5244140625
0.487,-5.125,1.8818359375,3.283203125
0.4875,-5.125,3.1630859375,2.2822265625
0.488,-5.125,4.00390625,1.6015625
0.4885,-4.64453125,4.404296875,0.9208984375
0.489,-3.763671875,4.6044921875,-0.16015625
0.4895,-2.72265625,4.9248046875,-1.44140625
0.49,-1.44140625,5.1650390625,-2.9228515625
0.4905,-0.720703125,5.6455078125,-4.083984375
0.491,-0.16015625,5.8857421875,-4.9248046875
0.4915,0.7607421875,5.4453125,-5.4052734375
0.492,1.9619140625,4.3642578125,-5.6455078125
0.4925,3.203125,3.1630859375,-5.92578125
0.493,4.2841796875,2.0419921875,-6.166015625
0.4935,4.884765625,1.361328125,-6.3662109375
0.494,5.044921875,0.720703125,-6.166015625
0.4945,4.8046875,0.0,-5.4453125
0.495,4.724609375,-1.2412109375,-4.5244140625
0.4955,4.6044921875,-2.6025390625,-3.2431640625
0.496,4.6845703125,-3.8037109375,-2.3623046875
0.4965,4.724609375,-4.6044921875,-1.8017578125
0.497,4.1240234375,-4.96484375,-1.041015625
0.4975,3.1630859375,-5.125,0.1201171875
0.498,2.08203125,-5.4853515625,1.4013671875
0.4985,1.0810546875,-5.845703125,2.8427734375
0.499,0.4404296875,-6.326171875,3.923828125
0.4995,-0.3203125,-6.40625,4.64453125
0.5,-1.28125,-5.8056640625,5.0849609375
0.5005,-2.482421875,-4.8046875,5.4453125
0.501,-3.7236328125,-3.5634765625,5.685546875
0.5015,-4.6845703125,-2.6025390625,5.92578125
0.502,-5.1650390625,-2.0419921875,6.166015625
0.5025,-5.1650390625,-1.361328125,5.765625
0.503,-5.0048828125,-0.48046875,4.96484375
0.5035,-5.0048828125,0.7607421875,4.083984375
0.504,-5.0048828125,2.1220703125,2.962890625
0.5045,-5.0849609375,3.1630859375,2.162109375
0.505,-4.9248046875,3.84375,1.5615234375
0.5055,-4.32421875,4.2041015625,0.7607421875
0.506,-3.3232421875,4.484375,-0.5205078125
0.5065,-2.2421875,4.8447265625,-1.8818359375
0.507,-1.361328125,5.28515625,-3.1630859375
0.5075,-0.80078125,5.7255859375,-4.2041015625
0.508,0.080078125,5.60546875,-4.8447265625
0.5085,1.12109375,4.8046875,-5.205078125
0.509,2.322265625,3.84375,-5.6455078125
0.5095,3.5634765625,2.6025390625,-5.845703125
0.51,4.4443359375,1.76171875,-6.1259765625
0.5105,4.8046875,1.2412109375,-6.24609375
0.511,4.7646484375,0.560546875,-5.765625
0.5115,4.6044921875,-0.6005859375,-4.8447265625
0.512,4.6044921875,-1.8017578125,-3.8837890625
0.5125,4.6044921875,-3.1630859375,-2.8828125
0.513,4.724609375,-4.1240234375,-2.2021484375
0.5135,4.404296875,-4.64453125,-1.4814453125
0.514,3.68359375,-4.9248046875,-0.6005859375
0.5145,2.6826171875,-5.28515625,0.720703125
0.515,1.5615234375,-5.6455078125,2.2021484375
0.5155,0.80078125,-6.1259765625,3.36328125
0.516,0.240234375,-6.486328125,4.32421875
0.5165,-0.7607421875,-6.1259765625,4.8447265625
0.517,-1.9619140625,-5.125,5.1650390625
0.5175,-3.203125,-4.0439453125,5.5654296875
0.518,-4.3642578125,-2.9228515625,5.845703125
0.5185,-5.0048828125,-2.2421875,6.1259765625
0.519,-5.205078125,-1.6015625,5.92578125
0.5195,-5.125,-0.80078125,5.3251953125
0.52,-5.0048828125,0.3603515625,4.404296875
0.5205,-4.96484375,1.7216796875,3.2431640625
0.521,-5.044921875,2.8828125,2.3623046875
0.5215,-5.125,3.763671875,1.7216796875
0.522,-4.5244140625,4.1240234375,0.9609375
0.5225,-3.5634765625,4.3642578125,-0.2001953125
0.523,-2.5625,4.8046875,-1.4814453125
0.5235,-1.4814453125,5.1650390625,-2.9228515625
0.524,-0.8408203125,5.60546875,-4.00390625
0.5245,-0.2001953125,5.7255859375,-4.8447265625
0.525,0.8408203125,5.1650390625,-5.2451171875
0.5255,2.1220703125,4.0439453125,-5.60546875
0.526,3.4033203125,2.7626953125,-5.845703125
0.5265,4.404296875,1.841796875,-6.1259765625
0.527,4.884765625,1.2412109375,-6.326171875
0.5275,4.8447265625,0.560546875,-5.8857421875
0.528,4.724609375,-0.48046875,-5.0849609375
0.5285,4.6044921875,-1.681640625,-4.1640625
0.529,4.6044921875,-3.0830078125,-2.8828125
0.5295,4.64453125,-4.1240234375,-2.08203125
0.53,4.5244140625,-4.8046875,-1.4814453125
0.5305,3.84375,-5.0849609375,-0.640625
0.531,2.802734375,-5.28515625,0.6005859375
0.5315,1.6416015625,-5.6455078125,2.0419921875
0.532,0.720703125,-6.0859375,3.4033203125
0.5325,0.1201171875,-6.486328125,4.4443359375
0.533,-0.7607421875,-6.2861328125,5.0849609375
0.5335,-1.8818359375,-5.4453125,5.4052734375
0.534,-3.1630859375,-4.2841796875,5.7255859375
0.5345,-4.4443359375,-2.962890625,5.9658203125
0.535,-5.205078125,-2.08203125,6.2060546875
0.5355,-5.525390625,-1.521484375,6.2060546875
0.536,-5.365234375,-0.80078125,5.5654296875
0.5365,-5.1650390625,0.400390625,4.5244140625
0.537,-5.125,1.76171875,3.36328125
0.5375,-5.125,3.123046875,2.2421875
0.538,-5.125,4.00390625,1.5615234375
0.5385,-4.64453125,4.484375,0.80078125
0.539,-3.763671875,4.6845703125,-0.2802734375
0.5395,-2.6025390625,4.9248046875,-1.6015625
0.54,-1.361328125,5.2451171875,-3.123046875
0.5405,-0.6005859375,5.685546875,-4.32421875
0.541,0.1201171875,5.92578125,-5.1650390625
0.5415,1.0009765625,5.4052734375,-5.6455078125
0.542,2.2421875,4.2041015625,-5.8857421875
0.5425,3.5634765625,2.9228515625,-6.1259765625
0.543,4.6845703125,1.7216796875,-6.3662109375
0.5435,5.205078125,0.9609375,-6.40625
0.544,5.28515625,0.2802734375,-6.166015625
0.5445,5.044921875,-0.6806640625,-5.3251953125
0.545,4.8046875,-1.8818359375,-4.1640625
0.5455,4.724609375,-3.283203125,-2.8427734375
0.546,4.7646484375,-4.484375,-1.841796875
0.5465,4.6044921875,-5.2451171875,-1.201171875
0.547,3.923828125,-5.4853515625,-0.400390625
0.5475,2.8427734375,-5.6455078125,0.80078125
0.548,1.521484375,-5.845703125,2.2822265625
0.5485,0.4404296875,-6.166015625,3.763671875
0.549,-0.3203125,-6.5263671875,4.8046875
0.5495,-1.0009765625,-6.56640625,5.4853515625
0.55,-2.0419921875,-5.7255859375,5.8056640625
0.5505,-3.4033203125,-4.404296875,6.0859375
0.551,-4.724609375,-2.962890625,6.24609375
0.5515,-5.60546875,-1.8818359375,6.40625
0.552,-5.9658203125,-1.28125,6.4462890625
0.5525,-5.845703125,-0.560546875,5.845703125
0.553,-5.525390625,0.640625,4.7646484375
0.5535,-5.365234375,2.001953125,3.4833984375
0.554,-5.2451171875,3.4833984375,2.162109375
0.5545,-5.1650390625,4.5244140625,1.2412109375
0.555,-4.8447265625,5.0849609375,0.560546875
0.5555,-3.923828125,5.1650390625,-0.48046875
0.556,-2.5625,5.2451171875,-1.841796875
0.5565,-1.2412109375,5.525390625,-3.4833984375
0.557,-0.240234375,5.8056640625,-4.7646484375
0.5575,0.48046875,6.0859375,-5.685546875
0.558,1.3212890625,5.7255859375,-6.2060546875
0.5585,2.5625,4.484375,-6.40625
0.559,3.9638671875,3.04296875,-6.646484375
0.5595,5.1650390625,1.5615234375,-6.7265625
0.56,5.8056640625,0.6005859375,-6.7265625
0.5605,5.8857421875,-0.16015625,-6.56640625
0.561,5.60546875,-1.0009765625,-5.685546875
0.5615,5.2451171875,-2.2421875,-4.32421875
0.562,5.0048828125,-3.7236328125,-2.8427734375
0.5625,4.884765625,-5.044921875,-1.6015625
0.563,4.6845703125,-5.8056640625,-0.80078125
0.5635,4.1240234375,-6.166015625,0.0400390625
0.564,2.9228515625,-6.166015625,1.12109375
0.5645,1.4013671875,-6.2861328125,2.642578125
0.565,0.0400390625,-6.4462890625,4.2841796875
0.5655,-0.880859375,-6.7265625,5.365234375
0.566,-1.44140625,-6.806640625,6.1259765625
0.5665,-2.4423828125,-6.0458984375,6.4462890625
0.567,-3.84375,-4.5244140625,6.6064453125
0.5675,-5.125,-3.04296875,6.6865234375
0.568,-6.1259765625,-1.681640625,6.7265625
0.5685,-6.5263671875,-0.880859375,6.6865234375
0.569,-6.40625,-0.16015625,6.166015625
0.5695,-6.005859375,0.880859375,5.0849609375
0.57,-5.6455078125,2.2421875,3.6435546875
0.5705,-5.365234375,3.8037109375,2.08203125
0.571,-5.205078125,4.9248046875,1.0009765625
0.5715,-4.96484375,5.525390625,0.3203125
0.572,-4.083984375,5.685546875,-0.640625
0.5725,-2.6826171875,5.60546875,-1.921875
0.573,-1.28125,5.765625,-3.5234375
0.5735,0.16015625,5.8857421875,-4.96484375
0.574,0.8408203125,6.1259765625,-5.92578125
0.5745,1.4013671875,6.0458984375,-6.5263671875
0.575,2.482421875,5.0048828125,-6.7265625
0.5755,3.8837890625,3.4833984375,-6.88671875
0.576,5.1650390625,1.8818359375,-6.88671875
0.5765,5.9658203125,0.640625,-6.88671875
0.577,6.2060546875,0.0,-6.806640625
0.5775,5.92578125,-0.8408203125,-6.1259765625
0.578,5.4853515625,-1.9619140625,-4.8447265625
0.5785,5.1650390625,-3.2431640625,-3.4833984375
0.579,4.9248046875,-4.7646484375,-1.9619140625
0.5795,4.8046875,-5.765625,-1.0009765625
0.58,4.484375,-6.2861328125,-0.3203125
0.5805,3.4833984375,-6.2861328125,0.640625
0.581,2.001953125,-6.2861328125,2.0419921875
0.5815,0.5205078125,-6.40625,3.68359375
0.582,-0.640625,-6.6064453125,4.96484375
0.5825,-1.2412109375,-6.88671875,5.8857421875
0.583,-1.9619140625,-6.486328125,6.3662109375
0.5835,-3.1630859375,-5.28515625,6.5263671875
0.584,-4.484375,-3.8837890625,6.6865234375
0.5845,-5.7255859375,-2.322265625,6.7265625
0.585,-6.40625,-1.28125,6.7265625
0.5855,-6.5263671875,-0.640625,6.56640625
0.586,-6.2060546875,0.240234375,5.765625
0.5865,-5.765625,1.521484375,4.3642578125
0.587,-5.525390625,2.9228515625,2.8828125
0.5875,-5.365234375,4.32421875,1.6015625
0.588,-5.205078125,5.205078125,0.7607421875
0.5885,-4.64453125,5.5654296875,0.0
0.589,-3.5634765625,5.60546875,-1.12109375
0.5895,-2.08203125,5.7255859375,-2.6025390625
0.59,-0.560546875,5.8056640625,-4.2841796875
0.5905,0.400390625,6.0859375,-5.4453125
0.591,0.9609375,6.2861328125,-6.2861328125
0.5915,1.8818359375,5.60546875,-6.646484375
0.592,3.2431640625,4.1240234375,-6.6064453125
0.5925,4.5244140625,2.642578125,-6.9267578125
0.593,5.685546875,1.2412109375,-6.9267578125
0.5935,6.166015625,0.3203125,-6.9267578125
0.594,6.1259765625,-0.48046875,-6.56640625
0.5945,5.7255859375,-1.361328125,-5.525390625
0.595,5.4052734375,-2.72265625,-4.083984375
0.5955,5.0849609375,-4.2841796875,-2.4423828125
0.596,4.96484375,-5.4853515625,-1.3212890625
0.5965,4.724609375,-6.2060546875,-0.6005859375
0.597,3.923828125,-6.40625,0.3603515625
0.5975,2.6025390625,-6.40625,1.5615234375
0.598,1.0810546875,-6.5263671875,3.1630859375
0.5985,-0.4404296875,-6.6064453125,4.8046875
0.599,-1.1611328125,-6.88671875,5.765625
0.5995,-1.76171875,-6.806640625,6.4462890625
0.6,-2.8828125,-5.92578125,6.6064453125
0.6005,-4.2841796875,-4.244140625,6.8466796875
0.601,-5.525390625,-2.6826171875,6.806640625
0.6015,-6.40625,-1.4013671875,6.8466796875
0.602,-6.6865234375,-0.640625,6.7265625
0.6025,-6.4462890625,0.240234375,6.0458984375
0.603,-6.005859375,1.28125,4.8046875
0.6035,-5.6455078125,2.6826171875,3.3232421875
0.604,-5.4052734375,4.1640625,1.76171875
0.6045,-5.205078125,5.1650390625,0.7607421875
0.605,-4.8046875,5.685546875,0.080078125
0.6055,-3.84375,5.7255859375,-0.9208984375
0.606,-2.322265625,5.685546875,-2.2822265625
0.6065,-0.880859375,5.8056640625,-3.8837890625
0.607,0.3203125,5.92578125,-5.205078125
0.6075,0.9609375,6.166015625,-6.1259765625
0.608,1.5615234375,5.7255859375,-6.56640625
0.6085,2.802734375,4.6044921875,-6.7666015625
0.609,4.083984375,3.1630859375,-6.88671875
0.6095,5.28515625,1.6015625,-6.806640625
0.61,5.9658203125,0.560546875,-6.806640625
0.6105,6.1259765625,0.0,-6.6865234375
0.611,5.7255859375,-0.9208984375,-5.8857421875
0.6115,5.3251953125,-2.001953125,-4.564453125
0.612,5.044921875,-3.4033203125,-3.203125
0.6125,4.8447265625,-4.7646484375,-1.841796875
0.613,4.724609375,-5.6455078125,-1.0009765625
0.6135,4.32421875,-6.1259765625,-0.3203125
0.614,3.283203125,-6.1259765625,0.640625
0.6145,1.921875,-6.166015625,2.0419921875
0.615,0.48046875,-6.2861328125,3.6435546875
0.6155,-0.5205078125,-6.56640625,4.8046875
0.616,-1.12109375,-6.806640625,5.8056640625
0.6165,-1.8818359375,-6.40625,6.0859375
0.617,-3.0830078125,-5.1650390625,6.2861328125
0.6175,-4.3642578125,-3.8037109375,6.4462890625
0.618,-5.4853515625,-2.40234375,6.5263671875
0.6185,-6.1259765625,-1.4814453125,6.56640625
0.619,-6.2060546875,-0.8408203125,6.40625
0.6195,-5.8857421875,0.0400390625,5.60546875
0.62,-5.525390625,1.2412109375,4.32421875
0.6205,-5.365234375,2.6826171875,2.9228515625
0.621,-5.28515625,3.9638671875,1.8017578125
0.6215,-5.1650390625,4.8046875,1.0810546875
0.622,-4.564453125,5.0849609375,0.2802734375
0.6225,-3.5234375,5.205078125,-0.8408203125
0.623,-2.2421875,5.4052734375,-2.2822265625
0.6235,-0.8408203125,5.5654296875,-3.84375
0.624,0.080078125,6.005859375,-4.884765625
0.6245,0.6005859375,6.0859375,-5.765625
0.625,1.4814453125,5.365234375,-6.0458984375
0.6255,2.7626953125,4.1240234375,-6.2861328125
0.626,4.0439453125,2.72265625,-6.40625
0.6265,5.0849609375,1.521484375,-6.56640625
0.627,5.525390625,0.80078125,-6.646484375
0.6275,5.525390625,0.1201171875,-6.24609375
0.628,5.205078125,-0.8408203125,-5.365234375
0.6285,4.96484375,-2.0419921875,-4.1640625
0.629,4.8046875,-3.5234375,-2.72265625
0.6295,4.7646484375,-4.64453125,-1.8017578125
0.63,4.6044921875,-5.365234375,-1.1611328125
0.6305,3.8837890625,-5.5654296875,-0.3603515625
0.631,2.802734375,-5.6455078125,0.880859375
0.6315,1.5615234375,-5.8857421875,2.2822265625
0.632,0.48046875,-6.166015625,3.6435546875
0.6325,-0.3603515625,-6.56640625,4.7646484375
0.633,-1.0009765625,-6.56640625,5.4453125
0.6335,-1.9619140625,-5.7255859375,5.7255859375
0.634,-3.2431640625,-4.5244140625,6.005859375
0.6345,-4.5244140625,-3.123046875,6.1259765625
0.635,-5.4052734375,-2.08203125,6.326171875
0.6355,-5.765625,-1.521484375,6.40625
0.636,-5.6455078125,-0.80078125,5.8056640625
0.6365,-5.365234375,0.2802734375,4.8447265625
0.637,-5.1650390625,1.521484375,3.763671875
0.6375,-5.125,2.8828125,2.482421875
0.638,-5.125,3.923828125,1.6416015625
0.6385,-4.8447265625,4.5244140625,0.9609375
0.639,-4.083984375,4.724609375,0.16015625
0.6395,-2.962890625,4.9248046875,-1.1611328125
0.64,-1.7216796875,5.0048828125,-2.72265625
0.6405,-0.80078125,5.4853515625,-3.923828125
0.641,-0.2001953125,5.8857421875,-4.884765625
0.6415,0.640625,5.6455078125,-5.4453125
0.642,1.7216796875,4.724609375,-5.7255859375
0.6425,2.962890625,3.5634765625,-6.005859375
0.643,4.1240234375,2.2421875,-6.166015625
0.6435,4.884765625,1.4013671875,-6.3662109375
0.644,5.1650390625,0.80078125,-6.3662109375
0.6445,5.0048828125,0.1201171875,-5.765625
0.645,4.8046875,-1.0009765625,-4.8046875
0.6455,4.6845703125,-2.322265625,-3.5634765625
0.646,4.64453125,-3.603515625,-2.5224609375
0.6465,4.724609375,-4.5244140625,-1.841796875
0.647,4.32421875,-5.0048828125,-1.1611328125
0.6475,3.4833984375,-5.205078125,-0.240234375
0.648,2.2822265625,-5.525390625,1.201171875
0.6485,1.2412109375,-5.765625,2.5224609375
0.649,0.48046875,-6.2861328125,3.7236328125
0.6495,-0.2001953125,-6.5263671875,4.6044921875
0.65,-1.041015625,-6.1259765625,5.0849609375
0.6505,-2.2021484375,-5.125,5.4052734375
0.651,-3.4033203125,-3.923828125,5.685546875
0.6515,-4.5244140625,-2.8427734375,5.92578125
0.652,-5.1650390625,-2.1220703125,6.166015625
0.6525,-5.3251953125,-1.5615234375,6.005859375
0.653,-5.1650390625,-0.720703125,5.3251953125
0.6535,-5.0048828125,0.3603515625,4.4443359375
0.654,-5.0048828125,1.7216796875,3.2431640625
0.6545,-5.0048828125,2.9228515625,2.3623046875
0.655,-5.044921875,3.763671875,1.76171875
0.6555,-4.5244140625,4.1240234375,1.0009765625
0.656,-3.68359375,4.484375,0.080078125
0.6565,-2.642578125,4.724609375,-1.44140625
0.657,-1.6015625,5.0849609375,-2.8427734375
0.6575,-0.9208984375,5.5654296875,-3.923828125
0.658,-0.3203125,5.7255859375,-4.724609375
0.6585,0.720703125,5.1650390625,-5.125
0.659,1.921875,4.244140625,-5.4853515625
0.6595,3.1630859375,3.0029296875,-5.765625
0.66,4.2041015625,2.001953125,-6.0458984375
0.6605,4.724609375,1.4814453125,-6.2861328125
0.661,4.8046875,0.7607421875,-6.005859375
0.6615,4.64453125,-0.2001953125,-5.2451171875
0.662,4.6044921875,-1.28125,-4.3642578125
0.6625,4.6044921875,-2.642578125,-3.203125
0.663,4.6845703125,-3.763671875,-2.40234375
0.6635,4.64453125,-4.5244140625,-1.76171875
0.664,3.9638671875,-4.8447265625,-0.9208984375
0.6645,3.04296875,-5.1650390625,0.240234375
0.665,1.921875,-5.525390625,1.6416015625
0.6655,1.0009765625,-5.9658203125,2.9228515625
0.666,0.4404296875,-6.40625,4.00390625
0.6665,-0.4404296875,-6.326171875,4.7646484375
0.667,-1.4814453125,-5.525390625,5.0849609375
0.6675,-2.72265625,-4.5244140625,5.4853515625
0.668,-3.9638671875,-3.283203125,5.765625
0.6685,-4.8447265625,-2.4423828125,6.0458984375
0.669,-5.205078125,-1.841796875,6.1259765625
0.6695,-5.1650390625,-1.1611328125,5.6455078125
0.67,-5.044921875,0.0,4.7646484375
0.6705,-5.0048828125,1.2412109375,3.68359375
0.671,-5.044921875,2.5224609375,2.642578125
0.6715,-5.125,3.5234375,1.921875
0.672,-4.64453125,4.083984375,1.12109375
0.6725,-3.9638671875,4.32421875,0.3203125
0.673,-2.962890625,4.64453125,-1.0009765625
0.6735,-1.8017578125,5.0048828125,-2.5224609375
0.674,-1.041015625,5.4453125,-3.7236328125
0.6745,-0.4404296875,5.8056640625,-4.64453125
0.675,0.5205078125,5.4052734375,-5.1650390625
0.6755,1.681640625,4.4443359375,-5.4453125
0.676,2.962890625,3.2431640625,-5.765625
0.6765,4.083984375,2.08203125,-6.0458984375
0.677,4.7646484375,1.4013671875,-6.24609375
0.6775,4.9248046875,0.7607421875,-6.1259765625
0.678,4.7646484375,0.0,-5.4052734375
0.6785,4.64453125,-1.1611328125,-4.5244140625
0.679,4.5244140625,-2.5625,-3.2431640625
0.6795,4.6044921875,-3.763671875,-2.322265625
0.68,4.6044921875,-4.724609375,-1.8017578125
0.6805,4.1240234375,-5.0048828125,-1.0009765625
0.681,3.1630859375,-5.205078125,0.1201171875
0.6815,2.08203125,-5.4453125,1.44140625
0.682,1.0009765625,-5.845703125,2.8427734375
0.6825,0.3203125,-6.2861328125,3.9638671875
0.683,-0.400390625,-6.40625,4.8046875
0.6835,-1.3212890625,-5.8056640625,5.205078125
0.684,-2.6025390625,-4.724609375,5.5654296875
0.6845,-3.8837890625,-3.443359375,5.765625
0.685,-4.8447265625,-2.4423828125,6.0458984375
0.6855,-5.4052734375,-1.841796875,6.24609375
0.686,-5.4052734375,-1.1611328125,5.8056640625
0.6865,-5.1650390625,-0.2001953125,4.9248046875
0.687,-5.125,1.0009765625,3.9638671875
0.6875,-5.044921875,2.482421875,2.72265625
0.688,-5.1650390625,3.5234375,1.9619140625
0.6885,-4.9248046875,4.1640625,1.2412109375
0.689,-4.2041015625,4.484375,0.400390625
0.6895,-3.1630859375,4.6845703125,-0.8408203125
0.69,-1.9619140625,5.044921875,-2.322265625
0.6905,-1.0009765625,5.4052734375,-3.6435546875
0.691,-0.400390625,5.845703125,-4.6845703125
0.6915,0.48046875,5.685546875,-5.28515625
0.692,1.5615234375,4.7646484375,-5.6455078125
0.6925,2.8427734375,3.603515625,-5.9658203125
0.693,4.1240234375,2.2421875,-6.166015625
0.6935,4.9248046875,1.3212890625,-6.326171875
0.694,5.2451171875,0.7607421875,-6.3662109375
0.6945,5.0849609375,0.0,-5.765625
0.695,4.8046875,-1.1611328125,-4.64453125
0.6955,4.724609375,-2.5224609375,-3.5234375
0.696,4.6044921875,-3.8837890625,-2.2822265625
0.6965,4.724609375,-4.8447265625,-1.6015625
0.697,4.32421875,-5.3251953125,-0.9208984375
0.6975,3.36328125,-5.4453125,0.16015625
0.698,2.2021484375,-5.6455078125,1.44140625
0.6985,0.9208984375,-5.92578125,3.04296875
0.699,0.1201171875,-6.3662109375,4.2041015625
0.6995,-0.6005859375,-6.6064453125,5.125
0.7,-1.4814453125,-6.1259765625,5.60546875
0.7005,-2.7626953125,-4.8447265625,5.845703125
0.701,-4.0439453125,-3.5634765625,6.0859375
0.7015,-5.1650390625,-2.3623046875,6.2861328125
0.702,-5.765625,-1.521484375,6.40625
0.7025,-5.845703125,-0.880859375,6.0859375
0.703,-5.60546875,0.1201171875,5.2451171875
0.7035,-5.3251953125,1.3212890625,4.00390625
0.704,-5.2451171875,2.8427734375,2.72265625
0.7045,-5.1650390625,4.00390625,1.5615234375
0.705,-5.0849609375,4.8046875,0.9208984375
0.7055,-4.32421875,5.044921875,0.080078125
0.706,-3.123046875,5.125,-1.2412109375
0.7065,-1.8017578125,5.4052734375,-2.72265625
0.707,-0.6005859375,5.6455078125,-4.244140625
0.7075,0.240234375,5.9658203125,-5.28515625
0.708,0.9208984375,5.92578125,-6.005859375
0.7085,1.9619140625,5.0048828125,-6.2861328125
0.709,3.4033203125,3.5634765625,-6.486328125
0.7095,4.6845703125,2.0419921875,-6.6064453125
0.71,5.5654296875,0.9609375,-6.7265625
0.7105,5.8857421875,0.2802734375,-6.6865234375
0.711,5.685546875,-0.640625,-5.9658203125
0.7115,5.3251953125,-1.681640625,-4.8447265625
0.712,5.0849609375,-3.04296875,-3.36328125
0.7125,4.8447265625,-4.564453125,-2.001953125
0.713,4.724609375,-5.5654296875,-1.0810546875
0.7135,4.4443359375,-6.1259765625,-0.400390625
0.714,3.4033203125,-6.1259765625,0.6005859375
0.7145,1.9619140625,-6.1259765625,2.001953125
0.715,0.560546875,-6.2861328125,3.603515625
0.7155,-0.6005859375,-6.56640625,4.9248046875
0.716,-1.201171875,-6.7666015625,5.8056640625
0.7165,-2.001953125,-6.326171875,6.326171875
0.717,-3.203125,-5.125,6.4462890625
0.7175,-4.564453125,-3.6435546875,6.646484375
0.718,-5.765625,-2.162109375,6.6865234375
0.7185,-6.3662109375,-1.1611328125,6.646484375
0.719,-6.486328125,-0.5205078125,6.486328125
0.7195,-6.1259765625,0.4404296875,5.5654296875
0.72,-5.60546875,1.7216796875,4.1240234375
0.7205,-5.4453125,3.123046875,2.72265625
0.721,-5.28515625,4.404296875,1.4013671875
0.7215,-5.0849609375,5.2451171875,0.6005859375
0.722,-4.484375,5.60546875,-0.240234375
0.7225,-3.3232421875,5.60546875,-1.28125
0.723,-1.8017578125,5.6455078125,-2.802734375
0.7235,-0.400390625,5.765625,-4.404296875
0.724,0.560546875,6.0458984375,-5.525390625
0.7245,1.12109375,6.2060546875,-6.3662109375
0.725,2.0419921875,5.4052734375,-6.6865234375
0.7255,3.4033203125,3.9638671875,-6.7666015625
0.726,4.64453125,2.5224609375,-6.9267578125
0.7265,5.7255859375,1.0810546875,-6.9267578125
0.727,6.166015625,0.240234375,-6.806640625
0.7275,6.1259765625,-0.6005859375,-6.4462890625
0.728,5.685546875,-1.5615234375,-5.4453125
0.7285,5.28515625,-2.8427734375,-3.923828125
0.729,5.044921875,-4.32421875,-2.4423828125
0.7295,4.884765625,-5.4853515625,-1.28125
0.73,4.64453125,-6.166015625,-0.5205078125
0.7305,3.84375,-6.3662109375,0.400390625
0.731,2.5224609375,-6.3662109375,1.5615234375
0.7315,1.0009765625,-6.40625,3.1630859375
0.732,-0.4404296875,-6.56640625,4.724609375
0.7325,-1.1611328125,-6.7666015625,5.685546875
0.733,-1.8017578125,-6.7265625,6.3662109375
0.7335,-2.8427734375,-5.7255859375,6.56640625
0.734,-4.2041015625,-4.2041015625,6.7265625
0.7345,-5.4453125,-2.6826171875,6.7666015625
0.735,-6.3662109375,-1.44140625,6.7265625
0.7355,-6.6064453125,-0.720703125,6.6865234375
0.736,-6.486328125,0.1201171875,6.0859375
0.7365,-5.9658203125,1.201171875,4.8046875
0.737,-5.6455078125,2.5224609375,3.283203125
0.7375,-5.4052734375,4.0439453125,1.841796875
0.738,-5.1650390625,5.0849609375,0.880859375
0.7385,-4.8447265625,5.6455078125,0.16015625
0.739,-3.84375,5.685546875,-0.8408203125
0.7395,-2.3623046875,5.6455078125,-2.2822265625
0.74,-0.9208984375,5.765625,-3.8837890625
0.7405,0.3203125,5.92578125,-5.205078125
0.741,0.9609375,6.2060546875,-6.1259765625
0.7415,1.7216796875,5.8056640625,-6.646484375
0.742,2.8427734375,4.6044921875,-6.806640625
0.7425,4.2041015625,3.123046875,-6.9267578125
0.743,5.4052734375,1.5615234375,-6.88671875
0.7435,6.0859375,0.48046875,-6.88671875
0.744,6.2861328125,-0.240234375,-6.7265625
0.7445,5.845703125,-1.0810546875,-5.8857421875
0.745,5.4052734375,-2.2421875,-4.484375
0.7455,5.125,-3.7236328125,-3.04296875
0.746,4.9248046875,-5.044921875,-1.681640625
0.7465,4.7646484375,-5.92578125,-0.80078125
0.747,4.244140625,-6.3662109375,0.0
0.7475,3.123046875,-6.3662109375,1.041015625
0.748,1.6416015625,-6.40625,2.482421875
0.7485,0.1201171875,-6.486328125,4.1240234375
0.749,-0.9208984375,-6.7265625,5.3251953125
0.7495,-1.44140625,-6.9267578125,6.166015625
0.75,-2.322265625,-6.2861328125,6.5263671875
0.7505,-3.68359375,-4.8447265625,6.6865234375
0.751,-4.96484375,-3.36328125,6.7666015625
0.7515,-6.0458984375,-1.9619140625,6.7666015625
0.752,-6.56640625,-1.12109375,6.6865234375
0.7525,-6.56640625,-0.3603515625,6.40625
0.753,-6.166015625,0.5205078125,5.28515625
0.7535,-5.765625,1.9619140625,4.00390625
0.754,-5.4453125,3.4833984375,2.40234375
0.7545,-5.3251953125,4.724609375,1.2412109375
0.755,-5.0849609375,5.4052734375,0.5205078125
0.7555,-4.32421875,5.6455078125,-0.400390625
0.756,-3.04296875,5.60546875,-1.6015625
0.7565,-1.6015625,5.7255859375,-3.123046875
0.757,-0.16015625,5.8056640625,-4.6845703125
0.7575,0.640625,6.0859375,-5.7255859375
0.758,1.28125,6.0859375,-6.40625
0.7585,2.2421875,5.1650390625,-6.6865234375
0.759,3.603515625,3.7236328125,-6.7666015625
0.7595,4.8447265625,2.2021484375,-6.806640625
0.76,5.7255859375,0.9609375,-6.806640625
0.7605,6.0859375,0.16015625,-6.806640625
0.761,5.8857421875,-0.6005859375,-6.1259765625
0.7615,5.4453125,-1.6015625,-5.125
0.762,5.1650390625,-2.8828125,-3.8037109375
0.7625,4.9248046875,-4.3642578125,-2.2822265625
0.763,4.8046875,-5.4453125,-1.2412109375
0.7635,4.5244140625,-6.0458984375,-0.6005859375
0.764,3.68359375,-6.1259765625,0.3603515625
0.7645,2.3623046875,-6.1259765625,1.5615234375
0.765,0.9208984375,-6.24609375,3.1630859375
0.7655,-0.3603515625,-6.4462890625,4.5244140625
0.766,-1.0009765625,-6.7265625,5.4853515625
0.7665,-1.6416015625,-6.56640625,6.0859375
0.767,-2.72265625,-5.525390625,6.2861328125
0.7675,-4.00390625,-4.1640625,6.486328125
0.768,-5.2451171875,-2.72265625,6.486328125
0.7685,-6.0458984375,-1.6416015625,6.6064453125
0.769,-6.2861328125,-1.1611328125,6.40625
0.7695,-6.0859375,-0.2802734375,5.8857421875
0.77,-5.685546875,0.9609375,4.6845703125
0.7705,-5.4453125,2.2822265625,3.36328125
0.771,-5.28515625,3.68359375,2.0419921875
0.7715,-5.205078125,4.6845703125,1.201171875
0.772,-4.8046875,5.205078125,0.48046875
0.7725,-3.8837890625,5.28515625,-0.560546875
0.773,-2.5625,5.4052734375,-1.921875
0.7735,-1.12109375,5.5654296875,-3.5234375
0.774,-0.16015625,5.8056640625,-4.7646484375
0.7745,0.5205078125,6.1259765625,-5.7255859375
0.775,1.3212890625,5.685546875,-6.166015625
0.7755,2.5224609375,4.484375,-6.326171875
0.776,3.763671875,3.123046875,-6.5263671875
0.7765,4.96484375,1.7216796875,-6.6064453125
0.777,5.4453125,0.720703125,-6.6064453125
0.7775,5.7255859375,0.240234375,-6.486328125
0.778,5.4453125,-0.640625,-5.765625
0.7785,5.0849609375,-1.841796875,-4.484375
0.779,4.884765625,-3.203125,-3.0830078125
0.7795,4.8046875,-4.5244140625,-1.9619140625
0.78,4.7646484375,-5.365234375,-1.2412109375
0.7805,4.1240234375,-5.7255859375,-0.48046875
0.781,3.123046875,-5.765625,0.6005859375
0.7815,1.8818359375,-5.92578125,1.9619140625
0.782,0.5205078125,-6.1259765625,3.5234375
0.7825,-0.3603515625,-6.4462890625,4.6044921875
0.783,-0.9208984375,-6.646484375,5.4453125
0.7835,-1.8017578125,-6.0458984375,5.8056640625
0.784,-3.04296875,-4.8046875,6.005859375
0.7845,-4.2841796875,-3.5234375,6.166015625
0.785,-5.205078125,-2.2822265625,6.24609375
0.7855,-5.8056640625,-1.6015625,6.4462890625
0.786,-5.8056640625,-0.9208984375,6.0458984375
0.7865,-5.525390625,0.0400390625,5.2451171875
0.787,-5.28515625,1.1611328125,4.1240234375
0.7875,-5.125,2.5625,2.7626953125
0.788,-5.125,3.763671875,1.841796875
0.7885,-5.0048828125,4.484375,1.1611328125
0.789,-4.3642578125,4.7646484375,0.400390625
0.7895,-3.203125,4.8447265625,-0.8408203125
0.79,-2.1220703125,5.125,-2.2021484375
0.7905,-0.9208984375,5.4052734375,-3.603515625
0.791,-0.3203125,5.8056640625,-4.64453125
0.7915,0.4404296875,5.8056640625,-5.4052734375
0.792,1.4013671875,5.0849609375,-5.765625
0.7925,2.6025390625,3.9638671875,-5.9658203125
0.793,3.84375,2.5224609375,-6.2861328125
0.7935,4.7646484375,1.6015625,-6.326171875
0.794,5.205078125,1.0009765625,-6.486328125
0.7945,5.1650390625,0.3603515625,-6.0458984375
0.795,4.8447265625,-0.6806640625,-5.125
0.7955,4.7646484375,-1.841796875,-4.1240234375
0.796,4.6845703125,-3.203125,-2.8828125
0.7965,4.724609375,-4.2841796875,-2.0419921875
0.797,4.564453125,-4.96484375,-1.4013671875
0.7975,3.84375,-5.205078125,-0.6005859375
0.798,2.802734375,-5.4052734375,0.6806640625
0.7985,1.5615234375,-5.6455078125,2.08203125
0.799,0.6806640625,-6.0859375,3.36328125
0.7995,0.080078125,-6.486328125,4.4443359375
0.8,-0.80078125,-6.3662109375,5.0849609375
0.8005,-1.8017578125,-5.4853515625,5.3251953125
0.801,-3.0830078125,-4.4443359375,5.765625
0.8015,-4.244140625,-3.203125,5.8857421875
0.802,-5.044921875,-2.2822265625,6.1259765625
0.8025,-5.4052734375,-1.76171875,6.166015625
0.803,-5.3251953125,-1.041015625,5.6455078125
0.8035,-5.125,0.0400390625,4.724609375
0.804,-5.044921875,1.3212890625,3.68359375
0.8045,-5.044921875,2.6025390625,2.6025390625
0.805,-5.125,3.5634765625,1.921875
0.8055,-4.7646484375,4.1240234375,1.2412109375
0.806,-4.00390625,4.404296875,0.3203125
0.8065,-3.0029296875,4.724609375,-1.0009765625
0.807,-1.841796875,5.0048828125,-2.4423828125
0.8075,-1.0810546875,5.4453125,-3.603515625
0.808,-0.48046875,5.765625,-4.6044921875
0.8085,0.48046875,5.4052734375,-5.125
0.809,1.6416015625,4.4443359375,-5.4853515625
0.8095,2.802734375,3.4033203125,-5.7255859375
0.81,3.8837890625,2.2822265625,-5.9658203125
0.8105,4.6044921875,1.5615234375,-6.24609375
0.811,4.8046875,0.9609375,-6.1259765625
0.8115,4.7646484375,0.240234375,-5.5654296875
0.812,4.6044921875,-0.880859375,-4.64453125
0.8125,4.564453125,-2.2021484375,-3.5634765625
0.813,4.6044921875,-3.4033203125,-2.642578125
0.8135,4.724609375,-4.32421875,-2.001953125
0.814,4.2041015625,-4.724609375,-1.28125
0.8145,3.4033203125,-5.0048828125,-0.2802734375
0.815,2.40234375,-5.365234375,1.0810546875
0.8155,1.3212890625,-5.765625,2.482421875
0.816,0.640625,-6.2861328125,3.603515625
0.8165,0.0,-6.486328125,4.484375
0.817,-1.12109375,-6.005859375,4.96484375
0.8175,-2.2021484375,-4.96484375,5.3251953125
0.818,-3.4833984375,-3.8037109375,5.60546875
0.8185,-4.5244140625,-2.802734375,5.8857421875
0.819,-5.0849609375,-2.2421875,6.2060546875
0.8195,-5.1650390625,-1.5615234375,5.8857421875
0.82,-5.0849609375,-0.640625,5.125
0.8205,-5.044921875,0.6005859375,4.244140625
0.821,-5.0048828125,1.921875,3.123046875
0.8215,-5.125,3.04296875,2.322265625
0.822,-5.0048828125,3.84375,1.6416015625
0.8225,-4.404296875,4.1240234375,0.880859375
0.823,-3.4033203125,4.484375,-0.4404296875
0.8235,-2.40234375,4.8447265625,-1.8017578125
0.824,-1.44140625,5.2451171875,-3.0830078125
0.8245,-0.80078125,5.7255859375,-4.1640625
0.825,0.0,5.6455078125,-4.8447265625
0.8255,1.12109375,4.884765625,-5.28515625
0.826,2.322265625,3.84375,-5.6455078125
0.8265,3.5634765625,2.6025390625,-5.92578125
0.827,4.484375,1.76171875,-6.1259765625
0.8275,4.8447265625,1.201171875,-6.2861328125
0.828,4.8046875,0.48046875,-5.765625
0.8285,4.64453125,-0.640625,-4.884765625
0.829,4.6044921875,-1.8818359375,-3.8837890625
0.8295,4.6044921875,-3.203125,-2.802734375
0.83,4.6845703125,-4.1640625,-2.08203125
0.8305,4.404296875,-4.7646484375,-1.361328125
0.831,3.6435546875,-5.044921875,-0.48046875
0.8315,2.6025390625,-5.3251953125,0.8408203125
0.832,1.44140625,-5.7255859375,2.2822265625
0.8325,0.6806640625,-6.1259765625,3.5234375
0.833,0.080078125,-6.56640625,4.4443359375
0.8335,-0.9208984375,-6.1259765625,5.044921875
0.834,-2.08203125,-5.125,5.365234375
0.8345,-3.36328125,-4.00390625,5.685546875
0.835,-4.5244140625,-2.8427734375,5.92578125
0.8355,-5.1650390625,-2.08203125,6.166015625
0.836,-5.4052734375,-1.44140625,6.005859375
0.8365,-5.2451171875,-0.640625,5.3251953125
0.837,-5.0849609375,0.560546875,4.3642578125
0.8375,-5.044921875,1.921875,3.1630859375
0.838,-5.0849609375,3.1630859375,2.2021484375
0.8385,-5.0849609375,4.00390625,1.521484375
0.839,-4.5244140625,4.404296875,0.7607421875
0.8395,-3.5234375,4.6044921875,-0.400390625
0.84,-2.4423828125,4.8447265625,-1.8017578125
0.8405,-1.28125,5.2451171875,-3.203125
0.841,-0.640625,5.6455078125,-4.32421875
0.8415,0.16015625,5.8056640625,-5.125
0.842,1.12109375,5.125,-5.525390625
0.8425,2.40234375,3.9638671875,-5.845703125
0.843,3.7236328125,2.642578125,-6.0859375
0.8435,4.6845703125,1.6015625,-6.2861328125
0.844,5.125,0.9609375,-6.40625
0.8445,5.125,0.2802734375,-5.9658203125
0.845,4.9248046875,-0.80078125,-5.0849609375
0.8455,4.7646484375,-1.9619140625,-3.9638671875
0.846,4.724609375,-3.36328125,-2.72265625
0.8465,4.724609375,-4.5244140625,-1.841796875
0.847,4.5244140625,-5.1650390625,-1.1611328125
0.8475,3.763671875,-5.3251953125,-0.3203125
0.848,2.6025390625,-5.5654296875,0.9609375
0.8485,1.3212890625,-5.845703125,2.482421875
0.849,0.3603515625,-6.24609375,3.763671875
0.8495,-0.3203125,-6.56640625,4.8046875
0.85,-1.12109375,-6.326171875,5.4052734375
0.8505,-2.2421875,-5.3251953125,5.685546875
0.851,-3.5634765625,-4.1640625,6.005859375
0.8515,-4.7646484375,-2.7626953125,6.1259765625
0.852,-5.525390625,-1.841796875,6.326171875
0.8525,-5.765625,-1.2412109375,6.2861328125
0.853,-5.6455078125,-0.5205078125,5.60546875
0.8535,-5.365234375,0.7607421875,4.484375
0.854,-5.205078125,2.162109375,3.203125
0.8545,-5.1650390625,3.4833984375,2.08203125
0.855,-5.125,4.404296875,1.28125
0.8555,-4.6845703125,4.884765625,0.560546875
0.856,-3.7236328125,4.96484375,-0.5205078125
0.8565,-2.4423828125,5.125,-1.9619140625
0.857,-1.1611328125,5.365234375,-3.5634765625
0.8575,-0.2802734375,5.8056640625,-4.6845703125
0.858,0.4404296875,6.0859375,-5.60546875
0.8585,1.361328125,5.4853515625,-6.0859375
0.859,2.72265625,4.1640625,-6.2861328125
0.8595,3.9638671875,2.802734375,-6.486328125
0.86,5.0849609375,1.521484375,-6.6064453125
0.8605,5.685546875,0.640625,-6.6865234375
0.861,5.7255859375,0.0,-6.3662109375
0.8615,5.4052734375,-1.0009765625,-5.4453125
0.862,5.0849609375,-2.2822265625,-4.1240234375
0.8625,4.884765625,-3.84375,-2.6025390625
0.863,4.8447265625,-5.0048828125,-1.5615234375
0.8635,4.6845703125,-5.765625,-0.880859375
0.864,3.8837890625,-6.0458984375,0.080078125
0.8645,2.6025390625,-6.1259765625,1.28125
0.865,1.1611328125,-6.24609375,2.8427734375
0.8655,0.0,-6.40625,4.32421875
0.866,-0.8408203125,-6.7265625,5.365234375
0.8665,-1.5615234375,-6.646484375,6.0859375
0.867,-2.6025390625,-5.685546875,6.3662109375
0.8675,-4.0439453125,-4.2041015625,6.56640625
0.868,-5.28515625,-2.642578125,6.6064453125
0.8685,-6.1259765625,-1.521484375,6.646484375
0.869,-6.4462890625,-0.80078125,6.6064453125
0.8695,-6.2861328125,0.1201171875,5.92578125
0.87,-5.8056640625,1.2412109375,4.64453125
0.8705,-5.525390625,2.5625,3.2431640625
0.871,-5.28515625,4.0439453125,1.841796875
0.8715,-5.125,5.044921875,0.880859375
0.872,-4.7646484375,5.4853515625,0.16015625
0.8725,-3.7236328125,5.5654296875,-0.9208984375
0.873,-2.2822265625,5.525390625,-2.3623046875
0.8735,-0.80078125,5.7255859375,-3.923828125
0.874,0.3203125,5.92578125,-5.205078125
0.8745,0.9609375,6.1259765625,-6.1259765625
0.875,1.76171875,5.7255859375,-6.6064453125
0.8755,2.962890625,4.484375,-6.7666015625
0.876,4.2841796875,3.0029296875,-6.9267578125
0.8765,5.4453125,1.4013671875,-6.88671875
0.877,6.0859375,0.400390625,-6.806640625
0.8775,6.2060546875,-0.3203125,-6.6865234375
0.878,5.845703125,-1.1611328125,-5.765625
0.8785,5.365234375,-2.4423828125,-4.32421875
0.879,5.0849609375,-3.8037109375,-2.8828125
0.8795,4.884765625,-5.125,-1.5615234375
0.88,4.6845703125,-6.005859375,-0.720703125
0.8805,4.1240234375,-6.3662109375,0.080078125
0.881,2.962890625,-6.3662109375,1.12109375
0.8815,1.4814453125,-6.3662109375,2.6025390625
0.882,0.0400390625,-6.4462890625,4.1640625
0.8825,-0.9208984375,-6.6865234375,5.3251953125
0.883,-1.44140625,-6.8466796875,6.1259765625
0.8835,-2.40234375,-6.1259765625,6.5263671875
0.884,-3.7236328125,-4.6845703125,6.6064453125
0.8845,-4.96484375,-3.283203125,6.6865234375
0.885,-6.005859375,-1.8818359375,6.7265625
0.8855,-6.486328125,-1.0009765625,6.6865234375
0.886,-6.4462890625,-0.3203125,6.3662109375
0.8865,-6.1259765625,0.640625,5.4052734375
0.887,-5.7255859375,1.9619140625,3.8837890625
0.8875,-5.4052734375,3.443359375,2.40234375
0.888,-5.28515625,4.6044921875,1.28125
0.8885,-5.0849609375,5.3251953125,0.560546875
0.889,-4.32421875,5.5654296875,-0.400390625
0.8895,-3.0029296875,5.5654296875,-1.5615234375
0.89,-1.6015625,5.7255859375,-3.0830078125
0.8905,-0.2001953125,5.8056640625,-4.64453125
0.891,0.6005859375,6.0859375,-5.685546875
0.8915,1.2412109375,6.0859375,-6.40625
0.892,2.2822265625,5.205078125,-6.6865234375
0.8925,3.68359375,3.68359375,-6.806640625
0.893,4.884765625,2.2021484375,-6.88671875
0.8935,5.765625,0.9609375,-6.9267578125
0.894,6.1259765625,0.240234375,-6.8466796875
0.8945,5.9658203125,-0.640625,-6.2861328125
0.895,5.60546875,-1.681640625,-5.125
0.8955,5.28515625,-3.0830078125,-3.7236328125
0.896,5.0048828125,-4.564453125,-2.1220703125
0.8965,4.884765625,-5.6455078125,-1.1611328125
0.897,4.5244140625,-6.2861328125,-0.5205078125
0.8975,3.6435546875,-6.326171875,0.560546875
0.898,2.2021484375,-6.326171875,1.921875
0.8985,0.6806640625,-6.4462890625,3.5234375
0.899,-0.6005859375,-6.6064453125,4.96484375
0.8995,-1.201171875,-6.88671875,5.8857421875
0.9,-1.9619140625,-6.56640625,6.40625
0.9005,-3.203125,-5.4052734375,6.6865234375
0.901,-4.564453125,-3.8837890625,6.8466796875
0.9015,-5.765625,-2.322265625,6.806640625
0.902,-6.486328125,-1.2412109375,6.8466796875
0.9025,-6.6865234375,-0.6005859375,6.6865234375
0.903,-6.3662109375,0.400390625,5.8056640625
0.9035,-5.92578125,1.681640625,4.404296875
0.904,-5.6455078125,3.0830078125,2.9228515625
0.9045,-5.4453125,4.484375,1.5615234375
0.905,-5.205078125,5.365234375,0.6005859375
0.9055,-4.64453125,5.7255859375,-0.240234375
0.906,-3.4833984375,5.765625,-1.28125
0.9065,-1.921875,5.8056640625,-2.8427734375
0.907,-0.400390625,5.8857421875,-4.484375
0.9075,0.6005859375,6.0859375,-5.6455078125
0.908,1.201171875,6.24609375,-6.4462890625
0.9085,2.08203125,5.525390625,-6.806640625
0.909,3.443359375,4.1240234375,-6.9267578125
0.9095,4.724609375,2.6025390625,-7.046875
0.91,5.765625,1.12109375,-7.0068359375
0.9105,6.24609375,0.2001953125,-6.88671875
0.911,6.24609375,-0.6005859375,-6.5263671875
0.9115,5.765625,-1.44140625,-5.525390625
0.912,5.365234375,-2.7626953125,-4.0439453125
0.9125,5.044921875,-4.244140625,-2.482421875
0.913,4.8046875,-5.4453125,-1.3212890625
0.9135,4.6044921875,-6.1259765625,-0.6005859375
0.914,3.8837890625,-6.326171875,0.3203125
0.9145,2.642578125,-6.2861328125,1.4013671875
0.915,1.1611328125,-6.3662109375,2.9228515625
0.9155,-0.3203125,-6.4462890625,4.484375
0.916,-1.0009765625,-6.6865234375,5.4453125
0.9165,-1.6015625,-6.7666015625,6.2060546875
0.917,-2.5625,-5.92578125,6.40625
0.9175,-3.8837890625,-4.484375,6.56640625
0.918,-5.0849609375,-3.0029296875,6.6064453125
0.9185,-6.005859375,-1.8017578125,6.646484375
0.919,-6.3662109375,-1.041015625,6.6064453125
0.9195,-6.24609375,-0.3603515625,6.1259765625
0.92,-5.845703125,0.6806640625,5.0849609375
0.9205,-5.525390625,1.921875,3.8037109375
0.921,-5.3251953125,3.3232421875,2.3623046875
0.9215,-5.205078125,4.484375,1.3212890625
0.922,-5.0048828125,5.125,0.640625
0.9225,-4.1640625,5.28515625,-0.2802734375
0.923,-2.9228515625,5.365234375,-1.4814453125
0.9235,-1.5615234375,5.5654296875,-3.0029296875
0.924,-0.3603515625,5.7255859375,-4.4443359375
0.9245,0.3603515625,6.0859375,-5.4453125
0.925,1.0009765625,6.005859375,-6.0859375
0.9255,2.0419921875,5.044921875,-6.326171875
0.926,3.36328125,3.7236328125,-6.5263671875
0.9265,4.6044921875,2.2421875,-6.6064453125
0.927,5.4453125,1.1611328125,-6.6865234375
0.9275,5.765625,0.560546875,-6.7265625
0.928,5.60546875,-0.3603515625,-6.1259765625
0.9285,5.2451171875,-1.44140625,-5.0048828125
0.929,5.044921875,-2.7626953125,-3.7236328125
0.9295,4.884765625,-4.083984375,-2.3623046875
0.93,4.8046875,-5.0849609375,-1.4814453125
0.9305,4.484375,-5.6455078125,-0.80078125
0.931,3.5634765625,-5.765625,0.2001953125
0.9315,2.322265625,-5.92578125,1.4814453125
0.932,0.9609375,-6.1259765625,3.04296875
0.9325,0.0,-6.40625,4.2841796875
0.933,-0.6806640625,-6.7265625,5.2451171875
0.9335,-1.4814453125,-6.3662109375,5.7255859375
0.934,-2.642578125,-5.2451171875,6.005859375
0.9345,-3.923828125,-3.9638671875,6.24609375
0.935,-5.0849609375,-2.6025390625,6.326171875
0.9355,-5.765625,-1.681640625,6.40625
0.936,-5.92578125,-1.1611328125,6.326171875
0.9365,-5.685546875,-0.400390625,5.60546875
0.937,-5.4453125,0.8408203125,4.4443359375
0.9375,-5.205078125,2.2421875,3.1630859375
0.938,-5.1650390625,3.5234375,2.0419921875
0.9385,-5.125,4.32421875,1.3212890625
0.939,-4.564453125,4.8046875,0.6005859375
0.9395,-3.603515625,4.9248046875,-0.5205078125
0.94,-2.4423828125,5.125,-1.841796875
0.9405,-1.12109375,5.365234375,-3.36328125
0.941,-0.3203125,5.7255859375,-4.484375
0.9415,0.2802734375,5.9658203125,-5.3251953125
0.942,1.1611328125,5.4052734375,-5.765625
0.9425,2.40234375,4.2841796875,-5.9658203125
0.943,3.603515625,3.0029296875,-6.166015625
0.9435,4.64453125,1.8017578125,-6.326171875
0.944,5.1650390625,1.0810546875,-6.486328125
0.9445,5.28515625,0.400390625,-6.24609375
0.945,5.044921875,-0.5205078125,-5.4853515625
0.9455,4.8447265625,-1.5615234375,-4.4443359375
0.946,4.724609375,-2.962890625,-3.0830078125
0.9465,4.724609375,-4.1240234375,-2.1220703125
0.947,4.6845703125,-4.9248046875,-1.521484375
0.9475,4.083984375,-5.2451171875,-0.7607421875
0.948,3.04296875,-5.4453125,0.4404296875
0.9485,1.921875,-5.7255859375,1.76171875
0.949,0.7607421875,-5.9658203125,3.1630859375
0.9495,0.16015625,-6.40625,4.2041015625
0.95,-0.6005859375,-6.486328125,5.0048828125
0.9505,-1.5615234375,-5.8056640625,5.365234375
0.951,-2.7626953125,-4.8046875,5.7255859375
0.9515,-4.00390625,-3.4833984375,5.8857421875
0.952,-4.96484375,-2.482421875,6.1259765625
0.9525,-5.4453125,-1.921875,6.326171875
0.953,-5.4453125,-1.2412109375,5.8857421875
0.9535,-5.2451171875,-0.2802734375,5.044921875
0.954,-5.125,0.9609375,4.083984375
0.9545,-5.0849609375,2.322265625,2.8828125
0.955,-5.125,3.443359375,2.0419921875
0.9555,-4.96484375,4.083984375,1.4013671875
0.956,-4.2841796875,4.404296875,0.6005859375
0.9565,-3.283203125,4.64453125,-0.640625
0.957,-2.1220703125,4.96484375,-2.08203125
0.9575,-1.2412109375,5.365234375,-3.36328125
0.958,-0.6005859375,5.8056640625,-4.3642578125
0.9585,0.240234375,5.7255859375,-5.044921875
0.959,1.28125,4.8447265625,-5.4052734375
0.9595,2.482421875,3.8837890625,-5.765625
0.96,3.7236328125,2.5625,-5.9658203125
0.9605,4.5244140625,1.681640625,-6.2060546875
0.961,4.8447265625,1.1611328125,-6.3662109375
0.9615,4.8447265625,0.48046875,-5.845703125
0.962,4.6845703125,-0.6005859375,-4.96484375
0.9625,4.6044921875,-1.841796875,-3.8837890625
0.963,4.6044921875,-3.123046875,-2.8828125
0.9635,4.724609375,-4.083984375,-2.2021484375
0.964,4.484375,-4.6845703125,-1.521484375
0.9645,3.68359375,-4.96484375,-0.640625
0.965,2.72265625,-5.28515625,0.6806640625
0.9655,1.5615234375,-5.6455078125,2.1220703125
0.966,0.80078125,-6.1259765625,3.3232421875
0.9665,0.240234375,-6.486328125,4.2841796875
0.967,-0.6806640625,-6.2060546875,4.8447265625
0.9675,-1.8818359375,-5.28515625,5.2451171875
0.968,-3.0830078125,-4.244140625,5.5654296875
0.9685,-4.2041015625,-3.123046875,5.845703125
0.969,-5.0048828125,-2.40234375,6.0859375
0.9695,-5.205078125,-1.7216796875,6.0458984375
0.97,-5.125,-1.0009765625,5.4453125
0.9705,-5.0849609375,0.2001953125,4.6044921875
0.971,-5.0048828125,1.5615234375,3.443359375
0.9715,-5.0849609375,2.7626953125,2.5224609375
0.972,-5.125,3.6435546875,1.921875
0.9725,-4.64453125,4.1240234375,1.12109375
0.973,-3.763671875,4.404296875,0.080078125
0.9735,-2.7626953125,4.7646484375,-1.3212890625
0.974,-1.6416015625,5.1650390625,-2.72265625
0.9745,-1.0009765625,5.60546875,-3.8837890625
0.975,-0.3203125,5.8056640625,-4.7646484375
0.9755,0.720703125,5.2451171875,-5.205078125
0.976,1.9619140625,4.2041015625,-5.60546875
0.9765,3.2431640625,2.9228515625,-5.8056640625
0.977,4.2041015625,1.921875,-6.1259765625
0.9775,4.8046875,1.4013671875,-6.3662109375
0.978,4.8447265625,0.6806640625,-5.9658203125
0.9785,4.724609375,-0.3203125,-5.205078125
0.979,4.6845703125,-1.44140625,-4.2841796875
0.9795,4.6044921875,-2.8427734375,-3.0830078125
0.98,4.64453125,-3.8837890625,-2.2822265625
0.9805,4.6044921875,-4.64453125,-1.6416015625
0.981,3.9638671875,-5.0048828125,-0.80078125
0.9815,2.9228515625,-5.205078125,0.4404296875
0.982,1.841796875,-5.525390625,1.8017578125
0.9825,0.9208984375,-5.9658203125,3.123046875
0.983,0.2802734375,-6.4462890625,4.1640625
0.9835,-0.6005859375,-6.2861328125,4.8447265625
0.984,-1.6416015625,-5.525390625,5.2451171875
0.9845,-2.8828125,-4.5244140625,5.60546875
0.985,-4.1640625,-3.203125,5.8056640625
0.9855,-4.96484375,-2.2822265625,6.0859375
0.986,-5.3251953125,-1.76171875,6.166015625
0.9865,-5.28515625,-1.041015625,5.685546875
0.987,-5.125,0.1201171875,4.64453125
0.9875,-5.044921875,1.3212890625,3.6435546875
0.988,-5.044921875,2.642578125,2.5625
0.9885,-5.0849609375,3.6435546875,1.841796875
0.989,-4.7646484375,4.1640625,1.1611328125
0.9895,-3.9638671875,4.484375,0.240234375
0.99,-2.9228515625,4.7646484375,-1.12109375
0.9905,-1.7216796875,5.0849609375,-2.6025390625
0.991,-0.9609375,5.4853515625,-3.8037109375
0.9915,-0.3603515625,5.8857421875,-4.7646484375
0.992,0.6005859375,5.4453125,-5.28515625
0.9925,1.841796875,4.404296875,-5.6455078125
0.993,3.04296875,3.2431640625,-5.92578125
0.9935,4.2041015625,2.08203125,-6.166015625
0.994,4.884765625,1.3212890625,-6.3662109375
0.9945,5.0849609375,0.6806640625,-6.24609375
0.995,4.96484375,-0.16015625,-5.5654296875
0.9955,4.8046875,-1.28125,-4.5244140625
0.996,4.64453125,-2.6826171875,-3.2431640625
0.9965,4.724609375,-3.8837890625,-2.322265625
0.997,4.724609375,-4.7646484375,-1.6416015625
0.9975,4.1240234375,-5.1650390625,-0.880859375
0.998,3.1630859375,-5.365234375,0.3203125
0.9985,2.0419921875,-5.6455078125,1.6416015625
0.999,0.880859375,-5.9658203125,3.123046875
0.9995,0.16015625,-6.40625,4.2841796875
