wavelength,x,y,z
0.0,-11.7314453125,10.970703125,0.3603515625
0.0005,-10.169921875,11.37109375,-1.8017578125
0.001,-9.689453125,11.5712890625,-2.5224609375
0.0015,-7.84765625,11.6513671875,-4.564453125
0.002,-4.6845703125,10.810546875,-6.806640625
0.0025,-2.0419921875,10.4501953125,-9.12890625
0.003,0.6806640625,10.2099609375,-11.4111328125
0.0035,2.2822265625,8.80859375,-11.5712890625
0.004,3.1630859375,8.568359375,-12.2119140625
0.0045,6.005859375,5.845703125,-12.251953125
0.005,8.0078125,3.1630859375,-11.53125
0.0055,11.0107421875,0.16015625,-11.53125
0.006,12.4921875,-2.322265625,-10.5302734375
0.0065,12.4521484375,-3.4833984375,-9.369140625
0.007,13.0126953125,-5.0849609375,-8.2880859375
0.0075,12.4921875,-7.6875,-5.1650390625
0.008,11.771484375,-9.369140625,-2.7626953125
0.0085,11.8115234375,-11.9716796875,-0.2001953125
0.009,10.08984375,-12.1318359375,1.841796875
0.0095,9.2490234375,-12.0517578125,2.5224609375
0.01,6.966796875,-11.8916015625,4.8447265625
0.0105,3.84375,-10.9306640625,7.046875
0.011,1.2412109375,-10.5703125,9.2890625
0.0115,-1.3212890625,-10.169921875,11.3310546875
0.012,-2.8427734375,-8.6884765625,11.2109375
0.0125,-3.923828125,-7.9677734375,11.611328125
0.013,-6.966796875,-4.96484375,11.5712890625
0.0135,-8.8486328125,-2.322265625,10.7705078125
0.014,-11.4912109375,0.4404296875,10.73046875
0.0145,-12.65234375,2.6025390625,9.6494140625
0.015,-12.5322265625,3.8037109375,8.328125
0.0155,-12.8125,5.60546875,6.8466796875
0.016,-12.2919921875,8.16796875,3.763671875
0.0165,-11.53125,9.689453125,1.4013671875
0.017,-11.53125,11.9716796875,-1.0009765625
0.0175,-9.689453125,11.8515625,-2.8828125
0.018,-8.6484375,11.69140625,-3.7236328125
0.0185,-6.0458984375,11.6513671875,-6.326171875
0.019,-3.0830078125,10.73046875,-8.328125
0.0195,-0.6005859375,10.3701171875,-10.4501953125
0.02,1.841796875,9.849609375,-12.2119140625
0.0205,3.283203125,8.2880859375,-12.0517578125
0.021,4.7646484375,7.0869140625,-12.2919921875
0.0215,7.9677734375,3.923828125,-12.2919921875
0.022,9.689453125,1.2412109375,-11.2509765625
0.0225,12.01171875,-1.1611328125,-11.2509765625
0.023,12.97265625,-3.3232421875,-10.0498046875
0.0235,12.732421875,-4.64453125,-8.408203125
0.024,12.8125,-6.6865234375,-6.56640625
0.0245,12.33203125,-9.1689453125,-3.5634765625
0.025,11.37109375,-10.490234375,-1.3212890625
0.0255,11.4111328125,-12.4521484375,0.7607421875
0.026,9.2890625,-12.1318359375,2.6826171875
0.0265,7.84765625,-11.7314453125,3.763671875
0.027,4.96484375,-11.611328125,6.56640625
0.0275,2.162109375,-10.650390625,8.4482421875
0.028,-0.16015625,-10.25,10.25
0.0285,-2.322265625,-9.689453125,11.8115234375
0.029,-3.923828125,-7.767578125,11.4912109375
0.0295,-5.7255859375,-6.166015625,11.53125
0.03,-8.8486328125,-3.0830078125,11.4912109375
0.0305,-10.330078125,-0.3603515625,10.2900390625
0.031,-12.251953125,1.5615234375,10.330078125
0.0315,-12.97265625,3.6435546875,8.96875
0.032,-12.4921875,5.0048828125,7.0869140625
0.0325,-12.4921875,7.20703125,4.9248046875
0.033,-12.0517578125,9.609375,2.0419921875
0.0335,-10.9306640625,10.5302734375,-0.2001953125
0.034,-10.970703125,12.2919921875,-1.8818359375
0.0345,-8.6083984375,11.8515625,-3.8837890625
0.035,-6.9267578125,11.3310546875,-5.125
0.0355,-4.00390625,11.291015625,-7.9677734375
0.036,-1.28125,10.2900390625,-9.7294921875
0.0365,0.6806640625,9.9296875,-11.1708984375
0.037,2.72265625,9.208984375,-12.4921875
0.0375,4.5244140625,7.0869140625,-12.1318359375
0.038,6.5263671875,5.0849609375,-12.01171875
0.0385,9.609375,2.001953125,-12.01171875
0.039,10.9306640625,-0.80078125,-10.5703125
0.0395,12.5322265625,-2.2021484375,-10.7705078125
0.04,12.97265625,-4.2841796875,-9.048828125
0.0405,12.3720703125,-5.8056640625,-6.9267578125
0.041,12.3720703125,-8.2080078125,-4.64453125
0.0415,11.8115234375,-10.4501953125,-1.921875
0.042,10.6904296875,-10.970703125,0.080078125
0.0425,10.6103515625,-12.3720703125,1.5615234375
0.043,7.927734375,-11.69140625,3.68359375
0.0435,6.0458984375,-11.0908203125,5.044921875
0.044,3.1630859375,-11.0908203125,7.84765625
0.0445,0.48046875,-9.9697265625,9.4091796875
0.045,-1.1611328125,-9.6494140625,10.6103515625
0.0455,-3.1630859375,-8.728515625,11.6513671875
0.046,-5.0048828125,-6.4462890625,11.130859375
0.0465,-7.1669921875,-4.1640625,10.970703125
0.047,-10.08984375,-1.28125,10.9306640625
0.0475,-10.970703125,1.1611328125,9.44921875
0.048,-12.33203125,2.2421875,9.76953125
0.0485,-12.4521484375,4.2841796875,7.6875
0.049,-11.8515625,5.8857421875,5.5654296875
0.0495,-11.9716796875,8.3681640625,3.123046875
0.05,-11.2509765625,10.3701171875,0.48046875
0.0505,-10.25,10.810546875,-1.12109375
0.051,-9.9697265625,11.8916015625,-2.5224609375
0.0515,-7.126953125,11.130859375,-4.6044921875
0.052,-5.125,10.6103515625,-6.166015625
0.0525,-2.40234375,10.6904296875,-9.0087890625
0.053,0.2001953125,9.44921875,-10.25
0.0535,1.4013671875,9.369140625,-11.3310546875
0.054,3.443359375,8.1279296875,-12.0517578125
0.0545,5.3251953125,5.8056640625,-11.53125
0.055,7.927734375,3.1630859375,-11.451171875
0.0555,10.5703125,0.2802734375,-11.2109375
0.056,11.2109375,-1.76171875,-9.8896484375
0.0565,12.412109375,-2.6025390625,-10.0498046875
0.057,12.2919921875,-4.96484375,-7.7275390625
0.0575,11.69140625,-6.7265625,-5.4453125
0.058,11.8916015625,-9.2890625,-3.0029296875
0.0585,10.9306640625,-10.7705078125,-0.48046875
0.059,10.08984375,-11.05078125,0.80078125
0.0595,9.4091796875,-11.8115234375,2.2421875
0.06,6.4462890625,-10.890625,4.3642578125
0.0605,4.2841796875,-10.5302734375,6.2060546875
0.061,1.5615234375,-10.5703125,8.9287109375
0.0615,-0.7607421875,-9.2490234375,9.849609375
0.062,-1.841796875,-9.1689453125,10.7705078125
0.0625,-3.8837890625,-7.52734375,11.1708984375
0.063,-5.92578125,-5.0048828125,10.5703125
0.0635,-8.6484375,-2.3623046875,10.6103515625
0.064,-10.9306640625,0.4404296875,10.169921875
0.0645,-11.2509765625,1.921875,9.0087890625
0.065,-12.2119140625,2.802734375,8.96875
0.0655,-11.9716796875,5.205078125,6.40625
0.066,-11.4111328125,7.046875,3.9638671875
0.0665,-11.69140625,9.76953125,1.521484375
0.067,-10.4501953125,10.8505859375,-0.9208984375
0.0675,-9.76953125,11.0107421875,-1.8017578125
0.068,-8.6884765625,11.451171875,-3.4033203125
0.0685,-5.6455078125,10.6103515625,-5.6455078125
0.069,-3.283203125,10.25,-7.6875
0.0695,-0.640625,10.2099609375,-10.25
0.07,1.4013671875,8.888671875,-10.8505859375
0.0705,2.2421875,8.888671875,-11.5712890625
0.071,4.564453125,6.7666015625,-11.8115234375
0.0715,6.6865234375,4.1640625,-11.2509765625
0.072,9.5693359375,1.28125,-11.2509765625
0.0725,11.53125,-1.28125,-10.650390625
0.073,11.6513671875,-2.5625,-9.529296875
0.0735,12.412109375,-3.7236328125,-9.0888671875
0.074,12.091796875,-6.2861328125,-6.166015625
0.0745,11.4912109375,-8.087890625,-3.8037109375
0.075,11.6513671875,-10.7705078125,-1.28125
0.0755,10.3701171875,-11.4111328125,0.880859375
0.076,9.529296875,-11.3310546875,1.6416015625
0.0765,7.9677734375,-11.53125,3.4833984375
0.077,4.8046875,-10.650390625,5.765625
0.0775,2.322265625,-10.330078125,7.927734375
0.078,-0.3203125,-10.2099609375,10.2900390625
0.0785,-1.9619140625,-8.8486328125,10.5703125
0.079,-2.8427734375,-8.4482421875,11.0107421875
0.0795,-5.4853515625,-5.9658203125,11.130859375
0.08,-7.5673828125,-3.36328125,10.5302734375
0.0805,-10.25,-0.6005859375,10.490234375
0.081,-11.8916015625,1.6416015625,9.8095703125
0.0815,-11.8115234375,2.8427734375,8.48828125
0.082,-12.2919921875,4.2841796875,7.6474609375
0.0825,-11.931640625,6.966796875,4.6044921875
0.083,-11.3310546875,8.6083984375,2.3623046875
0.0835,-11.4111328125,11.05078125,0.0
0.084,-9.9697265625,11.451171875,-2.001953125
0.0845,-9.0087890625,11.2109375,-2.802734375
0.085,-6.9267578125,11.2509765625,-4.96484375
0.0855,-3.9638671875,10.490234375,-7.20703125
0.086,-1.44140625,10.1298828125,-9.3291015625
0.0865,0.9609375,9.9296875,-11.4111328125
0.087,2.482421875,8.4482421875,-11.451171875
0.0875,3.5234375,7.8076171875,-11.7314453125
0.088,6.5263671875,4.884765625,-11.8515625
0.0885,8.4482421875,2.2421875,-11.0908203125
0.089,10.9306640625,-0.4404296875,-11.05078125
0.0895,12.2919921875,-2.482421875,-10.25
0.09,12.091796875,-3.763671875,-8.80859375
0.0905,12.33203125,-5.4052734375,-7.4072265625
0.091,11.9716796875,-7.9677734375,-4.404296875
0.0915,11.2509765625,-9.369140625,-2.2822265625
0.092,11.3310546875,-11.53125,0.0
0.0925,9.609375,-11.5712890625,1.8017578125
0.093,8.408203125,-11.2509765625,2.6826171875
0.0935,5.9658203125,-11.2109375,5.1650390625
0.094,3.1630859375,-10.41015625,7.20703125
0.0945,0.80078125,-10.0498046875,9.1689453125
0.095,-1.44140625,-9.689453125,10.9306640625
0.0955,-2.8828125,-8.16796875,10.810546875
0.096,-4.244140625,-7.0068359375,10.970703125
0.0965,-7.3671875,-4.00390625,11.0107421875
0.097,-9.048828125,-1.4814453125,10.169921875
0.0975,-11.2109375,0.6806640625,10.1298828125
0.098,-12.2119140625,2.5625,9.1689453125
0.0985,-11.8916015625,3.923828125,7.5673828125
0.099,-12.0517578125,5.8857421875,5.8056640625
0.0995,-11.6513671875,8.2880859375,3.0029296875
0.1,-10.8505859375,9.5693359375,0.9208984375
0.1005,-10.890625,11.451171875,-1.0009765625
0.101,-9.0087890625,11.2509765625,-2.8427734375
0.1015,-7.6474609375,10.890625,-3.84375
0.102,-4.96484375,10.8505859375,-6.56640625
0.1025,-2.2822265625,10.08984375,-8.48828125
0.103,-0.2802734375,9.76953125,-10.1298828125
0.1035,1.841796875,9.2890625,-11.69140625
0.104,3.443359375,7.607421875,-11.53125
0.1045,5.0849609375,6.005859375,-11.53125
0.105,8.248046875,2.9228515625,-11.611328125
0.1055,9.76953125,0.3203125,-10.490234375
0.106,11.5712890625,-1.44140625,-10.6103515625
0.1065,12.33203125,-3.3232421875,-9.369140625
0.107,11.8515625,-4.724609375,-7.52734375
0.1075,11.8916015625,-6.8466796875,-5.4453125
0.108,11.5712890625,-9.12890625,-2.7626953125
0.1085,10.6103515625,-10.08984375,-0.8408203125
0.109,10.6904296875,-11.69140625,0.80078125
0.1095,8.408203125,-11.2509765625,2.72265625
0.11,6.7666015625,-10.7705078125,3.84375
0.1105,4.0439453125,-10.7705078125,6.646484375
0.111,1.4814453125,-9.8896484375,8.3681640625
0.1115,-0.3603515625,-9.609375,9.76953125
0.112,-2.322265625,-8.96875,11.05078125
0.1125,-3.9638671875,-6.966796875,10.650390625
0.113,-5.92578125,-5.044921875,10.6103515625
0.1135,-8.888671875,-2.2021484375,10.650390625
0.114,-10.1298828125,0.2802734375,9.4091796875
0.1145,-11.69140625,1.5615234375,9.7294921875
0.115,-12.091796875,3.5234375,8.16796875
0.1155,-11.53125,4.96484375,6.166015625
0.116,-11.611328125,7.3271484375,3.9638671875
0.1165,-11.1708984375,9.44921875,1.361328125
0.117,-10.2099609375,10.1298828125,-0.400390625
0.1175,-10.2099609375,11.4912109375,-1.8818359375
0.118,-7.7275390625,10.8505859375,-3.8037109375
0.1185,-5.8857421875,10.41015625,-5.1650390625
0.119,-3.1630859375,10.490234375,-7.9677734375
0.1195,-0.640625,9.44921875,-9.44921875
0.12,0.880859375,9.3291015625,-10.73046875
0.1205,2.72265625,8.4482421875,-11.69140625
0.121,4.484375,6.326171875,-11.291015625
0.1215,6.806640625,3.923828125,-11.2509765625
0.122,9.6494140625,1.0810546875,-11.1708984375
0.1225,10.6103515625,-1.1611328125,-9.849609375
0.123,11.9716796875,-2.162109375,-10.2099609375
0.1235,12.1318359375,-4.244140625,-8.2880859375
0.124,11.53125,-5.845703125,-6.0458984375
0.1245,11.6513671875,-8.328125,-3.7236328125
0.125,11.0107421875,-10.169921875,-1.1611328125
0.1255,10.08984375,-10.6103515625,0.3203125
0.126,9.8095703125,-11.611328125,1.6416015625
0.1265,7.046875,-10.8505859375,3.68359375
0.127,4.96484375,-10.3701171875,5.3251953125
0.1275,2.2822265625,-10.490234375,8.087890625
0.128,-0.16015625,-9.2890625,9.2890625
0.1285,-1.361328125,-9.2490234375,10.3701171875
0.129,-3.283203125,-8.0078125,11.0107421875
0.1295,-5.205078125,-5.6455078125,10.490234375
0.13,-7.7275390625,-3.1630859375,10.4501953125
0.1305,-10.2900390625,-0.3603515625,10.2099609375
0.131,-10.890625,1.521484375,9.0087890625
0.1315,-12.01171875,2.3623046875,9.2490234375
0.132,-11.8916015625,4.564453125,6.966796875
0.1325,-11.291015625,6.40625,4.5244140625
0.133,-11.53125,9.0087890625,2.162109375
0.1335,-10.5703125,10.4501953125,-0.3603515625
0.134,-9.8095703125,10.73046875,-1.44140625
0.1345,-9.1689453125,11.451171875,-2.8828125
0.135,-6.24609375,10.5703125,-5.0048828125
0.1355,-3.923828125,10.2099609375,-6.9267578125
0.136,-1.3212890625,10.2900390625,-9.6494140625
0.1365,0.9609375,8.96875,-10.4501953125
0.137,1.841796875,8.96875,-11.37109375
0.1375,3.8837890625,7.3271484375,-11.7314453125
0.138,5.9658203125,4.7646484375,-11.2509765625
0.1385,8.80859375,1.9619140625,-11.1708984375
0.139,11.0908203125,-0.7607421875,-10.73046875
0.1395,11.37109375,-2.2021484375,-9.5693359375
0.14,12.2919921875,-3.1630859375,-9.4892578125
0.1405,12.01171875,-5.60546875,-6.806640625
0.141,11.4111328125,-7.4072265625,-4.3642578125
0.1415,11.6513671875,-10.1298828125,-1.8818359375
0.142,10.490234375,-11.0908203125,0.4404296875
0.1425,9.6494140625,-11.1708984375,1.28125
0.143,8.568359375,-11.53125,2.8427734375
0.1435,5.4853515625,-10.650390625,5.125
0.144,3.0029296875,-10.25,7.1669921875
0.1445,0.4404296875,-10.2099609375,9.7294921875
0.145,-1.6015625,-8.9287109375,10.2099609375
0.1455,-2.3623046875,-8.80859375,10.810546875
0.146,-4.64453125,-6.7265625,10.970703125
0.1465,-6.806640625,-4.00390625,10.41015625
0.147,-9.5693359375,-1.2412109375,10.41015625
0.1475,-11.451171875,1.2412109375,9.8896484375
0.148,-11.53125,2.4423828125,8.6884765625
0.1485,-12.171875,3.5634765625,8.248046875
0.149,-11.8515625,6.1259765625,5.365234375
0.1495,-11.2509765625,7.927734375,2.962890625
0.15,-11.4111328125,10.5302734375,0.48046875
0.1505,-10.08984375,11.130859375,-1.6015625
0.151,-9.3291015625,11.0908203125,-2.322265625
0.1515,-7.7275390625,11.2109375,-4.1640625
0.152,-4.64453125,10.41015625,-6.40625
0.1525,-2.1220703125,10.08984375,-8.6484375
0.153,0.4404296875,9.9296875,-10.9306640625
0.1535,1.9619140625,8.6083984375,-11.1708984375
0.154,2.8427734375,8.2880859375,-11.6513671875
0.1545,5.60546875,5.7255859375,-11.7314453125
0.155,7.6474609375,3.123046875,-11.0908203125
0.1555,10.330078125,0.3603515625,-11.05078125
0.156,11.8916015625,-1.9619140625,-10.3701171875
0.1565,11.8916015625,-3.1630859375,-9.12890625
0.157,12.2919921875,-4.6044921875,-8.087890625
0.1575,11.9716796875,-7.2470703125,-5.125
0.158,11.3310546875,-8.80859375,-2.8828125
0.1585,11.4111328125,-11.2509765625,-0.5205078125
0.159,9.9296875,-11.53125,1.4013671875
0.1595,8.96875,-11.2509765625,2.2021484375
0.16,6.806640625,-11.291015625,4.404296875
0.1605,3.84375,-10.5302734375,6.646484375
0.161,1.4013671875,-10.2099609375,8.6884765625
0.1615,-1.041015625,-9.9296875,10.73046875
0.162,-2.5625,-8.5283203125,10.73046875
0.1625,-3.603515625,-7.6474609375,10.970703125
0.163,-6.6064453125,-4.7646484375,11.05078125
0.1635,-8.48828125,-2.2021484375,10.2900390625
0.164,-10.8505859375,0.2802734375,10.2099609375
0.1645,-12.1318359375,2.2421875,9.44921875
0.165,-11.8916015625,3.5634765625,7.9677734375
0.1655,-12.1318359375,5.2451171875,6.5263671875
0.166,-11.771484375,7.8076171875,3.603515625
0.1665,-10.970703125,9.208984375,1.4013671875
0.167,-11.05078125,11.291015625,-0.720703125
0.1675,-9.369140625,11.3310546875,-2.5224609375
0.168,-8.16796875,11.0107421875,-3.443359375
0.1685,-5.7255859375,10.9306640625,-5.92578125
0.169,-2.8828125,10.1298828125,-7.9677734375
0.1695,-0.6806640625,9.7294921875,-9.76953125
0.17,1.521484375,9.4091796875,-11.53125
0.1705,2.962890625,7.927734375,-11.4111328125
0.171,4.404296875,6.6865234375,-11.53125
0.1715,7.4072265625,3.7236328125,-11.53125
0.172,9.12890625,1.12109375,-10.5703125
0.1725,11.1708984375,-1.0009765625,-10.5703125
0.173,12.1318359375,-2.8828125,-9.609375
0.1735,11.771484375,-4.1640625,-8.0078125
0.174,11.8115234375,-6.0458984375,-6.166015625
0.1745,11.4912109375,-8.328125,-3.4833984375
0.175,10.6103515625,-9.529296875,-1.4814453125
0.1755,10.73046875,-11.291015625,0.3203125
0.176,8.80859375,-11.05078125,2.08203125
0.1765,7.52734375,-10.650390625,3.04296875
0.177,4.8447265625,-10.6103515625,5.685546875
0.1775,2.2822265625,-9.849609375,7.447265625
0.178,0.3203125,-9.6494140625,9.0888671875
0.1785,-1.681640625,-9.048828125,10.5302734375
0.179,-3.0830078125,-7.447265625,10.25
0.1795,-4.7646484375,-5.845703125,10.3701171875
0.18,-7.6474609375,-3.0830078125,10.3701171875
0.1805,-9.12890625,-0.6806640625,9.4091796875
0.181,-10.890625,0.9609375,9.609375
0.1815,-11.4912109375,2.7626953125,8.3681640625
0.182,-11.1708984375,3.923828125,6.8466796875
0.1825,-11.2509765625,6.1259765625,4.8046875
0.183,-10.890625,8.2080078125,2.322265625
0.1835,-10.169921875,9.2490234375,0.5205078125
0.184,-10.169921875,10.7705078125,-1.1611328125
0.1845,-8.2080078125,10.3701171875,-2.7626953125
0.185,-6.7265625,10.08984375,-3.9638671875
0.1855,-4.1240234375,10.08984375,-6.6865234375
0.186,-1.76171875,9.2490234375,-8.2880859375
0.1865,0.0,9.2890625,-9.849609375
0.187,1.8818359375,8.568359375,-10.890625
0.1875,3.3232421875,6.966796875,-10.7705078125
0.188,5.4453125,4.96484375,-10.8505859375
0.1885,8.248046875,2.2421875,-10.8505859375
0.189,9.5693359375,-0.2001953125,-9.76953125
0.1895,11.2109375,-1.44140625,-10.169921875
0.19,11.53125,-3.283203125,-8.568359375
0.1905,11.1708984375,-4.6845703125,-6.8466796875
0.191,11.3310546875,-7.0869140625,-4.6044921875
0.1915,10.8505859375,-9.0087890625,-2.1220703125
0.192,10.08984375,-9.8095703125,-0.6005859375
0.1925,9.9296875,-11.0908203125,0.9609375
0.193,7.607421875,-10.5302734375,2.7626953125
0.1935,5.845703125,-10.25,4.2041015625
0.194,3.203125,-10.2900390625,6.9267578125
0.1945,0.80078125,-9.2890625,8.3681640625
0.195,-0.6806640625,-9.2890625,9.7294921875
0.1955,-2.6025390625,-8.248046875,10.5703125
0.196,-4.244140625,-6.2861328125,10.2099609375
0.1965,-6.646484375,-3.923828125,10.25
0.197,-9.2890625,-1.2412109375,10.169921875
0.1975,-10.25,0.9208984375,8.96875
0.198,-11.611328125,1.8818359375,9.369140625
0.1985,-11.69140625,3.9638671875,7.3671875
0.199,-11.2109375,5.60546875,5.2451171875
0.1995,-11.4111328125,8.16796875,2.8828125
0.2,-10.6103515625,9.849609375,0.3603515625
0.2005,-9.8896484375,10.3701171875,-1.0009765625
0.201,-9.4892578125,11.2509765625,-2.40234375
0.2015,-6.7666015625,10.5302734375,-4.4443359375
0.202,-4.6845703125,10.08984375,-6.2060546875
0.2025,-2.0419921875,10.25,-8.9287109375
0.203,0.400390625,9.0087890625,-9.9697265625
0.2035,1.4814453125,9.0888671875,-11.05078125
0.204,3.4833984375,7.6875,-11.611328125
0.2045,5.4052734375,5.365234375,-11.2109375
0.205,8.0478515625,2.6826171875,-11.130859375
0.2055,10.5703125,-0.240234375,-10.810546875
0.206,11.0908203125,-1.921875,-9.5693359375
0.2065,12.171875,-2.8427734375,-9.7294921875
0.207,12.01171875,-5.125,-7.287109375
0.2075,11.451171875,-6.9267578125,-4.884765625
0.208,11.6513671875,-9.5693359375,-2.482421875
0.2085,10.5703125,-10.8505859375,0.0400390625
0.209,9.8095703125,-11.05078125,1.041015625
0.2095,8.96875,-11.6513671875,2.482421875
0.21,6.005859375,-10.7705078125,4.6044921875
0.2105,3.68359375,-10.25,6.5263671875
0.211,1.0810546875,-10.330078125,9.208984375
0.2115,-1.1611328125,-8.96875,9.9296875
0.212,-2.0419921875,-8.9287109375,10.73046875
0.2125,-4.1640625,-7.126953125,11.0107421875
0.213,-6.24609375,-4.5244140625,10.4501953125
0.2135,-9.0087890625,-1.8017578125,10.41015625
0.214,-11.0908203125,0.8408203125,9.9296875
0.2145,-11.291015625,2.162109375,8.80859375
0.215,-12.171875,3.1630859375,8.6484375
0.2155,-11.8515625,5.5654296875,5.92578125
0.216,-11.2509765625,7.3671875,3.5234375
0.2165,-11.53125,10.08984375,1.041015625
0.217,-10.2099609375,10.8505859375,-1.2412109375
0.2175,-9.5693359375,10.970703125,-2.001953125
0.218,-8.2880859375,11.2509765625,-3.7236328125
0.2185,-5.28515625,10.490234375,-5.8857421875
0.219,-2.802734375,10.08984375,-8.0078125
0.2195,-0.2802734375,10.0498046875,-10.4501953125
0.22,1.681640625,8.6884765625,-10.890625
0.2205,2.40234375,8.6083984375,-11.53125
0.221,4.8447265625,6.3662109375,-11.69140625
0.2215,6.9267578125,3.8037109375,-11.0908203125
0.222,9.8095703125,0.9208984375,-11.05078125
0.2225,11.5712890625,-1.5615234375,-10.41015625
0.223,11.6513671875,-2.72265625,-9.2890625
0.2235,12.2919921875,-3.9638671875,-8.6884765625
0.224,11.931640625,-6.56640625,-5.765625
0.2245,11.3310546875,-8.2880859375,-3.443359375
0.225,11.451171875,-10.890625,-0.9609375
0.2255,10.0498046875,-11.37109375,1.0810546875
0.226,9.2890625,-11.291015625,1.76171875
0.2265,7.52734375,-11.3310546875,3.7236328125
0.227,4.5244140625,-10.5703125,5.92578125
0.2275,1.9619140625,-10.25,8.16796875
0.228,-0.560546875,-10.009765625,10.3701171875
0.2285,-2.1220703125,-8.6884765625,10.5302734375
0.229,-3.0029296875,-8.2080078125,10.9306640625
0.2295,-5.8056640625,-5.60546875,11.05078125
0.23,-7.8076171875,-2.962890625,10.41015625
0.2305,-10.4501953125,-0.3203125,10.41015625
0.231,-11.8916015625,1.8818359375,9.689453125
0.2315,-11.8916015625,3.123046875,8.408203125
0.232,-12.251953125,4.64453125,7.287109375
0.2325,-11.8916015625,7.287109375,4.2841796875
0.233,-11.2509765625,8.8486328125,2.0419921875
0.2335,-11.37109375,11.2109375,-0.400390625
0.234,-9.8896484375,11.37109375,-2.322265625
0.2345,-8.728515625,11.291015625,-3.1630859375
0.235,-6.486328125,11.291015625,-5.4853515625
0.2355,-3.5634765625,10.5302734375,-7.6875
0.236,-1.12109375,10.1298828125,-9.7294921875
0.2365,1.28125,9.8896484375,-11.7314453125
0.237,2.8427734375,8.328125,-11.69140625
0.2375,4.083984375,7.4072265625,-11.9716796875
0.238,7.2470703125,4.4443359375,-12.091796875
0.2385,9.1689453125,1.76171875,-11.2509765625
0.239,11.451171875,-0.80078125,-11.05078125
0.2395,12.732421875,-2.8828125,-10.25
0.24,12.4921875,-4.3642578125,-8.48828125
0.2405,12.6123046875,-6.0859375,-6.9267578125
0.241,12.33203125,-8.728515625,-3.923828125
0.2415,11.37109375,-10.0498046875,-1.681640625
0.242,11.4111328125,-12.091796875,0.48046875
0.2425,9.529296875,-12.1318359375,2.482421875
0.243,7.9677734375,-11.5712890625,3.4833984375
0.2435,5.4052734375,-11.53125,6.0859375
0.244,2.482421875,-10.73046875,8.16796875
0.2445,0.240234375,-10.1298828125,9.849609375
0.245,-2.001953125,-9.8896484375,11.6513671875
0.2455,-3.84375,-7.8876953125,11.4912109375
0.246,-5.28515625,-6.486328125,11.451171875
0.2465,-8.48828125,-3.4033203125,11.4912109375
0.247,-10.169921875,-0.640625,10.3701171875
0.2475,-11.9716796875,1.4013671875,10.2099609375
0.248,-12.97265625,3.3232421875,9.2490234375
0.2485,-12.4921875,4.96484375,7.126953125
0.249,-12.3720703125,6.88671875,5.28515625
0.2495,-12.171875,9.4091796875,2.322265625
0.25,-10.9306640625,10.41015625,0.0400390625
0.2505,-11.05078125,12.171875,-1.6416015625
0.251,-8.9287109375,12.01171875,-3.7236328125
0.2515,-7.126953125,11.3310546875,-4.8447265625
0.252,-4.4443359375,11.3310546875,-7.5673828125
0.2525,-1.5615234375,10.4501953125,-9.609375
0.253,0.5205078125,9.8896484375,-10.9306640625
0.2535,2.482421875,9.529296875,-12.4921875
0.254,4.4443359375,7.3671875,-12.2119140625
0.2545,6.166015625,5.4853515625,-12.0517578125
0.255,9.4091796875,2.40234375,-12.171875
0.2555,10.890625,-0.560546875,-10.7705078125
0.256,12.4521484375,-2.08203125,-10.7705078125
0.2565,13.1728515625,-4.00390625,-9.4892578125
0.257,12.5322265625,-5.765625,-7.1669921875
0.2575,12.412109375,-7.8876953125,-5.0048828125
0.258,12.171875,-10.41015625,-2.2021484375
0.2585,10.7705078125,-11.05078125,0.0400390625
0.259,10.890625,-12.4921875,1.4013671875
0.2595,8.3681640625,-12.091796875,3.603515625
0.26,6.2861328125,-11.291015625,4.96484375
0.2605,3.5634765625,-11.291015625,7.6875
0.261,0.720703125,-10.41015625,9.609375
0.2615,-1.12109375,-9.76953125,10.6904296875
0.262,-2.9228515625,-9.2490234375,11.9716796875
0.2625,-5.0849609375,-6.7666015625,11.53125
0.263,-7.0869140625,-4.5244140625,11.2109375
0.2635,-10.25,-1.5615234375,11.4111328125
0.264,-11.451171875,1.2412109375,9.849609375
0.2645,-12.6123046875,2.2822265625,9.9296875
0.265,-13.1328125,4.32421875,8.3681640625
0.2655,-12.3720703125,6.24609375,5.765625
0.266,-12.251953125,8.48828125,3.36328125
0.2665,-11.931640625,10.970703125,0.6005859375
0.267,-10.3701171875,11.291015625,-1.44140625
0.2675,-10.4501953125,12.4521484375,-2.5625
0.268,-7.6474609375,11.8515625,-4.884765625
0.2685,-5.205078125,11.05078125,-6.5263671875
0.269,-2.5625,11.1708984375,-9.3291015625
0.2695,0.4404296875,10.0498046875,-11.05078125
0.27,1.841796875,9.4091796875,-11.771484375
0.2705,3.5234375,8.6884765625,-12.732421875
0.271,5.845703125,6.005859375,-12.251953125
0.2715,8.1279296875,3.3232421875,-11.8515625
0.272,11.2509765625,0.2802734375,-11.8916015625
0.2725,12.0517578125,-2.2021484375,-10.2099609375
0.273,12.9326171875,-3.0029296875,-10.2900390625
0.2735,13.1328125,-5.2451171875,-8.328125
0.274,12.33203125,-7.2470703125,-5.525390625
0.2745,12.2119140625,-9.6494140625,-2.962890625
0.275,11.7314453125,-11.7314453125,-0.3203125
0.2755,10.1298828125,-11.69140625,1.361328125
0.276,9.9697265625,-12.4921875,2.40234375
0.2765,6.88671875,-11.771484375,4.8046875
0.277,4.2841796875,-10.890625,6.6064453125
0.2775,1.6416015625,-11.05078125,9.3291015625
0.278,-1.12109375,-9.76953125,10.6904296875
0.2785,-2.2421875,-9.208984375,11.2109375
0.279,-4.00390625,-8.087890625,11.8115234375
0.2795,-6.326171875,-5.28515625,11.2509765625
0.28,-8.728515625,-2.5224609375,10.890625
0.2805,-11.53125,0.400390625,10.8505859375
0.281,-11.8916015625,2.2822265625,9.2490234375
0.2815,-12.65234375,2.962890625,9.2490234375
0.282,-12.6123046875,5.365234375,6.88671875
0.2825,-11.8515625,7.3271484375,4.1640625
0.283,-11.8515625,9.8896484375,1.6015625
0.2835,-11.1708984375,11.53125,-0.9208984375
0.284,-9.76953125,11.37109375,-2.162109375
0.2845,-9.2890625,11.8916015625,-3.2431640625
0.285,-6.1259765625,11.2109375,-5.765625
0.2855,-3.5234375,10.5302734375,-7.6875
0.286,-0.9208984375,10.6103515625,-10.41015625
0.2865,1.521484375,9.2490234375,-11.3310546875
0.287,2.3623046875,8.9287109375,-11.7314453125
0.2875,4.32421875,7.3671875,-12.171875
0.288,6.6865234375,4.5244140625,-11.69140625
0.2885,9.2490234375,1.7216796875,-11.3310546875
0.289,11.8115234375,-1.0009765625,-11.2509765625
0.2895,12.01171875,-2.7626953125,-9.6494140625
0.29,12.572265625,-3.5634765625,-9.44921875
0.2905,12.4921875,-6.2861328125,-6.7265625
0.291,11.771484375,-7.9677734375,-4.2041015625
0.2915,11.771484375,-10.5703125,-1.6015625
0.292,10.8505859375,-11.8115234375,0.720703125
0.2925,9.5693359375,-11.4111328125,1.76171875
0.293,8.568359375,-11.69140625,3.04296875
0.2935,5.28515625,-11.0107421875,5.685546875
0.294,2.72265625,-10.41015625,7.6474609375
0.2945,0.1201171875,-10.4501953125,10.25
0.295,-1.9619140625,-9.12890625,10.8505859375
0.2955,-2.72265625,-8.6083984375,11.05078125
0.296,-5.0849609375,-6.56640625,11.3310546875
0.2965,-7.4072265625,-3.7236328125,10.810546875
0.297,-9.849609375,-1.041015625,10.490234375
0.2975,-12.01171875,1.3212890625,10.25
0.298,-11.9716796875,2.8427734375,8.6884765625
0.2985,-12.3720703125,3.8837890625,8.0078125
0.299,-12.251953125,6.806640625,5.0849609375
0.2995,-11.53125,8.3681640625,2.7626953125
0.3,-11.4912109375,10.810546875,0.2802734375
0.3005,-10.4501953125,11.8115234375,-1.8818359375
0.301,-9.048828125,11.291015625,-2.8427734375
0.3015,-7.5673828125,11.451171875,-4.5244140625
0.302,-4.3642578125,10.8505859375,-7.20703125
0.3025,-1.8818359375,10.2099609375,-9.0087890625
0.303,0.6005859375,10.2099609375,-11.4111328125
0.3035,2.5224609375,8.7685546875,-11.7314453125
0.304,3.36328125,7.9677734375,-11.8115234375
0.3045,6.2060546875,5.4052734375,-12.0517578125
0.305,8.4482421875,2.6025390625,-11.451171875
0.3055,10.5703125,0.0,-10.970703125
0.306,12.4521484375,-2.1220703125,-10.7705078125
0.3065,12.33203125,-3.8837890625,-8.888671875
0.307,12.4521484375,-5.044921875,-7.767578125
0.3075,12.2919921875,-7.8876953125,-4.7646484375
0.308,11.451171875,-9.2890625,-2.5224609375
0.3085,11.37109375,-11.3310546875,-0.3603515625
0.309,10.169921875,-12.0517578125,1.76171875
0.3095,8.408203125,-11.4111328125,2.8427734375
0.31,6.5263671875,-11.37109375,4.8046875
0.3105,3.4033203125,-10.7705078125,7.3271484375
0.311,1.12109375,-10.08984375,8.888671875
0.3115,-1.1611328125,-10.009765625,11.0107421875
0.312,-3.04296875,-8.3681640625,11.1708984375
0.3125,-4.1640625,-7.20703125,11.05078125
0.313,-7.126953125,-4.4443359375,11.2509765625
0.3135,-9.1689453125,-1.76171875,10.5302734375
0.314,-10.9306640625,0.560546875,10.009765625
0.3145,-12.4921875,2.2822265625,9.7294921875
0.315,-12.171875,4.1240234375,7.6875
0.3155,-12.091796875,5.4853515625,6.24609375
0.316,-12.01171875,8.328125,3.3232421875
0.3165,-11.0107421875,9.609375,1.041015625
0.317,-11.0107421875,11.3310546875,-0.80078125
0.3175,-9.5693359375,11.771484375,-2.802734375
0.318,-7.6474609375,11.0107421875,-4.00390625
0.3185,-5.4853515625,11.0107421875,-6.2060546875
0.319,-2.5224609375,10.4501953125,-8.6484375
0.3195,-0.400390625,9.6494140625,-9.9697265625
0.32,1.5615234375,9.7294921875,-11.8115234375
0.3205,3.5634765625,7.84765625,-11.8916015625
0.321,4.96484375,6.326171875,-11.69140625
0.3215,8.1279296875,3.36328125,-11.8916015625
0.322,10.009765625,0.560546875,-10.890625
0.3225,11.4912109375,-1.44140625,-10.5302734375
0.323,12.732421875,-3.0830078125,-10.0498046875
0.3235,12.251953125,-4.96484375,-7.6875
0.324,12.091796875,-6.56640625,-5.8857421875
0.3245,12.091796875,-9.4091796875,-3.04296875
0.325,10.810546875,-10.2900390625,-0.80078125
0.3255,10.8505859375,-11.7314453125,0.6806640625
0.326,9.0087890625,-11.8916015625,2.72265625
0.3265,6.88671875,-11.05078125,4.083984375
0.327,4.484375,-11.0107421875,6.486328125
0.3275,1.5615234375,-10.41015625,8.80859375
0.328,-0.4404296875,-9.609375,9.849609375
0.3285,-2.1220703125,-9.4892578125,11.37109375
0.329,-4.244140625,-7.287109375,11.2509765625
0.3295,-5.92578125,-5.365234375,10.8505859375
0.33,-9.0087890625,-2.482421875,11.0908203125
0.3305,-10.650390625,0.3203125,9.8896484375
0.331,-11.8115234375,1.76171875,9.6494140625
0.3315,-12.6923828125,3.443359375,8.9287109375
0.332,-12.1318359375,5.4052734375,6.3662109375
0.3325,-11.8515625,7.287109375,4.2041015625
0.333,-11.8916015625,10.009765625,1.4814453125
0.3335,-10.3701171875,10.5703125,-0.720703125
0.334,-10.490234375,11.771484375,-1.841796875
0.3345,-8.328125,11.6513671875,-4.00390625
0.335,-5.92578125,10.810546875,-5.5654296875
0.3355,-3.4833984375,10.810546875,-8.0478515625
0.336,-0.640625,10.08984375,-10.1298828125
0.3365,1.1611328125,9.2490234375,-10.890625
0.337,2.6025390625,9.048828125,-12.171875
0.3375,4.8447265625,6.56640625,-11.931640625
0.338,6.88671875,4.2041015625,-11.53125
0.3385,10.0498046875,1.2412109375,-11.7314453125
0.339,11.291015625,-1.4013671875,-10.2900390625
0.3395,12.171875,-2.40234375,-10.1298828125
0.34,12.7724609375,-4.1640625,-8.96875
0.3405,12.1318359375,-6.24609375,-6.24609375
0.341,11.8115234375,-8.328125,-3.8837890625
0.3415,11.771484375,-10.890625,-1.2412109375
0.342,10.1298828125,-11.05078125,0.720703125
0.3425,10.169921875,-11.9716796875,1.6015625
0.343,7.607421875,-11.5712890625,3.8837890625
0.3435,5.044921875,-10.73046875,5.6455078125
0.344,2.5224609375,-10.7705078125,8.16796875
0.3445,-0.2802734375,-9.8896484375,9.9697265625
0.345,-1.6416015625,-9.0888671875,10.5302734375
0.3455,-3.0830078125,-8.6484375,11.37109375
0.346,-5.4052734375,-6.005859375,11.0107421875
0.3465,-7.5673828125,-3.4833984375,10.5703125
0.347,-10.6103515625,-0.6005859375,10.7705078125
0.3475,-11.4111328125,1.681640625,9.2890625
0.348,-12.0517578125,2.482421875,9.2490234375
0.3485,-12.412109375,4.484375,7.5673828125
0.349,-11.69140625,6.5263671875,4.8046875
0.3495,-11.53125,8.80859375,2.40234375
0.35,-11.2509765625,11.0107421875,-0.2001953125
0.3505,-9.76953125,10.890625,-1.7216796875
0.351,-9.609375,11.611328125,-2.6025390625
0.3515,-6.806640625,11.0908203125,-4.96484375
0.352,-4.2041015625,10.330078125,-6.806640625
0.3525,-1.681640625,10.490234375,-9.4892578125
0.353,0.9208984375,9.44921875,-10.890625
0.3535,1.921875,8.80859375,-11.291015625
0.354,3.4833984375,7.8876953125,-11.8916015625
0.3545,5.8857421875,5.1650390625,-11.5712890625
0.355,8.248046875,2.5224609375,-11.130859375
0.3555,11.1708984375,-0.3603515625,-11.2109375
0.356,11.611328125,-2.2822265625,-9.689453125
0.3565,12.2119140625,-3.0029296875,-9.5693359375
0.357,12.2919921875,-5.28515625,-7.4072265625
0.3575,11.6513671875,-7.20703125,-4.8046875
0.358,11.5712890625,-9.6494140625,-2.2822265625
0.3585,11.05078125,-11.4111328125,0.16015625
0.359,9.609375,-11.130859375,1.361328125
0.3595,9.048828125,-11.53125,2.3623046875
0.36,6.0458984375,-10.9306640625,4.8046875
0.3605,3.443359375,-10.2900390625,6.7666015625
0.361,0.880859375,-10.41015625,9.44921875
0.3615,-1.361328125,-9.2890625,10.41015625
0.362,-2.2822265625,-8.6884765625,10.650390625
0.3625,-4.1240234375,-7.287109375,11.0107421875
0.363,-6.56640625,-4.404296875,10.650390625
0.3635,-8.8486328125,-1.8017578125,10.2900390625
0.364,-11.4111328125,0.80078125,10.25
0.3645,-11.5712890625,2.40234375,8.80859375
0.365,-12.01171875,3.203125,8.408203125
0.3655,-12.0517578125,5.765625,5.8857421875
0.366,-11.37109375,7.52734375,3.443359375
0.3665,-11.2509765625,9.9697265625,0.9609375
0.367,-10.6103515625,11.37109375,-1.28125
0.3675,-9.1689453125,10.9306640625,-2.322265625
0.368,-8.2080078125,11.1708984375,-3.5634765625
0.3685,-5.125,10.650390625,-6.24609375
0.369,-2.6025390625,10.009765625,-8.087890625
0.3695,0.0,10.0498046875,-10.6103515625
0.37,1.921875,8.80859375,-11.291015625
0.3705,2.6826171875,8.16796875,-11.4111328125
0.371,5.0048828125,6.24609375,-11.69140625
0.3715,7.4072265625,3.4833984375,-11.2509765625
0.372,9.609375,0.9208984375,-10.810546875
0.3725,11.771484375,-1.44140625,-10.73046875
0.373,11.8115234375,-3.0830078125,-9.0888671875
0.3735,12.091796875,-4.1240234375,-8.328125
0.374,12.01171875,-6.806640625,-5.5654296875
0.3745,11.291015625,-8.408203125,-3.2431640625
0.375,11.2109375,-10.5302734375,-1.0009765625
0.3755,10.330078125,-11.5712890625,1.0810546875
0.376,8.6884765625,-11.0107421875,2.162109375
0.3765,7.3271484375,-11.0908203125,3.68359375
0.377,4.2041015625,-10.5703125,6.326171875
0.3775,1.921875,-9.9697265625,7.9677734375
0.378,-0.5205078125,-10.009765625,10.25
0.3785,-2.322265625,-8.6884765625,10.650390625
0.379,-3.2431640625,-7.6875,10.6103515625
0.3795,-5.92578125,-5.28515625,10.890625
0.38,-8.16796875,-2.6025390625,10.3701171875
0.3805,-10.009765625,-0.2802734375,9.8896484375
0.381,-11.8515625,1.7216796875,9.76953125
0.3815,-11.7314453125,3.4033203125,7.9677734375
0.382,-11.8115234375,4.5244140625,6.88671875
0.3825,-11.7314453125,7.3271484375,4.083984375
0.383,-10.970703125,8.7685546875,1.841796875
0.3835,-10.8505859375,10.5703125,-0.2001953125
0.384,-9.8095703125,11.37109375,-2.1220703125
0.3845,-8.0478515625,10.73046875,-3.2431640625
0.385,-6.2861328125,10.7705078125,-5.125
0.3855,-3.283203125,10.25,-7.6875
0.386,-1.1611328125,9.609375,-9.12890625
0.3865,0.9609375,9.609375,-11.2509765625
0.387,2.802734375,8.16796875,-11.451171875
0.3875,3.9638671875,6.88671875,-11.37109375
0.388,6.9267578125,4.2041015625,-11.5712890625
0.3885,9.0888671875,1.4814453125,-10.890625
0.389,10.6904296875,-0.720703125,-10.330078125
0.3895,12.2119140625,-2.4423828125,-10.2099609375
0.39,11.9716796875,-4.2041015625,-8.087890625
0.3905,11.8515625,-5.6455078125,-6.6064453125
0.391,11.8115234375,-8.408203125,-3.84375
0.3915,10.8505859375,-9.609375,-1.5615234375
0.392,10.810546875,-11.1708984375,0.1201171875
0.3925,9.44921875,-11.611328125,2.001953125
0.393,7.3671875,-10.8505859375,3.3232421875
0.3935,5.28515625,-10.8505859375,5.4052734375
0.394,2.40234375,-10.41015625,7.84765625
0.3945,0.3203125,-9.609375,9.048828125
0.395,-1.521484375,-9.609375,10.890625
0.3955,-3.5234375,-7.7275390625,10.9306640625
0.396,-4.96484375,-6.0458984375,10.6904296875
0.3965,-7.9677734375,-3.283203125,10.8505859375
0.397,-9.8896484375,-0.560546875,10.009765625
0.3975,-11.1708984375,1.28125,9.529296875
0.398,-12.3720703125,2.802734375,9.208984375
0.3985,-11.8916015625,4.724609375,6.806640625
0.399,-11.69140625,6.3662109375,4.96484375
0.3995,-11.7314453125,9.12890625,2.2421875
0.4,-10.4501953125,10.08984375,0.0
0.4005,-10.5302734375,11.37109375,-1.361328125
0.401,-8.8486328125,11.53125,-3.3232421875
0.4015,-6.486328125,10.73046875,-4.8447265625
0.402,-4.244140625,10.6103515625,-7.126953125
0.4025,-1.4013671875,10.169921875,-9.4892578125
0.403,0.6005859375,9.2490234375,-10.3701171875
0.4035,2.08203125,9.2490234375,-11.8515625
0.404,4.244140625,7.0869140625,-11.8115234375
0.4045,6.0458984375,4.96484375,-11.4111328125
0.405,9.1689453125,2.1220703125,-11.611328125
0.4055,10.8505859375,-0.80078125,-10.4501953125
0.406,11.771484375,-2.08203125,-10.1298828125
0.4065,12.732421875,-3.6435546875,-9.44921875
0.407,12.091796875,-5.685546875,-6.7666015625
0.4075,11.771484375,-7.5673828125,-4.564453125
0.408,11.8515625,-10.2900390625,-1.9619140625
0.4085,10.2900390625,-10.7705078125,0.2802734375
0.409,10.2900390625,-11.8115234375,1.28125
0.4095,8.2080078125,-11.69140625,3.36328125
0.41,5.60546875,-10.7705078125,5.044921875
0.4105,3.2431640625,-10.7705078125,7.3671875
0.411,0.48046875,-10.0498046875,9.529296875
0.4115,-1.28125,-9.048828125,10.1298828125
0.412,-2.642578125,-8.9287109375,11.291015625
0.4125,-4.8447265625,-6.4462890625,11.0107421875
0.413,-6.88671875,-4.00390625,10.5703125
0.4135,-9.8896484375,-1.28125,10.7705078125
0.414,-11.0908203125,1.28125,9.44921875
0.4145,-11.771484375,2.162109375,9.2490234375
0.415,-12.3720703125,3.8837890625,8.1279296875
0.4155,-11.6513671875,5.8857421875,5.4052734375
0.416,-11.4111328125,7.9677734375,3.0830078125
0.4165,-11.37109375,10.4501953125,0.48046875
0.417,-9.8095703125,10.5703125,-1.3212890625
0.4175,-9.8095703125,11.4111328125,-2.2021484375
0.418,-7.3671875,11.0107421875,-4.3642578125
0.4185,-4.8046875,10.2099609375,-6.1259765625
0.419,-2.4423828125,10.2900390625,-8.568359375
0.4195,0.2802734375,9.44921875,-10.2900390625
0.42,1.521484375,8.7685546875,-10.7705078125
0.4205,2.8828125,8.2880859375,-11.69140625
0.421,5.0849609375,5.765625,-11.3310546875
0.4215,7.287109375,3.2431640625,-10.890625
0.422,10.2099609375,0.48046875,-11.05078125
0.4225,11.0107421875,-1.681640625,-9.689453125
0.423,11.69140625,-2.4423828125,-9.6494140625
0.4235,11.9716796875,-4.3642578125,-8.0078125
0.424,11.3310546875,-6.2861328125,-5.4453125
0.4245,11.2109375,-8.5283203125,-3.0830078125
0.425,10.890625,-10.5703125,-0.640625
0.4255,9.609375,-10.5703125,0.7607421875
0.426,9.369140625,-11.2509765625,1.6015625
0.4265,6.646484375,-10.6103515625,3.8037109375
0.427,4.2041015625,-9.9697265625,5.685546875
0.4275,1.841796875,-10.1298828125,8.248046875
0.428,-0.560546875,-9.12890625,9.529296875
0.4285,-1.5615234375,-8.6884765625,9.9697265625
0.429,-3.123046875,-7.7275390625,10.5302734375
0.4295,-5.3251953125,-5.1650390625,10.169921875
0.43,-7.6474609375,-2.72265625,9.9296875
0.4305,-10.2900390625,0.0,10.0498046875
0.431,-10.7705078125,1.5615234375,8.80859375
0.4315,-11.4111328125,2.322265625,8.728515625
0.432,-11.4912109375,4.484375,6.646484375
0.4325,-10.9306640625,6.40625,4.1640625
0.433,-10.970703125,8.888671875,1.76171875
0.4335,-10.4501953125,10.4501953125,-0.5205078125
0.434,-9.2890625,10.2900390625,-1.6015625
0.4345,-8.8486328125,10.6904296875,-2.642578125
0.435,-5.8857421875,10.25,-5.0048828125
0.4355,-3.4033203125,9.7294921875,-7.0068359375
0.436,-1.0009765625,9.9296875,-9.5693359375
0.4365,1.12109375,8.8486328125,-10.5302734375
0.437,1.921875,8.48828125,-10.8505859375
0.4375,3.84375,6.966796875,-11.2509765625
0.438,6.2060546875,4.32421875,-10.9306640625
0.4385,8.6083984375,1.76171875,-10.650390625
0.439,11.0107421875,-0.80078125,-10.650390625
0.4395,11.291015625,-2.3623046875,-9.2890625
0.44,11.771484375,-3.283203125,-8.8486328125
0.4405,11.771484375,-5.845703125,-6.326171875
0.441,11.1708984375,-7.52734375,-4.00390625
0.4415,11.2109375,-9.9697265625,-1.6416015625
0.442,10.490234375,-11.2509765625,0.560546875
0.4425,9.048828125,-10.890625,1.521484375
0.443,8.0078125,-11.05078125,2.9228515625
0.4435,4.884765625,-10.5302734375,5.525390625
0.444,2.5224609375,-9.9296875,7.3671875
0.4445,0.080078125,-10.009765625,9.849609375
0.445,-1.8818359375,-8.8486328125,10.490234375
0.4455,-2.72265625,-8.087890625,10.5302734375
0.446,-5.125,-6.0458984375,10.8505859375
0.4465,-7.447265625,-3.283203125,10.3701171875
0.447,-9.4892578125,-0.9208984375,9.9697265625
0.4475,-11.611328125,1.28125,9.9296875
0.448,-11.6513671875,3.0029296875,8.2880859375
0.4485,-11.8515625,4.0439453125,7.4072265625
0.449,-11.8115234375,6.7666015625,4.64453125
0.4495,-10.970703125,8.248046875,2.2421875
0.45,-10.9306640625,10.330078125,0.2001953125
0.4505,-10.1298828125,11.4111328125,-1.8818359375
0.451,-8.48828125,10.8505859375,-2.962890625
0.4515,-6.966796875,10.9306640625,-4.64453125
0.452,-3.8837890625,10.41015625,-7.20703125
0.4525,-1.6416015625,9.7294921875,-8.8486328125
0.453,0.640625,9.849609375,-11.05078125
0.4535,2.5224609375,8.4482421875,-11.4912109375
0.454,3.5634765625,7.4072265625,-11.4912109375
0.4545,6.3662109375,4.9248046875,-11.69140625
0.455,8.6083984375,2.162109375,-11.0908203125
0.4555,10.3701171875,-0.3203125,-10.5302734375
0.456,12.2119140625,-2.1220703125,-10.4501953125
0.4565,12.1318359375,-3.9638671875,-8.48828125
0.457,12.091796875,-5.205078125,-7.2470703125
0.4575,12.01171875,-7.9677734375,-4.404296875
0.458,11.130859375,-9.44921875,-2.08203125
0.4585,10.970703125,-11.05078125,-0.3203125
0.459,9.9296875,-11.8115234375,1.76171875
0.4595,7.927734375,-11.0908203125,3.04296875
0.46,6.005859375,-11.05078125,4.96484375
0.4605,3.0029296875,-10.5302734375,7.52734375
0.461,0.80078125,-9.7294921875,8.8486328125
0.4615,-1.2412109375,-9.8095703125,10.810546875
0.462,-3.203125,-8.1279296875,11.05078125
0.4625,-4.5244140625,-6.6865234375,10.890625
0.463,-7.4072265625,-3.923828125,11.0107421875
0.4635,-9.4892578125,-1.201171875,10.2900390625
0.464,-10.9306640625,0.9208984375,9.689453125
0.4645,-12.4521484375,2.482421875,9.5693359375
0.465,-12.091796875,4.404296875,7.3271484375
0.4655,-11.8916015625,5.845703125,5.685546875
0.466,-11.8916015625,8.6083984375,2.8427734375
0.4665,-10.7705078125,9.76953125,0.5205078125
0.467,-10.73046875,11.2509765625,-1.041015625
0.4675,-9.3291015625,11.771484375,-3.0029296875
0.468,-7.126953125,10.9306640625,-4.4443359375
0.4685,-4.96484375,10.8505859375,-6.56640625
0.469,-2.0419921875,10.330078125,-9.0087890625
0.4695,0.1201171875,9.44921875,-10.08984375
0.47,1.76171875,9.5693359375,-11.8115234375
0.4705,3.84375,7.607421875,-11.8916015625
0.471,5.4453125,5.7255859375,-11.5712890625
0.4715,8.48828125,2.9228515625,-11.771484375
0.472,10.41015625,0.0400390625,-10.7705078125
0.4725,11.53125,-1.681640625,-10.2099609375
0.473,12.732421875,-3.2431640625,-9.8896484375
0.4735,12.2119140625,-5.2451171875,-7.3671875
0.474,11.8916015625,-7.0068359375,-5.4052734375
0.4745,12.01171875,-9.76953125,-2.642578125
0.475,10.5302734375,-10.5302734375,-0.3203125
0.4755,10.5703125,-11.69140625,0.9609375
0.476,8.80859375,-11.8916015625,2.962890625
0.4765,6.3662109375,-10.970703125,4.5244140625
0.477,4.0439453125,-10.890625,6.7666015625
0.4775,1.1611328125,-10.330078125,9.12890625
0.478,-0.80078125,-9.2890625,9.9296875
0.4785,-2.2822265625,-9.3291015625,11.37109375
0.479,-4.5244140625,-7.0869140625,11.2509765625
0.4795,-6.326171875,-4.8447265625,10.810546875
0.48,-9.369140625,-2.08203125,11.05078125
0.4805,-10.9306640625,0.7607421875,9.849609375
0.481,-11.771484375,1.9619140625,9.44921875
0.4815,-12.732421875,3.5634765625,8.7685546875
0.482,-12.091796875,5.60546875,6.005859375
0.4825,-11.7314453125,7.607421875,3.763671875
0.483,-11.8515625,10.2900390625,1.0810546875
0.4835,-10.2099609375,10.7705078125,-1.12109375
0.484,-10.25,11.771484375,-2.0419921875
0.4845,-8.16796875,11.6513671875,-4.2041015625
0.485,-5.4453125,10.7705078125,-5.9658203125
0.4855,-3.0830078125,10.73046875,-8.328125
0.486,-0.2001953125,10.0498046875,-10.5302734375
0.4865,1.4814453125,9.048828125,-11.05078125
0.487,2.7626953125,8.96875,-12.2119140625
0.4875,5.1650390625,6.40625,-12.0517578125
0.488,7.287109375,3.84375,-11.53125
0.4885,10.4501953125,0.9208984375,-11.69140625
0.489,11.6513671875,-1.7216796875,-10.2900390625
0.4895,12.2919921875,-2.642578125,-9.9697265625
0.49,12.9326171875,-4.5244140625,-8.8486328125
0.4905,12.2119140625,-6.7265625,-5.9658203125
0.491,11.8115234375,-8.8486328125,-3.4833984375
0.4915,11.8115234375,-11.3310546875,-0.80078125
0.492,10.08984375,-11.4111328125,1.12109375
0.4925,10.009765625,-12.0517578125,1.921875
0.493,7.52734375,-11.8115234375,4.2041015625
0.4935,4.6044921875,-10.8505859375,6.166015625
0.494,2.08203125,-10.8505859375,8.6884765625
0.4945,-0.720703125,-9.9697265625,10.5703125
0.495,-2.08203125,-9.0087890625,10.8505859375
0.4955,-3.4033203125,-8.5283203125,11.6513671875
0.496,-5.9658203125,-5.7255859375,11.37109375
0.4965,-8.1279296875,-3.04296875,10.7705078125
0.497,-11.2109375,0.0,10.9306640625
0.4975,-12.01171875,2.162109375,9.4892578125
0.498,-12.412109375,2.8828125,9.0888671875
0.4985,-12.8125,5.0048828125,7.4072265625
0.499,-12.1318359375,7.1669921875,4.484375
0.4995,-11.7314453125,9.44921875,1.921875
0.5,-11.53125,11.771484375,-0.720703125
0.5005,-9.8095703125,11.53125,-2.2822265625
0.501,-9.529296875,12.01171875,-3.0830078125
0.5015,-6.646484375,11.611328125,-5.6455078125
0.502,-3.8037109375,10.73046875,-7.6474609375
0.5025,-1.12109375,10.6904296875,-10.25
0.503,1.521484375,9.7294921875,-11.8115234375
0.5035,2.5625,8.7685546875,-11.8515625
0.504,4.1240234375,7.84765625,-12.4521484375
0.5045,7.0068359375,4.8046875,-12.171875
0.505,9.0888671875,2.0419921875,-11.4912109375
0.5055,12.01171875,-0.8408203125,-11.5712890625
0.506,12.6123046875,-2.962890625,-10.0498046875
0.5065,12.8125,-3.8837890625,-9.3291015625
0.507,13.052734375,-6.3662109375,-7.2470703125
0.5075,12.2919921875,-8.328125,-4.32421875
0.508,11.8115234375,-10.41015625,-1.8017578125
0.5085,11.53125,-12.4521484375,0.6806640625
0.509,9.609375,-11.9716796875,2.2021484375
0.5095,8.8486328125,-12.1318359375,3.1630859375
0.51,5.7255859375,-11.69140625,6.005859375
0.5105,2.9228515625,-10.7705078125,7.8076171875
0.511,0.240234375,-10.650390625,10.330078125
0.5115,-2.1220703125,-9.6494140625,11.5712890625
0.512,-3.203125,-8.48828125,11.4111328125
0.5125,-5.0849609375,-7.0068359375,11.8115234375
0.513,-8.0078125,-3.8037109375,11.4111328125
0.5135,-9.76953125,-1.2412109375,10.6103515625
0.514,-12.33203125,1.28125,10.6904296875
0.5145,-12.65234375,3.203125,8.96875
0.515,-12.65234375,4.2041015625,7.9677734375
0.5155,-12.732421875,6.8466796875,5.5654296875
0.516,-11.931640625,8.80859375,2.7626953125
0.5165,-11.451171875,10.5703125,0.48046875
0.517,-11.05078125,12.33203125,-1.8017578125
0.5175,-9.0087890625,11.69140625,-3.283203125
0.518,-7.8876953125,11.69140625,-4.4443359375
0.5185,-4.6845703125,11.3310546875,-7.3271484375
0.519,-2.1220703125,10.3701171875,-8.96875
0.5195,0.3603515625,10.2900390625,-11.2109375
0.52,2.5224609375,9.1689453125,-12.2119140625
0.5205,3.6435546875,7.927734375,-11.9716796875
0.521,5.8857421875,5.8857421875,-12.2119140625
0.5215,8.6484375,2.8828125,-11.8916015625
0.522,10.2900390625,0.240234375,-10.890625
0.5225,12.4921875,-1.8818359375,-11.05078125
0.523,12.65234375,-3.923828125,-9.208984375
0.5235,12.4921875,-4.9248046875,-7.9677734375
0.524,12.5322265625,-7.6474609375,-5.3251953125
0.5245,11.771484375,-9.4091796875,-2.72265625
0.525,11.2109375,-10.890625,-0.640625
0.5255,10.73046875,-12.33203125,1.4013671875
0.526,8.48828125,-11.5712890625,2.9228515625
0.5265,7.046875,-11.4912109375,4.32421875
0.527,3.8837890625,-11.1708984375,7.20703125
0.5275,1.44140625,-10.2099609375,8.6484375
0.528,-0.720703125,-10.169921875,10.73046875
0.5285,-2.8427734375,-8.888671875,11.4912109375
0.529,-4.1240234375,-7.3271484375,11.130859375
0.5295,-6.646484375,-5.0048828125,11.3310546875
0.53,-9.2890625,-2.1220703125,10.9306640625
0.5305,-10.650390625,0.3603515625,9.9296875
0.531,-12.5322265625,1.9619140625,10.08984375
0.5315,-12.5322265625,4.083984375,8.0478515625
0.532,-12.2119140625,5.365234375,6.5263671875
0.5325,-12.2919921875,8.1279296875,3.84375
0.533,-11.4111328125,9.8095703125,1.2412109375
0.5335,-10.890625,11.0107421875,-0.6005859375
0.534,-10.25,12.171875,-2.482421875
0.5345,-7.767578125,11.3310546875,-4.1640625
0.535,-6.005859375,11.1708984375,-5.845703125
0.5355,-2.9228515625,10.890625,-8.6884765625
0.536,-0.5205078125,9.76953125,-9.9296875
0.5365,1.28125,9.8896484375,-11.69140625
0.537,3.4033203125,8.328125,-12.2119140625
0.5375,4.96484375,6.4462890625,-11.8515625
0.538,7.7275390625,3.8037109375,-11.931640625
0.5385,10.25,0.80078125,-11.4912109375
0.539,11.3310546875,-1.4814453125,-10.330078125
0.5395,12.8525390625,-2.7626953125,-10.5302734375
0.54,12.65234375,-4.9248046875,-8.0478515625
0.5405,12.171875,-6.4462890625,-6.1259765625
0.541,12.2919921875,-9.2490234375,-3.4833984375
0.5415,11.1708984375,-10.6103515625,-0.9208984375
0.542,10.6904296875,-11.53125,0.6005859375
0.5425,9.7294921875,-12.2919921875,2.40234375
0.543,7.0068359375,-11.3310546875,4.2041015625
0.5435,4.9248046875,-11.05078125,6.0859375
0.544,1.9619140625,-10.890625,8.80859375
0.5445,-0.3603515625,-9.609375,9.76953125
0.545,-1.8017578125,-9.6494140625,11.2509765625
0.5455,-4.00390625,-7.8076171875,11.53125
0.546,-5.765625,-5.6455078125,10.970703125
0.5465,-8.568359375,-2.962890625,11.0908203125
0.547,-10.8505859375,0.0,10.3701171875
0.5475,-11.4912109375,1.76171875,9.4091796875
0.548,-12.732421875,2.962890625,9.369140625
0.5485,-12.2919921875,5.205078125,6.6865234375
0.549,-11.8515625,6.88671875,4.5244140625
0.5495,-12.0517578125,9.689453125,1.9619140625
0.55,-10.650390625,10.73046875,-0.6005859375
0.5505,-10.2900390625,11.4111328125,-1.6416015625
0.551,-9.0087890625,11.8916015625,-3.5234375
0.5515,-6.166015625,10.890625,-5.4052734375
0.552,-4.00390625,10.6904296875,-7.4072265625
0.5525,-1.1611328125,10.41015625,-9.9697265625
0.553,0.9609375,9.12890625,-10.650390625
0.5535,2.1220703125,9.2490234375,-11.8515625
0.554,4.4443359375,7.046875,-11.9716796875
0.5545,6.326171875,4.64453125,-11.451171875
0.555,9.2890625,1.841796875,-11.5712890625
0.5555,11.2109375,-1.0009765625,-10.650390625
0.556,11.69140625,-2.2021484375,-9.8896484375
0.5565,12.65234375,-3.5634765625,-9.4892578125
0.557,12.1318359375,-5.765625,-6.7265625
0.5575,11.6513671875,-7.6474609375,-4.404296875
0.558,11.8916015625,-10.41015625,-1.841796875
0.5585,10.3701171875,-10.9306640625,0.400390625
0.559,10.1298828125,-11.5712890625,1.28125
0.5595,8.328125,-11.6513671875,3.2431640625
0.56,5.4853515625,-10.73046875,5.1650390625
0.5605,3.1630859375,-10.6103515625,7.3671875
0.561,0.4404296875,-10.2099609375,9.7294921875
0.5615,-1.361328125,-9.0087890625,10.169921875
0.562,-2.5224609375,-8.96875,11.1708984375
0.5625,-4.884765625,-6.56640625,11.0908203125
0.563,-6.9267578125,-4.0439453125,10.5302734375
0.5635,-9.9697265625,-1.201171875,10.73046875
0.564,-11.37109375,1.28125,9.7294921875
0.5645,-11.7314453125,2.2421875,9.0888671875
0.565,-12.3720703125,3.8037109375,8.248046875
0.5655,-11.8515625,6.1259765625,5.365234375
0.566,-11.4912109375,8.16796875,2.962890625
0.5665,-11.5712890625,10.8505859375,0.3603515625
0.567,-10.009765625,11.05078125,-1.6015625
0.5675,-9.76953125,11.4912109375,-2.2822265625
0.568,-7.5673828125,11.4111328125,-4.484375
0.5685,-4.64453125,10.5302734375,-6.56640625
0.569,-2.1220703125,10.490234375,-9.0087890625
0.5695,0.560546875,9.9296875,-11.05078125
0.57,1.921875,8.80859375,-11.2509765625
0.5705,3.0830078125,8.408203125,-12.01171875
0.571,5.8056640625,5.60546875,-11.931640625
0.5715,7.927734375,3.0029296875,-11.3310546875
0.572,10.970703125,0.1201171875,-11.451171875
0.5725,12.091796875,-2.2021484375,-10.25
0.573,12.2119140625,-3.1630859375,-9.4892578125
0.5735,12.732421875,-5.0849609375,-8.0478515625
0.574,12.171875,-7.447265625,-5.0849609375
0.5745,11.6513671875,-9.4091796875,-2.642578125
0.575,11.6513671875,-11.8115234375,-0.16015625
0.5755,9.8896484375,-11.69140625,1.6015625
0.576,9.2490234375,-11.8115234375,2.3623046875
0.5765,6.646484375,-11.611328125,4.884765625
0.577,3.763671875,-10.73046875,6.966796875
0.5775,1.12109375,-10.5703125,9.4091796875
0.578,-1.4013671875,-9.9697265625,11.130859375
0.5785,-2.6025390625,-8.6884765625,11.0107421875
0.579,-4.00390625,-7.8076171875,11.37109375
0.5795,-7.0068359375,-4.64453125,11.3310546875
0.58,-8.888671875,-2.08203125,10.5703125
0.5805,-11.5712890625,0.6005859375,10.650390625
0.581,-12.4521484375,2.6826171875,9.4091796875
0.5815,-12.33203125,3.68359375,8.2880859375
0.582,-12.572265625,5.8056640625,6.40625
0.5825,-12.01171875,8.1279296875,3.4833984375
0.583,-11.4111328125,9.849609375,1.201171875
0.5835,-11.291015625,11.931640625,-1.1611328125
0.584,-9.4091796875,11.6513671875,-2.7626953125
0.5845,-8.48828125,11.53125,-3.7236328125
0.585,-5.60546875,11.3310546875,-6.4462890625
0.5855,-2.8427734375,10.41015625,-8.2880859375
0.586,-0.400390625,10.2099609375,-10.5302734375
0.5865,1.921875,9.529296875,-11.9716796875
0.587,3.123046875,8.1279296875,-11.8115234375
0.5875,4.8046875,6.7265625,-12.0517578125
0.588,7.84765625,3.6435546875,-11.8515625
0.5885,9.609375,1.0009765625,-10.970703125
0.589,11.931640625,-1.28125,-11.05078125
0.5895,12.572265625,-3.3232421875,-9.609375
0.59,12.33203125,-4.3642578125,-8.328125
0.5905,12.4521484375,-6.7265625,-6.1259765625
0.591,11.8115234375,-8.8486328125,-3.36328125
0.5915,11.2109375,-10.2900390625,-1.28125
0.592,11.05078125,-12.0517578125,0.80078125
0.5925,8.96875,-11.53125,2.4423828125
0.593,7.6875,-11.3310546875,3.4833984375
0.5935,4.6845703125,-11.0908203125,6.3662109375
0.594,2.2021484375,-10.25,7.9677734375
0.5945,0.0,-10.169921875,10.08984375
0.595,-2.2421875,-9.2890625,11.2109375
0.5955,-3.5234375,-7.6875,10.890625
0.596,-5.525390625,-5.845703125,11.05078125
0.5965,-8.3681640625,-2.8828125,10.8505859375
0.597,-9.8896484375,-0.400390625,9.9296875
0.5975,-11.8916015625,1.4013671875,10.169921875
0.598,-12.2119140625,3.36328125,8.4482421875
0.5985,-11.8916015625,4.484375,7.046875
0.599,-12.01171875,7.046875,4.6044921875
0.5995,-11.4111328125,8.96875,2.0419921875
0.6,-10.7705078125,10.2099609375,0.1201171875
0.6005,-10.5302734375,11.7314453125,-1.76171875
0.601,-8.2880859375,11.130859375,-3.4033203125
0.6015,-6.7666015625,10.8505859375,-4.724609375
0.602,-3.84375,10.6904296875,-7.5673828125
0.6025,-1.4013671875,9.7294921875,-9.048828125
0.603,0.5205078125,9.7294921875,-10.890625
0.6035,2.5625,8.6884765625,-11.7314453125
0.604,3.9638671875,7.0068359375,-11.4111328125
0.6045,6.3662109375,4.7646484375,-11.53125
0.605,9.0888671875,1.8818359375,-11.291015625
0.6055,10.3701171875,-0.6005859375,-10.25
0.606,12.1318359375,-1.9619140625,-10.5302734375
0.6065,12.171875,-4.00390625,-8.568359375
0.607,11.8115234375,-5.28515625,-6.88671875
0.6075,11.8916015625,-7.8876953125,-4.3642578125
0.608,11.130859375,-9.609375,-1.8818359375
0.6085,10.5302734375,-10.6103515625,-0.2802734375
0.609,10.08984375,-11.7314453125,1.521484375
0.6095,7.607421875,-10.890625,3.203125
0.61,5.8056640625,-10.73046875,4.7646484375
0.6105,2.9228515625,-10.6103515625,7.52734375
0.611,0.640625,-9.609375,8.7685546875
0.6115,-1.0009765625,-9.609375,10.3701171875
0.612,-3.04296875,-8.2080078125,10.970703125
0.6125,-4.564453125,-6.2861328125,10.5302734375
0.613,-7.0869140625,-3.8837890625,10.650390625
0.6135,-9.5693359375,-1.12109375,10.25
0.614,-10.5703125,0.9609375,9.2490234375
0.6145,-11.9716796875,2.1220703125,9.529296875
0.615,-11.8115234375,4.1640625,7.2470703125
0.6155,-11.37109375,5.6455078125,5.365234375
0.616,-11.5712890625,8.328125,2.8828125
0.6165,-10.5703125,9.7294921875,0.4404296875
0.617,-10.169921875,10.5302734375,-0.880859375
0.6175,-9.369140625,11.37109375,-2.5625
0.618,-6.806640625,10.490234375,-4.32421875
0.6185,-4.884765625,10.2099609375,-6.1259765625
0.619,-2.08203125,10.1298828125,-8.80859375
0.6195,0.080078125,9.0888671875,-9.7294921875
0.62,1.361328125,9.2490234375,-11.130859375
0.6205,3.4033203125,7.607421875,-11.4912109375
0.621,5.0849609375,5.4853515625,-11.05078125
0.6215,7.927734375,2.8427734375,-11.1708984375
0.622,10.1298828125,0.1201171875,-10.5302734375
0.6225,10.8505859375,-1.521484375,-9.689453125
0.623,12.0517578125,-2.72265625,-9.689453125
0.6235,11.69140625,-4.8447265625,-7.2470703125
0.624,11.2509765625,-6.5263671875,-5.125
0.6245,11.53125,-9.2490234375,-2.72265625
0.625,10.2900390625,-10.169921875,-0.48046875
0.6255,10.0498046875,-10.890625,0.6005859375
0.626,8.80859375,-11.3310546875,2.3623046875
0.6265,6.1259765625,-10.41015625,4.1240234375
0.627,4.00390625,-10.2900390625,6.1259765625
0.6275,1.3212890625,-10.0498046875,8.6484375
0.628,-0.640625,-8.96875,9.3291015625
0.6285,-1.8017578125,-9.0087890625,10.5302734375
0.629,-3.8837890625,-7.0068359375,10.650390625
0.6295,-5.765625,-4.6845703125,10.169921875
0.63,-8.6884765625,-2.08203125,10.41015625
0.6305,-10.4501953125,0.6005859375,9.609375
0.631,-10.970703125,1.6416015625,8.96875
0.6315,-11.8916015625,2.9228515625,8.6083984375
0.632,-11.451171875,5.0849609375,5.9658203125
0.6325,-11.0908203125,7.046875,3.68359375
0.633,-11.37109375,9.76953125,1.2412109375
0.6335,-9.9697265625,10.2900390625,-0.880859375
0.634,-9.8095703125,10.890625,-1.681640625
0.6345,-8.087890625,11.0107421875,-3.603515625
0.635,-5.4052734375,10.0498046875,-5.525390625
0.6355,-3.04296875,10.1298828125,-7.767578125
0.636,-0.400390625,9.76953125,-10.0498046875
0.6365,1.28125,8.728515625,-10.490234375
0.637,2.2822265625,8.6884765625,-11.451171875
0.6375,4.64453125,6.326171875,-11.451171875
0.638,6.7265625,3.8037109375,-10.9306640625
0.6385,9.849609375,0.9609375,-11.0908203125
0.639,11.2109375,-1.4814453125,-10.1298828125
0.6395,11.53125,-2.40234375,-9.529296875
0.64,12.171875,-3.923828125,-8.6484375
0.6405,11.6513671875,-6.2861328125,-5.765625
0.641,11.2509765625,-8.2880859375,-3.4033203125
0.6415,11.37109375,-10.8505859375,-0.9208984375
0.642,9.8896484375,-10.970703125,0.9609375
0.6425,9.5693359375,-11.3310546875,1.5615234375
0.643,7.447265625,-11.2509765625,3.5634765625
0.6435,4.484375,-10.330078125,5.8056640625
0.644,1.9619140625,-10.2900390625,8.248046875
0.6445,-0.640625,-9.76953125,10.2099609375
0.645,-1.921875,-8.6884765625,10.3701171875
0.6455,-3.0029296875,-8.248046875,10.970703125
0.646,-5.685546875,-5.525390625,10.8505859375
0.6465,-7.7275390625,-2.9228515625,10.2900390625
0.647,-10.6103515625,-0.2001953125,10.41015625
0.6475,-11.611328125,1.921875,9.3291015625
0.648,-11.8115234375,2.8427734375,8.6083984375
0.6485,-12.2119140625,4.724609375,7.1669921875
0.649,-11.6513671875,7.046875,4.2041015625
0.6495,-11.2509765625,8.96875,1.921875
0.65,-11.0908203125,11.291015625,-0.640625
0.6505,-9.5693359375,11.130859375,-2.2021484375
0.651,-8.96875,11.2109375,-2.8828125
0.6515,-6.40625,11.130859375,-5.4052734375
0.652,-3.603515625,10.25,-7.3271484375
0.6525,-1.041015625,10.169921875,-9.76953125
0.653,1.3212890625,9.529296875,-11.37109375
0.6535,2.482421875,8.328125,-11.291015625
0.654,3.84375,7.4072265625,-11.7314453125
0.6545,6.806640625,4.4443359375,-11.611328125
0.655,8.6484375,1.921875,-10.890625
0.6555,11.3310546875,-0.720703125,-11.0107421875
0.656,12.091796875,-2.72265625,-9.689453125
0.6565,12.091796875,-3.7236328125,-8.728515625
0.657,12.2919921875,-5.845703125,-6.806640625
0.6575,11.69140625,-8.0078125,-4.0439453125
0.658,11.2109375,-9.6494140625,-1.8818359375
0.6585,11.05078125,-11.69140625,0.400390625
0.659,9.2490234375,-11.37109375,1.921875
0.6595,8.328125,-11.2509765625,2.802734375
0.66,5.4052734375,-11.0107421875,5.525390625
0.6605,2.8427734375,-10.169921875,7.2470703125
0.661,0.4404296875,-10.0498046875,9.529296875
0.6615,-1.76171875,-9.2890625,10.8505859375
0.662,-2.8828125,-8.0078125,10.6103515625
0.6625,-4.6044921875,-6.56640625,10.890625
0.663,-7.447265625,-3.603515625,10.6904296875
0.6635,-9.12890625,-1.201171875,9.9296875
0.664,-11.37109375,0.9609375,10.08984375
0.6645,-11.8515625,2.802734375,8.6484375
0.665,-11.69140625,3.8037109375,7.52734375
0.6655,-11.8115234375,6.166015625,5.28515625
0.666,-11.2509765625,8.1279296875,2.72265625
0.6665,-10.73046875,9.609375,0.6806640625
0.667,-10.5302734375,11.2509765625,-1.3212890625
0.6675,-8.6484375,10.810546875,-2.7626953125
0.668,-7.447265625,10.73046875,-3.8837890625
0.6685,-4.5244140625,10.490234375,-6.6064453125
0.669,-2.1220703125,9.6494140625,-8.2080078125
0.6695,0.0,9.689453125,-10.25
0.67,1.9619140625,8.7685546875,-11.2509765625
0.6705,3.123046875,7.52734375,-11.0908203125
0.671,5.28515625,5.60546875,-11.291015625
0.6715,7.927734375,2.7626953125,-11.05078125
0.672,9.529296875,0.3603515625,-10.2099609375
0.6725,11.4912109375,-1.44140625,-10.4501953125
0.673,11.69140625,-3.283203125,-8.80859375
0.6735,11.53125,-4.3642578125,-7.52734375
0.674,11.611328125,-6.9267578125,-5.0849609375
0.6745,10.970703125,-8.6884765625,-2.72265625
0.675,10.5703125,-9.9697265625,-1.0009765625
0.6755,10.169921875,-11.2109375,0.880859375
0.676,8.087890625,-10.5703125,2.3623046875
0.6765,6.646484375,-10.490234375,3.763671875
0.677,3.763671875,-10.2900390625,6.4462890625
0.6775,1.5615234375,-9.4892578125,7.84765625
0.678,-0.3603515625,-9.609375,9.7294921875
0.6785,-2.2822265625,-8.3681640625,10.4501953125
0.679,-3.5634765625,-6.9267578125,10.2099609375
0.6795,-6.005859375,-4.724609375,10.3701171875
0.68,-8.408203125,-2.001953125,10.08984375
0.6805,-9.76953125,0.2001953125,9.2490234375
0.681,-11.4111328125,1.5615234375,9.529296875
0.6815,-11.451171875,3.4833984375,7.6474609375
0.682,-11.2109375,4.724609375,6.1259765625
0.6825,-11.37109375,7.3271484375,3.68359375
0.683,-10.5703125,8.888671875,1.28125
0.6835,-10.25,10.0498046875,-0.3203125
0.684,-9.609375,11.0107421875,-2.001953125
0.6845,-7.4072265625,10.330078125,-3.5634765625
0.685,-5.6455078125,10.2099609375,-5.205078125
0.6855,-2.8828125,10.08984375,-7.84765625
0.686,-0.6806640625,9.12890625,-9.0888671875
0.6865,0.880859375,9.3291015625,-10.7705078125
0.687,2.8427734375,7.927734375,-11.2509765625
0.6875,4.3642578125,6.166015625,-10.9306640625
0.688,7.0869140625,3.6435546875,-11.130859375
0.6885,9.44921875,0.8408203125,-10.6103515625
0.689,10.490234375,-1.1611328125,-9.76953125
0.6895,11.8916015625,-2.322265625,-9.9296875
0.69,11.6513671875,-4.3642578125,-7.6875
0.6905,11.3310546875,-5.92578125,-5.845703125
0.691,11.53125,-8.6083984375,-3.36328125
0.6915,10.41015625,-9.8896484375,-1.0009765625
0.692,10.2099609375,-10.7705078125,0.3203125
0.6925,9.208984375,-11.4111328125,2.0419921875
0.693,6.6865234375,-10.5302734375,3.763671875
0.6935,4.6845703125,-10.330078125,5.60546875
0.694,1.921875,-10.2099609375,8.248046875
0.6945,-0.3203125,-9.048828125,9.12890625
0.695,-1.6015625,-9.2490234375,10.5302734375
0.6955,-3.6435546875,-7.4072265625,10.810546875
0.696,-5.4052734375,-5.28515625,10.3701171875
0.6965,-8.248046875,-2.6826171875,10.5703125
0.697,-10.25,0.1201171875,9.849609375
0.6975,-10.970703125,1.5615234375,9.048828125
0.698,-12.091796875,2.7626953125,8.96875
0.6985,-11.69140625,4.884765625,6.40625
0.699,-11.291015625,6.6865234375,4.1640625
0.6995,-11.5712890625,9.44921875,1.681640625
0.7,-10.169921875,10.330078125,-0.6806640625
0.7005,-9.9697265625,11.05078125,-1.6015625
0.701,-8.6083984375,11.37109375,-3.4033203125
0.7015,-5.845703125,10.5302734375,-5.3251953125
0.702,-3.5634765625,10.330078125,-7.447265625
0.7025,-0.8408203125,10.08984375,-9.9296875
0.703,1.12109375,8.8486328125,-10.5302734375
0.7035,2.162109375,8.96875,-11.611328125
0.704,4.484375,6.806640625,-11.7314453125
0.7045,6.4462890625,4.32421875,-11.2109375
0.705,9.5693359375,1.44140625,-11.3310546875
0.7055,11.2109375,-1.28125,-10.41015625
0.706,11.6513671875,-2.40234375,-9.6494140625
0.7065,12.4921875,-3.8037109375,-9.12890625
0.707,12.01171875,-6.1259765625,-6.326171875
0.7075,11.4912109375,-8.0478515625,-3.8837890625
0.708,11.69140625,-10.73046875,-1.361328125
0.7085,10.08984375,-11.0908203125,0.80078125
0.709,9.8095703125,-11.53125,1.521484375
0.7095,7.927734375,-11.53125,3.5234375
0.71,4.96484375,-10.6103515625,5.5654296875
0.7105,2.5625,-10.4501953125,7.8076171875
0.711,-0.2001953125,-10.009765625,10.0498046875
0.7115,-1.76171875,-8.728515625,10.2900390625
0.712,-2.72265625,-8.6484375,11.130859375
0.7125,-5.205078125,-6.1259765625,10.970703125
0.713,-7.287109375,-3.4833984375,10.3701171875
0.7135,-10.25,-0.6806640625,10.5302734375
0.714,-11.4912109375,1.6416015625,9.44921875
0.7145,-11.6513671875,2.5224609375,8.7685546875
0.715,-12.2119140625,4.083984375,7.7275390625
0.7155,-11.69140625,6.3662109375,4.8447265625
0.716,-11.2509765625,8.408203125,2.4423828125
0.7165,-11.2509765625,10.8505859375,0.0
0.717,-9.6494140625,10.890625,-1.8017578125
0.7175,-9.369140625,11.2109375,-2.4423828125
0.718,-7.0869140625,11.05078125,-4.64453125
0.7185,-4.244140625,10.2099609375,-6.646484375
0.719,-1.8017578125,10.169921875,-9.0087890625
0.7195,0.720703125,9.609375,-10.8505859375
0.72,1.921875,8.5283203125,-10.970703125
0.7205,3.0830078125,8.0078125,-11.5712890625
0.721,5.765625,5.28515625,-11.4912109375
0.7215,7.767578125,2.72265625,-10.890625
0.722,10.6904296875,0.0,-11.05078125
0.7225,11.5712890625,-2.162109375,-9.8095703125
0.723,11.771484375,-3.04296875,-9.1689453125
0.7235,12.1318359375,-5.0048828125,-7.607421875
0.724,11.5712890625,-7.0869140625,-4.8447265625
0.7245,11.2109375,-9.048828125,-2.5224609375
0.725,11.1708984375,-11.2509765625,-0.2802734375
0.7255,9.4892578125,-11.05078125,1.4013671875
0.726,8.96875,-11.2509765625,2.1220703125
0.7265,6.326171875,-10.970703125,4.6044921875
0.727,3.603515625,-10.2099609375,6.5263671875
0.7275,1.12109375,-10.169921875,8.96875
0.728,-1.201171875,-9.4892578125,10.490234375
0.7285,-2.2822265625,-8.408203125,10.490234375
0.729,-3.8037109375,-7.4072265625,10.890625
0.7295,-6.6064453125,-4.5244140625,10.73046875
0.73,-8.5283203125,-2.001953125,10.169921875
0.7305,-11.0908203125,0.48046875,10.2900390625
0.731,-11.7314453125,2.40234375,8.96875
0.7315,-11.8515625,3.3232421875,8.0478515625
0.732,-12.091796875,5.685546875,6.0859375
0.7325,-11.53125,7.8076171875,3.36328125
0.733,-11.0908203125,9.5693359375,1.12109375
0.7335,-10.970703125,11.4912109375,-1.041015625
0.734,-9.12890625,11.1708984375,-2.6025390625
0.7345,-8.16796875,11.1708984375,-3.603515625
0.735,-5.2451171875,10.970703125,-6.40625
0.7355,-2.642578125,10.169921875,-8.16796875
0.736,-0.3203125,10.08984375,-10.41015625
0.7365,1.921875,9.2490234375,-11.69140625
0.737,3.1630859375,7.9677734375,-11.5712890625
0.7375,5.0849609375,6.3662109375,-11.8515625
0.738,8.0478515625,3.3232421875,-11.7314453125
0.7385,9.76953125,0.6005859375,-10.7705078125
0.739,12.01171875,-1.4814453125,-10.9306640625
0.7395,12.4921875,-3.5634765625,-9.369140625
0.74,12.2919921875,-4.6845703125,-8.0078125
0.7405,12.412109375,-7.126953125,-5.6455078125
0.741,11.771484375,-9.1689453125,-2.962890625
0.7415,11.05078125,-10.5302734375,-0.8408203125
0.742,10.890625,-12.171875,1.0810546875
0.7425,8.6083984375,-11.5712890625,2.8427734375
0.743,7.20703125,-11.37109375,4.00390625
0.7435,4.1640625,-11.1708984375,6.966796875
0.744,1.6015625,-10.2099609375,8.568359375
0.7445,-0.5205078125,-10.08984375,10.41015625
0.745,-2.642578125,-9.048828125,11.53125
0.7455,-4.1240234375,-7.287109375,11.130859375
0.746,-6.2861328125,-5.28515625,11.2109375
0.7465,-9.12890625,-2.3623046875,11.0107421875
0.747,-10.5302734375,0.3203125,9.849609375
0.7475,-12.33203125,1.8017578125,10.08984375
0.748,-12.572265625,3.9638671875,8.248046875
0.7485,-12.171875,5.2451171875,6.5263671875
0.749,-12.2119140625,7.8076171875,4.0439453125
0.7495,-11.5712890625,9.76953125,1.4013671875
0.75,-10.6904296875,10.73046875,-0.6005859375
0.7505,-10.4501953125,12.1318359375,-2.2421875
0.751,-7.8876953125,11.4111328125,-4.1640625
0.7515,-6.24609375,11.05078125,-5.4853515625
0.752,-3.283203125,10.9306640625,-8.328125
0.7525,-0.6806640625,9.8095703125,-9.76953125
0.753,1.0810546875,9.7294921875,-11.3310546875
0.7535,3.123046875,8.6083984375,-12.2119140625
0.754,4.7646484375,6.56640625,-11.8115234375
0.7545,7.1669921875,4.1240234375,-11.8115234375
0.755,9.9296875,1.201171875,-11.5712890625
0.7555,11.05078125,-1.3212890625,-10.25
0.756,12.65234375,-2.4423828125,-10.5703125
0.7565,12.65234375,-4.64453125,-8.328125
0.757,12.1318359375,-6.1259765625,-6.40625
0.7575,12.171875,-8.728515625,-3.84375
0.758,11.37109375,-10.4501953125,-1.2412109375
0.7585,10.5302734375,-11.1708984375,0.4404296875
0.759,10.0498046875,-12.2119140625,2.001953125
0.7595,7.2470703125,-11.37109375,3.9638671875
0.76,5.3251953125,-10.890625,5.5654296875
0.7605,2.4423828125,-10.890625,8.3681640625
0.761,0.0,-9.6494140625,9.5693359375
0.7615,-1.521484375,-9.6494140625,10.9306640625
0.762,-3.603515625,-8.1279296875,11.4912109375
0.7625,-5.4052734375,-5.9658203125,10.890625
0.763,-7.9677734375,-3.36328125,10.9306640625
0.7635,-10.5302734375,-0.560546875,10.5302734375
0.764,-11.2509765625,1.5615234375,9.2890625
0.7645,-12.5322265625,2.6025390625,9.609375
0.765,-12.33203125,4.8447265625,7.0869140625
0.7655,-11.771484375,6.5263671875,4.8447265625
0.766,-11.9716796875,9.2490234375,2.3623046875
0.7665,-10.890625,10.650390625,-0.3203125
0.767,-10.2099609375,11.2109375,-1.5615234375
0.7675,-9.4091796875,11.931640625,-3.0830078125
0.768,-6.5263671875,11.0107421875,-5.125
0.7685,-4.3642578125,10.650390625,-7.0068359375
0.769,-1.5615234375,10.6103515625,-9.7294921875
0.7695,0.80078125,9.2490234375,-10.6103515625
0.77,1.921875,9.3291015625,-11.7314453125
0.7705,4.1240234375,7.4873046875,-12.1318359375
0.771,6.0458984375,5.0849609375,-11.5712890625
0.7715,8.9287109375,2.2021484375,-11.611328125
0.772,11.2509765625,-0.6806640625,-10.970703125
0.7725,11.69140625,-2.2822265625,-9.8095703125
0.773,12.7724609375,-3.283203125,-9.8095703125
0.7735,12.412109375,-5.765625,-7.046875
0.774,11.8115234375,-7.5673828125,-4.64453125
0.7745,12.0517578125,-10.330078125,-2.08203125
0.775,10.73046875,-11.291015625,0.400390625
0.7755,10.08984375,-11.5712890625,1.3212890625
0.776,8.80859375,-11.931640625,3.0029296875
0.7765,5.7255859375,-10.970703125,5.205078125
0.777,3.36328125,-10.650390625,7.20703125
0.7775,0.6005859375,-10.5703125,9.8896484375
0.778,-1.521484375,-9.0888671875,10.41015625
0.7785,-2.4423828125,-9.12890625,11.2509765625
0.779,-4.8046875,-6.9267578125,11.37109375
0.7795,-6.88671875,-4.32421875,10.73046875
0.78,-9.8095703125,-1.361328125,10.810546875
0.7805,-11.69140625,1.28125,10.08984375
0.781,-11.8515625,2.482421875,8.96875
0.7815,-12.572265625,3.603515625,8.6083984375
0.782,-12.171875,6.166015625,5.60546875
0.7825,-11.53125,8.0478515625,3.1630859375
0.783,-11.7314453125,10.810546875,0.560546875
0.7835,-10.2900390625,11.37109375,-1.6416015625
0.784,-9.6494140625,11.4912109375,-2.3623046875
0.7845,-8.0078125,11.5712890625,-4.244140625
0.785,-4.884765625,10.6904296875,-6.486328125
0.7855,-2.322265625,10.41015625,-8.728515625
0.786,0.2802734375,10.2099609375,-11.05078125
0.7865,2.001953125,8.7685546875,-11.3310546875
0.787,2.8427734375,8.568359375,-11.931640625
0.7875,5.4853515625,5.9658203125,-12.01171875
0.788,7.52734375,3.4033203125,-11.291015625
0.7885,10.490234375,0.4404296875,-11.291015625
0.789,12.01171875,-1.9619140625,-10.490234375
0.7895,12.091796875,-3.0830078125,-9.3291015625
0.79,12.5322265625,-4.484375,-8.408203125
0.7905,12.1318359375,-7.0869140625,-5.4052734375
0.791,11.4912109375,-8.80859375,-3.0830078125
0.7915,11.5712890625,-11.37109375,-0.6005859375
0.792,10.009765625,-11.53125,1.361328125
0.7925,9.2890625,-11.53125,2.0419921875
0.793,7.1669921875,-11.4111328125,4.1240234375
0.7935,4.1640625,-10.5703125,6.3662109375
0.794,1.6015625,-10.330078125,8.6484375
0.7945,-0.880859375,-10.009765625,10.6103515625
0.795,-2.2822265625,-8.6884765625,10.650390625
0.7955,-3.283203125,-8.1279296875,11.0107421875
0.796,-6.166015625,-5.205078125,11.0107421875
0.7965,-8.0478515625,-2.72265625,10.3701171875
0.797,-10.7705078125,0.0400390625,10.41015625
0.7975,-11.931640625,2.08203125,9.4892578125
0.798,-11.8916015625,3.1630859375,8.3681640625
0.7985,-12.2119140625,4.9248046875,6.966796875
0.799,-11.8115234375,7.447265625,3.9638671875
0.7995,-11.2509765625,9.0888671875,1.76171875
0.8,-11.2509765625,11.37109375,-0.6005859375
0.8005,-9.609375,11.3310546875,-2.2822265625
0.801,-8.6884765625,11.1708984375,-3.0830078125
0.8015,-6.166015625,11.0908203125,-5.6455078125
0.802,-3.4033203125,10.330078125,-7.607421875
0.8025,-0.9609375,10.08984375,-9.849609375
0.803,1.3212890625,9.609375,-11.53125
0.8035,2.6826171875,8.2080078125,-11.4912109375
0.804,4.0439453125,7.20703125,-11.7314453125
0.8045,7.20703125,4.1240234375,-11.7314453125
0.805,8.96875,1.5615234375,-10.890625
0.8055,11.4111328125,-0.80078125,-10.970703125
0.806,12.33203125,-2.8427734375,-9.8896484375
0.8065,12.171875,-4.083984375,-8.48828125
0.807,12.33203125,-6.1259765625,-6.6064453125
0.8075,11.8916015625,-8.5283203125,-3.763671875
0.808,11.1708984375,-9.8896484375,-1.6416015625
0.8085,11.2109375,-11.8916015625,0.48046875
0.809,9.2490234375,-11.6513671875,2.2822265625
0.8095,7.9677734375,-11.37109375,3.2431640625
0.81,5.125,-11.2509765625,6.0859375
0.8105,2.4423828125,-10.4501953125,7.927734375
0.811,0.2001953125,-10.1298828125,9.76953125
0.8115,-2.001953125,-9.6494140625,11.3310546875
0.812,-3.5634765625,-7.8076171875,11.0908203125
0.8125,-5.2451171875,-6.2861328125,11.2109375
0.813,-8.408203125,-3.1630859375,11.1708984375
0.8135,-9.9697265625,-0.560546875,10.08984375
0.814,-11.931640625,1.361328125,10.2099609375
0.8145,-12.65234375,3.36328125,8.9287109375
0.815,-12.2119140625,4.8046875,7.046875
0.8155,-12.2119140625,6.966796875,4.9248046875
0.816,-11.8515625,9.369140625,2.08203125
0.8165,-10.7705078125,10.3701171875,0.0
0.817,-10.890625,12.091796875,-1.7216796875
0.8175,-8.5283203125,11.69140625,-3.763671875
0.818,-6.9267578125,11.1708984375,-4.9248046875
0.8185,-4.0439453125,11.0908203125,-7.767578125
0.819,-1.3212890625,10.1298828125,-9.5693359375
0.8195,0.640625,9.7294921875,-11.05078125
0.82,2.642578125,9.1689453125,-12.33203125
0.8205,4.4443359375,7.0869140625,-12.01171875
0.821,6.40625,5.044921875,-11.8515625
0.8215,9.5693359375,1.9619140625,-11.8916015625
0.822,10.810546875,-0.80078125,-10.4501953125
0.8225,12.4921875,-2.162109375,-10.6904296875
0.823,12.9326171875,-4.244140625,-9.048828125
0.8235,12.2919921875,-5.8056640625,-6.9267578125
0.824,12.251953125,-8.087890625,-4.5244140625
0.8245,11.8115234375,-10.330078125,-1.8017578125
0.825,10.5703125,-10.9306640625,0.16015625
0.8255,10.6103515625,-12.33203125,1.5615234375
0.826,7.8876953125,-11.69140625,3.68359375
0.8265,6.005859375,-11.0908203125,5.0048828125
0.827,3.123046875,-11.05078125,7.84765625
0.8275,0.48046875,-9.9697265625,9.3291015625
0.828,-1.201171875,-9.6494140625,10.6103515625
0.8285,-3.0830078125,-8.728515625,11.611328125
0.829,-5.0048828125,-6.40625,11.130859375
0.8295,-7.1669921875,-4.1240234375,10.890625
0.83,-10.08984375,-1.201171875,10.890625
0.8305,-11.0107421875,1.2412109375,9.44921875
0.831,-12.3720703125,2.2421875,9.7294921875
0.8315,-12.5322265625,4.3642578125,7.767578125
0.832,-11.8515625,6.005859375,5.4853515625
0.8325,-11.8916015625,8.4482421875,3.123046875
0.833,-11.2509765625,10.3701171875,0.4404296875
0.8335,-10.2099609375,10.8505859375,-1.1611328125
0.834,-9.9697265625,11.8916015625,-2.5224609375
0.8345,-7.126953125,11.0908203125,-4.64453125
0.835,-5.0849609375,10.5302734375,-6.166015625
0.8355,-2.3623046875,10.650390625,-9.0087890625
0.836,0.2001953125,9.44921875,-10.2099609375
0.8365,1.4814453125,9.3291015625,-11.3310546875
0.837,3.36328125,8.16796875,-12.01171875
0.8375,5.3251953125,5.765625,-11.53125
0.838,7.84765625,3.1630859375,-11.37109375
0.8385,10.5703125,0.240234375,-11.1708984375
0.839,11.2109375,-1.76171875,-9.8095703125
0.8395,12.33203125,-2.642578125,-10.08984375
0.84,12.251953125,-4.884765625,-7.7275390625
0.8405,11.6513671875,-6.646484375,-5.4052734375
0.841,11.8115234375,-9.2890625,-2.9228515625
0.8415,10.8505859375,-10.7705078125,-0.400390625
0.842,9.9697265625,-11.05078125,0.8408203125
0.8425,9.44921875,-11.771484375,2.162109375
0.843,6.40625,-10.890625,4.32421875
0.8435,4.1240234375,-10.5703125,6.1259765625
0.844,1.5615234375,-10.490234375,8.888671875
0.8445,-0.720703125,-9.12890625,9.7294921875
0.845,-1.8017578125,-9.12890625,10.6904296875
0.8455,-3.8037109375,-7.4873046875,11.0107421875
0.846,-5.765625,-5.044921875,10.490234375
0.8465,-8.4482421875,-2.3623046875,10.490234375
0.847,-10.7705078125,0.400390625,10.0498046875
0.8475,-11.0908203125,1.841796875,8.888671875
0.848,-12.0517578125,2.7626953125,8.9287109375
0.8485,-11.8115234375,5.0849609375,6.3662109375
0.849,-11.2509765625,6.88671875,3.9638671875
0.8495,-11.451171875,9.609375,1.4814453125
0.85,-10.2900390625,10.6103515625,-0.80078125
0.8505,-9.529296875,10.8505859375,-1.8017578125
0.851,-8.6083984375,11.1708984375,-3.2431640625
0.8515,-5.6455078125,10.330078125,-5.4052734375
0.852,-3.36328125,10.0498046875,-7.3671875
0.8525,-0.7607421875,10.009765625,-9.8896484375
0.853,1.201171875,8.6884765625,-10.4501953125
0.8535,2.001953125,8.728515625,-11.2509765625
0.854,4.2041015625,6.7265625,-11.4111328125
0.8545,6.24609375,4.2041015625,-10.890625
0.855,9.0888671875,1.4013671875,-10.890625
0.8555,11.0107421875,-1.0810546875,-10.330078125
0.856,11.2109375,-2.2822265625,-9.3291015625
0.8565,11.8916015625,-3.36328125,-8.96875
0.857,11.5712890625,-5.765625,-6.2060546875
0.8575,11.05078125,-7.5673828125,-3.8837890625
0.858,11.291015625,-10.169921875,-1.44140625
0.8585,9.9697265625,-10.73046875,0.560546875
0.859,9.4091796875,-10.890625,1.28125
0.8595,7.8076171875,-10.970703125,3.0029296875
0.86,4.9248046875,-10.1298828125,5.125
0.8605,2.6025390625,-9.9697265625,7.287109375
0.861,0.16015625,-9.76953125,9.529296875
0.8615,-1.44140625,-8.6083984375,9.849609375
0.862,-2.322265625,-8.328125,10.41015625
0.8625,-4.6845703125,-6.0458984375,10.41015625
0.863,-6.7265625,-3.5634765625,9.9697265625
0.8635,-9.529296875,-0.9208984375,10.0498046875
0.864,-10.890625,1.2412109375,9.2890625
0.8645,-11.05078125,2.2421875,8.4482421875
0.865,-11.53125,3.603515625,7.5673828125
0.8655,-11.1708984375,6.0458984375,4.8046875
0.866,-10.810546875,7.84765625,2.6025390625
0.8665,-10.890625,10.25,0.240234375
0.867,-9.5693359375,10.490234375,-1.4814453125
0.8675,-8.96875,10.5302734375,-2.2021484375
0.868,-6.9267578125,10.5302734375,-4.2041015625
0.8685,-4.244140625,9.849609375,-6.2861328125
0.869,-1.8017578125,9.7294921875,-8.6083984375
0.8695,0.5205078125,9.44921875,-10.490234375
0.87,1.8017578125,8.328125,-10.5703125
0.8705,2.8427734375,7.7275390625,-11.05078125
0.871,5.60546875,5.044921875,-11.0908203125
0.8715,7.52734375,2.642578125,-10.5703125
0.872,10.2099609375,0.1201171875,-10.650390625
0.8725,11.3310546875,-1.9619140625,-9.76953125
0.873,11.37109375,-3.0029296875,-8.80859375
0.8735,11.69140625,-4.7646484375,-7.3271484375
0.874,11.37109375,-7.126953125,-4.564453125
0.8745,10.890625,-8.728515625,-2.5224609375
0.875,10.9306640625,-10.970703125,-0.3603515625
0.8755,9.3291015625,-10.890625,1.3212890625
0.876,8.4482421875,-10.7705078125,2.162109375
0.8765,6.005859375,-10.650390625,4.6044921875
0.877,3.3232421875,-10.009765625,6.56640625
0.8775,1.0009765625,-9.8095703125,8.728515625
0.878,-1.201171875,-9.369140625,10.3701171875
0.8785,-2.4423828125,-8.0478515625,10.25
0.879,-3.8837890625,-7.0068359375,10.5703125
0.8795,-6.88671875,-4.0439453125,10.5703125
0.88,-8.6083984375,-1.681640625,9.8896484375
0.8805,-10.8505859375,0.560546875,9.9697265625
0.881,-11.69140625,2.4423828125,8.9287109375
0.8815,-11.53125,3.6435546875,7.52734375
0.882,-11.69140625,5.6455078125,5.7255859375
0.8825,-11.3310546875,7.9677734375,3.0029296875
0.883,-10.650390625,9.2890625,0.9208984375
0.8835,-10.73046875,11.1708984375,-1.041015625
0.884,-8.80859375,10.890625,-2.7626953125
0.8845,-7.5673828125,10.73046875,-3.8037109375
0.885,-4.8447265625,10.6103515625,-6.4462890625
0.8855,-2.2822265625,9.849609375,-8.248046875
0.886,-0.2802734375,9.6494140625,-10.0498046875
0.8865,1.841796875,9.0888671875,-11.4912109375
0.887,3.3232421875,7.4873046875,-11.2509765625
0.8875,5.0849609375,5.8857421875,-11.4111328125
0.888,8.087890625,2.9228515625,-11.4111328125
0.8885,9.6494140625,0.3603515625,-10.330078125
0.889,11.53125,-1.44140625,-10.5302734375
0.8895,12.171875,-3.36328125,-9.1689453125
0.89,11.8115234375,-4.6845703125,-7.447265625
0.8905,11.8115234375,-6.88671875,-5.365234375
0.891,11.451171875,-9.12890625,-2.72265625
0.8915,10.5302734375,-10.1298828125,-0.80078125
0.892,10.5302734375,-11.7314453125,0.9208984375
0.8925,8.2880859375,-11.2109375,2.7626953125
0.893,6.6865234375,-10.7705078125,3.9638671875
0.8935,3.923828125,-10.73046875,6.6865234375
0.894,1.4013671875,-9.8095703125,8.3681640625
0.8945,-0.5205078125,-9.609375,9.8896484375
0.895,-2.4423828125,-8.8486328125,11.05078125
0.8955,-4.083984375,-6.9267578125,10.73046875
0.896,-6.0859375,-4.9248046875,10.650390625
0.8965,-8.96875,-2.08203125,10.6904296875
0.897,-10.25,0.48046875,9.44921875
0.8975,-11.8515625,1.7216796875,9.7294921875
0.898,-12.2119140625,3.7236328125,8.0478515625
0.8985,-11.6513671875,5.205078125,6.0859375
0.899,-11.69140625,7.52734375,3.8037109375
0.8995,-11.2109375,9.609375,1.1611328125
0.9,-10.25,10.2900390625,-0.640625
0.9005,-10.1298828125,11.6513671875,-2.08203125
0.901,-7.5673828125,11.0107421875,-4.0439453125
0.9015,-5.765625,10.5302734375,-5.4453125
0.902,-3.0029296875,10.5302734375,-8.2080078125
0.9025,-0.5205078125,9.44921875,-9.6494140625
0.903,1.0810546875,9.3291015625,-10.890625
0.9035,2.9228515625,8.3681640625,-11.8115234375
0.904,4.724609375,6.24609375,-11.37109375
0.9045,7.046875,3.84375,-11.2509765625
0.905,9.8896484375,0.9208984375,-11.1708984375
0.9055,10.810546875,-1.361328125,-9.8095703125
0.906,12.171875,-2.3623046875,-10.169921875
0.9065,12.171875,-4.484375,-8.087890625
0.907,11.611328125,-6.1259765625,-5.92578125
0.9075,11.69140625,-8.6083984375,-3.5634765625
0.908,10.9306640625,-10.330078125,-1.0009765625
0.9085,10.08984375,-10.7705078125,0.48046875
0.909,9.6494140625,-11.69140625,1.8818359375
0.9095,6.88671875,-10.8505859375,3.84375
0.91,4.8447265625,-10.41015625,5.4453125
0.9105,2.2021484375,-10.41015625,8.16796875
0.911,-0.240234375,-9.208984375,9.2490234375
0.9115,-1.44140625,-9.1689453125,10.41015625
0.912,-3.36328125,-7.767578125,10.890625
0.9125,-5.205078125,-5.525390625,10.3701171875
0.913,-7.7275390625,-3.04296875,10.3701171875
0.9135,-10.169921875,-0.3203125,10.0498046875
0.914,-10.73046875,1.44140625,8.9287109375
0.9145,-11.8916015625,2.40234375,9.12890625
0.915,-11.6513671875,4.484375,6.7265625
0.9155,-11.130859375,6.24609375,4.484375
0.916,-11.37109375,8.7685546875,2.162109375
0.9165,-10.330078125,10.08984375,-0.2802734375
0.917,-9.7294921875,10.5302734375,-1.3212890625
0.9175,-8.96875,11.130859375,-2.7626953125
0.918,-6.166015625,10.25,-4.7646484375
0.9185,-4.0439453125,9.9697265625,-6.56640625
0.919,-1.44140625,9.9697265625,-9.12890625
0.9195,0.6005859375,8.7685546875,-9.9296875
0.92,1.6015625,8.888671875,-10.970703125
0.9205,3.6435546875,7.126953125,-11.2509765625
0.921,5.525390625,4.8447265625,-10.810546875
0.9215,8.2880859375,2.162109375,-10.8505859375
0.922,10.41015625,-0.5205078125,-10.330078125
0.9225,10.8505859375,-1.8017578125,-9.4091796875
0.923,11.8115234375,-2.9228515625,-9.2890625
0.9235,11.451171875,-5.125,-6.7666015625
0.924,11.0107421875,-6.9267578125,-4.5244140625
0.9245,11.291015625,-9.5693359375,-2.1220703125
0.925,10.08984375,-10.330078125,0.0400390625
0.9255,9.609375,-10.73046875,0.880859375
0.926,8.2880859375,-10.970703125,2.5224609375
0.9265,5.525390625,-10.1298828125,4.484375
0.927,3.3232421875,-9.9697265625,6.5263671875
0.9275,0.7607421875,-9.8095703125,8.96875
0.928,-1.041015625,-8.6884765625,9.529296875
0.9285,-1.9619140625,-8.6884765625,10.3701171875
0.929,-4.1640625,-6.56640625,10.41015625
0.9295,-6.166015625,-4.1240234375,9.9296875
0.93,-9.0087890625,-1.4814453125,10.08984375
0.9305,-10.650390625,0.9208984375,9.44921875
0.931,-10.9306640625,1.921875,8.6484375
0.9315,-11.6513671875,3.1630859375,8.087890625
0.932,-11.291015625,5.4853515625,5.3251953125
0.9325,-10.890625,7.4072265625,3.123046875
0.933,-11.0908203125,10.0498046875,0.640625
0.9335,-9.76953125,10.490234375,-1.28125
0.934,-9.3291015625,10.73046875,-1.9619140625
0.9345,-7.5673828125,10.810546875,-3.84375
0.935,-4.724609375,10.0498046875,-5.9658203125
0.9355,-2.2822265625,9.8896484375,-8.2880859375
0.936,0.240234375,9.6494140625,-10.41015625
0.9365,1.6416015625,8.5283203125,-10.650390625
0.937,2.5625,8.2880859375,-11.291015625
0.9375,5.2451171875,5.685546875,-11.37109375
0.938,7.2470703125,3.1630859375,-10.810546875
0.9385,10.1298828125,0.4404296875,-10.890625
0.939,11.4912109375,-1.841796875,-10.08984375
0.9395,11.5712890625,-2.9228515625,-9.12890625
0.94,12.0517578125,-4.564453125,-7.9677734375
0.9405,11.611328125,-6.9267578125,-5.0849609375
0.941,11.130859375,-8.6884765625,-2.8828125
0.9415,11.2109375,-11.05078125,-0.5205078125
0.942,9.689453125,-11.2109375,1.3212890625
0.9425,8.96875,-11.1708984375,2.0419921875
0.943,6.646484375,-11.05078125,4.32421875
0.9435,3.84375,-10.25,6.40625
0.944,1.3212890625,-10.08984375,8.6484375
0.9445,-1.041015625,-9.6494140625,10.5302734375
0.945,-2.3623046875,-8.328125,10.490234375
0.9455,-3.5634765625,-7.5673828125,10.8505859375
0.946,-6.486328125,-4.6845703125,10.8505859375
0.9465,-8.328125,-2.2822265625,10.169921875
0.947,-10.810546875,0.240234375,10.2099609375
0.9475,-11.8916015625,2.2421875,9.2490234375
0.948,-11.8115234375,3.36328125,7.927734375
0.9485,-12.0517578125,5.28515625,6.40625
0.949,-11.53125,7.6875,3.5234375
0.9495,-10.970703125,9.12890625,1.44140625
0.95,-10.970703125,11.291015625,-0.80078125
0.9505,-9.2490234375,11.1708984375,-2.5224609375
0.951,-8.2080078125,11.0107421875,-3.4033203125
0.9515,-5.5654296875,10.890625,-5.9658203125
0.952,-2.8828125,10.0498046875,-7.84765625
0.9525,-0.640625,9.849609375,-9.849609375
0.953,1.5615234375,9.3291015625,-11.451171875
0.9535,2.8828125,7.927734375,-11.291015625
0.954,4.484375,6.646484375,-11.53125
0.9545,7.4072265625,3.6435546875,-11.4912109375
0.955,9.0888671875,1.0810546875,-10.5703125
0.9555,11.2509765625,-1.041015625,-10.650390625
0.956,12.0517578125,-3.04296875,-9.4892578125
0.9565,11.8115234375,-4.1640625,-8.0078125
0.957,11.8916015625,-6.24609375,-6.1259765625
0.9575,11.37109375,-8.328125,-3.4033203125
0.958,10.73046875,-9.6494140625,-1.44140625
0.9585,10.6904296875,-11.4111328125,0.5205078125
0.959,8.728515625,-11.05078125,2.162109375
0.9595,7.4873046875,-10.7705078125,3.1630859375
0.96,4.6845703125,-10.5703125,5.845703125
0.9605,2.2421875,-9.8095703125,7.4873046875
0.961,0.2001953125,-9.6494140625,9.3291015625
0.9615,-1.841796875,-9.0087890625,10.6103515625
0.962,-3.1630859375,-7.447265625,10.330078125
0.9625,-5.0048828125,-5.8056640625,10.5302734375
0.963,-7.767578125,-3.04296875,10.3701171875
0.9635,-9.2890625,-0.640625,9.44921875
0.964,-11.1708984375,1.0009765625,9.689453125
0.9645,-11.6513671875,2.9228515625,8.2880859375
0.965,-11.37109375,4.1240234375,6.88671875
0.9655,-11.451171875,6.4462890625,4.64453125
0.966,-10.970703125,8.408203125,2.2021484375
0.9665,-10.330078125,9.609375,0.3203125
0.967,-10.25,11.0908203125,-1.361328125
0.9675,-8.16796875,10.5703125,-3.04296875
0.968,-6.7265625,10.3701171875,-4.2841796875
0.9685,-3.923828125,10.2099609375,-7.0068359375
0.969,-1.6015625,9.44921875,-8.5283203125
0.9695,0.240234375,9.44921875,-10.2099609375
0.97,2.162109375,8.6083984375,-11.2509765625
0.9705,3.6435546875,6.9267578125,-11.0107421875
0.971,5.8857421875,4.8046875,-11.130859375
0.9715,8.6083984375,1.9619140625,-10.970703125
0.972,9.9296875,-0.48046875,-9.9697265625
0.9725,11.611328125,-1.7216796875,-10.2900390625
0.973,11.8515625,-3.68359375,-8.5283203125
0.9735,11.53125,-5.0849609375,-6.7666015625
0.974,11.5712890625,-7.5673828125,-4.404296875
0.9745,10.970703125,-9.4091796875,-1.921875
0.975,10.2900390625,-10.2900390625,-0.3603515625
0.9755,10.0498046875,-11.53125,1.28125
0.976,7.52734375,-10.810546875,3.1630859375
0.9765,5.7255859375,-10.5302734375,4.64453125
0.977,2.9228515625,-10.4501953125,7.4072265625
0.9775,0.6005859375,-9.4091796875,8.7685546875
0.978,-1.0009765625,-9.4091796875,10.2099609375
0.9785,-2.962890625,-8.2880859375,10.9306640625
0.979,-4.6845703125,-6.2060546875,10.5302734375
0.9795,-7.126953125,-3.84375,10.5302734375
0.98,-9.76953125,-1.0009765625,10.2900390625
0.9805,-10.6103515625,1.12109375,9.12890625
0.981,-12.01171875,2.162109375,9.4892578125
0.9815,-11.9716796875,4.32421875,7.287109375
0.982,-11.4912109375,5.92578125,5.125
0.9825,-11.611328125,8.568359375,2.72265625
0.983,-10.6904296875,10.169921875,0.16015625
0.9835,-10.009765625,10.6904296875,-1.2412109375
0.984,-9.4892578125,11.611328125,-2.72265625
0.9845,-6.6865234375,10.810546875,-4.7646484375
0.985,-4.6044921875,10.41015625,-6.4462890625
0.9855,-1.8818359375,10.3701171875,-9.208984375
0.986,0.560546875,9.0888671875,-10.2099609375
0.9865,1.6416015625,9.208984375,-11.37109375
0.987,3.68359375,7.6474609375,-11.8916015625
0.9875,5.6455078125,5.28515625,-11.37109375
0.988,8.328125,2.5625,-11.37109375
0.9885,10.7705078125,-0.3203125,-10.890625
0.989,11.2509765625,-2.001953125,-9.6494140625
0.9895,12.4521484375,-2.962890625,-9.8095703125
0.99,12.171875,-5.3251953125,-7.2470703125
0.9905,11.5712890625,-7.0869140625,-4.884765625
0.991,11.8115234375,-9.76953125,-2.4423828125
0.9915,10.6103515625,-10.890625,0.080078125
0.992,9.9296875,-11.2509765625,1.0810546875
0.9925,9.0087890625,-11.8115234375,2.6826171875
0.993,6.0458984375,-10.8505859375,4.7646484375
0.9935,3.68359375,-10.4501953125,6.6865234375
0.994,1.0009765625,-10.41015625,9.3291015625
0.9945,-1.201171875,-9.0087890625,10.009765625
0.995,-2.1220703125,-9.12890625,10.890625
0.9955,-4.32421875,-7.1669921875,11.1708984375
0.996,-6.3662109375,-4.64453125,10.5302734375
0.9965,-9.1689453125,-1.8017578125,10.6103515625
0.997,-11.2509765625,0.880859375,10.0498046875
0.9975,-11.4912109375,2.162109375,8.9287109375
0.998,-12.412109375,3.2431640625,8.80859375
0.9985,-12.0517578125,5.7255859375,5.9658203125
0.999,-11.451171875,7.5673828125,3.5234375
0.9995,-11.6513671875,10.330078125,0.9609375
