wavelength,x,y,z
0.0,3.4884033203125,-1.2362060546875,-2.1971435546875
0.0005,3.5684814453125,-0.7957763671875,-2.7176513671875
0.001,3.1680908203125,0.0050048828125,-3.1580810546875
0.0015,2.9278564453125,0.6055908203125,-3.5584716796875
0.002,2.4073486328125,1.4063720703125,-3.7987060546875
0.0025,1.8067626953125,1.8067626953125,-3.5584716796875
0.003,1.1260986328125,2.4874267578125,-3.5985107421875
0.0035,0.4053955078125,2.8477783203125,-3.2381591796875
0.004,-0.2752685546875,3.2481689453125,-3.0379638671875
0.0045,-0.9959716796875,3.4884033203125,-2.5574951171875
0.005,-1.5164794921875,3.6885986328125,-2.2371826171875
0.0055,-1.9168701171875,3.4483642578125,-1.5965576171875
0.006,-2.5174560546875,3.5284423828125,-1.1561279296875
0.0065,-2.7977294921875,2.9278564453125,-0.3153076171875
0.007,-3.1981201171875,2.6876220703125,0.3253173828125
0.0075,-3.5184326171875,2.0870361328125,1.2061767578125
0.008,-3.5584716796875,1.7266845703125,1.6065673828125
0.0085,-3.3983154296875,0.9659423828125,2.2471923828125
0.009,-3.3182373046875,0.3653564453125,2.7276611328125
0.0095,-3.0379638671875,-0.3553466796875,3.1680908203125
0.01,-2.5975341796875,-0.9959716796875,3.4483642578125
0.0105,-2.0770263671875,-1.7166748046875,3.6485595703125
0.011,-1.3162841796875,-2.1170654296875,3.3682861328125
0.0115,-0.7156982421875,-2.8377685546875,3.4884033203125
0.012,0.0850830078125,-3.1180419921875,2.9278564453125
0.0125,0.7257080078125,-3.4783935546875,2.6876220703125
0.013,1.4864501953125,-3.7186279296875,2.1671142578125
0.0135,1.9268798828125,-3.7186279296875,1.8468017578125
0.014,2.4073486328125,-3.5584716796875,1.1661376953125
0.0145,2.8477783203125,-3.3983154296875,0.6055908203125
0.015,3.1680908203125,-2.8778076171875,-0.1551513671875
0.0155,3.4884033203125,-2.5174560546875,-0.8358154296875
0.016,3.6885986328125,-1.9569091796875,-1.5965576171875
0.0165,3.5284423828125,-1.4364013671875,-1.9969482421875
0.017,3.5284423828125,-0.8358154296875,-2.6375732421875
0.0175,3.1680908203125,-0.1551513671875,-3.0379638671875
0.018,2.9278564453125,0.5255126953125,-3.3983154296875
0.0185,2.4473876953125,1.2462158203125,-3.5985107421875
0.019,1.9268798828125,1.7266845703125,-3.6785888671875
0.0195,1.1661376953125,2.2471923828125,-3.3582763671875
0.02,0.6456298828125,2.7677001953125,-3.3983154296875
0.0205,-0.1151123046875,3.0079345703125,-2.9178466796875
0.021,-0.6756591796875,3.3282470703125,-2.6776123046875
0.0215,-1.3963623046875,3.5284423828125,-2.1971435546875
0.022,-1.7166748046875,3.4083251953125,-1.7967529296875
0.0225,-2.2772216796875,3.3682861328125,-1.2362060546875
0.023,-2.5975341796875,3.0479736328125,-0.5955810546875
0.0235,-2.9578857421875,2.6876220703125,0.1251220703125
0.024,-3.2381591796875,2.2471923828125,0.8057861328125
0.0245,-3.4783935546875,1.8868408203125,1.3663330078125
0.025,-3.2381591796875,1.2061767578125,1.8468017578125
0.0255,-3.3983154296875,0.7257080078125,2.4073486328125
0.026,-2.9578857421875,0.0050048828125,2.8077392578125
0.0265,-2.7977294921875,-0.5955810546875,3.2081298828125
0.027,-2.2772216796875,-1.2762451171875,3.4483642578125
0.0275,-1.7967529296875,-1.7166748046875,3.3682861328125
0.028,-1.0360107421875,-2.3172607421875,3.2882080078125
0.0285,-0.4354248046875,-2.7576904296875,3.1680908203125
0.029,0.2852783203125,-3.1180419921875,2.8077392578125
0.0295,0.9259033203125,-3.4783935546875,2.5274658203125
0.03,1.4464111328125,-3.6785888671875,2.2071533203125
0.0305,1.8468017578125,-3.4783935546875,1.6466064453125
0.031,2.4473876953125,-3.5584716796875,1.1661376953125
0.0315,2.7677001953125,-3.0780029296875,0.3653564453125
0.032,3.1680908203125,-2.8778076171875,-0.2352294921875
0.0325,3.4884033203125,-2.3572998046875,-1.0360107421875
0.033,3.5684814453125,-2.0369873046875,-1.4764404296875
0.0335,3.4083251953125,-1.3162841796875,-2.0369873046875
0.034,3.4483642578125,-0.7957763671875,-2.5975341796875
0.0345,3.1680908203125,-0.0350341796875,-3.0379638671875
0.035,2.8878173828125,0.5655517578125,-3.3582763671875
0.0355,2.4073486328125,1.2462158203125,-3.5584716796875
0.036,1.7667236328125,1.7266845703125,-3.3983154296875
0.0365,1.1260986328125,2.4073486328125,-3.5184326171875
0.037,0.3653564453125,2.7276611328125,-3.1580810546875
0.0375,-0.1551513671875,3.1280517578125,-2.9178466796875
0.038,-0.9158935546875,3.3682861328125,-2.5174560546875
0.0385,-1.3162841796875,3.4884033203125,-2.2371826171875
0.039,-1.7967529296875,3.3282470703125,-1.6365966796875
0.0395,-2.3172607421875,3.3282470703125,-1.1160888671875
0.04,-2.6375732421875,2.8077392578125,-0.3153076171875
0.0405,-3.0780029296875,2.5675048828125,0.2852783203125
0.041,-3.3182373046875,2.0469970703125,1.0460205078125
0.0415,-3.3182373046875,1.6065673828125,1.4063720703125
0.042,-3.3182373046875,1.0059814453125,2.0870361328125
0.0425,-3.1580810546875,0.4053955078125,2.5675048828125
0.043,-2.8778076171875,-0.2752685546875,2.9678955078125
0.0435,-2.5174560546875,-0.9158935546875,3.2481689453125
0.044,-2.0369873046875,-1.4364013671875,3.3682861328125
0.0445,-1.3162841796875,-1.9569091796875,3.1680908203125
0.045,-0.7957763671875,-2.5975341796875,3.2481689453125
0.0455,0.0050048828125,-2.8778076171875,2.8077392578125
0.046,0.6055908203125,-3.2381591796875,2.6075439453125
0.0465,1.2462158203125,-3.5584716796875,2.2471923828125
0.047,1.5665283203125,-3.5184326171875,1.9268798828125
0.0475,2.1270751953125,-3.3983154296875,1.2862548828125
0.048,2.5675048828125,-3.1981201171875,0.7257080078125
0.0485,2.9278564453125,-2.8778076171875,0.0050048828125
0.049,3.2882080078125,-2.5174560546875,-0.6756591796875
0.0495,3.4884033203125,-2.1571044921875,-1.2762451171875
0.05,3.3282470703125,-1.5164794921875,-1.7166748046875
0.0505,3.5284423828125,-0.9959716796875,-2.3572998046875
0.051,3.1280517578125,-0.3153076171875,-2.7576904296875
0.0515,3.0079345703125,0.2852783203125,-3.1981201171875
0.052,2.5274658203125,0.9659423828125,-3.4383544921875
0.0525,2.0469970703125,1.4063720703125,-3.4383544921875
0.053,1.3262939453125,2.0469970703125,-3.3182373046875
0.0535,0.7657470703125,2.5274658203125,-3.3582763671875
0.054,0.0050048828125,2.8477783203125,-2.9178466796875
0.0545,-0.5155029296875,3.2081298828125,-2.7176513671875
0.055,-1.1561279296875,3.4483642578125,-2.3572998046875
0.0555,-1.5164794921875,3.3282470703125,-1.9168701171875
0.056,-2.1170654296875,3.3682861328125,-1.3563232421875
0.0565,-2.5174560546875,2.9678955078125,-0.6356201171875
0.057,-2.9178466796875,2.6876220703125,0.0050048828125
0.0575,-3.2781982421875,2.2471923828125,0.7657470703125
0.058,-3.3582763671875,1.9268798828125,1.2862548828125
0.0585,-3.2381591796875,1.2462158203125,1.8468017578125
0.059,-3.3582763671875,0.7257080078125,2.4874267578125
0.0595,-2.9578857421875,-0.0750732421875,2.8878173828125
0.06,-2.7176513671875,-0.6756591796875,3.2481689453125
0.0605,-2.1971435546875,-1.3963623046875,3.4483642578125
0.061,-1.5164794921875,-1.9168701171875,3.2882080078125
0.0615,-0.8758544921875,-2.5574951171875,3.3282470703125
0.062,-0.1151123046875,-2.9578857421875,3.0479736328125
0.0625,0.5655517578125,-3.2781982421875,2.6475830078125
0.063,1.2462158203125,-3.5985107421875,2.2872314453125
0.0635,1.7667236328125,-3.7186279296875,1.9268798828125
0.064,2.2071533203125,-3.4783935546875,1.2862548828125
0.0645,2.7276611328125,-3.5184326171875,0.7657470703125
0.065,3.0479736328125,-2.8778076171875,-0.1151123046875
0.0655,3.3682861328125,-2.5975341796875,-0.7957763671875
0.066,3.5684814453125,-1.9569091796875,-1.5164794921875
0.0665,3.5284423828125,-1.4764404296875,-1.9569091796875
0.067,3.3682861328125,-0.7957763671875,-2.5174560546875
0.0675,3.2481689453125,-0.1951904296875,-2.9578857421875
0.068,2.8477783203125,0.5255126953125,-3.3182373046875
0.0685,2.4874267578125,1.1661376953125,-3.5584716796875
0.069,1.9268798828125,1.7667236328125,-3.5985107421875
0.0695,1.1260986328125,2.2471923828125,-3.3182373046875
0.07,0.5655517578125,2.8077392578125,-3.3582763671875
0.0705,-0.1951904296875,3.0479736328125,-2.8778076171875
0.071,-0.8358154296875,3.3282470703125,-2.5574951171875
0.0715,-1.4364013671875,3.4884033203125,-2.0770263671875
0.072,-1.8768310546875,3.4483642578125,-1.6365966796875
0.0725,-2.2772216796875,3.1680908203125,-1.0760498046875
0.073,-2.7576904296875,3.0880126953125,-0.5155029296875
0.0735,-2.9578857421875,2.4473876953125,0.2852783203125
0.074,-3.3182373046875,2.2071533203125,0.9259033203125
0.0745,-3.3983154296875,1.6466064453125,1.5665283203125
0.075,-3.2381591796875,1.0860595703125,1.9669189453125
0.0755,-3.2381591796875,0.4854736328125,2.5675048828125
0.076,-2.9178466796875,-0.1951904296875,2.9278564453125
0.0765,-2.5975341796875,-0.8358154296875,3.2882080078125
0.077,-2.1170654296875,-1.4764404296875,3.4483642578125
0.0775,-1.5565185546875,-1.9969482421875,3.4483642578125
0.078,-0.7957763671875,-2.4373779296875,3.1680908203125
0.0785,-0.2352294921875,-3.0379638671875,3.1680908203125
0.079,0.6055908203125,-3.1981201171875,2.5675048828125
0.0795,1.1661376953125,-3.5584716796875,2.3673095703125
0.08,1.7667236328125,-3.6785888671875,1.9268798828125
0.0805,2.1671142578125,-3.5584716796875,1.4063720703125
0.081,2.6475830078125,-3.4783935546875,0.8057861328125
0.0815,3.0479736328125,-3.1180419921875,0.0850830078125
0.082,3.3282470703125,-2.5574951171875,-0.6356201171875
0.0825,3.5684814453125,-2.1971435546875,-1.3162841796875
0.083,3.6485595703125,-1.6365966796875,-1.9168701171875
0.0835,3.4083251953125,-0.9959716796875,-2.3572998046875
0.084,3.4884033203125,-0.3953857421875,-2.9178466796875
0.0845,2.9678955078125,0.3653564453125,-3.2381591796875
0.085,2.6876220703125,1.0059814453125,-3.5985107421875
0.0855,2.0870361328125,1.6466064453125,-3.6785888671875
0.086,1.4063720703125,2.1671142578125,-3.5584716796875
0.0865,0.6856689453125,2.6876220703125,-3.3582763671875
0.087,0.0450439453125,3.1280517578125,-3.1981201171875
0.0875,-0.7156982421875,3.3282470703125,-2.5975341796875
0.088,-1.3162841796875,3.6085205078125,-2.3172607421875
0.0885,-1.9168701171875,3.6085205078125,-1.7967529296875
0.089,-2.3172607421875,3.3282470703125,-1.2362060546875
0.0895,-2.8377685546875,3.2481689453125,-0.6356201171875
0.09,-3.1180419921875,2.6876220703125,0.2452392578125
0.0905,-3.3983154296875,2.2471923828125,0.9659423828125
0.091,-3.5584716796875,1.7667236328125,1.6065673828125
0.0915,-3.5584716796875,1.2061767578125,2.1671142578125
0.092,-3.2781982421875,0.4854736328125,2.6075439453125
0.0925,-3.1981201171875,-0.0750732421875,3.1280517578125
0.093,-2.5975341796875,-0.9959716796875,3.4483642578125
0.0935,-2.2371826171875,-1.5565185546875,3.6885986328125
0.094,-1.5164794921875,-2.2371826171875,3.6085205078125
0.0945,-0.7557373046875,-2.6776123046875,3.3682861328125
0.095,-0.0750732421875,-3.1981201171875,3.1680908203125
0.0955,0.7257080078125,-3.5184326171875,2.7276611328125
0.096,1.4864501953125,-3.7186279296875,2.2071533203125
0.0965,1.9669189453125,-3.8387451171875,1.8067626953125
0.097,2.5274658203125,-3.7987060546875,1.2462158203125
0.0975,2.8477783203125,-3.4783935546875,0.5655517578125
0.098,3.3682861328125,-3.2381591796875,0.0050048828125
0.0985,3.5284423828125,-2.4774169921875,-0.9959716796875
0.099,3.8087158203125,-2.0770263671875,-1.5965576171875
0.0995,3.7686767578125,-1.4364013671875,-2.2371826171875
0.1,3.6085205078125,-0.7957763671875,-2.6776123046875
0.1005,3.3282470703125,-0.1551513671875,-3.0780029296875
0.101,3.1280517578125,0.5255126953125,-3.5184326171875
0.1015,2.5274658203125,1.2862548828125,-3.7987060546875
0.102,2.0469970703125,1.8468017578125,-3.8387451171875
0.1025,1.3262939453125,2.4874267578125,-3.7586669921875
0.103,0.5655517578125,2.8477783203125,-3.3983154296875
0.1035,-0.0350341796875,3.3282470703125,-3.2781982421875
0.104,-0.9559326171875,3.5284423828125,-2.6375732421875
0.1045,-1.5965576171875,3.7286376953125,-2.2371826171875
0.105,-2.0770263671875,3.6485595703125,-1.7166748046875
0.1055,-2.5975341796875,3.5684814453125,-1.1961669921875
0.106,-2.8778076171875,3.2081298828125,-0.4754638671875
0.1065,-3.3582763671875,3.0079345703125,0.2052001953125
0.107,-3.5584716796875,2.1671142578125,1.1260986328125
0.1075,-3.7186279296875,1.8468017578125,1.7266845703125
0.108,-3.6785888671875,1.1260986328125,2.3272705078125
0.1085,-3.4783935546875,0.4854736328125,2.8077392578125
0.109,-3.2381591796875,-0.1551513671875,3.2481689453125
0.1095,-2.7977294921875,-0.9959716796875,3.5684814453125
0.11,-2.2772216796875,-1.7166748046875,3.8487548828125
0.1105,-1.5965576171875,-2.2772216796875,3.7686767578125
0.111,-0.8758544921875,-2.8778076171875,3.6885986328125
0.1115,-0.0350341796875,-3.2381591796875,3.2481689453125
0.112,0.6055908203125,-3.7186279296875,3.0880126953125
0.1125,1.5665283203125,-3.8787841796875,2.2471923828125
0.113,2.1671142578125,-4.0789794921875,1.9268798828125
0.1135,2.6075439453125,-3.8787841796875,1.2462158203125
0.114,3.1280517578125,-3.7186279296875,0.6456298828125
0.1145,3.4483642578125,-3.2781982421875,-0.0350341796875
0.115,3.8087158203125,-2.8377685546875,-0.8358154296875
0.1155,3.9688720703125,-2.0369873046875,-1.7967529296875
0.116,4.0089111328125,-1.5565185546875,-2.3172607421875
0.1165,3.8887939453125,-0.7957763671875,-2.9178466796875
0.117,3.5284423828125,-0.0750732421875,-3.3182373046875
0.1175,3.3282470703125,0.5655517578125,-3.7586669921875
0.118,2.6075439453125,1.4464111328125,-3.9989013671875
0.1185,2.1270751953125,2.1671142578125,-4.1590576171875
0.119,1.2862548828125,2.6075439453125,-3.8787841796875
0.1195,0.5655517578125,3.2081298828125,-3.7987060546875
0.12,-0.2352294921875,3.5284423828125,-3.2781982421875
0.1205,-0.9559326171875,3.8487548828125,-2.9578857421875
0.121,-1.9569091796875,3.9288330078125,-2.1170654296875
0.1215,-2.4373779296875,3.9688720703125,-1.7166748046875
0.122,-2.8778076171875,3.7686767578125,-0.9959716796875
0.1225,-3.2781982421875,3.4884033203125,-0.3153076171875
0.123,-3.5584716796875,3.0079345703125,0.3653564453125
0.1235,-3.8387451171875,2.4073486328125,1.2862548828125
0.124,-3.9989013671875,1.6466064453125,2.1270751953125
0.1245,-3.8387451171875,1.0460205078125,2.5675048828125
0.125,-3.7186279296875,0.3253173828125,3.1680908203125
0.1255,-3.2381591796875,-0.3553466796875,3.4884033203125
0.126,-2.9979248046875,-1.0360107421875,3.8487548828125
0.1265,-2.2371826171875,-1.9969482421875,4.0889892578125
0.127,-1.6365966796875,-2.5574951171875,4.0889892578125
0.1275,-0.7957763671875,-3.0379638671875,3.6885986328125
0.128,-0.0350341796875,-3.5584716796875,3.5284423828125
0.1285,0.7657470703125,-3.8387451171875,3.0079345703125
0.129,1.5665283203125,-4.1190185546875,2.5274658203125
0.1295,2.4073486328125,-4.2391357421875,1.7667236328125
0.13,2.7677001953125,-3.9989013671875,1.2862548828125
0.1305,3.3282470703125,-3.8787841796875,0.6055908203125
0.131,3.5684814453125,-3.3983154296875,-0.0750732421875
0.1315,3.9288330078125,-3.0379638671875,-0.7957763671875
0.132,4.0489501953125,-2.1971435546875,-1.7567138671875
0.1325,4.2091064453125,-1.6365966796875,-2.4373779296875
0.133,3.8487548828125,-0.9158935546875,-2.8778076171875
0.1335,3.8087158203125,-0.2752685546875,-3.4383544921875
0.134,3.2882080078125,0.4854736328125,-3.6785888671875
0.1345,3.0079345703125,1.1260986328125,-4.0389404296875
0.135,2.2471923828125,2.0469970703125,-4.1990966796875
0.1355,1.6466064453125,2.5274658203125,-4.1190185546875
0.136,0.7657470703125,3.0880126953125,-3.8387451171875
0.1365,0.0450439453125,3.4884033203125,-3.5584716796875
0.137,-0.6756591796875,3.7686767578125,-3.1580810546875
0.1375,-1.5164794921875,3.8887939453125,-2.5574951171875
0.138,-2.2772216796875,4.1290283203125,-1.9168701171875
0.1385,-2.5975341796875,3.7686767578125,-1.2762451171875
0.139,-3.1981201171875,3.7286376953125,-0.6756591796875
0.1395,-3.3983154296875,3.1680908203125,0.0450439453125
0.14,-3.8387451171875,2.8477783203125,0.7657470703125
0.1405,-3.9188232421875,1.9268798828125,1.7667236328125
0.141,-4.0389404296875,1.4464111328125,2.3272705078125
0.1415,-3.7186279296875,0.6456298828125,2.8477783203125
0.142,-3.6385498046875,0.0450439453125,3.3682861328125
0.1425,-3.1180419921875,-0.7156982421875,3.6885986328125
0.143,-2.6776123046875,-1.4364013671875,3.9688720703125
0.1435,-1.9569091796875,-2.3172607421875,4.1690673828125
0.144,-1.2362060546875,-2.7176513671875,3.8487548828125
0.1445,-0.4354248046875,-3.3983154296875,3.7286376953125
0.145,0.3653564453125,-3.7186279296875,3.2481689453125
0.1455,1.0860595703125,-4.0389404296875,2.8477783203125
0.146,2.0469970703125,-4.1590576171875,2.1270751953125
0.1465,2.6876220703125,-4.2791748046875,1.6065673828125
0.147,3.0479736328125,-3.8387451171875,0.8858642578125
0.1475,3.5684814453125,-3.8387451171875,0.2852783203125
0.148,3.7686767578125,-3.0780029296875,-0.5155029296875
0.1485,4.0889892578125,-2.7176513671875,-1.2762451171875
0.149,4.2091064453125,-1.7967529296875,-2.2772216796875
0.1495,4.1290283203125,-1.2762451171875,-2.7576904296875
0.15,3.8487548828125,-0.3953857421875,-3.2781982421875
0.1505,3.5684814453125,0.2052001953125,-3.7186279296875
0.151,3.1280517578125,0.9659423828125,-3.9989013671875
0.1515,2.5274658203125,1.7667236328125,-4.1590576171875
0.152,1.9268798828125,2.5274658203125,-4.3592529296875
0.1525,0.9659423828125,2.8477783203125,-3.8387451171875
0.153,0.2852783203125,3.4884033203125,-3.8387451171875
0.1535,-0.5955810546875,3.6885986328125,-3.1981201171875
0.154,-1.2362060546875,3.9688720703125,-2.7977294921875
0.1545,-2.1571044921875,4.0889892578125,-1.9969482421875
0.155,-2.6375732421875,4.0089111328125,-1.4764404296875
0.1555,-3.0379638671875,3.6085205078125,-0.7156982421875
0.156,-3.4783935546875,3.4884033203125,-0.1551513671875
0.1565,-3.6385498046875,2.7677001953125,0.6856689453125
0.157,-3.9188232421875,2.2872314453125,1.3663330078125
0.1575,-4.0789794921875,1.5665283203125,2.2872314453125
0.158,-3.7987060546875,0.9259033203125,2.6876220703125
0.1585,-3.6785888671875,0.2052001953125,3.2882080078125
0.159,-3.2781982421875,-0.5155029296875,3.5684814453125
0.1595,-2.8778076171875,-1.2362060546875,3.9288330078125
0.16,-2.1971435546875,-2.0369873046875,4.0489501953125
0.1605,-1.5565185546875,-2.7176513671875,4.1290283203125
0.161,-0.6356201171875,-3.1180419921875,3.5684814453125
0.1615,-0.0350341796875,-3.7186279296875,3.6085205078125
0.162,0.9659423828125,-3.8787841796875,2.8878173828125
0.1625,1.6065673828125,-4.1190185546875,2.5274658203125
0.163,2.5274658203125,-4.2791748046875,1.7667236328125
0.1635,2.8878173828125,-4.0389404296875,1.2061767578125
0.164,3.3682861328125,-3.7987060546875,0.5255126953125
0.1645,3.7686767578125,-3.4783935546875,-0.1551513671875
0.165,3.9688720703125,-2.8377685546875,-1.0360107421875
0.1655,4.1690673828125,-2.2371826171875,-1.7967529296875
0.166,4.3292236328125,-1.5565185546875,-2.6375732421875
0.1665,3.8887939453125,-0.7156982421875,-3.0379638671875
0.167,3.8887939453125,-0.1551513671875,-3.6385498046875
0.1675,3.2481689453125,0.7257080078125,-3.8787841796875
0.168,2.8878173828125,1.4063720703125,-4.2391357421875
0.1685,2.0870361328125,2.2471923828125,-4.3592529296875
0.169,1.4063720703125,2.8077392578125,-4.1590576171875
0.1695,0.4454345703125,3.2481689453125,-3.7186279296875
0.17,-0.1551513671875,3.8087158203125,-3.5985107421875
0.1705,-1.1561279296875,3.9288330078125,-2.8377685546875
0.171,-1.7967529296875,4.1290283203125,-2.3973388671875
0.1715,-2.5975341796875,4.1690673828125,-1.6766357421875
0.172,-2.9178466796875,3.7686767578125,-0.9959716796875
0.1725,-3.4783935546875,3.6485595703125,-0.3553466796875
0.173,-3.7186279296875,3.0079345703125,0.4854736328125
0.1735,-3.9188232421875,2.4473876953125,1.2862548828125
0.174,-3.9989013671875,1.7667236328125,2.0469970703125
0.1745,-4.0389404296875,1.1260986328125,2.6876220703125
0.175,-3.5584716796875,0.2852783203125,3.0479736328125
0.1755,-3.5584716796875,-0.2752685546875,3.6085205078125
0.176,-2.8377685546875,-1.1561279296875,3.8087158203125
0.1765,-2.4373779296875,-1.7967529296875,4.0489501953125
0.177,-1.6766357421875,-2.5975341796875,4.1290283203125
0.1775,-0.8758544921875,-2.9979248046875,3.7686767578125
0.178,-0.1151123046875,-3.4783935546875,3.4884033203125
0.1785,0.6456298828125,-3.8387451171875,3.1280517578125
0.179,1.4864501953125,-3.9989013671875,2.4874267578125
0.1795,2.1270751953125,-4.1190185546875,1.9669189453125
0.18,2.7276611328125,-4.1590576171875,1.4464111328125
0.1805,3.0479736328125,-3.6785888671875,0.6856689453125
0.181,3.5284423828125,-3.6785888671875,0.1651611328125
0.1815,3.7286376953125,-2.8778076171875,-0.6756591796875
0.182,3.9688720703125,-2.5174560546875,-1.3162841796875
0.1825,4.0889892578125,-1.7567138671875,-2.1571044921875
0.183,3.9688720703125,-1.1961669921875,-2.6375732421875
0.1835,3.6485595703125,-0.3953857421875,-3.0780029296875
0.184,3.4884033203125,0.1251220703125,-3.5584716796875
0.1845,2.9678955078125,0.9659423828125,-3.7987060546875
0.185,2.4874267578125,1.5264892578125,-3.9989013671875
0.1855,1.9268798828125,2.2872314453125,-4.0789794921875
0.186,1.0059814453125,2.6075439453125,-3.6785888671875
0.1865,0.4053955078125,3.2481689453125,-3.6785888671875
0.187,-0.3553466796875,3.4483642578125,-3.0780029296875
0.1875,-1.0360107421875,3.6885986328125,-2.7176513671875
0.188,-1.7166748046875,3.8487548828125,-2.1971435546875
0.1885,-2.2371826171875,3.8087158203125,-1.6766357421875
0.189,-2.5975341796875,3.4483642578125,-0.9959716796875
0.1895,-3.0780029296875,3.4483642578125,-0.4754638671875
0.19,-3.3182373046875,2.7276611328125,0.3653564453125
0.1905,-3.6385498046875,2.4073486328125,1.0059814453125
0.191,-3.7987060546875,1.7667236328125,1.7667236328125
0.1915,-3.5985107421875,1.2061767578125,2.2071533203125
0.192,-3.5184326171875,0.4854736328125,2.8077392578125
0.1925,-3.1981201171875,-0.1951904296875,3.1680908203125
0.193,-2.8377685546875,-0.9158935546875,3.5284423828125
0.1935,-2.2772216796875,-1.6766357421875,3.6085205078125
0.194,-1.7567138671875,-2.1571044921875,3.8087158203125
0.1945,-0.9158935546875,-2.5975341796875,3.4083251953125
0.195,-0.3153076171875,-3.2381591796875,3.4884033203125
0.1955,0.6055908203125,-3.4783935546875,2.8077392578125
0.196,1.2061767578125,-3.7987060546875,2.5675048828125
0.1965,1.9268798828125,-3.8787841796875,2.0069580078125
0.197,2.2872314453125,-3.7987060546875,1.5264892578125
0.1975,2.8077392578125,-3.5584716796875,0.8458251953125
0.198,3.2481689453125,-3.3582763671875,0.2052001953125
0.1985,3.5284423828125,-2.7176513671875,-0.6356201171875
0.199,3.8087158203125,-2.3572998046875,-1.3162841796875
0.1995,3.8887939453125,-1.7166748046875,-1.9969482421875
0.2,3.5684814453125,-1.0360107421875,-2.4373779296875
0.2005,3.5684814453125,-0.5155029296875,-3.0780029296875
0.201,3.1680908203125,0.2852783203125,-3.3582763671875
0.2015,2.7276611328125,0.8057861328125,-3.7987060546875
0.202,2.2471923828125,1.6466064453125,-3.8387451171875
0.2025,1.6065673828125,2.1671142578125,-3.7186279296875
0.203,0.7657470703125,2.6876220703125,-3.4783935546875
0.2035,0.2052001953125,3.1680908203125,-3.3983154296875
0.204,-0.6356201171875,3.3682861328125,-2.7576904296875
0.2045,-1.1961669921875,3.6485595703125,-2.5174560546875
0.205,-1.8367919921875,3.6885986328125,-1.9569091796875
0.2055,-2.1971435546875,3.4483642578125,-1.3963623046875
0.206,-2.7176513671875,3.3682861328125,-0.7957763671875
0.2065,-2.9979248046875,2.9278564453125,-0.0350341796875
0.207,-3.2781982421875,2.4874267578125,0.6456298828125
0.2075,-3.5184326171875,2.0069580078125,1.2862548828125
0.208,-3.5584716796875,1.5264892578125,1.8868408203125
0.2085,-3.3182373046875,0.8057861328125,2.3673095703125
0.209,-3.3582763671875,0.2452392578125,2.8878173828125
0.2095,-2.9578857421875,-0.5955810546875,3.2882080078125
0.21,-2.5574951171875,-1.1160888671875,3.5284423828125
0.2105,-1.9569091796875,-1.7967529296875,3.5684814453125
0.211,-1.2762451171875,-2.2371826171875,3.4083251953125
0.2115,-0.5955810546875,-2.7977294921875,3.2882080078125
0.212,0.0850830078125,-3.1981201171875,3.0079345703125
0.2125,0.8458251953125,-3.4783935546875,2.5675048828125
0.213,1.4063720703125,-3.7186279296875,2.2471923828125
0.2135,1.9268798828125,-3.7186279296875,1.7667236328125
0.214,2.3272705078125,-3.4783935546875,1.2061767578125
0.2145,2.8878173828125,-3.5184326171875,0.6456298828125
0.215,3.1680908203125,-2.8778076171875,-0.1951904296875
0.2155,3.5284423828125,-2.5975341796875,-0.7957763671875
0.216,3.6485595703125,-1.9969482421875,-1.5164794921875
0.2165,3.6885986328125,-1.4764404296875,-1.9569091796875
0.217,3.4483642578125,-0.8358154296875,-2.5574951171875
0.2175,3.3682861328125,-0.2752685546875,-3.1580810546875
0.218,2.9278564453125,0.5255126953125,-3.3983154296875
0.2185,2.6075439453125,1.1260986328125,-3.6785888671875
0.219,1.9669189453125,1.7667236328125,-3.7186279296875
0.2195,1.2862548828125,2.2471923828125,-3.4783935546875
0.22,0.6456298828125,2.8477783203125,-3.5184326171875
0.2205,-0.1151123046875,3.1280517578125,-3.0379638671875
0.221,-0.7957763671875,3.4483642578125,-2.6776123046875
0.2215,-1.3563232421875,3.5684814453125,-2.2772216796875
0.222,-1.8768310546875,3.5684814453125,-1.7967529296875
0.2225,-2.3172607421875,3.3282470703125,-1.1561279296875
0.223,-2.8377685546875,3.2481689453125,-0.5955810546875
0.2235,-3.0780029296875,2.5675048828125,0.2852783203125
0.224,-3.4383544921875,2.3673095703125,0.9259033203125
0.2245,-3.4783935546875,1.6065673828125,1.5264892578125
0.225,-3.3582763671875,1.1260986328125,2.0469970703125
0.2255,-3.3582763671875,0.4854736328125,2.6475830078125
0.226,-3.0379638671875,-0.1551513671875,3.0479736328125
0.2265,-2.6375732421875,-0.9158935546875,3.3682861328125
0.227,-2.1571044921875,-1.4764404296875,3.5284423828125
0.2275,-1.5565185546875,-2.0770263671875,3.5284423828125
0.228,-0.7557373046875,-2.5574951171875,3.2081298828125
0.2285,-0.1551513671875,-3.1580810546875,3.2081298828125
0.229,0.6856689453125,-3.3582763671875,2.5675048828125
0.2295,1.2862548828125,-3.6785888671875,2.3673095703125
0.23,1.8468017578125,-3.6785888671875,1.8468017578125
0.2305,2.2471923828125,-3.5584716796875,1.3262939453125
0.231,2.6876220703125,-3.3582763671875,0.6856689453125
0.2315,3.1280517578125,-3.0780029296875,0.0450439453125
0.232,3.3282470703125,-2.4774169921875,-0.7957763671875
0.2325,3.5684814453125,-2.3172607421875,-1.3963623046875
0.233,3.6485595703125,-1.5965576171875,-1.9569091796875
0.2335,3.4483642578125,-0.9559326171875,-2.3572998046875
0.234,3.4083251953125,-0.3553466796875,-2.9178466796875
0.2345,2.9278564453125,0.3653564453125,-3.2381591796875
0.235,2.6876220703125,0.9659423828125,-3.5584716796875
0.2355,2.0870361328125,1.5665283203125,-3.5584716796875
0.236,1.4464111328125,2.0469970703125,-3.5584716796875
0.2365,0.6856689453125,2.5675048828125,-3.2781982421875
0.237,0.1651611328125,3.0479736328125,-3.1981201171875
0.2375,-0.6356201171875,3.2081298828125,-2.5975341796875
0.238,-1.1561279296875,3.5284423828125,-2.4373779296875
0.2385,-1.6365966796875,3.4884033203125,-1.9168701171875
0.239,-2.0369873046875,3.3282470703125,-1.3963623046875
0.2395,-2.5574951171875,3.2481689453125,-0.7957763671875
0.24,-2.8778076171875,2.7677001953125,-0.0350341796875
0.2405,-3.1981201171875,2.2471923828125,0.5255126953125
0.241,-3.3582763671875,1.9669189453125,1.2061767578125
0.2415,-3.3983154296875,1.4864501953125,1.7266845703125
0.242,-3.2381591796875,0.8057861328125,2.2071533203125
0.2425,-3.2381591796875,0.2852783203125,2.7677001953125
0.243,-2.7576904296875,-0.4754638671875,3.0880126953125
0.2435,-2.5174560546875,-0.9959716796875,3.3682861328125
0.244,-1.8768310546875,-1.5965576171875,3.3282470703125
0.2445,-1.2762451171875,-2.0770263671875,3.2481689453125
0.245,-0.5955810546875,-2.6776123046875,3.1680908203125
0.2455,0.0450439453125,-3.0379638671875,2.8477783203125
0.246,0.7657470703125,-3.3582763671875,2.5274658203125
0.2465,1.2862548828125,-3.5584716796875,2.2872314453125
0.247,1.7667236328125,-3.5985107421875,1.8468017578125
0.2475,2.2071533203125,-3.3983154296875,1.2462158203125
0.248,2.7677001953125,-3.3582763671875,0.6456298828125
0.2485,2.9678955078125,-2.8377685546875,-0.2352294921875
0.249,3.4483642578125,-2.5975341796875,-0.7557373046875
0.2495,3.4884033203125,-2.0369873046875,-1.3963623046875
0.25,3.4884033203125,-1.5565185546875,-1.8367919921875
0.2505,3.3282470703125,-0.8358154296875,-2.4373779296875
0.251,3.2481689453125,-0.2752685546875,-2.9178466796875
0.2515,2.8477783203125,0.4854736328125,-3.2381591796875
0.252,2.5675048828125,1.0059814453125,-3.4783935546875
0.2525,1.9268798828125,1.6065673828125,-3.5184326171875
0.253,1.2462158203125,2.1270751953125,-3.3582763671875
0.2535,0.6456298828125,2.6876220703125,-3.3582763671875
0.254,-0.0750732421875,2.9278564453125,-2.8778076171875
0.2545,-0.6756591796875,3.3282470703125,-2.6776123046875
0.255,-1.1961669921875,3.3682861328125,-2.2772216796875
0.2555,-1.6766357421875,3.4483642578125,-1.8367919921875
0.256,-2.1571044921875,3.1680908203125,-1.1561279296875
0.2565,-2.6375732421875,3.0880126953125,-0.5955810546875
0.257,-2.8778076171875,2.4874267578125,0.2052001953125
0.2575,-3.2781982421875,2.2872314453125,0.7657470703125
0.258,-3.3182373046875,1.7266845703125,1.4063720703125
0.2585,-3.2381591796875,1.2061767578125,1.8868408203125
0.259,-3.1981201171875,0.5655517578125,2.4874267578125
0.2595,-2.9178466796875,-0.1151123046875,2.8878173828125
0.26,-2.5975341796875,-0.7156982421875,3.2081298828125
0.2605,-2.1170654296875,-1.3162841796875,3.2882080078125
0.261,-1.5565185546875,-1.9168701171875,3.3282470703125
0.2615,-0.7957763671875,-2.3973388671875,3.1280517578125
0.262,-0.2352294921875,-2.9178466796875,3.0880126953125
0.2625,0.5655517578125,-3.1580810546875,2.5274658203125
0.263,1.0860595703125,-3.5184326171875,2.4073486328125
0.2635,1.5665283203125,-3.5184326171875,1.9268798828125
0.264,2.0069580078125,-3.4783935546875,1.4864501953125
0.2645,2.5274658203125,-3.2781982421875,0.8057861328125
0.265,2.8878173828125,-2.9979248046875,0.1251220703125
0.2655,3.1680908203125,-2.5574951171875,-0.5955810546875
0.266,3.4483642578125,-2.1971435546875,-1.1160888671875
0.2665,3.4884033203125,-1.6766357421875,-1.6766357421875
0.267,3.3682861328125,-1.0760498046875,-2.1571044921875
0.2675,3.3682861328125,-0.4754638671875,-2.7576904296875
0.268,2.9278564453125,0.2852783203125,-3.1180419921875
0.2685,2.6876220703125,0.8057861328125,-3.4783935546875
0.269,2.0469970703125,1.4063720703125,-3.3983154296875
0.2695,1.5264892578125,1.9268798828125,-3.3983154296875
0.27,0.7657470703125,2.4874267578125,-3.2381591796875
0.2705,0.2052001953125,2.8878173828125,-3.0780029296875
0.271,-0.5155029296875,3.1680908203125,-2.6375732421875
0.2715,-0.9959716796875,3.4083251953125,-2.4373779296875
0.272,-1.5565185546875,3.4483642578125,-1.9569091796875
0.2725,-1.9969482421875,3.3282470703125,-1.3963623046875
0.273,-2.5574951171875,3.1680908203125,-0.7957763671875
0.2735,-2.8778076171875,2.6075439453125,0.0050048828125
0.274,-3.2381591796875,2.4073486328125,0.6856689453125
0.2745,-3.3182373046875,1.8868408203125,1.2462158203125
0.275,-3.3582763671875,1.4063720703125,1.8067626953125
0.2755,-3.1981201171875,0.6856689453125,2.3673095703125
0.276,-3.1580810546875,0.0450439453125,2.8878173828125
0.2765,-2.6375732421875,-0.6756591796875,3.2081298828125
0.277,-2.2772216796875,-1.2762451171875,3.4483642578125
0.2775,-1.5965576171875,-1.9168701171875,3.3682861328125
0.278,-0.9158935546875,-2.4373779296875,3.2481689453125
0.2785,-0.2752685546875,-2.9178466796875,3.1280517578125
0.279,0.4854736328125,-3.2381591796875,2.6876220703125
0.2795,1.2061767578125,-3.5584716796875,2.2872314453125
0.28,1.6065673828125,-3.5985107421875,1.9268798828125
0.2805,2.2071533203125,-3.5985107421875,1.4063720703125
0.281,2.5675048828125,-3.2781982421875,0.7657470703125
0.2815,3.1280517578125,-3.1981201171875,0.1251220703125
0.282,3.2882080078125,-2.4373779296875,-0.7957763671875
0.2825,3.6085205078125,-2.1571044921875,-1.3162841796875
0.283,3.5284423828125,-1.4764404296875,-1.9168701171875
0.2835,3.4884033203125,-0.9959716796875,-2.3973388671875
0.284,3.2481689453125,-0.2752685546875,-2.8778076171875
0.2845,2.9678955078125,0.3653564453125,-3.2381591796875
0.285,2.4874267578125,1.1260986328125,-3.5584716796875
0.2855,1.9669189453125,1.5665283203125,-3.5584716796875
0.286,1.2862548828125,2.2071533203125,-3.5184326171875
0.2865,0.6055908203125,2.6075439453125,-3.1981201171875
0.287,0.0050048828125,3.0880126953125,-3.1580810546875
0.2875,-0.7957763671875,3.2481689453125,-2.5174560546875
0.288,-1.3162841796875,3.5284423828125,-2.2371826171875
0.2885,-1.7567138671875,3.3682861328125,-1.7166748046875
0.289,-2.2772216796875,3.3682861328125,-1.2762451171875
0.2895,-2.5574951171875,3.0079345703125,-0.5955810546875
0.29,-3.0379638671875,2.7677001953125,0.0450439453125
0.2905,-3.1981201171875,2.1671142578125,0.8858642578125
0.291,-3.3983154296875,1.8468017578125,1.4063720703125
0.2915,-3.3582763671875,1.2061767578125,1.9669189453125
0.292,-3.2381591796875,0.6456298828125,2.4073486328125
0.2925,-3.0780029296875,0.0050048828125,2.9278564453125
0.293,-2.6776123046875,-0.7156982421875,3.2081298828125
0.2935,-2.2772216796875,-1.3563232421875,3.5284423828125
0.294,-1.6365966796875,-1.8367919921875,3.3282470703125
0.2945,-1.0360107421875,-2.4373779296875,3.3682861328125
0.295,-0.2752685546875,-2.8377685546875,3.0079345703125
0.2955,0.3253173828125,-3.2781982421875,2.8878173828125
0.296,1.1661376953125,-3.5184326171875,2.2872314453125
0.2965,1.6065673828125,-3.7186279296875,2.0469970703125
0.297,2.0870361328125,-3.5985107421875,1.4864501953125
0.2975,2.5675048828125,-3.5584716796875,0.9659423828125
0.298,2.9678955078125,-3.1580810546875,0.2452392578125
0.2985,3.3282470703125,-2.7176513671875,-0.5155029296875
0.299,3.6085205078125,-2.2371826171875,-1.2762451171875
0.2995,3.5684814453125,-1.7567138671875,-1.7567138671875
0.3,3.6085205078125,-1.1561279296875,-2.3572998046875
0.3005,3.3282470703125,-0.4754638671875,-2.7576904296875
0.301,3.2481689453125,0.1251220703125,-3.2781982421875
0.3015,2.6876220703125,0.9659423828125,-3.5584716796875
0.302,2.2872314453125,1.5264892578125,-3.7586669921875
0.3025,1.4864501953125,2.0469970703125,-3.5584716796875
0.303,0.8858642578125,2.6475830078125,-3.5184326171875
0.3035,0.1251220703125,3.0079345703125,-3.1580810546875
0.304,-0.5155029296875,3.3282470703125,-2.8778076171875
0.3045,-1.3563232421875,3.5684814453125,-2.2772216796875
0.305,-1.7567138671875,3.5284423828125,-1.9569091796875
0.3055,-2.3172607421875,3.5284423828125,-1.3162841796875
0.306,-2.7176513671875,3.2481689453125,-0.6756591796875
0.3065,-3.1180419921875,2.9278564453125,0.0050048828125
0.307,-3.3582763671875,2.2872314453125,0.8458251953125
0.3075,-3.6385498046875,1.8868408203125,1.5665283203125
0.308,-3.3983154296875,1.2462158203125,2.0069580078125
0.3085,-3.4783935546875,0.6856689453125,2.5675048828125
0.309,-3.0780029296875,-0.0350341796875,3.0079345703125
0.3095,-2.8778076171875,-0.6756591796875,3.4483642578125
0.31,-2.2371826171875,-1.5565185546875,3.6485595703125
0.3105,-1.6766357421875,-2.0369873046875,3.6085205078125
0.311,-0.9158935546875,-2.5975341796875,3.4483642578125
0.3115,-0.1951904296875,-3.0780029296875,3.2081298828125
0.312,0.5255126953125,-3.4383544921875,2.8477783203125
0.3125,1.2862548828125,-3.6785888671875,2.3673095703125
0.313,2.0069580078125,-3.9188232421875,1.9268798828125
0.3135,2.3272705078125,-3.6785888671875,1.3262939453125
0.314,2.8878173828125,-3.6785888671875,0.8057861328125
0.3145,3.1680908203125,-3.1580810546875,0.0850830078125
0.315,3.5684814453125,-2.8778076171875,-0.5955810546875
0.3155,3.7286376953125,-2.0770263671875,-1.5565185546875
0.316,3.8487548828125,-1.6365966796875,-2.0770263671875
0.3165,3.5684814453125,-0.9158935546875,-2.5574951171875
0.317,3.5284423828125,-0.3553466796875,-3.0379638671875
0.3175,3.1280517578125,0.3253173828125,-3.3582763671875
0.318,2.7276611328125,1.0460205078125,-3.7186279296875
0.3185,2.1671142578125,1.8468017578125,-3.9588623046875
0.319,1.4864501953125,2.2471923828125,-3.7186279296875
0.3195,0.7657470703125,2.8477783203125,-3.6385498046875
0.32,0.0450439453125,3.1680908203125,-3.1981201171875
0.3205,-0.6356201171875,3.5284423828125,-2.9578857421875
0.321,-1.4364013671875,3.6485595703125,-2.3172607421875
0.3215,-2.0369873046875,3.8087158203125,-1.9168701171875
0.322,-2.4373779296875,3.4884033203125,-1.2362060546875
0.3225,-2.9178466796875,3.5284423828125,-0.7156982421875
0.323,-3.1981201171875,2.8878173828125,0.0850830078125
0.3235,-3.5584716796875,2.5675048828125,0.7657470703125
0.324,-3.7186279296875,1.8468017578125,1.7266845703125
0.3245,-3.7186279296875,1.3262939453125,2.1671142578125
0.325,-3.5584716796875,0.6055908203125,2.7276611328125
0.3255,-3.3582763671875,0.0050048828125,3.1680908203125
0.326,-2.9178466796875,-0.7156982421875,3.5684814453125
0.3265,-2.4373779296875,-1.5164794921875,3.8087158203125
0.327,-1.8367919921875,-2.2772216796875,3.9688720703125
0.3275,-0.9959716796875,-2.6375732421875,3.5284423828125
0.328,-0.3153076171875,-3.2781982421875,3.5684814453125
0.3285,0.5255126953125,-3.5584716796875,2.9678955078125
0.329,1.2462158203125,-3.9188232421875,2.6075439453125
0.3295,2.1270751953125,-4.1190185546875,1.9268798828125
0.33,2.6075439453125,-3.9989013671875,1.4063720703125
0.3305,3.0479736328125,-3.7186279296875,0.6856689453125
0.331,3.4884033203125,-3.5584716796875,0.1251220703125
0.3315,3.7286376953125,-2.8778076171875,-0.7156982421875
0.332,3.9688720703125,-2.3572998046875,-1.4764404296875
0.3325,4.1690673828125,-1.5965576171875,-2.3973388671875
0.333,3.8487548828125,-0.9158935546875,-2.7977294921875
0.3335,3.8087158203125,-0.2752685546875,-3.3582763671875
0.334,3.2882080078125,0.4854736328125,-3.6785888671875
0.3345,2.8878173828125,1.2061767578125,-3.9989013671875
0.335,2.2071533203125,2.0469970703125,-4.1590576171875
0.3355,1.5665283203125,2.6475830078125,-4.1590576171875
0.336,0.6055908203125,3.0479736328125,-3.6785888671875
0.3365,0.0050048828125,3.6485595703125,-3.6385498046875
0.337,-0.9559326171875,3.7686767578125,-2.8778076171875
0.3375,-1.5965576171875,3.9688720703125,-2.5174560546875
0.338,-2.4774169921875,4.1290283203125,-1.7567138671875
0.3385,-2.8377685546875,3.8087158203125,-1.1160888671875
0.339,-3.2781982421875,3.6085205078125,-0.4754638671875
0.3395,-3.5985107421875,3.1680908203125,0.2852783203125
0.34,-3.8387451171875,2.5274658203125,1.0860595703125
0.3405,-3.9588623046875,1.9268798828125,1.8468017578125
0.341,-4.1190185546875,1.2462158203125,2.6876220703125
0.3415,-3.5985107421875,0.4454345703125,2.9678955078125
0.342,-3.5985107421875,-0.1151123046875,3.5684814453125
0.3425,-2.9178466796875,-0.9959716796875,3.8087158203125
0.343,-2.5174560546875,-1.6766357421875,4.0489501953125
0.3435,-1.7567138671875,-2.5174560546875,4.1290283203125
0.344,-0.9959716796875,-2.9578857421875,3.8887939453125
0.3445,-0.1551513671875,-3.3582763671875,3.4884033203125
0.345,0.5255126953125,-3.8787841796875,3.2882080078125
0.3455,1.4464111328125,-4.0389404296875,2.5274658203125
0.346,2.0469970703125,-4.1990966796875,2.0469970703125
0.3465,2.8477783203125,-4.2391357421875,1.4063720703125
0.347,3.1280517578125,-3.7586669921875,0.7257080078125
0.3475,3.6485595703125,-3.7186279296875,0.1651611328125
0.348,3.8087158203125,-2.9578857421875,-0.6756591796875
0.3485,4.0489501953125,-2.4774169921875,-1.4364013671875
0.349,4.1290283203125,-1.7967529296875,-2.2371826171875
0.3495,4.1290283203125,-1.1561279296875,-2.8377685546875
0.35,3.6485595703125,-0.3553466796875,-3.1981201171875
0.3505,3.6485595703125,0.1651611328125,-3.7186279296875
0.351,2.9278564453125,1.0860595703125,-3.9188232421875
0.3515,2.5274658203125,1.6866455078125,-4.1590576171875
0.352,1.8468017578125,2.4874267578125,-4.2391357421875
0.3525,1.0059814453125,2.8477783203125,-3.8387451171875
0.353,0.2452392578125,3.3682861328125,-3.6785888671875
0.3535,-0.5155029296875,3.6885986328125,-3.2381591796875
0.354,-1.3162841796875,3.8487548828125,-2.6375732421875
0.3545,-1.9569091796875,4.0089111328125,-2.1571044921875
0.355,-2.6375732421875,4.0089111328125,-1.5565185546875
0.3555,-2.8778076171875,3.5684814453125,-0.7957763671875
0.356,-3.4783935546875,3.5684814453125,-0.2752685546875
0.3565,-3.6385498046875,2.7276611328125,0.6856689453125
0.357,-3.8787841796875,2.2872314453125,1.3663330078125
0.3575,-3.9989013671875,1.5665283203125,2.2071533203125
0.358,-3.8787841796875,0.9659423828125,2.6876220703125
0.3585,-3.5584716796875,0.1651611328125,3.1680908203125
0.359,-3.3582763671875,-0.3953857421875,3.6485595703125
0.3595,-2.7176513671875,-1.3563232421875,3.8887939453125
0.36,-2.2371826171875,-1.9569091796875,4.0889892578125
0.3605,-1.4764404296875,-2.7176513671875,4.1290283203125
0.361,-0.5955810546875,-3.1981201171875,3.5684814453125
0.3615,0.0850830078125,-3.7987060546875,3.5284423828125
0.362,1.0860595703125,-4.0389404296875,2.8077392578125
0.3625,1.8468017578125,-4.1590576171875,2.2872314453125
0.363,2.4874267578125,-4.1990966796875,1.7667236328125
0.3635,3.0479736328125,-4.1190185546875,1.1260986328125
0.364,3.3682861328125,-3.6385498046875,0.3653564453125
0.3645,3.8487548828125,-3.5184326171875,-0.2352294921875
0.365,3.9688720703125,-2.5574951171875,-1.3162841796875
0.3655,4.1690673828125,-2.1170654296875,-1.9569091796875
0.366,4.2091064453125,-1.3563232421875,-2.7176513671875
0.3665,3.8887939453125,-0.6356201171875,-3.1580810546875
0.367,3.6485595703125,0.0450439453125,-3.5985107421875
0.3675,3.2081298828125,0.8458251953125,-3.9588623046875
0.368,2.5675048828125,1.7266845703125,-4.1990966796875
0.3685,2.0069580078125,2.2471923828125,-4.2391357421875
0.369,1.2862548828125,2.8878173828125,-4.1590576171875
0.3695,0.3253173828125,3.2481689453125,-3.5985107421875
0.37,-0.3153076171875,3.7686767578125,-3.5584716796875
0.3705,-1.3162841796875,3.8887939453125,-2.6375732421875
0.371,-1.9569091796875,4.0889892578125,-2.2371826171875
0.3715,-2.5574951171875,3.9688720703125,-1.5965576171875
0.372,-3.0379638671875,3.8087158203125,-0.9559326171875
0.3725,-3.3182373046875,3.4083251953125,-0.2352294921875
0.373,-3.7186279296875,3.0880126953125,0.4454345703125
0.3735,-3.8387451171875,2.2071533203125,1.4063720703125
0.374,-3.9989013671875,1.8468017578125,1.9669189453125
0.3745,-3.9588623046875,1.0860595703125,2.6876220703125
0.375,-3.5584716796875,0.2852783203125,3.0479736328125
0.3755,-3.4783935546875,-0.2752685546875,3.5684814453125
0.376,-2.8377685546875,-1.1961669921875,3.8487548828125
0.3765,-2.3172607421875,-1.8768310546875,4.0489501953125
0.377,-1.6365966796875,-2.5174560546875,3.9688720703125
0.3775,-0.9158935546875,-3.0780029296875,3.8487548828125
0.378,-0.0350341796875,-3.4783935546875,3.3682861328125
0.3785,0.6055908203125,-3.9188232421875,3.2882080078125
0.379,1.6466064453125,-4.0389404296875,2.3673095703125
0.3795,2.2071533203125,-4.1990966796875,2.0469970703125
0.38,2.8077392578125,-4.1590576171875,1.3663330078125
0.3805,3.2081298828125,-3.8387451171875,0.6856689453125
0.381,3.6085205078125,-3.5584716796875,0.0050048828125
0.3815,3.9288330078125,-2.9578857421875,-0.7957763671875
0.382,4.1290283203125,-2.2772216796875,-1.7166748046875
0.3825,4.1690673828125,-1.7967529296875,-2.2772216796875
0.383,4.1290283203125,-0.9959716796875,-2.9578857421875
0.3835,3.6885986328125,-0.2352294921875,-3.2781982421875
0.384,3.5684814453125,0.3653564453125,-3.8387451171875
0.3845,2.8077392578125,1.3663330078125,-4.0789794921875
0.385,2.3673095703125,1.9268798828125,-4.2791748046875
0.3855,1.5665283203125,2.5675048828125,-4.1190185546875
0.386,0.7657470703125,3.0880126953125,-3.9188232421875
0.3865,-0.0350341796875,3.5284423828125,-3.4783935546875
0.387,-0.7557373046875,3.8887939453125,-3.1981201171875
0.3875,-1.7166748046875,3.9688720703125,-2.3172607421875
0.388,-2.1971435546875,4.0489501953125,-1.9569091796875
0.3885,-2.8377685546875,3.8887939453125,-1.2762451171875
0.389,-3.1580810546875,3.5284423828125,-0.5155029296875
0.3895,-3.5584716796875,3.2481689453125,0.1251220703125
0.39,-3.7987060546875,2.5274658203125,1.0460205078125
0.3905,-3.9989013671875,1.9268798828125,1.8067626953125
0.391,-3.8787841796875,1.3262939453125,2.3673095703125
0.3915,-3.7987060546875,0.6055908203125,2.9278564453125
0.392,-3.3582763671875,-0.1151123046875,3.2481689453125
0.3925,-3.1981201171875,-0.7557373046875,3.7686767578125
0.393,-2.4373779296875,-1.7567138671875,3.9688720703125
0.3935,-1.9569091796875,-2.2772216796875,4.0089111328125
0.394,-1.1561279296875,-2.8778076171875,3.8487548828125
0.3945,-0.3153076171875,-3.2781982421875,3.5284423828125
0.395,0.4053955078125,-3.6785888671875,3.1680908203125
0.3955,1.2462158203125,-3.9188232421875,2.6876220703125
0.396,2.0469970703125,-4.0789794921875,2.0469970703125
0.3965,2.4473876953125,-3.9989013671875,1.6065673828125
0.397,3.0079345703125,-3.9188232421875,0.9659423828125
0.3975,3.2882080078125,-3.4783935546875,0.2452392578125
0.398,3.7686767578125,-3.2381591796875,-0.3553466796875
0.3985,3.8487548828125,-2.3973388671875,-1.3563232421875
0.399,4.1290283203125,-1.9969482421875,-1.9569091796875
0.3995,3.8887939453125,-1.2762451171875,-2.5174560546875
0.4,3.7686767578125,-0.6356201171875,-2.9979248046875
0.4005,3.3682861328125,0.0850830078125,-3.3582763671875
0.401,3.1680908203125,0.6856689453125,-3.7987060546875
0.4015,2.4874267578125,1.5665283203125,-3.9989013671875
0.402,2.0069580078125,1.9268798828125,-3.9989013671875
0.4025,1.2462158203125,2.6075439453125,-3.8387451171875
0.403,0.4854736328125,3.0479736328125,-3.5184326171875
0.4035,-0.1551513671875,3.4884033203125,-3.3182373046875
0.404,-0.9959716796875,3.6485595703125,-2.6375732421875
0.4045,-1.6365966796875,3.8487548828125,-2.3172607421875
0.405,-2.0369873046875,3.6885986328125,-1.7967529296875
0.4055,-2.5574951171875,3.6485595703125,-1.2362060546875
0.406,-2.8778076171875,3.2081298828125,-0.5155029296875
0.4065,-3.3582763671875,3.0479736328125,0.1251220703125
0.407,-3.4783935546875,2.2471923828125,1.0059814453125
0.4075,-3.7186279296875,2.0069580078125,1.5264892578125
0.408,-3.5985107421875,1.2862548828125,2.1270751953125
0.4085,-3.4783935546875,0.6456298828125,2.5675048828125
0.409,-3.2781982421875,0.0050048828125,3.1280517578125
0.4095,-2.8778076171875,-0.6756591796875,3.4483642578125
0.41,-2.4774169921875,-1.4364013671875,3.6885986328125
0.4105,-1.8768310546875,-1.9168701171875,3.6485595703125
0.411,-1.1961669921875,-2.5174560546875,3.6485595703125
0.4115,-0.3553466796875,-2.9178466796875,3.2481689453125
0.412,0.2052001953125,-3.4783935546875,3.1680908203125
0.4125,1.0860595703125,-3.5985107421875,2.4874267578125
0.413,1.5665283203125,-3.8787841796875,2.2471923828125
0.4135,2.0870361328125,-3.7586669921875,1.6466064453125
0.414,2.5675048828125,-3.6785888671875,1.1260986328125
0.4145,3.0079345703125,-3.3182373046875,0.3653564453125
0.415,3.4083251953125,-2.9578857421875,-0.3153076171875
0.4155,3.6485595703125,-2.3973388671875,-1.1561279296875
0.416,3.7686767578125,-1.9969482421875,-1.6365966796875
0.4165,3.7686767578125,-1.3162841796875,-2.2772216796875
0.417,3.5284423828125,-0.7156982421875,-2.7176513671875
0.4175,3.4083251953125,-0.0350341796875,-3.2781982421875
0.418,2.8077392578125,0.7257080078125,-3.5584716796875
0.4185,2.5274658203125,1.3663330078125,-3.8387451171875
0.419,1.8468017578125,1.9268798828125,-3.6385498046875
0.4195,1.2061767578125,2.4874267578125,-3.6385498046875
0.42,0.3653564453125,2.8878173828125,-3.2781982421875
0.4205,-0.1951904296875,3.3282470703125,-3.1180419921875
0.421,-1.0360107421875,3.5284423828125,-2.4774169921875
0.4215,-1.4764404296875,3.6485595703125,-2.2772216796875
0.422,-2.0369873046875,3.5684814453125,-1.5965576171875
0.4225,-2.4373779296875,3.3682861328125,-1.0360107421875
0.423,-2.9178466796875,3.1280517578125,-0.3153076171875
0.4235,-3.1981201171875,2.5274658203125,0.4454345703125
0.424,-3.5184326171875,2.2071533203125,1.1260986328125
0.4245,-3.4783935546875,1.6466064453125,1.5665283203125
0.425,-3.5184326171875,1.0860595703125,2.2071533203125
0.4255,-3.1981201171875,0.3253173828125,2.6075439453125
0.426,-3.1580810546875,-0.2752685546875,3.1680908203125
0.4265,-2.5174560546875,-1.0360107421875,3.4083251953125
0.427,-2.1571044921875,-1.5565185546875,3.5684814453125
0.4275,-1.4364013671875,-2.0770263671875,3.4083251953125
0.428,-0.7557373046875,-2.5975341796875,3.3282470703125
0.4285,-0.0350341796875,-3.0780029296875,3.0479736328125
0.429,0.6055908203125,-3.3582763671875,2.6876220703125
0.4295,1.3663330078125,-3.6785888671875,2.2471923828125
0.43,1.7266845703125,-3.6385498046875,1.9268798828125
0.4305,2.2872314453125,-3.6785888671875,1.4063720703125
0.431,2.6475830078125,-3.2781982421875,0.6856689453125
0.4315,3.1680908203125,-3.1981201171875,0.0450439453125
0.432,3.3282470703125,-2.4774169921875,-0.7557373046875
0.4325,3.6885986328125,-2.2772216796875,-1.3162841796875
0.433,3.5284423828125,-1.5965576171875,-1.8768310546875
0.4335,3.5684814453125,-1.1561279296875,-2.3973388671875
0.434,3.2481689453125,-0.3553466796875,-2.8778076171875
0.4345,3.1280517578125,0.2852783203125,-3.3182373046875
0.435,2.6475830078125,1.0460205078125,-3.5985107421875
0.4355,2.2071533203125,1.5264892578125,-3.6385498046875
0.436,1.4464111328125,2.1671142578125,-3.5584716796875
0.4365,0.7657470703125,2.6075439453125,-3.3582763671875
0.437,0.1251220703125,3.0880126953125,-3.1981201171875
0.4375,-0.6356201171875,3.2882080078125,-2.6776123046875
0.438,-1.2362060546875,3.6485595703125,-2.4373779296875
0.4385,-1.6365966796875,3.4483642578125,-1.9168701171875
0.439,-2.1971435546875,3.5284423828125,-1.4364013671875
0.4395,-2.5975341796875,3.1280517578125,-0.6756591796875
0.44,-3.0780029296875,2.9278564453125,-0.0350341796875
0.4405,-3.2781982421875,2.2471923828125,0.8057861328125
0.441,-3.5184326171875,1.9669189453125,1.2462158203125
0.4415,-3.3983154296875,1.2862548828125,1.9268798828125
0.442,-3.3582763671875,0.6856689453125,2.4073486328125
0.4425,-3.1580810546875,0.0050048828125,2.9678955078125
0.443,-2.7576904296875,-0.6756591796875,3.2481689453125
0.4435,-2.3572998046875,-1.3563232421875,3.5684814453125
0.444,-1.6766357421875,-1.7967529296875,3.3682861328125
0.4445,-1.0760498046875,-2.4774169921875,3.4483642578125
0.445,-0.2752685546875,-2.8778076171875,3.0479736328125
0.4455,0.3253173828125,-3.3182373046875,2.9278564453125
0.446,1.2061767578125,-3.5584716796875,2.2872314453125
0.4465,1.6466064453125,-3.7186279296875,2.0469970703125
0.447,2.0870361328125,-3.5584716796875,1.4464111328125
0.4475,2.5675048828125,-3.5184326171875,0.9659423828125
0.448,2.9278564453125,-3.0780029296875,0.2452392578125
0.4485,3.2882080078125,-2.7176513671875,-0.5155029296875
0.449,3.5684814453125,-2.2371826171875,-1.2762451171875
0.4495,3.5284423828125,-1.7967529296875,-1.7166748046875
0.45,3.5284423828125,-1.1561279296875,-2.3172607421875
0.4505,3.2882080078125,-0.5155029296875,-2.7176513671875
0.451,3.1680908203125,0.1251220703125,-3.1981201171875
0.4515,2.6475830078125,0.8858642578125,-3.4383544921875
0.452,2.2872314453125,1.4063720703125,-3.6785888671875
0.4525,1.5665283203125,1.9268798828125,-3.3983154296875
0.453,0.9659423828125,2.4874267578125,-3.4783935546875
0.4535,0.2452392578125,2.8477783203125,-3.0780029296875
0.454,-0.3153076171875,3.1680908203125,-2.8778076171875
0.4545,-1.1160888671875,3.4483642578125,-2.3572998046875
0.455,-1.4364013671875,3.4483642578125,-2.0770263671875
0.4555,-1.9969482421875,3.4083251953125,-1.5565185546875
0.456,-2.3572998046875,3.1680908203125,-0.9559326171875
0.4565,-2.7977294921875,2.9278564453125,-0.2752685546875
0.457,-3.0780029296875,2.3673095703125,0.4454345703125
0.4575,-3.3582763671875,2.0870361328125,1.0460205078125
0.458,-3.2781982421875,1.5264892578125,1.4864501953125
0.4585,-3.3983154296875,1.1260986328125,2.0870361328125
0.459,-3.0780029296875,0.3253173828125,2.5274658203125
0.4595,-2.9979248046875,-0.1951904296875,3.0479736328125
0.46,-2.5174560546875,-0.9959716796875,3.2882080078125
0.4605,-2.1170654296875,-1.3963623046875,3.3682861328125
0.461,-1.3963623046875,-1.9969482421875,3.2882080078125
0.4615,-0.7957763671875,-2.5574951171875,3.2081298828125
0.462,-0.0750732421875,-2.9578857421875,2.9678955078125
0.4625,0.6055908203125,-3.2381591796875,2.6075439453125
0.463,1.2061767578125,-3.5584716796875,2.3673095703125
0.4635,1.5665283203125,-3.4783935546875,1.9268798828125
0.464,2.1671142578125,-3.5985107421875,1.4864501953125
0.4645,2.5274658203125,-3.1981201171875,0.7657470703125
0.465,3.0479736328125,-3.0780029296875,0.1251220703125
0.4655,3.2882080078125,-2.5174560546875,-0.6756591796875
0.466,3.5284423828125,-2.3172607421875,-1.2362060546875
0.4665,3.4083251953125,-1.5565185546875,-1.7567138671875
0.467,3.5284423828125,-1.1160888671875,-2.2772216796875
0.4675,3.2481689453125,-0.3153076171875,-2.7977294921875
0.468,3.0479736328125,0.2852783203125,-3.1981201171875
0.4685,2.6075439453125,0.9659423828125,-3.5584716796875
0.469,2.0870361328125,1.4063720703125,-3.4383544921875
0.4695,1.4464111328125,2.0870361328125,-3.5184326171875
0.47,0.6856689453125,2.5274658203125,-3.2381591796875
0.4705,0.1251220703125,2.9678955078125,-3.1180419921875
0.471,-0.6356201171875,3.2081298828125,-2.5975341796875
0.4715,-1.1561279296875,3.4884033203125,-2.3973388671875
0.472,-1.5565185546875,3.3282470703125,-1.8768310546875
0.4725,-2.1170654296875,3.4483642578125,-1.4364013671875
0.473,-2.5174560546875,3.0079345703125,-0.6356201171875
0.4735,-2.9178466796875,2.7677001953125,0.0050048828125
0.474,-3.2381591796875,2.1671142578125,0.7657470703125
0.4745,-3.2781982421875,1.9268798828125,1.2061767578125
0.475,-3.2781982421875,1.2862548828125,1.8468017578125
0.4755,-3.1981201171875,0.6856689453125,2.3272705078125
0.476,-3.0379638671875,0.0050048828125,2.8477783203125
0.4765,-2.5975341796875,-0.6356201171875,3.1680908203125
0.477,-2.2772216796875,-1.2762451171875,3.3682861328125
0.4775,-1.5965576171875,-1.7166748046875,3.2081298828125
0.478,-1.0360107421875,-2.3172607421875,3.3282470703125
0.4785,-0.2752685546875,-2.7176513671875,2.9278564453125
0.479,0.2852783203125,-3.1580810546875,2.7677001953125
0.4795,1.0460205078125,-3.4383544921875,2.2872314453125
0.48,1.4063720703125,-3.5184326171875,2.0870361328125
0.4805,1.9268798828125,-3.4383544921875,1.5264892578125
0.481,2.3673095703125,-3.3582763671875,1.0059814453125
0.4815,2.8077392578125,-3.0780029296875,0.2852783203125
0.482,3.0880126953125,-2.6375732421875,-0.3953857421875
0.4825,3.4884033203125,-2.2772216796875,-1.0760498046875
0.483,3.3682861328125,-1.7967529296875,-1.4764404296875
0.4835,3.5284423828125,-1.2762451171875,-2.1170654296875
0.484,3.2081298828125,-0.5955810546875,-2.5574951171875
0.4845,3.1280517578125,0.0050048828125,-3.0780029296875
0.485,2.6876220703125,0.7657470703125,-3.3582763671875
0.4855,2.3272705078125,1.2061767578125,-3.4783935546875
0.486,1.5665283203125,1.7667236328125,-3.3582763671875
0.4865,1.0860595703125,2.3673095703125,-3.3983154296875
0.487,0.3253173828125,2.7276611328125,-3.0780029296875
0.4875,-0.2752685546875,3.0880126953125,-2.8377685546875
0.488,-0.9959716796875,3.4083251953125,-2.4774169921875
0.4885,-1.3162841796875,3.3282470703125,-2.1170654296875
0.489,-1.9569091796875,3.4483642578125,-1.5965576171875
0.4895,-2.3572998046875,3.1280517578125,-0.9559326171875
0.49,-2.8377685546875,2.8878173828125,-0.2752685546875
0.4905,-3.1180419921875,2.3673095703125,0.5655517578125
0.491,-3.3983154296875,2.0870361328125,1.1260986328125
0.4915,-3.2781982421875,1.4464111328125,1.6065673828125
0.492,-3.3983154296875,0.9659423828125,2.2471923828125
0.4925,-3.0780029296875,0.1651611328125,2.7276611328125
0.493,-2.8778076171875,-0.4754638671875,3.1680908203125
0.4935,-2.3572998046875,-1.2362060546875,3.4483642578125
0.494,-1.7967529296875,-1.6766357421875,3.3682861328125
0.4945,-1.1160888671875,-2.3172607421875,3.3282470703125
0.495,-0.3953857421875,-2.7977294921875,3.1280517578125
0.4955,0.2852783203125,-3.1981201171875,2.8477783203125
0.496,1.0059814453125,-3.4783935546875,2.4073486328125
0.4965,1.6065673828125,-3.7186279296875,2.0469970703125
0.497,1.9669189453125,-3.5184326171875,1.5264892578125
0.4975,2.5675048828125,-3.5985107421875,1.0059814453125
0.498,2.8477783203125,-3.0780029296875,0.2052001953125
0.4985,3.2481689453125,-2.7176513671875,-0.4354248046875
0.499,3.5284423828125,-2.1170654296875,-1.3162841796875
0.4995,3.5684814453125,-1.6766357421875,-1.7567138671875
0.5,3.4083251953125,-0.9959716796875,-2.2772216796875
0.5005,3.3282470703125,-0.4754638671875,-2.7576904296875
0.501,3.0079345703125,0.2052001953125,-3.1580810546875
0.5015,2.6075439453125,0.8858642578125,-3.4783935546875
0.502,2.2071533203125,1.5665283203125,-3.6785888671875
0.5025,1.4063720703125,1.9669189453125,-3.3582763671875
0.503,0.8858642578125,2.6075439453125,-3.4783935546875
0.5035,0.1251220703125,2.8878173828125,-3.0379638671875
0.504,-0.5155029296875,3.2481689453125,-2.7977294921875
0.5045,-1.2362060546875,3.4483642578125,-2.2772216796875
0.505,-1.6766357421875,3.4884033203125,-1.9168701171875
0.5055,-2.0770263671875,3.2481689453125,-1.3162841796875
0.506,-2.5975341796875,3.2481689453125,-0.8358154296875
0.5065,-2.8778076171875,2.7276611328125,-0.0350341796875
0.507,-3.1981201171875,2.4073486328125,0.6055908203125
0.5075,-3.4383544921875,1.9268798828125,1.3262939453125
0.508,-3.3182373046875,1.4063720703125,1.7266845703125
0.5085,-3.3582763671875,0.8057861328125,2.3673095703125
0.509,-3.0780029296875,0.1251220703125,2.7677001953125
0.5095,-2.8778076171875,-0.5155029296875,3.1680908203125
0.51,-2.3572998046875,-1.1961669921875,3.4083251953125
0.5105,-1.9168701171875,-1.7567138671875,3.5284423828125
0.511,-1.1561279296875,-2.1971435546875,3.2081298828125
0.5115,-0.5955810546875,-2.8377685546875,3.3282470703125
0.512,0.2452392578125,-3.1180419921875,2.8077392578125
0.5125,0.8458251953125,-3.4783935546875,2.5675048828125
0.513,1.5665283203125,-3.7186279296875,2.0870361328125
0.5135,1.9268798828125,-3.5985107421875,1.6466064453125
0.514,2.4473876953125,-3.5584716796875,1.0860595703125
0.5145,2.8477783203125,-3.2381591796875,0.4854736328125
0.515,3.1680908203125,-2.8377685546875,-0.2752685546875
0.5155,3.4884033203125,-2.3973388671875,-0.9959716796875
0.516,3.7286376953125,-1.9168701171875,-1.6766357421875
0.5165,3.4884033203125,-1.2762451171875,-2.0770263671875
0.517,3.5684814453125,-0.7156982421875,-2.7176513671875
0.5175,3.1680908203125,0.0050048828125,-3.0780029296875
0.518,2.9278564453125,0.6456298828125,-3.5184326171875
0.5185,2.3673095703125,1.4063720703125,-3.7186279296875
0.519,1.7667236328125,1.9268798828125,-3.6385498046875
0.5195,1.0059814453125,2.4874267578125,-3.4783935546875
0.52,0.4053955078125,2.9678955078125,-3.3582763671875
0.5205,-0.3553466796875,3.2081298828125,-2.8778076171875
0.521,-1.0360107421875,3.5284423828125,-2.5174560546875
0.5215,-1.7166748046875,3.6885986328125,-2.0369873046875
0.522,-2.1170654296875,3.4083251953125,-1.4764404296875
0.5225,-2.6776123046875,3.4884033203125,-0.9559326171875
0.523,-2.9578857421875,2.9278564453125,-0.1151123046875
0.5235,-3.2781982421875,2.5274658203125,0.6055908203125
0.524,-3.5584716796875,1.9268798828125,1.4063720703125
0.5245,-3.5985107421875,1.4464111328125,1.9268798828125
0.525,-3.3182373046875,0.7257080078125,2.4073486328125
0.5255,-3.3582763671875,0.2052001953125,3.0079345703125
0.526,-2.7977294921875,-0.6356201171875,3.2882080078125
0.5265,-2.4373779296875,-1.2762451171875,3.5684814453125
0.527,-1.8367919921875,-1.9969482421875,3.7286376953125
0.5275,-1.0760498046875,-2.4373779296875,3.4483642578125
0.528,-0.3953857421875,-3.0379638671875,3.3282470703125
0.5285,0.3653564453125,-3.3983154296875,2.9278564453125
0.529,1.1260986328125,-3.6385498046875,2.4473876953125
0.5295,1.8468017578125,-3.8387451171875,1.9669189453125
0.53,2.3673095703125,-3.9188232421875,1.4864501953125
0.5305,2.6876220703125,-3.4783935546875,0.8458251953125
0.531,3.2081298828125,-3.4783935546875,0.3253173828125
0.5315,3.4083251953125,-2.7176513671875,-0.5955810546875
0.532,3.6885986328125,-2.3572998046875,-1.2362060546875
0.5325,3.8487548828125,-1.6766357421875,-1.9969482421875
0.533,3.6885986328125,-1.1160888671875,-2.4774169921875
0.5335,3.4884033203125,-0.4754638671875,-2.9178466796875
0.534,3.2882080078125,0.1251220703125,-3.3582763671875
0.5345,2.7677001953125,0.9659423828125,-3.6385498046875
0.535,2.3272705078125,1.5665283203125,-3.8387451171875
0.5355,1.7266845703125,2.2471923828125,-3.9188232421875
0.536,0.8858642578125,2.6475830078125,-3.5184326171875
0.5365,0.2852783203125,3.2081298828125,-3.5584716796875
0.537,-0.5955810546875,3.4083251953125,-2.8778076171875
0.5375,-1.2362060546875,3.6885986328125,-2.5174560546875
0.538,-1.9569091796875,3.7686767578125,-1.9969482421875
0.5385,-2.4373779296875,3.7286376953125,-1.4364013671875
0.539,-2.7576904296875,3.3682861328125,-0.7557373046875
0.5395,-3.2381591796875,3.2481689453125,-0.1551513671875
0.54,-3.4383544921875,2.4874267578125,0.7657470703125
0.5405,-3.7186279296875,2.0870361328125,1.4063720703125
0.541,-3.8387451171875,1.4063720703125,2.1671142578125
0.5415,-3.5584716796875,0.7657470703125,2.6075439453125
0.542,-3.4783935546875,0.1251220703125,3.1680908203125
0.5425,-3.0379638671875,-0.6356201171875,3.5284423828125
0.543,-2.5174560546875,-1.4364013671875,3.8087158203125
0.5435,-1.9168701171875,-2.0770263671875,3.8487548828125
0.544,-1.2362060546875,-2.7176513671875,3.8487548828125
0.5445,-0.3553466796875,-3.0780029296875,3.3682861328125
0.545,0.2852783203125,-3.7186279296875,3.3282470703125
0.5455,1.2862548828125,-3.8787841796875,2.4874267578125
0.546,1.9268798828125,-4.0789794921875,2.0870361328125
0.5465,2.5675048828125,-4.0389404296875,1.5264892578125
0.547,3.0079345703125,-3.8387451171875,0.8858642578125
0.5475,3.3682861328125,-3.5184326171875,0.2052001953125
0.548,3.7686767578125,-3.1180419921875,-0.5555419921875
0.5485,3.9288330078125,-2.2772216796875,-1.5164794921875
0.549,4.0889892578125,-1.7967529296875,-2.1170654296875
0.5495,4.0489501953125,-1.1160888671875,-2.8377685546875
0.55,3.6085205078125,-0.3153076171875,-3.1981201171875
0.5505,3.5284423828125,0.2452392578125,-3.7186279296875
0.551,2.8477783203125,1.2061767578125,-3.9989013671875
0.5515,2.3272705078125,1.9268798828125,-4.1990966796875
0.552,1.6065673828125,2.5274658203125,-4.1190185546875
0.5525,0.8858642578125,3.0479736328125,-3.9188232421875
0.553,0.0050048828125,3.4083251953125,-3.4783935546875
0.5535,-0.6356201171875,3.8487548828125,-3.2381591796875
0.554,-1.6766357421875,3.8887939453125,-2.3572998046875
0.5545,-2.2371826171875,4.0489501953125,-1.9569091796875
0.555,-2.8377685546875,3.9288330078125,-1.2762451171875
0.5555,-3.1981201171875,3.5684814453125,-0.5955810546875
0.556,-3.5584716796875,3.2481689453125,0.0450439453125
0.5565,-3.8387451171875,2.6475830078125,0.9659423828125
0.557,-3.9188232421875,1.9268798828125,1.8468017578125
0.5575,-3.9588623046875,1.3663330078125,2.4073486328125
0.558,-3.8787841796875,0.6456298828125,3.0079345703125
0.5585,-3.3983154296875,-0.1151123046875,3.3282470703125
0.559,-3.2781982421875,-0.6756591796875,3.8087158203125
0.5595,-2.4373779296875,-1.7166748046875,4.0089111328125
0.56,-1.9569091796875,-2.2772216796875,4.1290283203125
0.5605,-1.1561279296875,-2.9178466796875,3.9288330078125
0.561,-0.3553466796875,-3.3983154296875,3.6485595703125
0.5615,0.4454345703125,-3.7987060546875,3.2081298828125
0.562,1.2061767578125,-4.1190185546875,2.8077392578125
0.5625,2.1671142578125,-4.1590576171875,2.0069580078125
0.563,2.5675048828125,-4.1590576171875,1.6065673828125
0.5635,3.1680908203125,-4.0389404296875,0.9259033203125
0.564,3.4884033203125,-3.5584716796875,0.2052001953125
0.5645,3.8487548828125,-3.3182373046875,-0.3953857421875
0.565,4.0489501953125,-2.5174560546875,-1.4364013671875
0.5655,4.2091064453125,-1.9569091796875,-2.1170654296875
0.566,4.0889892578125,-1.2762451171875,-2.6776123046875
0.5665,3.9288330078125,-0.5955810546875,-3.2381591796875
0.567,3.4884033203125,0.1651611328125,-3.5584716796875
0.5675,3.2882080078125,0.8057861328125,-3.9989013671875
0.568,2.4874267578125,1.7667236328125,-4.1990966796875
0.5685,2.0069580078125,2.2872314453125,-4.2791748046875
0.569,1.1661376953125,2.8878173828125,-4.0389404296875
0.5695,0.2852783203125,3.3282470703125,-3.7186279296875
0.57,-0.3953857421875,3.6885986328125,-3.3983154296875
0.5705,-1.2362060546875,3.9688720703125,-2.7977294921875
0.571,-2.0770263671875,4.1290283203125,-2.1571044921875
0.5715,-2.4774169921875,3.9688720703125,-1.6365966796875
0.572,-3.0780029296875,3.8887939453125,-0.9559326171875
0.5725,-3.3582763671875,3.3682861328125,-0.1551513671875
0.573,-3.8387451171875,3.1680908203125,0.4454345703125
0.5735,-3.9188232421875,2.2071533203125,1.5264892578125
0.574,-4.1590576171875,1.7667236328125,2.1671142578125
0.5745,-3.8787841796875,0.9659423828125,2.7276611328125
0.575,-3.7586669921875,0.2852783203125,3.2882080078125
0.5755,-3.3182373046875,-0.5155029296875,3.6085205078125
0.576,-2.9578857421875,-1.2362060546875,4.0089111328125
0.5765,-2.1571044921875,-2.1971435546875,4.2091064453125
0.577,-1.5565185546875,-2.6776123046875,4.0889892578125
0.5775,-0.7156982421875,-3.3182373046875,3.8887939453125
0.578,0.1251220703125,-3.7186279296875,3.4083251953125
0.5785,0.8858642578125,-4.0389404296875,3.1680908203125
0.579,1.8868408203125,-4.1590576171875,2.2872314453125
0.5795,2.5675048828125,-4.3592529296875,1.7667236328125
0.58,2.9678955078125,-4.0389404296875,1.1260986328125
0.5805,3.5284423828125,-3.9188232421875,0.4854736328125
0.581,3.7686767578125,-3.2781982421875,-0.3153076171875
0.5815,4.1290283203125,-2.9979248046875,-0.9959716796875
0.582,4.2091064453125,-1.9969482421875,-2.0770263671875
0.5825,4.2891845703125,-1.5164794921875,-2.5975341796875
0.583,3.9688720703125,-0.6756591796875,-3.1981201171875
0.5835,3.7286376953125,0.0050048828125,-3.5985107421875
0.584,3.3282470703125,0.6856689453125,-3.9188232421875
0.5845,2.7677001953125,1.5264892578125,-4.1990966796875
0.585,2.0870361328125,2.3272705078125,-4.3992919921875
0.5855,1.3262939453125,2.7276611328125,-4.0389404296875
0.586,0.5255126953125,3.3282470703125,-3.9588623046875
0.5865,-0.3153076171875,3.6485595703125,-3.3582763671875
0.587,-0.9559326171875,4.0089111328125,-3.1180419921875
0.5875,-1.9569091796875,4.0489501953125,-2.1971435546875
0.588,-2.4774169921875,4.1290283203125,-1.7967529296875
0.5885,-2.8778076171875,3.8087158203125,-1.0360107421875
0.589,-3.3582763671875,3.6485595703125,-0.4354248046875
0.5895,-3.5584716796875,3.0479736328125,0.3253173828125
0.59,-3.9188232421875,2.6075439453125,1.0860595703125
0.5905,-4.0389404296875,1.7667236328125,2.0469970703125
0.591,-3.9588623046875,1.2862548828125,2.4874267578125
0.5915,-3.7987060546875,0.4854736328125,3.0880126953125
0.592,-3.4783935546875,-0.1951904296875,3.4884033203125
0.5925,-3.1580810546875,-0.9158935546875,3.8487548828125
0.593,-2.4373779296875,-1.7967529296875,4.0489501953125
0.5935,-1.9168701171875,-2.5174560546875,4.2091064453125
0.594,-1.0360107421875,-2.9178466796875,3.8087158203125
0.5945,-0.2752685546875,-3.5584716796875,3.7686767578125
0.595,0.6055908203125,-3.7987060546875,3.1680908203125
0.5955,1.2862548828125,-4.1590576171875,2.8477783203125
0.596,2.2872314453125,-4.2391357421875,1.9669189453125
0.5965,2.7276611328125,-4.2391357421875,1.5665283203125
0.597,3.2081298828125,-3.9188232421875,0.7657470703125
0.5975,3.6485595703125,-3.6785888671875,0.1251220703125
0.598,3.8887939453125,-3.1580810546875,-0.6356201171875
0.5985,4.1690673828125,-2.5174560546875,-1.5164794921875
0.599,4.3692626953125,-1.7967529296875,-2.4373779296875
0.5995,4.0889892578125,-1.0760498046875,-2.8778076171875
0.6,3.9688720703125,-0.3153076171875,-3.5184326171875
0.6005,3.4884033203125,0.4454345703125,-3.7987060546875
0.601,3.1680908203125,1.0460205078125,-4.1990966796875
0.6015,2.3673095703125,2.0069580078125,-4.3592529296875
0.602,1.7667236328125,2.6075439453125,-4.3992919921875
0.6025,0.7657470703125,3.1280517578125,-3.8787841796875
0.603,0.0850830078125,3.6885986328125,-3.7987060546875
0.6035,-0.7957763671875,3.8487548828125,-3.1580810546875
0.604,-1.4764404296875,4.1290283203125,-2.6776123046875
0.6045,-2.4774169921875,4.2491455078125,-1.8768310546875
0.605,-2.8377685546875,3.9688720703125,-1.2762451171875
0.6055,-3.3182373046875,3.7686767578125,-0.5955810546875
0.606,-3.5985107421875,3.2882080078125,0.1251220703125
0.6065,-3.8787841796875,2.8077392578125,0.8858642578125
0.607,-3.9989013671875,2.0069580078125,1.7667236328125
0.6075,-4.1590576171875,1.4063720703125,2.5274658203125
0.608,-3.7186279296875,0.6055908203125,2.8878173828125
0.6085,-3.7186279296875,0.0050048828125,3.4884033203125
0.609,-3.1180419921875,-0.8358154296875,3.6885986328125
0.6095,-2.7576904296875,-1.4364013671875,3.9688720703125
0.61,-1.9569091796875,-2.3973388671875,4.1290283203125
0.6105,-1.2762451171875,-2.7576904296875,3.9688720703125
0.611,-0.3953857421875,-3.2781982421875,3.6085205078125
0.6115,0.2852783203125,-3.7186279296875,3.3282470703125
0.612,1.0460205078125,-3.9188232421875,2.8077392578125
0.6125,1.8067626953125,-4.0389404296875,2.2471923828125
0.613,2.5675048828125,-4.1990966796875,1.6866455078125
0.6135,2.8477783203125,-3.7987060546875,1.0059814453125
0.614,3.4083251953125,-3.8387451171875,0.4854736328125
0.6145,3.5684814453125,-3.1580810546875,-0.2752685546875
0.615,3.8887939453125,-2.8377685546875,-0.9959716796875
0.6155,4.0089111328125,-1.9969482421875,-1.8768310546875
0.616,4.0889892578125,-1.5565185546875,-2.3973388671875
0.6165,3.6885986328125,-0.7156982421875,-2.8778076171875
0.617,3.6485595703125,-0.2752685546875,-3.3582763671875
0.6175,3.1680908203125,0.5655517578125,-3.6385498046875
0.618,2.7677001953125,1.1260986328125,-3.9588623046875
0.6185,2.1671142578125,1.9669189453125,-4.1190185546875
0.619,1.4864501953125,2.3673095703125,-3.8387451171875
0.6195,0.7657470703125,2.9678955078125,-3.7186279296875
0.62,0.0050048828125,3.2882080078125,-3.3182373046875
0.6205,-0.6356201171875,3.6085205078125,-3.0379638671875
0.621,-1.3963623046875,3.7286376953125,-2.3973388671875
0.6215,-1.9569091796875,3.8487548828125,-1.9969482421875
0.622,-2.2772216796875,3.5284423828125,-1.3563232421875
0.6225,-2.8778076171875,3.6085205078125,-0.8758544921875
0.623,-3.1180419921875,2.9678955078125,-0.0350341796875
0.6235,-3.5184326171875,2.6876220703125,0.6055908203125
0.624,-3.7186279296875,2.0069580078125,1.4864501953125
0.6245,-3.7186279296875,1.5665283203125,1.9268798828125
0.625,-3.5584716796875,0.8057861328125,2.5274658203125
0.6255,-3.3983154296875,0.2052001953125,2.9278564453125
0.626,-3.0780029296875,-0.5155029296875,3.3682861328125
0.6265,-2.5975341796875,-1.2362060546875,3.6885986328125
0.627,-2.0770263671875,-1.8768310546875,3.8487548828125
0.6275,-1.2762451171875,-2.3172607421875,3.5284423828125
0.628,-0.6356201171875,-3.0379638671875,3.6085205078125
0.6285,0.1651611328125,-3.3182373046875,3.0479736328125
0.629,0.8458251953125,-3.7186279296875,2.8077392578125
0.6295,1.6466064453125,-3.8787841796875,2.2071533203125
0.63,2.0870361328125,-3.8787841796875,1.8468017578125
0.6305,2.5675048828125,-3.6385498046875,1.1260986328125
0.631,3.0479736328125,-3.5584716796875,0.5655517578125
0.6315,3.3682861328125,-2.9979248046875,-0.2752685546875
0.632,3.6885986328125,-2.5975341796875,-0.9959716796875
0.6325,3.8887939453125,-1.9569091796875,-1.7967529296875
0.633,3.6885986328125,-1.3963623046875,-2.1971435546875
0.6335,3.6885986328125,-0.7557373046875,-2.8778076171875
0.634,3.2882080078125,-0.0350341796875,-3.1981201171875
0.6345,3.0880126953125,0.6055908203125,-3.6385498046875
0.635,2.4874267578125,1.4063720703125,-3.8387451171875
0.6355,1.9669189453125,1.9268798828125,-3.8787841796875
0.636,1.0860595703125,2.4473876953125,-3.5584716796875
0.6365,0.5255126953125,3.0479736328125,-3.5584716796875
0.637,-0.2752685546875,3.2481689453125,-2.9578857421875
0.6375,-0.9158935546875,3.5684814453125,-2.7176513671875
0.638,-1.6766357421875,3.7686767578125,-2.1170654296875
0.6385,-1.9969482421875,3.5684814453125,-1.6365966796875
0.639,-2.5574951171875,3.4884033203125,-1.0360107421875
0.6395,-2.8778076171875,3.1280517578125,-0.3553466796875
0.64,-3.1981201171875,2.7276611328125,0.3253173828125
0.6405,-3.4783935546875,2.2071533203125,1.0860595703125
0.641,-3.6385498046875,1.7266845703125,1.6866455078125
0.6415,-3.3582763671875,1.0059814453125,2.1270751953125
0.642,-3.5184326171875,0.5255126953125,2.6876220703125
0.6425,-2.9979248046875,-0.2352294921875,3.0479736328125
0.643,-2.7576904296875,-0.7957763671875,3.4483642578125
0.6435,-2.1571044921875,-1.5965576171875,3.6485595703125
0.644,-1.5965576171875,-2.0369873046875,3.5284423828125
0.6445,-0.8358154296875,-2.5975341796875,3.3682861328125
0.645,-0.1951904296875,-3.0780029296875,3.2081298828125
0.6455,0.5255126953125,-3.3582763671875,2.7677001953125
0.646,1.2061767578125,-3.6385498046875,2.4073486328125
0.6465,1.8468017578125,-3.8387451171875,2.0069580078125
0.647,2.1671142578125,-3.5584716796875,1.4464111328125
0.6475,2.7677001953125,-3.6385498046875,0.9259033203125
0.648,3.0479736328125,-3.0780029296875,0.1251220703125
0.6485,3.4884033203125,-2.8377685546875,-0.5155029296875
0.649,3.6485595703125,-2.2772216796875,-1.3162841796875
0.6495,3.7286376953125,-1.8768310546875,-1.7967529296875
0.65,3.4884033203125,-1.1160888671875,-2.3572998046875
0.6505,3.5284423828125,-0.5955810546875,-2.8778076171875
0.651,3.1280517578125,0.2452392578125,-3.2781982421875
0.6515,2.8477783203125,0.8858642578125,-3.5985107421875
0.652,2.2872314453125,1.5665283203125,-3.7987060546875
0.6525,1.5665283203125,2.0469970703125,-3.5584716796875
0.653,0.9259033203125,2.6876220703125,-3.5985107421875
0.6535,0.1651611328125,3.0479736328125,-3.1981201171875
0.654,-0.5155029296875,3.3682861328125,-2.8778076171875
0.6545,-1.2362060546875,3.5684814453125,-2.4373779296875
0.655,-1.7567138671875,3.6885986328125,-1.9969482421875
0.6555,-2.1170654296875,3.4083251953125,-1.3563232421875
0.656,-2.7176513671875,3.4483642578125,-0.8358154296875
0.6565,-2.9979248046875,2.8077392578125,0.0050048828125
0.657,-3.3582763671875,2.5274658203125,0.6456298828125
0.6575,-3.5584716796875,1.9268798828125,1.4864501953125
0.658,-3.5184326171875,1.3663330078125,1.8868408203125
0.6585,-3.3983154296875,0.7257080078125,2.5274658203125
0.659,-3.2381591796875,0.0850830078125,2.9278564453125
0.6595,-2.8377685546875,-0.6356201171875,3.3282470703125
0.66,-2.3973388671875,-1.3162841796875,3.5684814453125
0.6605,-1.7967529296875,-1.9569091796875,3.6485595703125
0.661,-0.9959716796875,-2.3973388671875,3.2882080078125
0.6615,-0.4354248046875,-3.0379638671875,3.3682861328125
0.662,0.4053955078125,-3.2381591796875,2.7677001953125
0.6625,1.0460205078125,-3.5584716796875,2.5274658203125
0.663,1.7266845703125,-3.7586669921875,1.9669189453125
0.6635,2.1671142578125,-3.6785888671875,1.5264892578125
0.664,2.5675048828125,-3.4783935546875,0.9259033203125
0.6645,3.0079345703125,-3.2781982421875,0.3253173828125
0.665,3.2481689453125,-2.7176513671875,-0.5155029296875
0.6655,3.5684814453125,-2.3572998046875,-1.1561279296875
0.666,3.6885986328125,-1.7967529296875,-1.8367919921875
0.6665,3.4483642578125,-1.1561279296875,-2.1971435546875
0.667,3.4884033203125,-0.6356201171875,-2.7977294921875
0.6675,3.1280517578125,0.0450439453125,-3.1180419921875
0.668,2.8477783203125,0.6856689453125,-3.4783935546875
0.6685,2.2872314453125,1.3663330078125,-3.6785888671875
0.669,1.7667236328125,1.8868408203125,-3.5985107421875
0.6695,1.0059814453125,2.3673095703125,-3.3582763671875
0.67,0.4854736328125,2.8878173828125,-3.3582763671875
0.6705,-0.3153076171875,3.1280517578125,-2.7977294921875
0.671,-0.9158935546875,3.4483642578125,-2.5975341796875
0.6715,-1.5164794921875,3.5284423828125,-2.1170654296875
0.672,-1.8367919921875,3.3682861328125,-1.6365966796875
0.6725,-2.3973388671875,3.3682861328125,-1.1160888671875
0.673,-2.7176513671875,2.9678955078125,-0.3953857421875
0.6735,-3.0780029296875,2.6075439453125,0.2852783203125
0.674,-3.3582763671875,2.1671142578125,0.9259033203125
0.6745,-3.4783935546875,1.7667236328125,1.4864501953125
0.675,-3.2381591796875,1.1260986328125,1.9268798828125
0.6755,-3.3983154296875,0.6055908203125,2.5675048828125
0.676,-2.9178466796875,-0.1551513671875,2.9278564453125
0.6765,-2.7176513671875,-0.7156982421875,3.3282470703125
0.677,-2.1971435546875,-1.3963623046875,3.4483642578125
0.6775,-1.5965576171875,-1.8768310546875,3.3282470703125
0.678,-0.9158935546875,-2.4774169921875,3.2882080078125
0.6785,-0.2352294921875,-2.9178466796875,3.0880126953125
0.679,0.4454345703125,-3.1981201171875,2.6876220703125
0.6795,1.0860595703125,-3.5584716796875,2.4473876953125
0.68,1.6065673828125,-3.6785888671875,2.0469970703125
0.6805,2.0069580078125,-3.4783935546875,1.4864501953125
0.681,2.6075439453125,-3.5584716796875,0.9659423828125
0.6815,2.9278564453125,-2.9979248046875,0.1251220703125
0.682,3.2882080078125,-2.7977294921875,-0.4754638671875
0.6825,3.5284423828125,-2.1971435546875,-1.2362060546875
0.683,3.5284423828125,-1.7967529296875,-1.6365966796875
0.6835,3.4483642578125,-1.0760498046875,-2.2371826171875
0.684,3.4083251953125,-0.5155029296875,-2.7576904296875
0.6845,3.0479736328125,0.2052001953125,-3.1580810546875
0.685,2.7276611328125,0.8057861328125,-3.4783935546875
0.6855,2.2071533203125,1.4464111328125,-3.5985107421875
0.686,1.4864501953125,1.9268798828125,-3.3582763671875
0.6865,0.9259033203125,2.5675048828125,-3.4783935546875
0.687,0.1651611328125,2.8477783203125,-3.0780029296875
0.6875,-0.4354248046875,3.2081298828125,-2.7977294921875
0.688,-1.0760498046875,3.4483642578125,-2.3973388671875
0.6885,-1.5164794921875,3.4483642578125,-1.9969482421875
0.689,-1.9569091796875,3.2481689453125,-1.3963623046875
0.6895,-2.5174560546875,3.2081298828125,-0.9158935546875
0.69,-2.7977294921875,2.6075439453125,-0.0350341796875
0.6905,-3.1981201171875,2.4473876953125,0.5655517578125
0.691,-3.3582763671875,1.9268798828125,1.2462158203125
0.6915,-3.2781982421875,1.4063720703125,1.6466064453125
0.692,-3.2781982421875,0.8057861328125,2.2872314453125
0.6925,-3.0780029296875,0.1251220703125,2.6876220703125
0.693,-2.7576904296875,-0.5155029296875,3.0479736328125
0.6935,-2.3172607421875,-1.1160888671875,3.3282470703125
0.694,-1.8367919921875,-1.6365966796875,3.3282470703125
0.6945,-1.1160888671875,-2.1170654296875,3.1680908203125
0.695,-0.5555419921875,-2.7576904296875,3.2081298828125
0.6955,0.2452392578125,-2.9979248046875,2.6876220703125
0.696,0.8057861328125,-3.3582763671875,2.5274658203125
0.6965,1.4063720703125,-3.5584716796875,2.1270751953125
0.697,1.7667236328125,-3.5584716796875,1.6866455078125
0.6975,2.2872314453125,-3.4383544921875,1.1260986328125
0.698,2.6876220703125,-3.1981201171875,0.4854736328125
0.6985,3.0479736328125,-2.7176513671875,-0.2352294921875
0.699,3.3682861328125,-2.4373779296875,-0.8758544921875
0.6995,3.5284423828125,-1.9569091796875,-1.4764404296875
0.7,3.3282470703125,-1.3162841796875,-1.9168701171875
0.7005,3.4483642578125,-0.7957763671875,-2.5574951171875
0.701,3.0880126953125,-0.0350341796875,-2.9178466796875
0.7015,2.8878173828125,0.5255126953125,-3.3182373046875
0.702,2.4073486328125,1.1661376953125,-3.4783935546875
0.7025,1.8468017578125,1.6466064453125,-3.4783935546875
0.703,1.1260986328125,2.2471923828125,-3.3582763671875
0.7035,0.5655517578125,2.7677001953125,-3.2781982421875
0.704,-0.1951904296875,3.0479736328125,-2.8377685546875
0.7045,-0.7957763671875,3.4083251953125,-2.6375732421875
0.705,-1.3563232421875,3.4884033203125,-2.1971435546875
0.7055,-1.7967529296875,3.3282470703125,-1.6766357421875
0.706,-2.3973388671875,3.3282470703125,-1.1160888671875
0.7065,-2.7176513671875,2.8477783203125,-0.2752685546875
0.707,-3.1180419921875,2.5675048828125,0.3653564453125
0.7075,-3.3582763671875,2.0870361328125,1.0860595703125
0.708,-3.4383544921875,1.6466064453125,1.6065673828125
0.7085,-3.2781982421875,0.9259033203125,2.1671142578125
0.709,-3.2781982421875,0.3653564453125,2.7276611328125
0.7095,-2.8377685546875,-0.4354248046875,3.0880126953125
0.71,-2.5174560546875,-1.0360107421875,3.4483642578125
0.7105,-1.8768310546875,-1.7166748046875,3.4884033203125
0.711,-1.1961669921875,-2.2371826171875,3.3282470703125
0.7115,-0.5155029296875,-2.7576904296875,3.2081298828125
0.712,0.2452392578125,-3.1981201171875,2.8477783203125
0.7125,0.9659423828125,-3.4383544921875,2.4073486328125
0.713,1.5264892578125,-3.6785888671875,2.0870361328125
0.7135,2.0469970703125,-3.7186279296875,1.6065673828125
0.714,2.4073486328125,-3.4383544921875,0.9659423828125
0.7145,2.9278564453125,-3.3182373046875,0.4454345703125
0.715,3.1680908203125,-2.5975341796875,-0.4754638671875
0.7155,3.5284423828125,-2.3172607421875,-1.1160888671875
0.716,3.5684814453125,-1.7166748046875,-1.7567138671875
0.7165,3.4884033203125,-1.1961669921875,-2.1971435546875
0.717,3.2882080078125,-0.5155029296875,-2.6776123046875
0.7175,3.1280517578125,0.0450439453125,-3.1180419921875
0.718,2.6876220703125,0.8057861328125,-3.3983154296875
0.7185,2.2872314453125,1.3663330078125,-3.5584716796875
0.719,1.6466064453125,1.9669189453125,-3.5584716796875
0.7195,0.9259033203125,2.4073486328125,-3.2781982421875
0.72,0.3253173828125,2.9278564453125,-3.2781982421875
0.7205,-0.4354248046875,3.1280517578125,-2.7176513671875
0.721,-1.0360107421875,3.4083251953125,-2.4373779296875
0.7215,-1.5565185546875,3.4483642578125,-1.9969482421875
0.722,-2.0369873046875,3.4083251953125,-1.5565185546875
0.7225,-2.4373779296875,3.1680908203125,-0.9158935546875
0.723,-2.8778076171875,3.0079345703125,-0.2752685546875
0.7235,-3.0780029296875,2.3673095703125,0.5255126953125
0.724,-3.3983154296875,2.0870361328125,1.1260986328125
0.7245,-3.3983154296875,1.5264892578125,1.7667236328125
0.725,-3.2781982421875,0.9659423828125,2.1671142578125
0.7255,-3.1981201171875,0.3253173828125,2.6876220703125
0.726,-2.8778076171875,-0.3553466796875,3.0880126953125
0.7265,-2.5174560546875,-0.9959716796875,3.3682861328125
0.727,-1.9569091796875,-1.5965576171875,3.4884033203125
0.7275,-1.3963623046875,-2.1971435546875,3.4483642578125
0.728,-0.6356201171875,-2.6375732421875,3.1680908203125
0.7285,-0.0350341796875,-3.1580810546875,3.1280517578125
0.729,0.8057861328125,-3.3582763671875,2.4874267578125
0.7295,1.3663330078125,-3.7186279296875,2.2471923828125
0.73,1.9268798828125,-3.7186279296875,1.7667236328125
0.7305,2.3673095703125,-3.5584716796875,1.2462158203125
0.731,2.8077392578125,-3.3582763671875,0.6055908203125
0.7315,3.2081298828125,-2.9578857421875,-0.1151123046875
0.732,3.4483642578125,-2.4373779296875,-0.9158935546875
0.7325,3.6885986328125,-2.0369873046875,-1.5164794921875
0.733,3.6885986328125,-1.4364013671875,-2.1170654296875
0.7335,3.4483642578125,-0.7557373046875,-2.5574951171875
0.734,3.4083251953125,-0.1551513671875,-3.1180419921875
0.7345,2.8477783203125,0.6456298828125,-3.4383544921875
0.735,2.5274658203125,1.2862548828125,-3.7186279296875
0.7355,1.8468017578125,1.8868408203125,-3.6785888671875
0.736,1.1661376953125,2.4473876953125,-3.5584716796875
0.7365,0.4053955078125,2.8477783203125,-3.2781982421875
0.737,-0.2352294921875,3.2481689453125,-3.0780029296875
0.7375,-1.1160888671875,3.4483642578125,-2.4373779296875
0.738,-1.5965576171875,3.6085205078125,-2.1971435546875
0.7385,-2.1971435546875,3.5684814453125,-1.5164794921875
0.739,-2.5975341796875,3.3682861328125,-0.9559326171875
0.7395,-3.0379638671875,3.1680908203125,-0.3153076171875
0.74,-3.2781982421875,2.5274658203125,0.6055908203125
0.7405,-3.5584716796875,2.0469970703125,1.3262939453125
0.741,-3.5584716796875,1.5264892578125,1.8868408203125
0.7415,-3.5584716796875,0.8858642578125,2.4473876953125
0.742,-3.1981201171875,0.1651611328125,2.8477783203125
0.7425,-3.0780029296875,-0.4354248046875,3.3282470703125
0.743,-2.4373779296875,-1.3162841796875,3.5684814453125
0.7435,-1.9569091796875,-1.8768310546875,3.6885986328125
0.744,-1.1961669921875,-2.4373779296875,3.5284423828125
0.7445,-0.5155029296875,-2.9178466796875,3.3282470703125
0.745,0.2052001953125,-3.3582763671875,3.0479736328125
0.7455,0.9659423828125,-3.6385498046875,2.5675048828125
0.746,1.7667236328125,-3.8787841796875,1.9669189453125
0.7465,2.1671142578125,-3.7987060546875,1.6065673828125
0.747,2.7276611328125,-3.7186279296875,1.0059814453125
0.7475,3.0479736328125,-3.3182373046875,0.3253173828125
0.748,3.4884033203125,-3.1580810546875,-0.2752685546875
0.7485,3.6485595703125,-2.2772216796875,-1.2362060546875
0.749,3.8487548828125,-1.9168701171875,-1.8768310546875
0.7495,3.6885986328125,-1.2362060546875,-2.3572998046875
0.75,3.6085205078125,-0.6356201171875,-2.8778076171875
0.7505,3.2481689453125,0.0450439453125,-3.1981201171875
0.751,3.0079345703125,0.6856689453125,-3.6385498046875
0.7515,2.3673095703125,1.5665283203125,-3.8787841796875
0.752,1.9268798828125,2.0069580078125,-3.8387451171875
0.7525,1.0860595703125,2.6075439453125,-3.7186279296875
0.753,0.3653564453125,3.0479736328125,-3.3582763671875
0.7535,-0.2752685546875,3.4483642578125,-3.1981201171875
0.754,-1.1561279296875,3.5684814453125,-2.5574951171875
0.7545,-1.8367919921875,3.8487548828125,-2.1170654296875
0.755,-2.2371826171875,3.6885986328125,-1.5565185546875
0.7555,-2.7977294921875,3.6485595703125,-0.9959716796875
0.756,-3.0780029296875,3.1680908203125,-0.2752685546875
0.7565,-3.5184326171875,2.8878173828125,0.4454345703125
0.757,-3.6785888671875,2.0469970703125,1.4063720703125
0.7575,-3.8387451171875,1.6466064453125,1.9669189453125
0.758,-3.6385498046875,0.8858642578125,2.5274658203125
0.7585,-3.4783935546875,0.2452392578125,3.0479736328125
0.759,-3.1981201171875,-0.4754638671875,3.4083251953125
0.7595,-2.6776123046875,-1.2362060546875,3.7686767578125
0.76,-2.0770263671875,-2.0369873046875,3.9688720703125
0.7605,-1.3563232421875,-2.4774169921875,3.7686767578125
0.761,-0.6356201171875,-3.1580810546875,3.6885986328125
0.7615,0.2452392578125,-3.5184326171875,3.1680908203125
0.762,0.8858642578125,-3.8787841796875,2.8477783203125
0.7625,1.9268798828125,-3.9989013671875,2.0870361328125
0.763,2.4874267578125,-4.1190185546875,1.6466064453125
0.7635,2.8878173828125,-3.7987060546875,0.9659423828125
0.764,3.4083251953125,-3.7186279296875,0.4053955078125
0.7645,3.6085205078125,-3.1580810546875,-0.3553466796875
0.765,3.9688720703125,-2.6776123046875,-1.1561279296875
0.7655,4.1290283203125,-1.7967529296875,-2.1571044921875
0.766,4.0089111328125,-1.2762451171875,-2.6375732421875
0.7665,3.8487548828125,-0.4754638671875,-3.1981201171875
0.767,3.4884033203125,0.1651611328125,-3.5584716796875
0.7675,3.1680908203125,0.8858642578125,-3.9588623046875
0.768,2.4874267578125,1.7667236328125,-4.1590576171875
0.7685,1.8868408203125,2.4874267578125,-4.3192138671875
0.769,0.9659423828125,2.8477783203125,-3.8387451171875
0.7695,0.2852783203125,3.4884033203125,-3.7987060546875
0.77,-0.5955810546875,3.6485595703125,-3.1981201171875
0.7705,-1.2762451171875,3.9688720703125,-2.8377685546875
0.771,-2.2772216796875,4.0889892578125,-1.9569091796875
0.7715,-2.7176513671875,3.9688720703125,-1.3963623046875
0.772,-3.1580810546875,3.6885986328125,-0.6756591796875
0.7725,-3.5584716796875,3.4483642578125,-0.0350341796875
0.773,-3.7186279296875,2.8077392578125,0.6856689453125
0.7735,-3.9588623046875,2.2071533203125,1.5264892578125
0.774,-4.1590576171875,1.4864501953125,2.4473876953125
0.7745,-3.7987060546875,0.7657470703125,2.8077392578125
0.775,-3.7186279296875,0.0850830078125,3.4083251953125
0.7755,-3.1981201171875,-0.6356201171875,3.6485595703125
0.776,-2.8377685546875,-1.3162841796875,3.9688720703125
0.7765,-2.0369873046875,-2.2371826171875,4.1290283203125
0.777,-1.3963623046875,-2.8778076171875,4.1290283203125
0.7775,-0.5155029296875,-3.2381591796875,3.6085205078125
0.778,0.1651611328125,-3.7987060546875,3.5284423828125
0.7785,1.0059814453125,-3.8787841796875,2.8477783203125
0.779,1.7266845703125,-4.1590576171875,2.4073486328125
0.7795,2.6075439453125,-4.2791748046875,1.6466064453125
0.78,2.9278564453125,-3.9588623046875,1.0860595703125
0.7805,3.4884033203125,-3.8387451171875,0.4454345703125
0.781,3.6885986328125,-3.3182373046875,-0.2752685546875
0.7815,3.9688720703125,-2.8377685546875,-0.9959716796875
0.782,4.0889892578125,-2.0770263671875,-1.8768310546875
0.7825,4.2491455078125,-1.4764404296875,-2.5975341796875
0.783,3.8087158203125,-0.6756591796875,-2.9578857421875
0.7835,3.8087158203125,-0.1151123046875,-3.5584716796875
0.784,3.2081298828125,0.6456298828125,-3.7987060546875
0.7845,2.8878173828125,1.2862548828125,-4.1190185546875
0.785,2.0870361328125,2.1671142578125,-4.3192138671875
0.7855,1.4464111328125,2.6075439453125,-4.1190185546875
0.786,0.6055908203125,3.0880126953125,-3.8387451171875
0.7865,-0.0750732421875,3.5684814453125,-3.5584716796875
0.787,-0.9158935546875,3.8087158203125,-2.9578857421875
0.7875,-1.6365966796875,3.9688720703125,-2.4373779296875
0.788,-2.4373779296875,4.1290283203125,-1.8367919921875
0.7885,-2.7576904296875,3.7686767578125,-1.1561279296875
0.789,-3.3582763671875,3.7686767578125,-0.5555419921875
0.7895,-3.5584716796875,3.0880126953125,0.2852783203125
0.79,-3.8787841796875,2.6876220703125,1.0059814453125
0.7905,-3.9989013671875,1.8468017578125,1.9268798828125
0.791,-4.0389404296875,1.2862548828125,2.5675048828125
0.7915,-3.6385498046875,0.4454345703125,3.0079345703125
0.792,-3.5985107421875,-0.1151123046875,3.5284423828125
0.7925,-3.0379638671875,-0.9959716796875,3.8087158203125
0.793,-2.5574951171875,-1.7166748046875,4.0089111328125
0.7935,-1.7967529296875,-2.5975341796875,4.2091064453125
0.794,-0.8758544921875,-2.9979248046875,3.6885986328125
0.7945,-0.1951904296875,-3.5584716796875,3.6885986328125
0.795,0.6456298828125,-3.8787841796875,3.1680908203125
0.7955,1.4464111328125,-4.1190185546875,2.6475830078125
0.796,2.2471923828125,-4.1990966796875,1.9669189453125
0.7965,2.9278564453125,-4.3192138671875,1.4063720703125
0.797,3.2081298828125,-3.7987060546875,0.6456298828125
0.7975,3.8087158203125,-3.7586669921875,0.0850830078125
0.798,3.9288330078125,-2.8778076171875,-0.9158935546875
0.7985,4.1690673828125,-2.4774169921875,-1.5965576171875
0.799,4.3292236328125,-1.6365966796875,-2.5574951171875
0.7995,4.0889892578125,-0.9559326171875,-2.9979248046875
0.8,3.7686767578125,-0.1951904296875,-3.4783935546875
0.8005,3.5284423828125,0.4454345703125,-3.8387451171875
0.801,2.8878173828125,1.2061767578125,-4.1590576171875
0.8015,2.3673095703125,1.9268798828125,-4.2391357421875
0.802,1.7667236328125,2.7276611328125,-4.5194091796875
0.8025,0.6856689453125,3.0880126953125,-3.7987060546875
0.803,0.0450439453125,3.6885986328125,-3.7987060546875
0.8035,-0.8358154296875,3.8487548828125,-3.0379638671875
0.804,-1.5565185546875,4.0889892578125,-2.5574951171875
0.8045,-2.3572998046875,4.1290283203125,-1.8768310546875
0.805,-2.8778076171875,4.0089111328125,-1.2762451171875
0.8055,-3.1981201171875,3.5684814453125,-0.5555419921875
0.806,-3.6385498046875,3.4083251953125,0.0050048828125
0.8065,-3.7987060546875,2.6075439453125,0.9659423828125
0.807,-3.9989013671875,2.1671142578125,1.6065673828125
0.8075,-4.1590576171875,1.4063720703125,2.5274658203125
0.808,-3.7987060546875,0.6456298828125,2.8878173828125
0.8085,-3.6785888671875,0.0050048828125,3.4483642578125
0.809,-3.1981201171875,-0.8358154296875,3.7286376953125
0.8095,-2.6375732421875,-1.5565185546875,4.0489501953125
0.81,-1.9569091796875,-2.3172607421875,3.9688720703125
0.8105,-1.3162841796875,-2.9178466796875,4.1290283203125
0.811,-0.3953857421875,-3.2781982421875,3.5684814453125
0.8115,0.2452392578125,-3.8787841796875,3.5684814453125
0.812,1.2462158203125,-3.9989013671875,2.6876220703125
0.8125,1.9268798828125,-4.2391357421875,2.3272705078125
0.813,2.6876220703125,-4.3192138671875,1.6466064453125
0.8135,3.1280517578125,-4.0389404296875,0.9659423828125
0.814,3.5284423828125,-3.7186279296875,0.2852783203125
0.8145,3.8887939453125,-3.3582763671875,-0.4354248046875
0.815,4.1290283203125,-2.5574951171875,-1.3563232421875
0.8155,4.2491455078125,-2.0369873046875,-2.0369873046875
0.816,4.3292236328125,-1.3162841796875,-2.8778076171875
0.8165,3.8087158203125,-0.4754638671875,-3.1981201171875
0.817,3.7286376953125,0.0850830078125,-3.7186279296875
0.8175,3.0880126953125,1.0059814453125,-4.0389404296875
0.818,2.6075439453125,1.6866455078125,-4.3592529296875
0.8185,1.8868408203125,2.4874267578125,-4.3192138671875
0.819,1.1260986328125,3.0079345703125,-4.1190185546875
0.8195,0.2452392578125,3.4083251953125,-3.5985107421875
0.82,-0.3953857421875,3.8887939453125,-3.5184326171875
0.8205,-1.4364013671875,3.9688720703125,-2.5975341796875
0.821,-1.9969482421875,4.1290283203125,-2.2371826171875
0.8215,-2.7176513671875,4.1290283203125,-1.5164794921875
0.822,-3.0780029296875,3.6885986328125,-0.7957763671875
0.8225,-3.5184326171875,3.4884033203125,-0.1551513671875
0.823,-3.7987060546875,2.8477783203125,0.6856689453125
0.8235,-3.9188232421875,2.2071533203125,1.5264892578125
0.824,-3.9989013671875,1.6466064453125,2.1671142578125
0.8245,-3.9989013671875,0.9659423828125,2.8077392578125
0.825,-3.5584716796875,0.1251220703125,3.2481689453125
0.8255,-3.4783935546875,-0.3953857421875,3.6885986328125
0.826,-2.6776123046875,-1.3963623046875,3.8487548828125
0.8265,-2.2772216796875,-1.9569091796875,4.0889892578125
0.827,-1.4764404296875,-2.6375732421875,4.0089111328125
0.8275,-0.6756591796875,-3.1180419921875,3.6885986328125
0.828,0.0450439453125,-3.5584716796875,3.4083251953125
0.8285,0.8057861328125,-3.8787841796875,3.0479736328125
0.829,1.7266845703125,-4.0389404296875,2.2872314453125
0.8295,2.2071533203125,-4.1190185546875,1.9268798828125
0.83,2.8077392578125,-4.1190185546875,1.3262939453125
0.8305,3.1280517578125,-3.5985107421875,0.5655517578125
0.831,3.6085205078125,-3.5584716796875,0.0050048828125
0.8315,3.8087158203125,-2.7576904296875,-0.9158935546875
0.832,4.0089111328125,-2.3172607421875,-1.5965576171875
0.8325,4.0489501953125,-1.6365966796875,-2.2371826171875
0.833,3.8087158203125,-1.0760498046875,-2.6375732421875
0.8335,3.5684814453125,-0.3153076171875,-3.1981201171875
0.834,3.4483642578125,0.2452392578125,-3.6785888671875
0.8345,2.7677001953125,1.1661376953125,-3.8787841796875
0.835,2.4073486328125,1.7266845703125,-4.0389404296875
0.8355,1.6466064453125,2.4073486328125,-3.9989013671875
0.836,0.8858642578125,2.8077392578125,-3.6385498046875
0.8365,0.2052001953125,3.3282470703125,-3.5584716796875
0.837,-0.6356201171875,3.5684814453125,-2.9578857421875
0.8375,-1.3162841796875,3.7686767578125,-2.5574951171875
0.838,-1.8768310546875,3.8487548828125,-2.0770263671875
0.8385,-2.3973388671875,3.8087158203125,-1.5164794921875
0.839,-2.7176513671875,3.3682861328125,-0.7957763671875
0.8395,-3.2381591796875,3.3282470703125,-0.2752685546875
0.84,-3.3983154296875,2.5274658203125,0.6856689453125
0.8405,-3.7186279296875,2.2471923828125,1.2462158203125
0.841,-3.7987060546875,1.5665283203125,2.0469970703125
0.8415,-3.5584716796875,0.9259033203125,2.4073486328125
0.842,-3.4383544921875,0.2452392578125,2.9278564453125
0.8425,-3.1580810546875,-0.3953857421875,3.3682861328125
0.843,-2.6375732421875,-1.1561279296875,3.6485595703125
0.8435,-2.1571044921875,-1.7567138671875,3.7686767578125
0.844,-1.4764404296875,-2.3572998046875,3.7286376953125
0.8445,-0.6356201171875,-2.7977294921875,3.3682861328125
0.845,-0.0350341796875,-3.3983154296875,3.3682861328125
0.8455,0.8858642578125,-3.5584716796875,2.6475830078125
0.846,1.4464111328125,-3.8787841796875,2.3673095703125
0.8465,2.0469970703125,-3.8387451171875,1.8468017578125
0.847,2.5274658203125,-3.7586669921875,1.3262939453125
0.8475,2.9278564453125,-3.4783935546875,0.6055908203125
0.848,3.3682861328125,-3.2381591796875,0.0050048828125
0.8485,3.5684814453125,-2.5574951171875,-0.9158935546875
0.849,3.8487548828125,-2.2371826171875,-1.4764404296875
0.8495,3.8087158203125,-1.5965576171875,-2.1971435546875
0.85,3.5284423828125,-0.9158935546875,-2.5574951171875
0.8505,3.4884033203125,-0.2352294921875,-3.1580810546875
0.851,3.0479736328125,0.5255126953125,-3.4783935546875
0.8515,2.6876220703125,1.1661376953125,-3.7987060546875
0.852,2.0469970703125,1.7667236328125,-3.7987060546875
0.8525,1.4063720703125,2.3272705078125,-3.7186279296875
0.853,0.6055908203125,2.7677001953125,-3.3983154296875
0.8535,0.0450439453125,3.2481689453125,-3.3182373046875
0.854,-0.7957763671875,3.4483642578125,-2.5975341796875
0.8545,-1.3162841796875,3.6885986328125,-2.4373779296875
0.855,-1.9168701171875,3.6485595703125,-1.8367919921875
0.8555,-2.3172607421875,3.4483642578125,-1.2762451171875
0.856,-2.7977294921875,3.2882080078125,-0.6356201171875
0.8565,-3.1580810546875,2.8477783203125,0.1251220703125
0.857,-3.3983154296875,2.3673095703125,0.8458251953125
0.8575,-3.5584716796875,1.9268798828125,1.4063720703125
0.858,-3.5584716796875,1.3262939453125,2.0069580078125
0.8585,-3.3182373046875,0.6456298828125,2.4874267578125
0.859,-3.3182373046875,0.0450439453125,3.0479736328125
0.8595,-2.7176513671875,-0.7557373046875,3.3282470703125
0.86,-2.4373779296875,-1.3162841796875,3.6085205078125
0.8605,-1.7166748046875,-1.9569091796875,3.5284423828125
0.861,-1.0760498046875,-2.4373779296875,3.4083251953125
0.8615,-0.3153076171875,-2.9178466796875,3.2081298828125
0.862,0.3253173828125,-3.3582763671875,2.9278564453125
0.8625,1.1661376953125,-3.5584716796875,2.4073486328125
0.863,1.5665283203125,-3.7586669921875,2.1671142578125
0.8635,2.1671142578125,-3.7586669921875,1.5665283203125
0.864,2.5675048828125,-3.4783935546875,0.9659423828125
0.8645,3.0880126953125,-3.3582763671875,0.3653564453125
0.865,3.2882080078125,-2.7176513671875,-0.4754638671875
0.8655,3.6885986328125,-2.4373779296875,-1.1561279296875
0.866,3.6885986328125,-1.8768310546875,-1.7166748046875
0.8665,3.6485595703125,-1.2762451171875,-2.2772216796875
0.867,3.4083251953125,-0.5555419921875,-2.7176513671875
0.8675,3.3282470703125,0.0050048828125,-3.2381591796875
0.868,2.8077392578125,0.8458251953125,-3.5584716796875
0.8685,2.4473876953125,1.3262939453125,-3.7586669921875
0.869,1.7266845703125,1.9669189453125,-3.6785888671875
0.8695,0.9659423828125,2.5274658203125,-3.4783935546875
0.87,0.3253173828125,3.0079345703125,-3.3582763671875
0.8705,-0.3953857421875,3.2481689453125,-2.8778076171875
0.871,-1.1561279296875,3.5684814453125,-2.5174560546875
0.8715,-1.5965576171875,3.5684814453125,-2.0770263671875
0.872,-2.1170654296875,3.6085205078125,-1.5965576171875
0.8725,-2.5174560546875,3.2481689453125,-0.9158935546875
0.873,-3.0379638671875,3.1680908203125,-0.2752685546875
0.8735,-3.1981201171875,2.4073486328125,0.6055908203125
0.874,-3.5584716796875,2.1671142578125,1.2061767578125
0.8745,-3.5184326171875,1.5264892578125,1.7667236328125
0.875,-3.3983154296875,0.9259033203125,2.2872314453125
0.8755,-3.1981201171875,0.2452392578125,2.8077392578125
0.876,-2.9578857421875,-0.4354248046875,3.2081298828125
0.8765,-2.5174560546875,-1.1961669921875,3.5284423828125
0.877,-1.9569091796875,-1.7166748046875,3.5284423828125
0.8775,-1.2762451171875,-2.3172607421875,3.5284423828125
0.878,-0.5155029296875,-2.7977294921875,3.1680908203125
0.8785,0.0850830078125,-3.2781982421875,3.1280517578125
0.879,0.9659423828125,-3.4383544921875,2.4473876953125
0.8795,1.5264892578125,-3.7586669921875,2.2471923828125
0.88,1.9268798828125,-3.5985107421875,1.6866455078125
0.8805,2.4473876953125,-3.5985107421875,1.2061767578125
0.881,2.8077392578125,-3.2381591796875,0.4854736328125
0.8815,3.2481689453125,-3.0379638671875,-0.1551513671875
0.882,3.4483642578125,-2.3973388671875,-0.9959716796875
0.8825,3.6485595703125,-2.0369873046875,-1.4764404296875
0.883,3.5684814453125,-1.3563232421875,-2.1170654296875
0.8835,3.4483642578125,-0.7957763671875,-2.5574951171875
0.884,3.3282470703125,-0.1551513671875,-3.0780029296875
0.8845,2.8477783203125,0.5655517578125,-3.3582763671875
0.885,2.5274658203125,1.1661376953125,-3.6785888671875
0.8855,1.9268798828125,1.6466064453125,-3.5584716796875
0.886,1.2862548828125,2.2471923828125,-3.5584716796875
0.8865,0.5655517578125,2.6876220703125,-3.2381591796875
0.887,0.0050048828125,3.1280517578125,-3.1580810546875
0.8875,-0.7957763671875,3.2882080078125,-2.5574951171875
0.888,-1.2762451171875,3.5284423828125,-2.3572998046875
0.8885,-1.7567138671875,3.4483642578125,-1.7967529296875
0.889,-2.1971435546875,3.3282470703125,-1.2762451171875
0.8895,-2.6375732421875,3.0880126953125,-0.6356201171875
0.89,-2.9578857421875,2.6475830078125,0.0850830078125
0.8905,-3.2781982421875,2.2872314453125,0.7657470703125
0.891,-3.3582763671875,1.9268798828125,1.2862548828125
0.8915,-3.3983154296875,1.3262939453125,1.8868408203125
0.892,-3.1981201171875,0.6856689453125,2.3673095703125
0.8925,-3.1580810546875,0.0850830078125,2.8878173828125
0.893,-2.6776123046875,-0.6356201171875,3.1680908203125
0.8935,-2.3973388671875,-1.1961669921875,3.4483642578125
0.894,-1.6766357421875,-1.7567138671875,3.3282470703125
0.8945,-1.1160888671875,-2.3172607421875,3.3282470703125
0.895,-0.3553466796875,-2.7977294921875,3.0880126953125
0.8955,0.2852783203125,-3.1981201171875,2.8477783203125
0.896,0.9659423828125,-3.4783935546875,2.4473876953125
0.8965,1.4063720703125,-3.5985107421875,2.2071533203125
0.897,1.9268798828125,-3.5985107421875,1.7266845703125
0.8975,2.3673095703125,-3.3983154296875,1.0860595703125
0.898,2.8878173828125,-3.2781982421875,0.4454345703125
0.8985,3.1280517578125,-2.6375732421875,-0.3953857421875
0.899,3.5284423828125,-2.4373779296875,-0.9959716796875
0.8995,3.4884033203125,-1.8367919921875,-1.5565185546875
0.9,3.5284423828125,-1.3563232421875,-2.0770263671875
0.9005,3.2882080078125,-0.6356201171875,-2.5975341796875
0.901,3.2081298828125,-0.0350341796875,-3.0780029296875
0.9015,2.7677001953125,0.7257080078125,-3.3983154296875
0.902,2.4073486328125,1.2061767578125,-3.5584716796875
0.9025,1.6466064453125,1.8468017578125,-3.5184326171875
0.903,1.0059814453125,2.3673095703125,-3.3582763671875
0.9035,0.3653564453125,2.8477783203125,-3.2381591796875
0.904,-0.3153076171875,3.1280517578125,-2.7576904296875
0.9045,-0.9559326171875,3.4884033203125,-2.5574951171875
0.905,-1.3563232421875,3.3682861328125,-2.1170654296875
0.9055,-1.9168701171875,3.4483642578125,-1.6766357421875
0.906,-2.2772216796875,3.1280517578125,-0.9559326171875
0.9065,-2.8377685546875,3.0079345703125,-0.3153076171875
0.907,-3.0780029296875,2.3673095703125,0.4854736328125
0.9075,-3.3582763671875,2.2071533203125,0.9659423828125
0.908,-3.2781982421875,1.5264892578125,1.5665283203125
0.9085,-3.2781982421875,1.0059814453125,2.0870361328125
0.909,-3.1580810546875,0.3253173828125,2.6075439453125
0.9095,-2.8778076171875,-0.3153076171875,3.0079345703125
0.91,-2.5174560546875,-0.9959716796875,3.3282470703125
0.9105,-1.9569091796875,-1.4364013671875,3.2481689453125
0.911,-1.3563232421875,-2.0770263671875,3.3282470703125
0.9115,-0.5955810546875,-2.5574951171875,3.0479736328125
0.912,-0.0350341796875,-3.0379638671875,3.0079345703125
0.9125,0.7657470703125,-3.2381591796875,2.4473876953125
0.913,1.2462158203125,-3.5584716796875,2.2872314453125
0.9135,1.6866455078125,-3.5184326171875,1.7667236328125
0.914,2.1671142578125,-3.5584716796875,1.3262939453125
0.9145,2.5675048828125,-3.1981201171875,0.6055908203125
0.915,3.0079345703125,-2.8778076171875,0.0050048828125
0.9155,3.3282470703125,-2.4373779296875,-0.7957763671875
0.916,3.4483642578125,-2.0770263671875,-1.2362060546875
0.9165,3.4884033203125,-1.5164794921875,-1.8768310546875
0.917,3.3282470703125,-0.9158935546875,-2.3172607421875
0.9175,3.2882080078125,-0.3153076171875,-2.9178466796875
0.918,2.8477783203125,0.4454345703125,-3.1981201171875
0.9185,2.6075439453125,0.9659423828125,-3.5584716796875
0.919,1.9268798828125,1.5264892578125,-3.3582763671875
0.9195,1.3262939453125,2.1671142578125,-3.4783935546875
0.92,0.6055908203125,2.5675048828125,-3.1981201171875
0.9205,0.0050048828125,3.0079345703125,-3.0780029296875
0.921,-0.7557373046875,3.2882080078125,-2.5975341796875
0.9215,-1.1561279296875,3.4083251953125,-2.3572998046875
0.922,-1.7567138671875,3.4083251953125,-1.7967529296875
0.9225,-2.2371826171875,3.3282470703125,-1.2362060546875
0.923,-2.7176513671875,3.1280517578125,-0.5155029296875
0.9235,-2.9578857421875,2.5675048828125,0.2452392578125
0.924,-3.3983154296875,2.2471923828125,0.9259033203125
0.9245,-3.3582763671875,1.7266845703125,1.4063720703125
0.925,-3.4383544921875,1.2061767578125,2.0469970703125
0.9255,-3.1580810546875,0.4454345703125,2.5675048828125
0.926,-3.0780029296875,-0.1551513671875,3.0479736328125
0.9265,-2.5174560546875,-0.9959716796875,3.3282470703125
0.927,-2.0770263671875,-1.4764404296875,3.4884033203125
0.9275,-1.3563232421875,-2.0770263671875,3.3282470703125
0.928,-0.6756591796875,-2.6375732421875,3.2481689453125
0.9285,0.0050048828125,-3.0780029296875,2.9678955078125
0.929,0.7257080078125,-3.3582763671875,2.5675048828125
0.9295,1.4464111328125,-3.7186279296875,2.2071533203125
0.93,1.8468017578125,-3.5985107421875,1.7266845703125
0.9305,2.4073486328125,-3.5584716796875,1.2462158203125
0.931,2.7276611328125,-3.1981201171875,0.5255126953125
0.9315,3.1680908203125,-2.9578857421875,-0.1151123046875
0.932,3.3682861328125,-2.2772216796875,-0.9959716796875
0.9325,3.6485595703125,-1.9569091796875,-1.5565185546875
0.933,3.4483642578125,-1.2762451171875,-2.0369873046875
0.9335,3.4884033203125,-0.7957763671875,-2.5574951171875
0.934,3.1280517578125,-0.0750732421875,-2.9578857421875
0.9345,2.8477783203125,0.5255126953125,-3.3582763671875
0.935,2.4073486328125,1.2862548828125,-3.6385498046875
0.9355,1.8468017578125,1.7266845703125,-3.5184326171875
0.936,1.1260986328125,2.3272705078125,-3.4783935546875
0.9365,0.4854736328125,2.7276611328125,-3.1981201171875
0.937,-0.1551513671875,3.1280517578125,-2.9979248046875
0.9375,-0.9158935546875,3.3282470703125,-2.4373779296875
0.938,-1.4764404296875,3.5284423828125,-2.1571044921875
0.9385,-1.8768310546875,3.3282470703125,-1.5965576171875
0.939,-2.3973388671875,3.4083251953125,-1.1561279296875
0.9395,-2.6776123046875,2.9678955078125,-0.3953857421875
0.94,-3.1180419921875,2.6876220703125,0.2452392578125
0.9405,-3.3582763671875,2.0469970703125,1.0860595703125
0.941,-3.4783935546875,1.7667236328125,1.4864501953125
0.9415,-3.3582763671875,1.0860595703125,2.0870361328125
0.942,-3.2381591796875,0.4854736328125,2.5675048828125
0.9425,-3.0379638671875,-0.1551513671875,3.0479736328125
0.943,-2.5975341796875,-0.8358154296875,3.3282470703125
0.9435,-2.1971435546875,-1.5565185546875,3.5684814453125
0.944,-1.4764404296875,-1.9569091796875,3.3282470703125
0.9445,-0.8358154296875,-2.6375732421875,3.4083251953125
0.945,-0.0750732421875,-2.9979248046875,3.0079345703125
0.9455,0.5655517578125,-3.4383544921875,2.8077392578125
0.946,1.3663330078125,-3.6785888671875,2.2471923828125
0.9465,1.7667236328125,-3.7987060546875,1.9268798828125
0.947,2.2471923828125,-3.5584716796875,1.3262939453125
0.9475,2.7276611328125,-3.4783935546875,0.7657470703125
0.948,3.0880126953125,-3.0379638671875,0.0050048828125
0.9485,3.4483642578125,-2.6375732421875,-0.7156982421875
0.949,3.7286376953125,-2.0770263671875,-1.5164794921875
0.9495,3.5684814453125,-1.5565185546875,-1.9569091796875
0.95,3.6085205078125,-0.9158935546875,-2.5574951171875
0.9505,3.2882080078125,-0.2352294921875,-2.9178466796875
0.951,3.0880126953125,0.3653564453125,-3.3983154296875
0.9515,2.5274658203125,1.2061767578125,-3.6785888671875
0.952,2.0469970703125,1.7667236328125,-3.8387451171875
0.9525,1.2462158203125,2.2471923828125,-3.4783935546875
0.953,0.6456298828125,2.8477783203125,-3.5584716796875
0.9535,-0.1151123046875,3.1280517578125,-3.0379638671875
0.954,-0.7957763671875,3.4884033203125,-2.7576904296875
0.9545,-1.6365966796875,3.6885986328125,-2.1971435546875
0.955,-1.9969482421875,3.5684814453125,-1.6766357421875
0.9555,-2.5174560546875,3.4884033203125,-1.1160888671875
0.956,-2.8778076171875,3.1680908203125,-0.4354248046875
0.9565,-3.2381591796875,2.7677001953125,0.2852783203125
0.957,-3.4783935546875,2.1671142578125,1.1260986328125
0.9575,-3.7186279296875,1.6466064453125,1.8468017578125
0.958,-3.3983154296875,0.9659423828125,2.2471923828125
0.9585,-3.5184326171875,0.4454345703125,2.8477783203125
0.959,-2.9979248046875,-0.3153076171875,3.1680908203125
0.9595,-2.7176513671875,-0.9959716796875,3.5284423828125
0.96,-2.0770263671875,-1.7967529296875,3.7686767578125
0.9605,-1.4364013671875,-2.2772216796875,3.6485595703125
0.961,-0.6356201171875,-2.7977294921875,3.3682861328125
0.9615,0.0050048828125,-3.3182373046875,3.1680908203125
0.962,0.8057861328125,-3.5584716796875,2.6876220703125
0.9625,1.4464111328125,-3.8387451171875,2.2071533203125
0.963,2.2471923828125,-3.9588623046875,1.7667236328125
0.9635,2.5274658203125,-3.5985107421875,1.1260986328125
0.964,3.1280517578125,-3.6785888671875,0.6055908203125
0.9645,3.3282470703125,-3.0780029296875,-0.1551513671875
0.965,3.6485595703125,-2.6776123046875,-0.8358154296875
0.9655,3.8487548828125,-1.9569091796875,-1.6766357421875
0.966,3.8487548828125,-1.4764404296875,-2.2772216796875
0.9665,3.5284423828125,-0.7156982421875,-2.7176513671875
0.967,3.5284423828125,-0.1951904296875,-3.1981201171875
0.9675,3.0079345703125,0.6055908203125,-3.5584716796875
0.968,2.6475830078125,1.2462158203125,-3.8387451171875
0.9685,2.0469970703125,2.0469970703125,-3.9989013671875
0.969,1.2862548828125,2.4473876953125,-3.7186279296875
0.9695,0.6055908203125,3.0079345703125,-3.6385498046875
0.97,-0.1551513671875,3.3282470703125,-3.1981201171875
0.9705,-0.9158935546875,3.6085205078125,-2.7977294921875
0.971,-1.6365966796875,3.8087158203125,-2.2371826171875
0.9715,-2.2772216796875,3.8887939453125,-1.7166748046875
0.972,-2.5975341796875,3.5284423828125,-1.0360107421875
0.9725,-3.1981201171875,3.5284423828125,-0.5155029296875
0.973,-3.3582763671875,2.8077392578125,0.3653564453125
0.9735,-3.7186279296875,2.4473876953125,1.0460205078125
0.974,-3.8787841796875,1.6866455078125,1.9669189453125
0.9745,-3.7586669921875,1.1260986328125,2.4473876953125
0.975,-3.5584716796875,0.3653564453125,2.9678955078125
0.9755,-3.3182373046875,-0.2752685546875,3.4083251953125
0.976,-2.7576904296875,-1.0760498046875,3.6885986328125
0.9765,-2.2772216796875,-1.7967529296875,3.8887939453125
0.977,-1.5965576171875,-2.5574951171875,4.0089111328125
0.9775,-0.6756591796875,-2.9578857421875,3.5284423828125
0.978,-0.0350341796875,-3.5985107421875,3.5284423828125
0.9785,0.8858642578125,-3.8387451171875,2.8077392578125
0.979,1.6065673828125,-4.0389404296875,2.4073486328125
0.9795,2.4073486328125,-4.1190185546875,1.7667236328125
0.98,2.8878173828125,-4.0389404296875,1.2061767578125
0.9805,3.2081298828125,-3.5985107421875,0.4854736328125
0.981,3.6885986328125,-3.4783935546875,-0.1551513671875
0.9815,3.8487548828125,-2.5975341796875,-1.1561279296875
0.982,4.0889892578125,-2.1971435546875,-1.7967529296875
0.9825,4.1690673828125,-1.4364013671875,-2.6375732421875
0.983,3.8487548828125,-0.6356201171875,-3.0379638671875
0.9835,3.6885986328125,0.0050048828125,-3.5584716796875
0.984,3.1680908203125,0.7657470703125,-3.8787841796875
0.9845,2.6475830078125,1.5665283203125,-4.1190185546875
0.985,2.0069580078125,2.2471923828125,-4.1590576171875
0.9855,1.2862548828125,2.8477783203125,-4.1590576171875
0.986,0.3653564453125,3.1680908203125,-3.5985107421875
0.9865,-0.2752685546875,3.7286376953125,-3.5985107421875
0.987,-1.2362060546875,3.8487548828125,-2.6776123046875
0.9875,-1.8768310546875,4.0489501953125,-2.2772216796875
0.988,-2.5975341796875,4.0889892578125,-1.5965576171875
0.9885,-2.9979248046875,3.8087158203125,-0.9559326171875
0.989,-3.3582763671875,3.4884033203125,-0.2752685546875
0.9895,-3.7186279296875,3.0479736328125,0.4854736328125
0.99,-3.8787841796875,2.2471923828125,1.4063720703125
0.9905,-3.9989013671875,1.7667236328125,2.0469970703125
0.991,-4.0389404296875,1.0860595703125,2.7276611328125
0.9915,-3.5584716796875,0.2852783203125,3.0880126953125
0.992,-3.5184326171875,-0.3153076171875,3.6485595703125
0.9925,-2.7977294921875,-1.2362060546875,3.8487548828125
0.993,-2.3172607421875,-1.9168701171875,4.0889892578125
0.9935,-1.5965576171875,-2.5975341796875,4.0089111328125
0.994,-0.8758544921875,-3.1580810546875,3.8487548828125
0.9945,0.0050048828125,-3.5184326171875,3.3282470703125
0.995,0.6456298828125,-3.9188232421875,3.2081298828125
0.9955,1.6466064453125,-4.0389404296875,2.3272705078125
0.996,2.2071533203125,-4.1590576171875,1.9669189453125
0.9965,2.8878173828125,-4.1590576171875,1.3262939453125
0.997,3.2081298828125,-3.7586669921875,0.6055908203125
0.9975,3.6485595703125,-3.5584716796875,0.0050048828125
0.998,3.8887939453125,-2.9178466796875,-0.8358154296875
0.9985,4.0889892578125,-2.2772216796875,-1.6365966796875
0.999,4.1290283203125,-1.7166748046875,-2.2772216796875
0.9995,4.0889892578125,-1.0360107421875,-2.9178466796875
