wavelength,x,y,z
0.0,-2.322265625,3.443359375,-1.2412109375
0.0005,-2.7626953125,3.0830078125,-0.5205078125
0.001,-3.203125,2.7626953125,0.2802734375
0.0015,-3.5234375,2.2021484375,1.0810546875
0.002,-3.603515625,1.76171875,1.6416015625
0.0025,-3.2431640625,1.0810546875,2.001953125
0.003,-3.36328125,0.6005859375,2.5625
0.0035,-2.962890625,-0.2001953125,3.0029296875
0.004,-2.72265625,-0.8408203125,3.443359375
0.0045,-2.162109375,-1.6015625,3.6435546875
0.005,-1.5615234375,-1.9619140625,3.443359375
0.0055,-0.80078125,-2.5224609375,3.2431640625
0.006,-0.1201171875,-3.0029296875,3.0830078125
0.0065,0.6005859375,-3.443359375,2.7626953125
0.007,1.3212890625,-3.7236328125,2.3623046875
0.0075,1.921875,-3.84375,1.921875
0.008,2.162109375,-3.4833984375,1.3212890625
0.0085,2.72265625,-3.5634765625,0.8408203125
0.009,3.0830078125,-3.04296875,0.0
0.0095,3.4833984375,-2.7626953125,-0.720703125
0.01,3.68359375,-2.08203125,-1.521484375
0.0105,3.68359375,-1.6015625,-1.9619140625
0.011,3.443359375,-0.9609375,-2.40234375
0.0115,3.443359375,-0.400390625,-2.9228515625
0.012,3.0830078125,0.3603515625,-3.36328125
0.0125,2.72265625,1.041015625,-3.7236328125
0.013,2.2021484375,1.7216796875,-3.8837890625
0.0135,1.44140625,2.0419921875,-3.5234375
0.014,0.80078125,2.6826171875,-3.4833984375
0.0145,0.0,3.0830078125,-3.0830078125
0.015,-0.640625,3.4833984375,-2.8828125
0.0155,-1.44140625,3.68359375,-2.322265625
0.016,-1.8818359375,3.68359375,-1.921875
0.0165,-2.2021484375,3.3232421875,-1.28125
0.017,-2.7626953125,3.3232421875,-0.720703125
0.0175,-3.1630859375,2.7626953125,0.1201171875
0.018,-3.5634765625,2.482421875,0.8408203125
0.0185,-3.7236328125,1.841796875,1.6416015625
0.019,-3.4833984375,1.28125,1.9619140625
0.0195,-3.36328125,0.640625,2.5224609375
0.02,-3.1630859375,-0.0400390625,3.0029296875
0.0205,-2.8427734375,-0.7607421875,3.4033203125
0.021,-2.322265625,-1.4814453125,3.68359375
0.0215,-1.76171875,-2.08203125,3.68359375
0.022,-0.9609375,-2.4423828125,3.283203125
0.0225,-0.3203125,-3.0830078125,3.3232421875
0.023,0.5205078125,-3.4033203125,2.8427734375
0.0235,1.201171875,-3.8037109375,2.5625
0.024,1.921875,-3.923828125,1.9619140625
0.0245,2.2822265625,-3.8037109375,1.4814453125
0.025,2.6826171875,-3.5634765625,0.8408203125
0.0255,3.1630859375,-3.36328125,0.1201171875
0.026,3.5234375,-2.72265625,-0.720703125
0.0265,3.84375,-2.2822265625,-1.44140625
0.027,3.923828125,-1.6416015625,-2.1220703125
0.0275,3.5634765625,-1.0009765625,-2.482421875
0.028,3.5634765625,-0.400390625,-3.0830078125
0.0285,3.1630859375,0.400390625,-3.5234375
0.029,2.8427734375,1.12109375,-3.8837890625
0.0295,2.2421875,1.8818359375,-4.0439453125
0.03,1.5615234375,2.40234375,-3.8837890625
0.0305,0.6806640625,2.7626953125,-3.4833984375
0.031,0.0,3.36328125,-3.4033203125
0.0315,-0.9208984375,3.6435546875,-2.7626953125
0.032,-1.5615234375,3.923828125,-2.4423828125
0.0325,-2.2822265625,3.9638671875,-1.8017578125
0.033,-2.6025390625,3.5634765625,-1.1611328125
0.0335,-3.0830078125,3.4033203125,-0.5205078125
0.034,-3.5234375,2.962890625,0.3603515625
0.0345,-3.84375,2.3623046875,1.2412109375
0.035,-3.923828125,1.841796875,1.921875
0.0355,-3.8837890625,1.12109375,2.5625
0.036,-3.36328125,0.3603515625,2.8427734375
0.0365,-3.4033203125,-0.2001953125,3.443359375
0.037,-2.72265625,-1.1611328125,3.763671875
0.0375,-2.2822265625,-1.8818359375,4.00390625
0.038,-1.5615234375,-2.5625,3.9638671875
0.0385,-0.80078125,-2.962890625,3.6435546875
0.039,0.0,-3.36328125,3.2431640625
0.0395,0.80078125,-3.8837890625,3.04296875
0.04,1.7216796875,-4.0439453125,2.2822265625
0.0405,2.2421875,-4.2041015625,1.921875
0.041,2.8828125,-4.1640625,1.28125
0.0415,3.0830078125,-3.603515625,0.5205078125
0.042,3.6435546875,-3.443359375,-0.0400390625
0.0425,3.8837890625,-2.6826171875,-1.12109375
0.043,4.1240234375,-2.2021484375,-1.8818359375
0.0435,4.1240234375,-1.521484375,-2.5224609375
0.044,3.9638671875,-0.8408203125,-3.0029296875
0.0445,3.4833984375,-0.080078125,-3.283203125
0.045,3.443359375,0.5205078125,-3.8837890625
0.0455,2.6826171875,1.521484375,-4.1640625
0.046,2.2421875,2.08203125,-4.32421875
0.0465,1.4814453125,2.7626953125,-4.2041015625
0.047,0.6005859375,3.0830078125,-3.7236328125
0.0475,-0.1201171875,3.5634765625,-3.4833984375
0.048,-1.041015625,3.923828125,-2.9228515625
0.0485,-1.8818359375,4.1240234375,-2.3623046875
0.049,-2.3623046875,4.083984375,-1.8818359375
0.0495,-2.9228515625,3.923828125,-1.2412109375
0.05,-3.203125,3.443359375,-0.400390625
0.0505,-3.7236328125,3.3232421875,0.2001953125
0.051,-3.9638671875,2.40234375,1.3212890625
0.0515,-4.2041015625,1.9619140625,1.921875
0.052,-4.0439453125,1.201171875,2.642578125
0.0525,-3.763671875,0.48046875,3.0830078125
0.053,-3.36328125,-0.2802734375,3.443359375
0.0535,-3.0830078125,-1.0009765625,3.8837890625
0.054,-2.3623046875,-1.9619140625,4.1240234375
0.0545,-1.8017578125,-2.4423828125,4.1240234375
0.055,-1.0009765625,-3.0830078125,3.9638671875
0.0555,-0.1201171875,-3.36328125,3.4033203125
0.056,0.6005859375,-3.923828125,3.2431640625
0.0565,1.6015625,-4.2041015625,2.5224609375
0.057,2.2822265625,-4.404296875,2.0419921875
0.0575,2.72265625,-4.2041015625,1.4013671875
0.058,3.2431640625,-3.9638671875,0.7607421875
0.0585,3.4833984375,-3.4033203125,0.0
0.059,4.00390625,-3.203125,-0.6806640625
0.0595,4.1240234375,-2.2421875,-1.8017578125
0.06,4.2841796875,-1.841796875,-2.2822265625
0.0605,4.083984375,-1.0009765625,-2.9228515625
0.061,3.68359375,-0.3203125,-3.2431640625
0.0615,3.443359375,0.3603515625,-3.7236328125
0.062,3.0029296875,1.201171875,-4.1240234375
0.0625,2.40234375,2.0419921875,-4.3642578125
0.063,1.76171875,2.482421875,-4.1640625
0.0635,0.9609375,3.04296875,-4.00390625
0.064,0.0400390625,3.3232421875,-3.36328125
0.0645,-0.6005859375,3.84375,-3.36328125
0.065,-1.6015625,3.9638671875,-2.4423828125
0.0655,-2.162109375,4.1240234375,-2.162109375
0.066,-2.6025390625,3.8837890625,-1.44140625
0.0665,-3.04296875,3.6435546875,-0.7607421875
0.067,-3.36328125,3.203125,-0.0400390625
0.0675,-3.84375,2.8828125,0.7607421875
0.068,-4.00390625,2.08203125,1.76171875
0.0685,-4.0439453125,1.6015625,2.2021484375
0.069,-3.84375,0.8408203125,2.802734375
0.0695,-3.4033203125,0.1201171875,3.123046875
0.07,-3.283203125,-0.5205078125,3.68359375
0.0705,-2.642578125,-1.4814453125,3.9638671875
0.071,-2.2021484375,-2.1220703125,4.1640625
0.0715,-1.4013671875,-2.6025390625,3.8837890625
0.072,-0.640625,-3.123046875,3.7236328125
0.0725,0.240234375,-3.5234375,3.1630859375
0.073,0.9208984375,-4.083984375,3.0830078125
0.0735,1.921875,-4.244140625,2.2421875
0.074,2.3623046875,-4.2841796875,1.921875
0.0745,2.9228515625,-4.00390625,1.201171875
0.075,3.2431640625,-3.6435546875,0.48046875
0.0755,3.7236328125,-3.36328125,-0.2802734375
0.076,4.083984375,-2.72265625,-1.2412109375
0.0765,4.2841796875,-2.0419921875,-2.08203125
0.077,4.1240234375,-1.4814453125,-2.5224609375
0.0775,3.9638671875,-0.720703125,-3.123046875
0.078,3.5234375,0.0,-3.4833984375
0.0785,3.4033203125,0.6806640625,-4.0439453125
0.079,2.6025390625,1.7216796875,-4.2841796875
0.0795,2.162109375,2.2421875,-4.3642578125
0.08,1.2412109375,2.7626953125,-4.00390625
0.0805,0.48046875,3.203125,-3.763671875
0.081,-0.400390625,3.6435546875,-3.283203125
0.0815,-1.201171875,3.9638671875,-2.9228515625
0.082,-2.1220703125,4.2041015625,-2.2021484375
0.0825,-2.482421875,4.0439453125,-1.681640625
0.083,-3.0029296875,3.84375,-1.0009765625
0.0835,-3.3232421875,3.3232421875,-0.2001953125
0.084,-3.8037109375,3.123046875,0.48046875
0.0845,-4.0439453125,2.2822265625,1.521484375
0.085,-4.2041015625,1.76171875,2.2421875
0.0855,-3.84375,0.9609375,2.642578125
0.086,-3.7236328125,0.3203125,3.1630859375
0.0865,-3.203125,-0.5205078125,3.5234375
0.087,-2.962890625,-1.1611328125,3.9638671875
0.0875,-2.162109375,-2.2021484375,4.1640625
0.088,-1.6015625,-2.5625,4.083984375
0.0885,-0.6806640625,-3.123046875,3.7236328125
0.089,0.0400390625,-3.5634765625,3.36328125
0.0895,0.80078125,-3.9638671875,3.0029296875
0.09,1.681640625,-4.1640625,2.482421875
0.0905,2.482421875,-4.3642578125,1.921875
0.091,2.72265625,-3.9638671875,1.28125
0.0915,3.2431640625,-3.84375,0.640625
0.092,3.5234375,-3.2431640625,-0.16015625
0.0925,3.9638671875,-3.04296875,-0.8408203125
0.093,4.1240234375,-2.1220703125,-1.8818359375
0.0935,4.2041015625,-1.681640625,-2.40234375
0.094,3.84375,-0.9208984375,-2.8427734375
0.0945,3.68359375,-0.2802734375,-3.283203125
0.095,3.3232421875,0.48046875,-3.7236328125
0.0955,2.9228515625,1.201171875,-4.0439453125
0.096,2.2822265625,2.0419921875,-4.2841796875
0.0965,1.6416015625,2.322265625,-4.00390625
0.097,0.8408203125,2.8828125,-3.8037109375
0.0975,0.0,3.203125,-3.36328125
0.098,-0.640625,3.763671875,-3.1630859375
0.0985,-1.521484375,3.8837890625,-2.4423828125
0.099,-2.08203125,4.00390625,-2.08203125
0.0995,-2.40234375,3.6435546875,-1.4013671875
0.1,-2.8828125,3.5634765625,-0.8408203125
0.1005,-3.203125,3.0830078125,0.0
0.101,-3.7236328125,2.8427734375,0.640625
0.1015,-3.8837890625,2.0419921875,1.6015625
0.102,-3.84375,1.6416015625,1.9619140625
0.1025,-3.5634765625,0.8408203125,2.5224609375
0.103,-3.36328125,0.2001953125,2.9228515625
0.1035,-3.1630859375,-0.5205078125,3.4833984375
0.104,-2.642578125,-1.28125,3.763671875
0.1045,-2.2021484375,-1.9619140625,3.9638671875
0.105,-1.4013671875,-2.322265625,3.5634765625
0.1055,-0.7607421875,-2.962890625,3.5234375
0.106,0.1201171875,-3.283203125,3.123046875
0.1065,0.7607421875,-3.84375,3.0029296875
0.107,1.681640625,-4.00390625,2.2822265625
0.1075,2.0419921875,-4.0439453125,1.9619140625
0.108,2.5224609375,-3.7236328125,1.28125
0.1085,2.962890625,-3.5634765625,0.640625
0.109,3.4033203125,-3.1630859375,-0.16015625
0.1095,3.763671875,-2.72265625,-0.9609375
0.11,3.9638671875,-2.08203125,-1.8017578125
0.1105,3.8037109375,-1.5615234375,-2.1220703125
0.111,3.68359375,-0.9208984375,-2.72265625
0.1115,3.4033203125,-0.16015625,-3.1630859375
0.112,3.2431640625,0.5205078125,-3.68359375
0.1125,2.642578125,1.28125,-3.923828125
0.113,2.2421875,1.841796875,-4.0439453125
0.1135,1.3212890625,2.2421875,-3.603515625
0.114,0.6806640625,2.8427734375,-3.5634765625
0.1145,-0.1201171875,3.2431640625,-3.1630859375
0.115,-0.80078125,3.603515625,-2.8828125
0.1155,-1.6015625,3.8037109375,-2.2822265625
0.116,-1.8818359375,3.68359375,-1.921875
0.1165,-2.40234375,3.5234375,-1.28125
0.117,-2.7626953125,3.203125,-0.6005859375
0.1175,-3.283203125,2.962890625,0.1201171875
0.118,-3.5634765625,2.40234375,0.9609375
0.1185,-3.7236328125,1.9619140625,1.5615234375
0.119,-3.4033203125,1.28125,1.921875
0.1195,-3.4833984375,0.7607421875,2.482421875
0.12,-3.0830078125,0.0,2.9228515625
0.1205,-2.9228515625,-0.640625,3.4033203125
0.121,-2.3623046875,-1.4814453125,3.6435546875
0.1215,-1.921875,-1.8818359375,3.5634765625
0.122,-1.12109375,-2.3623046875,3.3232421875
0.1225,-0.4404296875,-2.8828125,3.203125
0.123,0.2802734375,-3.36328125,3.0029296875
0.1235,0.9609375,-3.68359375,2.6025390625
0.124,1.6015625,-3.8837890625,2.2421875
0.1245,1.921875,-3.603515625,1.76171875
0.125,2.482421875,-3.6435546875,1.201171875
0.1255,2.8828125,-3.203125,0.3603515625
0.126,3.443359375,-3.04296875,-0.3203125
0.1265,3.6435546875,-2.40234375,-1.1611328125
0.127,3.8037109375,-2.08203125,-1.6015625
0.1275,3.5234375,-1.3212890625,-2.08203125
0.128,3.5634765625,-0.80078125,-2.6826171875
0.1285,3.283203125,0.0,-3.203125
0.129,3.04296875,0.640625,-3.6435546875
0.1295,2.5224609375,1.361328125,-3.923828125
0.13,1.921875,1.8017578125,-3.6435546875
0.1305,1.201171875,2.40234375,-3.603515625
0.131,0.3603515625,2.8828125,-3.283203125
0.1315,-0.3203125,3.36328125,-3.123046875
0.132,-1.0810546875,3.603515625,-2.6025390625
0.1325,-1.6015625,3.763671875,-2.2822265625
0.133,-1.9619140625,3.443359375,-1.6015625
0.1335,-2.5625,3.4833984375,-1.0810546875
0.134,-2.9228515625,3.0029296875,-0.2001953125
0.1345,-3.4033203125,2.72265625,0.48046875
0.135,-3.603515625,2.08203125,1.3212890625
0.1355,-3.5634765625,1.6015625,1.7216796875
0.136,-3.36328125,0.9208984375,2.2421875
0.1365,-3.203125,0.2802734375,2.72265625
0.137,-2.962890625,-0.4404296875,3.203125
0.1375,-2.5625,-1.201171875,3.4833984375
0.138,-2.0419921875,-1.76171875,3.6435546875
0.1385,-1.28125,-2.08203125,3.2431640625
0.139,-0.6806640625,-2.72265625,3.3232421875
0.1395,0.1201171875,-3.1630859375,2.9228515625
0.14,0.7607421875,-3.5634765625,2.7626953125
0.1405,1.521484375,-3.763671875,2.2021484375
0.141,1.841796875,-3.7236328125,1.8818359375
0.1415,2.2822265625,-3.4833984375,1.2412109375
0.142,2.72265625,-3.3232421875,0.640625
0.1425,3.1630859375,-2.9228515625,-0.16015625
0.143,3.5234375,-2.5625,-0.8408203125
0.1435,3.7236328125,-2.001953125,-1.6015625
0.144,3.4833984375,-1.4814453125,-1.921875
0.1445,3.5234375,-1.0009765625,-2.482421875
0.145,3.283203125,-0.240234375,-2.962890625
0.1455,3.0830078125,0.3603515625,-3.5234375
0.146,2.6025390625,1.1611328125,-3.7236328125
0.1465,2.162109375,1.6015625,-3.7236328125
0.147,1.3212890625,2.08203125,-3.4033203125
0.1475,0.720703125,2.6826171875,-3.4033203125
0.148,-0.0400390625,3.0830078125,-3.04296875
0.1485,-0.6806640625,3.4833984375,-2.8427734375
0.149,-1.361328125,3.68359375,-2.3623046875
0.1495,-1.681640625,3.4833984375,-1.921875
0.15,-2.2421875,3.443359375,-1.3212890625
0.1505,-2.72265625,3.1630859375,-0.640625
0.151,-3.203125,2.8828125,0.1201171875
0.1515,-3.4833984375,2.322265625,0.9208984375
0.152,-3.603515625,1.921875,1.44140625
0.1525,-3.283203125,1.2412109375,1.8818359375
0.153,-3.4033203125,0.720703125,2.482421875
0.1535,-3.0830078125,-0.1201171875,2.9228515625
0.154,-2.8427734375,-0.6806640625,3.36328125
0.1545,-2.2822265625,-1.44140625,3.5634765625
0.155,-1.681640625,-1.841796875,3.4033203125
0.1555,-1.0009765625,-2.40234375,3.2431640625
0.156,-0.2802734375,-2.9228515625,3.1630859375
0.1565,0.4404296875,-3.36328125,2.8427734375
0.157,1.12109375,-3.68359375,2.5224609375
0.1575,1.681640625,-3.8037109375,2.08203125
0.158,1.9619140625,-3.4833984375,1.521484375
0.1585,2.5625,-3.5234375,1.0009765625
0.159,2.962890625,-3.04296875,0.16015625
0.1595,3.4033203125,-2.7626953125,-0.5205078125
0.16,3.6435546875,-2.2021484375,-1.3212890625
0.1605,3.5634765625,-1.8017578125,-1.7216796875
0.161,3.36328125,-1.12109375,-2.2021484375
0.1615,3.36328125,-0.6005859375,-2.802734375
0.162,3.0830078125,0.240234375,-3.203125
0.1625,2.802734375,0.880859375,-3.603515625
0.163,2.2822265625,1.4814453125,-3.763671875
0.1635,1.5615234375,1.841796875,-3.4033203125
0.164,0.9208984375,2.482421875,-3.4033203125
0.1645,0.16015625,2.8828125,-3.0830078125
0.165,-0.4404296875,3.3232421875,-2.8828125
0.1655,-1.1611328125,3.5234375,-2.4423828125
0.166,-1.5615234375,3.5234375,-2.08203125
0.1665,-1.921875,3.2431640625,-1.4814453125
0.167,-2.482421875,3.3232421875,-0.9609375
0.1675,-2.8828125,2.8427734375,-0.080078125
0.168,-3.283203125,2.5625,0.5205078125
0.1685,-3.4833984375,1.9619140625,1.28125
0.169,-3.3232421875,1.521484375,1.5615234375
0.1695,-3.2431640625,0.9208984375,2.08203125
0.17,-3.123046875,0.2802734375,2.642578125
0.1705,-2.8828125,-0.400390625,3.123046875
0.171,-2.482421875,-1.041015625,3.36328125
0.1715,-2.001953125,-1.5615234375,3.443359375
0.172,-1.28125,-1.9619140625,3.1630859375
0.1725,-0.720703125,-2.6025390625,3.2431640625
0.173,0.0400390625,-3.04296875,2.8427734375
0.1735,0.640625,-3.4833984375,2.72265625
0.174,1.3212890625,-3.6435546875,2.2822265625
0.1745,1.6015625,-3.5634765625,1.9619140625
0.175,2.1220703125,-3.4033203125,1.3212890625
0.1755,2.642578125,-3.283203125,0.6806640625
0.176,3.04296875,-2.8828125,-0.080078125
0.1765,3.4033203125,-2.6025390625,-0.80078125
0.177,3.5234375,-2.1220703125,-1.361328125
0.1775,3.3232421875,-1.6015625,-1.8017578125
0.178,3.4833984375,-1.0009765625,-2.40234375
0.1785,3.2431640625,-0.240234375,-2.9228515625
0.179,3.0830078125,0.3603515625,-3.4033203125
0.1795,2.6025390625,1.041015625,-3.603515625
0.18,2.08203125,1.4814453125,-3.5634765625
0.1805,1.28125,2.0419921875,-3.3232421875
0.181,0.6806640625,2.6025390625,-3.36328125
0.1815,-0.0400390625,3.0029296875,-2.962890625
0.182,-0.6806640625,3.36328125,-2.7626953125
0.1825,-1.28125,3.5234375,-2.322265625
0.183,-1.6015625,3.3232421875,-1.8818359375
0.1835,-2.2021484375,3.36328125,-1.3212890625
0.184,-2.642578125,3.0029296875,-0.5205078125
0.1845,-3.123046875,2.72265625,0.16015625
0.185,-3.36328125,2.2021484375,0.9208984375
0.1855,-3.4833984375,1.841796875,1.361328125
0.186,-3.203125,1.12109375,1.841796875
0.1865,-3.3232421875,0.640625,2.482421875
0.187,-2.9228515625,-0.16015625,2.9228515625
0.1875,-2.72265625,-0.80078125,3.36328125
0.188,-2.1220703125,-1.4814453125,3.4833984375
0.1885,-1.521484375,-1.8818359375,3.2431640625
0.189,-0.8408203125,-2.4423828125,3.203125
0.1895,-0.080078125,-3.0029296875,3.04296875
0.19,0.6005859375,-3.36328125,2.72265625
0.1905,1.2412109375,-3.6435546875,2.3623046875
0.191,1.7216796875,-3.7236328125,1.9619140625
0.1915,2.0419921875,-3.36328125,1.361328125
0.192,2.6826171875,-3.443359375,0.80078125
0.1925,3.04296875,-2.9228515625,-0.080078125
0.193,3.443359375,-2.642578125,-0.7607421875
0.1935,3.5634765625,-2.08203125,-1.4814453125
0.194,3.4833984375,-1.6015625,-1.841796875
0.1945,3.36328125,-0.9208984375,-2.3623046875
0.195,3.3232421875,-0.2802734375,-2.9228515625
0.1955,2.962890625,0.48046875,-3.36328125
0.196,2.6025390625,1.12109375,-3.6435546875
0.1965,2.0419921875,1.6416015625,-3.68359375
0.197,1.28125,2.0419921875,-3.3232421875
0.1975,0.6806640625,2.6826171875,-3.36328125
0.198,-0.16015625,3.04296875,-2.9228515625
0.1985,-0.7607421875,3.443359375,-2.72265625
0.199,-1.361328125,3.5234375,-2.2421875
0.1995,-1.8017578125,3.4833984375,-1.8017578125
0.2,-2.2021484375,3.203125,-1.201171875
0.2005,-2.7626953125,3.1630859375,-0.6005859375
0.201,-3.0830078125,2.5625,0.2802734375
0.2015,-3.4833984375,2.2421875,0.9208984375
0.202,-3.5234375,1.76171875,1.5615234375
0.2025,-3.283203125,1.1611328125,1.921875
0.203,-3.2431640625,0.560546875,2.5224609375
0.2035,-2.962890625,-0.16015625,2.962890625
0.204,-2.642578125,-0.8408203125,3.3232421875
0.2045,-2.2021484375,-1.4814453125,3.5234375
0.205,-1.6015625,-1.9619140625,3.443359375
0.2055,-0.80078125,-2.40234375,3.123046875
0.206,-0.2001953125,-3.0830078125,3.203125
0.2065,0.640625,-3.36328125,2.642578125
0.207,1.201171875,-3.7236328125,2.482421875
0.2075,1.8017578125,-3.7236328125,1.921875
0.208,2.162109375,-3.5634765625,1.4013671875
0.2085,2.6025390625,-3.4033203125,0.7607421875
0.209,3.123046875,-3.1630859375,0.0
0.2095,3.4033203125,-2.6025390625,-0.80078125
0.21,3.68359375,-2.2021484375,-1.4013671875
0.2105,3.68359375,-1.6015625,-1.9619140625
0.211,3.4033203125,-0.9609375,-2.322265625
0.2115,3.4833984375,-0.3603515625,-3.0029296875
0.212,3.04296875,0.4404296875,-3.36328125
0.2125,2.72265625,1.0810546875,-3.8037109375
0.213,2.08203125,1.7216796875,-3.8037109375
0.2135,1.4013671875,2.162109375,-3.5634765625
0.214,0.640625,2.6025390625,-3.283203125
0.2145,0.0,3.1630859375,-3.203125
0.215,-0.8408203125,3.443359375,-2.642578125
0.2155,-1.361328125,3.68359375,-2.40234375
0.216,-1.9619140625,3.6435546875,-1.8017578125
0.2165,-2.2822265625,3.3232421875,-1.2412109375
0.217,-2.8427734375,3.2431640625,-0.6005859375
0.2175,-3.203125,2.6826171875,0.2802734375
0.218,-3.5634765625,2.322265625,0.9609375
0.2185,-3.5634765625,1.76171875,1.6015625
0.219,-3.4833984375,1.201171875,2.0419921875
0.2195,-3.203125,0.5205078125,2.482421875
0.22,-3.203125,-0.0400390625,3.04296875
0.2205,-2.6025390625,-0.9208984375,3.36328125
0.221,-2.2822265625,-1.4814453125,3.6435546875
0.2215,-1.6015625,-2.08203125,3.5234375
0.222,-0.9208984375,-2.4423828125,3.2431640625
0.2225,-0.2001953125,-2.962890625,3.1630859375
0.223,0.560546875,-3.4033203125,2.802734375
0.2235,1.28125,-3.7236328125,2.40234375
0.224,1.76171875,-3.8037109375,2.001953125
0.2245,2.2421875,-3.7236328125,1.521484375
0.225,2.5224609375,-3.36328125,0.8408203125
0.2255,3.123046875,-3.36328125,0.2001953125
0.226,3.4033203125,-2.6025390625,-0.6806640625
0.2265,3.7236328125,-2.2822265625,-1.3212890625
0.227,3.68359375,-1.6416015625,-1.9619140625
0.2275,3.5234375,-1.1611328125,-2.2822265625
0.228,3.36328125,-0.48046875,-2.8427734375
0.2285,3.203125,0.16015625,-3.36328125
0.229,2.7626953125,1.0009765625,-3.68359375
0.2295,2.322265625,1.5615234375,-3.84375
0.23,1.6416015625,2.08203125,-3.7236328125
0.2305,0.8408203125,2.482421875,-3.36328125
0.231,0.2001953125,3.123046875,-3.36328125
0.2315,-0.640625,3.4033203125,-2.7626953125
0.232,-1.28125,3.7236328125,-2.5224609375
0.2325,-1.76171875,3.6435546875,-1.9619140625
0.233,-2.2021484375,3.5234375,-1.4814453125
0.2335,-2.6025390625,3.1630859375,-0.80078125
0.234,-3.203125,3.123046875,-0.080078125
0.2345,-3.443359375,2.3623046875,0.880859375
0.235,-3.7236328125,2.0419921875,1.44140625
0.2355,-3.5634765625,1.361328125,2.0419921875
0.236,-3.3232421875,0.7607421875,2.40234375
0.2365,-3.2431640625,0.080078125,3.0029296875
0.237,-2.8427734375,-0.720703125,3.36328125
0.2375,-2.4423828125,-1.44140625,3.7236328125
0.238,-1.8017578125,-1.9619140625,3.6435546875
0.2385,-1.1611328125,-2.482421875,3.5234375
0.239,-0.3203125,-2.8828125,3.123046875
0.2395,0.2802734375,-3.5234375,3.123046875
0.24,1.28125,-3.7236328125,2.40234375
0.2405,1.8017578125,-4.00390625,2.162109375
0.241,2.2822265625,-3.84375,1.521484375
0.2415,2.6826171875,-3.6435546875,0.9208984375
0.242,3.123046875,-3.283203125,0.240234375
0.2425,3.5634765625,-2.8828125,-0.6005859375
0.243,3.84375,-2.2421875,-1.4814453125
0.2435,3.8837890625,-1.8017578125,-2.001953125
0.244,3.8037109375,-1.0810546875,-2.6025390625
0.2445,3.443359375,-0.400390625,-2.9228515625
0.245,3.4033203125,0.240234375,-3.5634765625
0.2455,2.7626953125,1.201171875,-3.8837890625
0.246,2.40234375,1.8017578125,-4.1640625
0.2465,1.5615234375,2.3623046875,-3.8837890625
0.247,0.8408203125,2.8427734375,-3.7236328125
0.2475,0.0,3.203125,-3.2431640625
0.248,-0.720703125,3.763671875,-3.04296875
0.2485,-1.7216796875,3.923828125,-2.2822265625
0.249,-2.162109375,3.9638671875,-1.9619140625
0.2495,-2.72265625,3.7236328125,-1.2412109375
0.25,-3.0029296875,3.4033203125,-0.5205078125
0.2505,-3.5234375,3.1630859375,0.16015625
0.251,-3.84375,2.4423828125,1.1611328125
0.2515,-4.0439453125,1.841796875,1.9619140625
0.252,-3.84375,1.201171875,2.40234375
0.2525,-3.6435546875,0.5205078125,2.962890625
0.253,-3.203125,-0.2802734375,3.283203125
0.2535,-3.0830078125,-0.9208984375,3.8037109375
0.254,-2.2421875,-1.9619140625,4.00390625
0.2545,-1.76171875,-2.4423828125,4.0439453125
0.255,-0.8408203125,-2.9228515625,3.68359375
0.2555,-0.1201171875,-3.36328125,3.4033203125
0.256,0.640625,-3.763671875,3.0029296875
0.2565,1.521484375,-4.1640625,2.5224609375
0.257,2.40234375,-4.32421875,1.8818359375
0.2575,2.6826171875,-4.0439453125,1.3212890625
0.258,3.203125,-3.84375,0.6806640625
0.2585,3.443359375,-3.283203125,0.0
0.259,3.923828125,-3.0830078125,-0.7607421875
0.2595,4.1240234375,-2.2021484375,-1.8017578125
0.26,4.244140625,-1.681640625,-2.482421875
0.2605,3.84375,-0.9208984375,-2.8828125
0.261,3.763671875,-0.2802734375,-3.3232421875
0.2615,3.283203125,0.48046875,-3.68359375
0.262,3.0029296875,1.1611328125,-4.1640625
0.2625,2.2822265625,2.162109375,-4.3642578125
0.263,1.6416015625,2.5224609375,-4.1640625
0.2635,0.7607421875,3.0830078125,-3.8837890625
0.264,0.0,3.443359375,-3.443359375
0.2645,-0.80078125,3.84375,-3.203125
0.265,-1.6416015625,4.0439453125,-2.5224609375
0.2655,-2.4423828125,4.2041015625,-1.9619140625
0.266,-2.72265625,3.84375,-1.28125
0.2665,-3.203125,3.7236328125,-0.640625
0.267,-3.5234375,3.1630859375,0.1201171875
0.2675,-3.9638671875,2.8427734375,0.9208984375
0.268,-4.1640625,1.921875,2.001953125
0.2685,-4.1240234375,1.4013671875,2.5224609375
0.269,-3.7236328125,0.560546875,2.9228515625
0.2695,-3.5234375,-0.0400390625,3.36328125
0.27,-3.0830078125,-0.8408203125,3.763671875
0.2705,-2.6025390625,-1.6416015625,4.083984375
0.271,-1.9619140625,-2.5224609375,4.32421875
0.2715,-1.1611328125,-2.8427734375,3.84375
0.272,-0.3203125,-3.4033203125,3.68359375
0.2725,0.48046875,-3.7236328125,3.1630859375
0.273,1.201171875,-4.1640625,2.8828125
0.2735,2.162109375,-4.3642578125,2.08203125
0.274,2.7626953125,-4.3642578125,1.6015625
0.2745,3.04296875,-3.84375,0.8408203125
0.275,3.5234375,-3.7236328125,0.240234375
0.2755,3.8037109375,-3.0830078125,-0.640625
0.276,4.1640625,-2.642578125,-1.361328125
0.2765,4.32421875,-1.8017578125,-2.40234375
0.277,4.083984375,-1.2412109375,-2.7626953125
0.2775,3.8037109375,-0.4404296875,-3.2431640625
0.278,3.4833984375,0.2001953125,-3.603515625
0.2785,3.1630859375,0.9609375,-4.0439453125
0.279,2.5625,1.76171875,-4.32421875
0.2795,1.9619140625,2.5224609375,-4.4443359375
0.28,1.041015625,2.802734375,-3.84375
0.2805,0.3203125,3.36328125,-3.763671875
0.281,-0.560546875,3.6435546875,-3.1630859375
0.2815,-1.2412109375,3.9638671875,-2.9228515625
0.282,-2.162109375,4.1240234375,-2.08203125
0.2825,-2.5625,4.00390625,-1.6015625
0.283,-2.9228515625,3.68359375,-0.8408203125
0.2835,-3.36328125,3.443359375,-0.240234375
0.284,-3.7236328125,2.9228515625,0.6005859375
0.2845,-4.00390625,2.40234375,1.4013671875
0.285,-4.1640625,1.6416015625,2.2822265625
0.2855,-3.8037109375,0.9609375,2.6025390625
0.286,-3.68359375,0.2802734375,3.1630859375
0.2865,-3.203125,-0.4404296875,3.5234375
0.287,-2.9228515625,-1.1611328125,3.923828125
0.2875,-2.2421875,-2.0419921875,4.1240234375
0.288,-1.6015625,-2.6025390625,4.083984375
0.2885,-0.6806640625,-3.0029296875,3.5634765625
0.289,0.0,-3.5634765625,3.4833984375
0.2895,0.80078125,-3.8837890625,2.9228515625
0.29,1.5615234375,-4.2041015625,2.6025390625
0.2905,2.4423828125,-4.32421875,1.921875
0.291,2.7626953125,-4.00390625,1.28125
0.2915,3.203125,-3.8037109375,0.6005859375
0.292,3.5634765625,-3.36328125,-0.1201171875
0.2925,3.9638671875,-2.8828125,-1.0009765625
0.293,4.1640625,-2.2822265625,-1.8017578125
0.2935,4.2841796875,-1.6015625,-2.5625
0.294,3.8037109375,-0.8408203125,-2.8828125
0.2945,3.8037109375,-0.2001953125,-3.4833984375
0.295,3.283203125,0.6005859375,-3.8037109375
0.2955,2.962890625,1.28125,-4.2041015625
0.296,2.2421875,2.2021484375,-4.3642578125
0.2965,1.521484375,2.6025390625,-4.1240234375
0.297,0.6005859375,3.04296875,-3.7236328125
0.2975,-0.16015625,3.5234375,-3.5634765625
0.298,-1.0009765625,3.84375,-2.9228515625
0.2985,-1.681640625,4.083984375,-2.5224609375
0.299,-2.482421875,4.1640625,-1.841796875
0.2995,-2.72265625,3.68359375,-1.12109375
0.3,-3.2431640625,3.6435546875,-0.5205078125
0.3005,-3.603515625,3.04296875,0.3203125
0.301,-3.9638671875,2.6025390625,1.12109375
0.3015,-4.1240234375,1.8818359375,2.001953125
0.302,-4.0439453125,1.28125,2.5625
0.3025,-3.5634765625,0.4404296875,2.9228515625
0.303,-3.5234375,-0.16015625,3.4833984375
0.3035,-2.9228515625,-1.041015625,3.8037109375
0.304,-2.5224609375,-1.681640625,4.083984375
0.3045,-1.8017578125,-2.5625,4.1240234375
0.305,-1.0009765625,-2.8828125,3.7236328125
0.3055,-0.2001953125,-3.443359375,3.4833984375
0.306,0.6005859375,-3.84375,3.123046875
0.3065,1.4013671875,-4.083984375,2.642578125
0.307,2.162109375,-4.244140625,2.1220703125
0.3075,2.7626953125,-4.244140625,1.521484375
0.308,3.0029296875,-3.7236328125,0.7607421875
0.3085,3.5234375,-3.6435546875,0.16015625
0.309,3.8037109375,-2.9228515625,-0.80078125
0.3095,4.1240234375,-2.5625,-1.4814453125
0.31,4.2041015625,-1.7216796875,-2.322265625
0.3105,3.9638671875,-1.1611328125,-2.72265625
0.311,3.6435546875,-0.3603515625,-3.1630859375
0.3115,3.4833984375,0.240234375,-3.68359375
0.312,3.0029296875,1.0810546875,-4.00390625
0.3125,2.5625,1.7216796875,-4.2041015625
0.313,1.841796875,2.40234375,-4.244140625
0.3135,0.9609375,2.6826171875,-3.7236328125
0.314,0.240234375,3.3232421875,-3.603515625
0.3145,-0.640625,3.603515625,-3.04296875
0.315,-1.28125,3.9638671875,-2.72265625
0.3155,-2.001953125,4.00390625,-2.08203125
0.316,-2.4423828125,3.84375,-1.5615234375
0.3165,-2.7626953125,3.443359375,-0.8408203125
0.317,-3.283203125,3.36328125,-0.2802734375
0.3175,-3.5634765625,2.6826171875,0.640625
0.318,-3.8837890625,2.3623046875,1.3212890625
0.3185,-3.923828125,1.6015625,2.08203125
0.319,-3.5634765625,1.0009765625,2.40234375
0.3195,-3.4833984375,0.3203125,2.9228515625
0.32,-3.1630859375,-0.3603515625,3.3232421875
0.3205,-2.72265625,-1.1611328125,3.68359375
0.321,-2.2021484375,-1.841796875,3.84375
0.3215,-1.6015625,-2.2822265625,3.84375
0.322,-0.720703125,-2.72265625,3.3232421875
0.3225,-0.1201171875,-3.36328125,3.4033203125
0.323,0.7607421875,-3.603515625,2.802734375
0.3235,1.361328125,-3.9638671875,2.5625
0.324,2.0419921875,-4.00390625,1.9619140625
0.3245,2.3623046875,-3.8037109375,1.4013671875
0.325,2.8427734375,-3.5634765625,0.7607421875
0.3255,3.283203125,-3.283203125,0.0400390625
0.326,3.603515625,-2.72265625,-0.80078125
0.3265,3.84375,-2.322265625,-1.44140625
0.327,3.8837890625,-1.7216796875,-2.08203125
0.3275,3.5234375,-1.041015625,-2.40234375
0.328,3.603515625,-0.4404296875,-3.0830078125
0.3285,3.1630859375,0.3203125,-3.36328125
0.329,2.9228515625,0.9609375,-3.84375
0.3295,2.2021484375,1.6015625,-3.84375
0.33,1.7216796875,2.0419921875,-3.7236328125
0.3305,0.880859375,2.5224609375,-3.4033203125
0.331,0.240234375,3.123046875,-3.36328125
0.3315,-0.6005859375,3.36328125,-2.8828125
0.332,-1.1611328125,3.7236328125,-2.6025390625
0.3325,-1.76171875,3.763671875,-2.08203125
0.333,-2.0419921875,3.443359375,-1.4814453125
0.3335,-2.642578125,3.4033203125,-0.9609375
0.334,-3.04296875,2.962890625,-0.1201171875
0.3345,-3.443359375,2.642578125,0.6005859375
0.335,-3.603515625,2.1220703125,1.28125
0.3355,-3.5634765625,1.6416015625,1.76171875
0.336,-3.283203125,0.9208984375,2.2021484375
0.3365,-3.4033203125,0.3603515625,2.8828125
0.337,-2.8828125,-0.5205078125,3.1630859375
0.3375,-2.802734375,-1.201171875,3.5634765625
0.338,-2.001953125,-1.681640625,3.6435546875
0.3385,-1.361328125,-2.1220703125,3.36328125
0.339,-0.640625,-2.72265625,3.283203125
0.3395,0.0400390625,-3.203125,3.0830078125
0.34,0.7607421875,-3.5634765625,2.72265625
0.3405,1.4013671875,-3.84375,2.40234375
0.341,1.921875,-3.84375,1.921875
0.3415,2.2421875,-3.4833984375,1.28125
0.342,2.9228515625,-3.5234375,0.6806640625
0.3425,3.2431640625,-2.9228515625,-0.240234375
0.343,3.68359375,-2.642578125,-0.9208984375
0.3435,3.763671875,-2.0419921875,-1.6015625
0.344,3.6435546875,-1.521484375,-2.001953125
0.3445,3.36328125,-0.9208984375,-2.5224609375
0.345,3.443359375,-0.2001953125,-3.1630859375
0.3455,3.04296875,0.6005859375,-3.5234375
0.346,2.642578125,1.2412109375,-3.84375
0.3465,2.001953125,1.841796875,-3.8037109375
0.347,1.201171875,2.2021484375,-3.443359375
0.3475,0.560546875,2.8828125,-3.4833984375
0.348,-0.2802734375,3.203125,-2.962890625
0.3485,-0.9208984375,3.5634765625,-2.72265625
0.349,-1.521484375,3.68359375,-2.2421875
0.3495,-1.921875,3.5634765625,-1.76171875
0.35,-2.322265625,3.2431640625,-1.0810546875
0.3505,-2.9228515625,3.203125,-0.4404296875
0.351,-3.203125,2.5625,0.4404296875
0.3515,-3.5634765625,2.2822265625,1.0810546875
0.352,-3.5634765625,1.681640625,1.681640625
0.3525,-3.4033203125,1.0009765625,2.0419921875
0.353,-3.2431640625,0.4404296875,2.6025390625
0.3535,-2.9228515625,-0.2802734375,3.04296875
0.354,-2.642578125,-0.9609375,3.443359375
0.3545,-2.1220703125,-1.521484375,3.5234375
0.355,-1.5615234375,-2.001953125,3.443359375
0.3555,-0.80078125,-2.40234375,3.123046875
0.356,-0.2001953125,-3.0830078125,3.203125
0.3565,0.640625,-3.3232421875,2.642578125
0.357,1.1611328125,-3.7236328125,2.5224609375
0.3575,1.7216796875,-3.7236328125,1.9619140625
0.358,2.0419921875,-3.5234375,1.4814453125
0.3585,2.5625,-3.36328125,0.8408203125
0.359,3.04296875,-3.0830078125,0.080078125
0.3595,3.36328125,-2.6025390625,-0.640625
0.36,3.603515625,-2.2822265625,-1.28125
0.3605,3.5234375,-1.8818359375,-1.8017578125
0.361,3.36328125,-1.1611328125,-2.2021484375
0.3615,3.5234375,-0.560546875,-2.8828125
0.362,3.0830078125,0.2802734375,-3.2431640625
0.3625,2.8828125,0.880859375,-3.68359375
0.363,2.2421875,1.4814453125,-3.68359375
0.3635,1.6416015625,1.921875,-3.5634765625
0.364,0.8408203125,2.482421875,-3.3232421875
0.3645,0.2001953125,3.04296875,-3.2431640625
0.365,-0.6005859375,3.3232421875,-2.802734375
0.3655,-1.12109375,3.603515625,-2.5625
0.366,-1.6416015625,3.5634765625,-2.0419921875
0.3665,-2.001953125,3.3232421875,-1.44140625
0.367,-2.642578125,3.3232421875,-0.80078125
0.3675,-3.0029296875,2.802734375,0.0
0.368,-3.4033203125,2.5224609375,0.6806640625
0.3685,-3.603515625,1.8818359375,1.2412109375
0.369,-3.4033203125,1.44140625,1.76171875
0.3695,-3.203125,0.7607421875,2.2421875
0.37,-3.2431640625,0.16015625,2.8828125
0.3705,-2.72265625,-0.640625,3.203125
0.371,-2.4423828125,-1.2412109375,3.5234375
0.3715,-1.8017578125,-1.8017578125,3.443359375
0.372,-1.12109375,-2.2421875,3.2431640625
0.3725,-0.400390625,-2.802734375,3.1630859375
0.373,0.3203125,-3.2431640625,2.8427734375
0.3735,1.0009765625,-3.5634765625,2.5224609375
0.374,1.4814453125,-3.68359375,2.162109375
0.3745,1.921875,-3.603515625,1.681640625
0.375,2.322265625,-3.283203125,1.0009765625
0.3755,2.9228515625,-3.283203125,0.400390625
0.376,3.203125,-2.642578125,-0.48046875
0.3765,3.5634765625,-2.4423828125,-1.041015625
0.377,3.5234375,-1.8818359375,-1.6416015625
0.3775,3.4033203125,-1.3212890625,-2.001953125
0.378,3.3232421875,-0.640625,-2.5625
0.3785,3.203125,0.0,-3.123046875
0.379,2.8427734375,0.720703125,-3.5234375
0.3795,2.40234375,1.2412109375,-3.6435546875
0.38,1.8017578125,1.76171875,-3.5634765625
0.3805,1.0810546875,2.2021484375,-3.203125
0.381,0.4404296875,2.8427734375,-3.3232421875
0.3815,-0.3203125,3.123046875,-2.8427734375
0.382,-0.880859375,3.5234375,-2.642578125
0.3825,-1.361328125,3.4833984375,-2.162109375
0.383,-1.8017578125,3.4033203125,-1.76171875
0.3835,-2.2421875,3.1630859375,-1.041015625
0.384,-2.8427734375,3.04296875,-0.400390625
0.3845,-3.123046875,2.5224609375,0.400390625
0.385,-3.4033203125,2.2421875,0.9609375
0.3855,-3.36328125,1.6416015625,1.521484375
0.386,-3.203125,1.12109375,1.921875
0.3865,-3.2431640625,0.48046875,2.5625
0.387,-2.9228515625,-0.2001953125,2.962890625
0.3875,-2.642578125,-0.8408203125,3.36328125
0.388,-2.1220703125,-1.361328125,3.3232421875
0.3885,-1.6015625,-1.8818359375,3.3232421875
0.389,-0.80078125,-2.3623046875,3.0830078125
0.3895,-0.2001953125,-3.04296875,3.1630859375
0.39,0.6005859375,-3.283203125,2.642578125
0.3905,1.0810546875,-3.6435546875,2.5224609375
0.391,1.5615234375,-3.5634765625,1.9619140625
0.3915,1.921875,-3.443359375,1.521484375
0.392,2.5224609375,-3.283203125,0.80078125
0.3925,2.962890625,-2.962890625,0.0400390625
0.393,3.3232421875,-2.642578125,-0.640625
0.3935,3.443359375,-2.2421875,-1.2412109375
0.394,3.4833984375,-1.7216796875,-1.6416015625
0.3945,3.3232421875,-1.0810546875,-2.162109375
0.395,3.4033203125,-0.48046875,-2.8427734375
0.3955,3.0029296875,0.3203125,-3.203125
0.396,2.7626953125,0.880859375,-3.5634765625
0.3965,2.1220703125,1.4013671875,-3.5234375
0.397,1.521484375,1.8818359375,-3.36328125
0.3975,0.7607421875,2.4423828125,-3.203125
0.398,0.1201171875,2.9228515625,-3.0830078125
0.3985,-0.6005859375,3.283203125,-2.72265625
0.399,-1.041015625,3.443359375,-2.482421875
0.3995,-1.5615234375,3.443359375,-1.9619140625
0.4,-1.9619140625,3.203125,-1.4013671875
0.4005,-2.6025390625,3.203125,-0.720703125
0.401,-2.9228515625,2.6025390625,0.080078125
0.4015,-3.36328125,2.40234375,0.6806640625
0.402,-3.36328125,1.8818359375,1.28125
0.4025,-3.283203125,1.4013671875,1.7216796875
0.403,-3.1630859375,0.640625,2.2822265625
0.4035,-3.0830078125,0.0400390625,2.8427734375
0.404,-2.642578125,-0.720703125,3.2431640625
0.4045,-2.322265625,-1.2412109375,3.4033203125
0.405,-1.681640625,-1.8017578125,3.3232421875
0.4055,-1.0009765625,-2.2822265625,3.1630859375
0.406,-0.3203125,-2.9228515625,3.1630859375
0.4065,0.4404296875,-3.2431640625,2.72265625
0.407,1.12109375,-3.6435546875,2.482421875
0.4075,1.521484375,-3.603515625,2.0419921875
0.408,2.001953125,-3.5634765625,1.5615234375
0.4085,2.40234375,-3.2431640625,0.880859375
0.409,3.04296875,-3.203125,0.16015625
0.4095,3.3232421875,-2.5625,-0.720703125
0.41,3.603515625,-2.2822265625,-1.2412109375
0.4105,3.5234375,-1.6416015625,-1.8017578125
0.411,3.4033203125,-1.12109375,-2.2421875
0.4115,3.3232421875,-0.400390625,-2.8427734375
0.412,3.04296875,0.2802734375,-3.283203125
0.4125,2.6826171875,1.0009765625,-3.68359375
0.413,2.162109375,1.4814453125,-3.603515625
0.4135,1.521484375,2.0419921875,-3.5634765625
0.414,0.6806640625,2.482421875,-3.203125
0.4145,0.080078125,3.0830078125,-3.203125
0.415,-0.7607421875,3.3232421875,-2.6025390625
0.4155,-1.28125,3.603515625,-2.40234375
0.416,-1.7216796875,3.443359375,-1.8017578125
0.4165,-2.1220703125,3.36328125,-1.3212890625
0.417,-2.6025390625,3.04296875,-0.640625
0.4175,-3.0830078125,2.802734375,0.1201171875
0.418,-3.4033203125,2.2421875,0.9609375
0.4185,-3.5234375,1.8818359375,1.4013671875
0.419,-3.36328125,1.2412109375,1.9619140625
0.4195,-3.1630859375,0.6005859375,2.3623046875
0.42,-3.1630859375,0.0,3.0029296875
0.4205,-2.6025390625,-0.80078125,3.3232421875
0.421,-2.2822265625,-1.44140625,3.5634765625
0.4215,-1.6015625,-1.8818359375,3.36328125
0.422,-1.0009765625,-2.40234375,3.3232421875
0.4225,-0.2001953125,-2.8427734375,3.0029296875
0.423,0.4404296875,-3.36328125,2.8828125
0.4235,1.2412109375,-3.6435546875,2.322265625
0.424,1.6416015625,-3.7236328125,2.0419921875
0.4245,2.1220703125,-3.5634765625,1.4814453125
0.425,2.5224609375,-3.36328125,0.9208984375
0.4255,3.04296875,-3.203125,0.16015625
0.426,3.36328125,-2.642578125,-0.640625
0.4265,3.68359375,-2.2421875,-1.361328125
0.427,3.5634765625,-1.681640625,-1.8017578125
0.4275,3.5634765625,-1.1611328125,-2.2822265625
0.428,3.283203125,-0.400390625,-2.7626953125
0.4285,3.2431640625,0.16015625,-3.36328125
0.429,2.6826171875,1.0810546875,-3.68359375
0.4295,2.2822265625,1.5615234375,-3.84375
0.43,1.521484375,2.0419921875,-3.5634765625
0.4305,0.880859375,2.5224609375,-3.4033203125
0.431,0.080078125,3.04296875,-3.1630859375
0.4315,-0.6005859375,3.4033203125,-2.8427734375
0.432,-1.361328125,3.68359375,-2.40234375
0.4325,-1.681640625,3.5234375,-1.9619140625
0.433,-2.2421875,3.4833984375,-1.4013671875
0.4335,-2.5625,3.123046875,-0.720703125
0.434,-3.203125,3.0029296875,-0.0400390625
0.4345,-3.4033203125,2.2822265625,0.880859375
0.435,-3.6435546875,1.921875,1.4814453125
0.4355,-3.36328125,1.28125,1.921875
0.436,-3.36328125,0.7607421875,2.3623046875
0.4365,-3.0830078125,0.0,2.8427734375
0.437,-2.8828125,-0.640625,3.3232421875
0.4375,-2.322265625,-1.4013671875,3.603515625
0.438,-1.8017578125,-1.841796875,3.5234375
0.4385,-1.0810546875,-2.40234375,3.36328125
0.439,-0.3603515625,-2.8427734375,3.123046875
0.4395,0.2802734375,-3.36328125,2.962890625
0.44,1.12109375,-3.603515625,2.4423828125
0.4405,1.7216796875,-3.8837890625,2.1220703125
0.441,2.0419921875,-3.6435546875,1.5615234375
0.4415,2.5224609375,-3.603515625,1.0810546875
0.442,2.8828125,-3.203125,0.2802734375
0.4425,3.4033203125,-2.962890625,-0.400390625
0.443,3.6435546875,-2.2421875,-1.3212890625
0.4435,3.763671875,-1.8818359375,-1.8017578125
0.444,3.5234375,-1.1611328125,-2.2822265625
0.4445,3.443359375,-0.640625,-2.72265625
0.445,3.2431640625,0.080078125,-3.283203125
0.4455,2.8427734375,0.8408203125,-3.6435546875
0.446,2.4423828125,1.5615234375,-3.923828125
0.4465,1.76171875,1.921875,-3.603515625
0.447,1.0810546875,2.5224609375,-3.5634765625
0.4475,0.240234375,2.9228515625,-3.203125
0.448,-0.3603515625,3.443359375,-3.0830078125
0.4485,-1.28125,3.6435546875,-2.4423828125
0.449,-1.76171875,3.763671875,-2.1220703125
0.4495,-2.1220703125,3.443359375,-1.4814453125
0.45,-2.6025390625,3.36328125,-1.0009765625
0.4505,-3.04296875,3.0029296875,-0.16015625
0.451,-3.443359375,2.642578125,0.6005859375
0.4515,-3.7236328125,2.001953125,1.521484375
0.452,-3.5634765625,1.521484375,1.8818359375
0.4525,-3.443359375,0.8408203125,2.4423828125
0.453,-3.203125,0.16015625,2.8427734375
0.4535,-3.04296875,-0.5205078125,3.36328125
0.454,-2.4423828125,-1.3212890625,3.6435546875
0.4545,-1.9619140625,-1.9619140625,3.8037109375
0.455,-1.1611328125,-2.322265625,3.4033203125
0.4555,-0.560546875,-2.9228515625,3.4033203125
0.456,0.2802734375,-3.3232421875,2.9228515625
0.4565,0.9609375,-3.763671875,2.72265625
0.457,1.841796875,-4.00390625,2.08203125
0.4575,2.2021484375,-3.923828125,1.6416015625
0.458,2.642578125,-3.68359375,1.0009765625
0.4585,3.0830078125,-3.36328125,0.3603515625
0.459,3.5234375,-2.962890625,-0.4404296875
0.4595,3.84375,-2.4423828125,-1.28125
0.46,4.00390625,-1.841796875,-2.08203125
0.4605,3.68359375,-1.201171875,-2.40234375
0.461,3.68359375,-0.6005859375,-2.962890625
0.4615,3.283203125,0.2001953125,-3.4033203125
0.462,3.04296875,0.9208984375,-3.8837890625
0.4625,2.40234375,1.8017578125,-4.1640625
0.463,1.76171875,2.2822265625,-4.0439453125
0.4635,0.9208984375,2.72265625,-3.6435546875
0.464,0.2001953125,3.2431640625,-3.4833984375
0.4645,-0.640625,3.603515625,-3.0029296875
0.465,-1.361328125,3.8837890625,-2.6025390625
0.4655,-2.2421875,4.0439453125,-1.9619140625
0.466,-2.5625,3.68359375,-1.361328125
0.4665,-3.0830078125,3.603515625,-0.720703125
0.467,-3.4033203125,3.123046875,0.080078125
0.4675,-3.8037109375,2.6826171875,0.9208984375
0.468,-4.00390625,1.9619140625,1.8017578125
0.4685,-4.0439453125,1.3212890625,2.482421875
0.469,-3.5634765625,0.560546875,2.802734375
0.4695,-3.4833984375,0.0,3.3232421875
0.47,-2.9228515625,-0.880859375,3.6435546875
0.4705,-2.5625,-1.6015625,3.9638671875
0.471,-1.8017578125,-2.482421875,4.1240234375
0.4715,-1.0009765625,-2.8427734375,3.763671875
0.472,-0.240234375,-3.283203125,3.4833984375
0.4725,0.5205078125,-3.7236328125,3.1630859375
0.473,1.3212890625,-4.0439453125,2.6025390625
0.4735,2.08203125,-4.244140625,2.08203125
0.474,2.7626953125,-4.32421875,1.4814453125
0.4745,3.0029296875,-3.7236328125,0.7607421875
0.475,3.5234375,-3.68359375,0.2001953125
0.4755,3.8037109375,-2.9228515625,-0.720703125
0.476,4.1240234375,-2.5625,-1.44140625
0.4765,4.2041015625,-1.76171875,-2.3623046875
0.477,4.083984375,-1.12109375,-2.8828125
0.4775,3.6435546875,-0.3203125,-3.203125
0.478,3.5634765625,0.2802734375,-3.7236328125
0.4785,3.0029296875,1.12109375,-4.0439453125
0.479,2.5625,1.841796875,-4.32421875
0.4795,1.841796875,2.6025390625,-4.4443359375
0.48,0.9208984375,2.8828125,-3.84375
0.4805,0.16015625,3.4833984375,-3.7236328125
0.481,-0.720703125,3.8037109375,-3.1630859375
0.4815,-1.4814453125,4.083984375,-2.72265625
0.482,-2.2822265625,4.1240234375,-2.08203125
0.4825,-2.8427734375,4.1240234375,-1.44140625
0.483,-3.0830078125,3.5634765625,-0.640625
0.4835,-3.603515625,3.5234375,-0.080078125
0.484,-3.8837890625,2.6826171875,0.9609375
0.4845,-4.1640625,2.2822265625,1.6416015625
0.485,-4.2041015625,1.44140625,2.5625
0.4855,-3.8837890625,0.7607421875,2.8828125
0.486,-3.5634765625,0.0,3.3232421875
0.4865,-3.283203125,-0.6806640625,3.8037109375
0.487,-2.6826171875,-1.6015625,4.083984375
0.4875,-2.08203125,-2.2421875,4.2041015625
0.488,-1.3212890625,-2.962890625,4.1640625
0.4885,-0.400390625,-3.203125,3.5234375
0.489,0.2802734375,-3.84375,3.4833984375
0.4895,1.28125,-4.1240234375,2.7626953125
0.49,1.921875,-4.3642578125,2.3623046875
0.4905,2.6826171875,-4.32421875,1.681640625
0.491,3.123046875,-4.083984375,1.0009765625
0.4915,3.36328125,-3.5634765625,0.2802734375
0.492,3.8837890625,-3.36328125,-0.400390625
0.4925,4.083984375,-2.5625,-1.44140625
0.493,4.2841796875,-2.08203125,-2.0419921875
0.4935,4.2841796875,-1.3212890625,-2.8427734375
0.494,3.8037109375,-0.6005859375,-3.0830078125
0.4945,3.6435546875,0.0400390625,-3.603515625
0.495,3.1630859375,0.9208984375,-4.00390625
0.4955,2.6826171875,1.6416015625,-4.2841796875
0.496,2.0419921875,2.2822265625,-4.32421875
0.4965,1.3212890625,2.8427734375,-4.1640625
0.497,0.3603515625,3.123046875,-3.5634765625
0.4975,-0.2802734375,3.68359375,-3.5634765625
0.498,-1.28125,3.84375,-2.7626953125
0.4985,-1.8017578125,4.1240234375,-2.4423828125
0.499,-2.5224609375,4.1240234375,-1.681640625
0.4995,-2.8828125,3.7236328125,-1.041015625
0.5,-3.2431640625,3.4833984375,-0.3603515625
0.5005,-3.7236328125,3.0830078125,0.4404296875
0.501,-3.9638671875,2.40234375,1.3212890625
0.5015,-4.083984375,1.921875,1.9619140625
0.502,-4.0439453125,1.201171875,2.6025390625
0.5025,-3.5234375,0.400390625,2.9228515625
0.503,-3.5234375,-0.2001953125,3.5234375
0.5035,-2.8828125,-1.1611328125,3.84375
0.504,-2.4423828125,-1.8017578125,4.1240234375
0.5045,-1.7216796875,-2.5224609375,4.083984375
0.505,-0.9609375,-2.962890625,3.8037109375
0.5055,-0.080078125,-3.36328125,3.36328125
0.506,0.6005859375,-3.9638671875,3.203125
0.5065,1.6015625,-4.1240234375,2.482421875
0.507,2.1220703125,-4.32421875,2.162109375
0.5075,2.802734375,-4.2041015625,1.44140625
0.508,3.0830078125,-3.7236328125,0.720703125
0.5085,3.5634765625,-3.5634765625,0.0400390625
0.509,3.9638671875,-2.9228515625,-0.9208984375
0.5095,4.2041015625,-2.3623046875,-1.7216796875
0.51,4.2041015625,-1.76171875,-2.3623046875
0.5105,4.083984375,-1.041015625,-2.9228515625
0.511,3.603515625,-0.2802734375,-3.2431640625
0.5115,3.5634765625,0.3603515625,-3.8837890625
0.512,2.8427734375,1.4013671875,-4.1640625
0.5125,2.4423828125,1.9619140625,-4.404296875
0.513,1.6015625,2.642578125,-4.244140625
0.5135,0.7607421875,3.04296875,-3.84375
0.514,-0.0400390625,3.4833984375,-3.5234375
0.5145,-0.9208984375,3.9638671875,-3.0830078125
0.515,-1.8017578125,4.1240234375,-2.4423828125
0.5155,-2.2822265625,4.1240234375,-1.9619140625
0.516,-2.8828125,4.00390625,-1.28125
0.5165,-3.1630859375,3.4833984375,-0.5205078125
0.517,-3.7236328125,3.36328125,0.1201171875
0.5175,-3.923828125,2.482421875,1.2412109375
0.518,-4.1640625,2.0419921875,1.921875
0.5185,-4.0439453125,1.28125,2.5224609375
0.519,-3.8037109375,0.6005859375,3.0029296875
0.5195,-3.3232421875,-0.16015625,3.3232421875
0.52,-3.203125,-0.9208984375,3.84375
0.5205,-2.40234375,-1.8818359375,4.1240234375
0.521,-1.921875,-2.3623046875,4.1240234375
0.5215,-1.041015625,-3.04296875,3.923828125
0.522,-0.2802734375,-3.36328125,3.443359375
0.5225,0.48046875,-3.84375,3.2431640625
0.523,1.4013671875,-4.1240234375,2.6025390625
0.5235,2.2021484375,-4.32421875,2.162109375
0.524,2.5625,-4.1240234375,1.5615234375
0.5245,3.0830078125,-3.9638671875,0.9609375
0.525,3.3232421875,-3.4033203125,0.16015625
0.5255,3.8837890625,-3.2431640625,-0.5205078125
0.526,4.0439453125,-2.322265625,-1.6015625
0.5265,4.2041015625,-1.9619140625,-2.08203125
0.527,4.00390625,-1.201171875,-2.6826171875
0.5275,3.68359375,-0.5205078125,-3.0830078125
0.528,3.443359375,0.16015625,-3.5634765625
0.5285,3.0830078125,0.9208984375,-3.923828125
0.529,2.5224609375,1.7216796875,-4.2041015625
0.5295,1.9619140625,2.162109375,-4.1240234375
0.53,1.201171875,2.6826171875,-3.923828125
0.5305,0.3603515625,3.04296875,-3.4033203125
0.531,-0.3203125,3.6435546875,-3.36328125
0.5315,-1.2412109375,3.8037109375,-2.6025390625
0.532,-1.76171875,4.00390625,-2.3623046875
0.5325,-2.2421875,3.8037109375,-1.681640625
0.533,-2.642578125,3.6435546875,-1.1611328125
0.5335,-3.0029296875,3.203125,-0.3603515625
0.534,-3.5634765625,3.0029296875,0.3203125
0.5345,-3.7236328125,2.2822265625,1.2412109375
0.535,-3.8837890625,1.921875,1.7216796875
0.5355,-3.7236328125,1.2412109375,2.322265625
0.536,-3.4033203125,0.560546875,2.6826171875
0.5365,-3.36328125,-0.16015625,3.283203125
0.537,-2.802734375,-1.0009765625,3.603515625
0.5375,-2.4423828125,-1.6416015625,3.8837890625
0.538,-1.8017578125,-2.1220703125,3.68359375
0.5385,-1.0810546875,-2.6025390625,3.603515625
0.539,-0.2001953125,-3.0830078125,3.203125
0.5395,0.400390625,-3.68359375,3.1630859375
0.54,1.3212890625,-3.84375,2.482421875
0.5405,1.76171875,-4.0439453125,2.2822265625
0.541,2.2822265625,-3.84375,1.5615234375
0.5415,2.6826171875,-3.603515625,0.9609375
0.542,3.203125,-3.36328125,0.240234375
0.5425,3.5634765625,-2.8828125,-0.6005859375
0.543,3.8837890625,-2.40234375,-1.361328125
0.5435,3.84375,-1.8818359375,-1.8818359375
0.544,3.763671875,-1.2412109375,-2.4423828125
0.5445,3.443359375,-0.5205078125,-2.8427734375
0.545,3.443359375,0.080078125,-3.4833984375
0.5455,2.8427734375,0.9609375,-3.8037109375
0.546,2.5224609375,1.521484375,-4.0439453125
0.5465,1.76171875,2.0419921875,-3.7236328125
0.547,1.041015625,2.5224609375,-3.5634765625
0.5475,0.240234375,3.0029296875,-3.283203125
0.548,-0.48046875,3.4833984375,-3.04296875
0.5485,-1.28125,3.68359375,-2.5224609375
0.549,-1.6015625,3.7236328125,-2.2021484375
0.5495,-2.1220703125,3.6435546875,-1.6015625
0.55,-2.5224609375,3.283203125,-0.9208984375
0.5505,-3.0830078125,3.1630859375,-0.240234375
0.551,-3.36328125,2.5224609375,0.640625
0.5515,-3.7236328125,2.2421875,1.28125
0.552,-3.5234375,1.5615234375,1.7216796875
0.5525,-3.4833984375,1.0810546875,2.2421875
0.553,-3.203125,0.240234375,2.6826171875
0.5535,-3.0830078125,-0.3203125,3.2431640625
0.554,-2.5625,-1.201171875,3.5234375
0.5545,-2.2021484375,-1.6015625,3.6435546875
0.555,-1.44140625,-2.2021484375,3.4833984375
0.5555,-0.720703125,-2.6025390625,3.2431640625
0.556,0.0,-3.2431640625,3.1630859375
0.5565,0.7607421875,-3.5634765625,2.6826171875
0.557,1.4013671875,-3.84375,2.4423828125
0.5575,1.76171875,-3.7236328125,1.9619140625
0.558,2.2822265625,-3.7236328125,1.44140625
0.5585,2.6826171875,-3.283203125,0.640625
0.559,3.3232421875,-3.203125,0.0
0.5595,3.5234375,-2.5224609375,-0.9208984375
0.56,3.8037109375,-2.2822265625,-1.44140625
0.5605,3.6435546875,-1.5615234375,-1.9619140625
0.561,3.5234375,-1.041015625,-2.4423828125
0.5615,3.4033203125,-0.2802734375,-3.0830078125
0.562,3.123046875,0.400390625,-3.5634765625
0.5625,2.6826171875,1.201171875,-3.84375
0.563,2.162109375,1.6015625,-3.7236328125
0.5635,1.4013671875,2.2021484375,-3.6435546875
0.564,0.6005859375,2.6826171875,-3.283203125
0.5645,0.0,3.2431640625,-3.283203125
0.565,-0.8408203125,3.4833984375,-2.642578125
0.5655,-1.361328125,3.763671875,-2.4423828125
0.566,-1.8017578125,3.5234375,-1.841796875
0.5665,-2.2822265625,3.4833984375,-1.3212890625
0.567,-2.7626953125,3.123046875,-0.5205078125
0.5675,-3.2431640625,2.8427734375,0.16015625
0.568,-3.5234375,2.2421875,1.041015625
0.5685,-3.5634765625,1.921875,1.4814453125
0.569,-3.4033203125,1.201171875,2.001953125
0.5695,-3.203125,0.560546875,2.4423828125
0.57,-3.1630859375,-0.16015625,3.04296875
0.5705,-2.642578125,-0.880859375,3.36328125
0.571,-2.2822265625,-1.44140625,3.603515625
0.5715,-1.6015625,-1.921875,3.36328125
0.572,-1.041015625,-2.4423828125,3.36328125
0.5725,-0.16015625,-2.8828125,3.0029296875
0.573,0.4404296875,-3.4033203125,2.9228515625
0.5735,1.28125,-3.6435546875,2.3623046875
0.574,1.6015625,-3.763671875,2.162109375
0.5745,2.0419921875,-3.5634765625,1.521484375
0.575,2.482421875,-3.36328125,0.9609375
0.5755,3.04296875,-3.1630859375,0.16015625
0.576,3.36328125,-2.6826171875,-0.6005859375
0.5765,3.68359375,-2.2822265625,-1.28125
0.577,3.5634765625,-1.8017578125,-1.681640625
0.5775,3.5634765625,-1.28125,-2.2822265625
0.578,3.3232421875,-0.5205078125,-2.72265625
0.5785,3.283203125,0.1201171875,-3.36328125
0.579,2.7626953125,0.9609375,-3.6435546875
0.5795,2.40234375,1.4013671875,-3.8037109375
0.58,1.6015625,1.921875,-3.5234375
0.5805,1.0009765625,2.4423828125,-3.443359375
0.581,0.2001953125,2.962890625,-3.203125
0.5815,-0.48046875,3.3232421875,-2.9228515625
0.582,-1.1611328125,3.6435546875,-2.5224609375
0.5825,-1.521484375,3.5234375,-2.1220703125
0.583,-2.0419921875,3.5234375,-1.5615234375
0.5835,-2.482421875,3.1630859375,-0.8408203125
0.584,-3.0830078125,3.04296875,-0.16015625
0.5845,-3.3232421875,2.4423828125,0.6806640625
0.585,-3.603515625,2.1220703125,1.28125
0.5855,-3.36328125,1.4013671875,1.681640625
0.586,-3.4033203125,0.9208984375,2.2021484375
0.5865,-3.123046875,0.1201171875,2.7626953125
0.587,-2.9228515625,-0.48046875,3.2431640625
0.5875,-2.4423828125,-1.28125,3.5234375
0.588,-1.9619140625,-1.6416015625,3.4833984375
0.5885,-1.2412109375,-2.2421875,3.3232421875
0.589,-0.5205078125,-2.72265625,3.123046875
0.5895,0.16015625,-3.203125,3.0029296875
0.59,0.9208984375,-3.5634765625,2.5625
0.5905,1.521484375,-3.8037109375,2.2421875
0.591,1.8017578125,-3.5634765625,1.76171875
0.5915,2.3623046875,-3.5634765625,1.28125
0.592,2.7626953125,-3.1630859375,0.4404296875
0.5925,3.283203125,-2.962890625,-0.2001953125
0.593,3.5234375,-2.40234375,-1.1611328125
0.5935,3.6435546875,-2.08203125,-1.5615234375
0.594,3.443359375,-1.4013671875,-2.08203125
0.5945,3.4033203125,-0.80078125,-2.5224609375
0.595,3.2431640625,-0.080078125,-3.0830078125
0.5955,2.9228515625,0.6005859375,-3.4833984375
0.596,2.5224609375,1.2412109375,-3.763671875
0.5965,1.921875,1.6015625,-3.4833984375
0.597,1.2412109375,2.2421875,-3.4833984375
0.5975,0.4404296875,2.6826171875,-3.1630859375
0.598,-0.1201171875,3.1630859375,-3.0830078125
0.5985,-0.9208984375,3.443359375,-2.5625
0.599,-1.28125,3.5634765625,-2.322265625
0.5995,-1.681640625,3.3232421875,-1.7216796875
0.6,-2.2021484375,3.3232421875,-1.2412109375
0.6005,-2.72265625,3.0029296875,-0.4404296875
0.601,-3.123046875,2.6826171875,0.240234375
0.6015,-3.4033203125,2.2021484375,0.9609375
0.602,-3.36328125,1.841796875,1.28125
0.6025,-3.3232421875,1.2412109375,1.921875
0.603,-3.1630859375,0.560546875,2.40234375
0.6035,-3.0830078125,-0.0400390625,2.962890625
0.604,-2.6025390625,-0.80078125,3.2431640625
0.6045,-2.2822265625,-1.3212890625,3.4833984375
0.605,-1.5615234375,-1.76171875,3.203125
0.6055,-1.041015625,-2.322265625,3.2431640625
0.606,-0.2001953125,-2.8427734375,2.962890625
0.6065,0.3603515625,-3.283203125,2.8427734375
0.607,1.12109375,-3.5634765625,2.4423828125
0.6075,1.4013671875,-3.5634765625,2.162109375
0.608,1.921875,-3.4833984375,1.5615234375
0.6085,2.3623046875,-3.283203125,0.9609375
0.609,2.9228515625,-3.1630859375,0.2001953125
0.6095,3.2431640625,-2.6826171875,-0.560546875
0.61,3.5234375,-2.40234375,-1.1611328125
0.6105,3.36328125,-1.8017578125,-1.521484375
0.611,3.5234375,-1.3212890625,-2.1220703125
0.6115,3.283203125,-0.5205078125,-2.642578125
0.612,3.203125,0.0400390625,-3.203125
0.6125,2.7626953125,0.80078125,-3.5634765625
0.613,2.3623046875,1.2412109375,-3.5634765625
0.6135,1.6015625,1.76171875,-3.36328125
0.614,0.9609375,2.3623046875,-3.283203125
0.6145,0.240234375,2.8427734375,-3.1630859375
0.615,-0.4404296875,3.2431640625,-2.8427734375
0.6155,-1.041015625,3.5234375,-2.5625
0.616,-1.361328125,3.36328125,-2.08203125
0.6165,-1.9619140625,3.443359375,-1.6015625
0.617,-2.4423828125,3.0830078125,-0.8408203125
0.6175,-2.962890625,2.9228515625,-0.16015625
0.618,-3.283203125,2.3623046875,0.6806640625
0.6185,-3.4833984375,2.08203125,1.1611328125
0.619,-3.2431640625,1.4013671875,1.6416015625
0.6195,-3.3232421875,0.9208984375,2.2421875
0.62,-3.0830078125,0.1201171875,2.7626953125
0.6205,-2.8427734375,-0.5205078125,3.203125
0.621,-2.40234375,-1.2412109375,3.5234375
0.6215,-1.8017578125,-1.6416015625,3.3232421875
0.622,-1.1611328125,-2.2822265625,3.3232421875
0.6225,-0.3603515625,-2.7626953125,3.04296875
0.623,0.2802734375,-3.2431640625,2.8828125
0.6235,1.0810546875,-3.5634765625,2.482421875
0.624,1.521484375,-3.7236328125,2.2021484375
0.6245,1.8818359375,-3.443359375,1.5615234375
0.625,2.40234375,-3.5234375,1.0810546875
0.6255,2.8427734375,-3.0830078125,0.2001953125
0.626,3.3232421875,-2.8828125,-0.5205078125
0.6265,3.5634765625,-2.2021484375,-1.28125
0.627,3.5234375,-1.8017578125,-1.6416015625
0.6275,3.443359375,-1.1611328125,-2.2021484375
0.628,3.3232421875,-0.5205078125,-2.72265625
0.6285,3.1630859375,0.16015625,-3.203125
0.629,2.72265625,0.9208984375,-3.5634765625
0.6295,2.2822265625,1.4814453125,-3.7236328125
0.63,1.5615234375,1.8818359375,-3.36328125
0.6305,0.9609375,2.482421875,-3.443359375
0.631,0.1201171875,2.8828125,-3.0830078125
0.6315,-0.48046875,3.3232421875,-2.9228515625
0.632,-1.28125,3.5634765625,-2.3623046875
0.6325,-1.6015625,3.5234375,-2.001953125
0.633,-2.0419921875,3.283203125,-1.4013671875
0.6335,-2.5625,3.203125,-0.8408203125
0.634,-2.962890625,2.802734375,-0.0400390625
0.6345,-3.36328125,2.4423828125,0.6806640625
0.635,-3.5634765625,1.921875,1.4013671875
0.6355,-3.283203125,1.4013671875,1.76171875
0.636,-3.3232421875,0.80078125,2.322265625
0.6365,-3.0830078125,0.0400390625,2.802734375
0.637,-2.8828125,-0.6005859375,3.2431640625
0.6375,-2.322265625,-1.3212890625,3.5234375
0.638,-1.8818359375,-1.8017578125,3.5234375
0.6385,-1.12109375,-2.2421875,3.203125
0.639,-0.48046875,-2.8427734375,3.203125
0.6395,0.2802734375,-3.203125,2.8427734375
0.64,0.9609375,-3.6435546875,2.6025390625
0.6405,1.6416015625,-3.8037109375,2.08203125
0.641,1.921875,-3.603515625,1.6416015625
0.6415,2.482421875,-3.5634765625,1.0810546875
0.642,2.8828125,-3.2431640625,0.2802734375
0.6425,3.3232421875,-2.8427734375,-0.400390625
0.643,3.6435546875,-2.322265625,-1.2412109375
0.6435,3.763671875,-1.8818359375,-1.8017578125
0.644,3.443359375,-1.1611328125,-2.162109375
0.6445,3.5234375,-0.640625,-2.72265625
0.645,3.1630859375,0.1201171875,-3.203125
0.6455,2.9228515625,0.7607421875,-3.6435546875
0.646,2.3623046875,1.5615234375,-3.84375
0.6465,1.7216796875,1.921875,-3.6435546875
0.647,0.9609375,2.4423828125,-3.4033203125
0.6475,0.240234375,2.962890625,-3.2431640625
0.648,-0.5205078125,3.3232421875,-2.8828125
0.6485,-1.201171875,3.603515625,-2.5224609375
0.649,-1.8017578125,3.68359375,-2.08203125
0.6495,-2.08203125,3.3232421875,-1.44140625
0.65,-2.642578125,3.36328125,-1.0009765625
0.6505,-3.0029296875,2.8828125,-0.0400390625
0.651,-3.4033203125,2.6025390625,0.6005859375
0.6515,-3.603515625,1.921875,1.44140625
0.652,-3.5634765625,1.4814453125,1.8818359375
0.6525,-3.2431640625,0.7607421875,2.2421875
0.653,-3.2431640625,0.240234375,2.8427734375
0.6535,-2.8427734375,-0.560546875,3.203125
0.654,-2.5224609375,-1.2412109375,3.5634765625
0.6545,-1.921875,-1.8818359375,3.68359375
0.655,-1.201171875,-2.2421875,3.3232421875
0.6555,-0.5205078125,-2.802734375,3.283203125
0.656,0.240234375,-3.2431640625,2.9228515625
0.6565,0.9208984375,-3.603515625,2.642578125
0.657,1.6015625,-3.84375,2.162109375
0.6575,2.0419921875,-3.84375,1.7216796875
0.658,2.322265625,-3.4833984375,1.0810546875
0.6585,2.9228515625,-3.4033203125,0.560546875
0.659,3.2431640625,-2.8427734375,-0.3203125
0.6595,3.68359375,-2.5625,-1.041015625
0.66,3.8037109375,-1.921875,-1.8017578125
0.6605,3.603515625,-1.361328125,-2.1220703125
0.661,3.4833984375,-0.720703125,-2.642578125
0.6615,3.3232421875,-0.0400390625,-3.203125
0.662,2.962890625,0.6806640625,-3.5634765625
0.6625,2.5224609375,1.361328125,-3.84375
0.663,1.9619140625,1.921875,-3.84375
0.6635,1.12109375,2.2822265625,-3.443359375
0.664,0.5205078125,2.9228515625,-3.4833984375
0.6645,-0.3603515625,3.2431640625,-2.9228515625
0.665,-1.0009765625,3.603515625,-2.72265625
0.6655,-1.681640625,3.7236328125,-2.162109375
0.666,-2.08203125,3.5234375,-1.681640625
0.6665,-2.4423828125,3.3232421875,-1.0009765625
0.667,-3.0029296875,3.1630859375,-0.3603515625
0.6675,-3.3232421875,2.6025390625,0.5205078125
0.668,-3.6435546875,2.2421875,1.201171875
0.6685,-3.7236328125,1.6015625,1.921875
0.669,-3.36328125,0.9609375,2.2421875
0.6695,-3.36328125,0.3603515625,2.8427734375
0.67,-2.962890625,-0.4404296875,3.2431640625
0.6705,-2.642578125,-1.1611328125,3.6435546875
0.671,-2.0419921875,-1.8017578125,3.763671875
0.6715,-1.4013671875,-2.2822265625,3.6435546875
0.672,-0.640625,-2.72265625,3.2431640625
0.6725,0.0,-3.36328125,3.2431640625
0.673,0.9609375,-3.6435546875,2.6025390625
0.6735,1.5615234375,-3.9638671875,2.3623046875
0.674,2.2021484375,-4.00390625,1.76171875
0.6745,2.5224609375,-3.6435546875,1.12109375
0.675,3.0029296875,-3.4833984375,0.5205078125
0.6755,3.4833984375,-3.0830078125,-0.3203125
0.676,3.8037109375,-2.5224609375,-1.1611328125
0.6765,3.9638671875,-1.9619140625,-1.8818359375
0.677,3.923828125,-1.361328125,-2.4423828125
0.6775,3.5234375,-0.640625,-2.8427734375
0.678,3.5634765625,0.0,-3.4833984375
0.6785,2.962890625,0.9208984375,-3.8037109375
0.679,2.6025390625,1.5615234375,-4.1240234375
0.6795,1.921875,2.2421875,-4.1240234375
0.68,1.0810546875,2.6826171875,-3.8037109375
0.6805,0.2802734375,3.123046875,-3.4033203125
0.681,-0.5205078125,3.6435546875,-3.203125
0.6815,-1.44140625,3.84375,-2.5224609375
0.682,-2.001953125,4.00390625,-2.162109375
0.6825,-2.6025390625,3.923828125,-1.4814453125
0.683,-2.8828125,3.4833984375,-0.720703125
0.6835,-3.4033203125,3.36328125,-0.080078125
0.684,-3.763671875,2.642578125,0.9208984375
0.6845,-4.00390625,2.08203125,1.7216796875
0.685,-3.9638671875,1.4013671875,2.3623046875
0.6855,-3.8037109375,0.720703125,2.8427734375
0.686,-3.283203125,0.0,3.1630859375
0.6865,-3.203125,-0.640625,3.7236328125
0.687,-2.4423828125,-1.681640625,3.9638671875
0.6875,-2.001953125,-2.2421875,4.1240234375
0.688,-1.1611328125,-2.8427734375,3.9638671875
0.6885,-0.3603515625,-3.203125,3.4833984375
0.689,0.3603515625,-3.7236328125,3.203125
0.6895,1.28125,-4.083984375,2.6826171875
0.69,2.1220703125,-4.2841796875,2.08203125
0.6905,2.5625,-4.1640625,1.5615234375
0.691,3.0830078125,-4.00390625,0.9609375
0.6915,3.3232421875,-3.4033203125,0.16015625
0.692,3.84375,-3.283203125,-0.48046875
0.6925,4.083984375,-2.40234375,-1.5615234375
0.693,4.244140625,-1.9619140625,-2.2021484375
0.6935,4.1240234375,-1.201171875,-2.802734375
0.694,3.84375,-0.5205078125,-3.203125
0.6945,3.4833984375,0.2001953125,-3.5634765625
0.695,3.203125,0.9609375,-4.0439453125
0.6955,2.482421875,1.921875,-4.32421875
0.696,1.9619140625,2.3623046875,-4.2841796875
0.6965,1.12109375,2.962890625,-4.1240234375
0.697,0.240234375,3.2431640625,-3.5634765625
0.6975,-0.48046875,3.8037109375,-3.4033203125
0.698,-1.4814453125,4.00390625,-2.6826171875
0.6985,-2.162109375,4.2041015625,-2.2021484375
0.699,-2.6025390625,4.00390625,-1.5615234375
0.6995,-3.0830078125,3.84375,-0.9208984375
0.7,-3.36328125,3.3232421875,-0.1201171875
0.7005,-3.8837890625,3.123046875,0.6005859375
0.701,-4.0439453125,2.162109375,1.7216796875
0.7015,-4.1640625,1.7216796875,2.2421875
0.702,-3.923828125,0.880859375,2.8427734375
0.7025,-3.5634765625,0.16015625,3.203125
0.703,-3.283203125,-0.560546875,3.68359375
0.7035,-2.802734375,-1.4013671875,4.0439453125
0.704,-2.1220703125,-2.2822265625,4.2841796875
0.7045,-1.44140625,-2.642578125,4.00390625
0.705,-0.640625,-3.2431640625,3.84375
0.7055,0.2001953125,-3.5634765625,3.2431640625
0.706,0.880859375,-4.1640625,3.123046875
0.7065,1.921875,-4.2041015625,2.2421875
0.707,2.482421875,-4.3642578125,1.921875
0.7075,2.9228515625,-4.0439453125,1.1611328125
0.708,3.3232421875,-3.763671875,0.5205078125
0.7085,3.6435546875,-3.2431640625,-0.2802734375
0.709,4.083984375,-2.8828125,-1.0810546875
0.7095,4.2041015625,-2.001953125,-2.08203125
0.71,4.2041015625,-1.5615234375,-2.5224609375
0.7105,3.9638671875,-0.7607421875,-3.0830078125
0.711,3.5634765625,-0.0400390625,-3.4033203125
0.7115,3.4033203125,0.6005859375,-3.923828125
0.712,2.72265625,1.5615234375,-4.244140625
0.7125,2.2421875,2.2421875,-4.4443359375
0.713,1.4013671875,2.6025390625,-4.083984375
0.7135,0.640625,3.1630859375,-3.8837890625
0.714,-0.2802734375,3.443359375,-3.283203125
0.7145,-0.9208984375,4.00390625,-3.1630859375
0.715,-1.9619140625,4.1240234375,-2.2822265625
0.7155,-2.322265625,4.1240234375,-1.921875
0.716,-2.8427734375,3.84375,-1.1611328125
0.7165,-3.203125,3.5234375,-0.48046875
0.717,-3.6435546875,3.1630859375,0.2802734375
0.7175,-3.9638671875,2.5625,1.1611328125
0.718,-4.1640625,1.921875,2.0419921875
0.7185,-3.9638671875,1.3212890625,2.40234375
0.719,-3.8037109375,0.6005859375,3.04296875
0.7195,-3.283203125,-0.2001953125,3.3232421875
0.72,-3.203125,-0.880859375,3.8837890625
0.7205,-2.40234375,-1.8818359375,4.1240234375
0.721,-1.9619140625,-2.4423828125,4.1640625
0.7215,-1.0009765625,-2.9228515625,3.8037109375
0.722,-0.3203125,-3.443359375,3.5634765625
0.7225,0.6005859375,-3.8037109375,3.123046875
0.723,1.3212890625,-4.1640625,2.802734375
0.7235,2.2822265625,-4.3642578125,2.0419921875
0.724,2.5625,-4.1640625,1.5615234375
0.7245,3.1630859375,-3.923828125,0.8408203125
0.725,3.4833984375,-3.4833984375,0.080078125
0.7255,3.9638671875,-3.203125,-0.640625
0.726,4.1240234375,-2.40234375,-1.6416015625
0.7265,4.32421875,-1.8017578125,-2.40234375
0.727,3.9638671875,-1.0810546875,-2.7626953125
0.7275,3.84375,-0.4404296875,-3.3232421875
0.728,3.36328125,0.3603515625,-3.68359375
0.7285,3.1630859375,1.0810546875,-4.1640625
0.729,2.3623046875,2.0419921875,-4.3642578125
0.7295,1.76171875,2.482421875,-4.244140625
0.73,0.8408203125,2.962890625,-3.8837890625
0.7305,0.080078125,3.443359375,-3.5634765625
0.731,-0.6806640625,3.84375,-3.203125
0.7315,-1.5615234375,4.083984375,-2.642578125
0.732,-2.3623046875,4.2841796875,-2.001953125
0.7325,-2.6025390625,3.84375,-1.361328125
0.733,-3.203125,3.763671875,-0.720703125
0.7335,-3.4833984375,3.1630859375,0.0400390625
0.734,-3.923828125,2.9228515625,0.80078125
0.7345,-4.083984375,2.0419921875,1.841796875
0.735,-4.1640625,1.521484375,2.40234375
0.7355,-3.7236328125,0.6806640625,2.8427734375
0.736,-3.5634765625,0.0400390625,3.3232421875
0.7365,-3.123046875,-0.720703125,3.68359375
0.737,-2.72265625,-1.4814453125,4.0439453125
0.7375,-2.001953125,-2.40234375,4.2041015625
0.738,-1.3212890625,-2.7626953125,3.84375
0.7385,-0.48046875,-3.283203125,3.68359375
0.739,0.3203125,-3.603515625,3.203125
0.7395,1.0810546875,-4.0439453125,2.9228515625
0.74,1.921875,-4.2041015625,2.2421875
0.7405,2.5625,-4.32421875,1.76171875
0.741,2.8427734375,-3.84375,1.0009765625
0.7415,3.3232421875,-3.7236328125,0.4404296875
0.742,3.6435546875,-3.123046875,-0.400390625
0.7425,4.083984375,-2.802734375,-1.1611328125
0.743,4.2041015625,-1.9619140625,-2.1220703125
0.7435,4.083984375,-1.44140625,-2.5625
0.744,3.763671875,-0.640625,-3.04296875
0.7445,3.5634765625,0.0,-3.443359375
0.745,3.203125,0.6806640625,-3.84375
0.7455,2.6826171875,1.44140625,-4.1640625
0.746,2.1220703125,2.162109375,-4.3642578125
0.7465,1.3212890625,2.5224609375,-3.8037109375
0.747,0.6005859375,3.123046875,-3.7236328125
0.7475,-0.2802734375,3.443359375,-3.203125
0.748,-0.9208984375,3.84375,-3.0029296875
0.7485,-1.8017578125,3.9638671875,-2.2822265625
0.749,-2.2021484375,3.9638671875,-1.8818359375
0.7495,-2.6025390625,3.5634765625,-1.1611328125
0.75,-3.0830078125,3.4833984375,-0.6005859375
0.7505,-3.4833984375,2.962890625,0.2802734375
0.751,-3.8037109375,2.5625,1.041015625
0.7515,-4.00390625,1.8818359375,1.921875
0.752,-3.7236328125,1.3212890625,2.2021484375
0.7525,-3.5634765625,0.6005859375,2.802734375
0.753,-3.2431640625,-0.16015625,3.1630859375
0.7535,-3.04296875,-0.8408203125,3.68359375
0.754,-2.4423828125,-1.681640625,3.84375
0.7545,-1.921875,-2.2021484375,3.9638671875
0.755,-1.0009765625,-2.5625,3.4833984375
0.7555,-0.400390625,-3.1630859375,3.4833984375
0.756,0.48046875,-3.5234375,2.962890625
0.7565,1.12109375,-3.8837890625,2.7626953125
0.757,1.9619140625,-4.083984375,2.08203125
0.7575,2.2421875,-3.8837890625,1.6416015625
0.758,2.72265625,-3.68359375,0.9609375
0.7585,3.1630859375,-3.36328125,0.2802734375
0.759,3.5634765625,-2.962890625,-0.48046875
0.7595,3.84375,-2.4423828125,-1.28125
0.76,3.9638671875,-1.921875,-1.9619140625
0.7605,3.6435546875,-1.28125,-2.2822265625
0.761,3.68359375,-0.720703125,-2.8828125
0.7615,3.283203125,0.0400390625,-3.283203125
0.762,3.04296875,0.6806640625,-3.8037109375
0.7625,2.482421875,1.5615234375,-4.00390625
0.763,1.921875,1.921875,-3.84375
0.7635,1.12109375,2.40234375,-3.5634765625
0.764,0.48046875,2.9228515625,-3.4033203125
0.7645,-0.3203125,3.3232421875,-3.0830078125
0.765,-1.0009765625,3.6435546875,-2.72265625
0.7655,-1.6416015625,3.8037109375,-2.2822265625
0.766,-1.921875,3.5234375,-1.7216796875
0.7665,-2.482421875,3.5234375,-1.1611328125
0.767,-2.8828125,3.123046875,-0.3603515625
0.7675,-3.36328125,2.8427734375,0.3203125
0.768,-3.5634765625,2.2421875,1.1611328125
0.7685,-3.68359375,1.8818359375,1.6015625
0.769,-3.36328125,1.0810546875,2.0419921875
0.7695,-3.4033203125,0.6005859375,2.6826171875
0.77,-3.0830078125,-0.2802734375,3.0830078125
0.7705,-2.8427734375,-0.8408203125,3.5234375
0.771,-2.2822265625,-1.6015625,3.7236328125
0.7715,-1.6416015625,-1.9619140625,3.4833984375
0.772,-0.9609375,-2.5625,3.4033203125
0.7725,-0.16015625,-3.0830078125,3.1630859375
0.773,0.5205078125,-3.5234375,2.9228515625
0.7735,1.28125,-3.8037109375,2.482421875
0.774,1.76171875,-3.8837890625,2.162109375
0.7745,2.1220703125,-3.5634765625,1.44140625
0.775,2.6826171875,-3.603515625,0.9208984375
0.7755,3.123046875,-3.0830078125,0.0
0.776,3.603515625,-2.8828125,-0.640625
0.7765,3.8037109375,-2.2021484375,-1.4814453125
0.777,3.7236328125,-1.8017578125,-1.921875
0.7775,3.5634765625,-1.041015625,-2.4423828125
0.778,3.443359375,-0.4404296875,-3.04296875
0.7785,3.1630859375,0.3603515625,-3.4833984375
0.779,2.7626953125,1.0810546875,-3.8037109375
0.7795,2.2421875,1.7216796875,-3.923828125
0.78,1.4013671875,2.08203125,-3.5234375
0.7805,0.80078125,2.7626953125,-3.5634765625
0.781,-0.0400390625,3.1630859375,-3.1630859375
0.7815,-0.6806640625,3.5234375,-2.8828125
0.782,-1.44140625,3.7236328125,-2.3623046875
0.7825,-1.841796875,3.6435546875,-1.921875
0.783,-2.2421875,3.36328125,-1.28125
0.7835,-2.7626953125,3.283203125,-0.640625
0.784,-3.1630859375,2.7626953125,0.16015625
0.7845,-3.5634765625,2.4423828125,0.880859375
0.785,-3.68359375,1.841796875,1.6015625
0.7855,-3.36328125,1.2412109375,1.921875
0.786,-3.36328125,0.6005859375,2.482421875
0.7865,-3.0830078125,-0.0400390625,2.9228515625
0.787,-2.8427734375,-0.720703125,3.36328125
0.7875,-2.322265625,-1.44140625,3.603515625
0.788,-1.8017578125,-1.921875,3.5634765625
0.7885,-1.0009765625,-2.2822265625,3.203125
0.789,-0.400390625,-2.9228515625,3.2431640625
0.7895,0.4404296875,-3.283203125,2.802734375
0.79,1.0009765625,-3.68359375,2.6025390625
0.7905,1.7216796875,-3.8037109375,2.08203125
0.791,1.9619140625,-3.603515625,1.6416015625
0.7915,2.482421875,-3.4833984375,1.0009765625
0.792,2.9228515625,-3.203125,0.3203125
0.7925,3.3232421875,-2.8427734375,-0.400390625
0.793,3.603515625,-2.4423828125,-1.1611328125
0.7935,3.763671875,-1.9619140625,-1.7216796875
0.794,3.443359375,-1.3212890625,-2.1220703125
0.7945,3.5634765625,-0.720703125,-2.72265625
0.795,3.203125,0.0400390625,-3.203125
0.7955,3.0029296875,0.6806640625,-3.603515625
0.796,2.482421875,1.4013671875,-3.8037109375
0.7965,1.8818359375,1.8017578125,-3.6435546875
0.797,1.0810546875,2.322265625,-3.4033203125
0.7975,0.400390625,2.9228515625,-3.36328125
0.798,-0.3203125,3.2431640625,-2.9228515625
0.7985,-1.0009765625,3.603515625,-2.642578125
0.799,-1.6015625,3.68359375,-2.2021484375
0.7995,-1.8818359375,3.4033203125,-1.6015625
0.8,-2.5224609375,3.443359375,-1.041015625
0.8005,-2.8828125,2.962890625,-0.2001953125
0.801,-3.36328125,2.6826171875,0.48046875
0.8015,-3.5634765625,2.08203125,1.2412109375
0.802,-3.5634765625,1.6015625,1.6015625
0.8025,-3.203125,0.9609375,2.1220703125
0.803,-3.283203125,0.3603515625,2.72265625
0.8035,-2.8828125,-0.4404296875,3.1630859375
0.804,-2.6025390625,-1.041015625,3.5234375
0.8045,-1.9619140625,-1.681640625,3.5634765625
0.805,-1.3212890625,-2.08203125,3.283203125
0.8055,-0.640625,-2.6826171875,3.2431640625
0.806,0.0400390625,-3.1630859375,2.962890625
0.8065,0.7607421875,-3.5634765625,2.6826171875
0.807,1.4013671875,-3.7236328125,2.2822265625
0.8075,1.8818359375,-3.7236328125,1.841796875
0.808,2.2021484375,-3.36328125,1.2412109375
0.8085,2.7626953125,-3.36328125,0.6806640625
0.809,3.1630859375,-2.8828125,-0.2001953125
0.8095,3.5234375,-2.6025390625,-0.8408203125
0.81,3.603515625,-2.0419921875,-1.6015625
0.8105,3.4833984375,-1.4814453125,-1.921875
0.811,3.4033203125,-0.8408203125,-2.4423828125
0.8115,3.3232421875,-0.240234375,-3.0029296875
0.812,2.962890625,0.48046875,-3.4033203125
0.8125,2.6025390625,1.12109375,-3.68359375
0.813,2.0419921875,1.6416015625,-3.68359375
0.8135,1.28125,2.0419921875,-3.3232421875
0.814,0.6806640625,2.6826171875,-3.4033203125
0.8145,-0.080078125,3.04296875,-2.962890625
0.815,-0.6806640625,3.443359375,-2.802734375
0.8155,-1.28125,3.5234375,-2.322265625
0.816,-1.6416015625,3.443359375,-1.921875
0.8165,-2.08203125,3.2431640625,-1.28125
0.817,-2.642578125,3.1630859375,-0.640625
0.8175,-3.04296875,2.6826171875,0.1201171875
0.818,-3.4033203125,2.3623046875,0.7607421875
0.8185,-3.5234375,1.8818359375,1.4013671875
0.819,-3.203125,1.3212890625,1.7216796875
0.8195,-3.283203125,0.720703125,2.40234375
0.82,-3.0029296875,0.0,2.8427734375
0.8205,-2.802734375,-0.640625,3.283203125
0.821,-2.2822265625,-1.28125,3.443359375
0.8215,-1.8017578125,-1.7216796875,3.36328125
0.822,-1.041015625,-2.2021484375,3.1630859375
0.8225,-0.4404296875,-2.8427734375,3.203125
0.823,0.3203125,-3.203125,2.7626953125
0.8235,0.9208984375,-3.5634765625,2.6025390625
0.824,1.4814453125,-3.6435546875,2.162109375
0.8245,1.76171875,-3.4833984375,1.681640625
0.825,2.3623046875,-3.443359375,1.0810546875
0.8255,2.8427734375,-3.123046875,0.2802734375
0.826,3.2431640625,-2.8427734375,-0.4404296875
0.8265,3.4833984375,-2.322265625,-1.041015625
0.827,3.5234375,-1.9619140625,-1.5615234375
0.8275,3.3232421875,-1.28125,-1.9619140625
0.828,3.5234375,-0.720703125,-2.642578125
0.8285,3.123046875,0.0400390625,-3.0830078125
0.829,2.9228515625,0.640625,-3.5234375
0.8295,2.3623046875,1.28125,-3.603515625
0.83,1.76171875,1.681640625,-3.4033203125
0.8305,1.041015625,2.2822265625,-3.283203125
0.831,0.3603515625,2.802734375,-3.203125
0.8315,-0.3203125,3.1630859375,-2.8828125
0.832,-0.9208984375,3.4833984375,-2.6025390625
0.8325,-1.44140625,3.5234375,-2.162109375
0.833,-1.8017578125,3.2431640625,-1.6416015625
0.8335,-2.4423828125,3.3232421875,-1.041015625
0.834,-2.8427734375,2.802734375,-0.16015625
0.8345,-3.283203125,2.6025390625,0.5205078125
0.835,-3.4033203125,2.0419921875,1.201171875
0.8355,-3.36328125,1.5615234375,1.5615234375
0.836,-3.203125,0.9208984375,2.08203125
0.8365,-3.203125,0.2802734375,2.72265625
0.837,-2.802734375,-0.5205078125,3.123046875
0.8375,-2.5224609375,-1.0810546875,3.443359375
0.838,-1.8818359375,-1.6416015625,3.443359375
0.8385,-1.201171875,-2.08203125,3.203125
0.839,-0.6005859375,-2.72265625,3.203125
0.8395,0.240234375,-3.1630859375,2.8427734375
0.84,0.9208984375,-3.5634765625,2.6025390625
0.8405,1.44140625,-3.68359375,2.2021484375
0.841,1.841796875,-3.68359375,1.76171875
0.8415,2.2421875,-3.36328125,1.0810546875
0.842,2.8427734375,-3.4033203125,0.3603515625
0.8425,3.203125,-2.6826171875,-0.4404296875
0.843,3.5634765625,-2.4423828125,-1.041015625
0.8435,3.603515625,-1.8017578125,-1.681640625
0.844,3.443359375,-1.28125,-2.08203125
0.8445,3.36328125,-0.640625,-2.642578125
0.845,3.1630859375,0.0400390625,-3.1630859375
0.8455,2.8427734375,0.7607421875,-3.5634765625
0.846,2.40234375,1.3212890625,-3.68359375
0.8465,1.76171875,1.8818359375,-3.5634765625
0.847,0.9609375,2.2822265625,-3.2431640625
0.8475,0.3203125,2.9228515625,-3.3232421875
0.848,-0.5205078125,3.203125,-2.72265625
0.8485,-1.0810546875,3.5634765625,-2.5625
0.849,-1.6416015625,3.5234375,-2.001953125
0.8495,-1.9619140625,3.36328125,-1.5615234375
0.85,-2.5224609375,3.04296875,-0.9609375
0.8505,-2.962890625,2.962890625,-0.16015625
0.851,-3.2431640625,2.40234375,0.640625
0.8515,-3.5234375,2.0419921875,1.2412109375
0.852,-3.4833984375,1.4814453125,1.76171875
0.8525,-3.203125,0.880859375,2.162109375
0.853,-3.2431640625,0.240234375,2.802734375
0.8535,-2.802734375,-0.560546875,3.1630859375
0.854,-2.5224609375,-1.1611328125,3.5234375
0.8545,-1.921875,-1.76171875,3.5234375
0.855,-1.28125,-2.2021484375,3.36328125
0.8555,-0.5205078125,-2.642578125,3.0830078125
0.856,0.1201171875,-3.2431640625,3.04296875
0.8565,0.9609375,-3.5634765625,2.482421875
0.857,1.4013671875,-3.8837890625,2.2822265625
0.8575,2.001953125,-3.7236328125,1.7216796875
0.858,2.2421875,-3.603515625,1.041015625
0.8585,2.8828125,-3.3232421875,0.48046875
0.859,3.283203125,-2.8427734375,-0.3603515625
0.8595,3.603515625,-2.40234375,-1.12109375
0.86,3.68359375,-1.921875,-1.681640625
0.8605,3.6435546875,-1.361328125,-2.2021484375
0.861,3.3232421875,-0.640625,-2.6025390625
0.8615,3.4033203125,-0.0400390625,-3.203125
0.862,2.8427734375,0.7607421875,-3.5634765625
0.8625,2.5224609375,1.361328125,-3.84375
0.863,1.8017578125,1.921875,-3.68359375
0.8635,1.0810546875,2.3623046875,-3.443359375
0.864,0.3603515625,2.8828125,-3.2431640625
0.8645,-0.3603515625,3.3232421875,-2.962890625
0.865,-1.2412109375,3.5234375,-2.4423828125
0.8655,-1.6015625,3.603515625,-2.162109375
0.866,-2.1220703125,3.4033203125,-1.6416015625
0.8665,-2.4423828125,3.203125,-0.9609375
0.867,-3.04296875,3.1630859375,-0.3203125
0.8675,-3.283203125,2.482421875,0.6005859375
0.868,-3.603515625,2.162109375,1.28125
0.8685,-3.5234375,1.521484375,1.8017578125
0.869,-3.36328125,0.9609375,2.2421875
0.8695,-3.123046875,0.2802734375,2.6826171875
0.87,-3.0029296875,-0.3603515625,3.203125
0.8705,-2.4423828125,-1.201171875,3.5234375
0.871,-2.0419921875,-1.681640625,3.5634765625
0.8715,-1.3212890625,-2.2421875,3.4833984375
0.872,-0.640625,-2.642578125,3.1630859375
0.8725,0.0,-3.203125,3.123046875
0.873,0.80078125,-3.603515625,2.5224609375
0.8735,1.521484375,-3.84375,2.2421875
0.874,1.921875,-3.7236328125,1.76171875
0.8745,2.3623046875,-3.603515625,1.28125
0.875,2.72265625,-3.2431640625,0.6005859375
0.8755,3.3232421875,-3.1630859375,-0.080078125
0.876,3.5234375,-2.4423828125,-1.041015625
0.8765,3.763671875,-2.1220703125,-1.5615234375
0.877,3.6435546875,-1.44140625,-2.1220703125
0.8775,3.4833984375,-0.880859375,-2.5224609375
0.878,3.36328125,-0.16015625,-3.123046875
0.8785,3.04296875,0.560546875,-3.5634765625
0.879,2.6025390625,1.28125,-3.84375
0.8795,2.0419921875,1.76171875,-3.763671875
0.88,1.361328125,2.2822265625,-3.6435546875
0.8805,0.5205078125,2.6826171875,-3.2431640625
0.881,-0.2001953125,3.1630859375,-3.2431640625
0.8815,-1.0009765625,3.5234375,-2.6025390625
0.882,-1.5615234375,3.8037109375,-2.322265625
0.8825,-2.001953125,3.5634765625,-1.7216796875
0.883,-2.40234375,3.4833984375,-1.201171875
0.8835,-2.8828125,3.1630859375,-0.4404296875
0.884,-3.36328125,2.8427734375,0.3203125
0.8845,-3.6435546875,2.2021484375,1.2412109375
0.885,-3.68359375,1.76171875,1.681640625
0.8855,-3.5634765625,1.0810546875,2.2421875
0.886,-3.2431640625,0.400390625,2.642578125
0.8865,-3.203125,-0.2802734375,3.2431640625
0.887,-2.6025390625,-1.12109375,3.5634765625
0.8875,-2.2021484375,-1.76171875,3.84375
0.888,-1.44140625,-2.2021484375,3.5634765625
0.8885,-0.80078125,-2.7626953125,3.4833984375
0.889,0.0400390625,-3.283203125,2.8828125
0.8895,0.720703125,-3.7236328125,2.8828125
0.89,1.6416015625,-3.9638671875,2.2421875
0.8905,2.0419921875,-3.9638671875,1.921875
0.891,2.5625,-3.763671875,1.2412109375
0.8915,2.9228515625,-3.4833984375,0.6005859375
0.892,3.443359375,-3.203125,-0.16015625
0.8925,3.763671875,-2.6025390625,-1.0810546875
0.893,4.00390625,-2.001953125,-1.921875
0.8935,3.84375,-1.44140625,-2.322265625
0.894,3.763671875,-0.7607421875,-2.8828125
0.8945,3.36328125,0.0,-3.2431640625
0.895,3.203125,0.640625,-3.84375
0.8955,2.5224609375,1.6015625,-4.1240234375
0.896,2.0419921875,2.162109375,-4.1640625
0.8965,1.1611328125,2.642578125,-3.763671875
0.897,0.400390625,3.0830078125,-3.6435546875
0.8975,-0.3603515625,3.5234375,-3.1630859375
0.898,-1.1611328125,3.84375,-2.7626953125
0.8985,-2.08203125,4.083984375,-2.08203125
0.899,-2.4423828125,3.84375,-1.5615234375
0.8995,-2.9228515625,3.68359375,-0.9208984375
0.9,-3.2431640625,3.203125,-0.16015625
0.9005,-3.7236328125,2.9228515625,0.6005859375
0.901,-3.923828125,2.1220703125,1.5615234375
0.9015,-4.0439453125,1.5615234375,2.2421875
0.902,-3.68359375,0.80078125,2.642578125
0.9025,-3.5634765625,0.2001953125,3.1630859375
0.903,-3.0830078125,-0.6005859375,3.4833984375
0.9035,-2.7626953125,-1.28125,3.8837890625
0.904,-2.0419921875,-2.2421875,4.1240234375
0.9045,-1.361328125,-2.642578125,3.8837890625
0.905,-0.5205078125,-3.1630859375,3.5634765625
0.9055,0.2001953125,-3.5634765625,3.2431640625
0.906,0.9609375,-3.923828125,2.8427734375
0.9065,1.8017578125,-4.1640625,2.2822265625
0.907,2.6025390625,-4.32421875,1.7216796875
0.9075,2.8427734375,-3.84375,1.0810546875
0.908,3.3232421875,-3.763671875,0.48046875
0.9085,3.5634765625,-3.1630859375,-0.3203125
0.909,4.0439453125,-2.8427734375,-1.041015625
0.9095,4.2041015625,-1.9619140625,-2.1220703125
0.91,4.2041015625,-1.44140625,-2.642578125
0.9105,3.763671875,-0.640625,-3.0830078125
0.911,3.6435546875,-0.0400390625,-3.5234375
0.9115,3.203125,0.7607421875,-3.8837890625
0.912,2.802734375,1.521484375,-4.244140625
0.9125,2.1220703125,2.40234375,-4.484375
0.913,1.28125,2.6826171875,-4.00390625
0.9135,0.5205078125,3.2431640625,-3.84375
0.914,-0.3203125,3.603515625,-3.283203125
0.9145,-1.12109375,4.00390625,-2.962890625
0.915,-2.001953125,4.1640625,-2.2822265625
0.9155,-2.642578125,4.2041015625,-1.681640625
0.916,-2.8828125,3.7236328125,-0.9609375
0.9165,-3.443359375,3.6435546875,-0.3603515625
0.917,-3.7236328125,2.962890625,0.560546875
0.9175,-4.1240234375,2.5625,1.28125
0.918,-4.244140625,1.681640625,2.322265625
0.9185,-4.00390625,1.0810546875,2.72265625
0.919,-3.6435546875,0.2802734375,3.1630859375
0.9195,-3.36328125,-0.400390625,3.5634765625
0.92,-2.9228515625,-1.2412109375,3.9638671875
0.9205,-2.322265625,-2.001953125,4.1640625
0.921,-1.6416015625,-2.7626953125,4.2841796875
0.9215,-0.720703125,-3.0830078125,3.68359375
0.922,-0.0400390625,-3.6435546875,3.603515625
0.9225,0.880859375,-3.8837890625,2.962890625
0.923,1.5615234375,-4.2041015625,2.6025390625
0.9235,2.482421875,-4.3642578125,1.921875
0.924,2.9228515625,-4.1640625,1.28125
0.9245,3.203125,-3.7236328125,0.560546875
0.925,3.6435546875,-3.5234375,-0.0400390625
0.9255,3.923828125,-2.8427734375,-1.0009765625
0.926,4.2041015625,-2.3623046875,-1.7216796875
0.9265,4.32421875,-1.6015625,-2.6025390625
0.927,3.8837890625,-0.9208984375,-2.8828125
0.9275,3.8037109375,-0.240234375,-3.443359375
0.928,3.36328125,0.5205078125,-3.8037109375
0.9285,3.0029296875,1.2412109375,-4.1640625
0.929,2.322265625,2.0419921875,-4.32421875
0.9295,1.681640625,2.6025390625,-4.244140625
0.93,0.7607421875,2.9228515625,-3.68359375
0.9305,0.080078125,3.5234375,-3.6435546875
0.931,-0.80078125,3.763671875,-2.962890625
0.9315,-1.44140625,4.083984375,-2.6826171875
0.932,-2.322265625,4.1640625,-1.9619140625
0.9325,-2.642578125,3.84375,-1.361328125
0.933,-3.0830078125,3.5634765625,-0.6806640625
0.9335,-3.4833984375,3.2431640625,0.0
0.934,-3.84375,2.72265625,0.880859375
0.9345,-4.0439453125,2.162109375,1.6416015625
0.935,-4.1240234375,1.4814453125,2.40234375
0.9355,-3.603515625,0.720703125,2.6826171875
0.936,-3.603515625,0.1201171875,3.3232421875
0.9365,-3.0830078125,-0.720703125,3.6435546875
0.937,-2.72265625,-1.44140625,4.00390625
0.9375,-2.001953125,-2.322265625,4.1240234375
0.938,-1.3212890625,-2.7626953125,3.923828125
0.9385,-0.4404296875,-3.1630859375,3.5234375
0.939,0.240234375,-3.7236328125,3.36328125
0.9395,1.201171875,-3.9638671875,2.7626953125
0.94,1.841796875,-4.244140625,2.40234375
0.9405,2.6025390625,-4.32421875,1.7216796875
0.941,2.8828125,-3.84375,1.0009765625
0.9415,3.4033203125,-3.7236328125,0.3603515625
0.942,3.8037109375,-3.1630859375,-0.5205078125
0.9425,4.1240234375,-2.642578125,-1.3212890625
0.943,4.2041015625,-1.9619140625,-2.162109375
0.9435,4.1640625,-1.3212890625,-2.7626953125
0.944,3.68359375,-0.5205078125,-3.0830078125
0.9445,3.68359375,0.0400390625,-3.68359375
0.945,3.0830078125,1.0009765625,-4.00390625
0.9455,2.6826171875,1.681640625,-4.32421875
0.946,1.921875,2.4423828125,-4.404296875
0.9465,1.0810546875,2.8427734375,-3.923828125
0.947,0.2802734375,3.3232421875,-3.603515625
0.9475,-0.560546875,3.8037109375,-3.283203125
0.948,-1.44140625,4.00390625,-2.642578125
0.9485,-2.08203125,4.1640625,-2.2421875
0.949,-2.72265625,4.1240234375,-1.5615234375
0.9495,-2.962890625,3.5634765625,-0.80078125
0.95,-3.5634765625,3.5234375,-0.16015625
0.9505,-3.8037109375,2.7626953125,0.8408203125
0.951,-4.1240234375,2.322265625,1.5615234375
0.9515,-4.1640625,1.5615234375,2.3623046875
0.952,-3.8837890625,0.880859375,2.802734375
0.9525,-3.443359375,0.080078125,3.1630859375
0.953,-3.3232421875,-0.5205078125,3.68359375
0.9535,-2.642578125,-1.521484375,3.9638671875
0.954,-2.2021484375,-2.08203125,4.1240234375
0.9545,-1.44140625,-2.802734375,4.1240234375
0.955,-0.560546875,-3.0830078125,3.5634765625
0.9555,0.1201171875,-3.6435546875,3.443359375
0.956,1.0810546875,-4.00390625,2.8427734375
0.9565,1.841796875,-4.2041015625,2.40234375
0.957,2.40234375,-4.2041015625,1.841796875
0.9575,2.9228515625,-4.083984375,1.201171875
0.958,3.1630859375,-3.5634765625,0.4404296875
0.9585,3.7236328125,-3.4833984375,-0.16015625
0.959,3.923828125,-2.6025390625,-1.201171875
0.9595,4.1640625,-2.2822265625,-1.8017578125
0.96,4.1240234375,-1.4814453125,-2.5224609375
0.9605,3.8037109375,-0.80078125,-2.8828125
0.961,3.5634765625,-0.16015625,-3.3232421875
0.9615,3.283203125,0.560546875,-3.8037109375
0.962,2.7626953125,1.361328125,-4.1240234375
0.9625,2.2421875,1.921875,-4.2041015625
0.963,1.5615234375,2.5224609375,-4.0439453125
0.9635,0.640625,2.8427734375,-3.5634765625
0.964,0.0,3.443359375,-3.5234375
0.9645,-0.9208984375,3.68359375,-2.8427734375
0.965,-1.4814453125,3.9638671875,-2.5625
0.9655,-2.08203125,3.923828125,-1.9619140625
0.966,-2.5224609375,3.68359375,-1.361328125
0.9665,-2.8828125,3.36328125,-0.640625
0.967,-3.4033203125,3.203125,0.0
0.9675,-3.6435546875,2.482421875,0.9609375
0.968,-3.8837890625,2.162109375,1.5615234375
0.9685,-3.84375,1.44140625,2.162109375
0.969,-3.443359375,0.7607421875,2.5224609375
0.9695,-3.4033203125,0.1201171875,3.0830078125
0.97,-2.962890625,-0.6806640625,3.4833984375
0.9705,-2.642578125,-1.4013671875,3.84375
0.971,-1.9619140625,-1.9619140625,3.84375
0.9715,-1.3212890625,-2.4423828125,3.68359375
0.972,-0.5205078125,-2.8427734375,3.283203125
0.9725,0.1201171875,-3.5234375,3.283203125
0.973,1.041015625,-3.7236328125,2.6025390625
0.9735,1.5615234375,-4.00390625,2.40234375
0.974,2.162109375,-3.923828125,1.76171875
0.9745,2.482421875,-3.603515625,1.201171875
0.975,3.0029296875,-3.4833984375,0.5205078125
0.9755,3.443359375,-3.04296875,-0.3203125
0.976,3.7236328125,-2.5625,-1.0810546875
0.9765,3.84375,-2.08203125,-1.681640625
0.977,3.84375,-1.4814453125,-2.2021484375
0.9775,3.4833984375,-0.8408203125,-2.6025390625
0.978,3.5234375,-0.2001953125,-3.283203125
0.9785,2.962890625,0.6005859375,-3.603515625
0.979,2.72265625,1.2412109375,-3.923828125
0.9795,2.0419921875,1.8818359375,-3.8837890625
0.98,1.361328125,2.2421875,-3.603515625
0.9805,0.560546875,2.802734375,-3.36328125
0.981,-0.1201171875,3.3232421875,-3.203125
0.9815,-0.9609375,3.5634765625,-2.6826171875
0.982,-1.44140625,3.763671875,-2.40234375
0.9825,-1.9619140625,3.68359375,-1.841796875
0.983,-2.2822265625,3.36328125,-1.1611328125
0.9835,-2.9228515625,3.36328125,-0.6005859375
0.984,-3.2431640625,2.72265625,0.2802734375
0.9845,-3.603515625,2.4423828125,0.9609375
0.985,-3.6435546875,1.841796875,1.6015625
0.9855,-3.5234375,1.28125,2.0419921875
0.986,-3.203125,0.5205078125,2.482421875
0.9865,-3.283203125,-0.080078125,3.123046875
0.987,-2.72265625,-0.9208984375,3.4833984375
0.9875,-2.40234375,-1.44140625,3.68359375
0.988,-1.681640625,-2.0419921875,3.603515625
0.9885,-1.0009765625,-2.4423828125,3.3232421875
0.989,-0.2802734375,-3.0830078125,3.2431640625
0.9895,0.5205078125,-3.4833984375,2.8427734375
0.99,1.2412109375,-3.8037109375,2.5224609375
0.9905,1.7216796875,-3.84375,2.1220703125
0.991,2.2021484375,-3.7236328125,1.5615234375
0.9915,2.5224609375,-3.36328125,0.880859375
0.992,3.203125,-3.36328125,0.2001953125
0.9925,3.443359375,-2.642578125,-0.720703125
0.993,3.8037109375,-2.40234375,-1.28125
0.9935,3.763671875,-1.76171875,-1.921875
0.994,3.5234375,-1.201171875,-2.2822265625
0.9945,3.4033203125,-0.5205078125,-2.8828125
0.995,3.203125,0.240234375,-3.36328125
0.9955,2.802734375,1.0009765625,-3.763671875
0.996,2.322265625,1.521484375,-3.8037109375
0.9965,1.6416015625,2.0419921875,-3.7236328125
0.997,0.80078125,2.4423828125,-3.3232421875
0.9975,0.2001953125,3.1630859375,-3.36328125
0.998,-0.640625,3.36328125,-2.7626953125
0.9985,-1.2412109375,3.7236328125,-2.5625
0.999,-1.681640625,3.5634765625,-1.9619140625
0.9995,-2.08203125,3.4833984375,-1.4814453125
