wavelength,x,y,z
0.0,-3.443359375,5.4453125,-1.1611328125
0.0005,-2.0419921875,5.6455078125,-2.642578125
0.001,-0.80078125,5.685546875,-3.923828125
0.0015,0.240234375,5.4052734375,-4.6845703125
0.002,1.0009765625,5.4853515625,-5.525390625
0.0025,1.921875,5.044921875,-6.2060546875
0.003,3.2431640625,3.9638671875,-6.56640625
0.0035,4.4443359375,2.5625,-6.7666015625
0.004,5.2451171875,1.201171875,-6.4462890625
0.0045,5.60546875,0.1201171875,-6.166015625
0.005,5.8857421875,-0.80078125,-5.8857421875
0.0055,5.7255859375,-1.8818359375,-5.0849609375
0.006,5.5654296875,-3.1630859375,-3.84375
0.0065,5.28515625,-4.404296875,-2.5625
0.007,4.724609375,-5.205078125,-1.44140625
0.0075,4.1640625,-5.845703125,-0.400390625
0.008,3.68359375,-6.2861328125,0.6806640625
0.0085,2.482421875,-6.486328125,1.76171875
0.009,1.12109375,-6.486328125,3.283203125
0.0095,-0.400390625,-6.40625,4.484375
0.01,-1.1611328125,-6.326171875,5.0849609375
0.0105,-1.8818359375,-6.0859375,5.9658203125
0.011,-3.1630859375,-5.4453125,6.486328125
0.0115,-4.3642578125,-4.0439453125,6.6865234375
0.012,-5.28515625,-2.5625,6.8466796875
0.0125,-5.92578125,-1.4013671875,6.24609375
0.013,-6.1259765625,-0.48046875,5.8857421875
0.0135,-6.40625,0.560546875,5.5654296875
0.014,-6.2861328125,1.6416015625,4.5244140625
0.0145,-5.8056640625,2.962890625,3.2431640625
0.015,-5.2451171875,4.083984375,1.9619140625
0.0155,-4.8447265625,4.724609375,0.9208984375
0.016,-4.484375,5.4052734375,0.0400390625
0.0165,-3.68359375,5.5654296875,-1.041015625
0.017,-2.482421875,5.6455078125,-2.40234375
0.0175,-1.1611328125,5.765625,-3.8037109375
0.018,0.240234375,5.4853515625,-4.884765625
0.0185,0.9208984375,5.4453125,-5.4453125
0.019,1.76171875,5.4453125,-6.1259765625
0.0195,2.802734375,4.404296875,-6.6064453125
0.02,4.00390625,3.0029296875,-6.646484375
0.0205,5.044921875,1.6416015625,-6.6865234375
0.021,5.4853515625,0.48046875,-6.3662109375
0.0215,5.765625,-0.400390625,-6.0859375
0.022,5.8857421875,-1.3212890625,-5.5654296875
0.0225,5.685546875,-2.482421875,-4.5244140625
0.023,5.4052734375,-3.7236328125,-3.2431640625
0.0235,4.9248046875,-4.724609375,-1.9619140625
0.024,4.404296875,-5.4453125,-0.880859375
0.0245,4.083984375,-6.1259765625,0.0400390625
0.025,3.1630859375,-6.326171875,1.041015625
0.0255,1.76171875,-6.4462890625,2.5625
0.026,0.48046875,-6.4462890625,3.84375
0.0265,-0.6806640625,-6.2060546875,4.724609375
0.027,-1.361328125,-6.24609375,5.4853515625
0.0275,-2.2421875,-5.845703125,6.1259765625
0.028,-3.5234375,-4.8447265625,6.5263671875
0.0285,-4.8046875,-3.443359375,6.6865234375
0.029,-5.60546875,-2.001953125,6.4462890625
0.0295,-6.0458984375,-0.9208984375,6.1259765625
0.03,-6.24609375,0.0400390625,5.8857421875
0.0305,-6.24609375,0.9609375,5.0048828125
0.031,-5.9658203125,2.3623046875,3.8037109375
0.0315,-5.765625,3.443359375,2.5224609375
0.032,-5.2451171875,4.404296875,1.4013671875
0.0325,-4.8046875,5.044921875,0.6005859375
0.033,-4.1640625,5.525390625,-0.640625
0.0335,-3.0029296875,5.7255859375,-1.7216796875
0.034,-1.5615234375,5.8857421875,-3.203125
0.0345,-0.3603515625,5.60546875,-4.5244140625
0.035,0.7607421875,5.5654296875,-5.1650390625
0.0355,1.2412109375,5.60546875,-5.92578125
0.036,2.4423828125,4.8046875,-6.5263671875
0.0365,3.9638671875,3.5234375,-6.806640625
0.037,4.9248046875,2.1220703125,-6.9267578125
0.0375,5.4853515625,0.880859375,-6.4462890625
0.038,5.92578125,-0.2802734375,-6.166015625
0.0385,5.92578125,-1.28125,-5.8056640625
0.039,5.8857421875,-2.2822265625,-4.8447265625
0.0395,5.6455078125,-3.6435546875,-3.603515625
0.04,5.205078125,-4.7646484375,-2.162109375
0.0405,4.564453125,-5.4052734375,-1.0009765625
0.041,4.1240234375,-6.1259765625,-0.2001953125
0.0415,3.3232421875,-6.4462890625,0.9609375
0.042,1.9619140625,-6.56640625,2.2421875
0.0425,0.640625,-6.6865234375,3.68359375
0.043,-0.80078125,-6.2861328125,4.724609375
0.0435,-1.44140625,-6.166015625,5.4052734375
0.044,-2.162109375,-6.005859375,6.0859375
0.0445,-3.283203125,-5.0849609375,6.5263671875
0.045,-4.724609375,-3.6435546875,6.6865234375
0.0455,-5.60546875,-2.2822265625,6.56640625
0.046,-6.0458984375,-1.12109375,6.1259765625
0.0465,-6.2861328125,-0.240234375,5.8857421875
0.047,-6.2060546875,0.80078125,5.2451171875
0.0475,-6.0458984375,1.9619140625,4.1640625
0.048,-5.845703125,3.1630859375,2.962890625
0.0485,-5.2451171875,4.1240234375,1.6416015625
0.049,-4.8046875,4.7646484375,0.640625
0.0495,-4.32421875,5.28515625,-0.2802734375
0.05,-3.443359375,5.525390625,-1.2412109375
0.0505,-2.1220703125,5.685546875,-2.5625
0.051,-0.8408203125,5.685546875,-3.84375
0.0515,0.3203125,5.4052734375,-4.64453125
0.052,1.0810546875,5.4453125,-5.4853515625
0.0525,1.841796875,5.125,-6.0859375
0.053,3.0029296875,4.1240234375,-6.5263671875
0.0535,4.083984375,2.8427734375,-6.6865234375
0.054,4.96484375,1.4013671875,-6.2861328125
0.0545,5.3251953125,0.5205078125,-6.1259765625
0.055,5.7255859375,-0.3603515625,-6.005859375
0.0555,5.6455078125,-1.28125,-5.28515625
0.056,5.365234375,-2.642578125,-4.244140625
0.0565,5.365234375,-3.8037109375,-3.1630859375
0.057,4.724609375,-4.5244140625,-1.8017578125
0.0575,4.404296875,-5.4453125,-1.0009765625
0.058,4.083984375,-5.9658203125,0.0
0.0585,3.0029296875,-6.166015625,1.041015625
0.059,1.9619140625,-6.1259765625,2.40234375
0.0595,0.5205078125,-6.166015625,3.68359375
0.06,-0.640625,-5.9658203125,4.6845703125
0.0605,-1.1611328125,-6.1259765625,5.365234375
0.061,-2.40234375,-5.765625,5.8857421875
0.0615,-3.5234375,-4.404296875,6.326171875
0.062,-4.724609375,-3.283203125,6.3662109375
0.0625,-5.365234375,-1.921875,6.0859375
0.063,-5.8056640625,-1.0009765625,5.8857421875
0.0635,-6.0458984375,-0.2802734375,5.60546875
0.064,-5.92578125,0.8408203125,4.8447265625
0.0645,-5.765625,2.08203125,3.7236328125
0.065,-5.4853515625,3.1630859375,2.5224609375
0.0655,-5.044921875,3.8837890625,1.4814453125
0.066,-4.6845703125,4.6044921875,0.640625
0.0665,-3.9638671875,5.0849609375,-0.3603515625
0.067,-2.9228515625,5.2451171875,-1.5615234375
0.0675,-1.841796875,5.4453125,-2.8427734375
0.068,-0.6005859375,5.2451171875,-3.84375
0.0685,0.2001953125,5.2451171875,-4.64453125
0.069,1.0009765625,5.2451171875,-5.4453125
0.0695,1.921875,4.5244140625,-5.9658203125
0.07,3.3232421875,3.4033203125,-6.24609375
0.0705,4.1640625,2.2021484375,-6.24609375
0.071,4.7646484375,1.0810546875,-5.9658203125
0.0715,5.125,0.2802734375,-5.845703125
0.072,5.365234375,-0.640625,-5.4853515625
0.0725,5.3251953125,-1.6416015625,-4.6845703125
0.073,5.044921875,-2.8828125,-3.68359375
0.0735,4.7646484375,-3.8037109375,-2.5625
0.074,4.244140625,-4.5244140625,-1.5615234375
0.0745,4.1640625,-5.28515625,-0.7607421875
0.075,3.4033203125,-5.60546875,0.2001953125
0.0755,2.2421875,-5.8056640625,1.6015625
0.076,1.3212890625,-5.8056640625,2.642578125
0.0765,0.1201171875,-5.765625,3.5234375
0.077,-0.48046875,-5.8857421875,4.4443359375
0.0775,-1.5615234375,-5.92578125,5.1650390625
0.078,-2.4423828125,-5.1650390625,5.6455078125
0.0785,-3.5634765625,-3.8037109375,6.0859375
0.079,-4.6044921875,-2.7626953125,5.8857421875
0.0795,-5.0048828125,-1.9619140625,5.5654296875
0.08,-5.4453125,-1.0810546875,5.60546875
0.0805,-5.205078125,-0.2001953125,4.96484375
0.081,-5.4052734375,0.9208984375,4.2841796875
0.0815,-5.3251953125,2.2021484375,3.5234375
0.082,-4.8447265625,2.962890625,2.2421875
0.0825,-4.6845703125,3.8037109375,1.5615234375
0.083,-4.3642578125,4.404296875,0.6005859375
0.0835,-3.7236328125,4.724609375,-0.48046875
0.084,-2.6025390625,5.0849609375,-1.6015625
0.0845,-1.6416015625,5.044921875,-2.72265625
0.085,-0.720703125,5.0849609375,-3.5634765625
0.0855,-0.16015625,5.2451171875,-4.4443359375
0.086,0.9208984375,4.9248046875,-5.205078125
0.0865,2.0419921875,4.083984375,-5.5654296875
0.087,3.123046875,3.123046875,-5.845703125
0.0875,3.84375,1.921875,-5.7255859375
0.088,4.404296875,1.12109375,-5.685546875
0.0885,4.8447265625,0.2802734375,-5.685546875
0.089,4.9248046875,-0.640625,-5.1650390625
0.0895,4.8447265625,-1.681640625,-4.3642578125
0.09,4.7646484375,-2.6826171875,-3.3232421875
0.0905,4.484375,-3.5234375,-2.3623046875
0.091,4.2841796875,-4.3642578125,-1.6015625
0.0915,3.8837890625,-5.0048828125,-0.720703125
0.092,3.0830078125,-5.28515625,0.4404296875
0.0925,2.162109375,-5.6455078125,1.6015625
0.093,1.12109375,-5.525390625,2.6826171875
0.0935,0.3603515625,-5.6455078125,3.5234375
0.094,-0.5205078125,-5.845703125,4.484375
0.0945,-1.6015625,-5.525390625,5.044921875
0.095,-2.6025390625,-4.564453125,5.4052734375
0.0955,-3.84375,-3.4033203125,5.685546875
0.096,-4.3642578125,-2.5625,5.4453125
0.0965,-4.8447265625,-1.5615234375,5.60546875
0.097,-5.2451171875,-0.9609375,5.4052734375
0.0975,-5.1650390625,0.2001953125,4.724609375
0.098,-5.28515625,1.3212890625,4.1240234375
0.0985,-4.9248046875,2.0419921875,2.802734375
0.099,-4.64453125,3.04296875,1.921875
0.0995,-4.6845703125,3.763671875,1.2412109375
0.1,-4.1640625,4.2841796875,0.4404296875
0.1005,-3.2431640625,4.724609375,-0.7607421875
0.101,-2.2421875,4.9248046875,-2.001953125
0.1015,-1.44140625,4.8447265625,-2.9228515625
0.102,-0.5205078125,5.044921875,-3.923828125
0.1025,0.4404296875,5.0849609375,-4.8046875
0.103,1.521484375,4.484375,-5.4453125
0.1035,2.6826171875,3.5234375,-5.8056640625
0.104,3.603515625,2.5224609375,-5.7255859375
0.1045,4.32421875,1.521484375,-5.7255859375
0.105,4.64453125,0.80078125,-5.6455078125
0.1055,4.8447265625,0.0,-5.28515625
0.106,4.8447265625,-1.1611328125,-4.5244140625
0.1065,4.96484375,-2.1220703125,-3.7236328125
0.107,4.484375,-3.1630859375,-2.6826171875
0.1075,4.32421875,-4.00390625,-1.8017578125
0.108,4.083984375,-4.8447265625,-1.0810546875
0.1085,3.443359375,-5.125,0.0
0.109,2.40234375,-5.4453125,1.28125
0.1095,1.28125,-5.4853515625,2.482421875
0.11,0.5205078125,-5.6455078125,3.3232421875
0.1105,-0.3603515625,-5.8056640625,4.2841796875
0.111,-1.2412109375,-5.60546875,4.96484375
0.1115,-2.40234375,-4.6044921875,5.4853515625
0.112,-3.4833984375,-3.7236328125,5.685546875
0.1125,-4.2041015625,-2.5224609375,5.60546875
0.113,-4.8447265625,-1.76171875,5.4853515625
0.1135,-5.28515625,-1.0009765625,5.4052734375
0.114,-5.3251953125,0.0400390625,4.96484375
0.1145,-5.125,1.2412109375,3.9638671875
0.115,-5.0849609375,2.2021484375,2.9228515625
0.1155,-4.64453125,3.0029296875,1.9619140625
0.116,-4.7646484375,3.8837890625,1.4013671875
0.1165,-4.083984375,4.32421875,0.400390625
0.117,-3.203125,4.7646484375,-0.720703125
0.1175,-2.482421875,4.9248046875,-1.9619140625
0.118,-1.0810546875,5.044921875,-3.04296875
0.1185,-0.640625,5.0849609375,-3.7236328125
0.119,0.4404296875,5.1650390625,-4.8046875
0.1195,1.4013671875,4.8447265625,-5.125
0.12,2.5224609375,3.4833984375,-5.765625
0.1205,3.8037109375,2.5224609375,-6.1259765625
0.121,4.1240234375,1.521484375,-5.5654296875
0.1215,4.724609375,0.48046875,-5.92578125
0.122,4.884765625,-0.2802734375,-5.4052734375
0.1225,5.0849609375,-1.2412109375,-4.884765625
0.123,4.8447265625,-2.4423828125,-3.84375
0.1235,4.7646484375,-3.36328125,-2.72265625
0.124,4.404296875,-4.32421875,-1.921875
0.1245,4.2841796875,-4.9248046875,-1.041015625
0.125,3.6435546875,-5.3251953125,0.0
0.1255,2.5224609375,-5.4853515625,1.2412109375
0.126,1.5615234375,-5.765625,2.40234375
0.1265,0.4404296875,-5.6455078125,3.4833984375
0.127,-0.2802734375,-5.765625,4.2841796875
0.1275,-1.28125,-5.765625,5.0849609375
0.128,-2.2822265625,-4.884765625,5.6455078125
0.1285,-3.6435546875,-3.84375,6.005859375
0.129,-4.484375,-2.5625,5.845703125
0.1295,-5.125,-1.681640625,5.685546875
0.13,-5.4052734375,-0.80078125,5.6455078125
0.1305,-5.4853515625,0.080078125,5.0849609375
0.131,-5.365234375,1.3212890625,4.1240234375
0.1315,-5.3251953125,2.40234375,3.1630859375
0.132,-4.884765625,3.36328125,2.1220703125
0.1325,-4.64453125,3.9638671875,1.201171875
0.133,-4.2841796875,4.6044921875,0.400390625
0.1335,-3.4833984375,4.8447265625,-0.720703125
0.134,-2.2421875,5.2451171875,-2.0419921875
0.1345,-1.1611328125,5.1650390625,-3.203125
0.135,-0.2802734375,5.205078125,-4.0439453125
0.1355,0.48046875,5.28515625,-4.9248046875
0.136,1.521484375,4.8046875,-5.525390625
0.1365,2.5625,3.7236328125,-5.845703125
0.137,3.84375,2.5224609375,-6.2861328125
0.1375,4.3642578125,1.4013671875,-5.845703125
0.138,4.8447265625,0.4404296875,-5.845703125
0.1385,5.28515625,-0.2802734375,-5.60546875
0.139,5.1650390625,-1.3212890625,-4.96484375
0.1395,5.28515625,-2.5224609375,-4.00390625
0.14,4.884765625,-3.5634765625,-2.6826171875
0.1405,4.5244140625,-4.564453125,-1.8818359375
0.141,4.404296875,-5.0849609375,-0.8408203125
0.1415,3.5634765625,-5.685546875,0.1201171875
0.142,2.6025390625,-5.92578125,1.2412109375
0.1425,1.4013671875,-6.0458984375,2.8427734375
0.143,0.1201171875,-5.92578125,3.9638671875
0.1435,-0.720703125,-6.005859375,4.724609375
0.144,-1.44140625,-6.1259765625,5.3251953125
0.1445,-2.642578125,-5.3251953125,5.9658203125
0.145,-3.8837890625,-4.083984375,6.0859375
0.1455,-4.884765625,-2.802734375,6.166015625
0.146,-5.3251953125,-1.4814453125,5.845703125
0.1465,-5.7255859375,-0.720703125,5.685546875
0.147,-5.845703125,0.4404296875,5.3251953125
0.1475,-5.7255859375,1.6015625,4.2041015625
0.148,-5.6455078125,2.9228515625,3.1630859375
0.1485,-5.125,3.923828125,1.8818359375
0.149,-4.7646484375,4.6044921875,1.0009765625
0.1495,-4.3642578125,5.205078125,0.1201171875
0.15,-3.4833984375,5.4052734375,-1.0009765625
0.1505,-2.08203125,5.7255859375,-2.482421875
0.151,-0.880859375,5.7255859375,-3.763671875
0.1515,0.240234375,5.5654296875,-4.564453125
0.152,0.9208984375,5.4853515625,-5.4453125
0.1525,1.8017578125,5.044921875,-6.0458984375
0.153,3.123046875,3.923828125,-6.56640625
0.1535,4.404296875,2.6826171875,-6.646484375
0.154,5.1650390625,1.201171875,-6.4462890625
0.1545,5.5654296875,0.3603515625,-6.0859375
0.155,5.7255859375,-0.720703125,-5.845703125
0.1555,5.7255859375,-1.6416015625,-5.0849609375
0.156,5.525390625,-3.0830078125,-3.8837890625
0.1565,5.4052734375,-4.244140625,-2.7626953125
0.157,4.6044921875,-5.044921875,-1.3212890625
0.1575,4.32421875,-5.765625,-0.6806640625
0.158,3.7236328125,-6.1259765625,0.5205078125
0.1585,2.5625,-6.4462890625,1.5615234375
0.159,1.28125,-6.326171875,3.1630859375
0.1595,-0.400390625,-6.40625,4.404296875
0.16,-0.9609375,-6.166015625,4.884765625
0.1605,-1.8017578125,-6.1259765625,5.9658203125
0.161,-2.8828125,-5.525390625,6.24609375
0.1615,-4.244140625,-4.0439453125,6.6865234375
0.162,-5.365234375,-2.802734375,6.7666015625
0.1625,-5.765625,-1.4013671875,6.24609375
0.163,-6.1259765625,-0.400390625,6.1259765625
0.1635,-6.326171875,0.48046875,5.60546875
0.164,-6.1259765625,1.6416015625,4.64453125
0.1645,-5.8857421875,2.8828125,3.3232421875
0.165,-5.525390625,4.0439453125,2.2021484375
0.1655,-4.96484375,4.6044921875,0.9208984375
0.166,-4.6044921875,5.2451171875,0.16015625
0.1665,-3.7236328125,5.5654296875,-1.041015625
0.167,-2.4423828125,5.60546875,-2.4423828125
0.1675,-1.041015625,5.8857421875,-3.84375
0.168,0.240234375,5.4453125,-4.884765625
0.1685,1.0009765625,5.4853515625,-5.4853515625
0.169,1.76171875,5.2451171875,-6.2861328125
0.1695,2.8427734375,4.484375,-6.5263671875
0.17,4.32421875,3.04296875,-7.0068359375
0.1705,5.205078125,1.7216796875,-6.646484375
0.171,5.685546875,0.6005859375,-6.40625
0.1715,5.8857421875,-0.3603515625,-6.0458984375
0.172,5.9658203125,-1.3212890625,-5.4853515625
0.1725,5.7255859375,-2.5625,-4.404296875
0.173,5.60546875,-3.763671875,-3.203125
0.1735,5.0048828125,-4.8447265625,-1.8818359375
0.174,4.5244140625,-5.4453125,-0.9208984375
0.1745,4.00390625,-6.2060546875,0.080078125
0.175,3.1630859375,-6.2861328125,1.12109375
0.1755,1.6416015625,-6.5263671875,2.72265625
0.176,0.4404296875,-6.40625,3.8837890625
0.1765,-0.80078125,-6.2861328125,4.8447265625
0.177,-1.44140625,-6.326171875,5.4453125
0.1775,-2.482421875,-5.92578125,6.2060546875
0.178,-3.7236328125,-4.8447265625,6.5263671875
0.1785,-5.044921875,-3.2431640625,7.0068359375
0.179,-5.8056640625,-1.9619140625,6.4462890625
0.1795,-6.1259765625,-0.6806640625,6.24609375
0.18,-6.40625,0.1201171875,5.92578125
0.1805,-6.1259765625,1.201171875,5.0048828125
0.181,-6.0458984375,2.5625,3.8837890625
0.1815,-5.765625,3.68359375,2.40234375
0.182,-5.125,4.64453125,1.4013671875
0.1825,-4.7646484375,5.0849609375,0.2802734375
0.183,-4.1240234375,5.6455078125,-0.720703125
0.1835,-3.0029296875,5.8056640625,-1.681640625
0.184,-1.6015625,5.845703125,-3.4833984375
0.1845,-0.2001953125,5.765625,-4.4443359375
0.185,0.7607421875,5.60546875,-5.0849609375
0.1855,1.3212890625,5.5654296875,-5.845703125
0.186,2.5224609375,4.8046875,-6.486328125
0.1865,3.8837890625,3.5234375,-6.7265625
0.187,4.96484375,2.0419921875,-7.0869140625
0.1875,5.5654296875,0.720703125,-6.486328125
0.188,5.8857421875,-0.3603515625,-6.3662109375
0.1885,6.0458984375,-1.28125,-5.8857421875
0.189,5.8857421875,-2.322265625,-5.0048828125
0.1895,5.60546875,-3.8037109375,-3.68359375
0.19,5.2451171875,-4.8046875,-2.2822265625
0.1905,4.64453125,-5.60546875,-1.201171875
0.191,4.244140625,-6.1259765625,-0.240234375
0.1915,3.4033203125,-6.4462890625,0.880859375
0.192,2.08203125,-6.56640625,2.2822265625
0.1925,0.7607421875,-6.6865234375,3.6435546875
0.193,-0.6806640625,-6.2861328125,4.8046875
0.1935,-1.361328125,-6.24609375,5.4052734375
0.194,-2.2021484375,-6.0458984375,6.2060546875
0.1945,-3.283203125,-5.044921875,6.6064453125
0.195,-4.7646484375,-3.68359375,6.7666015625
0.1955,-5.60546875,-2.2421875,6.56640625
0.196,-6.0859375,-1.041015625,6.2060546875
0.1965,-6.2861328125,-0.2001953125,5.8056640625
0.197,-6.326171875,0.880859375,5.365234375
0.1975,-6.1259765625,2.001953125,4.083984375
0.198,-5.845703125,3.283203125,2.9228515625
0.1985,-5.3251953125,4.1640625,1.4814453125
0.199,-4.7646484375,4.884765625,0.6005859375
0.1995,-4.3642578125,5.4052734375,-0.3603515625
0.2,-3.36328125,5.685546875,-1.2412109375
0.2005,-2.0419921875,5.7255859375,-2.6826171875
0.201,-0.720703125,5.685546875,-4.1240234375
0.2015,0.3203125,5.4853515625,-4.6845703125
0.202,1.0810546875,5.4052734375,-5.7255859375
0.2025,1.921875,5.125,-6.1259765625
0.203,3.04296875,4.00390625,-6.5263671875
0.2035,4.2841796875,2.7626953125,-6.806640625
0.204,5.0849609375,1.4013671875,-6.2861328125
0.2045,5.4853515625,0.2802734375,-6.24609375
0.205,5.7255859375,-0.5205078125,-5.8857421875
0.2055,5.685546875,-1.44140625,-5.28515625
0.206,5.4453125,-2.6826171875,-4.1640625
0.2065,5.2451171875,-3.84375,-2.962890625
0.207,4.724609375,-4.64453125,-1.7216796875
0.2075,4.32421875,-5.4052734375,-0.80078125
0.208,3.8837890625,-5.92578125,0.16015625
0.2085,2.8828125,-6.24609375,1.12109375
0.209,1.6416015625,-6.3662109375,2.6025390625
0.2095,0.3603515625,-6.2861328125,3.5634765625
0.21,-0.640625,-6.166015625,4.5244140625
0.2105,-1.3212890625,-6.2060546875,5.28515625
0.211,-2.2822265625,-5.685546875,5.8857421875
0.2115,-3.5634765625,-4.5244140625,6.2060546875
0.212,-4.6845703125,-3.36328125,6.3662109375
0.2125,-5.3251953125,-1.9619140625,6.0859375
0.213,-5.765625,-1.0810546875,5.8056640625
0.2135,-6.005859375,-0.16015625,5.60546875
0.214,-5.92578125,0.8408203125,4.8046875
0.2145,-5.765625,2.1220703125,3.68359375
0.215,-5.4453125,3.2431640625,2.4423828125
0.2155,-4.96484375,4.00390625,1.44140625
0.216,-4.64453125,4.6845703125,0.48046875
0.2165,-4.00390625,5.0849609375,-0.3603515625
0.217,-2.8828125,5.2451171875,-1.681640625
0.2175,-1.921875,5.4052734375,-2.8828125
0.218,-0.560546875,5.205078125,-4.0439453125
0.2185,0.2802734375,5.3251953125,-4.724609375
0.219,1.0009765625,5.28515625,-5.5654296875
0.2195,2.0419921875,4.6044921875,-5.9658203125
0.22,3.3232421875,3.36328125,-6.2861328125
0.2205,4.32421875,2.2021484375,-6.24609375
0.221,4.8046875,1.0810546875,-5.92578125
0.2215,5.2451171875,0.240234375,-6.0458984375
0.222,5.365234375,-0.640625,-5.4453125
0.2225,5.28515625,-1.76171875,-4.8046875
0.223,5.1650390625,-2.8427734375,-3.68359375
0.2235,4.7646484375,-3.8837890625,-2.482421875
0.224,4.404296875,-4.64453125,-1.6015625
0.2245,4.1640625,-5.4052734375,-0.6806640625
0.225,3.443359375,-5.7255859375,0.2802734375
0.2255,2.40234375,-5.8056640625,1.521484375
0.226,1.201171875,-5.9658203125,2.802734375
0.2265,0.16015625,-5.845703125,3.6435546875
0.227,-0.640625,-5.9658203125,4.5244140625
0.2275,-1.44140625,-5.845703125,5.2451171875
0.228,-2.5224609375,-5.0849609375,5.7255859375
0.2285,-3.7236328125,-3.9638671875,6.0859375
0.229,-4.5244140625,-2.6826171875,5.8857421875
0.2295,-5.125,-1.681640625,5.765625
0.23,-5.4853515625,-0.9609375,5.685546875
0.2305,-5.5654296875,0.0400390625,5.205078125
0.231,-5.4453125,1.0810546875,4.244140625
0.2315,-5.4052734375,2.2021484375,3.36328125
0.232,-5.0048828125,3.04296875,2.2421875
0.2325,-4.7646484375,3.8037109375,1.3212890625
0.233,-4.404296875,4.4443359375,0.560546875
0.2335,-3.763671875,4.564453125,-0.640625
0.234,-2.6025390625,5.0849609375,-1.8017578125
0.2345,-1.44140625,5.044921875,-2.962890625
0.235,-0.640625,5.0849609375,-3.8037109375
0.2355,0.16015625,5.2451171875,-4.724609375
0.236,1.12109375,4.9248046875,-5.28515625
0.2365,2.2421875,4.00390625,-5.8056640625
0.237,3.3232421875,3.04296875,-6.005859375
0.2375,4.1240234375,1.8017578125,-5.92578125
0.238,4.6044921875,0.9609375,-5.765625
0.2385,5.044921875,0.16015625,-5.7255859375
0.239,5.0849609375,-0.7607421875,-5.1650390625
0.2395,5.0048828125,-1.9619140625,-4.244140625
0.24,4.8046875,-2.962890625,-3.203125
0.2405,4.5244140625,-3.84375,-2.2822265625
0.241,4.32421875,-4.64453125,-1.44140625
0.2415,3.8837890625,-5.044921875,-0.5205078125
0.242,2.962890625,-5.4853515625,0.560546875
0.2425,2.001953125,-5.7255859375,1.921875
0.243,0.8408203125,-5.685546875,2.8427734375
0.2435,0.1201171875,-5.765625,3.763671875
0.244,-0.720703125,-5.92578125,4.64453125
0.2445,-1.681640625,-5.4453125,5.1650390625
0.245,-2.8828125,-4.404296875,5.60546875
0.2455,-3.8837890625,-3.283203125,5.685546875
0.246,-4.5244140625,-2.2822265625,5.525390625
0.2465,-5.0048828125,-1.4814453125,5.5654296875
0.247,-5.28515625,-0.6806640625,5.28515625
0.2475,-5.28515625,0.3203125,4.64453125
0.248,-5.28515625,1.4013671875,3.84375
0.2485,-5.044921875,2.322265625,2.72265625
0.249,-4.724609375,3.1630859375,1.841796875
0.2495,-4.5244140625,3.923828125,0.9609375
0.25,-3.9638671875,4.404296875,0.2802734375
0.2505,-3.04296875,4.724609375,-1.0009765625
0.251,-2.08203125,4.96484375,-2.08203125
0.2515,-1.1611328125,4.9248046875,-3.04296875
0.252,-0.48046875,5.125,-3.8837890625
0.2525,0.48046875,5.0849609375,-4.7646484375
0.253,1.4814453125,4.484375,-5.2451171875
0.2535,2.642578125,3.5234375,-5.7255859375
0.254,3.5234375,2.3623046875,-5.6455078125
0.2545,4.1240234375,1.44140625,-5.6455078125
0.255,4.6845703125,0.720703125,-5.7255859375
0.2555,4.8447265625,-0.16015625,-5.3251953125
0.256,4.8447265625,-1.1611328125,-4.64453125
0.2565,4.7646484375,-2.2822265625,-3.7236328125
0.257,4.5244140625,-3.203125,-2.8427734375
0.2575,4.32421875,-4.0439453125,-1.8818359375
0.258,4.1240234375,-4.7646484375,-1.1611328125
0.2585,3.4833984375,-5.125,-0.2001953125
0.259,2.5224609375,-5.4853515625,1.0810546875
0.2595,1.44140625,-5.5654296875,2.2421875
0.26,0.6005859375,-5.7255859375,3.1630859375
0.2605,-0.2001953125,-5.92578125,4.1240234375
0.261,-1.12109375,-5.6455078125,4.8046875
0.2615,-2.2822265625,-4.8447265625,5.28515625
0.262,-3.3232421875,-3.8837890625,5.6455078125
0.2625,-4.1240234375,-2.72265625,5.4853515625
0.263,-4.724609375,-1.8818359375,5.4853515625
0.2635,-5.125,-1.1611328125,5.4052734375
0.264,-5.205078125,-0.2802734375,4.9248046875
0.2645,-5.1650390625,0.9609375,4.1640625
0.265,-5.125,1.921875,3.1630859375
0.2655,-4.8447265625,2.7626953125,2.2421875
0.266,-4.6845703125,3.6435546875,1.44140625
0.2665,-4.2041015625,4.1640625,0.6005859375
0.267,-3.4033203125,4.5244140625,-0.560546875
0.2675,-2.5224609375,4.9248046875,-1.7216796875
0.268,-1.44140625,4.884765625,-2.7626953125
0.2685,-0.6806640625,5.0849609375,-3.68359375
0.269,0.1201171875,5.205078125,-4.564453125
0.2695,1.12109375,4.724609375,-5.1650390625
0.27,2.40234375,3.7236328125,-5.6455078125
0.2705,3.36328125,2.6025390625,-5.7255859375
0.271,4.0439453125,1.5615234375,-5.6455078125
0.2715,4.6044921875,0.8408203125,-5.6455078125
0.272,4.884765625,0.0400390625,-5.4453125
0.2725,4.8046875,-1.0810546875,-4.6845703125
0.273,4.9248046875,-2.2021484375,-3.923828125
0.2735,4.64453125,-3.203125,-2.8828125
0.274,4.32421875,-4.00390625,-1.9619140625
0.2745,4.2041015625,-4.8046875,-1.1611328125
0.275,3.5634765625,-5.205078125,-0.2802734375
0.2755,2.5224609375,-5.525390625,1.12109375
0.276,1.521484375,-5.765625,2.322265625
0.2765,0.560546875,-5.7255859375,3.2431640625
0.277,-0.2802734375,-5.8857421875,4.1240234375
0.2775,-1.1611328125,-5.765625,4.96484375
0.278,-2.2822265625,-5.0048828125,5.4453125
0.2785,-3.4833984375,-3.923828125,5.8056640625
0.279,-4.3642578125,-2.72265625,5.7255859375
0.2795,-4.9248046875,-1.7216796875,5.60546875
0.28,-5.3251953125,-1.0009765625,5.5654296875
0.2805,-5.365234375,0.0,4.9248046875
0.281,-5.4052734375,1.12109375,4.1240234375
0.2815,-5.3251953125,2.2421875,3.1630859375
0.282,-4.96484375,3.1630859375,2.1220703125
0.2825,-4.6845703125,3.923828125,1.28125
0.283,-4.2841796875,4.5244140625,0.400390625
0.2835,-3.4833984375,4.8046875,-0.6806640625
0.284,-2.3623046875,5.0849609375,-2.001953125
0.2845,-1.2412109375,5.0849609375,-3.1630859375
0.285,-0.4404296875,5.0849609375,-3.923828125
0.2855,0.3603515625,5.2451171875,-4.8447265625
0.286,1.361328125,4.8046875,-5.4453125
0.2865,2.642578125,3.763671875,-5.8857421875
0.287,3.7236328125,2.642578125,-6.1259765625
0.2875,4.404296875,1.4814453125,-5.8857421875
0.288,4.884765625,0.6005859375,-5.765625
0.2885,5.0849609375,-0.240234375,-5.4853515625
0.289,5.1650390625,-1.2412109375,-5.0048828125
0.2895,5.0849609375,-2.482421875,-3.8837890625
0.29,4.8447265625,-3.5634765625,-2.7626953125
0.2905,4.484375,-4.32421875,-1.8017578125
0.291,4.2041015625,-5.0849609375,-1.0009765625
0.2915,3.6435546875,-5.525390625,0.0
0.292,2.5625,-5.765625,1.2412109375
0.2925,1.521484375,-6.0458984375,2.5224609375
0.293,0.3203125,-5.8857421875,3.5634765625
0.2935,-0.5205078125,-5.9658203125,4.404296875
0.294,-1.28125,-5.9658203125,5.2451171875
0.2945,-2.3623046875,-5.28515625,5.765625
0.295,-3.7236328125,-4.0439453125,6.1259765625
0.2955,-4.6845703125,-2.802734375,6.1259765625
0.296,-5.2451171875,-1.6416015625,5.8857421875
0.2965,-5.60546875,-0.9609375,5.60546875
0.297,-5.765625,0.1201171875,5.28515625
0.2975,-5.7255859375,1.28125,4.32421875
0.298,-5.6455078125,2.5224609375,3.3232421875
0.2985,-5.205078125,3.5634765625,2.0419921875
0.299,-4.8447265625,4.2841796875,1.12109375
0.2995,-4.484375,4.96484375,0.2802734375
0.3,-3.603515625,5.205078125,-0.80078125
0.3005,-2.2822265625,5.4453125,-2.322265625
0.301,-1.1611328125,5.5654296875,-3.5634765625
0.3015,0.0,5.365234375,-4.4443359375
0.302,0.6806640625,5.4052734375,-5.2451171875
0.3025,1.6015625,5.0849609375,-5.9658203125
0.303,2.8828125,4.0439453125,-6.40625
0.3035,4.1640625,2.72265625,-6.6064453125
0.304,5.0048828125,1.3212890625,-6.40625
0.3045,5.4052734375,0.3603515625,-6.0458984375
0.305,5.685546875,-0.640625,-5.8857421875
0.3055,5.6455078125,-1.681640625,-5.125
0.306,5.4453125,-3.0029296875,-3.84375
0.3065,5.2451171875,-4.1640625,-2.6826171875
0.307,4.724609375,-5.0048828125,-1.521484375
0.3075,4.2841796875,-5.6455078125,-0.6005859375
0.308,3.68359375,-6.166015625,0.4404296875
0.3085,2.5625,-6.3662109375,1.6416015625
0.309,1.1611328125,-6.486328125,3.203125
0.3095,-0.2802734375,-6.2861328125,4.404296875
0.31,-1.041015625,-6.166015625,5.0849609375
0.3105,-1.8017578125,-6.1259765625,5.8056640625
0.311,-2.9228515625,-5.3251953125,6.3662109375
0.3115,-4.32421875,-3.9638671875,6.6865234375
0.312,-5.28515625,-2.6826171875,6.7265625
0.3125,-5.9658203125,-1.4814453125,6.326171875
0.313,-6.166015625,-0.48046875,5.92578125
0.3135,-6.2861328125,0.560546875,5.4853515625
0.314,-6.1259765625,1.7216796875,4.484375
0.3145,-5.845703125,3.0830078125,3.123046875
0.315,-5.4453125,4.1240234375,1.841796875
0.3155,-4.8447265625,4.8046875,0.80078125
0.316,-4.4443359375,5.4052734375,-0.16015625
0.3165,-3.5634765625,5.6455078125,-1.12109375
0.317,-2.2421875,5.765625,-2.5625
0.3175,-1.0009765625,5.8857421875,-3.923828125
0.318,0.3603515625,5.525390625,-4.884765625
0.3185,1.041015625,5.4453125,-5.525390625
0.319,1.8017578125,5.28515625,-6.2861328125
0.3195,2.962890625,4.32421875,-6.6865234375
0.32,4.32421875,2.8427734375,-6.8466796875
0.3205,5.205078125,1.361328125,-6.7666015625
0.321,5.60546875,0.3203125,-6.326171875
0.3215,5.8857421875,-0.640625,-6.0859375
0.322,5.845703125,-1.4814453125,-5.4453125
0.3225,5.7255859375,-2.72265625,-4.3642578125
0.323,5.4453125,-4.00390625,-3.0830078125
0.3235,4.884765625,-4.9248046875,-1.76171875
0.324,4.404296875,-5.60546875,-0.80078125
0.3245,3.9638671875,-6.2060546875,0.16015625
0.325,3.0029296875,-6.3662109375,1.201171875
0.3255,1.5615234375,-6.486328125,2.6826171875
0.326,0.2802734375,-6.4462890625,3.9638671875
0.3265,-0.80078125,-6.24609375,4.8447265625
0.327,-1.521484375,-6.166015625,5.60546875
0.3275,-2.4423828125,-5.8056640625,6.24609375
0.328,-3.68359375,-4.724609375,6.56640625
0.3285,-4.884765625,-3.36328125,6.7666015625
0.329,-5.685546875,-1.9619140625,6.4462890625
0.3295,-6.0859375,-0.9208984375,6.0859375
0.33,-6.2861328125,0.0400390625,5.8056640625
0.3305,-6.166015625,1.041015625,5.044921875
0.331,-5.9658203125,2.3623046875,3.8037109375
0.3315,-5.765625,3.5234375,2.6025390625
0.332,-5.1650390625,4.404296875,1.4013671875
0.3325,-4.724609375,5.0849609375,0.48046875
0.333,-4.1640625,5.525390625,-0.5205078125
0.3335,-3.0830078125,5.685546875,-1.6416015625
0.334,-1.681640625,5.845703125,-3.203125
0.3345,-0.3603515625,5.6455078125,-4.3642578125
0.335,0.6005859375,5.525390625,-5.125
0.3355,1.3212890625,5.4853515625,-5.92578125
0.336,2.3623046875,4.8046875,-6.4462890625
0.3365,3.7236328125,3.5234375,-6.7666015625
0.337,4.8046875,2.2421875,-6.8466796875
0.3375,5.4052734375,0.8408203125,-6.4462890625
0.338,5.7255859375,-0.16015625,-6.166015625
0.3385,6.005859375,-1.041015625,-5.845703125
0.339,5.8056640625,-2.1220703125,-4.9248046875
0.3395,5.60546875,-3.5634765625,-3.5634765625
0.34,5.1650390625,-4.64453125,-2.2822265625
0.3405,4.64453125,-5.4052734375,-1.1611328125
0.341,4.244140625,-6.0458984375,-0.2802734375
0.3415,3.443359375,-6.40625,0.8408203125
0.342,2.1220703125,-6.56640625,2.2421875
0.3425,0.7607421875,-6.6865234375,3.68359375
0.343,-0.640625,-6.3662109375,4.724609375
0.3435,-1.361328125,-6.2861328125,5.4853515625
0.344,-2.162109375,-6.0859375,6.24609375
0.3445,-3.36328125,-5.125,6.646484375
0.345,-4.7646484375,-3.68359375,6.8466796875
0.3455,-5.7255859375,-2.2822265625,6.6865234375
0.346,-6.1259765625,-1.041015625,6.2861328125
0.3465,-6.3662109375,0.0,5.9658203125
0.347,-6.3662109375,0.9208984375,5.28515625
0.3475,-6.166015625,2.2021484375,4.1240234375
0.348,-5.8857421875,3.4833984375,2.8427734375
0.3485,-5.3251953125,4.4443359375,1.521484375
0.349,-4.7646484375,5.044921875,0.5205078125
0.3495,-4.2841796875,5.5654296875,-0.4404296875
0.35,-3.283203125,5.7255859375,-1.44140625
0.3505,-1.841796875,5.845703125,-3.0029296875
0.351,-0.6005859375,5.8056640625,-4.244140625
0.3515,0.6005859375,5.4853515625,-5.044921875
0.352,1.2412109375,5.4453125,-5.765625
0.3525,2.1220703125,5.0849609375,-6.3662109375
0.353,3.3232421875,3.923828125,-6.7265625
0.3535,4.5244140625,2.5224609375,-6.88671875
0.354,5.2451171875,1.1611328125,-6.486328125
0.3545,5.6455078125,0.1201171875,-6.166015625
0.355,5.8857421875,-0.7607421875,-5.92578125
0.3555,5.7255859375,-1.681640625,-5.1650390625
0.356,5.525390625,-2.9228515625,-4.00390625
0.3565,5.2451171875,-4.083984375,-2.8427734375
0.357,4.6845703125,-4.9248046875,-1.6015625
0.3575,4.2841796875,-5.60546875,-0.6806640625
0.358,3.8037109375,-6.1259765625,0.2802734375
0.3585,2.802734375,-6.24609375,1.3212890625
0.359,1.4814453125,-6.40625,2.7626953125
0.3595,0.1201171875,-6.2060546875,3.9638671875
0.36,-0.80078125,-6.1259765625,4.724609375
0.3605,-1.4814453125,-6.166015625,5.525390625
0.361,-2.4423828125,-5.6455078125,6.0859375
0.3615,-3.7236328125,-4.4443359375,6.40625
0.362,-4.8447265625,-3.203125,6.5263671875
0.3625,-5.4453125,-1.8818359375,6.166015625
0.363,-5.845703125,-1.0009765625,5.9658203125
0.3635,-6.1259765625,0.0,5.685546875
0.364,-5.9658203125,0.9609375,4.9248046875
0.3645,-5.8056640625,2.2021484375,3.763671875
0.365,-5.4453125,3.3232421875,2.482421875
0.3655,-5.0048828125,4.1240234375,1.4013671875
0.366,-4.6845703125,4.8046875,0.6005859375
0.3665,-4.00390625,5.2451171875,-0.4404296875
0.367,-2.8828125,5.4052734375,-1.681640625
0.3675,-1.7216796875,5.6455078125,-2.962890625
0.368,-0.4404296875,5.4052734375,-4.0439453125
0.3685,0.3603515625,5.4052734375,-4.8447265625
0.369,1.12109375,5.3251953125,-5.6455078125
0.3695,2.2021484375,4.6044921875,-6.1259765625
0.37,3.5234375,3.36328125,-6.4462890625
0.3705,4.484375,2.0419921875,-6.40625
0.371,5.044921875,0.9609375,-6.1259765625
0.3715,5.4052734375,0.1201171875,-5.9658203125
0.372,5.525390625,-0.8408203125,-5.525390625
0.3725,5.4052734375,-1.9619140625,-4.64453125
0.373,5.2451171875,-3.0830078125,-3.5634765625
0.3735,4.8046875,-4.1240234375,-2.322265625
0.374,4.404296875,-4.8447265625,-1.3212890625
0.3745,4.1240234375,-5.525390625,-0.560546875
0.375,3.3232421875,-5.8056640625,0.48046875
0.3755,2.162109375,-6.0458984375,1.841796875
0.376,0.9208984375,-6.0859375,3.123046875
0.3765,-0.2001953125,-5.92578125,3.9638671875
0.377,-0.880859375,-6.0458984375,4.8046875
0.3775,-1.681640625,-5.8056640625,5.4853515625
0.378,-2.802734375,-4.96484375,5.8857421875
0.3785,-3.9638671875,-3.8037109375,6.166015625
0.379,-4.8046875,-2.482421875,5.9658203125
0.3795,-5.28515625,-1.4814453125,5.7255859375
0.38,-5.6455078125,-0.720703125,5.60546875
0.3805,-5.6455078125,0.240234375,5.0849609375
0.381,-5.4853515625,1.3212890625,4.1240234375
0.3815,-5.4052734375,2.40234375,3.1630859375
0.382,-4.96484375,3.2431640625,2.08203125
0.3825,-4.64453125,4.00390625,1.201171875
0.383,-4.2841796875,4.6044921875,0.4404296875
0.3835,-3.5234375,4.884765625,-0.640625
0.384,-2.4423828125,5.125,-1.921875
0.3845,-1.28125,5.0849609375,-3.04296875
0.385,-0.48046875,5.0849609375,-3.84375
0.3855,0.3203125,5.2451171875,-4.724609375
0.386,1.201171875,4.9248046875,-5.365234375
0.3865,2.3623046875,3.9638671875,-5.765625
0.387,3.4033203125,3.0029296875,-6.005859375
0.3875,4.1240234375,1.841796875,-5.8056640625
0.388,4.6845703125,0.9609375,-5.765625
0.3885,5.044921875,0.2001953125,-5.685546875
0.389,5.0849609375,-0.720703125,-5.1650390625
0.3895,5.044921875,-1.8818359375,-4.2841796875
0.39,4.8046875,-2.8828125,-3.2431640625
0.3905,4.484375,-3.763671875,-2.2822265625
0.391,4.32421875,-4.564453125,-1.4814453125
0.3915,3.8837890625,-5.125,-0.6005859375
0.392,3.04296875,-5.4453125,0.560546875
0.3925,2.0419921875,-5.765625,1.76171875
0.393,0.9208984375,-5.7255859375,2.802734375
0.3935,0.16015625,-5.845703125,3.68359375
0.394,-0.640625,-5.92578125,4.6044921875
0.3945,-1.6015625,-5.4853515625,5.1650390625
0.395,-2.8427734375,-4.5244140625,5.60546875
0.3955,-3.84375,-3.4033203125,5.7255859375
0.396,-4.484375,-2.322265625,5.5654296875
0.3965,-5.0048828125,-1.6015625,5.60546875
0.397,-5.28515625,-0.80078125,5.3251953125
0.3975,-5.3251953125,0.240234375,4.724609375
0.398,-5.3251953125,1.28125,3.9638671875
0.3985,-5.0048828125,2.2822265625,2.8427734375
0.399,-4.7646484375,3.123046875,1.921875
0.3995,-4.564453125,3.8837890625,1.201171875
0.4,-4.0439453125,4.32421875,0.3203125
0.4005,-3.0830078125,4.6845703125,-0.9609375
0.401,-2.162109375,4.884765625,-2.08203125
0.4015,-1.2412109375,4.884765625,-3.0029296875
0.402,-0.5205078125,5.0849609375,-3.923828125
0.4025,0.400390625,5.0849609375,-4.724609375
0.403,1.44140625,4.484375,-5.28515625
0.4035,2.6025390625,3.5234375,-5.685546875
0.404,3.5234375,2.3623046875,-5.6455078125
0.4045,4.1240234375,1.44140625,-5.6455078125
0.405,4.64453125,0.7607421875,-5.6455078125
0.4055,4.8046875,0.0,-5.3251953125
0.406,4.8046875,-1.1611328125,-4.6044921875
0.4065,4.8447265625,-2.2021484375,-3.8037109375
0.407,4.5244140625,-3.1630859375,-2.7626953125
0.4075,4.32421875,-4.00390625,-1.921875
0.408,4.1240234375,-4.7646484375,-1.12109375
0.4085,3.4833984375,-5.1650390625,-0.2001953125
0.409,2.5224609375,-5.525390625,1.12109375
0.4095,1.4013671875,-5.6455078125,2.2822265625
0.41,0.6005859375,-5.7255859375,3.1630859375
0.4105,-0.240234375,-5.92578125,4.1240234375
0.411,-1.12109375,-5.6455078125,4.8447265625
0.4115,-2.2822265625,-4.8046875,5.365234375
0.412,-3.36328125,-3.8837890625,5.685546875
0.4125,-4.1640625,-2.6826171875,5.525390625
0.413,-4.7646484375,-1.841796875,5.4853515625
0.4135,-5.125,-1.0810546875,5.4453125
0.414,-5.28515625,-0.240234375,4.96484375
0.4145,-5.2451171875,0.9609375,4.1240234375
0.415,-5.125,2.0419921875,3.1630859375
0.4155,-4.8447265625,2.8427734375,2.2421875
0.416,-4.64453125,3.68359375,1.4013671875
0.4165,-4.2041015625,4.244140625,0.560546875
0.417,-3.36328125,4.5244140625,-0.640625
0.4175,-2.482421875,4.9248046875,-1.8017578125
0.418,-1.361328125,4.9248046875,-2.8427734375
0.4185,-0.640625,5.0849609375,-3.7236328125
0.419,0.2001953125,5.205078125,-4.64453125
0.4195,1.201171875,4.724609375,-5.205078125
0.42,2.482421875,3.68359375,-5.6455078125
0.4205,3.4833984375,2.5625,-5.765625
0.421,4.1240234375,1.5615234375,-5.6455078125
0.4215,4.6044921875,0.7607421875,-5.685546875
0.422,4.8447265625,0.0400390625,-5.4453125
0.4225,4.9248046875,-1.041015625,-4.8046875
0.423,4.9248046875,-2.2021484375,-3.8837890625
0.4235,4.6044921875,-3.203125,-2.8427734375
0.424,4.32421875,-4.00390625,-1.921875
0.4245,4.1640625,-4.7646484375,-1.1611328125
0.425,3.5634765625,-5.205078125,-0.2802734375
0.4255,2.5625,-5.5654296875,1.0810546875
0.426,1.521484375,-5.7255859375,2.2421875
0.4265,0.560546875,-5.685546875,3.203125
0.427,-0.240234375,-5.845703125,4.1240234375
0.4275,-1.0810546875,-5.765625,4.9248046875
0.428,-2.2021484375,-5.044921875,5.4453125
0.4285,-3.4033203125,-3.9638671875,5.765625
0.429,-4.2841796875,-2.7626953125,5.7255859375
0.4295,-4.8447265625,-1.8017578125,5.5654296875
0.43,-5.28515625,-1.041015625,5.525390625
0.4305,-5.3251953125,-0.2001953125,5.044921875
0.431,-5.3251953125,1.0009765625,4.2041015625
0.4315,-5.28515625,2.1220703125,3.2431640625
0.432,-4.884765625,3.0029296875,2.2421875
0.4325,-4.64453125,3.763671875,1.3212890625
0.433,-4.32421875,4.3642578125,0.560546875
0.4335,-3.5634765625,4.6845703125,-0.560546875
0.434,-2.5224609375,5.044921875,-1.841796875
0.4345,-1.3212890625,5.044921875,-2.962890625
0.435,-0.6005859375,5.0849609375,-3.8037109375
0.4355,0.2802734375,5.2451171875,-4.6845703125
0.436,1.2412109375,4.8046875,-5.3251953125
0.4365,2.482421875,3.84375,-5.8056640625
0.437,3.603515625,2.7626953125,-6.0458984375
0.4375,4.2841796875,1.5615234375,-5.845703125
0.438,4.7646484375,0.720703125,-5.765625
0.4385,5.125,-0.16015625,-5.6455078125
0.439,5.125,-1.12109375,-5.0048828125
0.4395,5.0849609375,-2.322265625,-3.9638671875
0.44,4.8046875,-3.4033203125,-2.8828125
0.4405,4.484375,-4.2041015625,-1.8818359375
0.441,4.2041015625,-5.0048828125,-1.0810546875
0.4415,3.68359375,-5.4453125,-0.16015625
0.442,2.642578125,-5.7255859375,1.1611328125
0.4425,1.5615234375,-5.92578125,2.4423828125
0.443,0.400390625,-5.845703125,3.4833984375
0.4435,-0.4404296875,-5.92578125,4.32421875
0.444,-1.201171875,-5.92578125,5.125
0.4445,-2.2822265625,-5.2451171875,5.6455078125
0.445,-3.5634765625,-4.0439453125,6.0458984375
0.4455,-4.564453125,-2.802734375,6.0458984375
0.446,-5.125,-1.7216796875,5.765625
0.4465,-5.525390625,-0.9609375,5.685546875
0.447,-5.685546875,0.0400390625,5.2451171875
0.4475,-5.6455078125,1.201171875,4.32421875
0.448,-5.525390625,2.40234375,3.3232421875
0.4485,-5.125,3.4033203125,2.1220703125
0.449,-4.7646484375,4.083984375,1.1611328125
0.4495,-4.4443359375,4.7646484375,0.3603515625
0.45,-3.6435546875,5.044921875,-0.6806640625
0.4505,-2.3623046875,5.3251953125,-2.162109375
0.451,-1.2412109375,5.4052734375,-3.4033203125
0.4515,-0.2802734375,5.28515625,-4.244140625
0.452,0.560546875,5.365234375,-5.0849609375
0.4525,1.4814453125,5.0849609375,-5.765625
0.453,2.6826171875,4.083984375,-6.2060546875
0.4535,3.9638671875,2.802734375,-6.486328125
0.454,4.8046875,1.44140625,-6.2861328125
0.4545,5.2451171875,0.48046875,-6.005859375
0.455,5.525390625,-0.4404296875,-5.8056640625
0.4555,5.4853515625,-1.44140625,-5.125
0.456,5.4052734375,-2.802734375,-3.923828125
0.4565,5.205078125,-3.9638671875,-2.802734375
0.457,4.6845703125,-4.8046875,-1.6416015625
0.4575,4.2841796875,-5.4853515625,-0.80078125
0.458,3.763671875,-5.9658203125,0.2802734375
0.4585,2.6826171875,-6.1259765625,1.4013671875
0.459,1.3212890625,-6.3662109375,2.9228515625
0.4595,0.0400390625,-6.2060546875,4.1240234375
0.46,-0.8408203125,-6.1259765625,4.8447265625
0.4605,-1.5615234375,-6.0859375,5.60546875
0.461,-2.72265625,-5.3251953125,6.2060546875
0.4615,-4.083984375,-4.0439453125,6.5263671875
0.462,-5.125,-2.802734375,6.56640625
0.4625,-5.7255859375,-1.4814453125,6.2060546875
0.463,-6.005859375,-0.6005859375,5.8857421875
0.4635,-6.166015625,0.48046875,5.4453125
0.464,-6.005859375,1.5615234375,4.484375
0.4645,-5.8056640625,2.8828125,3.2431640625
0.465,-5.4453125,3.9638671875,1.921875
0.4655,-4.8447265625,4.6044921875,0.9609375
0.466,-4.484375,5.205078125,0.080078125
0.4665,-3.6435546875,5.525390625,-1.0009765625
0.467,-2.2822265625,5.6455078125,-2.40234375
0.4675,-1.0810546875,5.765625,-3.763671875
0.468,0.2802734375,5.4853515625,-4.7646484375
0.4685,0.9208984375,5.4052734375,-5.4453125
0.469,1.7216796875,5.2451171875,-6.166015625
0.4695,2.8828125,4.2841796875,-6.56640625
0.47,4.2841796875,2.8427734375,-6.806640625
0.4705,5.125,1.521484375,-6.646484375
0.471,5.5654296875,0.4404296875,-6.2861328125
0.4715,5.8056640625,-0.560546875,-6.0458984375
0.472,5.845703125,-1.521484375,-5.4052734375
0.4725,5.6455078125,-2.72265625,-4.244140625
0.473,5.4052734375,-4.0439453125,-3.0830078125
0.4735,4.8447265625,-5.0048828125,-1.7216796875
0.474,4.32421875,-5.6455078125,-0.7607421875
0.4745,3.923828125,-6.166015625,0.2001953125
0.475,2.962890625,-6.3662109375,1.28125
0.4755,1.521484375,-6.486328125,2.8427734375
0.476,0.2001953125,-6.4462890625,4.1240234375
0.4765,-0.9208984375,-6.24609375,4.884765625
0.477,-1.6015625,-6.166015625,5.60546875
0.4775,-2.5224609375,-5.7255859375,6.2861328125
0.478,-3.8037109375,-4.564453125,6.6064453125
0.4785,-5.0048828125,-3.2431640625,6.7666015625
0.479,-5.765625,-1.8017578125,6.4462890625
0.4795,-6.1259765625,-0.80078125,6.0859375
0.48,-6.2861328125,0.2001953125,5.765625
0.4805,-6.166015625,1.201171875,4.96484375
0.481,-5.9658203125,2.5224609375,3.6435546875
0.4815,-5.7255859375,3.6435546875,2.482421875
0.482,-5.125,4.484375,1.28125
0.4825,-4.6044921875,5.1650390625,0.3203125
0.483,-4.0439453125,5.5654296875,-0.640625
0.4835,-2.9228515625,5.7255859375,-1.8017578125
0.484,-1.5615234375,5.845703125,-3.283203125
0.4845,-0.2001953125,5.6455078125,-4.484375
0.485,0.6806640625,5.525390625,-5.205078125
0.4855,1.4013671875,5.4453125,-5.9658203125
0.486,2.482421875,4.724609375,-6.486328125
0.4865,3.84375,3.36328125,-6.7666015625
0.487,4.884765625,2.1220703125,-6.88671875
0.4875,5.4853515625,0.80078125,-6.4462890625
0.488,5.8056640625,-0.2802734375,-6.166015625
0.4885,5.9658203125,-1.1611328125,-5.765625
0.489,5.8056640625,-2.2421875,-4.884765625
0.4895,5.5654296875,-3.6435546875,-3.5634765625
0.49,5.125,-4.724609375,-2.2021484375
0.4905,4.6044921875,-5.4453125,-1.12109375
0.491,4.2041015625,-6.0859375,-0.240234375
0.4915,3.36328125,-6.40625,0.880859375
0.492,2.0419921875,-6.5263671875,2.2822265625
0.4925,0.720703125,-6.646484375,3.7236328125
0.493,-0.640625,-6.3662109375,4.7646484375
0.4935,-1.361328125,-6.24609375,5.4453125
0.494,-2.2021484375,-6.0458984375,6.2060546875
0.4945,-3.36328125,-5.125,6.646484375
0.495,-4.8046875,-3.603515625,6.88671875
0.4955,-5.7255859375,-2.2421875,6.6865234375
0.496,-6.1259765625,-1.041015625,6.24609375
0.4965,-6.40625,0.0,5.9658203125
0.497,-6.3662109375,0.9208984375,5.28515625
0.4975,-6.166015625,2.2021484375,4.1240234375
0.498,-5.92578125,3.5234375,2.8427734375
0.4985,-5.3251953125,4.484375,1.521484375
0.499,-4.7646484375,5.0849609375,0.48046875
0.4995,-4.32421875,5.60546875,-0.48046875
0.5,-3.2431640625,5.765625,-1.521484375
0.5005,-1.8017578125,5.8857421875,-3.123046875
0.501,-0.5205078125,5.845703125,-4.3642578125
0.5015,0.6005859375,5.5654296875,-5.125
0.502,1.28125,5.4853515625,-5.845703125
0.5025,2.2421875,5.0048828125,-6.4462890625
0.503,3.4833984375,3.84375,-6.806640625
0.5035,4.724609375,2.4423828125,-6.9267578125
0.504,5.4453125,1.041015625,-6.56640625
0.5045,5.7255859375,0.0,-6.2060546875
0.505,5.9658203125,-1.0009765625,-5.92578125
0.5055,5.8056640625,-1.9619140625,-5.0849609375
0.506,5.525390625,-3.2431640625,-3.84375
0.5065,5.28515625,-4.3642578125,-2.642578125
0.507,4.64453125,-5.125,-1.4013671875
0.5075,4.2041015625,-5.765625,-0.5205078125
0.508,3.68359375,-6.24609375,0.48046875
0.5085,2.6025390625,-6.3662109375,1.5615234375
0.509,1.2412109375,-6.4462890625,3.04296875
0.5095,-0.2001953125,-6.2861328125,4.2041015625
0.51,-1.041015625,-6.1259765625,4.96484375
0.5105,-1.681640625,-6.1259765625,5.7255859375
0.511,-2.6826171875,-5.4453125,6.2060546875
0.5115,-4.00390625,-4.2041015625,6.5263671875
0.512,-5.0048828125,-3.0029296875,6.56640625
0.5125,-5.6455078125,-1.6416015625,6.2060546875
0.513,-5.92578125,-0.80078125,5.92578125
0.5135,-6.1259765625,0.16015625,5.60546875
0.514,-6.0458984375,1.12109375,4.7646484375
0.5145,-5.765625,2.40234375,3.5634765625
0.515,-5.4453125,3.5234375,2.3623046875
0.5155,-4.9248046875,4.2041015625,1.28125
0.516,-4.6044921875,4.9248046875,0.4404296875
0.5165,-3.8837890625,5.28515625,-0.560546875
0.517,-2.72265625,5.4853515625,-1.8017578125
0.5175,-1.6015625,5.6455078125,-3.1630859375
0.518,-0.3203125,5.4052734375,-4.1640625
0.5185,0.48046875,5.4052734375,-4.96484375
0.519,1.2412109375,5.4052734375,-5.765625
0.5195,2.2421875,4.6044921875,-6.166015625
0.52,3.603515625,3.3232421875,-6.486328125
0.5205,4.5244140625,2.0419921875,-6.40625
0.521,5.0849609375,0.880859375,-6.1259765625
0.5215,5.4453125,0.0400390625,-6.005859375
0.522,5.5654296875,-0.9208984375,-5.5654296875
0.5225,5.4853515625,-1.9619140625,-4.64453125
0.523,5.3251953125,-3.1630859375,-3.5634765625
0.5235,4.8447265625,-4.1640625,-2.322265625
0.524,4.4443359375,-4.884765625,-1.3212890625
0.5245,4.1240234375,-5.5654296875,-0.5205078125
0.525,3.3232421875,-5.845703125,0.5205078125
0.5255,2.162109375,-6.0859375,1.921875
0.526,0.9208984375,-6.1259765625,3.1630859375
0.5265,-0.2001953125,-5.9658203125,4.00390625
0.527,-0.9208984375,-6.0458984375,4.8447265625
0.5275,-1.76171875,-5.8056640625,5.5654296875
0.528,-2.8828125,-4.9248046875,5.9658203125
0.5285,-4.0439453125,-3.7236328125,6.24609375
0.529,-4.8447265625,-2.4423828125,6.005859375
0.5295,-5.3251953125,-1.4814453125,5.765625
0.53,-5.7255859375,-0.6806640625,5.6455078125
0.5305,-5.7255859375,0.2802734375,5.0849609375
0.531,-5.60546875,1.44140625,4.1240234375
0.5315,-5.4453125,2.5625,3.0830078125
0.532,-5.0048828125,3.4033203125,1.9619140625
0.5325,-4.64453125,4.1240234375,1.12109375
0.533,-4.2841796875,4.7646484375,0.2802734375
0.5335,-3.4033203125,4.96484375,-0.80078125
0.534,-2.322265625,5.2451171875,-2.08203125
0.5345,-1.1611328125,5.1650390625,-3.203125
0.535,-0.3203125,5.125,-4.0439453125
0.5355,0.48046875,5.28515625,-4.884765625
0.536,1.361328125,4.9248046875,-5.525390625
0.5365,2.5625,3.923828125,-5.92578125
0.537,3.603515625,2.802734375,-6.1259765625
0.5375,4.32421875,1.6015625,-5.92578125
0.538,4.8046875,0.6806640625,-5.845703125
0.5385,5.205078125,0.0,-5.7255859375
0.539,5.1650390625,-1.0009765625,-5.125
0.5395,5.0849609375,-2.08203125,-4.1640625
0.54,4.8447265625,-3.203125,-3.0830078125
0.5405,4.484375,-4.00390625,-2.08203125
0.541,4.32421875,-4.8046875,-1.28125
0.5415,3.8037109375,-5.3251953125,-0.400390625
0.542,2.8828125,-5.6455078125,0.80078125
0.5425,1.841796875,-5.845703125,2.0419921875
0.543,0.6806640625,-5.765625,3.123046875
0.5435,-0.2001953125,-5.845703125,3.9638671875
0.544,-0.9208984375,-5.92578125,4.8447265625
0.5445,-1.8818359375,-5.4052734375,5.4052734375
0.545,-3.1630859375,-4.404296875,5.765625
0.5455,-4.1240234375,-3.203125,5.845703125
0.546,-4.7646484375,-2.162109375,5.6455078125
0.5465,-5.205078125,-1.3212890625,5.60546875
0.547,-5.4453125,-0.560546875,5.3251953125
0.5475,-5.4453125,0.560546875,4.6044921875
0.548,-5.4052734375,1.5615234375,3.7236328125
0.5485,-5.044921875,2.6025390625,2.642578125
0.549,-4.724609375,3.4033203125,1.76171875
0.5495,-4.5244140625,4.1240234375,0.9609375
0.55,-3.923828125,4.484375,0.1201171875
0.5505,-2.8828125,4.8046875,-1.2412109375
0.551,-1.8818359375,5.0048828125,-2.40234375
0.5515,-1.0009765625,4.96484375,-3.2431640625
0.552,-0.2802734375,5.125,-4.1640625
0.5525,0.640625,5.0849609375,-4.96484375
0.553,1.7216796875,4.32421875,-5.4453125
0.5535,2.8427734375,3.36328125,-5.8056640625
0.554,3.68359375,2.2021484375,-5.765625
0.5545,4.2841796875,1.3212890625,-5.6455078125
0.555,4.724609375,0.6005859375,-5.685546875
0.5555,4.8447265625,-0.2802734375,-5.28515625
0.556,4.8447265625,-1.3212890625,-4.5244140625
0.5565,4.8046875,-2.3623046875,-3.68359375
0.557,4.484375,-3.2431640625,-2.6826171875
0.5575,4.32421875,-4.083984375,-1.8017578125
0.558,4.083984375,-4.8046875,-1.041015625
0.5585,3.4033203125,-5.1650390625,0.0
0.559,2.5224609375,-5.525390625,1.1611328125
0.5595,1.3212890625,-5.5654296875,2.322265625
0.56,0.6005859375,-5.685546875,3.1630859375
0.5605,-0.2802734375,-5.92578125,4.1240234375
0.561,-1.1611328125,-5.685546875,4.8447265625
0.5615,-2.322265625,-4.8447265625,5.3251953125
0.562,-3.4033203125,-3.923828125,5.60546875
0.5625,-4.1640625,-2.72265625,5.525390625
0.563,-4.724609375,-1.8818359375,5.525390625
0.5635,-5.1650390625,-1.1611328125,5.4453125
0.564,-5.205078125,-0.3203125,5.0048828125
0.5645,-5.28515625,0.80078125,4.2041015625
0.565,-5.125,1.921875,3.2431640625
0.5655,-4.8447265625,2.72265625,2.3623046875
0.566,-4.6845703125,3.5634765625,1.521484375
0.5665,-4.244140625,4.1240234375,0.6806640625
0.567,-3.443359375,4.484375,-0.5205078125
0.5675,-2.6025390625,4.884765625,-1.6416015625
0.568,-1.4814453125,4.884765625,-2.6826171875
0.5685,-0.80078125,5.0849609375,-3.5634765625
0.569,0.080078125,5.1650390625,-4.5244140625
0.5695,1.0810546875,4.724609375,-5.125
0.57,2.322265625,3.763671875,-5.6455078125
0.5705,3.3232421875,2.6826171875,-5.7255859375
0.571,3.9638671875,1.76171875,-5.6455078125
0.5715,4.5244140625,0.9609375,-5.7255859375
0.572,4.8046875,0.16015625,-5.4453125
0.5725,4.8447265625,-0.880859375,-4.8447265625
0.573,4.9248046875,-1.9619140625,-4.0439453125
0.5735,4.6044921875,-3.04296875,-2.962890625
0.574,4.3642578125,-3.84375,-2.08203125
0.5745,4.244140625,-4.64453125,-1.28125
0.575,3.68359375,-5.125,-0.400390625
0.5755,2.6826171875,-5.4453125,0.9609375
0.576,1.6416015625,-5.685546875,2.1220703125
0.5765,0.720703125,-5.7255859375,3.04296875
0.577,0.0,-5.92578125,3.9638671875
0.5775,-0.9609375,-5.8056640625,4.8046875
0.578,-2.08203125,-5.125,5.3251953125
0.5785,-3.2431640625,-4.0439453125,5.7255859375
0.579,-4.1640625,-2.8427734375,5.60546875
0.5795,-4.7646484375,-1.921875,5.5654296875
0.58,-5.205078125,-1.1611328125,5.525390625
0.5805,-5.3251953125,-0.3203125,5.0849609375
0.581,-5.28515625,0.9208984375,4.2041015625
0.5815,-5.28515625,2.001953125,3.3232421875
0.582,-4.9248046875,2.9228515625,2.2822265625
0.5825,-4.6845703125,3.68359375,1.4013671875
0.583,-4.3642578125,4.32421875,0.6005859375
0.5835,-3.5634765625,4.64453125,-0.48046875
0.584,-2.5625,5.0048828125,-1.76171875
0.5845,-1.4013671875,5.044921875,-2.8828125
0.585,-0.640625,5.0849609375,-3.7236328125
0.5855,0.16015625,5.205078125,-4.64453125
0.586,1.12109375,4.8046875,-5.3251953125
0.5865,2.4423828125,3.84375,-5.765625
0.587,3.5234375,2.7626953125,-6.005859375
0.5875,4.2041015625,1.6015625,-5.8056640625
0.588,4.724609375,0.7607421875,-5.765625
0.5885,5.0849609375,0.0,-5.60546875
0.589,5.0849609375,-1.0009765625,-5.0048828125
0.5895,5.044921875,-2.2421875,-3.9638671875
0.59,4.8046875,-3.283203125,-2.9228515625
0.5905,4.484375,-4.083984375,-1.9619140625
0.591,4.2841796875,-4.884765625,-1.1611328125
0.5915,3.68359375,-5.3251953125,-0.2802734375
0.592,2.6826171875,-5.6455078125,1.041015625
0.5925,1.6015625,-5.92578125,2.322265625
0.593,0.48046875,-5.845703125,3.3232421875
0.5935,-0.3203125,-5.92578125,4.1640625
0.594,-1.12109375,-5.9658203125,5.0048828125
0.5945,-2.1220703125,-5.2451171875,5.5654296875
0.595,-3.4833984375,-4.0439453125,5.92578125
0.5955,-4.4443359375,-2.8828125,5.92578125
0.596,-5.0048828125,-1.8017578125,5.7255859375
0.5965,-5.4453125,-1.0009765625,5.6455078125
0.597,-5.5654296875,0.0,5.1650390625
0.5975,-5.525390625,1.0009765625,4.3642578125
0.598,-5.4853515625,2.2021484375,3.4033203125
0.5985,-5.0849609375,3.1630859375,2.2421875
0.599,-4.7646484375,3.8837890625,1.3212890625
0.5995,-4.4443359375,4.6044921875,0.560546875
0.6,-3.68359375,4.884765625,-0.5205078125
0.6005,-2.482421875,5.1650390625,-1.921875
0.601,-1.4013671875,5.28515625,-3.1630859375
0.6015,-0.4404296875,5.205078125,-4.00390625
0.602,0.3203125,5.28515625,-4.8447265625
0.6025,1.28125,5.044921875,-5.5654296875
0.603,2.482421875,4.1240234375,-6.0458984375
0.6035,3.763671875,2.9228515625,-6.3662109375
0.604,4.6044921875,1.5615234375,-6.166015625
0.6045,5.0849609375,0.640625,-5.92578125
0.605,5.4052734375,-0.2802734375,-5.845703125
0.6055,5.4052734375,-1.2412109375,-5.1650390625
0.606,5.3251953125,-2.5625,-4.00390625
0.6065,5.1650390625,-3.7236328125,-2.962890625
0.607,4.724609375,-4.6044921875,-1.8017578125
0.6075,4.3642578125,-5.28515625,-0.9609375
0.608,3.84375,-5.845703125,0.080078125
0.6085,2.802734375,-6.0859375,1.28125
0.609,1.44140625,-6.3662109375,2.802734375
0.6095,0.16015625,-6.2060546875,3.9638671875
0.61,-0.7607421875,-6.166015625,4.724609375
0.6105,-1.4814453125,-6.1259765625,5.525390625
0.611,-2.6025390625,-5.365234375,6.0859375
0.6115,-4.00390625,-4.0439453125,6.4462890625
0.612,-5.0849609375,-2.802734375,6.56640625
0.6125,-5.6455078125,-1.521484375,6.2060546875
0.613,-5.9658203125,-0.640625,5.8857421875
0.6135,-6.1259765625,0.4404296875,5.4052734375
0.614,-6.005859375,1.5615234375,4.484375
0.6145,-5.765625,2.9228515625,3.1630859375
0.615,-5.4052734375,4.00390625,1.921875
0.6155,-4.884765625,4.64453125,0.9208984375
0.616,-4.4443359375,5.2451171875,0.0400390625
0.6165,-3.5634765625,5.4853515625,-1.041015625
0.617,-2.2421875,5.60546875,-2.5224609375
0.6175,-1.0009765625,5.7255859375,-3.8837890625
0.618,0.2802734375,5.4453125,-4.8447265625
0.6185,0.9609375,5.4052734375,-5.4453125
0.619,1.76171875,5.205078125,-6.166015625
0.6195,2.962890625,4.2041015625,-6.56640625
0.62,4.32421875,2.72265625,-6.806640625
0.6205,5.205078125,1.4013671875,-6.646484375
0.621,5.5654296875,0.2802734375,-6.24609375
0.6215,5.8056640625,-0.640625,-5.9658203125
0.622,5.8056640625,-1.6015625,-5.28515625
0.6225,5.6455078125,-2.8427734375,-4.1640625
0.623,5.4052734375,-4.083984375,-2.9228515625
0.6235,4.8046875,-5.0048828125,-1.6416015625
0.624,4.32421875,-5.6455078125,-0.6806640625
0.6245,3.84375,-6.166015625,0.2802734375
0.625,2.8828125,-6.40625,1.28125
0.6255,1.44140625,-6.5263671875,2.8427734375
0.626,0.1201171875,-6.486328125,4.1240234375
0.6265,-0.9609375,-6.166015625,4.9248046875
0.627,-1.6015625,-6.1259765625,5.60546875
0.6275,-2.5224609375,-5.685546875,6.24609375
0.628,-3.8037109375,-4.5244140625,6.56640625
0.6285,-5.0048828125,-3.203125,6.7265625
0.629,-5.7255859375,-1.8017578125,6.40625
0.6295,-6.0859375,-0.80078125,6.0859375
0.63,-6.2861328125,0.16015625,5.7255859375
0.6305,-6.1259765625,1.1611328125,4.9248046875
0.631,-5.92578125,2.482421875,3.6435546875
0.6315,-5.6455078125,3.6435546875,2.4423828125
0.632,-5.0849609375,4.4443359375,1.28125
0.6325,-4.64453125,5.044921875,0.3603515625
0.633,-4.0439453125,5.4453125,-0.6005859375
0.6335,-2.9228515625,5.5654296875,-1.76171875
0.634,-1.6015625,5.7255859375,-3.2431640625
0.6345,-0.2802734375,5.5654296875,-4.3642578125
0.635,0.6005859375,5.4853515625,-5.125
0.6355,1.28125,5.4052734375,-5.845703125
0.636,2.3623046875,4.724609375,-6.3662109375
0.6365,3.763671875,3.443359375,-6.6865234375
0.637,4.8046875,2.1220703125,-6.7666015625
0.6375,5.365234375,0.880859375,-6.40625
0.638,5.7255859375,-0.16015625,-6.1259765625
0.6385,5.8857421875,-1.041015625,-5.765625
0.639,5.7255859375,-2.08203125,-4.8447265625
0.6395,5.525390625,-3.4033203125,-3.5634765625
0.64,5.0849609375,-4.564453125,-2.2822265625
0.6405,4.6044921875,-5.28515625,-1.201171875
0.641,4.2041015625,-5.92578125,-0.3603515625
0.6415,3.4033203125,-6.2861328125,0.720703125
0.642,2.08203125,-6.486328125,2.1220703125
0.6425,0.80078125,-6.56640625,3.5634765625
0.643,-0.5205078125,-6.2861328125,4.6044921875
0.6435,-1.28125,-6.2060546875,5.3251953125
0.644,-2.0419921875,-6.0458984375,6.0458984375
0.6445,-3.203125,-5.0849609375,6.486328125
0.645,-4.64453125,-3.6435546875,6.7265625
0.6455,-5.5654296875,-2.2822265625,6.6064453125
0.646,-5.9658203125,-1.12109375,6.2060546875
0.6465,-6.2861328125,-0.2802734375,5.92578125
0.647,-6.24609375,0.8408203125,5.2451171875
0.6475,-6.0859375,2.08203125,4.1240234375
0.648,-5.845703125,3.36328125,2.9228515625
0.6485,-5.3251953125,4.32421875,1.5615234375
0.649,-4.8046875,4.96484375,0.560546875
0.6495,-4.32421875,5.4853515625,-0.3603515625
0.65,-3.36328125,5.685546875,-1.44140625
0.6505,-1.8818359375,5.845703125,-3.04296875
0.651,-0.6005859375,5.8056640625,-4.32421875
0.6515,0.5205078125,5.5654296875,-5.0849609375
0.652,1.2412109375,5.4853515625,-5.8056640625
0.6525,2.162109375,5.0048828125,-6.40625
0.653,3.443359375,3.84375,-6.7265625
0.6535,4.6845703125,2.482421875,-6.9267578125
0.654,5.4052734375,1.0009765625,-6.56640625
0.6545,5.7255859375,0.0,-6.166015625
0.655,5.92578125,-0.9208984375,-5.8857421875
0.6555,5.8056640625,-1.921875,-5.0849609375
0.656,5.5654296875,-3.2431640625,-3.8037109375
0.6565,5.2451171875,-4.404296875,-2.5625
0.657,4.64453125,-5.205078125,-1.361328125
0.6575,4.2041015625,-5.845703125,-0.4404296875
0.658,3.603515625,-6.2861328125,0.5205078125
0.6585,2.5224609375,-6.3662109375,1.681640625
0.659,1.12109375,-6.486328125,3.1630859375
0.6595,-0.3203125,-6.2861328125,4.32421875
0.66,-1.12109375,-6.1259765625,5.044921875
0.6605,-1.76171875,-6.1259765625,5.7255859375
0.661,-2.7626953125,-5.4453125,6.24609375
0.6615,-4.1240234375,-4.1240234375,6.5263671875
0.662,-5.125,-2.8828125,6.6064453125
0.6625,-5.685546875,-1.6015625,6.2060546875
0.663,-6.005859375,-0.640625,5.8857421875
0.6635,-6.1259765625,0.2802734375,5.525390625
0.664,-5.9658203125,1.28125,4.6845703125
0.6645,-5.765625,2.5224609375,3.4833984375
0.665,-5.4052734375,3.603515625,2.2021484375
0.6655,-4.8447265625,4.32421875,1.201171875
0.666,-4.564453125,4.9248046875,0.3203125
0.6665,-3.84375,5.28515625,-0.640625
0.667,-2.642578125,5.4853515625,-1.921875
0.6675,-1.4814453125,5.685546875,-3.203125
0.668,-0.240234375,5.4052734375,-4.244140625
0.6685,0.6005859375,5.4052734375,-5.0048828125
0.669,1.28125,5.365234375,-5.765625
0.6695,2.3623046875,4.6044921875,-6.24609375
0.67,3.68359375,3.2431640625,-6.486328125
0.6705,4.64453125,1.9619140625,-6.4462890625
0.671,5.1650390625,0.8408203125,-6.166015625
0.6715,5.5654296875,0.0400390625,-6.0859375
0.672,5.60546875,-0.9609375,-5.525390625
0.6725,5.4853515625,-2.08203125,-4.6044921875
0.673,5.365234375,-3.3232421875,-3.5234375
0.6735,4.884765625,-4.3642578125,-2.2021484375
0.674,4.4443359375,-5.125,-1.28125
0.6745,4.1240234375,-5.7255859375,-0.4404296875
0.675,3.3232421875,-5.92578125,0.640625
0.6755,2.0419921875,-6.166015625,2.08203125
0.676,0.7607421875,-6.24609375,3.36328125
0.6765,-0.3603515625,-6.0458984375,4.244140625
0.677,-1.041015625,-6.0859375,5.044921875
0.6775,-1.8818359375,-5.765625,5.7255859375
0.678,-3.0830078125,-4.8447265625,6.1259765625
0.6785,-4.32421875,-3.603515625,6.3662109375
0.679,-5.125,-2.2421875,6.0859375
0.6795,-5.525390625,-1.2412109375,5.845703125
0.68,-5.845703125,-0.48046875,5.685546875
0.6805,-5.765625,0.560546875,5.0048828125
0.681,-5.6455078125,1.7216796875,3.8837890625
0.6815,-5.4853515625,2.8427734375,2.8427734375
0.682,-5.0048828125,3.6435546875,1.76171875
0.6825,-4.64453125,4.404296875,0.880859375
0.683,-4.1640625,4.884765625,0.080078125
0.6835,-3.2431640625,5.0849609375,-1.041015625
0.684,-2.08203125,5.3251953125,-2.3623046875
0.6845,-0.880859375,5.205078125,-3.5234375
0.685,0.0,5.1650390625,-4.2841796875
0.6855,0.6806640625,5.2451171875,-5.125
0.686,1.5615234375,4.8046875,-5.60546875
0.6865,2.802734375,3.763671875,-6.005859375
0.687,3.84375,2.642578125,-6.166015625
0.6875,4.484375,1.4814453125,-5.92578125
0.688,4.96484375,0.6005859375,-5.765625
0.6885,5.205078125,-0.2802734375,-5.6455078125
0.689,5.1650390625,-1.1611328125,-5.0048828125
0.6895,5.0849609375,-2.2822265625,-4.0439453125
0.69,4.8046875,-3.36328125,-2.962890625
0.6905,4.4443359375,-4.1240234375,-1.9619140625
0.691,4.244140625,-4.884765625,-1.1611328125
0.6915,3.7236328125,-5.28515625,-0.3203125
0.692,2.802734375,-5.6455078125,0.880859375
0.6925,1.76171875,-5.845703125,2.08203125
0.693,0.6005859375,-5.765625,3.1630859375
0.6935,-0.240234375,-5.845703125,3.9638671875
0.694,-0.9208984375,-5.9658203125,4.8447265625
0.6945,-1.8818359375,-5.4052734375,5.365234375
0.695,-3.123046875,-4.3642578125,5.765625
0.6955,-4.1240234375,-3.203125,5.8056640625
0.696,-4.724609375,-2.162109375,5.685546875
0.6965,-5.205078125,-1.361328125,5.60546875
0.697,-5.4052734375,-0.640625,5.3251953125
0.6975,-5.4453125,0.400390625,4.64453125
0.698,-5.4052734375,1.521484375,3.763671875
0.6985,-5.0849609375,2.5625,2.6826171875
0.699,-4.7646484375,3.3232421875,1.8017578125
0.6995,-4.6044921875,4.1240234375,1.041015625
0.7,-3.9638671875,4.484375,0.16015625
0.7005,-3.0029296875,4.8046875,-1.1611328125
0.701,-2.001953125,5.0048828125,-2.2822265625
0.7015,-1.041015625,5.0048828125,-3.203125
0.702,-0.3203125,5.1650390625,-4.1240234375
0.7025,0.6005859375,5.0849609375,-4.884765625
0.703,1.6015625,4.4443359375,-5.4052734375
0.7035,2.802734375,3.443359375,-5.765625
0.704,3.68359375,2.2421875,-5.7255859375
0.7045,4.32421875,1.3212890625,-5.6455078125
0.705,4.7646484375,0.6005859375,-5.7255859375
0.7055,4.8447265625,-0.3203125,-5.28515625
0.706,4.8447265625,-1.3212890625,-4.564453125
0.7065,4.8447265625,-2.3623046875,-3.68359375
0.707,4.5244140625,-3.3232421875,-2.642578125
0.7075,4.32421875,-4.1240234375,-1.841796875
0.708,4.083984375,-4.8046875,-1.041015625
0.7085,3.4033203125,-5.1650390625,0.0
0.709,2.4423828125,-5.525390625,1.2412109375
0.7095,1.3212890625,-5.60546875,2.3623046875
0.71,0.5205078125,-5.7255859375,3.2431640625
0.7105,-0.2802734375,-5.92578125,4.1640625
0.711,-1.201171875,-5.60546875,4.8447265625
0.7115,-2.322265625,-4.8046875,5.365234375
0.712,-3.443359375,-3.8037109375,5.6455078125
0.7125,-4.2041015625,-2.642578125,5.5654296875
0.713,-4.8046875,-1.8818359375,5.5654296875
0.7135,-5.1650390625,-1.12109375,5.4052734375
0.714,-5.28515625,-0.2802734375,4.96484375
0.7145,-5.2451171875,0.9609375,4.1240234375
0.715,-5.125,2.0419921875,3.1630859375
0.7155,-4.8447265625,2.8427734375,2.2421875
0.716,-4.6845703125,3.68359375,1.4013671875
0.7165,-4.2041015625,4.2041015625,0.6005859375
0.717,-3.36328125,4.564453125,-0.640625
0.7175,-2.5224609375,4.96484375,-1.76171875
0.718,-1.4013671875,4.9248046875,-2.8427734375
0.7185,-0.6806640625,5.0849609375,-3.7236328125
0.719,0.16015625,5.205078125,-4.6044921875
0.7195,1.12109375,4.724609375,-5.1650390625
0.72,2.40234375,3.763671875,-5.6455078125
0.7205,3.4033203125,2.6025390625,-5.7255859375
0.721,4.1240234375,1.5615234375,-5.685546875
0.7215,4.6044921875,0.80078125,-5.7255859375
0.722,4.8046875,0.0400390625,-5.4453125
0.7225,4.884765625,-1.0009765625,-4.8046875
0.723,4.9248046875,-2.08203125,-3.9638671875
0.7235,4.64453125,-3.123046875,-2.8828125
0.724,4.3642578125,-3.923828125,-1.9619140625
0.7245,4.2041015625,-4.724609375,-1.2412109375
0.725,3.603515625,-5.125,-0.3603515625
0.7255,2.642578125,-5.4453125,0.9609375
0.726,1.5615234375,-5.685546875,2.2021484375
0.7265,0.640625,-5.7255859375,3.123046875
0.727,0.0,-5.92578125,4.0439453125
0.7275,-1.0009765625,-5.765625,4.8046875
0.728,-2.08203125,-5.0849609375,5.3251953125
0.7285,-3.2431640625,-4.0439453125,5.685546875
0.729,-4.2041015625,-2.8427734375,5.6455078125
0.7295,-4.7646484375,-1.9619140625,5.5654296875
0.73,-5.205078125,-1.1611328125,5.4853515625
0.7305,-5.28515625,-0.3203125,5.044921875
0.731,-5.28515625,0.880859375,4.2041015625
0.7315,-5.2451171875,1.9619140625,3.283203125
0.732,-4.9248046875,2.8427734375,2.2822265625
0.7325,-4.6845703125,3.68359375,1.44140625
0.733,-4.3642578125,4.32421875,0.640625
0.7335,-3.5634765625,4.6044921875,-0.4404296875
0.734,-2.5625,4.96484375,-1.6416015625
0.7345,-1.44140625,5.0048828125,-2.8427734375
0.735,-0.6806640625,5.0849609375,-3.68359375
0.7355,0.1201171875,5.2451171875,-4.564453125
0.736,1.0810546875,4.8447265625,-5.205078125
0.7365,2.2822265625,3.8837890625,-5.6455078125
0.737,3.4033203125,2.802734375,-5.92578125
0.7375,4.1240234375,1.6416015625,-5.8056640625
0.738,4.64453125,0.80078125,-5.765625
0.7385,5.0048828125,0.080078125,-5.60546875
0.739,5.044921875,-0.9609375,-5.0048828125
0.7395,5.0048828125,-2.1220703125,-4.083984375
0.74,4.8046875,-3.203125,-2.962890625
0.7405,4.484375,-4.0439453125,-2.001953125
0.741,4.2841796875,-4.8046875,-1.2412109375
0.7415,3.7236328125,-5.28515625,-0.3203125
0.742,2.72265625,-5.60546875,0.9609375
0.7425,1.7216796875,-5.8857421875,2.2421875
0.743,0.560546875,-5.8056640625,3.3232421875
0.7435,-0.3203125,-5.92578125,4.1640625
0.744,-1.0009765625,-5.92578125,4.96484375
0.7445,-2.08203125,-5.28515625,5.4853515625
0.745,-3.4033203125,-4.1640625,5.8857421875
0.7455,-4.4443359375,-2.9228515625,5.92578125
0.746,-5.0048828125,-1.8818359375,5.7255859375
0.7465,-5.4453125,-1.0009765625,5.60546875
0.747,-5.5654296875,-0.2001953125,5.205078125
0.7475,-5.4853515625,1.0009765625,4.32421875
0.748,-5.4453125,2.2021484375,3.36328125
0.7485,-5.0849609375,3.203125,2.2021484375
0.749,-4.724609375,3.9638671875,1.28125
0.7495,-4.4443359375,4.564453125,0.5205078125
0.75,-3.68359375,4.884765625,-0.5205078125
0.7505,-2.4423828125,5.0849609375,-1.921875
0.751,-1.361328125,5.28515625,-3.123046875
0.7515,-0.4404296875,5.1650390625,-4.00390625
0.752,0.3603515625,5.28515625,-4.8447265625
0.7525,1.2412109375,5.0048828125,-5.4853515625
0.753,2.4423828125,4.083984375,-5.9658203125
0.7535,3.68359375,2.8427734375,-6.2861328125
0.754,4.484375,1.5615234375,-6.1259765625
0.7545,5.0048828125,0.640625,-5.92578125
0.755,5.3251953125,-0.2001953125,-5.765625
0.7555,5.3251953125,-1.1611328125,-5.125
0.756,5.2451171875,-2.4423828125,-4.0439453125
0.7565,5.0849609375,-3.5634765625,-3.04296875
0.757,4.64453125,-4.4443359375,-1.8818359375
0.7575,4.32421875,-5.1650390625,-1.0009765625
0.758,3.84375,-5.7255859375,0.0
0.7585,2.8828125,-5.92578125,1.0810546875
0.759,1.6015625,-6.2060546875,2.5625
0.7595,0.3203125,-6.1259765625,3.763671875
0.76,-0.6005859375,-6.0458984375,4.5244140625
0.7605,-1.28125,-6.0859375,5.365234375
0.761,-2.3623046875,-5.4853515625,5.92578125
0.7615,-3.763671875,-4.2041015625,6.2861328125
0.762,-4.884765625,-3.04296875,6.4462890625
0.7625,-5.4853515625,-1.681640625,6.0859375
0.763,-5.845703125,-0.80078125,5.8857421875
0.7635,-6.0458984375,0.2001953125,5.4853515625
0.764,-5.92578125,1.28125,4.6044921875
0.7645,-5.765625,2.6025390625,3.3232421875
0.765,-5.4052734375,3.763671875,2.08203125
0.7655,-4.884765625,4.484375,1.0810546875
0.766,-4.5244140625,5.044921875,0.240234375
0.7665,-3.7236328125,5.4052734375,-0.8408203125
0.767,-2.4423828125,5.5654296875,-2.2421875
0.7675,-1.2412109375,5.7255859375,-3.603515625
0.768,0.080078125,5.4453125,-4.6044921875
0.7685,0.7607421875,5.4052734375,-5.28515625
0.769,1.5615234375,5.1650390625,-6.0458984375
0.7695,2.72265625,4.244140625,-6.486328125
0.77,4.1240234375,2.7626953125,-6.7265625
0.7705,5.0849609375,1.521484375,-6.6064453125
0.771,5.4853515625,0.400390625,-6.24609375
0.7715,5.7255859375,-0.5205078125,-5.9658203125
0.772,5.7255859375,-1.4814453125,-5.3251953125
0.7725,5.5654296875,-2.72265625,-4.2041015625
0.773,5.4052734375,-4.00390625,-3.0029296875
0.7735,4.8447265625,-5.0048828125,-1.681640625
0.774,4.32421875,-5.60546875,-0.720703125
0.7745,3.8837890625,-6.1259765625,0.240234375
0.775,2.9228515625,-6.326171875,1.28125
0.7755,1.44140625,-6.4462890625,2.8427734375
0.776,0.16015625,-6.4462890625,4.1240234375
0.7765,-0.9609375,-6.166015625,4.9248046875
0.777,-1.6015625,-6.166015625,5.6455078125
0.7775,-2.5224609375,-5.7255859375,6.24609375
0.778,-3.84375,-4.564453125,6.6064453125
0.7785,-5.044921875,-3.123046875,6.7666015625
0.779,-5.765625,-1.681640625,6.40625
0.7795,-6.1259765625,-0.6806640625,6.0859375
0.78,-6.2861328125,0.240234375,5.7255859375
0.7805,-6.1259765625,1.28125,4.8447265625
0.781,-5.92578125,2.642578125,3.5234375
0.7815,-5.6455078125,3.8037109375,2.3623046875
0.782,-5.0849609375,4.564453125,1.1611328125
0.7825,-4.6044921875,5.1650390625,0.2802734375
0.783,-3.9638671875,5.5654296875,-0.720703125
0.7835,-2.8427734375,5.685546875,-1.921875
0.784,-1.44140625,5.8056640625,-3.4033203125
0.7845,0.0,5.60546875,-4.564453125
0.785,0.7607421875,5.4453125,-5.2451171875
0.7855,1.4013671875,5.4052734375,-5.9658203125
0.786,2.482421875,4.6044921875,-6.486328125
0.7865,3.8837890625,3.3232421875,-6.7666015625
0.787,4.9248046875,2.0419921875,-6.806640625
0.7875,5.4853515625,0.720703125,-6.40625
0.788,5.765625,-0.2802734375,-6.1259765625
0.7885,5.8857421875,-1.1611328125,-5.7255859375
0.789,5.7255859375,-2.2021484375,-4.8046875
0.7895,5.4853515625,-3.5634765625,-3.443359375
0.79,5.0849609375,-4.6845703125,-2.162109375
0.7905,4.564453125,-5.4052734375,-1.0810546875
0.791,4.1640625,-6.0458984375,-0.240234375
0.7915,3.36328125,-6.2861328125,0.8408203125
0.792,2.0419921875,-6.4462890625,2.2021484375
0.7925,0.7607421875,-6.56640625,3.6435546875
0.793,-0.640625,-6.326171875,4.6044921875
0.7935,-1.3212890625,-6.2861328125,5.365234375
0.794,-2.08203125,-6.1259765625,6.0859375
0.7945,-3.2431640625,-5.125,6.5263671875
0.795,-4.6845703125,-3.6435546875,6.7265625
0.7955,-5.60546875,-2.2822265625,6.646484375
0.796,-6.0458984375,-1.12109375,6.24609375
0.7965,-6.2861328125,-0.2001953125,5.92578125
0.797,-6.2861328125,0.8408203125,5.28515625
0.7975,-6.1259765625,2.08203125,4.1640625
0.798,-5.845703125,3.4033203125,2.8828125
0.7985,-5.3251953125,4.3642578125,1.5615234375
0.799,-4.8046875,5.0048828125,0.6005859375
0.7995,-4.3642578125,5.5654296875,-0.3603515625
0.8,-3.36328125,5.7255859375,-1.4013671875
0.8005,-1.921875,5.8857421875,-2.962890625
0.801,-0.6005859375,5.8056640625,-4.32421875
0.8015,0.560546875,5.5654296875,-5.125
0.802,1.2412109375,5.4853515625,-5.8857421875
0.8025,2.162109375,5.0849609375,-6.486328125
0.803,3.4833984375,3.8837890625,-6.8466796875
0.8035,4.7646484375,2.482421875,-6.966796875
0.804,5.525390625,1.0009765625,-6.646484375
0.8045,5.845703125,0.0,-6.2861328125
0.805,6.0458984375,-1.0009765625,-5.9658203125
0.8055,5.8857421875,-2.001953125,-5.125
0.806,5.685546875,-3.36328125,-3.8037109375
0.8065,5.365234375,-4.6044921875,-2.482421875
0.807,4.7646484375,-5.4052734375,-1.28125
0.8075,4.2841796875,-5.9658203125,-0.3203125
0.808,3.6435546875,-6.40625,0.640625
0.8085,2.4423828125,-6.486328125,1.8818359375
0.809,1.0009765625,-6.646484375,3.4033203125
0.8095,-0.5205078125,-6.40625,4.564453125
0.81,-1.28125,-6.24609375,5.2451171875
0.8105,-1.9619140625,-6.1259765625,6.005859375
0.811,-2.962890625,-5.3251953125,6.40625
0.8115,-4.3642578125,-4.00390625,6.6865234375
0.812,-5.4052734375,-2.642578125,6.6865234375
0.8125,-5.92578125,-1.3212890625,6.24609375
0.813,-6.2060546875,-0.400390625,5.92578125
0.8135,-6.2861328125,0.560546875,5.4853515625
0.814,-6.0859375,1.5615234375,4.5244140625
0.8145,-5.8056640625,2.8427734375,3.2431640625
0.815,-5.4052734375,3.9638671875,1.9619140625
0.8155,-4.8447265625,4.6044921875,0.9609375
0.816,-4.484375,5.205078125,0.1201171875
0.8165,-3.7236328125,5.4453125,-0.880859375
0.817,-2.4423828125,5.5654296875,-2.162109375
0.8175,-1.2412109375,5.685546875,-3.5234375
0.818,0.080078125,5.4052734375,-4.5244140625
0.8185,0.80078125,5.365234375,-5.2451171875
0.819,1.521484375,5.28515625,-5.92578125
0.8195,2.5224609375,4.484375,-6.326171875
0.82,3.84375,3.1630859375,-6.56640625
0.8205,4.8046875,1.841796875,-6.486328125
0.821,5.28515625,0.720703125,-6.166015625
0.8215,5.60546875,-0.2001953125,-6.0458984375
0.822,5.6455078125,-1.041015625,-5.525390625
0.8225,5.4853515625,-2.162109375,-4.564453125
0.823,5.365234375,-3.36328125,-3.4833984375
0.8235,4.8447265625,-4.3642578125,-2.2021484375
0.824,4.4443359375,-5.125,-1.1611328125
0.8245,4.1240234375,-5.765625,-0.400390625
0.825,3.3232421875,-6.0458984375,0.640625
0.8255,2.0419921875,-6.24609375,2.0419921875
0.826,0.7607421875,-6.2861328125,3.3232421875
0.8265,-0.3603515625,-6.0458984375,4.244140625
0.827,-1.0810546875,-6.1259765625,5.0849609375
0.8275,-1.921875,-5.845703125,5.7255859375
0.828,-3.04296875,-4.9248046875,6.1259765625
0.8285,-4.2841796875,-3.7236328125,6.40625
0.829,-5.125,-2.322265625,6.166015625
0.8295,-5.5654296875,-1.28125,5.8857421875
0.83,-5.845703125,-0.5205078125,5.7255859375
0.8305,-5.8056640625,0.48046875,5.0849609375
0.831,-5.685546875,1.681640625,4.00390625
0.8315,-5.4853515625,2.8427734375,2.9228515625
0.832,-5.044921875,3.68359375,1.841796875
0.8325,-4.6845703125,4.404296875,0.9208984375
0.833,-4.244140625,4.884765625,0.080078125
0.8335,-3.3232421875,5.0849609375,-1.0009765625
0.834,-2.2421875,5.3251953125,-2.3623046875
0.8345,-0.9208984375,5.2451171875,-3.5634765625
0.835,0.0,5.2451171875,-4.32421875
0.8355,0.6806640625,5.28515625,-5.1650390625
0.836,1.6416015625,4.8046875,-5.7255859375
0.8365,2.8427734375,3.763671875,-6.0859375
0.837,3.8837890625,2.6025390625,-6.2861328125
0.8375,4.564453125,1.4013671875,-6.005859375
0.838,5.044921875,0.560546875,-5.845703125
0.8385,5.3251953125,-0.3203125,-5.6455078125
0.839,5.2451171875,-1.2412109375,-5.0048828125
0.8395,5.125,-2.3623046875,-4.00390625
0.84,4.8046875,-3.5234375,-2.8427734375
0.8405,4.484375,-4.244140625,-1.841796875
0.841,4.2041015625,-5.0849609375,-1.041015625
0.8415,3.68359375,-5.4853515625,-0.2001953125
0.842,2.6826171875,-5.765625,1.0009765625
0.8425,1.6015625,-5.92578125,2.2822265625
0.843,0.4404296875,-5.765625,3.3232421875
0.8435,-0.400390625,-5.8857421875,4.1640625
0.844,-1.12109375,-5.92578125,5.044921875
0.8445,-2.08203125,-5.3251953125,5.525390625
0.845,-3.3232421875,-4.244140625,5.8857421875
0.8455,-4.32421875,-3.04296875,5.8857421875
0.846,-4.884765625,-2.001953125,5.7255859375
0.8465,-5.3251953125,-1.201171875,5.6455078125
0.847,-5.4853515625,-0.400390625,5.3251953125
0.8475,-5.4453125,0.6806640625,4.564453125
0.848,-5.4453125,1.76171875,3.68359375
0.8485,-5.044921875,2.802734375,2.5224609375
0.849,-4.724609375,3.5634765625,1.5615234375
0.8495,-4.5244140625,4.2841796875,0.80078125
0.85,-3.8837890625,4.6044921875,-0.16015625
0.8505,-2.8427734375,4.9248046875,-1.361328125
0.851,-1.8017578125,5.0849609375,-2.5625
0.8515,-0.8408203125,5.044921875,-3.4833984375
0.852,0.0,5.205078125,-4.3642578125
0.8525,0.80078125,5.0849609375,-5.0849609375
0.853,1.841796875,4.3642578125,-5.5654296875
0.8535,3.0029296875,3.3232421875,-5.92578125
0.854,3.8837890625,2.08203125,-5.765625
0.8545,4.484375,1.1611328125,-5.685546875
0.855,4.9248046875,0.48046875,-5.7255859375
0.8555,4.96484375,-0.48046875,-5.28515625
0.856,4.9248046875,-1.4814453125,-4.4443359375
0.8565,4.8447265625,-2.5625,-3.5634765625
0.857,4.484375,-3.5234375,-2.5224609375
0.8575,4.244140625,-4.3642578125,-1.6416015625
0.858,3.9638671875,-5.0048828125,-0.880859375
0.8585,3.3232421875,-5.28515625,0.16015625
0.859,2.2822265625,-5.60546875,1.4013671875
0.8595,1.201171875,-5.6455078125,2.5224609375
0.86,0.400390625,-5.7255859375,3.4033203125
0.8605,-0.400390625,-5.92578125,4.32421875
0.861,-1.3212890625,-5.60546875,4.96484375
0.8615,-2.4423828125,-4.7646484375,5.4052734375
0.862,-3.4833984375,-3.763671875,5.685546875
0.8625,-4.244140625,-2.6025390625,5.525390625
0.863,-4.8447265625,-1.76171875,5.4853515625
0.8635,-5.205078125,-1.0009765625,5.4052734375
0.864,-5.28515625,-0.240234375,4.96484375
0.8645,-5.205078125,0.9609375,4.1240234375
0.865,-5.044921875,1.9619140625,3.1630859375
0.8655,-4.8046875,2.802734375,2.2421875
0.866,-4.6845703125,3.603515625,1.4013671875
0.8665,-4.2041015625,4.1640625,0.6005859375
0.867,-3.4033203125,4.5244140625,-0.6005859375
0.8675,-2.5625,4.9248046875,-1.6416015625
0.868,-1.44140625,4.8447265625,-2.72265625
0.8685,-0.720703125,5.044921875,-3.603515625
0.869,0.1201171875,5.1650390625,-4.5244140625
0.8695,1.0810546875,4.7646484375,-5.125
0.87,2.2421875,3.8037109375,-5.525390625
0.8705,3.2431640625,2.72265625,-5.6455078125
0.871,3.9638671875,1.7216796875,-5.6455078125
0.8715,4.5244140625,0.9609375,-5.685546875
0.872,4.8046875,0.2001953125,-5.4453125
0.8725,4.8447265625,-0.80078125,-4.884765625
0.873,4.884765625,-1.9619140625,-4.1240234375
0.8735,4.6044921875,-2.962890625,-2.962890625
0.874,4.32421875,-3.84375,-2.162109375
0.8745,4.244140625,-4.564453125,-1.3212890625
0.875,3.68359375,-5.0048828125,-0.5205078125
0.8755,2.72265625,-5.4052734375,0.8408203125
0.876,1.7216796875,-5.60546875,1.9619140625
0.8765,0.7607421875,-5.6455078125,2.962890625
0.877,0.080078125,-5.8056640625,3.8837890625
0.8775,-0.880859375,-5.765625,4.724609375
0.878,-1.9619140625,-5.125,5.2451171875
0.8785,-3.123046875,-4.1640625,5.60546875
0.879,-4.0439453125,-2.8828125,5.5654296875
0.8795,-4.64453125,-2.001953125,5.4853515625
0.88,-5.125,-1.2412109375,5.4853515625
0.8805,-5.205078125,-0.400390625,5.0849609375
0.881,-5.2451171875,0.720703125,4.244140625
0.8815,-5.205078125,1.8017578125,3.36328125
0.882,-4.9248046875,2.6826171875,2.322265625
0.8825,-4.64453125,3.5634765625,1.521484375
0.883,-4.3642578125,4.2041015625,0.720703125
0.8835,-3.603515625,4.564453125,-0.3603515625
0.884,-2.642578125,4.884765625,-1.5615234375
0.8845,-1.521484375,4.9248046875,-2.72265625
0.885,-0.720703125,5.044921875,-3.5634765625
0.8855,0.080078125,5.205078125,-4.5244140625
0.886,1.0009765625,4.8046875,-5.125
0.8865,2.2021484375,3.923828125,-5.60546875
0.887,3.3232421875,2.8427734375,-5.845703125
0.8875,4.0439453125,1.7216796875,-5.7255859375
0.888,4.6044921875,0.880859375,-5.685546875
0.8885,4.96484375,0.1201171875,-5.5654296875
0.889,4.96484375,-0.9208984375,-5.0048828125
0.8895,4.96484375,-2.08203125,-4.0439453125
0.89,4.724609375,-3.203125,-3.04296875
0.8905,4.4443359375,-3.9638671875,-2.001953125
0.891,4.244140625,-4.7646484375,-1.2412109375
0.8915,3.763671875,-5.205078125,-0.400390625
0.892,2.802734375,-5.525390625,0.880859375
0.8925,1.7216796875,-5.8056640625,2.162109375
0.893,0.6005859375,-5.7255859375,3.1630859375
0.8935,-0.240234375,-5.8056640625,4.0439453125
0.894,-1.0009765625,-5.8857421875,4.9248046875
0.8945,-2.001953125,-5.28515625,5.4052734375
0.895,-3.283203125,-4.1640625,5.8056640625
0.8955,-4.2841796875,-2.9228515625,5.845703125
0.896,-4.884765625,-1.921875,5.685546875
0.8965,-5.3251953125,-1.12109375,5.60546875
0.897,-5.4853515625,-0.3203125,5.2451171875
0.8975,-5.4453125,0.80078125,4.4443359375
0.898,-5.4453125,2.001953125,3.4033203125
0.8985,-5.044921875,3.0029296875,2.322265625
0.899,-4.6845703125,3.8037109375,1.361328125
0.8995,-4.4443359375,4.484375,0.6005859375
0.9,-3.7236328125,4.7646484375,-0.400390625
0.9005,-2.6025390625,5.044921875,-1.681640625
0.901,-1.4814453125,5.205078125,-2.9228515625
0.9015,-0.560546875,5.0849609375,-3.84375
0.902,0.2802734375,5.2451171875,-4.64453125
0.9025,1.12109375,5.044921875,-5.4052734375
0.903,2.2421875,4.1240234375,-5.845703125
0.9035,3.4833984375,3.0029296875,-6.1259765625
0.904,4.32421875,1.7216796875,-5.9658203125
0.9045,4.8447265625,0.7607421875,-5.845703125
0.905,5.205078125,0.0,-5.765625
0.9055,5.2451171875,-1.0009765625,-5.205078125
0.906,5.125,-2.2421875,-4.2041015625
0.9065,5.044921875,-3.36328125,-3.0830078125
0.907,4.6044921875,-4.244140625,-1.9619140625
0.9075,4.32421875,-5.0048828125,-1.12109375
0.908,3.8837890625,-5.60546875,-0.2802734375
0.9085,2.962890625,-5.8056640625,0.9208984375
0.909,1.76171875,-6.1259765625,2.3623046875
0.9095,0.48046875,-6.0458984375,3.5634765625
0.91,-0.4404296875,-6.0458984375,4.404296875
0.9105,-1.1611328125,-6.0859375,5.205078125
0.911,-2.2021484375,-5.4853515625,5.8056640625
0.9115,-3.5634765625,-4.32421875,6.2060546875
0.912,-4.6845703125,-3.04296875,6.3662109375
0.9125,-5.3251953125,-1.8017578125,6.0458984375
0.913,-5.765625,-0.880859375,5.8056640625
0.9135,-5.9658203125,0.1201171875,5.4853515625
0.914,-5.8857421875,1.1611328125,4.6044921875
0.9145,-5.765625,2.5224609375,3.4033203125
0.915,-5.4052734375,3.68359375,2.162109375
0.9155,-4.9248046875,4.404296875,1.12109375
0.916,-4.5244140625,5.044921875,0.2802734375
0.9165,-3.763671875,5.365234375,-0.80078125
0.917,-2.4423828125,5.525390625,-2.2421875
0.9175,-1.2412109375,5.7255859375,-3.603515625
0.918,0.080078125,5.4453125,-4.564453125
0.9185,0.7607421875,5.4052734375,-5.28515625
0.919,1.5615234375,5.205078125,-6.0458984375
0.9195,2.802734375,4.2841796875,-6.4462890625
0.92,4.1640625,2.8427734375,-6.7265625
0.9205,5.0849609375,1.44140625,-6.56640625
0.921,5.4853515625,0.3203125,-6.24609375
0.9215,5.7255859375,-0.640625,-5.9658203125
0.922,5.7255859375,-1.6015625,-5.3251953125
0.9225,5.5654296875,-2.8427734375,-4.1240234375
0.923,5.365234375,-4.083984375,-2.9228515625
0.9235,4.8046875,-5.044921875,-1.6015625
0.924,4.32421875,-5.6455078125,-0.640625
0.9245,3.84375,-6.166015625,0.2802734375
0.925,2.8427734375,-6.3662109375,1.3212890625
0.9255,1.361328125,-6.486328125,2.9228515625
0.926,0.080078125,-6.4462890625,4.2041015625
0.9265,-1.0009765625,-6.166015625,5.0048828125
0.927,-1.681640625,-6.1259765625,5.7255859375
0.9275,-2.642578125,-5.6455078125,6.326171875
0.928,-3.8837890625,-4.4443359375,6.646484375
0.9285,-5.0849609375,-3.0830078125,6.7666015625
0.929,-5.8056640625,-1.7216796875,6.40625
0.9295,-6.166015625,-0.640625,6.0458984375
0.93,-6.3662109375,0.2802734375,5.685546875
0.9305,-6.166015625,1.28125,4.8447265625
0.931,-5.92578125,2.6826171875,3.5234375
0.9315,-5.6455078125,3.84375,2.322265625
0.932,-5.044921875,4.6044921875,1.1611328125
0.9325,-4.564453125,5.205078125,0.240234375
0.933,-3.9638671875,5.60546875,-0.7607421875
0.9335,-2.8427734375,5.7255859375,-1.921875
0.934,-1.4814453125,5.845703125,-3.4033203125
0.9345,0.0,5.6455078125,-4.564453125
0.935,0.7607421875,5.4853515625,-5.28515625
0.9355,1.4814453125,5.4052734375,-6.005859375
0.936,2.5224609375,4.64453125,-6.486328125
0.9365,3.8837890625,3.3232421875,-6.7666015625
0.937,4.9248046875,2.001953125,-6.8466796875
0.9375,5.4853515625,0.6806640625,-6.40625
0.938,5.765625,-0.3603515625,-6.1259765625
0.9385,5.92578125,-1.1611328125,-5.7255859375
0.939,5.765625,-2.2021484375,-4.8046875
0.9395,5.4853515625,-3.5634765625,-3.5234375
0.94,5.0849609375,-4.6845703125,-2.162109375
0.9405,4.5244140625,-5.4052734375,-1.12109375
0.941,4.1640625,-6.0458984375,-0.240234375
0.9415,3.3232421875,-6.2861328125,0.80078125
0.942,2.0419921875,-6.4462890625,2.2021484375
0.9425,0.7607421875,-6.5263671875,3.5634765625
0.943,-0.640625,-6.24609375,4.6044921875
0.9435,-1.3212890625,-6.166015625,5.365234375
0.944,-2.08203125,-6.0458984375,6.0859375
0.9445,-3.203125,-5.125,6.5263671875
0.945,-4.6044921875,-3.7236328125,6.7666015625
0.9455,-5.525390625,-2.322265625,6.6064453125
0.946,-6.0458984375,-1.1611328125,6.166015625
0.9465,-6.2861328125,-0.2802734375,5.9658203125
0.947,-6.2861328125,0.7607421875,5.28515625
0.9475,-6.0859375,2.0419921875,4.1640625
0.948,-5.845703125,3.283203125,3.0029296875
0.9485,-5.3251953125,4.2841796875,1.6015625
0.949,-4.8046875,4.96484375,0.6005859375
0.9495,-4.3642578125,5.4853515625,-0.3203125
0.95,-3.36328125,5.685546875,-1.361328125
0.9505,-1.9619140625,5.8056640625,-2.8828125
0.951,-0.640625,5.8056640625,-4.2041015625
0.9515,0.48046875,5.5654296875,-5.0048828125
0.952,1.201171875,5.525390625,-5.8056640625
0.9525,2.08203125,5.0849609375,-6.40625
0.953,3.36328125,3.8837890625,-6.7666015625
0.9535,4.6044921875,2.5224609375,-6.9267578125
0.954,5.365234375,1.041015625,-6.6064453125
0.9545,5.765625,0.0400390625,-6.2861328125
0.955,6.005859375,-0.9208984375,-5.9658203125
0.9555,5.8857421875,-1.921875,-5.1650390625
0.956,5.6455078125,-3.2431640625,-3.84375
0.9565,5.365234375,-4.484375,-2.6025390625
0.957,4.8046875,-5.28515625,-1.361328125
0.9575,4.32421875,-5.92578125,-0.400390625
0.958,3.68359375,-6.40625,0.6005859375
0.9585,2.5224609375,-6.5263671875,1.841796875
0.959,1.0810546875,-6.6064453125,3.3232421875
0.9595,-0.400390625,-6.40625,4.5244140625
0.96,-1.201171875,-6.24609375,5.2451171875
0.9605,-1.9619140625,-6.1259765625,6.005859375
0.961,-3.0029296875,-5.4052734375,6.4462890625
0.9615,-4.3642578125,-4.0439453125,6.7265625
0.962,-5.4453125,-2.72265625,6.7265625
0.9625,-5.92578125,-1.361328125,6.326171875
0.963,-6.24609375,-0.400390625,6.005859375
0.9635,-6.3662109375,0.6005859375,5.5654296875
0.964,-6.1259765625,1.6416015625,4.564453125
0.9645,-5.845703125,2.962890625,3.2431640625
0.965,-5.4453125,4.00390625,1.9619140625
0.9655,-4.884765625,4.6845703125,0.880859375
0.966,-4.4443359375,5.28515625,0.0400390625
0.9665,-3.6435546875,5.5654296875,-1.0009765625
0.967,-2.40234375,5.685546875,-2.2822265625
0.9675,-1.1611328125,5.765625,-3.6435546875
0.968,0.16015625,5.4853515625,-4.6044921875
0.9685,0.9609375,5.4052734375,-5.365234375
0.969,1.6015625,5.2451171875,-6.0859375
0.9695,2.6826171875,4.404296875,-6.4462890625
0.97,3.9638671875,3.04296875,-6.6865234375
0.9705,4.884765625,1.76171875,-6.56640625
0.971,5.365234375,0.640625,-6.2060546875
0.9715,5.6455078125,-0.3203125,-6.0458984375
0.972,5.7255859375,-1.1611328125,-5.4853515625
0.9725,5.5654296875,-2.2822265625,-4.5244140625
0.973,5.365234375,-3.4833984375,-3.36328125
0.9735,4.8046875,-4.484375,-2.08203125
0.974,4.4443359375,-5.205078125,-1.0810546875
0.9745,4.083984375,-5.845703125,-0.2802734375
0.975,3.2431640625,-6.1259765625,0.80078125
0.9755,1.9619140625,-6.2861328125,2.2021484375
0.976,0.6806640625,-6.2861328125,3.4833984375
0.9765,-0.48046875,-6.1259765625,4.404296875
0.977,-1.1611328125,-6.2060546875,5.205078125
0.9775,-2.0419921875,-5.92578125,5.8857421875
0.978,-3.203125,-4.96484375,6.24609375
0.9785,-4.4443359375,-3.603515625,6.5263671875
0.979,-5.2451171875,-2.2421875,6.24609375
0.9795,-5.7255859375,-1.201171875,5.9658203125
0.98,-6.0458984375,-0.3603515625,5.765625
0.9805,-5.9658203125,0.640625,5.0849609375
0.981,-5.765625,1.8818359375,3.9638671875
0.9815,-5.60546875,3.04296875,2.8427734375
0.982,-5.0849609375,3.8837890625,1.7216796875
0.9825,-4.6845703125,4.6044921875,0.7607421875
0.983,-4.2041015625,5.125,-0.2001953125
0.9835,-3.203125,5.3251953125,-1.28125
0.984,-2.001953125,5.4853515625,-2.6025390625
0.9845,-0.720703125,5.365234375,-3.8037109375
0.985,0.240234375,5.2451171875,-4.564453125
0.9855,0.9208984375,5.28515625,-5.4052734375
0.986,1.841796875,4.7646484375,-5.92578125
0.9865,3.123046875,3.68359375,-6.24609375
0.987,4.1240234375,2.482421875,-6.40625
0.9875,4.7646484375,1.2412109375,-6.0859375
0.988,5.1650390625,0.3603515625,-5.92578125
0.9885,5.4453125,-0.5205078125,-5.6455078125
0.989,5.3251953125,-1.44140625,-4.9248046875
0.9895,5.1650390625,-2.6025390625,-3.84375
0.99,4.8447265625,-3.7236328125,-2.6826171875
0.9905,4.4443359375,-4.484375,-1.6416015625
0.991,4.1640625,-5.205078125,-0.8408203125
0.9915,3.5634765625,-5.60546875,0.1201171875
0.992,2.5625,-5.8056640625,1.28125
0.9925,1.4814453125,-6.005859375,2.482421875
0.993,0.2802734375,-5.845703125,3.5234375
0.9935,-0.560546875,-5.92578125,4.32421875
0.994,-1.28125,-5.9658203125,5.125
0.9945,-2.2421875,-5.3251953125,5.6455078125
0.995,-3.4033203125,-4.2041015625,5.9658203125
0.9955,-4.3642578125,-3.0029296875,5.92578125
0.996,-4.96484375,-1.9619140625,5.7255859375
0.9965,-5.4052734375,-1.12109375,5.6455078125
0.997,-5.525390625,-0.3603515625,5.365234375
0.9975,-5.4853515625,0.720703125,4.5244140625
0.998,-5.4052734375,1.76171875,3.68359375
0.9985,-5.044921875,2.7626953125,2.5625
0.999,-4.724609375,3.5634765625,1.6015625
0.9995,-4.5244140625,4.32421875,0.8408203125
