wavelength,x,y,z
0.0,-0.6356201171875,3.5284423828125,-2.8778076171875
0.0005,-1.4364013671875,3.8087158203125,-2.4373779296875
0.001,-1.8367919921875,3.8487548828125,-2.0770263671875
0.0015,-2.3172607421875,3.7286376953125,-1.5565185546875
0.002,-2.6375732421875,3.3282470703125,-0.8358154296875
0.0025,-3.2381591796875,3.2081298828125,-0.1151123046875
0.003,-3.5184326171875,2.4073486328125,0.8858642578125
0.0035,-3.8387451171875,2.1270751953125,1.4864501953125
0.004,-3.6785888671875,1.4864501953125,2.0069580078125
0.0045,-3.5584716796875,0.8458251953125,2.4874267578125
0.005,-3.1981201171875,0.0450439453125,2.9278564453125
0.0055,-2.9178466796875,-0.6756591796875,3.4483642578125
0.006,-2.3572998046875,-1.5565185546875,3.7686767578125
0.0065,-1.9569091796875,-1.9969482421875,3.8487548828125
0.007,-1.1561279296875,-2.5574951171875,3.6885986328125
0.0075,-0.3553466796875,-2.9578857421875,3.2481689453125
0.008,0.3653564453125,-3.5584716796875,3.1280517578125
0.0085,1.3262939453125,-3.8387451171875,2.4874267578125
0.009,1.9669189453125,-4.1590576171875,2.1671142578125
0.0095,2.3673095703125,-3.9989013671875,1.6065673828125
0.01,2.8077392578125,-3.8387451171875,1.0460205078125
0.0105,3.1680908203125,-3.3582763671875,0.2452392578125
0.011,3.6885986328125,-3.1180419921875,-0.5155029296875
0.0115,3.8887939453125,-2.2772216796875,-1.5164794921875
0.012,4.1290283203125,-1.9569091796875,-2.0369873046875
0.0125,3.8887939453125,-1.1961669921875,-2.5975341796875
0.013,3.6485595703125,-0.5155029296875,-3.0379638671875
0.0135,3.3282470703125,0.2852783203125,-3.5584716796875
0.014,2.8878173828125,1.1260986328125,-3.9588623046875
0.0145,2.3673095703125,1.9669189453125,-4.2791748046875
0.015,1.7266845703125,2.4073486328125,-4.0389404296875
0.0155,0.9659423828125,2.9678955078125,-3.8787841796875
0.016,0.0050048828125,3.3282470703125,-3.3582763671875
0.0165,-0.6756591796875,3.8487548828125,-3.1580810546875
0.017,-1.7567138671875,4.0489501953125,-2.3973388671875
0.0175,-2.3172607421875,4.2091064453125,-1.9969482421875
0.018,-2.6776123046875,3.8487548828125,-1.3162841796875
0.0185,-3.1580810546875,3.6885986328125,-0.6756591796875
0.019,-3.4783935546875,3.1680908203125,0.1251220703125
0.0195,-3.9188232421875,2.7276611328125,1.0059814453125
0.02,-4.1590576171875,1.9268798828125,2.0469970703125
0.0205,-4.0789794921875,1.4063720703125,2.4874267578125
0.021,-3.7987060546875,0.6055908203125,3.0079345703125
0.0215,-3.3582763671875,-0.1151123046875,3.3282470703125
0.022,-3.0780029296875,-0.9158935546875,3.8087158203125
0.0225,-2.3973388671875,-1.8367919921875,4.0889892578125
0.023,-1.8768310546875,-2.5574951171875,4.2891845703125
0.0235,-0.9959716796875,-2.8778076171875,3.8087158203125
0.024,-0.2752685546875,-3.4783935546875,3.6885986328125
0.0245,0.6456298828125,-3.7586669921875,3.0479736328125
0.025,1.4063720703125,-4.2391357421875,2.7677001953125
0.0255,2.4473876953125,-4.4393310546875,1.9268798828125
0.026,2.8477783203125,-4.3592529296875,1.5264892578125
0.0265,3.2081298828125,-3.9188232421875,0.7657470703125
0.027,3.6085205078125,-3.6385498046875,0.1251220703125
0.0275,3.8887939453125,-3.0780029296875,-0.6756591796875
0.028,4.2491455078125,-2.5174560546875,-1.5965576171875
0.0285,4.4493408203125,-1.7967529296875,-2.5174560546875
0.029,4.1290283203125,-1.2362060546875,-2.8377685546875
0.0295,3.9288330078125,-0.4354248046875,-3.3582763671875
0.03,3.4483642578125,0.3653564453125,-3.7186279296875
0.0305,3.1680908203125,1.1260986328125,-4.1990966796875
0.031,2.4073486328125,2.0469970703125,-4.3992919921875
0.0315,1.9268798828125,2.6876220703125,-4.5194091796875
0.032,0.9259033203125,3.0479736328125,-3.9188232421875
0.0325,0.1651611328125,3.5684814453125,-3.7987060546875
0.033,-0.7957763671875,3.8487548828125,-3.1580810546875
0.0335,-1.5565185546875,4.2091064453125,-2.7576904296875
0.034,-2.5174560546875,4.4093017578125,-1.9969482421875
0.0345,-2.8377685546875,4.1690673828125,-1.4764404296875
0.035,-3.2381591796875,3.8487548828125,-0.7557373046875
0.0355,-3.5985107421875,3.4483642578125,0.0050048828125
0.036,-3.9588623046875,2.8878173828125,0.8458251953125
0.0365,-4.1990966796875,2.2071533203125,1.7667236328125
0.037,-4.3592529296875,1.5665283203125,2.5675048828125
0.0375,-3.8787841796875,0.8458251953125,2.8477783203125
0.038,-3.7586669921875,0.1251220703125,3.4483642578125
0.0385,-3.1580810546875,-0.7156982421875,3.7286376953125
0.039,-2.7977294921875,-1.4764404296875,4.1290283203125
0.0395,-1.9969482421875,-2.4373779296875,4.3292236328125
0.04,-1.3963623046875,-2.8778076171875,4.1690673828125
0.0405,-0.4754638671875,-3.2381591796875,3.6485595703125
0.041,0.2852783203125,-3.8387451171875,3.4483642578125
0.0415,1.2061767578125,-4.1190185546875,2.8477783203125
0.042,1.9268798828125,-4.3592529296875,2.4073486328125
0.0425,2.8077392578125,-4.5194091796875,1.7667236328125
0.043,3.0079345703125,-4.0789794921875,1.1260986328125
0.0435,3.4884033203125,-3.8787841796875,0.4854736328125
0.044,3.7686767578125,-3.2781982421875,-0.3553466796875
0.0445,4.1290283203125,-2.8377685546875,-1.1561279296875
0.045,4.2891845703125,-2.1170654296875,-2.0770263671875
0.0455,4.4093017578125,-1.5965576171875,-2.6776123046875
0.046,3.8487548828125,-0.7156982421875,-2.9979248046875
0.0465,3.8087158203125,-0.1551513671875,-3.5584716796875
0.047,3.1680908203125,0.7657470703125,-3.8787841796875
0.0475,2.8477783203125,1.4864501953125,-4.2391357421875
0.048,2.1671142578125,2.3673095703125,-4.4793701171875
0.0485,1.4464111328125,2.6876220703125,-4.1590576171875
0.049,0.6055908203125,3.1680908203125,-3.7987060546875
0.0495,-0.2352294921875,3.6485595703125,-3.4383544921875
0.05,-1.1160888671875,3.9688720703125,-2.9578857421875
0.0505,-1.8768310546875,4.2091064453125,-2.4373779296875
0.051,-2.5975341796875,4.3292236328125,-1.8768310546875
0.0515,-2.7977294921875,3.8087158203125,-1.1561279296875
0.052,-3.3582763671875,3.8087158203125,-0.5955810546875
0.0525,-3.6385498046875,3.0880126953125,0.3653564453125
0.053,-4.0389404296875,2.6876220703125,1.1661376953125
0.0535,-4.2391357421875,1.9268798828125,2.0870361328125
0.054,-4.1590576171875,1.3663330078125,2.6075439453125
0.0545,-3.6785888671875,0.4854736328125,3.0079345703125
0.055,-3.5584716796875,-0.1551513671875,3.5284423828125
0.0555,-2.9578857421875,-1.0760498046875,3.8487548828125
0.056,-2.5174560546875,-1.7967529296875,4.1290283203125
0.0565,-1.8367919921875,-2.5975341796875,4.3292236328125
0.057,-0.9959716796875,-2.9578857421875,3.8087158203125
0.0575,-0.1951904296875,-3.5584716796875,3.6485595703125
0.058,0.7257080078125,-3.9188232421875,3.1280517578125
0.0585,1.5665283203125,-4.2391357421875,2.6475830078125
0.059,2.3673095703125,-4.4393310546875,2.0469970703125
0.0595,2.9278564453125,-4.3992919921875,1.5264892578125
0.06,3.1680908203125,-3.8387451171875,0.7257080078125
0.0605,3.6885986328125,-3.7586669921875,0.1251220703125
0.061,3.9688720703125,-2.9178466796875,-0.8758544921875
0.0615,4.2891845703125,-2.5574951171875,-1.5965576171875
0.062,4.4093017578125,-1.7967529296875,-2.5174560546875
0.0625,4.1290283203125,-1.1160888671875,-2.8778076171875
0.063,3.8087158203125,-0.3153076171875,-3.3582763671875
0.0635,3.5284423828125,0.4053955078125,-3.8387451171875
0.064,2.9278564453125,1.2862548828125,-4.1590576171875
0.0645,2.4473876953125,2.0469970703125,-4.3992919921875
0.065,1.7667236328125,2.7276611328125,-4.4793701171875
0.0655,0.8057861328125,3.0079345703125,-3.8387451171875
0.066,0.0050048828125,3.6485595703125,-3.7186279296875
0.0665,-0.9559326171875,3.9288330078125,-3.0379638671875
0.067,-1.6766357421875,4.2491455078125,-2.6375732421875
0.0675,-2.4373779296875,4.3292236328125,-1.9969482421875
0.068,-2.8778076171875,4.1290283203125,-1.4364013671875
0.0685,-3.1580810546875,3.6485595703125,-0.6356201171875
0.069,-3.7186279296875,3.4884033203125,0.0050048828125
0.0695,-3.8787841796875,2.6075439453125,1.0860595703125
0.07,-4.1990966796875,2.2471923828125,1.7266845703125
0.0705,-4.2791748046875,1.4864501953125,2.5675048828125
0.071,-3.7987060546875,0.7657470703125,2.8477783203125
0.0715,-3.5584716796875,0.0050048828125,3.3682861328125
0.072,-3.1180419921875,-0.7957763671875,3.7686767578125
0.0725,-2.5975341796875,-1.5965576171875,4.0889892578125
0.073,-1.9969482421875,-2.3172607421875,4.1690673828125
0.0735,-1.3162841796875,-2.8778076171875,4.0889892578125
0.074,-0.3953857421875,-3.1981201171875,3.4884033203125
0.0745,0.2852783203125,-3.7987060546875,3.4483642578125
0.075,1.3262939453125,-3.9989013671875,2.6475830078125
0.0755,1.9268798828125,-4.3192138671875,2.4073486328125
0.076,2.6475830078125,-4.3592529296875,1.7667236328125
0.0765,2.8878173828125,-3.9989013671875,1.1260986328125
0.077,3.2882080078125,-3.6385498046875,0.4454345703125
0.0775,3.7286376953125,-3.2781982421875,-0.3153076171875
0.078,3.9288330078125,-2.5574951171875,-1.2362060546875
0.0785,4.1290283203125,-2.1971435546875,-1.8367919921875
0.079,4.1690673828125,-1.5565185546875,-2.5174560546875
0.0795,3.6885986328125,-0.7957763671875,-2.7576904296875
0.08,3.6885986328125,-0.1551513671875,-3.3983154296875
0.0805,3.1280517578125,0.6856689453125,-3.7186279296875
0.081,2.8077392578125,1.3262939453125,-4.1190185546875
0.0815,2.2071533203125,2.0469970703125,-4.1990966796875
0.082,1.4864501953125,2.4473876953125,-3.9588623046875
0.0825,0.6055908203125,2.8878173828125,-3.5184326171875
0.083,-0.0750732421875,3.4884033203125,-3.4383544921875
0.0835,-1.0360107421875,3.7686767578125,-2.7576904296875
0.084,-1.5565185546875,4.0489501953125,-2.5574951171875
0.0845,-2.1971435546875,4.0889892578125,-1.9569091796875
0.085,-2.4373779296875,3.6885986328125,-1.3162841796875
0.0855,-2.9979248046875,3.5684814453125,-0.7156982421875
0.086,-3.3582763671875,3.0079345703125,0.1651611328125
0.0865,-3.7586669921875,2.6075439453125,0.9259033203125
0.087,-3.9188232421875,2.0870361328125,1.6466064453125
0.0875,-3.8787841796875,1.5665283203125,2.1671142578125
0.088,-3.4383544921875,0.7657470703125,2.5274658203125
0.0885,-3.4783935546875,0.0850830078125,3.1680908203125
0.089,-2.8778076171875,-0.8358154296875,3.4884033203125
0.0895,-2.5975341796875,-1.4764404296875,3.8487548828125
0.09,-1.9569091796875,-2.1170654296875,3.8887939453125
0.0905,-1.2362060546875,-2.4774169921875,3.6085205078125
0.091,-0.3953857421875,-3.0379638671875,3.3682861328125
0.0915,0.4053955078125,-3.5584716796875,3.0880126953125
0.092,1.2462158203125,-3.8387451171875,2.5675048828125
0.0925,1.7667236328125,-4.0789794921875,2.2872314453125
0.093,2.2872314453125,-4.0389404296875,1.7667236328125
0.0935,2.5675048828125,-3.5985107421875,1.0860595703125
0.094,3.1680908203125,-3.5584716796875,0.4854736328125
0.0945,3.4483642578125,-2.8778076171875,-0.4754638671875
0.095,3.8487548828125,-2.5975341796875,-1.0760498046875
0.0955,3.8887939453125,-1.9969482421875,-1.7967529296875
0.096,3.8087158203125,-1.5164794921875,-2.1971435546875
0.0965,3.4884033203125,-0.7156982421875,-2.6375732421875
0.097,3.4083251953125,-0.0750732421875,-3.2381591796875
0.0975,2.8878173828125,0.7657470703125,-3.5985107421875
0.098,2.6075439453125,1.2862548828125,-3.9188232421875
0.0985,1.9669189453125,1.9268798828125,-3.8787841796875
0.099,1.2061767578125,2.2872314453125,-3.5184326171875
0.0995,0.4854736328125,2.9278564453125,-3.4783935546875
0.1,-0.3153076171875,3.3282470703125,-2.9979248046875
0.1005,-0.9959716796875,3.6885986328125,-2.7176513671875
0.101,-1.5565185546875,3.8087158203125,-2.3572998046875
0.1015,-1.9569091796875,3.7286376953125,-1.9168701171875
0.102,-2.3172607421875,3.3682861328125,-1.2362060546875
0.1025,-2.9578857421875,3.3282470703125,-0.5955810546875
0.103,-3.1981201171875,2.6876220703125,0.3653564453125
0.1035,-3.6385498046875,2.5274658203125,0.9659423828125
0.104,-3.7186279296875,1.8868408203125,1.5665283203125
0.1045,-3.4783935546875,1.3262939453125,1.9268798828125
0.105,-3.3582763671875,0.5655517578125,2.5675048828125
0.1055,-3.0780029296875,-0.1951904296875,3.0479736328125
0.106,-2.7576904296875,-0.9158935546875,3.4483642578125
0.1065,-2.3172607421875,-1.4764404296875,3.6485595703125
0.107,-1.7567138671875,-1.9969482421875,3.6485595703125
0.1075,-0.9559326171875,-2.4373779296875,3.2481689453125
0.108,-0.2352294921875,-3.1981201171875,3.3282470703125
0.1085,0.6856689453125,-3.4783935546875,2.6876220703125
0.109,1.2462158203125,-3.8787841796875,2.6075439453125
0.1095,1.7667236328125,-3.8787841796875,2.1270751953125
0.11,2.0870361328125,-3.7186279296875,1.6466064453125
0.1105,2.6075439453125,-3.4783935546875,0.9259033203125
0.111,3.1680908203125,-3.2381591796875,0.1651611328125
0.1115,3.4884033203125,-2.7176513671875,-0.6756591796875
0.112,3.8087158203125,-2.4373779296875,-1.2762451171875
0.1125,3.8087158203125,-1.7967529296875,-1.8768310546875
0.113,3.5284423828125,-1.2362060546875,-2.2371826171875
0.1135,3.5284423828125,-0.5155029296875,-2.9178466796875
0.114,3.0479736328125,0.3253173828125,-3.3582763671875
0.1145,2.8477783203125,1.0059814453125,-3.7987060546875
0.115,2.2471923828125,1.5665283203125,-3.7987060546875
0.1155,1.6065673828125,2.0469970703125,-3.6785888671875
0.116,0.7657470703125,2.5274658203125,-3.3582763671875
0.1165,0.0850830078125,3.1680908203125,-3.2781982421875
0.117,-0.7957763671875,3.4483642578125,-2.6776123046875
0.1175,-1.2762451171875,3.7686767578125,-2.5574951171875
0.118,-1.7967529296875,3.7286376953125,-1.9969482421875
0.1185,-2.1170654296875,3.4483642578125,-1.4364013671875
0.119,-2.6776123046875,3.3282470703125,-0.7957763671875
0.1195,-3.0780029296875,2.8477783203125,0.0850830078125
0.12,-3.4383544921875,2.4874267578125,0.7657470703125
0.1205,-3.5985107421875,2.0469970703125,1.3663330078125
0.121,-3.5584716796875,1.4864501953125,1.8468017578125
0.1215,-3.1981201171875,0.7657470703125,2.2471923828125
0.122,-3.2781982421875,0.0850830078125,2.8878173828125
0.1225,-2.6776123046875,-0.7156982421875,3.2481689453125
0.123,-2.4774169921875,-1.2762451171875,3.6085205078125
0.1235,-1.8367919921875,-1.7967529296875,3.5284423828125
0.124,-1.2362060546875,-2.2371826171875,3.3282470703125
0.1245,-0.3953857421875,-2.7576904296875,3.1280517578125
0.125,0.3253173828125,-3.3182373046875,2.8878173828125
0.1255,1.0860595703125,-3.5985107421875,2.4874267578125
0.126,1.5264892578125,-3.8387451171875,2.2872314453125
0.1265,1.9669189453125,-3.7586669921875,1.8067626953125
0.127,2.2872314453125,-3.4383544921875,1.1661376953125
0.1275,2.9678955078125,-3.3983154296875,0.5255126953125
0.128,3.2481689453125,-2.7576904296875,-0.3553466796875
0.1285,3.6485595703125,-2.5975341796875,-0.9959716796875
0.129,3.6885986328125,-2.0369873046875,-1.5565185546875
0.1295,3.6485595703125,-1.5965576171875,-1.9569091796875
0.13,3.3682861328125,-0.7957763671875,-2.5574951171875
0.1305,3.3282470703125,-0.0750732421875,-3.1580810546875
0.131,2.8878173828125,0.6856689453125,-3.5184326171875
0.1315,2.6075439453125,1.2061767578125,-3.7987060546875
0.132,1.9268798828125,1.8067626953125,-3.6785888671875
0.1325,1.2462158203125,2.2471923828125,-3.3983154296875
0.133,0.4454345703125,2.8878173828125,-3.3582763671875
0.1335,-0.3553466796875,3.2481689453125,-2.9178466796875
0.134,-0.9959716796875,3.6485595703125,-2.6776123046875
0.1345,-1.4364013671875,3.6885986328125,-2.3172607421875
0.135,-1.8768310546875,3.6485595703125,-1.8768310546875
0.1355,-2.2772216796875,3.2882080078125,-1.1561279296875
0.136,-2.9178466796875,3.2081298828125,-0.4354248046875
0.1365,-3.1981201171875,2.5274658203125,0.4854736328125
0.137,-3.5985107421875,2.3673095703125,1.0460205078125
0.1375,-3.5184326171875,1.7266845703125,1.5665283203125
0.138,-3.3582763671875,1.1661376953125,1.9268798828125
0.1385,-3.1981201171875,0.4053955078125,2.5675048828125
0.139,-2.9178466796875,-0.3153076171875,3.0479736328125
0.1395,-2.5574951171875,-1.0360107421875,3.4483642578125
0.14,-2.1170654296875,-1.4764404296875,3.5284423828125
0.1405,-1.5164794921875,-1.9969482421875,3.4483642578125
0.141,-0.7156982421875,-2.4774169921875,3.1280517578125
0.1415,-0.0350341796875,-3.1580810546875,3.1280517578125
0.142,0.8057861328125,-3.3983154296875,2.5274658203125
0.1425,1.2862548828125,-3.7987060546875,2.4473876953125
0.143,1.7266845703125,-3.6785888671875,1.9268798828125
0.1435,2.0870361328125,-3.5584716796875,1.4864501953125
0.144,2.5675048828125,-3.2381591796875,0.7657470703125
0.1445,3.1280517578125,-3.0379638671875,0.0050048828125
0.145,3.3682861328125,-2.5574951171875,-0.7156982421875
0.1455,3.6485595703125,-2.3572998046875,-1.2362060546875
0.146,3.5284423828125,-1.7567138671875,-1.7567138671875
0.1465,3.3682861328125,-1.1561279296875,-2.1571044921875
0.147,3.3682861328125,-0.3953857421875,-2.8377685546875
0.1475,2.9278564453125,0.3653564453125,-3.1981201171875
0.148,2.7677001953125,0.9659423828125,-3.6385498046875
0.1485,2.1671142578125,1.4063720703125,-3.5584716796875
0.149,1.6065673828125,1.9268798828125,-3.5184326171875
0.1495,0.7657470703125,2.4073486328125,-3.1981201171875
0.15,0.1251220703125,3.0479736328125,-3.1981201171875
0.1505,-0.6356201171875,3.3282470703125,-2.7176513671875
0.151,-1.0760498046875,3.6085205078125,-2.5975341796875
0.1515,-1.5565185546875,3.5284423828125,-2.0770263671875
0.152,-1.9168701171875,3.3682861328125,-1.5965576171875
0.1525,-2.5574951171875,3.2481689453125,-0.8358154296875
0.153,-2.9178466796875,2.7677001953125,0.0050048828125
0.1535,-3.3182373046875,2.4874267578125,0.6055908203125
0.154,-3.4783935546875,2.0870361328125,1.1260986328125
0.1545,-3.3983154296875,1.6065673828125,1.6065673828125
0.155,-3.1580810546875,0.8858642578125,2.1270751953125
0.1555,-3.1981201171875,0.2052001953125,2.8077392578125
0.156,-2.7176513671875,-0.5955810546875,3.1680908203125
0.1565,-2.5574951171875,-1.1160888671875,3.4884033203125
0.157,-1.8768310546875,-1.6365966796875,3.3682861328125
0.1575,-1.2762451171875,-2.0770263671875,3.2481689453125
0.158,-0.4354248046875,-2.7176513671875,3.0880126953125
0.1585,0.2852783203125,-3.1981201171875,2.8477783203125
0.159,0.9659423828125,-3.5584716796875,2.5274658203125
0.1595,1.3262939453125,-3.7186279296875,2.3272705078125
0.16,1.8067626953125,-3.6385498046875,1.8468017578125
0.1605,2.2071533203125,-3.3582763671875,1.2061767578125
0.161,2.8477783203125,-3.3182373046875,0.4854736328125
0.1615,3.1680908203125,-2.7176513671875,-0.3553466796875
0.162,3.5284423828125,-2.5975341796875,-0.9959716796875
0.1625,3.5284423828125,-1.9969482421875,-1.4364013671875
0.163,3.5284423828125,-1.5164794921875,-1.9168701171875
0.1635,3.3282470703125,-0.7156982421875,-2.5174560546875
0.164,3.2081298828125,-0.0350341796875,-3.0780029296875
0.1645,2.8477783203125,0.7257080078125,-3.4783935546875
0.165,2.5274658203125,1.2061767578125,-3.6385498046875
0.1655,1.8067626953125,1.7667236328125,-3.5584716796875
0.166,1.0860595703125,2.2471923828125,-3.2781982421875
0.1665,0.3253173828125,2.8878173828125,-3.2381591796875
0.167,-0.4354248046875,3.2481689453125,-2.8377685546875
0.1675,-0.9959716796875,3.6085205078125,-2.5975341796875
0.168,-1.3963623046875,3.5284423828125,-2.2371826171875
0.1685,-1.8768310546875,3.5284423828125,-1.7967529296875
0.169,-2.3172607421875,3.1680908203125,-0.9959716796875
0.1695,-2.9178466796875,3.0479736328125,-0.3153076171875
0.17,-3.2381591796875,2.4073486328125,0.5655517578125
0.1705,-3.5584716796875,2.2471923828125,1.0860595703125
0.171,-3.3582763671875,1.5665283203125,1.6065673828125
0.1715,-3.2781982421875,1.0460205078125,2.0469970703125
0.172,-3.1180419921875,0.2452392578125,2.6876220703125
0.1725,-2.7977294921875,-0.5155029296875,3.1280517578125
0.173,-2.4373779296875,-1.1561279296875,3.4884033203125
0.1735,-1.9569091796875,-1.5965576171875,3.4483642578125
0.174,-1.3162841796875,-2.1571044921875,3.3682861328125
0.1745,-0.5155029296875,-2.6375732421875,3.0479736328125
0.175,0.1651611328125,-3.2381591796875,3.0079345703125
0.1755,1.0460205078125,-3.5584716796875,2.4073486328125
0.176,1.5264892578125,-3.8387451171875,2.2872314453125
0.1765,1.8868408203125,-3.5985107421875,1.7667236328125
0.177,2.2471923828125,-3.5584716796875,1.2462158203125
0.1775,2.7276611328125,-3.1981201171875,0.4854736328125
0.178,3.1680908203125,-2.9178466796875,-0.2752685546875
0.1785,3.5284423828125,-2.3572998046875,-1.0360107421875
0.179,3.6485595703125,-2.0770263671875,-1.4764404296875
0.1795,3.5284423828125,-1.3963623046875,-1.9969482421875
0.18,3.3282470703125,-0.7557373046875,-2.4373779296875
0.1805,3.2081298828125,-0.0350341796875,-3.0780029296875
0.181,2.8077392578125,0.7257080078125,-3.4383544921875
0.1815,2.5274658203125,1.2862548828125,-3.7987060546875
0.182,1.8468017578125,1.7266845703125,-3.5584716796875
0.1825,1.2462158203125,2.2471923828125,-3.4783935546875
0.183,0.3653564453125,2.7276611328125,-3.1580810546875
0.1835,-0.3153076171875,3.2481689453125,-2.9979248046875
0.184,-1.1160888671875,3.5684814453125,-2.5174560546875
0.1845,-1.4764404296875,3.6885986328125,-2.2772216796875
0.185,-1.9569091796875,3.4884033203125,-1.7166748046875
0.1855,-2.3172607421875,3.3282470703125,-1.1561279296875
0.186,-2.8778076171875,3.0479736328125,-0.3553466796875
0.1865,-3.2381591796875,2.5675048828125,0.4854736328125
0.187,-3.5584716796875,2.2471923828125,1.2061767578125
0.1875,-3.5184326171875,1.7266845703125,1.5665283203125
0.188,-3.3983154296875,1.1260986328125,2.1270751953125
0.1885,-3.1580810546875,0.3253173828125,2.5675048828125
0.189,-2.9979248046875,-0.3153076171875,3.1680908203125
0.1895,-2.4774169921875,-1.1961669921875,3.4884033203125
0.19,-2.1571044921875,-1.6365966796875,3.6885986328125
0.1905,-1.3162841796875,-2.1571044921875,3.3682861328125
0.191,-0.6756591796875,-2.6375732421875,3.2882080078125
0.1915,0.1251220703125,-3.1981201171875,2.9278564453125
0.192,0.8858642578125,-3.5584716796875,2.6475830078125
0.1925,1.6065673828125,-3.8787841796875,2.2471923828125
0.193,1.9268798828125,-3.8387451171875,1.8868408203125
0.1935,2.4073486328125,-3.7186279296875,1.2862548828125
0.194,2.7677001953125,-3.3582763671875,0.5655517578125
0.1945,3.3282470703125,-3.0780029296875,-0.1551513671875
0.195,3.5684814453125,-2.4373779296875,-1.0360107421875
0.1955,3.8487548828125,-2.1170654296875,-1.5965576171875
0.196,3.5684814453125,-1.4364013671875,-1.9969482421875
0.1965,3.5684814453125,-0.9158935546875,-2.5174560546875
0.197,3.2081298828125,-0.0750732421875,-3.0379638671875
0.1975,3.0079345703125,0.6055908203125,-3.5184326171875
0.198,2.4874267578125,1.4063720703125,-3.8387451171875
0.1985,2.0469970703125,1.8067626953125,-3.7586669921875
0.199,1.2462158203125,2.3272705078125,-3.5584716796875
0.1995,0.4854736328125,2.7677001953125,-3.2381591796875
0.2,-0.2752685546875,3.2481689453125,-3.0379638671875
0.2005,-0.9959716796875,3.5684814453125,-2.5574951171875
0.201,-1.6365966796875,3.8087158203125,-2.2772216796875
0.2015,-1.9168701171875,3.5284423828125,-1.7567138671875
0.202,-2.4373779296875,3.5284423828125,-1.2762451171875
0.2025,-2.7977294921875,3.0880126953125,-0.3953857421875
0.203,-3.3182373046875,2.8477783203125,0.2852783203125
0.2035,-3.5584716796875,2.1671142578125,1.2061767578125
0.204,-3.7186279296875,1.8868408203125,1.6466064453125
0.2045,-3.3983154296875,1.1260986328125,2.0469970703125
0.205,-3.2781982421875,0.5655517578125,2.5675048828125
0.2055,-2.9979248046875,-0.2752685546875,3.0479736328125
0.206,-2.6375732421875,-0.9959716796875,3.4483642578125
0.2065,-2.1971435546875,-1.6365966796875,3.7286376953125
0.207,-1.5965576171875,-1.9969482421875,3.4884033203125
0.2075,-0.9158935546875,-2.5975341796875,3.4083251953125
0.208,-0.0350341796875,-3.0379638671875,3.0079345703125
0.2085,0.6055908203125,-3.5584716796875,2.8477783203125
0.209,1.4464111328125,-3.8387451171875,2.3272705078125
0.2095,1.9268798828125,-3.9989013671875,2.0469970703125
0.21,2.2471923828125,-3.6785888671875,1.4063720703125
0.2105,2.6876220703125,-3.5584716796875,0.9259033203125
0.211,3.1280517578125,-3.0780029296875,0.0050048828125
0.2115,3.5684814453125,-2.7576904296875,-0.6756591796875
0.212,3.8487548828125,-2.1971435546875,-1.5565185546875
0.2125,3.8087158203125,-1.7967529296875,-1.8768310546875
0.213,3.6085205078125,-1.0360107421875,-2.4373779296875
0.2135,3.3682861328125,-0.3553466796875,-2.9178466796875
0.214,3.1280517578125,0.3653564453125,-3.3983154296875
0.2145,2.6876220703125,1.1661376953125,-3.7586669921875
0.215,2.2471923828125,1.7667236328125,-3.9989013671875
0.2155,1.4464111328125,2.1671142578125,-3.5584716796875
0.216,0.8057861328125,2.7276611328125,-3.5584716796875
0.2165,-0.0350341796875,3.1680908203125,-3.1180419921875
0.217,-0.7957763671875,3.5684814453125,-2.8778076171875
0.2175,-1.5965576171875,3.8487548828125,-2.3172607421875
0.218,-1.9569091796875,3.7686767578125,-1.9569091796875
0.2185,-2.3973388671875,3.5284423828125,-1.2762451171875
0.219,-2.8377685546875,3.3682861328125,-0.6756591796875
0.2195,-3.2381591796875,2.8477783203125,0.2052001953125
0.22,-3.5985107421875,2.4473876953125,1.0059814453125
0.2205,-3.8387451171875,1.9268798828125,1.7667236328125
0.221,-3.5584716796875,1.2862548828125,2.0870361328125
0.2215,-3.5184326171875,0.6456298828125,2.6475830078125
0.222,-3.0780029296875,-0.1551513671875,3.0880126953125
0.2225,-2.8377685546875,-0.9158935546875,3.5284423828125
0.223,-2.2371826171875,-1.6766357421875,3.8087158203125
0.2235,-1.7166748046875,-2.1971435546875,3.8087158203125
0.224,-0.8758544921875,-2.5975341796875,3.3682861328125
0.2245,-0.1951904296875,-3.1981201171875,3.3282470703125
0.225,0.7257080078125,-3.5985107421875,2.8077392578125
0.2255,1.4063720703125,-3.9989013671875,2.4874267578125
0.226,2.2071533203125,-4.2391357421875,1.9268798828125
0.2265,2.5274658203125,-3.8787841796875,1.4063720703125
0.227,2.9678955078125,-3.7186279296875,0.7657470703125
0.2275,3.3682861328125,-3.2781982421875,0.0050048828125
0.228,3.7686767578125,-2.8377685546875,-0.7957763671875
0.2285,4.0089111328125,-2.2772216796875,-1.6365966796875
0.229,4.1290283203125,-1.7166748046875,-2.3172607421875
0.2295,3.6885986328125,-0.9559326171875,-2.6375732421875
0.23,3.7286376953125,-0.3553466796875,-3.2381591796875
0.2305,3.1680908203125,0.5655517578125,-3.6385498046875
0.231,2.8477783203125,1.2862548828125,-4.0389404296875
0.2315,2.2071533203125,2.1671142578125,-4.2791748046875
0.232,1.4864501953125,2.5675048828125,-3.9989013671875
0.2325,0.6055908203125,3.0479736328125,-3.5985107421875
0.233,-0.1951904296875,3.5284423828125,-3.3582763671875
0.2335,-1.1561279296875,3.8487548828125,-2.7576904296875
0.234,-1.8367919921875,4.1290283203125,-2.4373779296875
0.2345,-2.5574951171875,4.2091064453125,-1.7967529296875
0.235,-2.7576904296875,3.7286376953125,-1.0760498046875
0.2355,-3.2781982421875,3.6485595703125,-0.5155029296875
0.236,-3.5985107421875,2.9278564453125,0.4854736328125
0.2365,-3.9588623046875,2.4473876953125,1.2862548828125
0.237,-4.1590576171875,1.7667236328125,2.1270751953125
0.2375,-4.0389404296875,1.2061767578125,2.6876220703125
0.238,-3.4783935546875,0.3253173828125,2.9678955078125
0.2385,-3.3983154296875,-0.3153076171875,3.5284423828125
0.239,-2.7176513671875,-1.2762451171875,3.8487548828125
0.2395,-2.2772216796875,-1.9569091796875,4.0889892578125
0.24,-1.5965576171875,-2.7176513671875,4.2091064453125
0.2405,-0.7557373046875,-3.0379638671875,3.6885986328125
0.241,0.0050048828125,-3.5584716796875,3.4483642578125
0.2415,0.9259033203125,-3.9989013671875,3.0079345703125
0.242,1.7667236328125,-4.2791748046875,2.3673095703125
0.2425,2.4073486328125,-4.3592529296875,1.9268798828125
0.243,3.0079345703125,-4.3192138671875,1.3663330078125
0.2435,3.1680908203125,-3.7186279296875,0.6055908203125
0.244,3.6885986328125,-3.5985107421875,0.0050048828125
0.2445,3.9288330078125,-2.7576904296875,-1.0760498046875
0.245,4.2091064453125,-2.3572998046875,-1.7166748046875
0.2455,4.3292236328125,-1.6365966796875,-2.5574951171875
0.246,4.0889892578125,-0.9959716796875,-2.9578857421875
0.2465,3.6485595703125,-0.1951904296875,-3.3582763671875
0.247,3.4884033203125,0.4854736328125,-3.8787841796875
0.2475,2.7677001953125,1.4864501953125,-4.1590576171875
0.248,2.3673095703125,2.0870361328125,-4.3592529296875
0.2485,1.6065673828125,2.8077392578125,-4.3992919921875
0.249,0.6856689453125,3.0479736328125,-3.7987060546875
0.2495,-0.0350341796875,3.6485595703125,-3.5985107421875
0.25,-1.1160888671875,3.9688720703125,-2.9578857421875
0.2505,-1.8367919921875,4.2091064453125,-2.5174560546875
0.251,-2.4373779296875,4.3292236328125,-1.9569091796875
0.2515,-2.9578857421875,4.1290283203125,-1.3162841796875
0.252,-3.1981201171875,3.5684814453125,-0.5555419921875
0.2525,-3.7586669921875,3.4483642578125,0.1251220703125
0.253,-3.9588623046875,2.4874267578125,1.2862548828125
0.2535,-4.1990966796875,2.1671142578125,1.8468017578125
0.254,-4.1990966796875,1.4063720703125,2.6075439453125
0.2545,-3.7987060546875,0.6456298828125,2.9278564453125
0.255,-3.4783935546875,-0.0750732421875,3.4083251953125
0.2555,-3.0780029296875,-0.9959716796875,3.8487548828125
0.256,-2.4373779296875,-1.8768310546875,4.1290283203125
0.2565,-1.9569091796875,-2.3973388671875,4.2091064453125
0.257,-1.2362060546875,-3.0379638671875,4.1290283203125
0.2575,-0.2752685546875,-3.3182373046875,3.4884033203125
0.258,0.4454345703125,-3.9588623046875,3.3682861328125
0.2585,1.5665283203125,-4.1590576171875,2.5274658203125
0.259,2.2071533203125,-4.3592529296875,2.2071533203125
0.2595,2.8077392578125,-4.3592529296875,1.6065673828125
0.26,3.1680908203125,-4.0389404296875,0.9659423828125
0.2605,3.4483642578125,-3.5584716796875,0.2052001953125
0.261,3.9688720703125,-3.2781982421875,-0.5555419921875
0.2615,4.1290283203125,-2.3973388671875,-1.5965576171875
0.262,4.3292236328125,-2.0770263671875,-2.1170654296875
0.2625,4.2891845703125,-1.3162841796875,-2.8377685546875
0.263,3.8087158203125,-0.5155029296875,-3.1180419921875
0.2635,3.6485595703125,0.1251220703125,-3.7186279296875
0.264,3.0479736328125,1.0860595703125,-4.0389404296875
0.2645,2.5675048828125,1.8468017578125,-4.3592529296875
0.265,1.9669189453125,2.4073486328125,-4.3592529296875
0.2655,1.2061767578125,2.9278564453125,-4.1590576171875
0.266,0.2452392578125,3.2081298828125,-3.5584716796875
0.2665,-0.5155029296875,3.8887939453125,-3.4383544921875
0.267,-1.5965576171875,4.0889892578125,-2.5574951171875
0.2675,-2.0770263671875,4.3292236328125,-2.3172607421875
0.268,-2.6776123046875,4.1690673828125,-1.6365966796875
0.2685,-2.9979248046875,3.8087158203125,-0.9559326171875
0.269,-3.4383544921875,3.4483642578125,-0.1951904296875
0.2695,-3.8387451171875,2.9678955078125,0.6856689453125
0.27,-4.1190185546875,2.2471923828125,1.6466064453125
0.2705,-4.1590576171875,1.8067626953125,2.1671142578125
0.271,-4.0389404296875,1.0860595703125,2.7677001953125
0.2715,-3.5184326171875,0.2452392578125,3.0479736328125
0.272,-3.3983154296875,-0.4354248046875,3.6885986328125
0.2725,-2.6375732421875,-1.5164794921875,3.9688720703125
0.273,-2.2772216796875,-2.1170654296875,4.2491455078125
0.2735,-1.5164794921875,-2.7176513671875,4.0889892578125
0.274,-0.7557373046875,-3.1981201171875,3.7686767578125
0.2745,0.1251220703125,-3.5184326171875,3.2882080078125
0.275,0.9659423828125,-4.0789794921875,3.0880126953125
0.2755,1.9669189453125,-4.2391357421875,2.2471923828125
0.276,2.4073486328125,-4.3592529296875,2.0069580078125
0.2765,2.9278564453125,-4.1990966796875,1.2862548828125
0.277,3.2081298828125,-3.7186279296875,0.5655517578125
0.2775,3.7686767578125,-3.4783935546875,-0.1551513671875
0.278,4.0489501953125,-2.7576904296875,-1.1561279296875
0.2785,4.2891845703125,-2.2371826171875,-1.9569091796875
0.279,4.2491455078125,-1.6766357421875,-2.4373779296875
0.2795,4.0889892578125,-0.9559326171875,-2.9979248046875
0.28,3.5684814453125,-0.1151123046875,-3.3182373046875
0.2805,3.4884033203125,0.6055908203125,-3.9188232421875
0.281,2.6475830078125,1.6466064453125,-4.1990966796875
0.2815,2.2872314453125,2.1671142578125,-4.4393310546875
0.282,1.4063720703125,2.6876220703125,-4.1990966796875
0.2825,0.6055908203125,3.1680908203125,-3.7987060546875
0.283,-0.2352294921875,3.6485595703125,-3.3983154296875
0.2835,-1.1561279296875,4.0489501953125,-2.9578857421875
0.284,-2.0369873046875,4.2891845703125,-2.2772216796875
0.2845,-2.3973388671875,4.2091064453125,-1.9569091796875
0.285,-2.9578857421875,4.0489501953125,-1.2362060546875
0.2855,-3.1981201171875,3.5284423828125,-0.4354248046875
0.286,-3.7987060546875,3.3282470703125,0.2852783203125
0.2865,-3.9989013671875,2.4073486328125,1.4063720703125
0.287,-4.2391357421875,2.0069580078125,2.0469970703125
0.2875,-4.0389404296875,1.2862548828125,2.5274658203125
0.288,-3.7987060546875,0.5655517578125,3.0479736328125
0.2885,-3.2781982421875,-0.2752685546875,3.3682861328125
0.289,-3.0379638671875,-1.0360107421875,3.8887939453125
0.2895,-2.2772216796875,-2.0770263671875,4.1290283203125
0.29,-1.8768310546875,-2.5174560546875,4.1290283203125
0.2905,-0.9959716796875,-3.0379638671875,3.8887939453125
0.291,-0.1151123046875,-3.3582763671875,3.4483642578125
0.2915,0.6856689453125,-3.8787841796875,3.1680908203125
0.292,1.6466064453125,-4.1990966796875,2.5274658203125
0.2925,2.3673095703125,-4.3592529296875,2.0469970703125
0.293,2.6075439453125,-4.1590576171875,1.5665283203125
0.2935,3.1680908203125,-3.9588623046875,0.8858642578125
0.294,3.3682861328125,-3.3582763671875,0.0850830078125
0.2945,3.8887939453125,-3.1981201171875,-0.6356201171875
0.295,4.0889892578125,-2.2772216796875,-1.6766357421875
0.2955,4.2491455078125,-1.9969482421875,-2.1170654296875
0.296,3.9688720703125,-1.2362060546875,-2.6375732421875
0.2965,3.7286376953125,-0.5955810546875,-3.0379638671875
0.297,3.3682861328125,0.2052001953125,-3.5584716796875
0.2975,3.0079345703125,0.9659423828125,-3.9188232421875
0.298,2.4473876953125,1.8067626953125,-4.2391357421875
0.2985,1.9268798828125,2.2071533203125,-4.0789794921875
0.299,1.1260986328125,2.8077392578125,-3.8787841796875
0.2995,0.2452392578125,3.1280517578125,-3.3582763671875
0.3,-0.4754638671875,3.7286376953125,-3.2381591796875
0.3005,-1.3963623046875,3.8887939453125,-2.5574951171875
0.301,-1.9168701171875,4.1290283203125,-2.3172607421875
0.3015,-2.2772216796875,3.8487548828125,-1.7166748046875
0.302,-2.7176513671875,3.7286376953125,-1.1561279296875
0.3025,-3.0780029296875,3.2481689453125,-0.3153076171875
0.303,-3.5985107421875,2.9678955078125,0.4454345703125
0.3035,-3.8387451171875,2.2471923828125,1.3663330078125
0.304,-3.9188232421875,1.9268798828125,1.7667236328125
0.3045,-3.7186279296875,1.1661376953125,2.3673095703125
0.305,-3.3983154296875,0.4854736328125,2.7276611328125
0.3055,-3.2381591796875,-0.3153076171875,3.3282470703125
0.306,-2.7176513671875,-1.1561279296875,3.6485595703125
0.3065,-2.3572998046875,-1.7567138671875,3.9688720703125
0.307,-1.6766357421875,-2.1170654296875,3.6885986328125
0.3075,-0.9959716796875,-2.7176513671875,3.6085205078125
0.308,-0.0350341796875,-3.1580810546875,3.1280517578125
0.3085,0.6055908203125,-3.7186279296875,3.0479736328125
0.309,1.5264892578125,-3.8787841796875,2.3673095703125
0.3095,1.8868408203125,-4.0789794921875,2.2071533203125
0.31,2.2872314453125,-3.8387451171875,1.5665283203125
0.3105,2.6876220703125,-3.5985107421875,1.0059814453125
0.311,3.1680908203125,-3.2381591796875,0.1651611328125
0.3115,3.5684814453125,-2.8377685546875,-0.6356201171875
0.312,3.8487548828125,-2.3973388671875,-1.3563232421875
0.3125,3.8487548828125,-1.9569091796875,-1.7567138671875
0.313,3.7286376953125,-1.3162841796875,-2.3172607421875
0.3135,3.4083251953125,-0.5955810546875,-2.7576904296875
0.314,3.3282470703125,0.1251220703125,-3.3983154296875
0.3145,2.7677001953125,1.0059814453125,-3.7186279296875
0.315,2.5274658203125,1.5264892578125,-3.9989013671875
0.3155,1.7667236328125,1.9669189453125,-3.6785888671875
0.316,1.1260986328125,2.4874267578125,-3.5584716796875
0.3165,0.2052001953125,3.0079345703125,-3.1981201171875
0.317,-0.4754638671875,3.4884033203125,-3.0379638671875
0.3175,-1.2762451171875,3.8087158203125,-2.5574951171875
0.318,-1.5965576171875,3.8087158203125,-2.3172607421875
0.3185,-2.1170654296875,3.6885986328125,-1.6766357421875
0.319,-2.5174560546875,3.3682861328125,-0.9959716796875
0.3195,-3.0780029296875,3.1680908203125,-0.1951904296875
0.32,-3.3983154296875,2.5675048828125,0.6055908203125
0.3205,-3.7586669921875,2.2872314453125,1.2462158203125
0.321,-3.5584716796875,1.6866455078125,1.6466064453125
0.3215,-3.5584716796875,1.0860595703125,2.2471923828125
0.322,-3.1981201171875,0.1651611328125,2.7677001953125
0.3225,-3.0780029296875,-0.4754638671875,3.3282470703125
0.323,-2.5174560546875,-1.3162841796875,3.6485595703125
0.3235,-2.1170654296875,-1.7166748046875,3.7286376953125
0.324,-1.3162841796875,-2.2772216796875,3.5284423828125
0.3245,-0.6356201171875,-2.7576904296875,3.3282470703125
0.325,0.2052001953125,-3.3582763671875,3.0479736328125
0.3255,0.9659423828125,-3.7186279296875,2.6475830078125
0.326,1.6466064453125,-3.9989013671875,2.3272705078125
0.3265,1.9268798828125,-3.8387451171875,1.9268798828125
0.327,2.5274658203125,-3.7987060546875,1.3262939453125
0.3275,2.8477783203125,-3.2781982421875,0.4854736328125
0.328,3.4483642578125,-3.1180419921875,-0.1951904296875
0.3285,3.6885986328125,-2.4373779296875,-1.1160888671875
0.329,3.8887939453125,-2.1971435546875,-1.5965576171875
0.3295,3.6485595703125,-1.4364013671875,-2.0770263671875
0.33,3.5684814453125,-0.9559326171875,-2.5975341796875
0.3305,3.2481689453125,0.0050048828125,-3.1580810546875
0.331,3.0079345703125,0.6856689453125,-3.5985107421875
0.3315,2.5274658203125,1.4464111328125,-3.9188232421875
0.332,1.9669189453125,1.8468017578125,-3.7987060546875
0.3325,1.2061767578125,2.4073486328125,-3.5584716796875
0.333,0.3653564453125,2.8477783203125,-3.2381591796875
0.3335,-0.3153076171875,3.3282470703125,-3.0780029296875
0.334,-1.1160888671875,3.6485595703125,-2.5574951171875
0.3345,-1.6365966796875,3.8487548828125,-2.3172607421875
0.335,-1.9168701171875,3.5684814453125,-1.7567138671875
0.3355,-2.4373779296875,3.5684814453125,-1.2362060546875
0.336,-2.8377685546875,3.0880126953125,-0.3553466796875
0.3365,-3.3182373046875,2.8077392578125,0.3253173828125
0.337,-3.5584716796875,2.1671142578125,1.1661376953125
0.3375,-3.5985107421875,1.9268798828125,1.5264892578125
0.338,-3.3983154296875,1.1260986328125,2.0069580078125
0.3385,-3.2381591796875,0.5655517578125,2.5274658203125
0.339,-2.9979248046875,-0.2752685546875,3.0880126953125
0.3395,-2.5975341796875,-0.9959716796875,3.4483642578125
0.34,-2.2772216796875,-1.5965576171875,3.7286376953125
0.3405,-1.5965576171875,-1.9569091796875,3.4083251953125
0.341,-0.9959716796875,-2.5174560546875,3.4083251953125
0.3415,-0.0750732421875,-2.9578857421875,3.0079345703125
0.342,0.5655517578125,-3.5184326171875,2.8477783203125
0.3425,1.3663330078125,-3.7586669921875,2.3673095703125
0.343,1.7266845703125,-3.8787841796875,2.2071533203125
0.3435,2.0870361328125,-3.5985107421875,1.5264892578125
0.344,2.5675048828125,-3.5184326171875,0.9659423828125
0.3445,3.0479736328125,-3.0780029296875,0.1251220703125
0.345,3.4483642578125,-2.7977294921875,-0.5955810546875
0.3455,3.7686767578125,-2.3572998046875,-1.3162841796875
0.346,3.6885986328125,-1.9569091796875,-1.6766357421875
0.3465,3.6085205078125,-1.2762451171875,-2.2772216796875
0.347,3.3682861328125,-0.4754638671875,-2.7576904296875
0.3475,3.1680908203125,0.2452392578125,-3.3582763671875
0.348,2.7276611328125,1.0059814453125,-3.6785888671875
0.3485,2.4073486328125,1.5264892578125,-3.8387451171875
0.349,1.5665283203125,1.9268798828125,-3.5184326171875
0.3495,0.9659423828125,2.5274658203125,-3.5184326171875
0.35,0.0850830078125,3.0079345703125,-3.1180419921875
0.3505,-0.5555419921875,3.4483642578125,-2.9178466796875
0.351,-1.3162841796875,3.7286376953125,-2.4774169921875
0.3515,-1.5965576171875,3.6885986328125,-2.1971435546875
0.352,-2.0770263671875,3.5284423828125,-1.5565185546875
0.3525,-2.5174560546875,3.2481689453125,-0.8758544921875
0.353,-3.0780029296875,2.8878173828125,-0.0350341796875
0.3535,-3.3983154296875,2.4473876953125,0.7257080078125
0.354,-3.6785888671875,2.0870361328125,1.2862548828125
0.3545,-3.3983154296875,1.5264892578125,1.6866455078125
0.355,-3.3983154296875,0.9659423828125,2.2872314453125
0.3555,-3.0780029296875,0.0850830078125,2.8077392578125
0.356,-2.8778076171875,-0.5955810546875,3.2882080078125
0.3565,-2.3973388671875,-1.3162841796875,3.5684814453125
0.357,-1.9569091796875,-1.7166748046875,3.5284423828125
0.3575,-1.1561279296875,-2.2371826171875,3.2882080078125
0.358,-0.4754638671875,-2.7576904296875,3.1680908203125
0.3585,0.3253173828125,-3.2381591796875,2.8477783203125
0.359,1.0059814453125,-3.5985107421875,2.5675048828125
0.3595,1.6065673828125,-3.8387451171875,2.2471923828125
0.36,1.8468017578125,-3.5985107421875,1.7667236328125
0.3605,2.4073486328125,-3.5985107421875,1.2462158203125
0.361,2.8077392578125,-3.1981201171875,0.4454345703125
0.3615,3.2882080078125,-2.9578857421875,-0.2752685546875
0.362,3.5284423828125,-2.4373779296875,-1.0760498046875
0.3625,3.6885986328125,-2.1170654296875,-1.4764404296875
0.363,3.4083251953125,-1.3963623046875,-1.9168701171875
0.3635,3.4884033203125,-0.9158935546875,-2.4774169921875
0.364,3.1680908203125,-0.0350341796875,-2.9979248046875
0.3645,2.9678955078125,0.5655517578125,-3.4383544921875
0.365,2.5675048828125,1.2462158203125,-3.7586669921875
0.3655,1.9669189453125,1.5665283203125,-3.5584716796875
0.366,1.2862548828125,2.2071533203125,-3.4383544921875
0.3665,0.4854736328125,2.6876220703125,-3.1981201171875
0.367,-0.1951904296875,3.1680908203125,-2.9979248046875
0.3675,-0.9158935546875,3.5284423828125,-2.6375732421875
0.368,-1.3162841796875,3.6885986328125,-2.4373779296875
0.3685,-1.6365966796875,3.4083251953125,-1.8768310546875
0.369,-2.2371826171875,3.4884033203125,-1.3963623046875
0.3695,-2.6375732421875,3.0079345703125,-0.5155029296875
0.37,-3.1981201171875,2.7677001953125,0.1651611328125
0.3705,-3.4783935546875,2.2471923828125,0.9659423828125
0.371,-3.4783935546875,1.9669189453125,1.2862548828125
0.3715,-3.2781982421875,1.2862548828125,1.8468017578125
0.372,-3.1981201171875,0.6456298828125,2.4073486328125
0.3725,-2.9578857421875,-0.1151123046875,2.9278564453125
0.373,-2.6375732421875,-0.7957763671875,3.3282470703125
0.3735,-2.2772216796875,-1.3563232421875,3.5284423828125
0.374,-1.5965576171875,-1.7567138671875,3.2481689453125
0.3745,-0.9959716796875,-2.3973388671875,3.3282470703125
0.375,-0.1151123046875,-2.9178466796875,2.9678955078125
0.3755,0.5255126953125,-3.3582763671875,2.8077392578125
0.376,1.2462158203125,-3.6785888671875,2.4073486328125
0.3765,1.5264892578125,-3.7186279296875,2.1671142578125
0.377,1.9268798828125,-3.5584716796875,1.5665283203125
0.3775,2.4473876953125,-3.4383544921875,1.0059814453125
0.378,2.8878173828125,-3.0780029296875,0.1251220703125
0.3785,3.2882080078125,-2.7176513671875,-0.5155029296875
0.379,3.6085205078125,-2.3172607421875,-1.1561279296875
0.3795,3.4884033203125,-1.8768310546875,-1.4764404296875
0.38,3.4884033203125,-1.2762451171875,-2.1170654296875
0.3805,3.2481689453125,-0.4754638671875,-2.6375732421875
0.381,3.0880126953125,0.2052001953125,-3.1981201171875
0.3815,2.6876220703125,0.9259033203125,-3.5584716796875
0.382,2.3673095703125,1.3663330078125,-3.6385498046875
0.3825,1.5665283203125,1.8468017578125,-3.3582763671875
0.383,0.9659423828125,2.4874267578125,-3.3983154296875
0.3835,0.0450439453125,2.9278564453125,-3.0379638671875
0.384,-0.5555419921875,3.4083251953125,-2.8778076171875
0.3845,-1.2362060546875,3.6885986328125,-2.5174560546875
0.385,-1.4764404296875,3.5284423828125,-2.1170654296875
0.3855,-2.0369873046875,3.4483642578125,-1.5565185546875
0.386,-2.5574951171875,3.1680908203125,-0.8358154296875
0.3865,-2.9979248046875,2.8477783203125,0.0050048828125
0.387,-3.3582763671875,2.4473876953125,0.7657470703125
0.3875,-3.5584716796875,2.0469970703125,1.2862548828125
0.388,-3.2381591796875,1.4063720703125,1.6866455078125
0.3885,-3.3582763671875,0.8858642578125,2.2872314453125
0.389,-2.9578857421875,0.0050048828125,2.8077392578125
0.3895,-2.7576904296875,-0.6356201171875,3.2481689453125
0.39,-2.3172607421875,-1.3563232421875,3.5284423828125
0.3905,-1.7967529296875,-1.7567138671875,3.4083251953125
0.391,-1.0360107421875,-2.2772216796875,3.2081298828125
0.3915,-0.3153076171875,-2.8778076171875,3.1280517578125
0.392,0.4854736328125,-3.2781982421875,2.7276611328125
0.3925,1.1661376953125,-3.6785888671875,2.4874267578125
0.393,1.6866455078125,-3.8787841796875,2.1270751953125
0.3935,1.9268798828125,-3.5584716796875,1.5665283203125
0.394,2.5274658203125,-3.5985107421875,1.0460205078125
0.3945,2.8878173828125,-3.0780029296875,0.2052001953125
0.395,3.3682861328125,-2.7576904296875,-0.5155029296875
0.3955,3.6085205078125,-2.2772216796875,-1.2762451171875
0.396,3.6885986328125,-1.9168701171875,-1.6365966796875
0.3965,3.3682861328125,-1.1561279296875,-2.0770263671875
0.397,3.4083251953125,-0.6356201171875,-2.6776123046875
0.3975,3.0479736328125,0.2052001953125,-3.1580810546875
0.398,2.8077392578125,0.8858642578125,-3.5584716796875
0.3985,2.2872314453125,1.5264892578125,-3.7987060546875
0.399,1.6065673828125,1.8868408203125,-3.4783935546875
0.3995,0.9259033203125,2.4874267578125,-3.3983154296875
0.4,0.1251220703125,3.0079345703125,-3.1180419921875
0.4005,-0.5955810546875,3.3682861328125,-2.8377685546875
0.401,-1.2762451171875,3.6485595703125,-2.4774169921875
0.4015,-1.6766357421875,3.6885986328125,-2.1170654296875
0.402,-1.9969482421875,3.3682861328125,-1.5565185546875
0.4025,-2.5975341796875,3.4483642578125,-0.9559326171875
0.403,-2.9178466796875,2.8077392578125,-0.0350341796875
0.4035,-3.3983154296875,2.5675048828125,0.6055908203125
0.404,-3.6385498046875,2.0069580078125,1.4063720703125
0.4045,-3.4783935546875,1.5665283203125,1.7266845703125
0.405,-3.2781982421875,0.8458251953125,2.2471923828125
0.4055,-3.1580810546875,0.1251220703125,2.8077392578125
0.406,-2.7576904296875,-0.6356201171875,3.2081298828125
0.4065,-2.4373779296875,-1.2762451171875,3.5684814453125
0.407,-1.9168701171875,-1.8768310546875,3.6885986328125
0.4075,-1.1160888671875,-2.2371826171875,3.2481689453125
0.408,-0.4754638671875,-2.9178466796875,3.3282470703125
0.4085,0.4053955078125,-3.2781982421875,2.8077392578125
0.409,1.0860595703125,-3.7186279296875,2.5675048828125
0.4095,1.7266845703125,-3.9188232421875,2.1270751953125
0.41,2.0469970703125,-3.8387451171875,1.6866455078125
0.4105,2.4473876953125,-3.4783935546875,1.0860595703125
0.411,2.9678955078125,-3.3582763671875,0.4454345703125
0.4115,3.2882080078125,-2.7176513671875,-0.4754638671875
0.412,3.6885986328125,-2.4373779296875,-1.1160888671875
0.4125,3.8087158203125,-1.9168701171875,-1.7967529296875
0.413,3.5284423828125,-1.2762451171875,-2.0770263671875
0.4135,3.4884033203125,-0.6356201171875,-2.7176513671875
0.414,3.1280517578125,0.1251220703125,-3.1580810546875
0.4145,2.8477783203125,0.8858642578125,-3.5985107421875
0.415,2.4073486328125,1.5264892578125,-3.8387451171875
0.4155,1.7667236328125,1.9669189453125,-3.7586669921875
0.416,0.9659423828125,2.3673095703125,-3.3582763671875
0.4165,0.3253173828125,3.0079345703125,-3.3582763671875
0.417,-0.5955810546875,3.2882080078125,-2.7576904296875
0.4175,-1.1561279296875,3.6885986328125,-2.5975341796875
0.418,-1.7967529296875,3.7686767578125,-2.1571044921875
0.4185,-2.0369873046875,3.5284423828125,-1.5965576171875
0.419,-2.5574951171875,3.3682861328125,-0.9959716796875
0.4195,-2.9979248046875,3.0479736328125,-0.1951904296875
0.42,-3.3582763671875,2.5274658203125,0.6456298828125
0.4205,-3.5985107421875,2.1671142578125,1.2862548828125
0.421,-3.6385498046875,1.6466064453125,1.8468017578125
0.4215,-3.2381591796875,0.9659423828125,2.1270751953125
0.422,-3.2781982421875,0.3253173828125,2.8077392578125
0.4225,-2.7977294921875,-0.5155029296875,3.1680908203125
0.423,-2.5574951171875,-1.1561279296875,3.5684814453125
0.4235,-1.9569091796875,-1.8367919921875,3.6885986328125
0.424,-1.3162841796875,-2.2371826171875,3.4884033203125
0.4245,-0.5155029296875,-2.7176513671875,3.2081298828125
0.425,0.1251220703125,-3.3582763671875,3.0880126953125
0.4255,1.0460205078125,-3.6785888671875,2.4874267578125
0.426,1.5665283203125,-3.9989013671875,2.2872314453125
0.4265,2.1270751953125,-3.9188232421875,1.8468017578125
0.427,2.3673095703125,-3.5584716796875,1.2462158203125
0.4275,2.9278564453125,-3.5184326171875,0.6055908203125
0.428,3.2882080078125,-2.9178466796875,-0.2752685546875
0.4285,3.6885986328125,-2.5574951171875,-0.9959716796875
0.429,3.8487548828125,-2.0369873046875,-1.6365966796875
0.4295,3.7686767578125,-1.5565185546875,-2.1170654296875
0.43,3.4483642578125,-0.7957763671875,-2.5174560546875
0.4305,3.4483642578125,-0.1551513671875,-3.1580810546875
0.431,2.8477783203125,0.7657470703125,-3.5584716796875
0.4315,2.5675048828125,1.3262939453125,-3.8787841796875
0.432,1.9268798828125,2.0069580078125,-3.9188232421875
0.4325,1.2061767578125,2.4073486328125,-3.5584716796875
0.433,0.4053955078125,2.9278564453125,-3.3582763671875
0.4335,-0.3953857421875,3.3682861328125,-3.0780029296875
0.434,-1.2362060546875,3.6885986328125,-2.5975341796875
0.4345,-1.7166748046875,3.8887939453125,-2.2772216796875
0.435,-2.1971435546875,3.8487548828125,-1.7567138671875
0.4355,-2.4774169921875,3.4483642578125,-1.0760498046875
0.436,-3.0780029296875,3.3682861328125,-0.4754638671875
0.4365,-3.3582763671875,2.5675048828125,0.5655517578125
0.437,-3.7186279296875,2.2872314453125,1.2061767578125
0.4375,-3.7586669921875,1.6466064453125,1.8868408203125
0.438,-3.5584716796875,1.0860595703125,2.2471923828125
0.4385,-3.2381591796875,0.3253173828125,2.7276611328125
0.439,-3.0780029296875,-0.3953857421875,3.2882080078125
0.4395,-2.5174560546875,-1.2762451171875,3.6485595703125
0.44,-2.1170654296875,-1.8367919921875,3.8487548828125
0.4405,-1.4364013671875,-2.4373779296875,3.7686767578125
0.441,-0.6356201171875,-2.8377685546875,3.3282470703125
0.4415,0.0450439453125,-3.4783935546875,3.2081298828125
0.442,1.0860595703125,-3.8387451171875,2.6075439453125
0.4425,1.7667236328125,-4.1190185546875,2.2872314453125
0.443,2.2471923828125,-4.0789794921875,1.8067626953125
0.4435,2.6876220703125,-3.9188232421875,1.2862548828125
0.444,3.0079345703125,-3.4783935546875,0.5655517578125
0.4445,3.5684814453125,-3.2781982421875,-0.1551513671875
0.445,3.8087158203125,-2.4373779296875,-1.2362060546875
0.4455,4.0889892578125,-2.1571044921875,-1.7967529296875
0.446,4.0089111328125,-1.4364013671875,-2.4373779296875
0.4465,3.6885986328125,-0.7557373046875,-2.7977294921875
0.447,3.4483642578125,0.0050048828125,-3.3582763671875
0.4475,3.0479736328125,0.8458251953125,-3.7987060546875
0.448,2.5274658203125,1.7266845703125,-4.1590576171875
0.4485,1.9669189453125,2.2071533203125,-4.1190185546875
0.449,1.2061767578125,2.7677001953125,-3.9188232421875
0.4495,0.2852783203125,3.0880126953125,-3.4383544921875
0.45,-0.4354248046875,3.7286376953125,-3.3582763671875
0.4505,-1.5565185546875,3.9688720703125,-2.5174560546875
0.451,-2.0770263671875,4.1690673828125,-2.1971435546875
0.4515,-2.5574951171875,3.9688720703125,-1.5965576171875
0.452,-2.9578857421875,3.7686767578125,-0.9158935546875
0.4525,-3.2781982421875,3.2882080078125,-0.1551513671875
0.453,-3.7987060546875,2.8878173828125,0.6456298828125
0.4535,-3.9588623046875,2.0469970703125,1.6866455078125
0.454,-4.0389404296875,1.6466064453125,2.2071533203125
0.4545,-3.8787841796875,0.8858642578125,2.7677001953125
0.455,-3.3582763671875,0.1251220703125,3.0479736328125
0.4555,-3.1981201171875,-0.5955810546875,3.6085205078125
0.456,-2.5174560546875,-1.5565185546875,3.9288330078125
0.4565,-2.0369873046875,-2.2772216796875,4.1690673828125
0.457,-1.3162841796875,-2.7576904296875,3.9288330078125
0.4575,-0.5955810546875,-3.2381591796875,3.7286376953125
0.458,0.3253173828125,-3.5584716796875,3.1280517578125
0.4585,1.0860595703125,-4.1190185546875,2.9678955078125
0.459,2.1671142578125,-4.2391357421875,2.0870361328125
0.4595,2.5675048828125,-4.3592529296875,1.7667236328125
0.46,3.0479736328125,-4.0389404296875,1.1260986328125
0.4605,3.3682861328125,-3.7186279296875,0.4454345703125
0.461,3.7286376953125,-3.2381591796875,-0.3153076171875
0.4615,4.0889892578125,-2.7176513671875,-1.2762451171875
0.462,4.2891845703125,-1.9969482421875,-2.1571044921875
0.4625,4.2091064453125,-1.5164794921875,-2.5574951171875
0.463,4.0089111328125,-0.7156982421875,-3.1580810546875
0.4635,3.5284423828125,0.0050048828125,-3.4783935546875
0.464,3.3282470703125,0.7657470703125,-3.9989013671875
0.4645,2.5274658203125,1.8067626953125,-4.2791748046875
0.465,2.1270751953125,2.4073486328125,-4.4793701171875
0.4655,1.2862548828125,2.8477783203125,-4.0789794921875
0.466,0.4454345703125,3.2882080078125,-3.8387451171875
0.4665,-0.4754638671875,3.6885986328125,-3.2381591796875
0.467,-1.2362060546875,4.1290283203125,-2.9578857421875
0.4675,-2.2371826171875,4.3292236328125,-2.1571044921875
0.468,-2.5574951171875,4.2091064453125,-1.7967529296875
0.4685,-3.0780029296875,3.9688720703125,-1.0360107421875
0.469,-3.3582763671875,3.5284423828125,-0.3153076171875
0.4695,-3.8387451171875,3.1680908203125,0.4854736328125
0.47,-4.0789794921875,2.3673095703125,1.4864501953125
0.4705,-4.2791748046875,1.7667236328125,2.2471923828125
0.471,-3.9588623046875,1.1260986328125,2.6075439453125
0.4715,-3.7586669921875,0.4053955078125,3.1680908203125
0.472,-3.1981201171875,-0.4354248046875,3.4884033203125
0.4725,-2.9578857421875,-1.1561279296875,3.9688720703125
0.473,-2.1571044921875,-2.1971435546875,4.2091064453125
0.4735,-1.6766357421875,-2.6375732421875,4.1690673828125
0.474,-0.7957763671875,-3.1580810546875,3.7686767578125
0.4745,0.0050048828125,-3.5584716796875,3.4884033203125
0.475,0.8458251953125,-3.8787841796875,3.0479736328125
0.4755,1.6866455078125,-4.1990966796875,2.5274658203125
0.476,2.5274658203125,-4.4393310546875,1.9268798828125
0.4765,2.7677001953125,-4.1590576171875,1.4063720703125
0.477,3.2882080078125,-3.9588623046875,0.7657470703125
0.4775,3.5284423828125,-3.3582763671875,0.0050048828125
0.478,3.9688720703125,-3.0780029296875,-0.7156982421875
0.4785,4.1290283203125,-2.2371826171875,-1.7567138671875
0.479,4.3292236328125,-1.8367919921875,-2.3572998046875
0.4795,3.9688720703125,-1.0360107421875,-2.7576904296875
0.48,3.8087158203125,-0.3953857421875,-3.2381591796875
0.4805,3.2882080078125,0.4454345703125,-3.6385498046875
0.481,3.0079345703125,1.1260986328125,-4.0789794921875
0.4815,2.3272705078125,2.0469970703125,-4.3592529296875
0.482,1.7266845703125,2.4073486328125,-4.1990966796875
0.4825,0.8858642578125,3.0479736328125,-3.8787841796875
0.483,0.0450439453125,3.4083251953125,-3.5184326171875
0.4835,-0.7156982421875,3.8887939453125,-3.1981201171875
0.484,-1.6365966796875,4.1290283203125,-2.5574951171875
0.4845,-2.3172607421875,4.3292236328125,-2.1170654296875
0.485,-2.5574951171875,3.9288330078125,-1.4764404296875
0.4855,-3.1180419921875,3.8087158203125,-0.8358154296875
0.486,-3.3983154296875,3.2081298828125,0.0050048828125
0.4865,-3.8787841796875,2.9278564453125,0.7657470703125
0.487,-4.0789794921875,2.0469970703125,1.8067626953125
0.4875,-4.1590576171875,1.6466064453125,2.2872314453125
0.488,-3.7186279296875,0.7657470703125,2.7276611328125
0.4885,-3.5184326171875,0.1251220703125,3.2081298828125
0.489,-3.0780029296875,-0.7557373046875,3.6485595703125
0.4895,-2.6375732421875,-1.5965576171875,3.9688720703125
0.49,-2.0369873046875,-2.3973388671875,4.2491455078125
0.4905,-1.2762451171875,-2.7176513671875,3.8487548828125
0.491,-0.4754638671875,-3.3182373046875,3.6885986328125
0.4915,0.4053955078125,-3.6785888671875,3.1680908203125
0.492,1.2061767578125,-4.1190185546875,2.8878173828125
0.4925,2.1270751953125,-4.3592529296875,2.2071533203125
0.493,2.6876220703125,-4.4393310546875,1.7667236328125
0.4935,2.9678955078125,-3.9188232421875,1.0460205078125
0.494,3.4483642578125,-3.7987060546875,0.4454345703125
0.4945,3.7286376953125,-3.1580810546875,-0.4754638671875
0.495,4.1290283203125,-2.7176513671875,-1.2762451171875
0.4955,4.3292236328125,-1.9569091796875,-2.2371826171875
0.496,4.1290283203125,-1.4364013671875,-2.5975341796875
0.4965,3.8487548828125,-0.5955810546875,-3.1580810546875
0.497,3.5684814453125,0.1251220703125,-3.5584716796875
0.4975,3.1280517578125,0.9259033203125,-3.9989013671875
0.498,2.6075439453125,1.7667236328125,-4.3192138671875
0.4985,2.0469970703125,2.5274658203125,-4.5194091796875
0.499,1.0860595703125,2.8477783203125,-3.8787841796875
0.4995,0.3253173828125,3.4483642578125,-3.8387451171875
0.5,-0.5955810546875,3.7686767578125,-3.1981201171875
0.5005,-1.3563232421875,4.1290283203125,-2.8778076171875
0.501,-2.2772216796875,4.3292236328125,-2.1170654296875
0.5015,-2.7176513671875,4.2091064453125,-1.6365966796875
0.502,-3.0379638671875,3.7686767578125,-0.8758544921875
0.5025,-3.4783935546875,3.5284423828125,-0.2352294921875
0.503,-3.7987060546875,2.8477783203125,0.6856689453125
0.5035,-4.0789794921875,2.4073486328125,1.4464111328125
0.504,-4.2391357421875,1.6466064453125,2.4073486328125
0.5045,-3.8387451171875,0.9659423828125,2.6475830078125
0.505,-3.5985107421875,0.2052001953125,3.1680908203125
0.5055,-3.1981201171875,-0.5955810546875,3.5684814453125
0.506,-2.8377685546875,-1.3963623046875,3.8887939453125
0.5065,-2.1971435546875,-2.1170654296875,4.1290283203125
0.507,-1.5965576171875,-2.7176513671875,4.1290283203125
0.5075,-0.6356201171875,-2.9979248046875,3.5684814453125
0.508,0.0050048828125,-3.5985107421875,3.4884033203125
0.5085,0.9659423828125,-3.8787841796875,2.8477783203125
0.509,1.6466064453125,-4.1990966796875,2.5274658203125
0.5095,2.5274658203125,-4.3592529296875,1.8868408203125
0.51,2.7276611328125,-4.0389404296875,1.3262939453125
0.5105,3.1680908203125,-3.7586669921875,0.6856689453125
0.511,3.4884033203125,-3.3582763671875,0.0050048828125
0.5115,3.8087158203125,-2.8377685546875,-0.8358154296875
0.512,4.0489501953125,-2.3172607421875,-1.5965576171875
0.5125,4.1690673828125,-1.7567138671875,-2.2772216796875
0.513,3.6885986328125,-1.1160888671875,-2.5574951171875
0.5135,3.7286376953125,-0.4754638671875,-3.1981201171875
0.514,3.1680908203125,0.3653564453125,-3.5184326171875
0.5145,2.9278564453125,1.0860595703125,-3.9188232421875
0.515,2.3673095703125,1.8868408203125,-4.1590576171875
0.5155,1.8067626953125,2.2471923828125,-3.9989013671875
0.516,0.9259033203125,2.6876220703125,-3.5985107421875
0.5165,0.2052001953125,3.2481689453125,-3.4783935546875
0.517,-0.6356201171875,3.5684814453125,-2.9578857421875
0.5175,-1.2762451171875,3.9288330078125,-2.6776123046875
0.518,-1.9969482421875,4.0889892578125,-2.1971435546875
0.5185,-2.2371826171875,3.6885986328125,-1.5965576171875
0.519,-2.7977294921875,3.6885986328125,-1.0360107421875
0.5195,-3.1580810546875,3.1680908203125,-0.1551513671875
0.52,-3.5985107421875,2.8477783203125,0.5655517578125
0.5205,-3.7987060546875,2.2071533203125,1.3663330078125
0.521,-3.9188232421875,1.7667236328125,1.9268798828125
0.5215,-3.4783935546875,0.9659423828125,2.2471923828125
0.522,-3.5985107421875,0.2852783203125,2.9278564453125
0.5225,-2.9578857421875,-0.5155029296875,3.2882080078125
0.523,-2.6776123046875,-1.1561279296875,3.7686767578125
0.5235,-2.1571044921875,-1.9168701171875,3.9288330078125
0.524,-1.4764404296875,-2.2772216796875,3.6485595703125
0.5245,-0.7156982421875,-2.8377685546875,3.4884033203125
0.525,0.0450439453125,-3.3582763671875,3.1680908203125
0.5255,0.8858642578125,-3.7186279296875,2.8077392578125
0.526,1.5665283203125,-3.9989013671875,2.4073486328125
0.5265,2.0870361328125,-4.0789794921875,1.9669189453125
0.527,2.3673095703125,-3.6385498046875,1.3262939453125
0.5275,2.9278564453125,-3.6785888671875,0.7657470703125
0.528,3.2481689453125,-3.0379638671875,-0.1151123046875
0.5285,3.6885986328125,-2.7576904296875,-0.7957763671875
0.529,3.8887939453125,-2.1170654296875,-1.5965576171875
0.5295,3.8087158203125,-1.7567138671875,-1.9969482421875
0.53,3.4884033203125,-0.9158935546875,-2.3572998046875
0.5305,3.4483642578125,-0.3553466796875,-3.0379638671875
0.531,3.0479736328125,0.4854736328125,-3.4383544921875
0.5315,2.7276611328125,1.1661376953125,-3.8387451171875
0.532,2.2471923828125,1.7667236328125,-3.9989013671875
0.5325,1.4464111328125,2.1270751953125,-3.5584716796875
0.533,0.7657470703125,2.8077392578125,-3.5584716796875
0.5335,-0.0750732421875,3.1680908203125,-3.1180419921875
0.534,-0.7557373046875,3.6085205078125,-2.8778076171875
0.5345,-1.4364013671875,3.8487548828125,-2.4373779296875
0.535,-1.8367919921875,3.8087158203125,-2.0770263671875
0.5355,-2.1971435546875,3.4884033203125,-1.3963623046875
0.536,-2.7576904296875,3.4483642578125,-0.7957763671875
0.5365,-3.1580810546875,2.8477783203125,0.0850830078125
0.537,-3.5584716796875,2.6075439453125,0.7657470703125
0.5375,-3.7186279296875,1.9669189453125,1.5264892578125
0.538,-3.4783935546875,1.5665283203125,1.9268798828125
0.5385,-3.3983154296875,0.7657470703125,2.4473876953125
0.539,-3.1580810546875,0.0050048828125,2.9278564453125
0.5395,-2.8377685546875,-0.7156982421875,3.4083251953125
0.54,-2.3973388671875,-1.3963623046875,3.6885986328125
0.5405,-1.9168701171875,-1.9569091796875,3.7286376953125
0.541,-1.0760498046875,-2.3172607421875,3.3282470703125
0.5415,-0.3953857421875,-3.0379638671875,3.3682861328125
0.542,0.4854736328125,-3.3582763671875,2.8477783203125
0.5425,1.1260986328125,-3.8387451171875,2.6876220703125
0.543,1.7667236328125,-3.9588623046875,2.1671142578125
0.5435,2.0469970703125,-3.7987060546875,1.7266845703125
0.544,2.5274658203125,-3.5584716796875,1.0860595703125
0.5445,3.0479736328125,-3.3582763671875,0.3253173828125
0.545,3.4884033203125,-2.7576904296875,-0.5155029296875
0.5455,3.7286376953125,-2.5174560546875,-1.1561279296875
0.546,3.8487548828125,-1.9969482421875,-1.7567138671875
0.5465,3.5284423828125,-1.2762451171875,-2.1170654296875
0.547,3.5684814453125,-0.6756591796875,-2.7576904296875
0.5475,3.1280517578125,0.1651611328125,-3.1981201171875
0.548,2.8878173828125,0.8458251953125,-3.6385498046875
0.5485,2.4073486328125,1.5264892578125,-3.8387451171875
0.549,1.7667236328125,1.9268798828125,-3.7186279296875
0.5495,0.9659423828125,2.4073486328125,-3.3582763671875
0.55,0.2852783203125,3.0479736328125,-3.3582763671875
0.5505,-0.5555419921875,3.3282470703125,-2.7977294921875
0.551,-1.1561279296875,3.6885986328125,-2.6375732421875
0.5515,-1.7166748046875,3.8087158203125,-2.1571044921875
0.552,-1.9969482421875,3.4884033203125,-1.5965576171875
0.5525,-2.5574951171875,3.4483642578125,-1.0360107421875
0.553,-2.8778076171875,3.0479736328125,-0.1551513671875
0.5535,-3.3582763671875,2.5675048828125,0.5655517578125
0.554,-3.5985107421875,2.1270751953125,1.2462158203125
0.5545,-3.5985107421875,1.7266845703125,1.7266845703125
0.555,-3.2381591796875,0.9659423828125,2.0469970703125
0.5555,-3.3182373046875,0.3653564453125,2.7276611328125
0.556,-2.7977294921875,-0.4754638671875,3.0880126953125
0.5565,-2.5975341796875,-1.1160888671875,3.5284423828125
0.557,-2.0369873046875,-1.7567138671875,3.6485595703125
0.5575,-1.3563232421875,-2.1170654296875,3.3682861328125
0.558,-0.6356201171875,-2.6776123046875,3.2081298828125
0.5585,0.1251220703125,-3.1981201171875,3.0079345703125
0.559,0.8858642578125,-3.5584716796875,2.6075439453125
0.5595,1.4464111328125,-3.8387451171875,2.3673095703125
0.56,1.9268798828125,-3.8787841796875,1.9268798828125
0.5605,2.2471923828125,-3.5184326171875,1.3262939453125
0.561,2.9278564453125,-3.4783935546875,0.7657470703125
0.5615,3.1280517578125,-2.9578857421875,-0.1551513671875
0.562,3.5684814453125,-2.7176513671875,-0.7957763671875
0.5625,3.7286376953125,-2.1170654296875,-1.4764404296875
0.563,3.6885986328125,-1.7166748046875,-1.8768310546875
0.5635,3.4483642578125,-0.9559326171875,-2.3973388671875
0.564,3.3682861328125,-0.3153076171875,-2.9578857421875
0.5645,2.9278564453125,0.5655517578125,-3.3983154296875
0.565,2.6876220703125,1.1661376953125,-3.7586669921875
0.5655,2.0870361328125,1.7667236328125,-3.7987060546875
0.566,1.3262939453125,2.1270751953125,-3.4383544921875
0.5665,0.6456298828125,2.8077392578125,-3.4383544921875
0.567,-0.1951904296875,3.1680908203125,-3.0379638671875
0.5675,-0.8358154296875,3.5684814453125,-2.7576904296875
0.568,-1.4364013671875,3.7686767578125,-2.3973388671875
0.5685,-1.8367919921875,3.6885986328125,-1.9569091796875
0.569,-2.1971435546875,3.4483642578125,-1.1961669921875
0.5695,-2.8377685546875,3.2882080078125,-0.6356201171875
0.57,-3.1580810546875,2.6075439453125,0.2852783203125
0.5705,-3.5584716796875,2.4874267578125,0.8858642578125
0.571,-3.5985107421875,1.8868408203125,1.5665283203125
0.5715,-3.3582763671875,1.2862548828125,1.8868408203125
0.572,-3.2381591796875,0.6055908203125,2.4874267578125
0.5725,-2.9578857421875,-0.1551513671875,2.9678955078125
0.573,-2.6375732421875,-0.9158935546875,3.3282470703125
0.5735,-2.2371826171875,-1.4364013671875,3.5684814453125
0.574,-1.6766357421875,-1.9569091796875,3.5284423828125
0.5745,-0.8758544921875,-2.3572998046875,3.1680908203125
0.575,-0.2752685546875,-3.0379638671875,3.2081298828125
0.5755,0.6456298828125,-3.3182373046875,2.6075439453125
0.576,1.2061767578125,-3.7186279296875,2.5274658203125
0.5765,1.7266845703125,-3.7987060546875,2.0469970703125
0.577,2.0069580078125,-3.5985107421875,1.5665283203125
0.5775,2.4473876953125,-3.3983154296875,0.9659423828125
0.578,2.9678955078125,-3.1981201171875,0.2452392578125
0.5785,3.2481689453125,-2.6375732421875,-0.5155029296875
0.579,3.6085205078125,-2.3973388671875,-1.1160888671875
0.5795,3.6485595703125,-1.8768310546875,-1.6365966796875
0.58,3.3682861328125,-1.2762451171875,-1.9569091796875
0.5805,3.4483642578125,-0.6756591796875,-2.6375732421875
0.581,3.0479736328125,0.1251220703125,-3.0780029296875
0.5815,2.8477783203125,0.7657470703125,-3.5584716796875
0.582,2.3673095703125,1.3262939453125,-3.6385498046875
0.5825,1.7667236328125,1.7667236328125,-3.5584716796875
0.583,1.0059814453125,2.2872314453125,-3.2381591796875
0.5835,0.3253173828125,2.9278564453125,-3.2781982421875
0.584,-0.4754638671875,3.2081298828125,-2.7576904296875
0.5845,-0.9559326171875,3.6085205078125,-2.6776123046875
0.585,-1.4764404296875,3.6485595703125,-2.2371826171875
0.5855,-1.7967529296875,3.4083251953125,-1.7567138671875
0.586,-2.3973388671875,3.3282470703125,-1.1160888671875
0.5865,-2.8377685546875,2.8878173828125,-0.2752685546875
0.587,-3.1981201171875,2.6475830078125,0.4454345703125
0.5875,-3.4783935546875,2.2471923828125,1.0059814453125
0.588,-3.4383544921875,1.7667236328125,1.4464111328125
0.5885,-3.1981201171875,1.0860595703125,1.9268798828125
0.589,-3.2381591796875,0.4454345703125,2.6075439453125
0.5895,-2.7977294921875,-0.3553466796875,3.0079345703125
0.59,-2.5975341796875,-0.9559326171875,3.4083251953125
0.5905,-2.0369873046875,-1.5164794921875,3.4483642578125
0.591,-1.3963623046875,-1.9569091796875,3.2481689453125
0.5915,-0.6756591796875,-2.5574951171875,3.1680908203125
0.592,0.0850830078125,-3.1180419921875,2.9278564453125
0.5925,0.8057861328125,-3.4783935546875,2.6075439453125
0.593,1.2862548828125,-3.7186279296875,2.4073486328125
0.5935,1.7266845703125,-3.7186279296875,1.9669189453125
0.594,2.0469970703125,-3.4383544921875,1.3262939453125
0.5945,2.6876220703125,-3.3983154296875,0.7657470703125
0.595,3.0479736328125,-2.7977294921875,-0.1551513671875
0.5955,3.4884033203125,-2.6375732421875,-0.7156982421875
0.596,3.5684814453125,-2.1170654296875,-1.3162841796875
0.5965,3.5284423828125,-1.6766357421875,-1.7567138671875
0.597,3.3282470703125,-0.9158935546875,-2.2772216796875
0.5975,3.2882080078125,-0.2752685546875,-2.9178466796875
0.598,2.8878173828125,0.5655517578125,-3.3182373046875
0.5985,2.6475830078125,1.0860595703125,-3.6385498046875
0.599,2.0069580078125,1.6065673828125,-3.5985107421875
0.5995,1.2862548828125,2.0469970703125,-3.3582763671875
0.6,0.6055908203125,2.7677001953125,-3.3582763671875
0.6005,-0.2752685546875,3.1680908203125,-2.8778076171875
0.601,-0.8358154296875,3.5284423828125,-2.7176513671875
0.6015,-1.3563232421875,3.6485595703125,-2.3172607421875
0.602,-1.7967529296875,3.5684814453125,-1.9168701171875
0.6025,-2.1971435546875,3.2882080078125,-1.1961669921875
0.603,-2.7977294921875,3.1680908203125,-0.5155029296875
0.6035,-3.1180419921875,2.5274658203125,0.3653564453125
0.604,-3.5184326171875,2.3673095703125,0.9659423828125
0.6045,-3.4783935546875,1.7667236328125,1.5665283203125
0.605,-3.2381591796875,1.2061767578125,1.9268798828125
0.6055,-3.1981201171875,0.4454345703125,2.5274658203125
0.606,-2.8778076171875,-0.3153076171875,3.0079345703125
0.6065,-2.5574951171875,-0.9959716796875,3.4483642578125
0.607,-2.1170654296875,-1.5565185546875,3.5284423828125
0.6075,-1.4764404296875,-2.0369873046875,3.4483642578125
0.608,-0.6756591796875,-2.5174560546875,3.0880126953125
0.6085,0.0050048828125,-3.1981201171875,3.1280517578125
0.609,0.8858642578125,-3.4783935546875,2.4874267578125
0.6095,1.4063720703125,-3.8387451171875,2.3673095703125
0.61,1.8468017578125,-3.7586669921875,1.8868408203125
0.6105,2.1671142578125,-3.5584716796875,1.4063720703125
0.611,2.6075439453125,-3.2781982421875,0.6856689453125
0.6115,3.1280517578125,-2.9979248046875,-0.0350341796875
0.612,3.4083251953125,-2.4373779296875,-0.8358154296875
0.6125,3.6885986328125,-2.1971435546875,-1.3563232421875
0.613,3.5684814453125,-1.5965576171875,-1.8768310546875
0.6135,3.3282470703125,-0.9959716796875,-2.2772216796875
0.614,3.3282470703125,-0.3153076171875,-2.9178466796875
0.6145,2.8878173828125,0.5255126953125,-3.3182373046875
0.615,2.6475830078125,1.1260986328125,-3.7186279296875
0.6155,2.0469970703125,1.6466064453125,-3.6385498046875
0.616,1.4063720703125,2.0870361328125,-3.5184326171875
0.6165,0.6055908203125,2.6075439453125,-3.1981201171875
0.617,-0.0350341796875,3.2081298828125,-3.1580810546875
0.6175,-0.9559326171875,3.4483642578125,-2.5975341796875
0.618,-1.3563232421875,3.6885986328125,-2.4373779296875
0.6185,-1.8768310546875,3.6485595703125,-1.8768310546875
0.619,-2.1971435546875,3.4083251953125,-1.3162841796875
0.6195,-2.7576904296875,3.2481689453125,-0.6356201171875
0.62,-3.1580810546875,2.6876220703125,0.2852783203125
0.6205,-3.5184326171875,2.3673095703125,0.9659423828125
0.621,-3.5584716796875,1.8868408203125,1.4864501953125
0.6215,-3.4783935546875,1.2862548828125,1.9669189453125
0.622,-3.1580810546875,0.5655517578125,2.4073486328125
0.6225,-3.1180419921875,-0.1151123046875,3.0479736328125
0.623,-2.5574951171875,-0.9959716796875,3.3682861328125
0.6235,-2.2772216796875,-1.5164794921875,3.6485595703125
0.624,-1.5565185546875,-2.0369873046875,3.5284423828125
0.6245,-0.9158935546875,-2.5174560546875,3.3282470703125
0.625,-0.1151123046875,-3.0780029296875,3.0479736328125
0.6255,0.6856689453125,-3.5584716796875,2.7276611328125
0.626,1.4864501953125,-3.8387451171875,2.2872314453125
0.6265,1.8468017578125,-3.8387451171875,2.0069580078125
0.627,2.2872314453125,-3.7586669921875,1.4464111328125
0.6275,2.6075439453125,-3.3582763671875,0.7657470703125
0.628,3.1680908203125,-3.2381591796875,0.0850830078125
0.6285,3.4884033203125,-2.5174560546875,-0.8358154296875
0.629,3.8087158203125,-2.2772216796875,-1.4364013671875
0.6295,3.6885986328125,-1.6365966796875,-1.9168701171875
0.63,3.5684814453125,-1.0760498046875,-2.3572998046875
0.6305,3.2481689453125,-0.3153076171875,-2.8377685546875
0.631,3.0880126953125,0.3653564453125,-3.3582763671875
0.6315,2.6075439453125,1.2061767578125,-3.7186279296875
0.632,2.2471923828125,1.6466064453125,-3.8387451171875
0.6325,1.4464111328125,2.2071533203125,-3.6385498046875
0.633,0.6856689453125,2.6075439453125,-3.2781982421875
0.6335,0.0050048828125,3.1680908203125,-3.1981201171875
0.634,-0.8358154296875,3.4483642578125,-2.6776123046875
0.6345,-1.4764404296875,3.8087158203125,-2.3973388671875
0.635,-1.8367919921875,3.6485595703125,-1.9569091796875
0.6355,-2.2772216796875,3.5684814453125,-1.3963623046875
0.636,-2.6375732421875,3.1680908203125,-0.6356201171875
0.6365,-3.1981201171875,3.0079345703125,0.0050048828125
0.637,-3.4783935546875,2.2471923828125,0.9659423828125
0.6375,-3.7186279296875,2.0469970703125,1.4464111328125
0.638,-3.5184326171875,1.3262939453125,1.9268798828125
0.6385,-3.3182373046875,0.7657470703125,2.3673095703125
0.639,-3.0780029296875,0.0050048828125,2.9278564453125
0.6395,-2.7576904296875,-0.7957763671875,3.3682861328125
0.64,-2.3172607421875,-1.5164794921875,3.6885986328125
0.6405,-1.7967529296875,-1.9569091796875,3.5684814453125
0.641,-1.1160888671875,-2.4373779296875,3.4884033203125
0.6415,-0.2752685546875,-2.9178466796875,3.0479736328125
0.642,0.3653564453125,-3.5584716796875,3.0079345703125
0.6425,1.2862548828125,-3.7186279296875,2.4073486328125
0.643,1.7667236328125,-3.9989013671875,2.1671142578125
0.6435,2.1671142578125,-3.7186279296875,1.6065673828125
0.644,2.5675048828125,-3.5985107421875,1.0860595703125
0.6445,3.0079345703125,-3.1981201171875,0.2852783203125
0.645,3.4884033203125,-2.8778076171875,-0.5155029296875
0.6455,3.7286376953125,-2.2772216796875,-1.3162841796875
0.646,3.8487548828125,-1.9569091796875,-1.7967529296875
0.6465,3.6885986328125,-1.2362060546875,-2.3172607421875
0.647,3.4483642578125,-0.5955810546875,-2.7176513671875
0.6475,3.2481689453125,0.1651611328125,-3.3182373046875
0.648,2.7677001953125,1.0059814453125,-3.7186279296875
0.6485,2.4073486328125,1.6065673828125,-3.9588623046875
0.649,1.6466064453125,2.0469970703125,-3.7186279296875
0.6495,0.9659423828125,2.5675048828125,-3.5985107421875
0.65,0.1251220703125,3.0079345703125,-3.1580810546875
0.6505,-0.5955810546875,3.5284423828125,-2.9979248046875
0.651,-1.4764404296875,3.8087158203125,-2.3973388671875
0.6515,-1.8768310546875,3.8887939453125,-2.1170654296875
0.652,-2.2772216796875,3.6485595703125,-1.4764404296875
0.6525,-2.7176513671875,3.4483642578125,-0.8758544921875
0.653,-3.1580810546875,3.0479736328125,-0.0350341796875
0.6535,-3.5584716796875,2.5274658203125,0.8057861328125
0.654,-3.8387451171875,2.0069580078125,1.6065673828125
0.6545,-3.6385498046875,1.4464111328125,1.9669189453125
0.655,-3.5184326171875,0.8057861328125,2.5274658203125
0.6555,-3.1580810546875,0.0050048828125,2.9278564453125
0.656,-2.9578857421875,-0.6756591796875,3.4884033203125
0.6565,-2.3172607421875,-1.5965576171875,3.8087158203125
0.657,-1.9168701171875,-2.1170654296875,3.9288330078125
0.6575,-1.0360107421875,-2.5975341796875,3.5284423828125
0.658,-0.3553466796875,-3.1580810546875,3.4083251953125
0.6585,0.4854736328125,-3.5584716796875,2.9278564453125
0.659,1.2862548828125,-3.9188232421875,2.6075439453125
0.6595,2.1671142578125,-4.1590576171875,2.0469970703125
0.66,2.4473876953125,-4.0389404296875,1.5665283203125
0.6605,2.9278564453125,-3.8387451171875,0.9259033203125
0.661,3.2882080078125,-3.3983154296875,0.2052001953125
0.6615,3.7286376953125,-3.0379638671875,-0.5955810546875
0.662,4.0089111328125,-2.3172607421875,-1.5565185546875
0.6625,4.2091064453125,-1.8367919921875,-2.2772216796875
0.663,3.8487548828125,-1.1160888671875,-2.5975341796875
0.6635,3.7686767578125,-0.4354248046875,-3.1981201171875
0.664,3.2481689453125,0.4053955078125,-3.5584716796875
0.6645,2.9678955078125,1.1260986328125,-4.0389404296875
0.665,2.2872314453125,2.0870361328125,-4.3192138671875
0.6655,1.6866455078125,2.5274658203125,-4.1590576171875
0.666,0.7657470703125,2.9678955078125,-3.7987060546875
0.6665,-0.0350341796875,3.4483642578125,-3.4783935546875
0.667,-0.9158935546875,3.8487548828125,-2.9578857421875
0.6675,-1.7166748046875,4.1290283203125,-2.5174560546875
0.668,-2.5574951171875,4.3292236328125,-1.9168701171875
0.6685,-2.7977294921875,3.8487548828125,-1.2362060546875
0.669,-3.2781982421875,3.7686767578125,-0.6356201171875
0.6695,-3.5584716796875,3.1280517578125,0.2452392578125
0.67,-3.9588623046875,2.6876220703125,1.0460205078125
0.6705,-4.1590576171875,1.9268798828125,2.0469970703125
0.671,-4.1590576171875,1.3262939453125,2.6075439453125
0.6715,-3.5985107421875,0.4854736328125,2.9278564453125
0.672,-3.5184326171875,-0.1151123046875,3.4483642578125
0.6725,-2.9178466796875,-1.0360107421875,3.8087158203125
0.673,-2.5174560546875,-1.7567138671875,4.0889892578125
0.6735,-1.7967529296875,-2.6776123046875,4.3292236328125
0.674,-0.9959716796875,-2.9979248046875,3.8887939453125
0.6745,-0.1951904296875,-3.5184326171875,3.5684814453125
0.675,0.6456298828125,-3.8787841796875,3.1280517578125
0.6755,1.5264892578125,-4.1590576171875,2.6475830078125
0.676,2.3272705078125,-4.3592529296875,2.0469970703125
0.6765,2.9678955078125,-4.4793701171875,1.5264892578125
0.677,3.1680908203125,-3.8387451171875,0.7657470703125
0.6775,3.6885986328125,-3.7987060546875,0.2052001953125
0.678,3.8887939453125,-3.0379638671875,-0.7557373046875
0.6785,4.2091064453125,-2.5975341796875,-1.5164794921875
0.679,4.4093017578125,-1.7967529296875,-2.4373779296875
0.6795,4.2091064453125,-1.2362060546875,-2.8778076171875
0.68,3.7686767578125,-0.3553466796875,-3.2781982421875
0.6805,3.5684814453125,0.2852783203125,-3.7987060546875
0.681,3.0079345703125,1.1661376953125,-4.0789794921875
0.6815,2.5274658203125,1.8868408203125,-4.3592529296875
0.682,1.8868408203125,2.6876220703125,-4.5194091796875
0.6825,0.9259033203125,2.9278564453125,-3.9188232421875
0.683,0.2052001953125,3.5284423828125,-3.7586669921875
0.6835,-0.7557373046875,3.8887939453125,-3.1580810546875
0.684,-1.5565185546875,4.1690673828125,-2.7176513671875
0.6845,-2.3572998046875,4.3292236328125,-2.0770263671875
0.685,-2.8778076171875,4.2891845703125,-1.5164794921875
0.6855,-3.0780029296875,3.6885986328125,-0.7156982421875
0.686,-3.5985107421875,3.5684814453125,-0.1551513671875
0.6865,-3.8787841796875,2.7276611328125,0.9259033203125
0.687,-4.1590576171875,2.3673095703125,1.5665283203125
0.6875,-4.2791748046875,1.5665283203125,2.5274658203125
0.688,-3.9188232421875,0.8858642578125,2.8477783203125
0.6885,-3.5985107421875,0.1251220703125,3.2481689453125
0.689,-3.2381591796875,-0.6356201171875,3.6885986328125
0.6895,-2.6776123046875,-1.5565185546875,4.0089111328125
0.69,-2.1170654296875,-2.2371826171875,4.2091064453125
0.6905,-1.4764404296875,-2.9178466796875,4.1690673828125
0.691,-0.5155029296875,-3.1580810546875,3.5684814453125
0.6915,0.1251220703125,-3.7987060546875,3.5284423828125
0.692,1.2462158203125,-4.0389404296875,2.8077392578125
0.6925,1.9268798828125,-4.3592529296875,2.4473876953125
0.693,2.6475830078125,-4.4393310546875,1.7667236328125
0.6935,3.0479736328125,-4.1590576171875,1.2061767578125
0.694,3.3282470703125,-3.7186279296875,0.4454345703125
0.6945,3.8087158203125,-3.4783935546875,-0.1951904296875
0.695,4.0089111328125,-2.6375732421875,-1.2362060546875
0.6955,4.2891845703125,-2.2772216796875,-1.8768310546875
0.696,4.3692626953125,-1.5565185546875,-2.6776123046875
0.6965,3.8887939453125,-0.7957763671875,-2.9578857421875
0.697,3.7686767578125,-0.0750732421875,-3.5584716796875
0.6975,3.2481689453125,0.7257080078125,-3.9188232421875
0.698,2.8477783203125,1.4864501953125,-4.2391357421875
0.6985,2.2071533203125,2.2471923828125,-4.4393310546875
0.699,1.4864501953125,2.8077392578125,-4.2391357421875
0.6995,0.5255126953125,3.1280517578125,-3.6785888671875
0.7,-0.1551513671875,3.7686767578125,-3.5985107421875
0.7005,-1.2762451171875,3.9688720703125,-2.7576904296875
0.701,-1.7967529296875,4.2491455078125,-2.5574951171875
0.7015,-2.5574951171875,4.3292236328125,-1.8768310546875
0.702,-2.8778076171875,3.8887939453125,-1.1561279296875
0.7025,-3.2781982421875,3.6485595703125,-0.5155029296875
0.703,-3.7586669921875,3.1680908203125,0.3653564453125
0.7035,-3.9989013671875,2.4874267578125,1.2862548828125
0.704,-4.1990966796875,2.0069580078125,1.9268798828125
0.7045,-4.1990966796875,1.3262939453125,2.6475830078125
0.705,-3.5584716796875,0.4454345703125,2.9278564453125
0.7055,-3.5584716796875,-0.1951904296875,3.5284423828125
0.706,-2.8778076171875,-1.2362060546875,3.8487548828125
0.7065,-2.5174560546875,-1.9168701171875,4.1290283203125
0.707,-1.7567138671875,-2.5574951171875,4.1690673828125
0.7075,-0.9959716796875,-2.9979248046875,3.8887939453125
0.708,-0.0750732421875,-3.3983154296875,3.4083251953125
0.7085,0.6856689453125,-3.9989013671875,3.2081298828125
0.709,1.7266845703125,-4.1990966796875,2.4073486328125
0.7095,2.2471923828125,-4.3592529296875,2.1671142578125
0.71,2.8878173828125,-4.3592529296875,1.5264892578125
0.7105,3.1280517578125,-3.8387451171875,0.7657470703125
0.711,3.6085205078125,-3.6385498046875,0.1251220703125
0.7115,3.9688720703125,-2.9178466796875,-0.8758544921875
0.712,4.2091064453125,-2.4373779296875,-1.6365966796875
0.7125,4.2891845703125,-1.8768310546875,-2.2772216796875
0.713,4.1690673828125,-1.1961669921875,-2.8778076171875
0.7135,3.6485595703125,-0.3953857421875,-3.1981201171875
0.714,3.6085205078125,0.2852783203125,-3.8387451171875
0.7145,2.8077392578125,1.3262939453125,-4.1190185546875
0.715,2.5274658203125,1.9268798828125,-4.3592529296875
0.7155,1.7667236328125,2.6075439453125,-4.3192138671875
0.716,0.8858642578125,3.0079345703125,-3.8787841796875
0.7165,0.0450439453125,3.4884033203125,-3.5584716796875
0.717,-0.7957763671875,3.9288330078125,-3.1580810546875
0.7175,-1.7567138671875,4.1290283203125,-2.4774169921875
0.718,-2.1971435546875,4.2491455078125,-2.1571044921875
0.7185,-2.7576904296875,4.1290283203125,-1.5164794921875
0.719,-3.0379638671875,3.5684814453125,-0.7156982421875
0.7195,-3.5985107421875,3.4884033203125,-0.0350341796875
0.72,-3.8387451171875,2.5675048828125,1.0460205078125
0.7205,-4.1190185546875,2.2471923828125,1.7266845703125
0.721,-4.0789794921875,1.5665283203125,2.3272705078125
0.7215,-3.8387451171875,0.8458251953125,2.8077392578125
0.722,-3.3582763671875,0.0050048828125,3.1680908203125
0.7225,-3.1981201171875,-0.7156982421875,3.6885986328125
0.723,-2.4373779296875,-1.6365966796875,3.9688720703125
0.7235,-2.0770263671875,-2.1571044921875,4.1290283203125
0.724,-1.3162841796875,-2.7977294921875,4.0089111328125
0.7245,-0.4754638671875,-3.1180419921875,3.4884033203125
0.725,0.2852783203125,-3.6785888671875,3.2882080078125
0.7255,1.2862548828125,-3.9989013671875,2.6876220703125
0.726,1.9669189453125,-4.2391357421875,2.2471923828125
0.7265,2.4073486328125,-4.1990966796875,1.8468017578125
0.727,2.8477783203125,-4.0389404296875,1.2462158203125
0.7275,3.1280517578125,-3.5184326171875,0.4854736328125
0.728,3.6885986328125,-3.3582763671875,-0.1951904296875
0.7285,3.8487548828125,-2.4774169921875,-1.2362060546875
0.729,4.1290283203125,-2.2772216796875,-1.7567138671875
0.7295,4.0489501953125,-1.5565185546875,-2.4373779296875
0.73,3.7686767578125,-0.9158935546875,-2.7576904296875
0.7305,3.4884033203125,-0.1551513671875,-3.2781982421875
0.731,3.1680908203125,0.6055908203125,-3.7186279296875
0.7315,2.6876220703125,1.4464111328125,-4.0389404296875
0.732,2.2471923828125,1.9268798828125,-4.1590576171875
0.7325,1.5264892578125,2.5274658203125,-3.9989013671875
0.733,0.6055908203125,2.8477783203125,-3.5184326171875
0.7335,-0.0350341796875,3.5284423828125,-3.4783935546875
0.734,-1.0760498046875,3.7286376953125,-2.7176513671875
0.7345,-1.5965576171875,4.0889892578125,-2.5574951171875
0.735,-2.0770263671875,3.9688720703125,-1.9569091796875
0.7355,-2.5174560546875,3.7686767578125,-1.3563232421875
0.736,-2.8778076171875,3.3682861328125,-0.6356201171875
0.7365,-3.4383544921875,3.1680908203125,0.0850830078125
0.737,-3.6785888671875,2.4073486328125,1.0460205078125
0.7375,-3.8787841796875,2.1671142578125,1.5264892578125
0.738,-3.8387451171875,1.4063720703125,2.1671142578125
0.7385,-3.4783935546875,0.6856689453125,2.4874267578125
0.739,-3.3582763671875,0.0050048828125,3.1680908203125
0.7395,-2.8377685546875,-0.8358154296875,3.4884033203125
0.74,-2.5174560546875,-1.4764404296875,3.8487548828125
0.7405,-1.9168701171875,-1.9969482421875,3.7686767578125
0.741,-1.2362060546875,-2.5174560546875,3.6485595703125
0.7415,-0.3153076171875,-2.9178466796875,3.2081298828125
0.742,0.3253173828125,-3.5584716796875,3.1680908203125
0.7425,1.2862548828125,-3.7987060546875,2.4874267578125
0.743,1.7266845703125,-4.0389404296875,2.3272705078125
0.7435,2.2071533203125,-3.8787841796875,1.7266845703125
0.744,2.4874267578125,-3.6385498046875,1.2061767578125
0.7445,3.0079345703125,-3.3582763671875,0.4454345703125
0.745,3.4083251953125,-2.9178466796875,-0.3553466796875
0.7455,3.6885986328125,-2.5574951171875,-1.1160888671875
0.746,3.8487548828125,-2.1971435546875,-1.5965576171875
0.7465,3.7286376953125,-1.5965576171875,-2.1571044921875
0.747,3.4483642578125,-0.7957763671875,-2.5174560546875
0.7475,3.4483642578125,-0.1151123046875,-3.1981201171875
0.748,2.8878173828125,0.7257080078125,-3.5584716796875
0.7485,2.6876220703125,1.2862548828125,-3.9188232421875
0.749,2.0069580078125,1.8067626953125,-3.7586669921875
0.7495,1.3262939453125,2.2471923828125,-3.5985107421875
0.75,0.5255126953125,2.8077392578125,-3.3182373046875
0.7505,-0.1551513671875,3.3282470703125,-3.1580810546875
0.751,-0.9959716796875,3.6485595703125,-2.6776123046875
0.7515,-1.3563232421875,3.8487548828125,-2.5174560546875
0.752,-1.9168701171875,3.7686767578125,-1.9569091796875
0.7525,-2.2772216796875,3.4483642578125,-1.2762451171875
0.753,-2.9178466796875,3.3682861328125,-0.5955810546875
0.7535,-3.2381591796875,2.6876220703125,0.3253173828125
0.754,-3.6785888671875,2.4874267578125,0.9659423828125
0.7545,-3.6785888671875,1.9268798828125,1.4864501953125
0.755,-3.5584716796875,1.3663330078125,1.9669189453125
0.7555,-3.2381591796875,0.5655517578125,2.5274658203125
0.756,-3.1981201171875,-0.1151123046875,3.1280517578125
0.7565,-2.6375732421875,-0.9959716796875,3.4884033203125
0.757,-2.3973388671875,-1.5164794921875,3.7686767578125
0.7575,-1.5965576171875,-2.0770263671875,3.5684814453125
0.758,-0.9158935546875,-2.5574951171875,3.3682861328125
0.7585,-0.0750732421875,-3.1981201171875,3.2081298828125
0.759,0.7657470703125,-3.5584716796875,2.7677001953125
0.7595,1.4063720703125,-3.9188232421875,2.4473876953125
0.76,1.8067626953125,-3.8787841796875,2.0870361328125
0.7605,2.2872314453125,-3.8387451171875,1.5264892578125
0.761,2.6876220703125,-3.3582763671875,0.7657470703125
0.7615,3.2882080078125,-3.3182373046875,0.0450439453125
0.762,3.5284423828125,-2.5975341796875,-0.8758544921875
0.7625,3.8487548828125,-2.4373779296875,-1.3963623046875
0.763,3.6885986328125,-1.6766357421875,-1.9569091796875
0.7635,3.5684814453125,-1.1160888671875,-2.3572998046875
0.764,3.3282470703125,-0.2752685546875,-2.9178466796875
0.7645,3.0880126953125,0.4454345703125,-3.3983154296875
0.765,2.6475830078125,1.2462158203125,-3.7987060546875
0.7655,2.2071533203125,1.6466064453125,-3.7987060546875
0.766,1.4864501953125,2.2071533203125,-3.6385498046875
0.7665,0.6856689453125,2.6075439453125,-3.2781982421875
0.767,0.0050048828125,3.2081298828125,-3.1981201171875
0.7675,-0.9158935546875,3.4884033203125,-2.6375732421875
0.768,-1.3963623046875,3.8087158203125,-2.4774169921875
0.7685,-1.7967529296875,3.6485595703125,-1.9569091796875
0.769,-2.1971435546875,3.5284423828125,-1.4364013671875
0.7695,-2.5975341796875,3.1680908203125,-0.6756591796875
0.77,-3.1580810546875,2.9278564453125,0.0050048828125
0.7705,-3.4383544921875,2.2872314453125,0.8858642578125
0.771,-3.6385498046875,2.1270751953125,1.3262939453125
0.7715,-3.4783935546875,1.4063720703125,1.8868408203125
0.772,-3.2381591796875,0.8057861328125,2.2872314453125
0.7725,-3.1580810546875,0.0050048828125,2.9278564453125
0.773,-2.7176513671875,-0.7156982421875,3.2882080078125
0.7735,-2.4373779296875,-1.3162841796875,3.6485595703125
0.774,-1.8768310546875,-1.7967529296875,3.4884033203125
0.7745,-1.2362060546875,-2.2772216796875,3.4483642578125
0.775,-0.3553466796875,-2.7576904296875,3.0479736328125
0.7755,0.2852783203125,-3.3582763671875,3.0479736328125
0.776,1.1260986328125,-3.6385498046875,2.4874267578125
0.7765,1.5264892578125,-3.8787841796875,2.3673095703125
0.777,1.9268798828125,-3.6785888671875,1.7667236328125
0.7775,2.3272705078125,-3.5584716796875,1.2462158203125
0.778,2.8878173828125,-3.2781982421875,0.4053955078125
0.7785,3.2882080078125,-2.9178466796875,-0.3153076171875
0.779,3.6485595703125,-2.4373779296875,-1.0360107421875
0.7795,3.7286376953125,-2.1170654296875,-1.4764404296875
0.78,3.6485595703125,-1.4764404296875,-2.0369873046875
0.7805,3.3682861328125,-0.7957763671875,-2.5174560546875
0.781,3.3282470703125,-0.0350341796875,-3.1981201171875
0.7815,2.8477783203125,0.7657470703125,-3.5184326171875
0.782,2.6075439453125,1.2862548828125,-3.8387451171875
0.7825,1.8468017578125,1.7667236328125,-3.5584716796875
0.783,1.2462158203125,2.2872314453125,-3.5184326171875
0.7835,0.3653564453125,2.8477783203125,-3.1981201171875
0.784,-0.3153076171875,3.3282470703125,-3.0379638671875
0.7845,-1.0760498046875,3.6485595703125,-2.5574951171875
0.785,-1.4364013671875,3.6885986328125,-2.3172607421875
0.7855,-1.9569091796875,3.5284423828125,-1.7567138671875
0.786,-2.3172607421875,3.2882080078125,-1.1561279296875
0.7865,-2.9178466796875,3.0880126953125,-0.3553466796875
0.787,-3.1981201171875,2.5274658203125,0.4854736328125
0.7875,-3.5584716796875,2.2872314453125,1.1260986328125
0.788,-3.4383544921875,1.7266845703125,1.5665283203125
0.7885,-3.3983154296875,1.1661376953125,2.0469970703125
0.789,-3.1180419921875,0.3653564453125,2.5675048828125
0.7895,-2.9578857421875,-0.3153076171875,3.1280517578125
0.79,-2.4774169921875,-1.1160888671875,3.4483642578125
0.7905,-2.1170654296875,-1.5565185546875,3.5284423828125
0.791,-1.3563232421875,-2.0770263671875,3.3282470703125
0.7915,-0.7156982421875,-2.5574951171875,3.1680908203125
0.792,0.0450439453125,-3.0780029296875,2.9678955078125
0.7925,0.8057861328125,-3.4783935546875,2.6075439453125
0.793,1.4063720703125,-3.7987060546875,2.3673095703125
0.7935,1.6466064453125,-3.7186279296875,1.9669189453125
0.794,2.1671142578125,-3.6785888671875,1.4464111328125
0.7945,2.5274658203125,-3.2781982421875,0.6856689453125
0.795,3.1280517578125,-3.1180419921875,0.0450439453125
0.7955,3.3682861328125,-2.4774169921875,-0.7957763671875
0.796,3.6885986328125,-2.3172607421875,-1.2762451171875
0.7965,3.4884033203125,-1.6365966796875,-1.7166748046875
0.797,3.4884033203125,-1.1961669921875,-2.1971435546875
0.7975,3.2481689453125,-0.3153076171875,-2.7977294921875
0.798,3.0479736328125,0.2852783203125,-3.2381591796875
0.7985,2.6876220703125,1.0059814453125,-3.6385498046875
0.799,2.2471923828125,1.4063720703125,-3.5985107421875
0.7995,1.5665283203125,1.9669189453125,-3.5184326171875
0.8,0.7657470703125,2.4874267578125,-3.1981201171875
0.8005,0.0850830078125,3.0479736328125,-3.1580810546875
0.801,-0.6756591796875,3.3682861328125,-2.7176513671875
0.8015,-1.1561279296875,3.6885986328125,-2.5975341796875
0.802,-1.4764404296875,3.4884033203125,-2.0770263671875
0.8025,-1.9569091796875,3.4884033203125,-1.6365966796875
0.803,-2.4774169921875,3.1280517578125,-0.7957763671875
0.8035,-2.9979248046875,2.9278564453125,-0.0750732421875
0.804,-3.3182373046875,2.4073486328125,0.6856689453125
0.8045,-3.4783935546875,2.2071533203125,1.1260986328125
0.805,-3.3182373046875,1.5264892578125,1.6466064453125
0.8055,-3.1981201171875,0.9259033203125,2.1671142578125
0.806,-3.0780029296875,0.1251220703125,2.7677001953125
0.8065,-2.7176513671875,-0.5955810546875,3.1680908203125
0.807,-2.4774169921875,-1.1961669921875,3.5284423828125
0.8075,-1.8768310546875,-1.5965576171875,3.3282470703125
0.808,-1.2762451171875,-2.1971435546875,3.3282470703125
0.8085,-0.3553466796875,-2.7176513671875,3.0079345703125
0.809,0.2852783203125,-3.2781982421875,2.9278564453125
0.8095,1.0460205078125,-3.5985107421875,2.4874267578125
0.81,1.4063720703125,-3.7987060546875,2.3272705078125
0.8105,1.8067626953125,-3.5985107421875,1.7266845703125
0.811,2.2471923828125,-3.4383544921875,1.2462158203125
0.8115,2.8077392578125,-3.1580810546875,0.4053955078125
0.812,3.2081298828125,-2.7977294921875,-0.3153076171875
0.8125,3.5284423828125,-2.4373779296875,-0.9959716796875
0.813,3.5284423828125,-2.0369873046875,-1.3963623046875
0.8135,3.5284423828125,-1.4364013671875,-1.9569091796875
0.814,3.2882080078125,-0.6756591796875,-2.5174560546875
0.8145,3.2081298828125,0.0050048828125,-3.0780029296875
0.815,2.7677001953125,0.7657470703125,-3.4783935546875
0.8155,2.5274658203125,1.2462158203125,-3.7186279296875
0.816,1.7266845703125,1.7266845703125,-3.4383544921875
0.8165,1.1260986328125,2.2872314453125,-3.3983154296875
0.817,0.2852783203125,2.8477783203125,-3.1180419921875
0.8175,-0.3553466796875,3.2481689453125,-2.8778076171875
0.818,-1.1160888671875,3.6085205078125,-2.5574951171875
0.8185,-1.4364013671875,3.5284423828125,-2.2772216796875
0.819,-1.9569091796875,3.5284423828125,-1.6365966796875
0.8195,-2.3973388671875,3.2481689453125,-0.9959716796875
0.82,-2.8778076171875,3.0079345703125,-0.1951904296875
0.8205,-3.2781982421875,2.4874267578125,0.6055908203125
0.821,-3.5584716796875,2.2071533203125,1.2061767578125
0.8215,-3.3582763671875,1.5665283203125,1.5665283203125
0.822,-3.3582763671875,1.0059814453125,2.1270751953125
0.8225,-3.0379638671875,0.1651611328125,2.6876220703125
0.823,-2.8778076171875,-0.4754638671875,3.1680908203125
0.8235,-2.3973388671875,-1.2762451171875,3.5284423828125
0.824,-1.9569091796875,-1.6365966796875,3.5284423828125
0.8245,-1.1961669921875,-2.1971435546875,3.2882080078125
0.825,-0.5155029296875,-2.7176513671875,3.1280517578125
0.8255,0.2452392578125,-3.2381591796875,2.8477783203125
0.826,0.9659423828125,-3.5985107421875,2.5274658203125
0.8265,1.5665283203125,-3.8787841796875,2.2071533203125
0.827,1.8868408203125,-3.5985107421875,1.7667236328125
0.8275,2.4073486328125,-3.5985107421875,1.2061767578125
0.828,2.8077392578125,-3.1580810546875,0.4454345703125
0.8285,3.2481689453125,-2.9178466796875,-0.2752685546875
0.829,3.5684814453125,-2.3172607421875,-1.1160888671875
0.8295,3.7286376953125,-2.0770263671875,-1.5565185546875
0.83,3.4483642578125,-1.3162841796875,-1.9969482421875
0.8305,3.4884033203125,-0.8358154296875,-2.5174560546875
0.831,3.1680908203125,0.0050048828125,-3.0780029296875
0.8315,2.8878173828125,0.6856689453125,-3.4783935546875
0.832,2.5274658203125,1.4063720703125,-3.8387451171875
0.8325,1.8868408203125,1.7667236328125,-3.5584716796875
0.833,1.1260986328125,2.3673095703125,-3.4783935546875
0.8335,0.3253173828125,2.8077392578125,-3.1981201171875
0.834,-0.3553466796875,3.3282470703125,-2.9979248046875
0.8345,-1.1561279296875,3.5684814453125,-2.5574951171875
0.835,-1.5965576171875,3.8087158203125,-2.2371826171875
0.8355,-1.9569091796875,3.4884033203125,-1.6365966796875
0.836,-2.4774169921875,3.4884033203125,-1.1561279296875
0.8365,-2.8778076171875,3.0079345703125,-0.2352294921875
0.837,-3.3582763671875,2.6876220703125,0.4854736328125
0.8375,-3.6385498046875,2.0870361328125,1.3262939453125
0.838,-3.5584716796875,1.6866455078125,1.6466064453125
0.8385,-3.3582763671875,0.9659423828125,2.2071533203125
0.839,-3.1981201171875,0.2852783203125,2.6876220703125
0.8395,-2.8778076171875,-0.4754638671875,3.1680908203125
0.84,-2.5174560546875,-1.2362060546875,3.5684814453125
0.8405,-2.0369873046875,-1.8367919921875,3.7686767578125
0.841,-1.2762451171875,-2.1571044921875,3.3282470703125
0.8415,-0.6356201171875,-2.8377685546875,3.3282470703125
0.842,0.2452392578125,-3.1981201171875,2.8878173828125
0.8425,0.9259033203125,-3.7186279296875,2.6475830078125
0.843,1.7266845703125,-3.8787841796875,2.1671142578125
0.8435,2.0469970703125,-3.8387451171875,1.8067626953125
0.844,2.4073486328125,-3.5584716796875,1.1661376953125
0.8445,2.8477783203125,-3.3582763671875,0.5655517578125
0.845,3.2481689453125,-2.8778076171875,-0.2752685546875
0.8455,3.6085205078125,-2.5174560546875,-0.9959716796875
0.846,3.8487548828125,-1.9569091796875,-1.7567138671875
0.8465,3.5684814453125,-1.4364013671875,-2.0369873046875
0.847,3.5284423828125,-0.7957763671875,-2.5975341796875
0.8475,3.2081298828125,-0.0350341796875,-3.0780029296875
0.848,2.9678955078125,0.6456298828125,-3.5584716796875
0.8485,2.4874267578125,1.4063720703125,-3.7987060546875
0.849,2.0069580078125,1.8868408203125,-3.8387451171875
0.8495,1.1661376953125,2.2471923828125,-3.3983154296875
0.85,0.5655517578125,2.8477783203125,-3.3983154296875
0.8505,-0.3553466796875,3.1680908203125,-2.9178466796875
0.851,-0.9959716796875,3.6085205078125,-2.7176513671875
0.8515,-1.6766357421875,3.8487548828125,-2.2371826171875
0.852,-1.9569091796875,3.6085205078125,-1.7567138671875
0.8525,-2.4373779296875,3.4884033203125,-1.1961669921875
0.853,-2.8778076171875,3.1680908203125,-0.4354248046875
0.8535,-3.2381591796875,2.7276611328125,0.3653564453125
0.854,-3.5584716796875,2.2471923828125,1.1260986328125
0.8545,-3.7186279296875,1.8468017578125,1.7266845703125
0.855,-3.3582763671875,1.1260986328125,2.0469970703125
0.8555,-3.3983154296875,0.6055908203125,2.6475830078125
0.856,-2.9178466796875,-0.2752685546875,3.0479736328125
0.8565,-2.7176513671875,-0.9559326171875,3.5284423828125
0.857,-2.1971435546875,-1.7166748046875,3.7686767578125
0.8575,-1.5965576171875,-2.1170654296875,3.5684814453125
0.858,-0.7957763671875,-2.5975341796875,3.3282470703125
0.8585,-0.1151123046875,-3.1981201171875,3.1280517578125
0.859,0.7257080078125,-3.5184326171875,2.6876220703125
0.8595,1.4063720703125,-3.8787841796875,2.4473876953125
0.86,2.0469970703125,-3.9989013671875,1.9669189453125
0.8605,2.2471923828125,-3.6385498046875,1.4063720703125
0.861,2.8477783203125,-3.5985107421875,0.8458251953125
0.8615,3.1680908203125,-3.0780029296875,0.0050048828125
0.862,3.6085205078125,-2.7176513671875,-0.7156982421875
0.8625,3.8487548828125,-2.1971435546875,-1.5565185546875
0.863,3.8487548828125,-1.7166748046875,-1.9969482421875
0.8635,3.4884033203125,-0.9559326171875,-2.4373779296875
0.864,3.5284423828125,-0.3553466796875,-3.0379638671875
0.8645,3.0479736328125,0.4854736328125,-3.4383544921875
0.865,2.7276611328125,1.1661376953125,-3.8387451171875
0.8655,2.2071533203125,1.8868408203125,-3.9989013671875
0.866,1.4063720703125,2.2071533203125,-3.6385498046875
0.8665,0.6456298828125,2.7677001953125,-3.5184326171875
0.867,-0.1551513671875,3.2882080078125,-3.1580810546875
0.8675,-0.9158935546875,3.6485595703125,-2.7176513671875
0.868,-1.5965576171875,3.8887939453125,-2.3973388671875
0.8685,-2.1170654296875,3.8887939453125,-1.9168701171875
0.869,-2.3572998046875,3.4884033203125,-1.2762451171875
0.8695,-2.9578857421875,3.4884033203125,-0.6756591796875
0.87,-3.2381591796875,2.8077392578125,0.2852783203125
0.8705,-3.6785888671875,2.4874267578125,1.0059814453125
0.871,-3.8387451171875,1.8468017578125,1.8468017578125
0.8715,-3.6385498046875,1.2862548828125,2.2071533203125
0.872,-3.3582763671875,0.4854736328125,2.6475830078125
0.8725,-3.1981201171875,-0.1951904296875,3.2081298828125
0.873,-2.6776123046875,-1.0360107421875,3.5684814453125
0.8735,-2.3172607421875,-1.7166748046875,3.8487548828125
0.874,-1.6766357421875,-2.3973388671875,3.9288330078125
0.8745,-0.8358154296875,-2.7176513671875,3.3682861328125
0.875,-0.1551513671875,-3.3182373046875,3.3682861328125
0.8755,0.8458251953125,-3.6785888671875,2.8077392578125
0.876,1.5264892578125,-4.0389404296875,2.4874267578125
0.8765,2.2071533203125,-4.1590576171875,1.9268798828125
0.877,2.6475830078125,-4.0389404296875,1.4063720703125
0.8775,2.9278564453125,-3.5584716796875,0.6856689453125
0.878,3.5284423828125,-3.4383544921875,0.0050048828125
0.8785,3.7686767578125,-2.6375732421875,-0.9959716796875
0.879,4.0889892578125,-2.3172607421875,-1.6365966796875
0.8795,4.1290283203125,-1.6365966796875,-2.4373779296875
0.88,3.7686767578125,-0.9158935546875,-2.7576904296875
0.8805,3.6085205078125,-0.1951904296875,-3.2781982421875
0.881,3.1680908203125,0.6456298828125,-3.7186279296875
0.8815,2.6876220703125,1.4464111328125,-4.1190185546875
0.882,2.1671142578125,2.0870361328125,-4.2391357421875
0.8825,1.4464111328125,2.6475830078125,-4.1590576171875
0.883,0.5255126953125,3.0079345703125,-3.5584716796875
0.8835,-0.1551513671875,3.6485595703125,-3.4783935546875
0.884,-1.2762451171875,3.8887939453125,-2.6375732421875
0.8845,-1.9168701171875,4.1290283203125,-2.3973388671875
0.885,-2.5174560546875,4.1290283203125,-1.7567138671875
0.8855,-2.8778076171875,3.8487548828125,-1.1160888671875
0.886,-3.1981201171875,3.4483642578125,-0.3953857421875
0.8865,-3.7186279296875,3.0479736328125,0.4854736328125
0.887,-3.9188232421875,2.2471923828125,1.4464111328125
0.8875,-4.1190185546875,1.8868408203125,2.0469970703125
0.888,-4.0389404296875,1.1661376953125,2.6876220703125
0.8885,-3.5184326171875,0.3253173828125,2.9278564453125
0.889,-3.3582763671875,-0.3153076171875,3.5284423828125
0.8895,-2.7176513671875,-1.3162841796875,3.8487548828125
0.89,-2.2772216796875,-2.0770263671875,4.1290283203125
0.8905,-1.5965576171875,-2.6776123046875,4.0889892578125
0.891,-0.8358154296875,-3.0780029296875,3.8487548828125
0.8915,0.0050048828125,-3.3983154296875,3.2882080078125
0.892,0.8057861328125,-4.0389404296875,3.1680908203125
0.8925,1.9268798828125,-4.1990966796875,2.2471923828125
0.893,2.3673095703125,-4.3592529296875,2.0069580078125
0.8935,2.9678955078125,-4.2391357421875,1.3262939453125
0.894,3.2481689453125,-3.7987060546875,0.6456298828125
0.8945,3.6485595703125,-3.4783935546875,-0.0350341796875
0.895,4.0089111328125,-2.8778076171875,-0.9959716796875
0.8955,4.2091064453125,-2.2371826171875,-1.8768310546875
0.896,4.2891845703125,-1.7567138671875,-2.3973388671875
0.8965,4.1290283203125,-0.9959716796875,-3.0379638671875
0.897,3.6085205078125,-0.1951904296875,-3.2781982421875
0.8975,3.5284423828125,0.4854736328125,-3.8787841796875
0.898,2.7276611328125,1.5264892578125,-4.1990966796875
0.8985,2.3272705078125,2.0870361328125,-4.4793701171875
0.899,1.5665283203125,2.7276611328125,-4.2791748046875
0.8995,0.7657470703125,3.1680908203125,-3.9188232421875
0.9,-0.1551513671875,3.5284423828125,-3.3983154296875
0.9005,-0.9959716796875,4.0489501953125,-3.1580810546875
0.901,-1.9569091796875,4.2091064453125,-2.3172607421875
0.9015,-2.3973388671875,4.2891845703125,-1.9969482421875
0.902,-2.9578857421875,4.1290283203125,-1.3162841796875
0.9025,-3.1981201171875,3.5684814453125,-0.5155029296875
0.903,-3.7186279296875,3.3282470703125,0.1251220703125
0.9035,-3.9989013671875,2.5274658203125,1.2462158203125
0.904,-4.1990966796875,2.0469970703125,1.9669189453125
0.9045,-4.1190185546875,1.4063720703125,2.4874267578125
0.905,-3.8787841796875,0.6856689453125,3.0079345703125
0.9055,-3.3582763671875,-0.1551513671875,3.2882080078125
0.906,-3.1981201171875,-0.8758544921875,3.8487548828125
0.9065,-2.3572998046875,-1.9569091796875,4.0889892578125
0.907,-1.9569091796875,-2.3572998046875,4.2091064453125
0.9075,-1.1160888671875,-2.9578857421875,3.9688720703125
0.908,-0.3153076171875,-3.3182373046875,3.5684814453125
0.9085,0.5255126953125,-3.7987060546875,3.1680908203125
0.909,1.4464111328125,-4.1590576171875,2.6876220703125
0.9095,2.2872314453125,-4.3592529296875,2.0870361328125
0.91,2.6075439453125,-4.2391357421875,1.6866455078125
0.9105,3.1280517578125,-4.1190185546875,1.0460205078125
0.911,3.3282470703125,-3.5184326171875,0.2452392578125
0.9115,3.8887939453125,-3.3182373046875,-0.4754638671875
0.912,4.0889892578125,-2.3973388671875,-1.5565185546875
0.9125,4.3292236328125,-2.0770263671875,-2.0770263671875
0.913,4.1290283203125,-1.3563232421875,-2.6375732421875
0.9135,3.8887939453125,-0.6756591796875,-3.0780029296875
0.914,3.4483642578125,0.0850830078125,-3.4783935546875
0.9145,3.1680908203125,0.8858642578125,-3.9989013671875
0.915,2.4874267578125,1.8868408203125,-4.2791748046875
0.9155,2.0469970703125,2.2872314453125,-4.2791748046875
0.916,1.2061767578125,2.8878173828125,-4.0389404296875
0.9165,0.3253173828125,3.2081298828125,-3.5584716796875
0.917,-0.4354248046875,3.8087158203125,-3.3582763671875
0.9175,-1.4364013671875,4.0489501953125,-2.6776123046875
0.918,-2.0770263671875,4.2891845703125,-2.2772216796875
0.9185,-2.4373779296875,4.0889892578125,-1.7567138671875
0.919,-2.9578857421875,3.8887939453125,-1.0760498046875
0.9195,-3.2381591796875,3.3282470703125,-0.2752685546875
0.92,-3.8387451171875,3.1280517578125,0.4854736328125
0.9205,-3.9989013671875,2.2071533203125,1.5665283203125
0.921,-4.1590576171875,1.9268798828125,2.0469970703125
0.9215,-3.9188232421875,1.0059814453125,2.6475830078125
0.922,-3.5584716796875,0.3253173828125,3.0479736328125
0.9225,-3.2781982421875,-0.5155029296875,3.5284423828125
0.923,-2.7576904296875,-1.3162841796875,3.9288330078125
0.9235,-2.1971435546875,-2.1571044921875,4.2091064453125
0.924,-1.5965576171875,-2.5574951171875,4.0089111328125
0.9245,-0.7957763671875,-3.1580810546875,3.8487548828125
0.925,0.1251220703125,-3.4783935546875,3.2481689453125
0.9255,0.8858642578125,-4.0389404296875,3.1280517578125
0.926,1.9268798828125,-4.2391357421875,2.2471923828125
0.9265,2.4874267578125,-4.4393310546875,1.9669189453125
0.927,2.8477783203125,-4.0789794921875,1.2862548828125
0.9275,3.2882080078125,-3.8787841796875,0.6456298828125
0.928,3.6085205078125,-3.3182373046875,-0.1551513671875
0.9285,4.0489501953125,-2.9178466796875,-0.9959716796875
0.929,4.2491455078125,-2.1170654296875,-1.9969482421875
0.9295,4.2891845703125,-1.7567138671875,-2.4373779296875
0.93,4.0089111328125,-0.9158935546875,-3.0379638671875
0.9305,3.6085205078125,-0.1551513671875,-3.3983154296875
0.931,3.3282470703125,0.6456298828125,-3.9188232421875
0.9315,2.6876220703125,1.5665283203125,-4.1990966796875
0.932,2.2471923828125,2.2872314453125,-4.5194091796875
0.9325,1.4063720703125,2.6876220703125,-4.0789794921875
0.933,0.6055908203125,3.2882080078125,-3.8787841796875
0.9335,-0.3153076171875,3.5684814453125,-3.2781982421875
0.934,-1.0360107421875,4.0889892578125,-3.0780029296875
0.9345,-2.0770263671875,4.2491455078125,-2.2772216796875
0.935,-2.5174560546875,4.2891845703125,-1.9168701171875
0.9355,-2.8778076171875,3.8887939453125,-1.1561279296875
0.936,-3.2781982421875,3.6485595703125,-0.5155029296875
0.9365,-3.6785888671875,3.1280517578125,0.3253173828125
0.937,-3.9989013671875,2.5274658203125,1.2462158203125
0.9375,-4.2391357421875,1.8468017578125,2.1671142578125
0.938,-3.9989013671875,1.2862548828125,2.4874267578125
0.9385,-3.7987060546875,0.4854736328125,3.0479736328125
0.939,-3.2781982421875,-0.3153076171875,3.3682861328125
0.9395,-3.0379638671875,-1.0360107421875,3.8887939453125
0.94,-2.2772216796875,-1.9569091796875,4.0889892578125
0.9405,-1.7967529296875,-2.5174560546875,4.2091064453125
0.941,-0.9158935546875,-2.8778076171875,3.6885986328125
0.9415,-0.1951904296875,-3.3983154296875,3.5684814453125
0.942,0.6856689453125,-3.7186279296875,3.0079345703125
0.9425,1.4063720703125,-4.1190185546875,2.6876220703125
0.943,2.3272705078125,-4.3192138671875,1.9669189453125
0.9435,2.5274658203125,-4.1590576171875,1.6466064453125
0.944,3.0079345703125,-3.8787841796875,0.9259033203125
0.9445,3.3282470703125,-3.4383544921875,0.2452392578125
0.945,3.7286376953125,-3.0780029296875,-0.5155029296875
0.9455,3.9688720703125,-2.4373779296875,-1.3963623046875
0.946,4.2091064453125,-1.9969482421875,-2.0770263671875
0.9465,3.8487548828125,-1.3563232421875,-2.4373779296875
0.947,3.7686767578125,-0.7156982421875,-2.9178466796875
0.9475,3.2882080078125,0.1251220703125,-3.3182373046875
0.948,3.1280517578125,0.8458251953125,-3.8387451171875
0.9485,2.4874267578125,1.6466064453125,-4.1190185546875
0.949,2.0469970703125,2.0469970703125,-4.0789794921875
0.9495,1.2061767578125,2.5274658203125,-3.7186279296875
0.95,0.4454345703125,3.0479736328125,-3.5184326171875
0.9505,-0.3153076171875,3.4884033203125,-3.1580810546875
0.951,-1.1160888671875,3.8087158203125,-2.7576904296875
0.9515,-1.7967529296875,4.0889892578125,-2.3572998046875
0.952,-1.9969482421875,3.8087158203125,-1.9168701171875
0.9525,-2.5975341796875,3.7686767578125,-1.2762451171875
0.953,-2.9178466796875,3.2481689453125,-0.5155029296875
0.9535,-3.4783935546875,3.0079345703125,0.2452392578125
0.954,-3.6785888671875,2.2872314453125,1.1260986328125
0.9545,-3.9188232421875,2.0069580078125,1.6065673828125
0.955,-3.5584716796875,1.2862548828125,2.0870361328125
0.9555,-3.5584716796875,0.6856689453125,2.6075439453125
0.956,-3.1180419921875,-0.1951904296875,3.1680908203125
0.9565,-2.8778076171875,-0.9158935546875,3.5684814453125
0.957,-2.3572998046875,-1.6365966796875,3.8487548828125
0.9575,-1.7967529296875,-1.9969482421875,3.6885986328125
0.958,-1.0360107421875,-2.5975341796875,3.5284423828125
0.9585,-0.1951904296875,-3.0780029296875,3.1680908203125
0.959,0.5655517578125,-3.5985107421875,3.0079345703125
0.9595,1.3262939453125,-3.8787841796875,2.5274658203125
0.96,1.8868408203125,-4.0789794921875,2.2471923828125
0.9605,2.1270751953125,-3.7586669921875,1.6466064453125
0.961,2.6876220703125,-3.7186279296875,1.1260986328125
0.9615,3.0880126953125,-3.2381591796875,0.2052001953125
0.962,3.5284423828125,-2.9578857421875,-0.5155029296875
0.9625,3.7686767578125,-2.3973388671875,-1.3563232421875
0.963,3.8487548828125,-2.0369873046875,-1.7166748046875
0.9635,3.6085205078125,-1.2362060546875,-2.2772216796875
0.964,3.5284423828125,-0.6356201171875,-2.7576904296875
0.9645,3.2081298828125,0.2052001953125,-3.2781982421875
0.965,2.8477783203125,0.9659423828125,-3.7186279296875
0.9655,2.4874267578125,1.5665283203125,-3.9989013671875
0.966,1.7667236328125,1.9268798828125,-3.6785888671875
0.9665,1.0860595703125,2.5675048828125,-3.6385498046875
0.967,0.1651611328125,3.0079345703125,-3.1981201171875
0.9675,-0.5155029296875,3.5284423828125,-3.0780029296875
0.968,-1.2762451171875,3.7686767578125,-2.5574951171875
0.9685,-1.6766357421875,3.8487548828125,-2.2772216796875
0.969,-2.0369873046875,3.5684814453125,-1.5965576171875
0.9695,-2.5574951171875,3.4884033203125,-1.0760498046875
0.97,-3.0379638671875,3.0079345703125,-0.1151123046875
0.9705,-3.4783935546875,2.6475830078125,0.5655517578125
0.971,-3.7586669921875,2.1671142578125,1.4063720703125
0.9715,-3.5985107421875,1.7266845703125,1.7266845703125
0.972,-3.4783935546875,0.9659423828125,2.2872314453125
0.9725,-3.1981201171875,0.2052001953125,2.8077392578125
0.973,-2.9578857421875,-0.5155029296875,3.3282470703125
0.9735,-2.5174560546875,-1.2762451171875,3.6485595703125
0.974,-2.1170654296875,-1.7967529296875,3.8087158203125
0.9745,-1.2762451171875,-2.2371826171875,3.3682861328125
0.975,-0.6356201171875,-2.8377685546875,3.4083251953125
0.9755,0.2452392578125,-3.2781982421875,2.9278564453125
0.976,0.9259033203125,-3.7186279296875,2.7276611328125
0.9765,1.7266845703125,-3.9588623046875,2.2471923828125
0.977,1.9669189453125,-3.8387451171875,1.8868408203125
0.9775,2.4874267578125,-3.6785888671875,1.2061767578125
0.978,2.8878173828125,-3.3983154296875,0.5255126953125
0.9785,3.2882080078125,-3.0379638671875,-0.2752685546875
0.979,3.6485595703125,-2.5174560546875,-1.0360107421875
0.9795,3.8887939453125,-2.1170654296875,-1.6365966796875
0.98,3.5684814453125,-1.4764404296875,-1.9569091796875
0.9805,3.6085205078125,-0.9158935546875,-2.5574951171875
0.981,3.2081298828125,-0.0350341796875,-3.0379638671875
0.9815,3.0479736328125,0.6055908203125,-3.5584716796875
0.982,2.5274658203125,1.3663330078125,-3.8387451171875
0.9825,2.0469970703125,1.7667236328125,-3.7987060546875
0.983,1.2462158203125,2.2471923828125,-3.4783935546875
0.9835,0.5655517578125,2.8077392578125,-3.3582763671875
0.984,-0.2352294921875,3.2081298828125,-2.9578857421875
0.9845,-0.9158935546875,3.5684814453125,-2.7176513671875
0.985,-1.5565185546875,3.8487548828125,-2.3172607421875
0.9855,-1.7967529296875,3.5284423828125,-1.8768310546875
0.986,-2.3572998046875,3.5284423828125,-1.3162841796875
0.9865,-2.7977294921875,3.0479736328125,-0.5155029296875
0.987,-3.2381591796875,2.8477783203125,0.2452392578125
0.9875,-3.5184326171875,2.2872314453125,1.0059814453125
0.988,-3.6785888671875,1.9669189453125,1.5264892578125
0.9885,-3.3182373046875,1.2462158203125,1.9268798828125
0.989,-3.3983154296875,0.6856689453125,2.5274658203125
0.9895,-2.9578857421875,-0.1551513671875,3.0079345703125
0.99,-2.7576904296875,-0.7957763671875,3.4083251953125
0.9905,-2.2772216796875,-1.5565185546875,3.6885986328125
0.991,-1.6766357421875,-1.8768310546875,3.4884033203125
0.9915,-0.9959716796875,-2.4774169921875,3.3682861328125
0.992,-0.1551513671875,-2.9979248046875,3.1280517578125
0.9925,0.5655517578125,-3.4783935546875,2.8477783203125
0.993,1.2462158203125,-3.7586669921875,2.4874267578125
0.9935,1.7667236328125,-3.9989013671875,2.1671142578125
0.994,2.0069580078125,-3.6385498046875,1.5665283203125
0.9945,2.5675048828125,-3.6785888671875,1.0059814453125
0.995,3.0079345703125,-3.0780029296875,0.1251220703125
0.9955,3.4884033203125,-2.8377685546875,-0.5155029296875
0.996,3.7686767578125,-2.2772216796875,-1.3563232421875
0.9965,3.7686767578125,-1.9569091796875,-1.7166748046875
0.997,3.4884033203125,-1.1561279296875,-2.2371826171875
0.9975,3.4483642578125,-0.5155029296875,-2.8377685546875
0.998,3.1280517578125,0.2852783203125,-3.2781982421875
0.9985,2.8077392578125,0.9659423828125,-3.7186279296875
0.999,2.3673095703125,1.5665283203125,-3.8787841796875
0.9995,1.5665283203125,1.9268798828125,-3.5184326171875
