wavelength,x,y,z
0.0,-4.32421875,3.5634765625,0.2802734375
0.0005,-4.4443359375,2.9228515625,1.0009765625
0.001,-4.564453125,2.40234375,1.6015625
0.0015,-4.8046875,1.5615234375,2.6826171875
0.002,-4.32421875,0.640625,3.123046875
0.0025,-4.083984375,-0.2802734375,3.763671875
0.003,-3.4033203125,-1.1611328125,4.00390625
0.0035,-2.962890625,-1.921875,4.2841796875
0.004,-2.1220703125,-2.8828125,4.3642578125
0.0045,-1.3212890625,-3.7236328125,4.404296875
0.005,-0.3603515625,-4.00390625,3.68359375
0.0055,0.2802734375,-4.564453125,3.68359375
0.006,1.3212890625,-4.6845703125,2.72265625
0.0065,1.9619140625,-4.884765625,2.322265625
0.007,3.123046875,-5.0048828125,1.28125
0.0075,3.5234375,-4.64453125,0.5205078125
0.008,3.84375,-4.1640625,-0.2802734375
0.0085,4.083984375,-3.8037109375,-0.9208984375
0.009,4.1240234375,-3.0830078125,-1.6416015625
0.0095,4.1240234375,-2.4423828125,-2.2822265625
0.01,4.2841796875,-1.6015625,-3.203125
0.0105,3.5234375,-0.6005859375,-3.443359375
0.011,3.36328125,0.16015625,-4.00390625
0.0115,2.5625,1.041015625,-4.00390625
0.012,2.2021484375,1.681640625,-4.32421875
0.0125,1.3212890625,2.6025390625,-4.3642578125
0.013,0.560546875,3.283203125,-4.2041015625
0.0135,-0.3203125,3.5634765625,-3.603515625
0.014,-0.9609375,4.083984375,-3.5634765625
0.0145,-1.9619140625,4.2041015625,-2.6025390625
0.015,-2.5625,4.404296875,-2.2421875
0.0155,-3.7236328125,4.5244140625,-1.28125
0.016,-4.0439453125,4.00390625,-0.400390625
0.0165,-4.5244140625,3.7236328125,0.2802734375
0.017,-4.724609375,3.1630859375,1.0009765625
0.0175,-4.8447265625,2.5625,1.76171875
0.018,-4.8447265625,1.8017578125,2.5224609375
0.0185,-5.0048828125,1.0009765625,3.4833984375
0.019,-4.083984375,-0.240234375,3.7236328125
0.0195,-4.0439453125,-1.0009765625,4.404296875
0.02,-2.962890625,-2.08203125,4.484375
0.0205,-2.5625,-2.7626953125,4.64453125
0.021,-1.4814453125,-3.7236328125,4.564453125
0.0215,-0.560546875,-4.3642578125,4.2841796875
0.022,0.3603515625,-4.64453125,3.6435546875
0.0225,1.12109375,-5.125,3.3232421875
0.023,2.322265625,-5.1650390625,2.2421875
0.0235,2.8427734375,-5.1650390625,1.6416015625
0.024,3.84375,-5.125,0.640625
0.0245,4.00390625,-4.4443359375,-0.2802734375
0.025,4.32421875,-4.1240234375,-0.8408203125
0.0255,4.484375,-3.3232421875,-1.76171875
0.026,4.484375,-2.5625,-2.4423828125
0.0265,4.244140625,-1.76171875,-3.0830078125
0.027,4.2041015625,-0.9208984375,-3.84375
0.0275,3.203125,0.240234375,-3.923828125
0.028,3.123046875,0.80078125,-4.404296875
0.0285,2.0419921875,1.9619140625,-4.404296875
0.029,1.6416015625,2.482421875,-4.5244140625
0.0295,0.6806640625,3.3232421875,-4.3642578125
0.03,-0.2802734375,3.8037109375,-3.923828125
0.0305,-1.0009765625,4.083984375,-3.4833984375
0.031,-1.8017578125,4.4443359375,-3.0029296875
0.0315,-2.802734375,4.484375,-2.08203125
0.032,-3.36328125,4.484375,-1.521484375
0.0325,-4.2041015625,4.404296875,-0.6806640625
0.033,-4.3642578125,3.6435546875,0.240234375
0.0335,-4.8046875,3.5234375,0.720703125
0.034,-4.884765625,2.642578125,1.76171875
0.0345,-5.0048828125,2.162109375,2.3623046875
0.035,-4.8447265625,1.1611328125,3.123046875
0.0355,-4.64453125,0.3203125,3.84375
0.036,-3.8037109375,-0.8408203125,4.0439453125
0.0365,-3.6435546875,-1.5615234375,4.5244140625
0.037,-2.482421875,-2.72265625,4.6044921875
0.0375,-2.0419921875,-3.2431640625,4.6044921875
0.038,-0.9609375,-4.1640625,4.4443359375
0.0385,0.0400390625,-4.564453125,3.84375
0.039,0.7607421875,-4.884765625,3.4833984375
0.0395,1.76171875,-5.1650390625,2.7626953125
0.04,2.7626953125,-5.28515625,1.921875
0.0405,3.3232421875,-5.0849609375,1.12109375
0.041,4.083984375,-4.96484375,0.240234375
0.0415,4.1240234375,-4.083984375,-0.720703125
0.042,4.484375,-3.8837890625,-1.1611328125
0.0425,4.484375,-2.7626953125,-2.2421875
0.043,4.484375,-2.2421875,-2.72265625
0.0435,4.1640625,-1.2412109375,-3.4833984375
0.044,3.84375,-0.3203125,-3.9638671875
0.0445,3.0029296875,0.6806640625,-4.1240234375
0.045,2.72265625,1.3212890625,-4.484375
0.0455,1.6416015625,2.482421875,-4.5244140625
0.046,1.1611328125,2.8427734375,-4.404296875
0.0465,0.16015625,3.68359375,-4.1640625
0.047,-0.720703125,3.8837890625,-3.5634765625
0.0475,-1.361328125,4.2841796875,-3.283203125
0.048,-2.4423828125,4.4443359375,-2.3623046875
0.0485,-3.203125,4.484375,-1.76171875
0.049,-3.7236328125,4.1640625,-0.9208984375
0.0495,-4.3642578125,4.00390625,-0.2001953125
0.05,-4.4443359375,3.3232421875,0.6806640625
0.0505,-4.7646484375,3.203125,1.12109375
0.051,-4.8046875,2.1220703125,2.2021484375
0.0515,-4.7646484375,1.6416015625,2.6025390625
0.052,-4.5244140625,0.6005859375,3.4033203125
0.0525,-4.00390625,-0.3603515625,3.84375
0.053,-3.5234375,-1.28125,4.1640625
0.0535,-3.0029296875,-2.0419921875,4.4443359375
0.054,-2.1220703125,-3.0830078125,4.6044921875
0.0545,-1.44140625,-3.4833984375,4.32421875
0.055,-0.5205078125,-4.32421875,4.1640625
0.0555,0.400390625,-4.5244140625,3.443359375
0.056,1.0009765625,-4.96484375,3.283203125
0.0565,2.2421875,-5.125,2.162109375
0.057,2.9228515625,-5.205078125,1.5615234375
0.0575,3.5234375,-4.8046875,0.6005859375
0.058,4.083984375,-4.5244140625,-0.080078125
0.0585,4.1240234375,-3.8037109375,-0.9208984375
0.059,4.32421875,-3.4833984375,-1.44140625
0.0595,4.4443359375,-2.4423828125,-2.5625
0.06,4.2041015625,-1.8818359375,-2.8828125
0.0605,3.9638671875,-0.80078125,-3.7236328125
0.061,3.283203125,0.16015625,-3.923828125
0.0615,2.8427734375,0.9609375,-4.2041015625
0.062,2.162109375,1.841796875,-4.3642578125
0.0625,1.44140625,2.72265625,-4.5244140625
0.063,0.6005859375,3.0830078125,-4.0439453125
0.0635,-0.2001953125,3.8037109375,-3.923828125
0.064,-1.0810546875,3.84375,-3.203125
0.0645,-1.681640625,4.2841796875,-2.962890625
0.065,-2.8828125,4.32421875,-1.921875
0.0655,-3.4033203125,4.2841796875,-1.361328125
0.066,-3.9638671875,3.923828125,-0.400390625
0.0665,-4.3642578125,3.6435546875,0.240234375
0.067,-4.484375,3.0830078125,0.9208984375
0.0675,-4.564453125,2.5625,1.521484375
0.068,-4.7646484375,1.8017578125,2.482421875
0.0685,-4.3642578125,1.0810546875,2.802734375
0.069,-4.2841796875,0.16015625,3.5634765625
0.0695,-3.4833984375,-0.880859375,3.763671875
0.07,-3.283203125,-1.4814453125,4.2041015625
0.0705,-2.40234375,-2.5224609375,4.2841796875
0.071,-1.841796875,-3.203125,4.404296875
0.0715,-0.9208984375,-3.6435546875,3.84375
0.072,-0.2001953125,-4.32421875,3.84375
0.0725,0.6806640625,-4.484375,3.0830078125
0.073,1.3212890625,-4.8447265625,2.8427734375
0.0735,2.5625,-5.044921875,1.76171875
0.074,3.0029296875,-4.8046875,1.2412109375
0.0745,3.6435546875,-4.5244140625,0.3203125
0.075,3.84375,-4.00390625,-0.400390625
0.0755,4.083984375,-3.603515625,-1.041015625
0.076,4.1240234375,-2.8828125,-1.76171875
0.0765,4.3642578125,-2.2822265625,-2.642578125
0.077,3.8037109375,-1.3212890625,-3.0029296875
0.0775,3.763671875,-0.5205078125,-3.7236328125
0.078,2.8427734375,0.5205078125,-3.84375
0.0785,2.72265625,1.12109375,-4.244140625
0.079,1.7216796875,2.2021484375,-4.32421875
0.0795,1.1611328125,2.7626953125,-4.32421875
0.08,0.16015625,3.2431640625,-3.8037109375
0.0805,-0.5205078125,3.68359375,-3.6435546875
0.081,-1.3212890625,3.84375,-2.962890625
0.0815,-2.08203125,4.1240234375,-2.5625
0.082,-3.203125,4.32421875,-1.6015625
0.0825,-3.5234375,3.8837890625,-0.9208984375
0.083,-4.1240234375,3.8037109375,-0.16015625
0.0835,-4.1640625,3.1630859375,0.560546875
0.084,-4.484375,2.8828125,1.0810546875
0.0845,-4.484375,2.0419921875,1.921875
0.085,-4.64453125,1.521484375,2.642578125
0.0855,-4.00390625,0.4404296875,3.04296875
0.086,-3.9638671875,-0.2802734375,3.68359375
0.0865,-3.123046875,-1.28125,3.8037109375
0.087,-2.9228515625,-1.8017578125,4.1240234375
0.0875,-1.9619140625,-2.9228515625,4.2041015625
0.088,-1.3212890625,-3.3232421875,4.00390625
0.0885,-0.5205078125,-3.8837890625,3.7236328125
0.089,0.240234375,-4.244140625,3.3232421875
0.0895,0.9609375,-4.5244140625,2.8427734375
0.09,1.841796875,-4.64453125,2.2421875
0.0905,2.7626953125,-4.8447265625,1.44140625
0.091,3.04296875,-4.244140625,0.640625
0.0915,3.6435546875,-4.244140625,0.080078125
0.092,3.68359375,-3.5634765625,-0.6806640625
0.0925,3.9638671875,-3.3232421875,-1.1611328125
0.093,3.9638671875,-2.40234375,-2.1220703125
0.0935,4.00390625,-1.921875,-2.642578125
0.094,3.4833984375,-0.80078125,-3.1630859375
0.0945,3.3232421875,-0.16015625,-3.6435546875
0.095,2.642578125,0.720703125,-3.84375
0.0955,2.2822265625,1.4013671875,-4.1240234375
0.096,1.521484375,2.40234375,-4.2841796875
0.0965,0.7607421875,2.72265625,-3.8837890625
0.097,0.0,3.36328125,-3.8037109375
0.0975,-0.80078125,3.5234375,-3.203125
0.098,-1.521484375,3.923828125,-2.8828125
0.0985,-2.4423828125,4.083984375,-2.0419921875
0.099,-3.203125,4.1640625,-1.361328125
0.0995,-3.5634765625,3.5634765625,-0.5205078125
0.1,-4.0439453125,3.603515625,0.0
0.1005,-4.1240234375,2.9228515625,0.7607421875
0.101,-4.32421875,2.5625,1.28125
0.1015,-4.484375,1.76171875,2.2421875
0.102,-4.2041015625,1.041015625,2.6826171875
0.1025,-3.84375,0.0400390625,3.2431640625
0.103,-3.4833984375,-0.720703125,3.6435546875
0.1035,-2.962890625,-1.44140625,3.84375
0.104,-2.4423828125,-2.2421875,4.00390625
0.1045,-1.681640625,-3.123046875,4.1240234375
0.105,-0.8408203125,-3.4033203125,3.5234375
0.1055,-0.3203125,-4.0439453125,3.603515625
0.106,0.6005859375,-4.1640625,2.8828125
0.1065,1.2412109375,-4.484375,2.6025390625
0.107,2.2421875,-4.564453125,1.7216796875
0.1075,2.802734375,-4.5244140625,1.0810546875
0.108,3.1630859375,-4.00390625,0.2802734375
0.1085,3.5234375,-3.923828125,-0.16015625
0.109,3.6435546875,-3.2431640625,-0.9609375
0.1095,3.763671875,-2.8427734375,-1.4814453125
0.11,3.9638671875,-2.08203125,-2.40234375
0.1105,3.5234375,-1.3212890625,-2.72265625
0.111,3.36328125,-0.48046875,-3.36328125
0.1115,2.7626953125,0.3203125,-3.5634765625
0.112,2.482421875,1.0009765625,-3.8837890625
0.1125,1.8017578125,1.76171875,-4.0439453125
0.113,1.12109375,2.482421875,-4.1240234375
0.1135,0.2802734375,2.8427734375,-3.5634765625
0.114,-0.2802734375,3.4833984375,-3.603515625
0.1145,-1.28125,3.6435546875,-2.8427734375
0.115,-1.8818359375,3.9638671875,-2.5224609375
0.1155,-2.9228515625,4.1240234375,-1.6416015625
0.116,-3.3232421875,3.84375,-0.9609375
0.1165,-3.8037109375,3.5634765625,-0.2001953125
0.117,-4.0439453125,3.2431640625,0.3203125
0.1175,-4.2041015625,2.6826171875,1.0810546875
0.118,-4.2841796875,2.08203125,1.76171875
0.1185,-4.5244140625,1.4013671875,2.5625
0.119,-3.84375,0.3603515625,2.9228515625
0.1195,-3.84375,-0.3203125,3.603515625
0.12,-3.0830078125,-1.28125,3.763671875
0.1205,-2.72265625,-2.001953125,4.0439453125
0.121,-1.921875,-2.8828125,4.083984375
0.1215,-1.1611328125,-3.5234375,3.923828125
0.122,-0.3603515625,-3.8037109375,3.4833984375
0.1225,0.2802734375,-4.32421875,3.36328125
0.123,1.3212890625,-4.484375,2.482421875
0.1235,1.9619140625,-4.64453125,2.08203125
0.124,2.9228515625,-4.724609375,1.201171875
0.1245,3.203125,-4.2041015625,0.4404296875
0.125,3.6435546875,-4.00390625,-0.16015625
0.1255,3.763671875,-3.4833984375,-0.9208984375
0.126,3.923828125,-2.8828125,-1.6015625
0.1265,3.8837890625,-2.2021484375,-2.2421875
0.127,3.923828125,-1.4814453125,-2.962890625
0.1275,3.1630859375,-0.400390625,-3.203125
0.128,3.1630859375,0.16015625,-3.8037109375
0.1285,2.2421875,1.12109375,-3.84375
0.129,1.9619140625,1.7216796875,-4.1240234375
0.1295,1.12109375,2.5224609375,-4.1240234375
0.13,0.3203125,3.0830078125,-3.8037109375
0.1305,-0.400390625,3.443359375,-3.4033203125
0.131,-1.1611328125,3.84375,-3.0830078125
0.1315,-2.08203125,4.00390625,-2.322265625
0.132,-2.6826171875,4.1240234375,-1.8017578125
0.1325,-3.5634765625,4.1240234375,-1.041015625
0.133,-3.8037109375,3.5234375,-0.2001953125
0.1335,-4.2041015625,3.5234375,0.2802734375
0.134,-4.3642578125,2.72265625,1.12109375
0.1345,-4.5244140625,2.322265625,1.76171875
0.135,-4.484375,1.44140625,2.5224609375
0.1355,-4.404296875,0.6806640625,3.1630859375
0.136,-3.68359375,-0.400390625,3.5234375
0.1365,-3.5634765625,-1.0810546875,4.00390625
0.137,-2.5625,-2.2021484375,4.1240234375
0.1375,-2.2021484375,-2.7626953125,4.244140625
0.138,-1.28125,-3.603515625,4.1640625
0.1385,-0.3603515625,-4.00390625,3.7236328125
0.139,0.3203125,-4.404296875,3.443359375
0.1395,1.3212890625,-4.7646484375,2.802734375
0.14,2.2421875,-4.884765625,2.001953125
0.1405,2.8427734375,-4.7646484375,1.3212890625
0.141,3.603515625,-4.724609375,0.560546875
0.1415,3.7236328125,-4.00390625,-0.3203125
0.142,4.1240234375,-3.8837890625,-0.80078125
0.1425,4.1640625,-2.8828125,-1.8818359375
0.143,4.2041015625,-2.40234375,-2.40234375
0.1435,4.00390625,-1.4013671875,-3.123046875
0.144,3.7236328125,-0.6005859375,-3.68359375
0.1445,2.962890625,0.400390625,-3.8837890625
0.145,2.72265625,1.041015625,-4.244140625
0.1455,1.7216796875,2.162109375,-4.3642578125
0.146,1.28125,2.6025390625,-4.244140625
0.1465,0.2802734375,3.443359375,-4.083984375
0.147,-0.6005859375,3.68359375,-3.4833984375
0.1475,-1.2412109375,4.0439453125,-3.203125
0.148,-2.2822265625,4.244140625,-2.40234375
0.1485,-3.0830078125,4.3642578125,-1.7216796875
0.149,-3.603515625,4.083984375,-0.9609375
0.1495,-4.2041015625,3.9638671875,-0.240234375
0.15,-4.32421875,3.2431640625,0.6005859375
0.1505,-4.64453125,3.1630859375,1.0009765625
0.151,-4.6845703125,2.08203125,2.1220703125
0.1515,-4.6845703125,1.6416015625,2.5224609375
0.152,-4.5244140625,0.640625,3.3232421875
0.1525,-4.00390625,-0.3603515625,3.7236328125
0.153,-3.4833984375,-1.2412109375,4.083984375
0.1535,-3.04296875,-2.0419921875,4.32421875
0.154,-2.08203125,-3.0830078125,4.5244140625
0.1545,-1.44140625,-3.4833984375,4.2841796875
0.155,-0.5205078125,-4.32421875,4.1240234375
0.1555,0.400390625,-4.5244140625,3.4833984375
0.156,1.0810546875,-4.96484375,3.2431640625
0.1565,2.2822265625,-5.125,2.2021484375
0.157,3.123046875,-5.2451171875,1.521484375
0.1575,3.6435546875,-4.8046875,0.6005859375
0.158,4.2041015625,-4.6044921875,-0.2001953125
0.1585,4.2041015625,-3.8037109375,-1.041015625
0.159,4.484375,-3.4833984375,-1.6015625
0.1595,4.5244140625,-2.322265625,-2.7626953125
0.16,4.32421875,-1.7216796875,-3.1630859375
0.1605,4.00390625,-0.6806640625,-3.923828125
0.161,3.36328125,0.3203125,-4.1640625
0.1615,2.802734375,1.12109375,-4.4443359375
0.162,2.08203125,2.0419921875,-4.5244140625
0.1625,1.2412109375,3.0830078125,-4.6845703125
0.163,0.3603515625,3.36328125,-4.1240234375
0.1635,-0.48046875,4.083984375,-4.00390625
0.164,-1.3212890625,4.1240234375,-3.203125
0.1645,-1.9619140625,4.484375,-2.9228515625
0.165,-3.203125,4.564453125,-1.76171875
0.1655,-3.84375,4.484375,-1.12109375
0.166,-4.2841796875,3.9638671875,-0.16015625
0.1665,-4.6845703125,3.763671875,0.48046875
0.167,-4.6845703125,3.04296875,1.2412109375
0.1675,-4.8447265625,2.5224609375,1.76171875
0.168,-5.0048828125,1.6015625,2.8828125
0.1685,-4.5244140625,0.80078125,3.1630859375
0.169,-4.3642578125,-0.2001953125,3.923828125
0.1695,-3.5634765625,-1.1611328125,4.1240234375
0.17,-3.2431640625,-1.8017578125,4.484375
0.1705,-2.322265625,-2.802734375,4.484375
0.171,-1.6416015625,-3.6435546875,4.6044921875
0.1715,-0.6806640625,-4.00390625,4.00390625
0.172,0.080078125,-4.6845703125,3.9638671875
0.1725,1.0009765625,-4.7646484375,3.123046875
0.173,1.6416015625,-5.125,2.8427734375
0.1735,3.0029296875,-5.28515625,1.6416015625
0.174,3.4833984375,-5.044921875,0.9609375
0.1745,4.00390625,-4.6044921875,0.0
0.175,4.32421875,-4.2041015625,-0.6806640625
0.1755,4.404296875,-3.5634765625,-1.4013671875
0.176,4.484375,-2.8828125,-2.08203125
0.1765,4.64453125,-2.08203125,-3.203125
0.177,4.00390625,-1.12109375,-3.4833984375
0.1775,3.84375,-0.16015625,-4.1640625
0.178,2.962890625,0.880859375,-4.244140625
0.1785,2.642578125,1.521484375,-4.564453125
0.179,1.6416015625,2.5625,-4.6044921875
0.1795,0.9208984375,3.3232421875,-4.6044921875
0.18,-0.16015625,3.68359375,-3.923828125
0.1805,-0.80078125,4.2041015625,-3.8037109375
0.181,-1.76171875,4.2841796875,-2.9228515625
0.1815,-2.4423828125,4.5244140625,-2.482421875
0.182,-3.7236328125,4.6845703125,-1.4013671875
0.1825,-4.0439453125,4.1640625,-0.640625
0.183,-4.5244140625,3.8837890625,0.2001953125
0.1835,-4.6845703125,3.3232421875,0.880859375
0.184,-4.8046875,2.8427734375,1.521484375
0.1845,-4.8046875,1.921875,2.2421875
0.185,-4.96484375,1.2412109375,3.1630859375
0.1855,-4.1640625,0.16015625,3.4833984375
0.186,-4.1240234375,-0.6005859375,4.1240234375
0.1865,-3.1630859375,-1.6015625,4.1240234375
0.187,-2.8828125,-2.2021484375,4.484375
0.1875,-1.841796875,-3.283203125,4.484375
0.188,-1.12109375,-3.84375,4.2841796875
0.1885,-0.16015625,-4.244140625,3.763671875
0.189,0.48046875,-4.6845703125,3.5234375
0.1895,1.4013671875,-4.8447265625,2.802734375
0.19,2.08203125,-5.0048828125,2.2421875
0.1905,3.283203125,-5.1650390625,1.28125
0.191,3.5234375,-4.564453125,0.4404296875
0.1915,4.1240234375,-4.4443359375,-0.2802734375
0.192,4.1240234375,-3.7236328125,-1.0009765625
0.1925,4.3642578125,-3.36328125,-1.6015625
0.193,4.32421875,-2.4423828125,-2.5224609375
0.1935,4.4443359375,-1.681640625,-3.203125
0.194,3.6435546875,-0.560546875,-3.603515625
0.1945,3.5634765625,0.2001953125,-4.1640625
0.195,2.642578125,1.1611328125,-4.2041015625
0.1955,2.2822265625,1.8017578125,-4.5244140625
0.196,1.3212890625,2.8828125,-4.564453125
0.1965,0.4404296875,3.3232421875,-4.1640625
0.197,-0.400390625,3.84375,-3.8037109375
0.1975,-1.201171875,4.1640625,-3.36328125
0.198,-2.08203125,4.3642578125,-2.642578125
0.1985,-2.8828125,4.4443359375,-2.001953125
0.199,-3.84375,4.5244140625,-1.12109375
0.1995,-4.0439453125,3.8037109375,-0.2001953125
0.2,-4.5244140625,3.763671875,0.3603515625
0.2005,-4.6044921875,2.8828125,1.1611328125
0.201,-4.724609375,2.482421875,1.7216796875
0.2015,-4.6845703125,1.5615234375,2.6826171875
0.202,-4.564453125,0.7607421875,3.2431640625
0.2025,-3.8837890625,-0.3203125,3.6435546875
0.203,-3.7236328125,-1.0009765625,4.083984375
0.2035,-2.8427734375,-1.9619140625,4.1240234375
0.204,-2.40234375,-2.5625,4.32421875
0.2045,-1.4814453125,-3.5634765625,4.3642578125
0.205,-0.6005859375,-3.84375,3.8037109375
0.2055,0.0400390625,-4.3642578125,3.68359375
0.206,0.9609375,-4.564453125,3.0029296875
0.2065,1.681640625,-4.8046875,2.482421875
0.207,2.5224609375,-4.8447265625,1.681640625
0.2075,3.283203125,-4.8447265625,0.9609375
0.208,3.4833984375,-4.1240234375,0.0400390625
0.2085,3.9638671875,-4.1640625,-0.400390625
0.209,3.9638671875,-3.3232421875,-1.28125
0.2095,4.1240234375,-2.9228515625,-1.76171875
0.21,4.2041015625,-2.001953125,-2.72265625
0.2105,3.84375,-1.2412109375,-3.203125
0.211,3.4033203125,-0.2001953125,-3.68359375
0.2115,3.0830078125,0.48046875,-4.00390625
0.212,2.40234375,1.4013671875,-4.2041015625
0.2125,1.921875,2.08203125,-4.3642578125
0.213,1.0009765625,3.0029296875,-4.3642578125
0.2135,0.0400390625,3.3232421875,-3.7236328125
0.214,-0.560546875,3.8837890625,-3.7236328125
0.2145,-1.6015625,4.083984375,-2.8828125
0.215,-2.2822265625,4.2841796875,-2.4423828125
0.2155,-3.203125,4.2841796875,-1.521484375
0.216,-3.8037109375,4.1240234375,-0.80078125
0.2165,-4.0439453125,3.5234375,0.0
0.217,-4.4443359375,3.4033203125,0.5205078125
0.2175,-4.484375,2.5625,1.4814453125
0.218,-4.564453125,2.08203125,1.921875
0.2185,-4.64453125,1.2412109375,2.8828125
0.219,-4.0439453125,0.2802734375,3.2431640625
0.2195,-3.763671875,-0.6005859375,3.763671875
0.22,-3.1630859375,-1.44140625,3.9638671875
0.2205,-2.5625,-2.2822265625,4.1640625
0.221,-1.8818359375,-2.8828125,4.1240234375
0.2215,-1.0810546875,-3.6435546875,4.083984375
0.222,-0.2001953125,-3.8837890625,3.443359375
0.2225,0.3603515625,-4.404296875,3.443359375
0.223,1.44140625,-4.5244140625,2.4423828125
0.2235,2.001953125,-4.724609375,2.08203125
0.224,2.8828125,-4.6845703125,1.201171875
0.2245,3.2431640625,-4.404296875,0.5205078125
0.225,3.5234375,-3.9638671875,-0.240234375
0.2255,3.84375,-3.6435546875,-0.720703125
0.226,3.8837890625,-2.8828125,-1.5615234375
0.2265,3.923828125,-2.40234375,-2.08203125
0.227,4.00390625,-1.6015625,-2.9228515625
0.2275,3.283203125,-0.640625,-3.203125
0.228,3.203125,0.080078125,-3.763671875
0.2285,2.482421875,0.9609375,-3.84375
0.229,2.08203125,1.6416015625,-4.1640625
0.2295,1.3212890625,2.3623046875,-4.1240234375
0.23,0.560546875,3.04296875,-3.923828125
0.2305,-0.2802734375,3.3232421875,-3.4033203125
0.231,-0.880859375,3.84375,-3.36328125
0.2315,-1.9619140625,3.9638671875,-2.40234375
0.232,-2.482421875,4.00390625,-2.2021484375
0.2325,-3.36328125,4.083984375,-1.201171875
0.233,-3.68359375,3.6435546875,-0.48046875
0.2335,-4.0439453125,3.4833984375,0.16015625
0.234,-4.244140625,2.9228515625,0.880859375
0.2345,-4.4443359375,2.3623046875,1.6015625
0.235,-4.3642578125,1.6416015625,2.2021484375
0.2355,-4.404296875,0.9208984375,2.9228515625
0.236,-3.603515625,-0.2001953125,3.203125
0.2365,-3.603515625,-0.80078125,3.8037109375
0.237,-2.642578125,-1.8017578125,3.84375
0.2375,-2.322265625,-2.40234375,4.1240234375
0.238,-1.44140625,-3.123046875,3.923828125
0.2385,-0.6806640625,-3.603515625,3.68359375
0.239,0.0,-3.923828125,3.2431640625
0.2395,0.7607421875,-4.3642578125,2.962890625
0.24,1.7216796875,-4.5244140625,2.2421875
0.2405,2.2421875,-4.564453125,1.6416015625
0.241,3.0029296875,-4.5244140625,0.880859375
0.2415,3.203125,-3.8837890625,0.16015625
0.242,3.5634765625,-3.84375,-0.3203125
0.2425,3.6435546875,-3.0830078125,-1.1611328125
0.243,3.84375,-2.6826171875,-1.76171875
0.2435,3.7236328125,-1.8818359375,-2.40234375
0.244,3.6435546875,-1.1611328125,-3.0029296875
0.2445,2.9228515625,-0.16015625,-3.203125
0.245,2.9228515625,0.3603515625,-3.7236328125
0.2455,2.0419921875,1.4013671875,-3.84375
0.246,1.76171875,1.8818359375,-4.0439453125
0.2465,0.8408203125,2.642578125,-3.8837890625
0.247,0.1201171875,3.04296875,-3.5634765625
0.2475,-0.560546875,3.443359375,-3.283203125
0.248,-1.3212890625,3.7236328125,-2.8427734375
0.2485,-2.2822265625,3.9638671875,-2.1220703125
0.249,-2.7626953125,3.8037109375,-1.6416015625
0.2495,-3.4833984375,3.84375,-0.8408203125
0.25,-3.6435546875,3.283203125,0.0
0.2505,-4.1240234375,3.283203125,0.3603515625
0.251,-4.1640625,2.40234375,1.28125
0.2515,-4.3642578125,2.0419921875,1.841796875
0.252,-4.1640625,1.12109375,2.5625
0.2525,-3.923828125,0.3603515625,3.04296875
0.253,-3.4033203125,-0.640625,3.443359375
0.2535,-3.203125,-1.2412109375,3.84375
0.254,-2.3623046875,-2.2822265625,4.00390625
0.2545,-1.8818359375,-2.72265625,3.9638671875
0.255,-1.041015625,-3.4833984375,3.84375
0.2555,-0.2802734375,-3.763671875,3.36328125
0.256,0.3603515625,-4.2041015625,3.2431640625
0.2565,1.4013671875,-4.484375,2.3623046875
0.257,2.2822265625,-4.64453125,1.8017578125
0.2575,2.6826171875,-4.404296875,1.0810546875
0.258,3.2431640625,-4.32421875,0.4404296875
0.2585,3.443359375,-3.68359375,-0.3203125
0.259,3.8037109375,-3.5634765625,-0.7607421875
0.2595,3.84375,-2.642578125,-1.8017578125
0.26,3.8837890625,-2.2421875,-2.2421875
0.2605,3.68359375,-1.2412109375,-2.962890625
0.261,3.2431640625,-0.400390625,-3.36328125
0.2615,2.8427734375,0.4404296875,-3.7236328125
0.262,2.40234375,1.1611328125,-3.923828125
0.2625,1.6416015625,2.1220703125,-4.2041015625
0.263,1.0009765625,2.5224609375,-3.923828125
0.2635,0.240234375,3.203125,-3.84375
0.264,-0.640625,3.3232421875,-3.2431640625
0.2645,-1.2412109375,3.84375,-3.0830078125
0.265,-2.40234375,3.923828125,-2.08203125
0.2655,-2.962890625,4.1240234375,-1.5615234375
0.266,-3.4833984375,3.7236328125,-0.720703125
0.2665,-3.923828125,3.5634765625,-0.1201171875
0.267,-4.0439453125,3.04296875,0.6005859375
0.2675,-4.2841796875,2.6826171875,1.12109375
0.268,-4.484375,1.921875,2.08203125
0.2685,-4.244140625,1.28125,2.482421875
0.269,-4.1240234375,0.3603515625,3.203125
0.2695,-3.5234375,-0.6005859375,3.5234375
0.27,-3.2431640625,-1.2412109375,3.923828125
0.2705,-2.5224609375,-2.2021484375,4.00390625
0.271,-1.921875,-2.962890625,4.244140625
0.2715,-1.041015625,-3.36328125,3.8037109375
0.272,-0.3603515625,-4.0439453125,3.763671875
0.2725,0.48046875,-4.2041015625,3.0830078125
0.273,1.12109375,-4.6845703125,2.8427734375
0.2735,2.3623046875,-4.8046875,1.841796875
0.274,2.8427734375,-4.724609375,1.28125
0.2745,3.4033203125,-4.3642578125,0.3603515625
0.275,3.7236328125,-4.0439453125,-0.2802734375
0.2755,3.8837890625,-3.5634765625,-0.9609375
0.276,4.00390625,-2.962890625,-1.6015625
0.2765,4.2841796875,-2.2021484375,-2.5625
0.277,3.8037109375,-1.361328125,-2.9228515625
0.2775,3.68359375,-0.5205078125,-3.7236328125
0.278,2.9228515625,0.48046875,-3.84375
0.2785,2.6826171875,1.12109375,-4.2041015625
0.279,1.7216796875,2.162109375,-4.32421875
0.2795,1.12109375,2.8828125,-4.3642578125
0.28,0.1201171875,3.2431640625,-3.84375
0.2805,-0.560546875,3.84375,-3.763671875
0.281,-1.4814453125,3.9638671875,-2.962890625
0.2815,-2.162109375,4.32421875,-2.5625
0.282,-3.4033203125,4.484375,-1.4814453125
0.2825,-3.8037109375,4.1240234375,-0.720703125
0.283,-4.32421875,3.8037109375,0.0400390625
0.2835,-4.484375,3.283203125,0.720703125
0.284,-4.64453125,2.802734375,1.3212890625
0.2845,-4.64453125,2.001953125,2.1220703125
0.285,-4.8046875,1.28125,3.0029296875
0.2855,-4.0439453125,0.240234375,3.283203125
0.286,-4.00390625,-0.5205078125,3.9638671875
0.2865,-3.0830078125,-1.4814453125,3.9638671875
0.287,-2.8427734375,-2.08203125,4.32421875
0.2875,-1.8017578125,-3.203125,4.32421875
0.288,-1.12109375,-3.763671875,4.1240234375
0.2885,-0.240234375,-4.1640625,3.68359375
0.289,0.4404296875,-4.6044921875,3.443359375
0.2895,1.3212890625,-4.724609375,2.72265625
0.29,2.08203125,-4.9248046875,2.2421875
0.2905,3.2431640625,-5.125,1.28125
0.291,3.5234375,-4.5244140625,0.4404296875
0.2915,4.083984375,-4.404296875,-0.240234375
0.292,4.1240234375,-3.7236328125,-1.0009765625
0.2925,4.32421875,-3.283203125,-1.6015625
0.293,4.32421875,-2.40234375,-2.5224609375
0.2935,4.4443359375,-1.6416015625,-3.283203125
0.294,3.68359375,-0.5205078125,-3.68359375
0.2945,3.603515625,0.240234375,-4.2841796875
0.295,2.6025390625,1.2412109375,-4.32421875
0.2955,2.2822265625,1.921875,-4.564453125
0.296,1.28125,3.0029296875,-4.6845703125
0.2965,0.3603515625,3.5234375,-4.2841796875
0.297,-0.5205078125,3.9638671875,-3.8837890625
0.2975,-1.3212890625,4.404296875,-3.4033203125
0.298,-2.322265625,4.484375,-2.5625
0.2985,-3.0830078125,4.6044921875,-1.9619140625
0.299,-4.1640625,4.6845703125,-0.9609375
0.2995,-4.3642578125,3.8837890625,0.0
0.3,-4.8046875,3.8037109375,0.560546875
0.3005,-4.8447265625,2.8828125,1.521484375
0.301,-4.96484375,2.40234375,2.0419921875
0.3015,-4.8447265625,1.4013671875,2.962890625
0.302,-4.7646484375,0.6005859375,3.6435546875
0.3025,-3.8837890625,-0.6005859375,3.8837890625
0.303,-3.7236328125,-1.28125,4.404296875
0.3035,-2.72265625,-2.322265625,4.404296875
0.304,-2.2822265625,-2.9228515625,4.484375
0.3045,-1.28125,-3.9638671875,4.484375
0.305,-0.3203125,-4.2841796875,3.84375
0.3055,0.3603515625,-4.64453125,3.6435546875
0.306,1.28125,-4.9248046875,2.962890625
0.3065,2.08203125,-5.0048828125,2.2822265625
0.307,2.8427734375,-5.044921875,1.5615234375
0.3075,3.7236328125,-5.0048828125,0.720703125
0.308,3.84375,-4.244140625,-0.2001953125
0.3085,4.32421875,-4.1640625,-0.6806640625
0.309,4.32421875,-3.203125,-1.6015625
0.3095,4.404296875,-2.8427734375,-2.1220703125
0.31,4.404296875,-1.841796875,-3.123046875
0.3105,4.083984375,-1.0009765625,-3.603515625
0.311,3.443359375,0.1201171875,-4.00390625
0.3115,3.1630859375,0.80078125,-4.3642578125
0.312,2.2421875,1.76171875,-4.5244140625
0.3125,1.76171875,2.40234375,-4.64453125
0.313,0.7607421875,3.4033203125,-4.6044921875
0.3135,-0.240234375,3.763671875,-3.8837890625
0.314,-0.9208984375,4.244140625,-3.7236328125
0.3145,-2.001953125,4.484375,-2.8828125
0.315,-2.7626953125,4.6044921875,-2.2822265625
0.3155,-3.603515625,4.5244140625,-1.4013671875
0.316,-4.32421875,4.4443359375,-0.560546875
0.3165,-4.4443359375,3.68359375,0.3603515625
0.317,-4.884765625,3.5234375,0.880859375
0.3175,-4.884765625,2.482421875,1.921875
0.318,-4.884765625,1.9619140625,2.40234375
0.3185,-4.8447265625,1.0009765625,3.3232421875
0.319,-4.2841796875,0.0,3.763671875
0.3195,-3.7236328125,-1.0009765625,4.1240234375
0.32,-3.203125,-1.8818359375,4.404296875
0.3205,-2.3623046875,-2.8427734375,4.484375
0.321,-1.7216796875,-3.36328125,4.3642578125
0.3215,-0.80078125,-4.1640625,4.32421875
0.322,0.16015625,-4.3642578125,3.5634765625
0.3225,0.720703125,-4.8046875,3.4033203125
0.323,1.921875,-4.9248046875,2.40234375
0.3235,2.5224609375,-5.044921875,1.921875
0.324,3.283203125,-4.8447265625,1.0009765625
0.3245,3.763671875,-4.6044921875,0.240234375
0.325,3.8837890625,-3.923828125,-0.560546875
0.3255,4.2041015625,-3.7236328125,-1.0009765625
0.326,4.244140625,-2.72265625,-2.0419921875
0.3265,4.2041015625,-2.2822265625,-2.4423828125
0.327,4.2041015625,-1.361328125,-3.36328125
0.3275,3.5234375,-0.3603515625,-3.6435546875
0.328,3.203125,0.400390625,-4.1240234375
0.3285,2.5625,1.28125,-4.2841796875
0.329,1.921875,2.08203125,-4.5244140625
0.3295,1.2412109375,2.72265625,-4.3642578125
0.33,0.3203125,3.5234375,-4.244140625
0.3305,-0.6005859375,3.763671875,-3.5634765625
0.331,-1.1611328125,4.2841796875,-3.5234375
0.3315,-2.4423828125,4.404296875,-2.40234375
0.332,-3.0029296875,4.484375,-1.9619140625
0.3325,-3.8037109375,4.32421875,-1.0009765625
0.333,-4.2041015625,3.9638671875,-0.2001953125
0.3335,-4.484375,3.4833984375,0.6005859375
0.334,-4.7646484375,3.0830078125,1.201171875
0.3345,-4.8447265625,2.162109375,2.2021484375
0.335,-4.6845703125,1.5615234375,2.642578125
0.3355,-4.64453125,0.6005859375,3.5234375
0.336,-3.8037109375,-0.560546875,3.763671875
0.3365,-3.603515625,-1.2412109375,4.2041015625
0.337,-2.6826171875,-2.322265625,4.32421875
0.3375,-2.1220703125,-3.0029296875,4.484375
0.338,-1.2412109375,-3.5634765625,4.1240234375
0.3385,-0.400390625,-4.2041015625,3.9638671875
0.339,0.48046875,-4.3642578125,3.2431640625
0.3395,1.12109375,-4.8046875,3.04296875
0.34,2.2822265625,-4.8447265625,1.921875
0.3405,2.72265625,-4.8447265625,1.4814453125
0.341,3.443359375,-4.6044921875,0.6005859375
0.3415,3.68359375,-4.1240234375,-0.2001953125
0.342,3.9638671875,-3.7236328125,-0.80078125
0.3425,4.0439453125,-3.0830078125,-1.44140625
0.343,4.1640625,-2.4423828125,-2.2822265625
0.3435,3.8837890625,-1.76171875,-2.72265625
0.344,3.84375,-1.0009765625,-3.4833984375
0.3445,3.0029296875,0.080078125,-3.603515625
0.345,3.0029296875,0.6005859375,-4.1240234375
0.3455,1.9619140625,1.7216796875,-4.1240234375
0.346,1.7216796875,2.2421875,-4.3642578125
0.3465,0.6806640625,2.9228515625,-4.00390625
0.347,-0.080078125,3.4833984375,-3.8037109375
0.3475,-0.8408203125,3.7236328125,-3.283203125
0.348,-1.6015625,4.1240234375,-2.9228515625
0.3485,-2.72265625,4.32421875,-2.0419921875
0.349,-3.123046875,4.1640625,-1.4814453125
0.3495,-3.8837890625,4.083984375,-0.640625
0.35,-4.083984375,3.4833984375,0.16015625
0.3505,-4.5244140625,3.3232421875,0.6806640625
0.351,-4.5244140625,2.482421875,1.5615234375
0.3515,-4.7646484375,1.9619140625,2.2822265625
0.352,-4.3642578125,0.9609375,2.8828125
0.3525,-4.244140625,0.16015625,3.5234375
0.353,-3.4033203125,-0.9609375,3.68359375
0.3535,-3.36328125,-1.44140625,4.1640625
0.354,-2.2822265625,-2.6025390625,4.244140625
0.3545,-1.8017578125,-3.0830078125,4.2041015625
0.355,-0.8408203125,-3.7236328125,3.8837890625
0.3555,0.0,-4.1240234375,3.5234375
0.356,0.6806640625,-4.4443359375,3.123046875
0.3565,1.5615234375,-4.64453125,2.482421875
0.357,2.5625,-4.8447265625,1.681640625
0.3575,2.8828125,-4.484375,1.0009765625
0.358,3.5234375,-4.3642578125,0.2802734375
0.3585,3.5634765625,-3.68359375,-0.5205078125
0.359,3.8837890625,-3.5634765625,-0.9208984375
0.3595,3.8837890625,-2.6025390625,-1.8818359375
0.36,4.00390625,-2.2421875,-2.40234375
0.3605,3.6435546875,-1.2412109375,-2.962890625
0.361,3.4033203125,-0.5205078125,-3.4833984375
0.3615,2.72265625,0.48046875,-3.68359375
0.362,2.5224609375,1.041015625,-4.00390625
0.3625,1.6416015625,2.08203125,-4.1640625
0.363,1.1611328125,2.4423828125,-4.00390625
0.3635,0.2802734375,3.1630859375,-3.84375
0.364,-0.5205078125,3.4033203125,-3.36328125
0.3645,-1.12109375,3.84375,-3.0830078125
0.365,-2.08203125,3.9638671875,-2.2822265625
0.3655,-2.8828125,4.1640625,-1.7216796875
0.366,-3.2431640625,3.763671875,-0.9609375
0.3665,-3.84375,3.7236328125,-0.3603515625
0.367,-4.00390625,3.123046875,0.4404296875
0.3675,-4.32421875,2.962890625,0.880859375
0.368,-4.404296875,2.0419921875,1.841796875
0.3685,-4.404296875,1.5615234375,2.2822265625
0.369,-4.1240234375,0.5205078125,3.0029296875
0.3695,-3.7236328125,-0.2802734375,3.443359375
0.37,-3.283203125,-1.0810546875,3.8037109375
0.3705,-2.7626953125,-1.841796875,4.00390625
0.371,-2.08203125,-2.7626953125,4.2041015625
0.3715,-1.3212890625,-3.123046875,3.84375
0.372,-0.640625,-3.84375,3.8037109375
0.3725,0.240234375,-4.00390625,3.1630859375
0.373,0.8408203125,-4.484375,2.962890625
0.3735,1.921875,-4.564453125,2.001953125
0.374,2.5625,-4.64453125,1.44140625
0.3745,3.04296875,-4.2041015625,0.6005859375
0.375,3.443359375,-4.083984375,0.080078125
0.3755,3.5234375,-3.4833984375,-0.640625
0.376,3.68359375,-3.203125,-1.1611328125
0.3765,3.8837890625,-2.40234375,-2.1220703125
0.377,3.6435546875,-1.8017578125,-2.482421875
0.3775,3.4833984375,-0.8408203125,-3.1630859375
0.378,2.8828125,0.0,-3.36328125
0.3785,2.6826171875,0.6005859375,-3.763671875
0.379,1.9619140625,1.44140625,-3.8837890625
0.3795,1.521484375,2.2021484375,-4.1240234375
0.38,0.640625,2.5625,-3.603515625
0.3805,0.0400390625,3.203125,-3.603515625
0.381,-0.80078125,3.36328125,-3.0029296875
0.3815,-1.44140625,3.8037109375,-2.802734375
0.382,-2.5224609375,3.9638671875,-1.8818359375
0.3825,-2.962890625,3.84375,-1.3212890625
0.383,-3.5234375,3.603515625,-0.6005859375
0.3835,-3.8037109375,3.3232421875,0.0
0.384,-4.0439453125,2.9228515625,0.6005859375
0.3845,-4.1640625,2.40234375,1.2412109375
0.385,-4.4443359375,1.76171875,2.0419921875
0.3855,-3.9638671875,0.9609375,2.482421875
0.386,-3.9638671875,0.240234375,3.203125
0.3865,-3.2431640625,-0.720703125,3.4033203125
0.387,-3.1630859375,-1.3212890625,3.84375
0.3875,-2.2822265625,-2.2822265625,3.923828125
0.388,-1.76171875,-2.8828125,3.9638671875
0.3885,-0.8408203125,-3.36328125,3.5634765625
0.389,-0.3203125,-3.8837890625,3.5234375
0.3895,0.560546875,-4.083984375,2.8828125
0.39,1.28125,-4.4443359375,2.5224609375
0.3905,2.3623046875,-4.64453125,1.681640625
0.391,2.6826171875,-4.32421875,1.0009765625
0.3915,3.283203125,-4.1640625,0.3203125
0.392,3.443359375,-3.7236328125,-0.3603515625
0.3925,3.68359375,-3.4033203125,-0.9208984375
0.393,3.763671875,-2.6826171875,-1.7216796875
0.3935,3.9638671875,-2.08203125,-2.40234375
0.394,3.36328125,-1.12109375,-2.802734375
0.3945,3.36328125,-0.48046875,-3.4033203125
0.395,2.6025390625,0.48046875,-3.5634765625
0.3955,2.4423828125,1.0810546875,-3.923828125
0.396,1.5615234375,2.08203125,-4.1240234375
0.3965,0.9609375,2.5625,-3.8837890625
0.397,0.16015625,3.0830078125,-3.603515625
0.3975,-0.560546875,3.5234375,-3.36328125
0.398,-1.361328125,3.8037109375,-2.802734375
0.3985,-2.2021484375,4.00390625,-2.2421875
0.399,-3.1630859375,4.2041015625,-1.44140625
0.3995,-3.4833984375,3.6435546875,-0.640625
0.4,-4.00390625,3.6435546875,-0.16015625
0.4005,-4.1240234375,2.962890625,0.640625
0.401,-4.3642578125,2.6025390625,1.201171875
0.4015,-4.4443359375,1.8017578125,2.1220703125
0.402,-4.404296875,1.1611328125,2.72265625
0.4025,-3.763671875,0.080078125,3.1630859375
0.403,-3.68359375,-0.640625,3.68359375
0.4035,-2.8828125,-1.4814453125,3.8037109375
0.404,-2.5625,-2.1220703125,4.0439453125
0.4045,-1.6416015625,-3.123046875,4.1240234375
0.405,-0.880859375,-3.4833984375,3.68359375
0.4055,-0.2802734375,-4.00390625,3.5634765625
0.406,0.6005859375,-4.244140625,3.04296875
0.4065,1.3212890625,-4.5244140625,2.5224609375
0.407,2.2021484375,-4.6044921875,1.841796875
0.4075,3.0029296875,-4.6845703125,1.12109375
0.408,3.2431640625,-4.1240234375,0.240234375
0.4085,3.68359375,-4.1240234375,-0.240234375
0.409,3.763671875,-3.36328125,-1.041015625
0.4095,3.9638671875,-2.9228515625,-1.5615234375
0.41,4.00390625,-2.08203125,-2.5224609375
0.4105,3.84375,-1.3212890625,-3.0029296875
0.411,3.3232421875,-0.3603515625,-3.4833984375
0.4115,3.04296875,0.3203125,-3.84375
0.412,2.3623046875,1.2412109375,-4.00390625
0.4125,1.921875,1.921875,-4.2041015625
0.413,1.0810546875,2.8427734375,-4.32421875
0.4135,0.1201171875,3.203125,-3.7236328125
0.414,-0.48046875,3.763671875,-3.68359375
0.4145,-1.521484375,4.00390625,-2.8828125
0.415,-2.2421875,4.2041015625,-2.40234375
0.4155,-3.1630859375,4.2841796875,-1.6015625
0.416,-3.84375,4.1240234375,-0.8408203125
0.4165,-4.1240234375,3.5234375,0.080078125
0.417,-4.5244140625,3.443359375,0.560546875
0.4175,-4.564453125,2.5625,1.5615234375
0.418,-4.64453125,2.08203125,2.0419921875
0.4185,-4.724609375,1.1611328125,3.04296875
0.419,-4.2041015625,0.2001953125,3.4833984375
0.4195,-3.763671875,-0.720703125,3.8837890625
0.42,-3.203125,-1.5615234375,4.1640625
0.4205,-2.4423828125,-2.5224609375,4.2841796875
0.421,-1.8017578125,-3.0830078125,4.2841796875
0.4215,-0.9208984375,-3.923828125,4.2041015625
0.422,0.0,-4.1640625,3.4833984375
0.4225,0.6005859375,-4.6044921875,3.36328125
0.423,1.76171875,-4.7646484375,2.40234375
0.4235,2.322265625,-4.8447265625,1.921875
0.424,3.1630859375,-4.8046875,1.0009765625
0.4245,3.6435546875,-4.5244140625,0.2802734375
0.425,3.8037109375,-3.9638671875,-0.5205078125
0.4255,4.083984375,-3.68359375,-1.0009765625
0.426,4.1240234375,-2.7626953125,-1.9619140625
0.4265,4.1240234375,-2.2822265625,-2.40234375
0.427,4.1640625,-1.4013671875,-3.283203125
0.4275,3.4833984375,-0.3603515625,-3.5634765625
0.428,3.2431640625,0.3603515625,-4.0439453125
0.4285,2.5224609375,1.28125,-4.244140625
0.429,1.921875,2.08203125,-4.4443359375
0.4295,1.2412109375,2.802734375,-4.3642578125
0.43,0.3203125,3.5634765625,-4.244140625
0.4305,-0.640625,3.8037109375,-3.5634765625
0.431,-1.2412109375,4.32421875,-3.4833984375
0.4315,-2.5224609375,4.484375,-2.322265625
0.432,-3.0830078125,4.5244140625,-1.921875
0.4325,-4.00390625,4.404296875,-0.9609375
0.433,-4.4443359375,3.9638671875,-0.080078125
0.4335,-4.64453125,3.5234375,0.6806640625
0.434,-4.884765625,3.04296875,1.4013671875
0.4345,-5.0048828125,2.08203125,2.40234375
0.435,-4.8447265625,1.4013671875,2.8828125
0.4355,-4.7646484375,0.48046875,3.84375
0.436,-3.84375,-0.720703125,4.00390625
0.4365,-3.5634765625,-1.44140625,4.4443359375
0.437,-2.5625,-2.5625,4.5244140625
0.4375,-1.9619140625,-3.36328125,4.6044921875
0.438,-1.0009765625,-3.8837890625,4.2041015625
0.4385,-0.16015625,-4.5244140625,4.00390625
0.439,0.7607421875,-4.64453125,3.2431640625
0.4395,1.44140625,-5.044921875,2.962890625
0.44,2.6826171875,-5.125,1.76171875
0.4405,3.1630859375,-5.0048828125,1.201171875
0.441,3.84375,-4.8046875,0.2802734375
0.4415,4.083984375,-4.1640625,-0.5205078125
0.442,4.2041015625,-3.7236328125,-1.0810546875
0.4425,4.32421875,-3.04296875,-1.841796875
0.443,4.404296875,-2.2822265625,-2.642578125
0.4435,4.083984375,-1.521484375,-3.04296875
0.444,4.00390625,-0.6806640625,-3.84375
0.4445,3.04296875,0.400390625,-3.8837890625
0.445,2.962890625,0.9609375,-4.3642578125
0.4455,1.921875,2.1220703125,-4.404296875
0.446,1.521484375,2.6826171875,-4.5244140625
0.4465,0.48046875,3.3232421875,-4.1640625
0.447,-0.3603515625,3.8837890625,-3.8837890625
0.4475,-1.1611328125,4.083984375,-3.283203125
0.448,-1.9619140625,4.4443359375,-2.962890625
0.4485,-3.1630859375,4.564453125,-1.921875
0.449,-3.5634765625,4.404296875,-1.3212890625
0.4495,-4.32421875,4.2841796875,-0.400390625
0.45,-4.5244140625,3.6435546875,0.48046875
0.4505,-4.8447265625,3.3232421875,1.041015625
0.451,-4.884765625,2.4423828125,1.9619140625
0.4515,-5.044921875,1.8017578125,2.7626953125
0.452,-4.564453125,0.80078125,3.2431640625
0.4525,-4.484375,-0.080078125,4.00390625
0.453,-3.5234375,-1.2412109375,4.1240234375
0.4535,-3.36328125,-1.841796875,4.5244140625
0.454,-2.1220703125,-3.0830078125,4.6044921875
0.4545,-1.6015625,-3.603515625,4.484375
0.455,-0.5205078125,-4.2041015625,4.083984375
0.4555,0.2802734375,-4.64453125,3.7236328125
0.456,1.041015625,-4.8447265625,3.04296875
0.4565,1.9619140625,-5.0849609375,2.4423828125
0.457,3.123046875,-5.2451171875,1.4013671875
0.4575,3.443359375,-4.7646484375,0.6806640625
0.458,4.083984375,-4.564453125,-0.080078125
0.4585,4.083984375,-3.8037109375,-0.880859375
0.459,4.32421875,-3.5234375,-1.361328125
0.4595,4.32421875,-2.5224609375,-2.3623046875
0.46,4.32421875,-1.9619140625,-2.962890625
0.4605,3.84375,-0.9208984375,-3.4033203125
0.461,3.5634765625,-0.1201171875,-3.923828125
0.4615,2.72265625,0.8408203125,-4.00390625
0.462,2.5224609375,1.361328125,-4.32421875
0.4625,1.521484375,2.5625,-4.4443359375
0.463,0.9208984375,2.8828125,-4.2041015625
0.4635,0.0,3.5634765625,-3.923828125
0.464,-0.80078125,3.84375,-3.443359375
0.4645,-1.4814453125,4.1240234375,-3.0830078125
0.465,-2.4423828125,4.2841796875,-2.322265625
0.4655,-3.36328125,4.5244140625,-1.5615234375
0.466,-3.7236328125,4.00390625,-0.720703125
0.4665,-4.3642578125,3.9638671875,0.0
0.467,-4.484375,3.2431640625,0.7607421875
0.4675,-4.7646484375,3.04296875,1.28125
0.468,-4.8447265625,1.9619140625,2.3623046875
0.4685,-4.8046875,1.44140625,2.8427734375
0.469,-4.3642578125,0.3203125,3.4833984375
0.4695,-4.00390625,-0.5205078125,3.9638671875
0.47,-3.283203125,-1.4814453125,4.1640625
0.4705,-2.8828125,-2.2021484375,4.4443359375
0.471,-1.921875,-3.3232421875,4.564453125
0.4715,-1.0810546875,-3.68359375,4.1240234375
0.472,-0.2802734375,-4.404296875,3.923828125
0.4725,0.6005859375,-4.6044921875,3.283203125
0.473,1.28125,-4.96484375,2.9228515625
0.4735,2.40234375,-4.96484375,1.9619140625
0.474,3.2431640625,-5.0849609375,1.201171875
0.4745,3.5634765625,-4.404296875,0.2802734375
0.475,4.0439453125,-4.32421875,-0.3203125
0.4755,4.00390625,-3.4833984375,-1.12109375
0.476,4.1640625,-3.0830078125,-1.6015625
0.4765,4.2841796875,-2.1220703125,-2.642578125
0.477,3.9638671875,-1.44140625,-3.04296875
0.4775,3.5634765625,-0.48046875,-3.603515625
0.478,3.0830078125,0.3203125,-3.8837890625
0.4785,2.5625,1.0810546875,-4.0439453125
0.479,1.9619140625,1.841796875,-4.1640625
0.4795,1.2412109375,2.7626953125,-4.3642578125
0.48,0.3603515625,3.0029296875,-3.8037109375
0.4805,-0.3203125,3.6435546875,-3.8037109375
0.481,-1.1611328125,3.7236328125,-3.0830078125
0.4815,-1.76171875,4.1240234375,-2.7626953125
0.482,-2.8828125,4.244140625,-1.8017578125
0.4825,-3.443359375,4.1640625,-1.1611328125
0.483,-3.84375,3.7236328125,-0.3203125
0.4835,-4.244140625,3.5234375,0.240234375
0.484,-4.404296875,2.962890625,0.9609375
0.4845,-4.5244140625,2.5224609375,1.5615234375
0.485,-4.7646484375,1.7216796875,2.5625
0.4855,-4.2841796875,0.880859375,2.8828125
0.486,-4.1240234375,0.0,3.6435546875
0.4865,-3.4833984375,-1.0009765625,3.84375
0.487,-3.1630859375,-1.6416015625,4.1640625
0.4875,-2.2822265625,-2.5625,4.2841796875
0.488,-1.6416015625,-3.443359375,4.32421875
0.4885,-0.6806640625,-3.763671875,3.7236328125
0.489,0.0,-4.404296875,3.763671875
0.4895,0.9208984375,-4.484375,2.9228515625
0.49,1.5615234375,-4.8046875,2.5625
0.4905,2.7626953125,-4.9248046875,1.5615234375
0.491,3.1630859375,-4.64453125,0.8408203125
0.4915,3.6435546875,-4.244140625,0.0400390625
0.492,3.84375,-3.8837890625,-0.6005859375
0.4925,3.9638671875,-3.283203125,-1.28125
0.493,4.00390625,-2.642578125,-1.9619140625
0.4935,4.2041015625,-1.921875,-2.8427734375
0.494,3.5234375,-0.9208984375,-3.1630859375
0.4945,3.443359375,-0.2001953125,-3.7236328125
0.495,2.642578125,0.6806640625,-3.8037109375
0.4955,2.40234375,1.28125,-4.1240234375
0.496,1.521484375,2.2021484375,-4.2041015625
0.4965,0.8408203125,2.802734375,-4.083984375
0.497,0.0,3.1630859375,-3.603515625
0.4975,-0.640625,3.68359375,-3.443359375
0.498,-1.4814453125,3.84375,-2.72265625
0.4985,-2.162109375,4.083984375,-2.2822265625
0.499,-3.203125,4.2041015625,-1.44140625
0.4995,-3.5234375,3.7236328125,-0.640625
0.5,-4.00390625,3.6435546875,0.0
0.5005,-4.1640625,3.123046875,0.6005859375
0.501,-4.3642578125,2.72265625,1.201171875
0.5015,-4.404296875,1.9619140625,1.921875
0.502,-4.5244140625,1.3212890625,2.6826171875
0.5025,-3.84375,0.2802734375,3.04296875
0.503,-3.84375,-0.400390625,3.68359375
0.5035,-3.04296875,-1.3212890625,3.763671875
0.504,-2.7626953125,-1.9619140625,4.083984375
0.5045,-1.8818359375,-2.962890625,4.083984375
0.505,-1.1611328125,-3.443359375,3.84375
0.5055,-0.400390625,-3.8837890625,3.603515625
0.506,0.3203125,-4.244140625,3.2431640625
0.5065,1.2412109375,-4.484375,2.6025390625
0.507,1.921875,-4.64453125,2.08203125
0.5075,2.8828125,-4.7646484375,1.28125
0.508,3.1630859375,-4.1640625,0.48046875
0.5085,3.603515625,-4.1640625,0.0
0.509,3.68359375,-3.4033203125,-0.80078125
0.5095,3.8837890625,-3.0830078125,-1.361328125
0.51,3.923828125,-2.2822265625,-2.2421875
0.5105,3.84375,-1.6015625,-2.802734375
0.511,3.203125,-0.5205078125,-3.203125
0.5115,3.123046875,0.0400390625,-3.6435546875
0.512,2.3623046875,0.9208984375,-3.8037109375
0.5125,2.0419921875,1.521484375,-4.0439453125
0.513,1.2412109375,2.40234375,-4.1240234375
0.5135,0.4404296875,2.8427734375,-3.6435546875
0.514,-0.2001953125,3.3232421875,-3.5234375
0.5145,-1.041015625,3.603515625,-2.962890625
0.515,-1.8017578125,3.84375,-2.482421875
0.5155,-2.5625,3.923828125,-1.8017578125
0.516,-3.2431640625,3.9638671875,-1.1611328125
0.5165,-3.5234375,3.4033203125,-0.3603515625
0.517,-3.9638671875,3.4833984375,0.080078125
0.5175,-4.0439453125,2.6826171875,0.9208984375
0.518,-4.244140625,2.3623046875,1.4013671875
0.5185,-4.3642578125,1.5615234375,2.2822265625
0.519,-4.0439453125,0.80078125,2.72265625
0.5195,-3.68359375,-0.16015625,3.2431640625
0.52,-3.36328125,-0.8408203125,3.603515625
0.5205,-2.72265625,-1.681640625,3.8037109375
0.521,-2.2822265625,-2.3623046875,3.9638671875
0.5215,-1.4814453125,-3.1630859375,3.9638671875
0.522,-0.6806640625,-3.4833984375,3.4833984375
0.5225,-0.16015625,-4.00390625,3.4833984375
0.523,0.880859375,-4.2041015625,2.6826171875
0.5235,1.521484375,-4.5244140625,2.3623046875
0.524,2.40234375,-4.5244140625,1.521484375
0.5245,2.8828125,-4.404296875,0.880859375
0.525,3.203125,-3.8837890625,0.1201171875
0.5255,3.5634765625,-3.84375,-0.3203125
0.526,3.68359375,-3.0830078125,-1.201171875
0.5265,3.84375,-2.642578125,-1.681640625
0.527,3.8837890625,-1.8818359375,-2.5625
0.5275,3.4033203125,-1.0009765625,-2.9228515625
0.528,3.1630859375,-0.2802734375,-3.4833984375
0.5285,2.642578125,0.48046875,-3.7236328125
0.529,2.2021484375,1.28125,-4.00390625
0.5295,1.5615234375,2.001953125,-4.00390625
0.53,0.80078125,2.72265625,-3.923828125
0.5305,0.0,3.04296875,-3.4033203125
0.531,-0.6005859375,3.5634765625,-3.4033203125
0.5315,-1.6416015625,3.763671875,-2.5224609375
0.532,-2.2822265625,3.9638671875,-2.162109375
0.5325,-3.0830078125,3.9638671875,-1.3212890625
0.533,-3.5234375,3.68359375,-0.640625
0.5335,-3.84375,3.3232421875,0.0400390625
0.534,-4.1240234375,3.04296875,0.6005859375
0.5345,-4.32421875,2.3623046875,1.4814453125
0.535,-4.32421875,1.8017578125,2.0419921875
0.5355,-4.404296875,1.041015625,2.8427734375
0.536,-3.7236328125,0.0,3.1630859375
0.5365,-3.603515625,-0.720703125,3.763671875
0.537,-2.8427734375,-1.7216796875,3.84375
0.5375,-2.40234375,-2.3623046875,4.1240234375
0.538,-1.6015625,-3.04296875,3.9638671875
0.5385,-0.80078125,-3.68359375,3.84375
0.539,0.0,-3.923828125,3.283203125
0.5395,0.640625,-4.4443359375,3.123046875
0.54,1.8017578125,-4.5244140625,2.1220703125
0.5405,2.322265625,-4.64453125,1.681640625
0.541,3.0830078125,-4.5244140625,0.8408203125
0.5415,3.3232421875,-4.0439453125,0.1201171875
0.542,3.6435546875,-3.7236328125,-0.48046875
0.5425,3.8037109375,-3.203125,-1.1611328125
0.543,3.923828125,-2.5625,-1.921875
0.5435,3.8037109375,-1.8818359375,-2.4423828125
0.544,3.763671875,-1.1611328125,-3.203125
0.5445,3.0029296875,-0.16015625,-3.36328125
0.545,2.962890625,0.3603515625,-3.8837890625
0.5455,2.001953125,1.4814453125,-3.923828125
0.546,1.76171875,2.0419921875,-4.1640625
0.5465,0.80078125,2.7626953125,-3.9638671875
0.547,0.080078125,3.2431640625,-3.7236328125
0.5475,-0.6806640625,3.5634765625,-3.2431640625
0.548,-1.44140625,3.9638671875,-2.9228515625
0.5485,-2.5224609375,4.1240234375,-2.0419921875
0.549,-3.0029296875,4.083984375,-1.521484375
0.5495,-3.763671875,4.00390625,-0.6806640625
0.55,-4.00390625,3.4833984375,0.080078125
0.5505,-4.3642578125,3.3232421875,0.6005859375
0.551,-4.484375,2.482421875,1.521484375
0.5515,-4.64453125,1.9619140625,2.2421875
0.552,-4.3642578125,1.0009765625,2.7626953125
0.5525,-4.2841796875,0.2001953125,3.4833984375
0.553,-3.443359375,-0.880859375,3.763671875
0.5535,-3.36328125,-1.4814453125,4.1640625
0.554,-2.2421875,-2.6826171875,4.32421875
0.5545,-1.76171875,-3.203125,4.32421875
0.555,-0.80078125,-3.8837890625,3.9638671875
0.5555,0.0400390625,-4.32421875,3.6435546875
0.556,0.7607421875,-4.564453125,3.1630859375
0.5565,1.7216796875,-4.8447265625,2.5224609375
0.557,2.8427734375,-5.0048828125,1.5615234375
0.5575,3.1630859375,-4.64453125,0.880859375
0.558,3.8837890625,-4.5244140625,0.080078125
0.5585,3.8837890625,-3.7236328125,-0.720703125
0.559,4.1640625,-3.5634765625,-1.201171875
0.5595,4.1640625,-2.5224609375,-2.2421875
0.56,4.1640625,-2.001953125,-2.802734375
0.5605,3.7236328125,-1.0009765625,-3.3232421875
0.561,3.5234375,-0.16015625,-3.84375
0.5615,2.6826171875,0.7607421875,-3.8837890625
0.562,2.4423828125,1.3212890625,-4.244140625
0.5625,1.44140625,2.5224609375,-4.3642578125
0.563,0.9208984375,2.8427734375,-4.1240234375
0.5635,0.0,3.5234375,-3.8837890625
0.564,-0.80078125,3.8037109375,-3.36328125
0.5645,-1.44140625,4.1240234375,-3.0830078125
0.565,-2.482421875,4.32421875,-2.2421875
0.5655,-3.4033203125,4.484375,-1.521484375
0.566,-3.8037109375,4.00390625,-0.6806640625
0.5665,-4.4443359375,3.9638671875,0.0
0.567,-4.484375,3.203125,0.80078125
0.5675,-4.8046875,3.0029296875,1.28125
0.568,-4.8447265625,1.921875,2.4423828125
0.5685,-4.8046875,1.28125,2.9228515625
0.569,-4.3642578125,0.240234375,3.6435546875
0.5695,-4.00390625,-0.640625,4.1240234375
0.57,-3.283203125,-1.6015625,4.2841796875
0.5705,-2.8427734375,-2.3623046875,4.5244140625
0.571,-1.8017578125,-3.5634765625,4.724609375
0.5715,-1.0009765625,-3.923828125,4.2041015625
0.572,-0.080078125,-4.64453125,4.0439453125
0.5725,0.80078125,-4.8046875,3.3232421875
0.573,1.5615234375,-5.0849609375,2.8828125
0.5735,2.72265625,-5.1650390625,1.841796875
0.574,3.6435546875,-5.205078125,1.0009765625
0.5745,3.8837890625,-4.5244140625,0.0
0.575,4.404296875,-4.3642578125,-0.6005859375
0.5755,4.32421875,-3.4833984375,-1.4013671875
0.576,4.404296875,-3.0830078125,-1.9619140625
0.5765,4.484375,-2.001953125,-3.0830078125
0.577,4.1240234375,-1.1611328125,-3.4833984375
0.5775,3.68359375,-0.16015625,-4.00390625
0.578,3.1630859375,0.640625,-4.244140625
0.5785,2.482421875,1.4013671875,-4.32421875
0.579,1.841796875,2.2421875,-4.4443359375
0.5795,1.0009765625,3.1630859375,-4.564453125
0.58,0.0400390625,3.4833984375,-3.84375
0.5805,-0.6005859375,4.083984375,-3.84375
0.581,-1.4814453125,4.1240234375,-3.0029296875
0.5815,-2.1220703125,4.404296875,-2.6826171875
0.582,-3.283203125,4.484375,-1.6416015625
0.5825,-3.923828125,4.404296875,-0.9208984375
0.583,-4.244140625,3.84375,0.0
0.5835,-4.64453125,3.6435546875,0.560546875
0.584,-4.724609375,2.9228515625,1.28125
0.5845,-4.8046875,2.40234375,1.8818359375
0.585,-5.0048828125,1.5615234375,3.0029296875
0.5855,-4.484375,0.640625,3.3232421875
0.586,-4.244140625,-0.3603515625,4.00390625
0.5865,-3.5634765625,-1.28125,4.2041015625
0.587,-3.0830078125,-2.001953125,4.484375
0.5875,-2.2421875,-2.962890625,4.5244140625
0.588,-1.4013671875,-3.8837890625,4.6044921875
0.5885,-0.3603515625,-4.2041015625,3.8837890625
0.589,0.2802734375,-4.8447265625,3.8837890625
0.5895,1.3212890625,-4.884765625,2.962890625
0.59,1.9619140625,-5.125,2.5224609375
0.5905,3.203125,-5.2451171875,1.4013671875
0.591,3.7236328125,-4.9248046875,0.6005859375
0.5915,4.083984375,-4.3642578125,-0.2802734375
0.592,4.3642578125,-4.083984375,-0.9208984375
0.5925,4.404296875,-3.283203125,-1.76171875
0.593,4.404296875,-2.5625,-2.322265625
0.5935,4.5244140625,-1.681640625,-3.36328125
0.594,3.8037109375,-0.640625,-3.6435546875
0.5945,3.5634765625,0.16015625,-4.2041015625
0.595,2.72265625,1.12109375,-4.2041015625
0.5955,2.2822265625,1.76171875,-4.484375
0.596,1.361328125,2.6826171875,-4.484375
0.5965,0.560546875,3.443359375,-4.3642578125
0.597,-0.400390625,3.68359375,-3.6435546875
0.5975,-1.0009765625,4.1640625,-3.5634765625
0.598,-2.0419921875,4.244140625,-2.6025390625
0.5985,-2.6025390625,4.404296875,-2.2021484375
0.599,-3.7236328125,4.484375,-1.2412109375
0.5995,-4.00390625,3.9638671875,-0.400390625
0.6,-4.4443359375,3.6435546875,0.240234375
0.6005,-4.564453125,3.1630859375,0.9208984375
0.601,-4.6845703125,2.6025390625,1.6015625
0.6015,-4.64453125,1.841796875,2.322265625
0.602,-4.8447265625,1.12109375,3.1630859375
0.6025,-4.00390625,0.0,3.443359375
0.603,-4.00390625,-0.6806640625,4.1240234375
0.6035,-3.0830078125,-1.681640625,4.1240234375
0.604,-2.72265625,-2.322265625,4.4443359375
0.6045,-1.76171875,-3.36328125,4.4443359375
0.605,-0.9208984375,-3.923828125,4.1640625
0.6055,0.0,-4.32421875,3.68359375
0.606,0.640625,-4.7646484375,3.4833984375
0.6065,1.7216796875,-4.884765625,2.5625
0.607,2.3623046875,-5.044921875,2.08203125
0.6075,3.4833984375,-5.0849609375,1.12109375
0.608,3.68359375,-4.5244140625,0.2001953125
0.6085,4.1240234375,-4.32421875,-0.4404296875
0.609,4.244140625,-3.5634765625,-1.2412109375
0.6095,4.32421875,-3.0029296875,-1.921875
0.61,4.2841796875,-2.1220703125,-2.642578125
0.6105,4.244140625,-1.3212890625,-3.443359375
0.611,3.4033203125,-0.16015625,-3.7236328125
0.6115,3.3232421875,0.4404296875,-4.2041015625
0.612,2.2822265625,1.521484375,-4.2041015625
0.6125,1.921875,2.0419921875,-4.404296875
0.613,0.9609375,3.0029296875,-4.3642578125
0.6135,0.080078125,3.443359375,-3.8837890625
0.614,-0.640625,3.8037109375,-3.5234375
0.6145,-1.4814453125,4.1240234375,-3.04296875
0.615,-2.40234375,4.2041015625,-2.2822265625
0.6155,-3.0830078125,4.1240234375,-1.681640625
0.616,-3.8037109375,4.1640625,-0.9208984375
0.6165,-4.00390625,3.4833984375,0.0
0.617,-4.404296875,3.5234375,0.4404296875
0.6175,-4.4443359375,2.642578125,1.3212890625
0.618,-4.564453125,2.2822265625,1.841796875
0.6185,-4.5244140625,1.361328125,2.642578125
0.619,-4.3642578125,0.6005859375,3.203125
0.6195,-3.68359375,-0.4404296875,3.5234375
0.62,-3.5234375,-1.041015625,4.00390625
0.6205,-2.642578125,-2.08203125,4.083984375
0.621,-2.2822265625,-2.6025390625,4.2041015625
0.6215,-1.3212890625,-3.5634765625,4.1640625
0.622,-0.48046875,-3.84375,3.68359375
0.6225,0.16015625,-4.3642578125,3.5234375
0.623,1.1611328125,-4.64453125,2.8427734375
0.6235,1.9619140625,-4.8447265625,2.2421875
0.624,2.642578125,-4.8447265625,1.521484375
0.6245,3.443359375,-4.8046875,0.6806640625
0.625,3.5634765625,-4.0439453125,-0.080078125
0.6255,4.00390625,-4.00390625,-0.5205078125
0.626,4.00390625,-3.04296875,-1.521484375
0.6265,4.1640625,-2.72265625,-2.001953125
0.627,4.083984375,-1.7216796875,-2.8828125
0.6275,3.68359375,-0.8408203125,-3.36328125
0.628,3.1630859375,0.080078125,-3.7236328125
0.6285,2.8427734375,0.7607421875,-4.0439453125
0.629,2.001953125,1.76171875,-4.2041015625
0.6295,1.5615234375,2.2822265625,-4.244140625
0.63,0.6005859375,3.123046875,-4.1240234375
0.6305,-0.2802734375,3.36328125,-3.5234375
0.631,-0.80078125,3.84375,-3.4033203125
0.6315,-1.9619140625,3.9638671875,-2.482421875
0.632,-2.5625,4.1240234375,-2.0419921875
0.6325,-3.283203125,4.083984375,-1.12109375
0.633,-3.8037109375,3.84375,-0.5205078125
0.6335,-3.9638671875,3.283203125,0.240234375
0.634,-4.2841796875,3.1630859375,0.6806640625
0.6345,-4.3642578125,2.2421875,1.6015625
0.635,-4.404296875,1.841796875,2.0419921875
0.6355,-4.404296875,0.9609375,2.8828125
0.636,-3.8037109375,0.0,3.203125
0.6365,-3.5634765625,-0.7607421875,3.763671875
0.637,-2.9228515625,-1.6015625,3.8837890625
0.6375,-2.40234375,-2.40234375,4.1240234375
0.638,-1.681640625,-2.9228515625,3.9638671875
0.6385,-0.9208984375,-3.6435546875,3.923828125
0.639,0.0,-3.8837890625,3.3232421875
0.6395,0.5205078125,-4.4443359375,3.2431640625
0.64,1.6015625,-4.5244140625,2.2421875
0.6405,2.2421875,-4.8046875,1.841796875
0.641,2.8828125,-4.5244140625,1.0009765625
0.6415,3.2431640625,-4.2041015625,0.3603515625
0.642,3.5234375,-3.8037109375,-0.3203125
0.6425,3.763671875,-3.4833984375,-0.8408203125
0.643,3.8837890625,-2.72265625,-1.76171875
0.6435,3.84375,-2.2021484375,-2.2021484375
0.644,3.84375,-1.3212890625,-3.0029296875
0.6445,3.1630859375,-0.3603515625,-3.2431640625
0.645,3.04296875,0.2802734375,-3.8037109375
0.6455,2.2421875,1.201171875,-3.8837890625
0.646,1.921875,1.921875,-4.1640625
0.6465,1.041015625,2.482421875,-3.8837890625
0.647,0.3203125,3.123046875,-3.8037109375
0.6475,-0.5205078125,3.3232421875,-3.2431640625
0.648,-1.1611328125,3.8037109375,-3.0830078125
0.6485,-2.2021484375,3.923828125,-2.2021484375
0.649,-2.6826171875,4.00390625,-1.7216796875
0.6495,-3.36328125,3.84375,-0.9208984375
0.65,-3.68359375,3.443359375,-0.240234375
0.6505,-4.00390625,3.203125,0.3203125
0.651,-4.1240234375,2.6025390625,1.0009765625
0.6515,-4.3642578125,2.1220703125,1.76171875
0.652,-4.1240234375,1.361328125,2.2421875
0.6525,-4.1240234375,0.6005859375,2.962890625
0.653,-3.36328125,-0.400390625,3.203125
0.6535,-3.36328125,-1.0009765625,3.763671875
0.654,-2.4423828125,-2.001953125,3.84375
0.6545,-2.1220703125,-2.5625,4.00390625
0.655,-1.2412109375,-3.203125,3.7236328125
0.6555,-0.5205078125,-3.7236328125,3.5234375
0.656,0.2001953125,-4.00390625,3.123046875
0.6565,0.9609375,-4.3642578125,2.72265625
0.657,1.921875,-4.5244140625,1.9619140625
0.6575,2.40234375,-4.3642578125,1.4013671875
0.658,3.04296875,-4.3642578125,0.6806640625
0.6585,3.1630859375,-3.763671875,0.0
0.659,3.603515625,-3.68359375,-0.5205078125
0.6595,3.6435546875,-2.8828125,-1.3212890625
0.66,3.84375,-2.5224609375,-1.921875
0.6605,3.5634765625,-1.6015625,-2.482421875
0.661,3.443359375,-0.9208984375,-3.0830078125
0.6615,2.802734375,0.0400390625,-3.283203125
0.662,2.7626953125,0.6005859375,-3.763671875
0.6625,1.8818359375,1.6015625,-3.8837890625
0.663,1.521484375,2.0419921875,-3.9638671875
0.6635,0.6005859375,2.72265625,-3.8037109375
0.664,-0.1201171875,3.123046875,-3.4833984375
0.6645,-0.80078125,3.4833984375,-3.203125
0.665,-1.681640625,3.763671875,-2.5625
0.6655,-2.5625,4.00390625,-1.9619140625
0.666,-2.962890625,3.763671875,-1.2412109375
0.6665,-3.603515625,3.7236328125,-0.6005859375
0.667,-3.7236328125,3.123046875,0.16015625
0.6675,-4.1240234375,3.04296875,0.6005859375
0.668,-4.2041015625,2.2021484375,1.5615234375
0.6685,-4.3642578125,1.76171875,2.08203125
0.669,-4.00390625,0.7607421875,2.72265625
0.6695,-3.8037109375,0.0,3.2431640625
0.67,-3.2431640625,-0.9208984375,3.5234375
0.6705,-2.9228515625,-1.5615234375,3.8837890625
0.671,-2.162109375,-2.5625,4.1240234375
0.6715,-1.5615234375,-3.04296875,3.84375
0.672,-0.80078125,-3.7236328125,3.8037109375
0.6725,0.0400390625,-4.00390625,3.203125
0.673,0.720703125,-4.404296875,3.04296875
0.6735,1.841796875,-4.564453125,2.162109375
0.674,2.5625,-4.7646484375,1.5615234375
0.6745,3.0029296875,-4.244140625,0.6806640625
0.675,3.5234375,-4.2041015625,0.1201171875
0.6755,3.603515625,-3.5234375,-0.640625
0.676,3.84375,-3.2431640625,-1.1611328125
0.6765,3.9638671875,-2.322265625,-2.2021484375
0.677,3.8037109375,-1.76171875,-2.5625
0.6775,3.5234375,-0.80078125,-3.203125
0.678,3.04296875,0.0400390625,-3.5234375
0.6785,2.6025390625,0.7607421875,-3.8037109375
0.679,2.001953125,1.521484375,-3.923828125
0.6795,1.4013671875,2.3623046875,-4.2041015625
0.68,0.6005859375,2.6826171875,-3.7236328125
0.6805,-0.080078125,3.3232421875,-3.7236328125
0.681,-0.9208984375,3.5234375,-3.0029296875
0.6815,-1.4814453125,3.8837890625,-2.802734375
0.682,-2.6025390625,4.0439453125,-1.8818359375
0.6825,-3.203125,4.0439453125,-1.28125
0.683,-3.6435546875,3.6435546875,-0.48046875
0.6835,-4.00390625,3.4833984375,0.1201171875
0.684,-4.1640625,2.9228515625,0.7607421875
0.6845,-4.3642578125,2.482421875,1.361328125
0.685,-4.6044921875,1.76171875,2.3623046875
0.6855,-4.2041015625,0.9609375,2.72265625
0.686,-4.0439453125,0.080078125,3.4833984375
0.6865,-3.4033203125,-0.880859375,3.68359375
0.687,-3.1630859375,-1.5615234375,4.083984375
0.6875,-2.2822265625,-2.5224609375,4.1640625
0.688,-1.6416015625,-3.36328125,4.2841796875
0.6885,-0.6806640625,-3.7236328125,3.68359375
0.689,-0.080078125,-4.32421875,3.763671875
0.6895,0.880859375,-4.484375,2.962890625
0.69,1.5615234375,-4.8046875,2.6025390625
0.6905,2.802734375,-4.96484375,1.5615234375
0.691,3.2431640625,-4.6845703125,0.80078125
0.6915,3.763671875,-4.32421875,0.0
0.692,4.00390625,-3.923828125,-0.640625
0.6925,4.1240234375,-3.3232421875,-1.361328125
0.693,4.1640625,-2.6025390625,-2.08203125
0.6935,4.404296875,-1.841796875,-3.0830078125
0.694,3.68359375,-0.80078125,-3.36328125
0.6945,3.5234375,0.0,-4.00390625
0.695,2.642578125,0.9609375,-4.00390625
0.6955,2.322265625,1.5615234375,-4.3642578125
0.696,1.361328125,2.5224609375,-4.3642578125
0.6965,0.6005859375,3.203125,-4.244140625
0.697,-0.3203125,3.5234375,-3.603515625
0.6975,-0.9609375,4.00390625,-3.4833984375
0.698,-1.921875,4.083984375,-2.6025390625
0.6985,-2.5224609375,4.2041015625,-2.1220703125
0.699,-3.603515625,4.404296875,-1.2412109375
0.6995,-3.8837890625,3.84375,-0.400390625
0.7,-4.32421875,3.6435546875,0.240234375
0.7005,-4.484375,3.0830078125,0.9208984375
0.701,-4.6044921875,2.6025390625,1.521484375
0.7015,-4.564453125,1.8017578125,2.2822265625
0.702,-4.7646484375,1.12109375,3.123046875
0.7025,-3.923828125,0.0,3.443359375
0.703,-3.9638671875,-0.6806640625,4.083984375
0.7035,-3.04296875,-1.76171875,4.1240234375
0.704,-2.72265625,-2.40234375,4.4443359375
0.7045,-1.76171875,-3.4833984375,4.484375
0.705,-0.9208984375,-4.00390625,4.2041015625
0.7055,0.0,-4.404296875,3.763671875
0.706,0.7607421875,-4.8447265625,3.4833984375
0.7065,1.76171875,-5.0048828125,2.5625
0.707,2.5224609375,-5.125,2.0419921875
0.7075,3.6435546875,-5.28515625,1.041015625
0.708,3.84375,-4.5244140625,0.080078125
0.7085,4.32421875,-4.3642578125,-0.560546875
0.709,4.484375,-3.5634765625,-1.44140625
0.7095,4.5244140625,-2.9228515625,-2.162109375
0.71,4.484375,-2.001953125,-2.962890625
0.7105,4.4443359375,-1.1611328125,-3.8037109375
0.711,3.443359375,0.080078125,-3.9638671875
0.7115,3.3232421875,0.6806640625,-4.484375
0.712,2.2021484375,1.841796875,-4.5244140625
0.7125,1.76171875,2.40234375,-4.64453125
0.713,0.7607421875,3.443359375,-4.5244140625
0.7135,-0.240234375,3.84375,-4.00390625
0.714,-1.0009765625,4.1240234375,-3.5634765625
0.7145,-1.921875,4.484375,-2.962890625
0.715,-2.8427734375,4.484375,-2.08203125
0.7155,-3.4033203125,4.4443359375,-1.44140625
0.716,-4.244140625,4.4443359375,-0.6005859375
0.7165,-4.3642578125,3.5634765625,0.2802734375
0.717,-4.724609375,3.4833984375,0.7607421875
0.7175,-4.7646484375,2.5625,1.76171875
0.718,-4.8046875,2.08203125,2.2421875
0.7185,-4.6845703125,1.1611328125,3.04296875
0.719,-4.5244140625,0.3203125,3.603515625
0.7195,-3.7236328125,-0.80078125,3.84375
0.72,-3.5634765625,-1.44140625,4.32421875
0.7205,-2.5625,-2.5625,4.3642578125
0.721,-2.1220703125,-3.04296875,4.484375
0.7215,-1.12109375,-4.00390625,4.404296875
0.722,-0.2001953125,-4.32421875,3.84375
0.7225,0.48046875,-4.8046875,3.6435546875
0.723,1.521484375,-5.0048828125,2.8828125
0.7235,2.40234375,-5.1650390625,2.162109375
0.724,3.0830078125,-5.0849609375,1.361328125
0.7245,3.8837890625,-5.0048828125,0.560546875
0.725,4.00390625,-4.2041015625,-0.400390625
0.7255,4.484375,-4.1240234375,-0.9208984375
0.726,4.484375,-3.04296875,-2.001953125
0.7265,4.5244140625,-2.5625,-2.5224609375
0.727,4.404296875,-1.4814453125,-3.4033203125
0.7275,3.9638671875,-0.6005859375,-3.923828125
0.728,3.2431640625,0.48046875,-4.2041015625
0.7285,2.8828125,1.201171875,-4.564453125
0.729,1.8818359375,2.3623046875,-4.6044921875
0.7295,1.3212890625,2.8427734375,-4.5244140625
0.73,0.2802734375,3.7236328125,-4.3642578125
0.7305,-0.6806640625,3.9638671875,-3.68359375
0.731,-1.28125,4.32421875,-3.4033203125
0.7315,-2.482421875,4.5244140625,-2.4423828125
0.732,-3.203125,4.564453125,-1.8017578125
0.7325,-3.8037109375,4.32421875,-0.9208984375
0.733,-4.4443359375,4.1240234375,-0.16015625
0.7335,-4.484375,3.3232421875,0.720703125
0.734,-4.8046875,3.1630859375,1.1611328125
0.7345,-4.8447265625,2.0419921875,2.2421875
0.735,-4.6845703125,1.5615234375,2.6025390625
0.7355,-4.564453125,0.6005859375,3.443359375
0.736,-3.923828125,-0.400390625,3.763671875
0.7365,-3.5234375,-1.28125,4.083984375
0.737,-2.9228515625,-2.001953125,4.32421875
0.7375,-2.1220703125,-2.9228515625,4.4443359375
0.738,-1.4814453125,-3.36328125,4.1640625
0.7385,-0.640625,-4.1640625,4.083984375
0.739,0.3203125,-4.3642578125,3.36328125
0.7395,0.880859375,-4.8447265625,3.283203125
0.74,2.08203125,-4.9248046875,2.2021484375
0.7405,2.6826171875,-5.044921875,1.76171875
0.741,3.36328125,-4.8046875,0.80078125
0.7415,3.84375,-4.5244140625,0.1201171875
0.742,4.00390625,-3.8837890625,-0.6806640625
0.7425,4.32421875,-3.603515625,-1.2412109375
0.743,4.4443359375,-2.6025390625,-2.322265625
0.7435,4.2841796875,-2.1220703125,-2.72265625
0.744,4.2041015625,-1.12109375,-3.6435546875
0.7445,3.443359375,-0.1201171875,-3.8837890625
0.745,3.123046875,0.7607421875,-4.2841796875
0.7455,2.3623046875,1.681640625,-4.4443359375
0.746,1.681640625,2.5625,-4.64453125
0.7465,0.80078125,3.04296875,-4.244140625
0.747,0.0,3.84375,-4.1240234375
0.7475,-1.0009765625,3.8837890625,-3.3232421875
0.748,-1.6015625,4.404296875,-3.1630859375
0.7485,-2.8828125,4.484375,-1.9619140625
0.749,-3.4033203125,4.4443359375,-1.44140625
0.7495,-4.00390625,4.083984375,-0.5205078125
0.75,-4.3642578125,3.68359375,0.240234375
0.7505,-4.5244140625,3.1630859375,0.880859375
0.751,-4.6044921875,2.6025390625,1.521484375
0.7515,-4.7646484375,1.76171875,2.4423828125
0.752,-4.4443359375,1.0009765625,2.802734375
0.7525,-4.32421875,0.16015625,3.5234375
0.753,-3.4833984375,-0.8408203125,3.763671875
0.7535,-3.3232421875,-1.44140625,4.1640625
0.754,-2.322265625,-2.5224609375,4.1640625
0.7545,-1.841796875,-3.0830078125,4.32421875
0.755,-0.9208984375,-3.603515625,3.84375
0.7555,-0.2001953125,-4.1640625,3.7236328125
0.756,0.6005859375,-4.32421875,3.04296875
0.7565,1.28125,-4.6845703125,2.8427734375
0.757,2.40234375,-4.8447265625,1.841796875
0.7575,2.802734375,-4.6845703125,1.28125
0.758,3.4833984375,-4.5244140625,0.4404296875
0.7585,3.68359375,-4.00390625,-0.2802734375
0.759,3.9638671875,-3.7236328125,-0.8408203125
0.7595,4.00390625,-3.0029296875,-1.6015625
0.76,4.2841796875,-2.482421875,-2.40234375
0.7605,3.84375,-1.6015625,-2.8828125
0.761,3.84375,-0.720703125,-3.5634765625
0.7615,2.9228515625,0.3203125,-3.7236328125
0.762,2.9228515625,0.880859375,-4.244140625
0.7625,1.8818359375,2.0419921875,-4.2841796875
0.763,1.44140625,2.5224609375,-4.3642578125
0.7635,0.3603515625,3.1630859375,-3.923828125
0.764,-0.3603515625,3.68359375,-3.7236328125
0.7645,-1.1611328125,3.923828125,-3.1630859375
0.765,-1.9619140625,4.2041015625,-2.642578125
0.7655,-3.0830078125,4.4443359375,-1.76171875
0.766,-3.4033203125,4.0439453125,-1.041015625
0.7665,-4.1240234375,3.923828125,-0.2802734375
0.767,-4.2041015625,3.2431640625,0.48046875
0.7675,-4.484375,3.04296875,0.9609375
0.768,-4.5244140625,2.08203125,1.8818359375
0.7685,-4.64453125,1.5615234375,2.5224609375
0.769,-4.1240234375,0.6005859375,3.0029296875
0.7695,-3.9638671875,-0.16015625,3.5634765625
0.77,-3.1630859375,-1.1611328125,3.763671875
0.7705,-2.962890625,-1.7216796875,4.083984375
0.771,-2.001953125,-2.802734375,4.1640625
0.7715,-1.4013671875,-3.203125,3.9638671875
0.772,-0.6005859375,-3.8037109375,3.7236328125
0.7725,0.16015625,-4.1240234375,3.3232421875
0.773,0.880859375,-4.4443359375,2.9228515625
0.7735,1.76171875,-4.6044921875,2.2421875
0.774,2.6826171875,-4.8447265625,1.5615234375
0.7745,3.0029296875,-4.2841796875,0.7607421875
0.775,3.5634765625,-4.32421875,0.16015625
0.7755,3.603515625,-3.68359375,-0.640625
0.776,3.8837890625,-3.4833984375,-1.0810546875
0.7765,3.9638671875,-2.5224609375,-2.08203125
0.777,3.9638671875,-2.001953125,-2.5224609375
0.7775,3.5234375,-0.9609375,-3.0830078125
0.778,3.2431640625,-0.2802734375,-3.5634765625
0.7785,2.6826171875,0.640625,-3.763671875
0.779,2.3623046875,1.28125,-4.0439453125
0.7795,1.5615234375,2.2421875,-4.244140625
0.78,0.880859375,2.6025390625,-3.84375
0.7805,0.1201171875,3.3232421875,-3.8037109375
0.781,-0.6806640625,3.5234375,-3.203125
0.7815,-1.361328125,3.923828125,-2.962890625
0.782,-2.40234375,4.083984375,-2.08203125
0.7825,-3.123046875,4.2041015625,-1.521484375
0.783,-3.4833984375,3.68359375,-0.640625
0.7835,-4.00390625,3.603515625,-0.16015625
0.784,-4.1240234375,2.962890625,0.6005859375
0.7845,-4.32421875,2.6025390625,1.12109375
0.785,-4.5244140625,1.841796875,2.162109375
0.7855,-4.244140625,1.201171875,2.5224609375
0.786,-3.923828125,0.240234375,3.1630859375
0.7865,-3.5234375,-0.6005859375,3.5234375
0.787,-3.0830078125,-1.3212890625,3.84375
0.7875,-2.482421875,-2.08203125,3.9638671875
0.788,-1.841796875,-2.9228515625,4.1240234375
0.7885,-1.0009765625,-3.2431640625,3.5634765625
0.789,-0.400390625,-3.8837890625,3.68359375
0.7895,0.48046875,-4.0439453125,2.962890625
0.79,1.12109375,-4.4443359375,2.72265625
0.7905,2.2021484375,-4.564453125,1.76171875
0.791,2.6826171875,-4.5244140625,1.2412109375
0.7915,3.1630859375,-4.1640625,0.3603515625
0.792,3.4833984375,-4.00390625,-0.16015625
0.7925,3.6435546875,-3.4033203125,-0.880859375
0.793,3.763671875,-2.9228515625,-1.4013671875
0.7935,3.9638671875,-2.2421875,-2.2822265625
0.794,3.5234375,-1.4013671875,-2.642578125
0.7945,3.4033203125,-0.640625,-3.283203125
0.795,2.802734375,0.240234375,-3.4833984375
0.7955,2.5625,0.8408203125,-3.84375
0.796,1.8017578125,1.76171875,-3.9638671875
0.7965,1.28125,2.40234375,-4.0439453125
0.797,0.3603515625,2.7626953125,-3.5634765625
0.7975,-0.16015625,3.36328125,-3.5634765625
0.798,-1.0810546875,3.5234375,-2.8828125
0.7985,-1.7216796875,3.8837890625,-2.5625
0.799,-2.7626953125,4.0439453125,-1.7216796875
0.7995,-3.1630859375,3.7236328125,-1.0810546875
0.8,-3.68359375,3.5234375,-0.3603515625
0.8005,-3.8837890625,3.1630859375,0.2001953125
0.801,-4.1640625,2.8427734375,0.880859375
0.8015,-4.244140625,2.2021484375,1.5615234375
0.802,-4.484375,1.5615234375,2.40234375
0.8025,-3.84375,0.6005859375,2.7626953125
0.803,-3.8837890625,-0.080078125,3.443359375
0.8035,-3.123046875,-1.041015625,3.5634765625
0.804,-2.8828125,-1.6416015625,3.9638671875
0.8045,-2.0419921875,-2.6025390625,4.00390625
0.805,-1.361328125,-3.1630859375,3.8837890625
0.8055,-0.6005859375,-3.603515625,3.5234375
0.806,0.0400390625,-4.083984375,3.36328125
0.8065,0.9609375,-4.2841796875,2.6826171875
0.807,1.7216796875,-4.5244140625,2.2421875
0.8075,2.6826171875,-4.7646484375,1.4013671875
0.808,3.0029296875,-4.244140625,0.6005859375
0.8085,3.5234375,-4.2041015625,0.0400390625
0.809,3.6435546875,-3.5634765625,-0.640625
0.8095,3.84375,-3.1630859375,-1.28125
0.81,3.8837890625,-2.3623046875,-2.08203125
0.8105,4.00390625,-1.7216796875,-2.8427734375
0.811,3.283203125,-0.640625,-3.1630859375
0.8115,3.2431640625,0.0,-3.7236328125
0.812,2.4423828125,0.9609375,-3.84375
0.8125,2.1220703125,1.5615234375,-4.1240234375
0.813,1.28125,2.5224609375,-4.1640625
0.8135,0.4404296875,2.962890625,-3.8037109375
0.814,-0.2802734375,3.4033203125,-3.5234375
0.8145,-1.041015625,3.763671875,-3.0830078125
0.815,-1.921875,3.923828125,-2.4423828125
0.8155,-2.6025390625,4.00390625,-1.8818359375
0.816,-3.4033203125,4.0439453125,-1.12109375
0.8165,-3.6435546875,3.443359375,-0.3203125
0.817,-4.1240234375,3.4833984375,0.2001953125
0.8175,-4.2041015625,2.72265625,1.0009765625
0.818,-4.3642578125,2.3623046875,1.5615234375
0.8185,-4.404296875,1.521484375,2.40234375
0.819,-4.2041015625,0.80078125,2.9228515625
0.8195,-3.6435546875,-0.240234375,3.3232421875
0.82,-3.5234375,-0.8408203125,3.8037109375
0.8205,-2.6826171875,-1.8017578125,3.8837890625
0.821,-2.322265625,-2.4423828125,4.1240234375
0.8215,-1.44140625,-3.3232421875,4.1240234375
0.822,-0.6005859375,-3.68359375,3.6435546875
0.8225,0.0400390625,-4.2041015625,3.5234375
0.823,1.0009765625,-4.5244140625,2.8427734375
0.8235,1.76171875,-4.7646484375,2.2822265625
0.824,2.5625,-4.8046875,1.5615234375
0.8245,3.3232421875,-4.7646484375,0.80078125
0.825,3.5234375,-4.0439453125,0.0
0.8255,3.9638671875,-4.00390625,-0.5205078125
0.826,4.00390625,-3.0830078125,-1.4814453125
0.8265,4.1240234375,-2.72265625,-2.001953125
0.827,4.1240234375,-1.76171875,-2.9228515625
0.8275,3.8037109375,-0.880859375,-3.4033203125
0.828,3.203125,0.1201171875,-3.8037109375
0.8285,2.8427734375,0.8408203125,-4.1640625
0.829,1.9619140625,1.921875,-4.32421875
0.8295,1.4814453125,2.482421875,-4.3642578125
0.83,0.5205078125,3.36328125,-4.244140625
0.8305,-0.400390625,3.6435546875,-3.603515625
0.831,-1.041015625,4.083984375,-3.4033203125
0.8315,-2.2021484375,4.244140625,-2.5224609375
0.832,-2.9228515625,4.3642578125,-1.921875
0.8325,-3.603515625,4.1240234375,-1.0810546875
0.833,-4.1640625,4.00390625,-0.2802734375
0.8335,-4.2841796875,3.3232421875,0.5205078125
0.834,-4.6044921875,3.1630859375,1.0009765625
0.8345,-4.64453125,2.1220703125,2.0419921875
0.835,-4.564453125,1.6015625,2.40234375
0.8355,-4.5244140625,0.6806640625,3.2431640625
0.836,-3.8837890625,-0.2802734375,3.5234375
0.8365,-3.4833984375,-1.0810546875,3.9638671875
0.837,-2.8828125,-1.921875,4.1640625
0.8375,-2.1220703125,-2.8427734375,4.32421875
0.838,-1.44140625,-3.283203125,4.1240234375
0.8385,-0.640625,-4.0439453125,4.0439453125
0.839,0.2802734375,-4.244140625,3.36328125
0.8395,0.80078125,-4.8046875,3.283203125
0.84,2.0419921875,-4.9248046875,2.2021484375
0.8405,2.642578125,-5.0849609375,1.7216796875
0.841,3.4033203125,-4.8046875,0.80078125
0.8415,3.84375,-4.5244140625,0.1201171875
0.842,4.0439453125,-3.8837890625,-0.6806640625
0.8425,4.32421875,-3.603515625,-1.28125
0.843,4.484375,-2.6025390625,-2.3623046875
0.8435,4.32421875,-2.08203125,-2.7626953125
0.844,4.244140625,-1.041015625,-3.7236328125
0.8445,3.4833984375,0.0400390625,-3.9638671875
0.845,3.123046875,0.80078125,-4.3642578125
0.8455,2.322265625,1.841796875,-4.564453125
0.846,1.5615234375,2.802734375,-4.6845703125
0.8465,0.6806640625,3.2431640625,-4.32421875
0.847,-0.2802734375,4.0439453125,-4.1640625
0.8475,-1.1611328125,4.1240234375,-3.36328125
0.848,-1.841796875,4.564453125,-3.1630859375
0.8485,-3.203125,4.64453125,-1.921875
0.849,-3.763671875,4.564453125,-1.2412109375
0.8495,-4.3642578125,4.1640625,-0.2802734375
0.85,-4.6845703125,3.763671875,0.48046875
0.8505,-4.7646484375,3.123046875,1.201171875
0.851,-4.884765625,2.5224609375,1.8818359375
0.8515,-4.96484375,1.6015625,2.8427734375
0.852,-4.5244140625,0.8408203125,3.1630859375
0.8525,-4.3642578125,-0.080078125,3.923828125
0.853,-3.4833984375,-1.1611328125,4.00390625
0.8535,-3.203125,-1.76171875,4.3642578125
0.854,-2.2021484375,-2.8427734375,4.404296875
0.8545,-1.6015625,-3.5234375,4.484375
0.855,-0.640625,-3.9638671875,3.9638671875
0.8555,0.1201171875,-4.564453125,3.763671875
0.856,0.9208984375,-4.6845703125,3.04296875
0.8565,1.5615234375,-5.044921875,2.72265625
0.857,2.8427734375,-5.125,1.6416015625
0.8575,3.203125,-4.884765625,1.0810546875
0.858,3.8837890625,-4.64453125,0.2001953125
0.8585,4.1240234375,-4.083984375,-0.6005859375
0.859,4.32421875,-3.7236328125,-1.1611328125
0.8595,4.3642578125,-2.9228515625,-1.9619140625
0.86,4.5244140625,-2.2421875,-2.8828125
0.8605,4.083984375,-1.3212890625,-3.203125
0.861,3.9638671875,-0.4404296875,-4.00390625
0.8615,3.0029296875,0.640625,-4.1240234375
0.862,2.8427734375,1.28125,-4.5244140625
0.8625,1.76171875,2.4423828125,-4.6044921875
0.863,1.201171875,3.04296875,-4.6044921875
0.8635,0.080078125,3.5634765625,-4.1240234375
0.864,-0.6806640625,4.1240234375,-3.8837890625
0.8645,-1.5615234375,4.244140625,-3.1630859375
0.865,-2.322265625,4.6044921875,-2.642578125
0.8655,-3.603515625,4.7646484375,-1.5615234375
0.866,-3.9638671875,4.32421875,-0.80078125
0.8665,-4.6044921875,4.083984375,0.080078125
0.867,-4.6845703125,3.4033203125,0.80078125
0.8675,-4.9248046875,3.0029296875,1.4013671875
0.868,-4.884765625,2.0419921875,2.3623046875
0.8685,-5.0048828125,1.361328125,3.1630859375
0.869,-4.2841796875,0.2802734375,3.4833984375
0.8695,-4.1640625,-0.560546875,4.1240234375
0.87,-3.203125,-1.5615234375,4.1240234375
0.8705,-2.9228515625,-2.1220703125,4.4443359375
0.871,-1.8017578125,-3.3232421875,4.484375
0.8715,-1.12109375,-3.8037109375,4.2041015625
0.872,-0.2001953125,-4.2841796875,3.8037109375
0.8725,0.5205078125,-4.64453125,3.443359375
0.873,1.28125,-4.7646484375,2.8427734375
0.8735,2.1220703125,-4.9248046875,2.162109375
0.874,3.1630859375,-5.0849609375,1.28125
0.8745,3.443359375,-4.484375,0.48046875
0.875,4.00390625,-4.4443359375,-0.2001953125
0.8755,4.00390625,-3.6435546875,-0.9609375
0.876,4.2841796875,-3.36328125,-1.44140625
0.8765,4.2841796875,-2.40234375,-2.4423828125
0.877,4.32421875,-1.8017578125,-3.0029296875
0.8775,3.68359375,-0.720703125,-3.4833984375
0.878,3.5234375,0.0,-4.00390625
0.8785,2.72265625,0.9609375,-4.1240234375
0.879,2.40234375,1.5615234375,-4.404296875
0.8795,1.44140625,2.6826171875,-4.564453125
0.88,0.6806640625,3.04296875,-4.1640625
0.8805,-0.2001953125,3.763671875,-4.00390625
0.881,-1.0009765625,4.0439453125,-3.4033203125
0.8815,-1.8017578125,4.32421875,-2.9228515625
0.882,-2.7626953125,4.484375,-2.08203125
0.8825,-3.7236328125,4.6044921875,-1.28125
0.883,-4.00390625,3.8837890625,-0.3203125
0.8835,-4.564453125,3.8837890625,0.240234375
0.884,-4.564453125,3.0830078125,1.0810546875
0.8845,-4.7646484375,2.6826171875,1.5615234375
0.885,-4.8447265625,1.7216796875,2.642578125
0.8855,-4.64453125,0.9609375,3.1630859375
0.886,-4.0439453125,-0.16015625,3.68359375
0.8865,-3.7236328125,-0.9208984375,4.083984375
0.887,-2.962890625,-1.8017578125,4.1640625
0.8875,-2.4423828125,-2.5625,4.2841796875
0.888,-1.5615234375,-3.603515625,4.404296875
0.8885,-0.640625,-3.8837890625,3.7236328125
0.889,0.0,-4.3642578125,3.68359375
0.8895,0.9208984375,-4.5244140625,2.962890625
0.89,1.5615234375,-4.8046875,2.5224609375
0.8905,2.5625,-4.8447265625,1.6416015625
0.891,3.2431640625,-4.8046875,0.9609375
0.8915,3.5234375,-4.1640625,0.080078125
0.892,3.8837890625,-4.083984375,-0.400390625
0.8925,3.9638671875,-3.3232421875,-1.201171875
0.893,4.083984375,-2.8828125,-1.681640625
0.8935,4.2041015625,-2.0419921875,-2.72265625
0.894,3.8037109375,-1.28125,-3.0830078125
0.8945,3.4833984375,-0.3203125,-3.603515625
0.895,2.962890625,0.4404296875,-3.84375
0.8955,2.5224609375,1.1611328125,-4.1640625
0.896,1.841796875,1.921875,-4.244140625
0.8965,1.12109375,2.802734375,-4.3642578125
0.897,0.2001953125,3.1630859375,-3.7236328125
0.8975,-0.400390625,3.8037109375,-3.763671875
0.898,-1.361328125,3.9638671875,-2.9228515625
0.8985,-2.0419921875,4.244140625,-2.6025390625
0.899,-3.123046875,4.3642578125,-1.6416015625
0.8995,-3.68359375,4.1640625,-0.9609375
0.9,-4.00390625,3.68359375,-0.1201171875
0.9005,-4.3642578125,3.4833984375,0.4404296875
0.901,-4.5244140625,2.802734375,1.2412109375
0.9015,-4.564453125,2.2421875,1.841796875
0.902,-4.7646484375,1.44140625,2.8427734375
0.9025,-4.1240234375,0.4404296875,3.1630859375
0.903,-3.923828125,-0.3603515625,3.8037109375
0.9035,-3.203125,-1.3212890625,3.8837890625
0.904,-2.7626953125,-2.0419921875,4.1640625
0.9045,-1.9619140625,-2.9228515625,4.1240234375
0.905,-1.2412109375,-3.5634765625,4.1240234375
0.9055,-0.3203125,-3.84375,3.5234375
0.906,0.2802734375,-4.3642578125,3.4833984375
0.9065,1.28125,-4.5244140625,2.5625
0.907,1.921875,-4.724609375,2.2021484375
0.9075,2.8427734375,-4.7646484375,1.28125
0.908,3.203125,-4.3642578125,0.560546875
0.9085,3.5634765625,-4.0439453125,-0.16015625
0.909,3.8037109375,-3.6435546875,-0.720703125
0.9095,3.8837890625,-3.04296875,-1.4013671875
0.91,3.8837890625,-2.40234375,-2.0419921875
0.9105,4.0439453125,-1.7216796875,-2.8828125
0.911,3.3232421875,-0.6806640625,-3.1630859375
0.9115,3.3232421875,-0.080078125,-3.7236328125
0.912,2.5224609375,0.80078125,-3.84375
0.9125,2.2421875,1.44140625,-4.1640625
0.913,1.361328125,2.3623046875,-4.1240234375
0.9135,0.6005859375,2.9228515625,-3.923828125
0.914,-0.16015625,3.3232421875,-3.5234375
0.9145,-0.80078125,3.7236328125,-3.3232421875
0.915,-1.8017578125,3.8837890625,-2.5224609375
0.9155,-2.40234375,4.083984375,-2.1220703125
0.916,-3.283203125,4.1240234375,-1.28125
0.9165,-3.5634765625,3.5634765625,-0.5205078125
0.917,-4.0439453125,3.5234375,0.0400390625
0.9175,-4.1640625,2.9228515625,0.7607421875
0.918,-4.404296875,2.5224609375,1.4013671875
0.9185,-4.3642578125,1.7216796875,2.162109375
0.919,-4.404296875,1.0810546875,2.8427734375
0.9195,-3.68359375,0.0,3.1630859375
0.92,-3.68359375,-0.640625,3.7236328125
0.9205,-2.802734375,-1.6416015625,3.8037109375
0.921,-2.5224609375,-2.2021484375,4.1240234375
0.9215,-1.6015625,-3.0830078125,4.00390625
0.922,-0.8408203125,-3.5234375,3.68359375
0.9225,-0.16015625,-3.8837890625,3.443359375
0.923,0.640625,-4.2841796875,3.0029296875
0.9235,1.521484375,-4.484375,2.322265625
0.924,2.162109375,-4.5244140625,1.76171875
0.9245,2.9228515625,-4.5244140625,1.041015625
0.925,3.123046875,-3.923828125,0.2802734375
0.9255,3.5634765625,-3.9638671875,-0.2001953125
0.926,3.603515625,-3.1630859375,-1.0009765625
0.9265,3.84375,-2.8427734375,-1.5615234375
0.927,3.84375,-2.001953125,-2.322265625
0.9275,3.68359375,-1.3212890625,-2.9228515625
0.928,3.04296875,-0.3603515625,-3.2431640625
0.9285,2.962890625,0.240234375,-3.7236328125
0.929,2.2021484375,1.2412109375,-3.8037109375
0.9295,1.8818359375,1.76171875,-4.00390625
0.93,0.9609375,2.6025390625,-3.9638671875
0.9305,0.2001953125,2.9228515625,-3.5234375
0.931,-0.4404296875,3.443359375,-3.36328125
0.9315,-1.3212890625,3.68359375,-2.72265625
0.932,-2.08203125,3.923828125,-2.2822265625
0.9325,-2.7626953125,3.8837890625,-1.5615234375
0.933,-3.36328125,3.84375,-0.9208984375
0.9335,-3.5634765625,3.283203125,-0.16015625
0.934,-4.00390625,3.3232421875,0.2802734375
0.9345,-4.1240234375,2.482421875,1.12109375
0.935,-4.244140625,2.162109375,1.6416015625
0.9355,-4.244140625,1.28125,2.482421875
0.936,-3.8837890625,0.4404296875,2.8427734375
0.9365,-3.5634765625,-0.48046875,3.3232421875
0.937,-3.1630859375,-1.12109375,3.68359375
0.9375,-2.5625,-1.9619140625,3.923828125
0.938,-2.001953125,-2.5625,3.923828125
0.9385,-1.2412109375,-3.283203125,3.8837890625
0.939,-0.400390625,-3.603515625,3.36328125
0.9395,0.16015625,-4.1640625,3.3232421875
0.94,1.28125,-4.32421875,2.4423828125
0.9405,1.921875,-4.564453125,2.08203125
0.941,2.6025390625,-4.4443359375,1.28125
0.9415,3.0830078125,-4.2841796875,0.640625
0.942,3.283203125,-3.8037109375,-0.080078125
0.9425,3.6435546875,-3.6435546875,-0.6005859375
0.943,3.763671875,-2.8427734375,-1.4814453125
0.9435,3.8037109375,-2.4423828125,-2.001953125
0.944,3.84375,-1.6015625,-2.802734375
0.9445,3.203125,-0.640625,-3.0830078125
0.945,3.04296875,0.1201171875,-3.603515625
0.9455,2.40234375,0.9609375,-3.84375
0.946,1.921875,1.8017578125,-4.1240234375
0.9465,1.201171875,2.3623046875,-3.923828125
0.947,0.4404296875,3.04296875,-3.8837890625
0.9475,-0.400390625,3.3232421875,-3.283203125
0.948,-1.041015625,3.84375,-3.203125
0.9485,-2.2021484375,3.9638671875,-2.2021484375
0.949,-2.7626953125,4.1240234375,-1.76171875
0.9495,-3.443359375,3.8837890625,-0.9208984375
0.95,-3.84375,3.603515625,-0.2001953125
0.9505,-4.0439453125,3.1630859375,0.4404296875
0.951,-4.244140625,2.72265625,1.0810546875
0.9515,-4.4443359375,1.9619140625,1.921875
0.952,-4.2041015625,1.3212890625,2.3623046875
0.9525,-4.1640625,0.560546875,3.123046875
0.953,-3.4033203125,-0.48046875,3.3232421875
0.9535,-3.283203125,-1.12109375,3.84375
0.954,-2.4423828125,-2.08203125,3.8837890625
0.9545,-1.9619140625,-2.7626953125,4.083984375
0.955,-1.1611328125,-3.283203125,3.763671875
0.9555,-0.4404296875,-3.84375,3.6435546875
0.956,0.3203125,-4.00390625,3.04296875
0.9565,1.0009765625,-4.484375,2.8427734375
0.957,2.1220703125,-4.64453125,1.921875
0.9575,2.5625,-4.564453125,1.4013671875
0.958,3.2431640625,-4.404296875,0.6005859375
0.9585,3.4833984375,-3.923828125,-0.1201171875
0.959,3.8037109375,-3.68359375,-0.6806640625
0.9595,3.84375,-3.04296875,-1.44140625
0.96,4.1240234375,-2.482421875,-2.2421875
0.9605,3.8037109375,-1.6416015625,-2.642578125
0.961,3.7236328125,-0.80078125,-3.4033203125
0.9615,2.8828125,0.2001953125,-3.5634765625
0.962,2.8828125,0.7607421875,-4.083984375
0.9625,1.8818359375,1.921875,-4.1640625
0.963,1.4013671875,2.482421875,-4.2841796875
0.9635,0.4404296875,3.123046875,-3.8837890625
0.964,-0.3203125,3.68359375,-3.7236328125
0.9645,-1.1611328125,3.84375,-3.1630859375
0.965,-1.9619140625,4.2041015625,-2.6826171875
0.9655,-3.1630859375,4.484375,-1.7216796875
0.966,-3.5634765625,4.1240234375,-1.0009765625
0.9665,-4.2041015625,3.9638671875,-0.2001953125
0.967,-4.32421875,3.3232421875,0.560546875
0.9675,-4.64453125,3.04296875,1.0810546875
0.968,-4.6845703125,2.0419921875,2.0419921875
0.9685,-4.8046875,1.4814453125,2.8427734375
0.969,-4.2041015625,0.48046875,3.2431640625
0.9695,-4.0439453125,-0.3603515625,3.84375
0.97,-3.1630859375,-1.361328125,3.9638671875
0.9705,-2.9228515625,-1.9619140625,4.2841796875
0.971,-1.841796875,-3.1630859375,4.32421875
0.9715,-1.1611328125,-3.5634765625,4.1240234375
0.972,-0.3203125,-4.1240234375,3.763671875
0.9725,0.4404296875,-4.4443359375,3.36328125
0.973,1.201171875,-4.64453125,2.8427734375
0.9735,2.08203125,-4.8447265625,2.08203125
0.974,3.123046875,-5.0048828125,1.28125
0.9745,3.36328125,-4.404296875,0.48046875
0.975,3.923828125,-4.3642578125,-0.16015625
0.9755,3.923828125,-3.68359375,-0.9609375
0.976,4.1240234375,-3.36328125,-1.4013671875
0.9765,4.2041015625,-2.322265625,-2.40234375
0.977,4.2041015625,-1.76171875,-2.962890625
0.9775,3.68359375,-0.6806640625,-3.4833984375
0.978,3.4833984375,0.080078125,-4.00390625
0.9785,2.6826171875,0.9609375,-4.1240234375
0.979,2.3623046875,1.6015625,-4.404296875
0.9795,1.4013671875,2.802734375,-4.564453125
0.98,0.6005859375,3.203125,-4.1640625
0.9805,-0.2802734375,3.84375,-4.00390625
0.981,-1.0810546875,4.1240234375,-3.4033203125
0.9815,-1.8818359375,4.4443359375,-2.9228515625
0.982,-2.9228515625,4.6044921875,-2.08203125
0.9825,-3.9638671875,4.7646484375,-1.201171875
0.983,-4.244140625,3.9638671875,-0.2001953125
0.9835,-4.8447265625,3.9638671875,0.400390625
0.984,-4.8447265625,3.04296875,1.28125
0.9845,-4.96484375,2.642578125,1.8818359375
0.985,-5.044921875,1.5615234375,3.0029296875
0.9855,-4.8046875,0.7607421875,3.5234375
0.986,-4.1640625,-0.4404296875,3.9638671875
0.9865,-3.763671875,-1.2412109375,4.404296875
0.987,-2.8828125,-2.162109375,4.4443359375
0.9875,-2.2822265625,-2.8828125,4.5244140625
0.988,-1.28125,-3.9638671875,4.6044921875
0.9885,-0.3203125,-4.244140625,3.84375
0.989,0.3603515625,-4.7646484375,3.763671875
0.9895,1.3212890625,-4.884765625,2.8828125
0.99,2.001953125,-5.0048828125,2.40234375
0.9905,3.04296875,-5.0849609375,1.44140625
0.991,3.763671875,-5.0849609375,0.6005859375
0.9915,3.8837890625,-4.2841796875,-0.2802734375
0.992,4.32421875,-4.1640625,-0.80078125
0.9925,4.2841796875,-3.203125,-1.6015625
0.993,4.32421875,-2.7626953125,-2.08203125
0.9935,4.4443359375,-1.8017578125,-3.1630859375
0.994,3.923828125,-1.0009765625,-3.5234375
0.9945,3.5234375,0.0,-4.00390625
0.995,3.0029296875,0.7607421875,-4.2041015625
0.9955,2.40234375,1.5615234375,-4.4443359375
0.996,1.76171875,2.40234375,-4.5244140625
0.9965,0.880859375,3.3232421875,-4.564453125
0.997,-0.16015625,3.6435546875,-3.84375
0.9975,-0.720703125,4.2041015625,-3.84375
0.998,-1.8017578125,4.3642578125,-2.9228515625
0.9985,-2.4423828125,4.6044921875,-2.5224609375
0.999,-3.4833984375,4.64453125,-1.6015625
0.9995,-4.2041015625,4.4443359375,-0.6806640625
