wavelength,x,y,z
0.0,14.09375,-22.4619140625,8.96875
0.0005,17.8974609375,-21.140625,4.0439453125
0.001,20.66015625,-18.9384765625,-0.9609375
0.0015,22.2216796875,-16.576171875,-4.7646484375
0.002,23.0224609375,-14.0537109375,-8.0478515625
0.0025,22.7822265625,-10.650390625,-11.2509765625
0.003,22.2216796875,-6.40625,-15.0146484375
0.0035,21.1005859375,-2.001953125,-18.2978515625
0.004,18.8583984375,2.8427734375,-20.8603515625
0.0045,16.095703125,6.5263671875,-21.9013671875
0.005,13.1328125,9.6494140625,-22.4619140625
0.0055,9.529296875,13.29296875,-22.26171875
0.006,4.0439453125,17.13671875,-20.9404296875
0.0065,-1.0009765625,19.8994140625,-18.7783203125
0.007,-5.2451171875,21.62109375,-16.5361328125
0.0075,-8.6083984375,22.421875,-14.2138671875
0.008,-11.931640625,22.1416015625,-10.8505859375
0.0085,-15.2548828125,21.6611328125,-7.2470703125
0.009,-18.6181640625,20.2197265625,-2.5625
0.0095,-21.140625,17.6572265625,2.5224609375
0.01,-22.1015625,15.2548828125,5.765625
0.0105,-22.58203125,12.6123046875,8.96875
0.011,-22.4619140625,9.2490234375,12.1318359375
0.0115,-21.541015625,4.6044921875,15.9755859375
0.012,-20.01953125,0.240234375,18.8583984375
0.0125,-17.77734375,-4.1640625,20.98046875
0.013,-15.0947265625,-7.6875,21.78125
0.0135,-11.8916015625,-10.8505859375,21.861328125
0.014,-8.0478515625,-14.2939453125,21.62109375
0.0145,-2.6826171875,-17.8974609375,20.099609375
0.015,2.482421875,-20.2197265625,17.537109375
0.0155,5.8857421875,-21.3408203125,15.4951171875
0.016,9.12890625,-22.0615234375,13.212890625
0.0165,12.2919921875,-21.78125,9.9697265625
0.017,15.85546875,-20.8603515625,5.7255859375
0.0175,18.8984375,-19.2587890625,1.28125
0.018,21.1005859375,-16.8564453125,-3.4033203125
0.0185,21.7412109375,-14.4541015625,-6.40625
0.019,21.94140625,-11.53125,-9.5693359375
0.0195,21.701171875,-8.0078125,-12.892578125
0.02,20.740234375,-3.4833984375,-16.5361328125
0.0205,18.7783203125,1.0009765625,-18.9384765625
0.021,16.6162109375,4.64453125,-20.5
0.0215,14.09375,7.9677734375,-21.4208984375
0.022,10.5703125,11.0107421875,-21.2607421875
0.0225,6.166015625,14.734375,-20.4599609375
0.023,1.2412109375,18.0576171875,-19.0185546875
0.0235,-3.68359375,20.1796875,-16.5361328125
0.024,-6.6865234375,20.900390625,-14.5341796875
0.0245,-9.8095703125,21.380859375,-12.091796875
0.025,-13.1328125,20.98046875,-8.6884765625
0.0255,-16.49609375,19.859375,-4.2841796875
0.026,-19.0986328125,17.9375,0.240234375
0.0265,-20.8203125,15.775390625,4.1240234375
0.027,-21.4208984375,13.3330078125,7.046875
0.0275,-21.380859375,10.25,10.1298828125
0.028,-20.98046875,6.40625,13.5732421875
0.0285,-19.9794921875,2.08203125,16.9765625
0.029,-17.77734375,-2.40234375,19.2587890625
0.0295,-15.53515625,-5.685546875,20.2197265625
0.03,-13.1328125,-8.80859375,20.98046875
0.0305,-9.3291015625,-12.091796875,20.7001953125
0.031,-4.64453125,-15.53515625,19.5791015625
0.0315,0.1201171875,-18.2578125,17.857421875
0.032,4.404296875,-20.1396484375,15.6552734375
0.0325,7.20703125,-20.66015625,13.61328125
0.033,10.3701171875,-20.8603515625,10.890625
0.0335,13.7333984375,-20.5,7.3671875
0.034,16.9765625,-19.21875,2.9228515625
0.0345,19.3388671875,-17.056640625,-1.5615234375
0.035,20.5,-15.0146484375,-4.6845703125
0.0355,21.060546875,-12.572265625,-7.6474609375
0.036,20.900390625,-9.2490234375,-10.890625
0.0365,20.2197265625,-5.205078125,-14.2138671875
0.037,18.978515625,-1.041015625,-17.2568359375
0.0375,16.81640625,3.203125,-19.298828125
0.038,14.4140625,6.2861328125,-20.01953125
0.0385,11.771484375,9.3291015625,-20.5
0.039,7.6474609375,12.9326171875,-20.1396484375
0.0395,2.8828125,16.255859375,-18.818359375
0.04,-1.76171875,18.498046875,-16.65625
0.0405,-5.28515625,19.9794921875,-14.8544921875
0.041,-8.2080078125,20.4599609375,-12.65234375
0.0415,-11.2509765625,20.4599609375,-9.76953125
0.042,-14.5341796875,19.779296875,-6.0859375
0.0425,-17.6171875,18.2177734375,-1.5615234375
0.043,-19.619140625,15.935546875,2.802734375
0.0435,-20.2998046875,13.7734375,5.60546875
0.044,-20.7802734375,11.1708984375,8.6484375
0.0445,-20.5,7.4072265625,12.171875
0.045,-19.619140625,3.3232421875,15.375
0.0455,-18.017578125,-0.80078125,17.8173828125
0.046,-16.015625,-4.5244140625,19.5791015625
0.0465,-13.61328125,-7.4072265625,20.1396484375
0.047,-10.650390625,-10.3701171875,20.2197265625
0.0475,-6.40625,-13.853515625,19.69921875
0.048,-1.361328125,-17.0966796875,18.0576171875
0.0485,3.0029296875,-19.0185546875,15.85546875
0.049,5.92578125,-20.01953125,14.09375
0.0495,9.0087890625,-20.5,11.8115234375
0.05,12.4521484375,-20.099609375,8.16796875
0.0505,15.4951171875,-19.2587890625,4.4443359375
0.051,18.177734375,-17.5771484375,0.1201171875
0.0515,19.9794921875,-15.4150390625,-3.8037109375
0.052,20.33984375,-13.0927734375,-6.486328125
0.0525,20.6201171875,-10.330078125,-9.529296875
0.053,20.1396484375,-6.4462890625,-12.97265625
0.0535,19.1787109375,-2.2822265625,-16.2158203125
0.054,17.0966796875,1.841796875,-18.2578125
0.0545,15.0947265625,5.1650390625,-19.5791015625
0.055,12.6123046875,8.16796875,-20.1396484375
0.0555,8.7685546875,11.5712890625,-19.8193359375
0.056,4.724609375,14.734375,-19.0986328125
0.0565,-0.240234375,17.6572265625,-17.3369140625
0.057,-4.2841796875,19.37890625,-15.21484375
0.0575,-6.9267578125,19.859375,-13.2529296875
0.058,-9.9296875,20.33984375,-10.970703125
0.0585,-13.453125,19.779296875,-7.0068359375
0.059,-16.4560546875,18.498046875,-2.8828125
0.0595,-18.658203125,16.5361328125,1.2412109375
0.06,-20.0595703125,14.5341796875,4.6044921875
0.0605,-20.2998046875,12.01171875,7.3271484375
0.061,-20.33984375,8.80859375,10.5703125
0.0615,-19.779296875,5.044921875,13.8134765625
0.062,-18.4580078125,0.640625,16.896484375
0.0625,-16.2958984375,-3.36328125,18.6982421875
0.063,-14.1337890625,-6.166015625,19.4990234375
0.0635,-11.7314453125,-9.12890625,20.1396484375
0.064,-7.287109375,-12.8125,19.458984375
0.0645,-3.04296875,-15.7353515625,18.2578125
0.065,1.44140625,-18.017578125,16.3759765625
0.0655,5.044921875,-19.5791015625,14.57421875
0.066,7.6875,-19.8193359375,12.33203125
0.0665,10.6103515625,-20.0595703125,9.8896484375
0.067,14.1337890625,-19.4189453125,5.8857421875
0.0675,17.0166015625,-17.8173828125,1.521484375
0.068,18.9384765625,-15.8154296875,-2.4423828125
0.0685,19.859375,-13.7333984375,-5.3251953125
0.069,20.1796875,-11.2509765625,-8.16796875
0.0695,19.8994140625,-7.4072265625,-11.8515625
0.07,19.1787109375,-3.8037109375,-14.7744140625
0.0705,17.6171875,0.4404296875,-17.3369140625
0.071,15.53515625,4.1240234375,-19.0185546875
0.0715,13.052734375,6.966796875,-19.298828125
0.072,10.5302734375,9.849609375,-19.859375
0.0725,5.8857421875,13.693359375,-19.138671875
0.073,1.201171875,16.6162109375,-17.537109375
0.0735,-2.8427734375,18.3779296875,-15.615234375
0.074,-5.92578125,19.619140625,-13.9736328125
0.0745,-8.728515625,19.8193359375,-11.53125
0.075,-12.01171875,19.4990234375,-8.16796875
0.0755,-15.0146484375,18.7783203125,-4.564453125
0.076,-17.697265625,16.9365234375,-0.2001953125
0.0765,-19.298828125,14.89453125,3.5234375
0.077,-19.779296875,12.6123046875,6.166015625
0.0775,-20.1796875,10.1298828125,9.0888671875
0.078,-19.69921875,5.8857421875,12.8125
0.0785,-18.6181640625,2.0419921875,15.7353515625
0.079,-16.81640625,-1.8818359375,17.77734375
0.0795,-14.974609375,-5.205078125,19.3388671875
0.08,-12.2919921875,-7.9677734375,19.458984375
0.0805,-8.96875,-11.1708984375,19.4189453125
0.081,-4.6845703125,-14.57421875,18.73828125
0.0815,0.2802734375,-17.3369140625,16.7763671875
0.082,3.84375,-18.818359375,14.89453125
0.0825,6.646484375,-19.5791015625,13.0927734375
0.083,9.44921875,-19.9794921875,10.890625
0.0835,13.0927734375,-19.3388671875,6.806640625
0.084,15.935546875,-18.2578125,3.04296875
0.0845,18.2177734375,-16.416015625,-1.12109375
0.085,19.5791015625,-14.494140625,-4.404296875
0.0855,19.69921875,-11.9716796875,-7.046875
0.086,19.9794921875,-9.12890625,-10.2099609375
0.0865,19.4189453125,-5.0048828125,-13.7333984375
0.087,18.0576171875,-0.80078125,-16.576171875
0.0875,15.9755859375,2.9228515625,-18.1376953125
0.088,14.013671875,6.005859375,-19.3388671875
0.0885,11.37109375,8.888671875,-19.619140625
0.089,6.966796875,12.572265625,-19.05859375
0.0895,2.962890625,15.53515625,-18.2177734375
0.09,-1.681640625,17.9375,-16.2158203125
0.0905,-5.125,19.3388671875,-14.4140625
0.091,-7.84765625,19.5791015625,-12.1318359375
0.0915,-10.6904296875,19.9794921875,-9.8896484375
0.092,-14.4140625,19.138671875,-5.4853515625
0.0925,-17.1767578125,17.45703125,-1.2412109375
0.093,-18.9384765625,15.4951171875,2.482421875
0.0935,-20.01953125,13.453125,5.5654296875
0.094,-20.0595703125,10.73046875,8.328125
0.0945,-19.8994140625,7.046875,11.931640625
0.095,-19.2587890625,3.283203125,15.0546875
0.0955,-17.6572265625,-1.041015625,17.77734375
0.096,-15.455078125,-4.564453125,19.1787109375
0.0965,-13.1728515625,-7.3671875,19.779296875
0.097,-10.5703125,-10.330078125,20.1796875
0.0975,-5.4853515625,-14.25390625,19.1787109375
0.098,-1.041015625,-17.0166015625,17.6171875
0.0985,3.0830078125,-18.9384765625,15.7353515625
0.099,6.326171875,-20.1396484375,13.93359375
0.0995,9.3291015625,-20.1396484375,11.1708984375
0.1,12.4921875,-20.01953125,8.0478515625
0.1005,15.935546875,-19.1787109375,3.923828125
0.101,18.5380859375,-17.1767578125,-0.6806640625
0.1015,19.859375,-15.134765625,-3.9638671875
0.102,20.5,-12.8525390625,-6.966796875
0.1025,20.6201171875,-10.1298828125,-9.7294921875
0.103,20.0595703125,-5.7255859375,-13.61328125
0.1035,18.9384765625,-1.8017578125,-16.416015625
0.104,17.0966796875,2.3623046875,-18.658203125
0.1045,14.8544921875,5.765625,-19.939453125
0.105,11.8515625,8.6484375,-19.939453125
0.1055,8.6484375,12.01171875,-20.1396484375
0.106,3.763671875,15.6552734375,-19.0986328125
0.1065,-1.2412109375,18.2177734375,-16.896484375
0.107,-4.6845703125,19.5390625,-15.0146484375
0.1075,-7.7275390625,20.4599609375,-13.0927734375
0.108,-10.7705078125,20.419921875,-10.25
0.1085,-14.09375,19.69921875,-6.40625
0.109,-17.0966796875,18.498046875,-2.322265625
0.1095,-19.37890625,16.255859375,2.2021484375
0.11,-20.2998046875,14.09375,5.2451171875
0.1105,-20.5400390625,11.451171875,8.16796875
0.111,-20.66015625,8.568359375,11.130859375
0.1115,-19.8994140625,4.083984375,14.9345703125
0.112,-18.2978515625,-0.16015625,17.537109375
0.1125,-16.2158203125,-3.84375,19.21875
0.113,-14.173828125,-7.0869140625,20.419921875
0.1135,-11.05078125,-9.9697265625,20.1796875
0.114,-7.0068359375,-13.4130859375,19.779296875
0.1145,-2.322265625,-16.736328125,18.6181640625
0.115,2.5625,-19.05859375,16.2958984375
0.1155,5.6455078125,-19.9794921875,14.3740234375
0.116,8.728515625,-20.580078125,12.171875
0.1165,11.69140625,-20.580078125,9.369140625
0.117,15.3349609375,-19.619140625,4.9248046875
0.1175,18.09765625,-17.9775390625,0.6005859375
0.118,19.9794921875,-15.8955078125,-3.36328125
0.1185,20.740234375,-13.61328125,-6.3662109375
0.119,20.7802734375,-10.5703125,-9.4091796875
0.1195,20.5400390625,-7.0869140625,-12.6923828125
0.12,19.7392578125,-2.8828125,-16.095703125
0.1205,17.77734375,1.6015625,-18.578125
0.121,15.4951171875,4.96484375,-19.7392578125
0.1215,13.212890625,8.1279296875,-20.66015625
0.122,9.7294921875,11.3310546875,-20.5
0.1225,4.96484375,14.9345703125,-19.5390625
0.123,0.3203125,17.857421875,-18.017578125
0.1235,-4.1240234375,19.859375,-15.8154296875
0.124,-7.0869140625,20.5,-13.8134765625
0.1245,-10.2900390625,20.7001953125,-10.9306640625
0.125,-13.453125,20.419921875,-7.767578125
0.1255,-16.8564453125,19.21875,-3.283203125
0.126,-19.37890625,17.0166015625,1.361328125
0.1265,-20.6201171875,14.974609375,4.724609375
0.127,-21.30078125,12.5322265625,7.6875
0.1275,-21.140625,9.3291015625,10.810546875
0.128,-20.5400390625,5.28515625,14.333984375
0.1285,-19.4189453125,1.0810546875,17.4169921875
0.129,-17.296875,-3.4033203125,19.7392578125
0.1295,-14.7744140625,-6.56640625,20.5
0.13,-12.2119140625,-9.6494140625,20.98046875
0.1305,-8.328125,-13.1328125,20.7802734375
0.131,-3.283203125,-16.65625,19.37890625
0.1315,1.5615234375,-19.05859375,17.296875
0.132,5.3251953125,-20.6201171875,15.3349609375
0.1325,8.2880859375,-21.140625,13.1328125
0.133,11.53125,-21.140625,10.0498046875
0.1335,14.8544921875,-20.5400390625,6.3662109375
0.134,18.09765625,-19.0986328125,1.7216796875
0.1345,20.3798828125,-16.6162109375,-2.962890625
0.135,21.1005859375,-14.3740234375,-5.9658203125
0.1355,21.62109375,-11.6513671875,-9.12890625
0.136,21.30078125,-8.0478515625,-12.5322265625
0.1365,20.419921875,-3.7236328125,-15.8955078125
0.137,18.73828125,0.6005859375,-18.578125
0.1375,16.5361328125,4.724609375,-20.5
0.138,13.8935546875,7.84765625,-21.0205078125
0.1385,10.73046875,11.0107421875,-21.140625
0.139,6.486328125,14.5341796875,-20.580078125
0.1395,1.361328125,17.8974609375,-19.0185546875
0.14,-3.4833984375,19.9794921875,-16.5361328125
0.1405,-6.6865234375,20.98046875,-14.6142578125
0.141,-9.76953125,21.4208984375,-12.2119140625
0.1415,-13.052734375,20.98046875,-8.6884765625
0.142,-16.2958984375,19.9794921875,-4.64453125
0.1425,-19.1787109375,18.177734375,0.080078125
0.143,-21.1005859375,15.7353515625,4.3642578125
0.1435,-21.5009765625,13.29296875,7.20703125
0.144,-21.7412109375,10.2900390625,10.41015625
0.1445,-21.220703125,6.326171875,13.93359375
0.145,-20.1796875,1.9619140625,17.2568359375
0.1455,-18.017578125,-2.4423828125,19.4990234375
0.146,-15.85546875,-5.92578125,20.8603515625
0.1465,-13.212890625,-8.96875,21.380859375
0.147,-9.44921875,-12.2919921875,20.98046875
0.1475,-5.0849609375,-15.615234375,20.1396484375
0.148,0.1201171875,-18.73828125,18.2578125
0.1485,4.6044921875,-20.5,15.85546875
0.149,7.4072265625,-21.1005859375,13.7734375
0.1495,10.6103515625,-21.5009765625,11.2509765625
0.15,14.1337890625,-20.8603515625,7.287109375
0.1505,17.296875,-19.5791015625,3.04296875
0.151,19.7392578125,-17.537109375,-1.4013671875
0.1515,21.3408203125,-15.3349609375,-5.1650390625
0.152,21.541015625,-12.732421875,-8.0078125
0.1525,21.62109375,-9.4892578125,-11.4111328125
0.153,20.98046875,-5.4853515625,-14.7744140625
0.1535,19.7392578125,-1.0009765625,-17.9775390625
0.154,17.296875,3.443359375,-19.9794921875
0.1545,14.974609375,6.646484375,-20.8603515625
0.155,12.2919921875,9.76953125,-21.4609375
0.1555,7.6875,13.61328125,-20.8203125
0.156,3.283203125,16.7763671875,-19.7392578125
0.1565,-1.7216796875,19.37890625,-17.6171875
0.157,-5.845703125,21.0205078125,-15.4150390625
0.1575,-8.6884765625,21.220703125,-13.0126953125
0.158,-11.771484375,21.4609375,-10.41015625
0.1585,-15.4150390625,20.740234375,-6.1259765625
0.159,-18.578125,19.05859375,-1.44140625
0.1595,-20.66015625,16.6962890625,3.04296875
0.16,-21.8212890625,14.4541015625,6.3662109375
0.1605,-22.0615234375,11.5712890625,9.44921875
0.161,-21.8212890625,7.607421875,13.2529296875
0.1615,-20.9404296875,3.6435546875,16.3759765625
0.162,-19.3388671875,-1.0009765625,19.3388671875
0.1625,-16.8564453125,-5.2451171875,21.140625
0.163,-14.1337890625,-8.248046875,21.541015625
0.1635,-11.4111328125,-11.4111328125,22.0615234375
0.164,-6.24609375,-15.455078125,21.060546875
0.1645,-1.201171875,-18.578125,19.3388671875
0.165,3.5234375,-20.740234375,17.056640625
0.1655,7.2470703125,-22.1416015625,14.974609375
0.166,10.3701171875,-22.181640625,12.1318359375
0.1665,13.8134765625,-21.94140625,8.728515625
0.167,17.3369140625,-21.0205078125,4.4443359375
0.1675,20.419921875,-18.9384765625,-0.6806640625
0.168,22.1015625,-16.416015625,-4.8447265625
0.1685,22.7421875,-13.8134765625,-8.0478515625
0.169,22.9423828125,-10.810546875,-11.3310546875
0.1695,22.26171875,-6.0458984375,-15.455078125
0.17,20.98046875,-1.8017578125,-18.4580078125
0.1705,18.8984375,2.802734375,-20.8603515625
0.171,16.3759765625,6.88671875,-22.4619140625
0.1715,12.97265625,10.0498046875,-22.341796875
0.172,9.5693359375,13.453125,-22.4619140625
0.1725,4.32421875,17.4169921875,-21.3408203125
0.173,-1.3212890625,20.419921875,-19.05859375
0.1735,-5.60546875,21.94140625,-16.576171875
0.174,-9.048828125,22.90234375,-14.2939453125
0.1745,-12.4521484375,22.822265625,-11.05078125
0.175,-16.095703125,21.9814453125,-6.7666015625
0.1755,-19.2587890625,20.66015625,-2.4423828125
0.176,-21.94140625,18.2177734375,2.6826171875
0.1765,-23.22265625,15.5751953125,6.56640625
0.177,-23.302734375,12.4921875,9.76953125
0.1775,-23.462890625,9.369140625,13.052734375
0.178,-22.5419921875,4.32421875,17.216796875
0.1785,-20.740234375,-0.4404296875,20.1796875
0.179,-18.2177734375,-4.724609375,21.9013671875
0.1795,-15.7353515625,-8.48828125,23.2626953125
0.18,-12.0517578125,-11.69140625,22.90234375
0.1805,-7.6875,-15.375,22.341796875
0.181,-2.7626953125,-18.7783203125,20.98046875
0.1815,3.0029296875,-21.5009765625,18.2978515625
0.182,6.966796875,-22.7021484375,15.7353515625
0.1825,10.2099609375,-23.0625,13.1328125
0.183,13.4130859375,-23.1025390625,10.2099609375
0.1835,17.4169921875,-21.861328125,5.2451171875
0.184,20.4599609375,-20.01953125,0.48046875
0.1845,22.5419921875,-17.537109375,-4.0439453125
0.185,23.5029296875,-14.974609375,-7.6474609375
0.1855,23.2626953125,-11.53125,-10.810546875
0.186,23.0625,-7.84765625,-14.3740234375
0.1865,22.0615234375,-3.203125,-17.9775390625
0.187,19.9794921875,1.76171875,-20.8603515625
0.1875,17.13671875,5.765625,-22.1416015625
0.188,14.5341796875,9.2490234375,-23.0625
0.1885,11.05078125,12.5322265625,-22.982421875
0.189,5.60546875,16.576171875,-21.78125
0.1895,0.80078125,19.619140625,-20.2197265625
0.19,-4.3642578125,21.9013671875,-17.6572265625
0.1905,-8.087890625,22.9423828125,-15.21484375
0.191,-11.4912109375,22.90234375,-12.0517578125
0.1915,-14.6943359375,22.7822265625,-8.96875
0.192,-18.5380859375,21.4208984375,-3.8837890625
0.1925,-21.4208984375,19.05859375,1.361328125
0.193,-22.8623046875,16.576171875,5.205078125
0.1935,-23.703125,13.93359375,8.6484375
0.194,-23.3828125,10.41015625,11.8916015625
0.1945,-22.7822265625,5.92578125,15.85546875
0.195,-21.5810546875,1.521484375,19.0986328125
0.1955,-19.3388671875,-3.4833984375,21.78125
0.196,-16.4560546875,-7.3671875,22.8623046875
0.1965,-13.453125,-10.6103515625,23.1826171875
0.197,-9.849609375,-14.09375,23.1826171875
0.1975,-4.00390625,-18.177734375,21.62109375
0.198,1.3212890625,-20.98046875,19.3388671875
0.1985,5.685546875,-22.58203125,16.9365234375
0.199,9.2490234375,-23.462890625,14.5341796875
0.1995,12.8125,-23.142578125,10.8505859375
0.2,16.255859375,-22.58203125,7.046875
0.2005,19.8193359375,-21.140625,2.2421875
0.201,22.501953125,-18.4580078125,-3.203125
0.2015,23.4228515625,-15.85546875,-6.646484375
0.202,23.86328125,-12.9326171875,-10.0498046875
0.2025,23.623046875,-9.4091796875,-13.3330078125
0.203,22.6220703125,-4.4443359375,-17.376953125
0.2035,20.8603515625,0.2802734375,-20.259765625
0.204,18.41796875,4.8447265625,-22.4619140625
0.2045,15.4951171875,8.6083984375,-23.3427734375
0.205,11.69140625,12.0517578125,-23.142578125
0.2055,7.6875,15.6552734375,-22.822265625
0.206,2.08203125,19.37890625,-21.220703125
0.2065,-3.5634765625,21.9013671875,-18.337890625
0.207,-7.20703125,22.982421875,-16.015625
0.2075,-10.73046875,23.6630859375,-13.453125
0.208,-14.1337890625,23.1826171875,-9.849609375
0.2085,-17.697265625,22.0615234375,-5.28515625
0.209,-20.8603515625,20.2197265625,-0.400390625
0.2095,-23.22265625,17.4169921875,4.724609375
0.21,-23.703125,14.654296875,8.0078125
0.2105,-23.86328125,11.2509765625,11.4912109375
0.211,-23.462890625,7.447265625,14.974609375
0.2115,-22.2216796875,2.5224609375,18.73828125
0.212,-19.939453125,-2.40234375,21.30078125
0.2125,-17.376953125,-6.40625,22.822265625
0.213,-14.6142578125,-9.9697265625,23.6630859375
0.2135,-10.5703125,-13.3330078125,23.1025390625
0.214,-5.8857421875,-17.0166015625,22.181640625
0.2145,-0.48046875,-20.33984375,20.419921875
0.215,4.9248046875,-22.501953125,17.537109375
0.2155,8.16796875,-23.0625,15.0947265625
0.216,11.6513671875,-23.462890625,12.2119140625
0.2165,15.1748046875,-22.9423828125,8.408203125
0.217,18.73828125,-21.5009765625,3.5634765625
0.2175,21.5009765625,-19.2587890625,-1.361328125
0.218,23.2626953125,-16.6962890625,-5.6455078125
0.2185,23.623046875,-13.853515625,-8.8486328125
0.219,23.4228515625,-10.25,-12.3720703125
0.2195,22.7822265625,-6.1259765625,-15.775390625
0.22,21.5009765625,-1.44140625,-19.21875
0.2205,18.8984375,3.5234375,-21.541015625
0.221,16.1357421875,6.966796875,-22.4619140625
0.2215,13.4130859375,10.41015625,-23.1025390625
0.222,8.96875,14.09375,-22.58203125
0.2225,3.923828125,17.697265625,-21.220703125
0.223,-1.2412109375,20.5400390625,-19.21875
0.2235,-5.92578125,22.421875,-16.6962890625
0.224,-8.96875,22.7421875,-14.2138671875
0.2245,-12.3720703125,22.7822265625,-11.0908203125
0.225,-15.775390625,22.1416015625,-7.2470703125
0.2255,-19.21875,20.5400390625,-2.322265625
0.226,-21.62109375,17.9775390625,2.6025390625
0.2265,-22.7822265625,15.53515625,6.1259765625
0.227,-23.1826171875,12.732421875,9.369140625
0.2275,-22.8623046875,8.9287109375,12.892578125
0.228,-21.9814453125,4.6044921875,16.3759765625
0.2285,-20.5,0.0400390625,19.4990234375
0.229,-17.9775390625,-4.6845703125,21.6611328125
0.2295,-15.1748046875,-7.927734375,22.1416015625
0.23,-12.251953125,-11.2509765625,22.5419921875
0.2305,-7.767578125,-14.89453125,22.0615234375
0.231,-2.5625,-18.337890625,20.3798828125
0.2315,2.482421875,-20.66015625,18.017578125
0.232,6.3662109375,-22.1416015625,15.85546875
0.2325,9.5693359375,-22.5419921875,13.3330078125
0.233,12.9326171875,-22.3818359375,9.9296875
0.2335,16.416015625,-21.5810546875,5.8857421875
0.234,19.69921875,-19.8193359375,0.9609375
0.2345,21.9013671875,-17.1767578125,-3.84375
0.235,22.5419921875,-14.734375,-7.0068359375
0.2355,22.90234375,-11.8115234375,-10.2900390625
0.236,22.421875,-7.5673828125,-14.1337890625
0.2365,21.380859375,-3.1630859375,-17.4169921875
0.237,19.458984375,1.28125,-19.9794921875
0.2375,17.13671875,5.4853515625,-21.8212890625
0.238,14.09375,8.6884765625,-22.181640625
0.2385,10.73046875,12.091796875,-22.26171875
0.239,6.1259765625,15.8154296875,-21.5009765625
0.2395,0.6806640625,19.1787109375,-19.6591796875
0.24,-4.1640625,21.1806640625,-17.13671875
0.2405,-7.447265625,22.1015625,-15.0146484375
0.241,-10.7705078125,22.4619140625,-12.33203125
0.2415,-14.4140625,21.8212890625,-8.2080078125
0.242,-17.5771484375,20.7802734375,-4.1240234375
0.2425,-20.419921875,18.658203125,0.7607421875
0.243,-22.26171875,16.1357421875,5.0849609375
0.2435,-22.4619140625,13.373046875,8.0478515625
0.244,-22.662109375,10.2900390625,11.37109375
0.2445,-22.021484375,5.92578125,15.0546875
0.245,-20.740234375,1.361328125,18.3779296875
0.2455,-18.337890625,-3.0830078125,20.4599609375
0.246,-16.0556640625,-6.6865234375,21.78125
0.2465,-13.1728515625,-9.76953125,22.1015625
0.247,-9.0087890625,-13.3330078125,21.62109375
0.2475,-4.6044921875,-16.6162109375,20.6201171875
0.248,0.7607421875,-19.5390625,18.498046875
0.2485,5.125,-21.220703125,16.0556640625
0.249,8.0078125,-21.6611328125,13.8134765625
0.2495,11.2109375,-22.021484375,11.2509765625
0.25,14.9345703125,-21.220703125,6.966796875
0.2505,17.9775390625,-19.8193359375,2.6025390625
0.251,20.2998046875,-17.6572265625,-1.8818359375
0.2515,21.78125,-15.375,-5.525390625
0.252,21.8212890625,-12.5322265625,-8.48828125
0.2525,21.8212890625,-9.0888671875,-11.931640625
0.253,21.1005859375,-5.0849609375,-15.2548828125
0.2535,19.6591796875,-0.5205078125,-18.3779296875
0.254,17.13671875,3.763671875,-20.2197265625
0.2545,14.734375,6.88671875,-20.900390625
0.255,12.091796875,10.009765625,-21.4609375
0.2555,7.287109375,13.8935546875,-20.66015625
0.256,2.8828125,16.8564453125,-19.4189453125
0.2565,-1.9619140625,19.21875,-17.296875
0.257,-5.8056640625,20.8203125,-15.21484375
0.2575,-8.6484375,20.9404296875,-12.732421875
0.258,-11.6513671875,21.140625,-10.1298828125
0.2585,-15.2548828125,20.3798828125,-5.92578125
0.259,-18.2578125,18.578125,-1.28125
0.2595,-20.1396484375,16.2958984375,2.8828125
0.26,-21.1005859375,14.09375,6.005859375
0.2605,-21.3408203125,11.37109375,8.96875
0.261,-21.0205078125,7.287109375,12.7724609375
0.2615,-20.1796875,3.4833984375,15.6953125
0.262,-18.578125,-0.9208984375,18.498046875
0.2625,-16.3359375,-4.8447265625,20.2197265625
0.263,-13.7734375,-7.6474609375,20.5400390625
0.2635,-11.1708984375,-10.6103515625,21.060546875
0.264,-6.24609375,-14.5341796875,20.1796875
0.2645,-1.3212890625,-17.4970703125,18.41796875
0.265,2.8828125,-19.37890625,16.3759765625
0.2655,6.24609375,-20.7001953125,14.57421875
0.266,9.2490234375,-20.8603515625,11.9716796875
0.2665,12.6923828125,-20.5400390625,8.408203125
0.267,15.85546875,-19.859375,4.6044921875
0.2675,18.658203125,-17.9775390625,0.080078125
0.268,20.33984375,-15.775390625,-3.8037109375
0.2685,20.7802734375,-13.4130859375,-6.56640625
0.269,21.140625,-10.7705078125,-9.6494140625
0.2695,20.6201171875,-6.3662109375,-13.533203125
0.27,19.4990234375,-2.2822265625,-16.5361328125
0.2705,17.6171875,1.8017578125,-18.6181640625
0.271,15.5751953125,5.4853515625,-20.33984375
0.2715,12.65234375,8.4482421875,-20.419921875
0.272,9.12890625,11.8515625,-20.5
0.2725,4.7646484375,15.375,-19.779296875
0.273,-0.48046875,18.2177734375,-17.6572265625
0.2735,-4.244140625,19.779296875,-15.615234375
0.274,-7.20703125,20.5400390625,-13.7333984375
0.2745,-10.169921875,20.900390625,-11.2509765625
0.275,-13.93359375,20.1396484375,-6.966796875
0.2755,-16.81640625,18.978515625,-3.0830078125
0.276,-19.1787109375,16.9365234375,1.3212890625
0.2765,-20.580078125,14.7744140625,4.8447265625
0.277,-20.66015625,12.0517578125,7.607421875
0.2775,-20.98046875,9.12890625,10.8505859375
0.278,-20.33984375,4.8046875,14.57421875
0.2785,-18.8583984375,0.48046875,17.4970703125
0.279,-16.65625,-3.36328125,19.138671875
0.2795,-14.6943359375,-6.56640625,20.419921875
0.28,-11.8515625,-9.529296875,20.580078125
0.2805,-7.4072265625,-13.1728515625,19.939453125
0.281,-3.203125,-16.2158203125,18.9384765625
0.2815,1.7216796875,-18.6982421875,16.81640625
0.282,5.205078125,-20.0595703125,14.8544921875
0.2825,8.0478515625,-20.3798828125,12.5322265625
0.283,10.970703125,-20.7001953125,10.2099609375
0.2835,14.7744140625,-19.8193359375,5.6455078125
0.284,17.6171875,-18.1376953125,1.28125
0.2845,19.458984375,-16.17578125,-2.5625
0.285,20.6201171875,-14.09375,-5.765625
0.2855,20.580078125,-11.2509765625,-8.6083984375
0.286,20.4599609375,-7.52734375,-12.171875
0.2865,19.7392578125,-3.7236328125,-15.2548828125
0.287,18.0576171875,0.640625,-17.9775390625
0.2875,15.775390625,4.32421875,-19.37890625
0.288,13.4130859375,7.20703125,-19.939453125
0.2885,10.73046875,10.2099609375,-20.419921875
0.289,5.60546875,14.173828125,-19.37890625
0.2895,1.2412109375,16.9365234375,-17.9375
0.29,-2.962890625,18.8984375,-15.9755859375
0.2905,-6.2861328125,20.1396484375,-14.09375
0.291,-9.208984375,20.099609375,-11.37109375
0.2915,-12.251953125,19.9794921875,-8.408203125
0.292,-15.6552734375,19.138671875,-4.32421875
0.2925,-18.2578125,17.13671875,0.2802734375
0.293,-19.5791015625,15.0546875,3.5634765625
0.2935,-20.33984375,12.8525390625,6.5263671875
0.294,-20.5,10.25,9.2490234375
0.2945,-19.9794921875,5.92578125,13.1328125
0.295,-18.978515625,2.162109375,15.9755859375
0.2955,-17.1767578125,-1.9619140625,18.2578125
0.296,-15.0947265625,-5.4052734375,19.619140625
0.2965,-12.33203125,-8.16796875,19.69921875
0.297,-9.3291015625,-11.3310546875,19.939453125
0.2975,-4.4443359375,-15.0546875,18.9384765625
0.298,0.4404296875,-17.5771484375,16.896484375
0.2985,3.84375,-19.0185546875,15.0947265625
0.299,6.88671875,-20.01953125,13.29296875
0.2995,9.76953125,-20.099609375,10.73046875
0.3,13.1728515625,-19.5390625,6.966796875
0.3005,16.17578125,-18.578125,3.04296875
0.301,18.5380859375,-16.576171875,-1.3212890625
0.3015,19.5791015625,-14.5341796875,-4.3642578125
0.302,19.939453125,-12.01171875,-7.1669921875
0.3025,20.1796875,-9.2890625,-10.169921875
0.303,19.4990234375,-4.884765625,-13.9736328125
0.3035,18.09765625,-0.80078125,-16.6162109375
0.304,16.2158203125,2.8427734375,-18.2978515625
0.3045,14.2138671875,6.0859375,-19.6591796875
0.305,11.2509765625,8.96875,-19.619140625
0.3055,7.3671875,12.4521484375,-19.298828125
0.306,2.962890625,15.775390625,-18.4580078125
0.3065,-1.921875,18.177734375,-16.2158203125
0.307,-5.0048828125,19.21875,-14.4140625
0.3075,-7.927734375,19.859375,-12.33203125
0.308,-10.810546875,20.01953125,-9.849609375
0.3085,-14.3740234375,19.0185546875,-5.5654296875
0.309,-17.1767578125,17.5771484375,-1.3212890625
0.3095,-19.05859375,15.615234375,2.5224609375
0.31,-19.939453125,13.533203125,5.4853515625
0.3105,-20.01953125,10.6904296875,8.328125
0.311,-19.9794921875,7.3671875,11.69140625
0.3115,-19.298828125,3.2431640625,15.1748046875
0.312,-17.5771484375,-1.041015625,17.6572265625
0.3125,-15.455078125,-4.32421875,18.8984375
0.313,-13.453125,-7.3271484375,19.939453125
0.3135,-10.3701171875,-10.25,19.8994140625
0.314,-5.685546875,-13.93359375,19.0185546875
0.3145,-1.28125,-16.81640625,17.6171875
0.315,3.04296875,-18.8583984375,15.615234375
0.3155,6.0458984375,-19.69921875,13.7734375
0.316,9.0888671875,-19.939453125,11.1708984375
0.3165,12.251953125,-19.939453125,8.16796875
0.317,15.615234375,-18.9384765625,3.923828125
0.3175,18.177734375,-16.9765625,-0.5205078125
0.318,19.458984375,-15.0146484375,-3.7236328125
0.3185,20.2197265625,-12.8125,-6.6064453125
0.319,20.1396484375,-9.9697265625,-9.4892578125
0.3195,19.7392578125,-6.005859375,-12.97265625
0.32,18.818359375,-2.0419921875,-16.015625
0.3205,16.896484375,2.162109375,-18.337890625
0.321,14.6142578125,5.3251953125,-19.2587890625
0.3215,12.091796875,8.2880859375,-19.7392578125
0.322,8.6484375,11.6513671875,-19.779296875
0.3225,3.84375,15.21484375,-18.658203125
0.323,-0.8408203125,17.6572265625,-16.736328125
0.3235,-4.3642578125,19.21875,-14.974609375
0.324,-7.287109375,19.9794921875,-13.0126953125
0.3245,-10.25,19.8994140625,-10.25
0.325,-13.453125,19.4990234375,-6.806640625
0.3255,-16.736328125,18.177734375,-2.5224609375
0.326,-18.9384765625,16.0556640625,2.0419921875
0.3265,-19.779296875,14.013671875,4.8447265625
0.327,-20.33984375,11.5712890625,7.767578125
0.3275,-20.259765625,8.408203125,10.890625
0.328,-19.5390625,4.2041015625,14.4541015625
0.3285,-18.09765625,0.1201171875,17.13671875
0.329,-16.17578125,-3.8037109375,19.05859375
0.3295,-13.93359375,-6.806640625,19.8994140625
0.33,-11.0107421875,-9.7294921875,19.9794921875
0.3305,-7.20703125,-13.1328125,19.69921875
0.331,-2.2421875,-16.576171875,18.337890625
0.3315,2.5224609375,-18.73828125,16.0556640625
0.332,5.4853515625,-19.779296875,14.333984375
0.3325,8.5283203125,-20.5,12.171875
0.333,11.6513671875,-20.33984375,9.048828125
0.3335,14.89453125,-19.4990234375,5.125
0.334,17.857421875,-17.8974609375,0.80078125
0.3345,19.859375,-15.6953125,-3.4033203125
0.335,20.3798828125,-13.453125,-6.166015625
0.3355,20.6201171875,-10.5703125,-9.2890625
0.336,20.33984375,-7.0068359375,-12.65234375
0.3365,19.458984375,-2.7626953125,-16.015625
0.337,17.4970703125,1.5615234375,-18.2978515625
0.3375,15.455078125,4.9248046875,-19.69921875
0.338,13.052734375,8.0078125,-20.419921875
0.3385,9.529296875,11.2509765625,-20.1796875
0.339,5.2451171875,14.57421875,-19.458984375
0.3395,0.3603515625,17.697265625,-17.857421875
0.34,-4.1640625,19.5791015625,-15.53515625
0.3405,-6.88671875,20.1396484375,-13.61328125
0.341,-9.9697265625,20.580078125,-11.2509765625
0.3415,-13.3330078125,20.1396484375,-7.607421875
0.342,-16.49609375,18.978515625,-3.36328125
0.3425,-18.8984375,17.0166015625,0.9609375
0.343,-20.5,14.89453125,4.6044921875
0.3435,-20.8203125,12.4921875,7.4072265625
0.344,-20.900390625,9.3291015625,10.6103515625
0.3445,-20.3798828125,5.525390625,13.93359375
0.345,-19.21875,1.12109375,17.216796875
0.3455,-16.9765625,-3.2431640625,19.2587890625
0.346,-14.7744140625,-6.2861328125,20.1396484375
0.3465,-12.2919921875,-9.2890625,20.7802734375
0.347,-8.087890625,-12.8525390625,20.2998046875
0.3475,-3.6435546875,-16.015625,19.138671875
0.348,1.12109375,-18.5380859375,17.216796875
0.3485,5.1650390625,-20.2998046875,15.134765625
0.349,7.8876953125,-20.66015625,12.9326171875
0.3495,10.970703125,-20.8603515625,10.2900390625
0.35,14.5341796875,-20.259765625,6.3662109375
0.3505,17.6572265625,-18.73828125,1.841796875
0.351,19.8193359375,-16.5361328125,-2.5625
0.3515,20.8603515625,-14.4140625,-5.685546875
0.352,21.1806640625,-11.7314453125,-8.6484375
0.3525,20.98046875,-7.9677734375,-12.251953125
0.353,20.1796875,-4.083984375,-15.375
0.3535,18.6181640625,0.2802734375,-18.1376953125
0.354,16.3359375,4.4443359375,-20.01953125
0.3545,13.7333984375,7.3671875,-20.419921875
0.355,11.05078125,10.3701171875,-20.8603515625
0.3555,6.40625,14.2138671875,-20.1396484375
0.356,1.5615234375,17.296875,-18.6181640625
0.3565,-2.962890625,19.3388671875,-16.416015625
0.357,-6.40625,20.7001953125,-14.57421875
0.3575,-9.3291015625,20.8603515625,-12.0517578125
0.358,-12.6123046875,20.7001953125,-8.8486328125
0.3585,-15.8955078125,19.8994140625,-4.8447265625
0.359,-18.9384765625,17.9775390625,0.0
0.3595,-20.740234375,15.6953125,4.083984375
0.36,-21.2607421875,13.3330078125,6.966796875
0.3605,-21.62109375,10.5302734375,10.08984375
0.361,-21.1005859375,6.2060546875,13.93359375
0.3615,-20.01953125,2.162109375,16.9365234375
0.362,-18.09765625,-2.08203125,19.21875
0.3625,-15.935546875,-5.8857421875,20.9404296875
0.363,-13.052734375,-8.80859375,20.98046875
0.3635,-9.76953125,-12.01171875,21.060546875
0.364,-5.125,-15.6552734375,20.1796875
0.3645,0.240234375,-18.73828125,18.177734375
0.365,4.404296875,-20.3798828125,15.85546875
0.3655,7.4873046875,-21.220703125,13.8935546875
0.366,10.650390625,-21.4609375,11.2109375
0.3665,14.2138671875,-20.740234375,7.0869140625
0.367,17.296875,-19.6591796875,3.1630859375
0.3675,19.859375,-17.5771484375,-1.4814453125
0.368,21.4208984375,-15.294921875,-5.28515625
0.3685,21.5009765625,-12.5322265625,-8.16796875
0.369,21.7412109375,-9.6494140625,-11.3310546875
0.3695,21.060546875,-5.1650390625,-15.0947265625
0.37,19.5390625,-0.720703125,-18.1376953125
0.3705,17.216796875,3.443359375,-19.8994140625
0.371,15.0546875,6.88671875,-21.1806640625
0.3715,11.9716796875,9.9697265625,-21.30078125
0.372,7.6474609375,13.61328125,-20.7802734375
0.3725,3.36328125,16.7763671875,-19.8193359375
0.373,-1.9619140625,19.4990234375,-17.4970703125
0.3735,-5.92578125,20.900390625,-15.2548828125
0.374,-8.7685546875,21.2607421875,-12.892578125
0.3745,-11.771484375,21.62109375,-10.4501953125
0.375,-15.5751953125,20.5400390625,-5.845703125
0.3755,-18.4580078125,18.8984375,-1.4013671875
0.376,-20.5,16.65625,2.8828125
0.3765,-21.7412109375,14.3740234375,6.326171875
0.377,-21.62109375,11.37109375,9.2490234375
0.3775,-21.5009765625,7.7275390625,12.7724609375
0.378,-20.7001953125,3.603515625,16.17578125
0.3785,-18.978515625,-1.0810546875,19.0986328125
0.379,-16.4560546875,-5.0048828125,20.5
0.3795,-14.1337890625,-8.0078125,21.2607421875
0.38,-11.37109375,-11.05078125,21.62109375
0.3805,-6.1259765625,-15.0146484375,20.5
0.381,-1.6015625,-17.8974609375,19.05859375
0.3815,3.1630859375,-20.1796875,16.81640625
0.382,6.7666015625,-21.4208984375,14.734375
0.3825,9.8095703125,-21.380859375,11.9716796875
0.383,12.97265625,-21.4609375,9.0087890625
0.3835,16.65625,-20.4599609375,4.5244140625
0.384,19.4990234375,-18.41796875,-0.3603515625
0.3845,21.1005859375,-16.17578125,-4.083984375
0.385,21.9013671875,-13.8134765625,-7.287109375
0.3855,21.9013671875,-10.810546875,-10.25
0.386,21.380859375,-6.40625,-14.2138671875
0.3865,20.33984375,-2.40234375,-17.1767578125
0.387,18.41796875,2.162109375,-19.7392578125
0.3875,15.8955078125,6.005859375,-21.140625
0.388,12.9326171875,9.0087890625,-21.2607421875
0.3885,9.8896484375,12.251953125,-21.62109375
0.389,4.484375,16.2958984375,-20.4599609375
0.3895,-0.6005859375,19.0986328125,-18.41796875
0.39,-4.6044921875,20.740234375,-16.2958984375
0.3905,-8.0078125,21.8212890625,-14.25390625
0.391,-11.2509765625,21.701171875,-11.05078125
0.3915,-14.6943359375,21.140625,-7.287109375
0.392,-17.9775390625,20.01953125,-3.0029296875
0.3925,-20.66015625,17.6572265625,2.0419921875
0.393,-21.8212890625,15.294921875,5.5654296875
0.3935,-22.26171875,12.6123046875,8.6484375
0.394,-22.3818359375,9.609375,11.69140625
0.3945,-21.541015625,4.7646484375,15.85546875
0.395,-20.01953125,0.3603515625,18.6982421875
0.3955,-17.8173828125,-3.923828125,20.7802734375
0.396,-15.4150390625,-7.607421875,22.1015625
0.3965,-11.8916015625,-10.8505859375,21.9013671875
0.397,-8.1279296875,-14.3740234375,21.7412109375
0.3975,-2.9228515625,-18.017578125,20.4599609375
0.398,2.5625,-20.580078125,17.857421875
0.3985,6.2060546875,-21.78125,15.6552734375
0.399,9.529296875,-22.501953125,13.29296875
0.3995,12.7724609375,-22.421875,10.2099609375
0.4,16.6162109375,-21.380859375,5.4853515625
0.4005,19.779296875,-19.7392578125,0.880859375
0.401,22.0615234375,-17.296875,-3.923828125
0.4015,22.90234375,-14.734375,-7.287109375
0.402,22.90234375,-11.4111328125,-10.650390625
0.4025,22.7421875,-7.8876953125,-14.0537109375
0.403,21.7412109375,-3.0830078125,-17.857421875
0.4035,19.5791015625,1.8017578125,-20.5400390625
0.404,17.0166015625,5.7255859375,-21.94140625
0.4045,14.4140625,9.208984375,-23.0224609375
0.405,10.5302734375,12.6123046875,-22.7021484375
0.4055,5.6455078125,16.4560546875,-21.701171875
0.406,0.6005859375,19.8193359375,-20.1796875
0.4065,-4.8447265625,22.1015625,-17.376953125
0.407,-8.2080078125,22.7822265625,-14.974609375
0.4075,-11.611328125,23.0625,-12.0517578125
0.408,-15.0146484375,22.7021484375,-8.5283203125
0.4085,-18.658203125,21.1806640625,-3.5234375
0.409,-21.5009765625,18.9384765625,1.5615234375
0.4095,-23.142578125,16.3759765625,5.7255859375
0.41,-23.703125,13.5732421875,9.048828125
0.4105,-23.3828125,9.849609375,12.5322265625
0.411,-22.7822265625,5.685546875,16.0556640625
0.4115,-21.5009765625,1.041015625,19.4990234375
0.412,-18.978515625,-4.00390625,22.021484375
0.4125,-16.17578125,-7.607421875,22.7822265625
0.413,-13.4130859375,-10.890625,23.4228515625
0.4135,-9.208984375,-14.494140625,22.90234375
0.414,-3.8037109375,-18.1376953125,21.4208984375
0.4145,1.361328125,-20.900390625,19.298828125
0.415,6.0859375,-22.7421875,16.736328125
0.4155,9.2490234375,-23.1826171875,14.2138671875
0.416,12.8125,-23.0625,10.810546875
0.4165,16.17578125,-22.4619140625,7.046875
0.417,19.69921875,-20.8203125,2.0419921875
0.4175,22.2216796875,-18.2177734375,-3.1630859375
0.418,23.2626953125,-15.6953125,-6.6064453125
0.4185,23.6630859375,-12.8125,-9.9697265625
0.419,23.302734375,-9.0087890625,-13.4130859375
0.4195,22.341796875,-4.484375,-17.0166015625
0.42,20.740234375,0.1201171875,-20.01953125
0.4205,18.177734375,4.8447265625,-22.26171875
0.421,15.21484375,8.2880859375,-22.7822265625
0.4215,12.01171875,11.6513671875,-23.0625
0.422,7.6474609375,15.455078125,-22.5419921875
0.4225,2.162109375,19.0185546875,-20.8603515625
0.423,-3.0830078125,21.380859375,-18.2978515625
0.4235,-6.966796875,22.7421875,-16.0556640625
0.424,-10.25,23.1826171875,-13.453125
0.4245,-13.7333984375,22.822265625,-9.849609375
0.425,-17.216796875,21.9013671875,-5.6455078125
0.4255,-20.5,20.01953125,-0.6005859375
0.426,-22.7421875,17.296875,4.484375
0.4265,-23.3427734375,14.57421875,7.6474609375
0.427,-23.6630859375,11.53125,11.05078125
0.4275,-23.142578125,7.287109375,14.8544921875
0.428,-21.9814453125,2.642578125,18.3779296875
0.4285,-19.939453125,-2.0419921875,20.9404296875
0.429,-17.4970703125,-6.326171875,22.7822265625
0.4295,-14.494140625,-9.6494140625,23.1826171875
0.43,-10.8505859375,-12.97265625,23.0625
0.4305,-6.166015625,-16.6962890625,22.26171875
0.431,-0.5205078125,-20.1796875,20.2998046875
0.4315,4.6044921875,-22.26171875,17.537109375
0.432,7.9677734375,-23.0625,15.294921875
0.4325,11.4912109375,-23.462890625,12.4521484375
0.433,15.2548828125,-22.7822265625,8.2080078125
0.4335,18.6181640625,-21.62109375,3.8037109375
0.434,21.62109375,-19.458984375,-1.28125
0.4345,23.54296875,-16.81640625,-5.8056640625
0.435,23.7431640625,-13.853515625,-8.96875
0.4355,23.943359375,-10.4501953125,-12.5322265625
0.436,23.1826171875,-6.0458984375,-16.3759765625
0.4365,21.78125,-1.2412109375,-19.8193359375
0.437,19.21875,3.5234375,-21.94140625
0.4375,16.65625,7.3671875,-23.302734375
0.438,13.453125,10.8505859375,-23.6630859375
0.4385,8.80859375,14.7744140625,-23.0224609375
0.439,4.1240234375,18.177734375,-21.94140625
0.4395,-1.6015625,21.30078125,-19.619140625
0.44,-6.40625,23.0625,-16.896484375
0.4405,-9.4892578125,23.3427734375,-14.2939453125
0.441,-13.0126953125,23.6630859375,-11.3310546875
0.4415,-16.896484375,22.6220703125,-6.6865234375
0.442,-20.0595703125,20.9404296875,-1.8818359375
0.4425,-22.501953125,18.41796875,3.0830078125
0.443,-24.0234375,15.775390625,7.0869140625
0.4435,-23.943359375,12.5322265625,10.2900390625
0.444,-23.783203125,8.6884765625,14.0537109375
0.4445,-22.8623046875,4.2841796875,17.5771484375
0.445,-21.140625,-0.80078125,20.8603515625
0.4455,-18.2177734375,-5.4453125,22.6220703125
0.446,-15.53515625,-8.6884765625,23.3427734375
0.4465,-12.4521484375,-12.091796875,23.6630859375
0.447,-7.126953125,-16.1357421875,22.58203125
0.4475,-2.2822265625,-19.21875,20.98046875
0.448,3.0029296875,-21.6611328125,18.498046875
0.4485,7.287109375,-23.142578125,16.015625
0.449,10.3701171875,-23.1025390625,13.1328125
0.4495,13.6533203125,-23.1826171875,10.08984375
0.45,17.4169921875,-22.1015625,5.4853515625
0.4505,20.580078125,-20.0595703125,0.3603515625
0.451,22.5419921875,-17.45703125,-4.1640625
0.4515,23.4228515625,-14.89453125,-7.607421875
0.452,23.5029296875,-11.7314453125,-10.8505859375
0.4525,22.982421875,-7.2470703125,-14.89453125
0.453,21.861328125,-3.1630859375,-17.9775390625
0.4535,19.9794921875,1.6015625,-20.8203125
0.454,17.2568359375,6.005859375,-22.501953125
0.4545,14.173828125,9.12890625,-22.6220703125
0.455,11.2109375,12.412109375,-23.0224609375
0.4555,5.765625,16.5361328125,-21.861328125
0.456,0.560546875,19.619140625,-19.8994140625
0.4565,-4.1240234375,21.5009765625,-17.4970703125
0.457,-7.767578125,22.7421875,-15.3349609375
0.4575,-10.970703125,22.7021484375,-12.2919921875
0.458,-14.57421875,22.181640625,-8.3681640625
0.4585,-17.857421875,21.1806640625,-4.2841796875
0.459,-20.8203125,18.9384765625,0.880859375
0.4595,-22.4619140625,16.3759765625,5.044921875
0.46,-22.8623046875,13.6533203125,8.1279296875
0.4605,-23.1025390625,10.650390625,11.4111328125
0.461,-22.421875,5.8056640625,15.53515625
0.4615,-21.060546875,1.44140625,18.5380859375
0.462,-18.8583984375,-2.9228515625,20.8203125
0.4625,-16.5361328125,-6.88671875,22.4619140625
0.463,-13.29296875,-9.9697265625,22.341796875
0.4635,-9.529296875,-13.453125,22.26171875
0.464,-4.6845703125,-17.0966796875,21.220703125
0.4645,0.9208984375,-20.01953125,18.8984375
0.465,5.0849609375,-21.62109375,16.49609375
0.4655,8.328125,-22.3818359375,14.25390625
0.466,11.611328125,-22.58203125,11.4912109375
0.4665,15.53515625,-21.7412109375,6.8466796875
0.467,18.578125,-20.4599609375,2.6025390625
0.4675,21.1806640625,-18.2177734375,-2.162109375
0.468,22.58203125,-15.775390625,-5.92578125
0.4685,22.58203125,-12.8125,-8.96875
0.469,22.7421875,-9.5693359375,-12.412109375
0.4695,21.94140625,-4.9248046875,-16.3359375
0.47,20.259765625,-0.16015625,-19.2587890625
0.4705,17.7373046875,4.00390625,-20.98046875
0.471,15.4150390625,7.607421875,-22.3017578125
0.4715,12.091796875,10.8505859375,-22.26171875
0.472,7.20703125,14.814453125,-21.541015625
0.4725,2.8427734375,17.9375,-20.4599609375
0.473,-2.5625,20.580078125,-18.017578125
0.4735,-6.40625,21.861328125,-15.6953125
0.474,-9.4892578125,22.1015625,-13.052734375
0.4745,-12.6923828125,22.341796875,-10.3701171875
0.475,-16.6962890625,21.140625,-5.4052734375
0.4755,-19.5791015625,19.21875,-0.640625
0.476,-21.5009765625,16.9365234375,3.5234375
0.4765,-22.5419921875,14.57421875,6.966796875
0.477,-22.3818359375,11.291015625,9.9697265625
0.4775,-22.1015625,7.287109375,13.7734375
0.478,-21.220703125,3.1630859375,17.13671875
0.4785,-19.3388671875,-1.6015625,19.8994140625
0.479,-16.6962890625,-5.4853515625,21.2607421875
0.4795,-14.173828125,-8.6083984375,21.9013671875
0.48,-11.2109375,-11.69140625,22.1015625
0.4805,-5.7255859375,-15.7353515625,20.8203125
0.481,-1.0009765625,-18.578125,19.138671875
0.4815,3.5634765625,-20.580078125,16.9365234375
0.482,7.0869140625,-21.7412109375,14.7744140625
0.4825,10.2099609375,-21.62109375,11.8115234375
0.483,13.453125,-21.4208984375,8.568359375
0.4835,16.9765625,-20.419921875,4.1640625
0.484,19.7392578125,-18.2578125,-0.720703125
0.4845,21.1005859375,-16.0556640625,-4.244140625
0.485,21.8212890625,-13.61328125,-7.3671875
0.4855,21.8212890625,-10.7705078125,-10.2900390625
0.486,21.220703125,-6.1259765625,-14.2939453125
0.4865,20.099609375,-2.2021484375,-17.13671875
0.487,18.1376953125,2.162109375,-19.4990234375
0.4875,15.7353515625,5.8056640625,-20.8203125
0.488,12.732421875,8.80859375,-20.8203125
0.4885,9.44921875,12.171875,-21.0205078125
0.489,4.404296875,15.9755859375,-19.939453125
0.4895,-0.640625,18.5380859375,-17.77734375
0.49,-4.32421875,20.01953125,-15.775390625
0.4905,-7.52734375,21.0205078125,-13.8134765625
0.491,-10.5302734375,20.9404296875,-10.970703125
0.4915,-13.9736328125,20.33984375,-7.0869140625
0.492,-17.0966796875,19.21875,-3.04296875
0.4925,-19.4990234375,16.9365234375,1.5615234375
0.493,-20.580078125,14.814453125,4.8046875
0.4935,-20.8603515625,12.2119140625,7.6474609375
0.494,-21.140625,9.44921875,10.73046875
0.4945,-20.4599609375,4.884765625,14.654296875
0.495,-18.9384765625,0.6806640625,17.3369140625
0.4955,-16.896484375,-3.203125,19.1787109375
0.496,-14.8544921875,-6.56640625,20.5400390625
0.4965,-11.7314453125,-9.44921875,20.419921875
0.497,-7.84765625,-12.97265625,20.1396484375
0.4975,-3.2431640625,-16.3759765625,19.0986328125
0.498,1.76171875,-18.7783203125,16.7763671875
0.4985,5.044921875,-19.939453125,14.9345703125
0.499,8.16796875,-20.66015625,12.7724609375
0.4995,11.0908203125,-20.7802734375,10.169921875
0.5,14.8544921875,-19.8994140625,5.685546875
0.5005,17.7373046875,-18.4580078125,1.4013671875
0.501,19.69921875,-16.416015625,-2.5625
0.5015,20.66015625,-14.25390625,-5.685546875
0.502,20.66015625,-11.37109375,-8.6484375
0.5025,20.6201171875,-7.8876953125,-12.0517578125
0.503,19.9794921875,-3.7236328125,-15.53515625
0.5035,18.1376953125,0.7607421875,-18.177734375
0.504,15.935546875,4.244140625,-19.4990234375
0.5045,13.7734375,7.447265625,-20.5400390625
0.505,10.5302734375,10.5703125,-20.5
0.5055,5.7255859375,14.3740234375,-19.619140625
0.506,1.201171875,17.376953125,-18.2978515625
0.5065,-3.36328125,19.458984375,-16.17578125
0.507,-6.4462890625,20.33984375,-14.2138671875
0.5075,-9.5693359375,20.580078125,-11.53125
0.508,-12.6923828125,20.4599609375,-8.48828125
0.5085,-16.17578125,19.3388671875,-4.083984375
0.509,-18.7783203125,17.3369140625,0.48046875
0.5095,-20.1396484375,15.294921875,3.84375
0.51,-20.900390625,13.052734375,6.88671875
0.5105,-20.8203125,10.009765625,9.8896484375
0.511,-20.3798828125,6.005859375,13.453125
0.5115,-19.458984375,1.921875,16.65625
0.512,-17.45703125,-2.4423828125,18.978515625
0.5125,-15.0947265625,-5.685546875,19.8994140625
0.513,-12.65234375,-8.6884765625,20.4599609375
0.5135,-9.12890625,-12.01171875,20.419921875
0.514,-4.1240234375,-15.6552734375,19.21875
0.5145,0.6005859375,-18.1376953125,17.296875
0.515,4.32421875,-19.7392578125,15.375
0.5155,7.3271484375,-20.5,13.4130859375
0.516,10.3701171875,-20.5,10.5302734375
0.5165,13.693359375,-20.1796875,7.046875
0.517,16.896484375,-18.9384765625,2.72265625
0.5175,19.2587890625,-16.6962890625,-1.8818359375
0.518,20.1396484375,-14.57421875,-4.7646484375
0.5185,20.6201171875,-12.171875,-7.7275390625
0.519,20.5,-8.96875,-10.8505859375
0.5195,19.8193359375,-4.6845703125,-14.3740234375
0.52,18.41796875,-0.6806640625,-17.0166015625
0.5205,16.4560546875,3.203125,-18.9384765625
0.521,14.09375,6.3662109375,-19.8193359375
0.5215,11.2109375,9.2890625,-19.8994140625
0.522,7.3671875,12.7724609375,-19.69921875
0.5225,2.6025390625,16.17578125,-18.4580078125
0.523,-2.1220703125,18.337890625,-16.17578125
0.5235,-5.125,19.458984375,-14.494140625
0.524,-8.16796875,20.1396484375,-12.412109375
0.5245,-11.1708984375,19.9794921875,-9.44921875
0.525,-14.494140625,19.21875,-5.525390625
0.5255,-17.2568359375,17.7373046875,-1.361328125
0.526,-19.2587890625,15.615234375,2.7626953125
0.5265,-19.859375,13.453125,5.4453125
0.527,-20.1396484375,10.810546875,8.328125
0.5275,-19.939453125,7.3671875,11.6513671875
0.528,-19.1787109375,3.203125,15.0546875
0.5285,-17.3369140625,-0.9609375,17.4169921875
0.529,-15.4951171875,-4.244140625,18.8583984375
0.5295,-13.3330078125,-7.20703125,19.779296875
0.53,-10.1298828125,-10.169921875,19.5791015625
0.5305,-6.0458984375,-13.533203125,18.978515625
0.531,-1.3212890625,-16.65625,17.5771484375
0.5315,3.04296875,-18.6181640625,15.4150390625
0.532,5.7255859375,-19.37890625,13.693359375
0.5325,8.7685546875,-19.9794921875,11.451171875
0.533,12.01171875,-19.7392578125,8.16796875
0.5335,15.2548828125,-18.73828125,4.1240234375
0.534,17.7373046875,-16.9765625,0.0
0.5345,19.3388671875,-15.0546875,-3.5234375
0.535,19.859375,-12.8125,-6.2861328125
0.5355,19.9794921875,-9.9697265625,-9.2890625
0.536,19.5791015625,-6.2861328125,-12.572265625
0.5365,18.6982421875,-2.162109375,-15.85546875
0.537,16.65625,2.0419921875,-18.017578125
0.5375,14.57421875,5.0849609375,-18.978515625
0.538,12.2919921875,8.087890625,-19.779296875
0.5385,8.408203125,11.611328125,-19.4990234375
0.539,4.1240234375,14.8544921875,-18.578125
0.5395,-0.48046875,17.4169921875,-16.8564453125
0.54,-4.3642578125,19.1787109375,-14.9345703125
0.5405,-7.0869140625,19.6591796875,-12.9326171875
0.541,-10.0498046875,19.8994140625,-10.490234375
0.5415,-13.4130859375,19.4990234375,-6.9267578125
0.542,-16.5361328125,18.177734375,-2.5224609375
0.5425,-18.6982421875,16.095703125,1.76171875
0.543,-19.4189453125,12.732421875,5.8056640625
0.5435,-16.896484375,4.8046875,11.2109375
0.544,-10.6103515625,-0.5205078125,10.25
0.5445,-5.3251953125,-4.5244140625,9.0888671875
0.545,-0.9609375,-7.7275390625,8.0478515625
0.5455,1.6015625,-9.208984375,7.1669921875
0.546,1.4013671875,-8.087890625,6.3662109375
0.5465,1.2412109375,-7.126953125,5.6455078125
0.547,1.12109375,-6.326171875,4.96484375
0.5475,0.9609375,-5.60546875,4.4443359375
0.548,0.8408203125,-4.9248046875,3.923828125
0.5485,0.720703125,-4.404296875,3.4833984375
0.549,0.640625,-3.8837890625,3.0830078125
0.5495,0.6005859375,-3.4833984375,2.72265625
0.55,0.48046875,-3.04296875,2.40234375
0.5505,0.4404296875,-2.642578125,2.162109375
0.551,0.3603515625,-2.3623046875,1.921875
0.5515,0.3603515625,-2.08203125,1.7216796875
0.552,0.2802734375,-1.8818359375,1.521484375
0.5525,0.2802734375,-1.6416015625,1.3212890625
0.553,0.240234375,-1.44140625,1.201171875
0.5535,0.240234375,-1.28125,1.0810546875
0.554,0.2001953125,-1.1611328125,0.9609375
0.5545,0.16015625,-1.0009765625,0.80078125
0.555,0.16015625,-0.9208984375,0.720703125
0.5555,0.16015625,-0.80078125,0.640625
0.556,0.1201171875,-0.720703125,0.6005859375
0.5565,0.1201171875,-0.6806640625,0.48046875
0.557,0.080078125,-0.640625,0.4404296875
0.5575,0.1201171875,-0.5205078125,0.400390625
0.558,0.080078125,-0.48046875,0.3603515625
0.5585,0.0400390625,-0.400390625,0.3203125
0.559,0.0400390625,-0.3603515625,0.2802734375
0.5595,0.0400390625,-0.3203125,0.2802734375
0.56,0.0,-0.3203125,0.240234375
0.5605,0.0400390625,-0.2802734375,0.2001953125
0.561,0.0,-0.2001953125,0.240234375
0.5615,0.0,-0.2001953125,0.16015625
0.562,0.0,-0.16015625,0.16015625
0.5625,0.0,-0.16015625,0.1201171875
0.563,0.0,-0.16015625,0.16015625
0.5635,0.0,-0.16015625,0.16015625
0.564,0.0,-0.16015625,0.1201171875
0.5645,0.0,-0.16015625,0.1201171875
0.565,0.0,-0.16015625,0.1201171875
0.5655,0.0,0.0,0.1201171875
0.566,0.0,0.0,0.080078125
0.5665,0.0,0.0,0.1201171875
0.567,0.0,0.0,0.080078125
0.5675,0.0,0.0,0.0400390625
0.568,0.0,0.0,0.080078125
0.5685,0.0,0.0,0.080078125
0.569,0.0,0.0,0.0400390625
0.5695,0.0,0.0,0.0400390625
0.57,0.0,0.0,0.0400390625
0.5705,0.0,0.0,0.0400390625
0.571,0.0,0.0,0.0400390625
0.5715,0.0400390625,0.0,0.0400390625
0.572,0.0400390625,0.0,0.0
0.5725,0.0,-0.1201171875,0.0400390625
0.573,0.0,0.0,0.0400390625
0.5735,0.0400390625,0.0,0.0
0.574,0.0,0.0,0.0
0.5745,0.0,0.0,0.0400390625
0.575,0.0,0.0,0.0400390625
0.5755,0.0400390625,0.0,0.0
0.576,0.0,0.0,0.0
0.5765,0.0,0.0,0.0400390625
0.577,0.0,0.0,0.0
0.5775,0.0,0.0,0.0
0.578,0.0,0.0,0.0400390625
0.5785,0.0,0.0,0.0400390625
0.579,0.0,0.0,0.0400390625
0.5795,0.0,0.0,0.0400390625
0.58,0.0,0.0,0.0400390625
0.5805,0.0,-0.1201171875,0.0
0.581,0.0,0.0,0.0400390625
0.5815,0.0,0.0400390625,0.0400390625
0.582,0.0,0.0,0.0400390625
0.5825,0.0,0.0,0.0400390625
0.583,0.0,0.0,0.0400390625
0.5835,0.0,0.0,0.0400390625
0.584,0.0,0.0,0.0400390625
0.5845,0.0,0.0,0.0400390625
0.585,0.0,0.0,0.0
0.5855,0.0,0.0,0.0400390625
0.586,0.0,0.0,0.0400390625
0.5865,0.0,0.0,0.0400390625
0.587,0.0,0.0,0.0
0.5875,0.0,0.0,0.0400390625
0.588,0.0,0.0,0.0400390625
0.5885,0.0400390625,0.0,0.0
0.589,0.0,0.0,0.0
0.5895,0.0400390625,0.0,0.0
0.59,0.0,0.0,0.0
0.5905,0.0,0.0,0.0
0.591,0.0,0.0,0.0
0.5915,0.0,0.0,0.0400390625
0.592,0.0,0.0,0.0
0.5925,0.0,0.0,0.0400390625
0.593,0.0,0.0,0.0400390625
0.5935,0.0,0.0,0.0
0.594,0.0,0.0,0.0
0.5945,0.0,0.0,0.0400390625
0.595,0.0,0.0,0.0
0.5955,0.0,0.0,0.0400390625
0.596,0.1201171875,0.0,0.0
0.5965,0.0,-0.16015625,0.0400390625
0.597,0.0,0.0,0.0400390625
0.5975,0.0,0.0,0.0400390625
0.598,0.0,0.0,0.0400390625
0.5985,0.0,0.0,0.0400390625
0.599,0.0,0.0,0.0400390625
0.5995,0.0,0.0,0.0400390625
0.6,0.0,0.0,0.0400390625
0.6005,0.0,0.0,0.0400390625
0.601,0.0,0.0,0.0400390625
0.6015,0.0,0.0,0.0400390625
0.602,0.0,0.0,0.0400390625
0.6025,0.0,0.0,0.0400390625
0.603,0.0,0.0,0.0400390625
0.6035,0.0,0.0,0.0400390625
0.604,0.0400390625,0.0400390625,0.080078125
0.6045,0.0,0.0,0.0400390625
0.605,0.0,0.0,0.0400390625
0.6055,0.0400390625,0.0,0.0
0.606,0.0,0.0,0.0400390625
0.6065,0.0,0.0,0.0400390625
0.607,0.0,0.0,0.0
0.6075,0.0,0.0,0.0
0.608,0.0,0.0,0.0
0.6085,0.0,0.0,0.0
0.609,0.0,0.0,0.0
0.6095,0.0,0.0,0.0
0.61,0.0,0.0,0.0400390625
0.6105,0.0,0.0,0.0400390625
0.611,0.0,0.0,0.0
0.6115,0.0,0.0,0.0400390625
0.612,0.0400390625,0.0,0.0400390625
0.6125,0.0,0.0,0.0400390625
0.613,0.1201171875,0.0,0.0
0.6135,0.0,0.0,0.0400390625
0.614,0.0,0.0,0.0400390625
0.6145,0.0,0.0,0.0400390625
0.615,0.0,0.0,0.0400390625
0.6155,0.0,0.0,0.080078125
0.616,0.0,0.0,0.0400390625
0.6165,0.0,0.0,0.0400390625
0.617,0.0,0.0,0.0400390625
0.6175,0.0,0.0,0.0400390625
0.618,0.0,0.0,0.0400390625
0.6185,0.0,0.0,0.0400390625
0.619,0.0,0.0,0.0400390625
0.6195,0.0,0.0,0.0400390625
0.62,0.0,0.0,0.0400390625
0.6205,0.0,-0.16015625,0.0400390625
0.621,0.1201171875,0.0,0.0
0.6215,0.0,0.0,0.0400390625
0.622,0.0,0.0,0.0400390625
0.6225,0.0,0.0,0.0400390625
0.623,0.0,0.0,0.0
0.6235,0.0,0.0,0.0
0.624,0.0,0.0,0.0
0.6245,0.0,0.0,0.0400390625
0.625,0.0,0.0,0.0
0.6255,0.0,0.0,0.0
0.626,0.0,0.0,0.0400390625
0.6265,0.0,0.0,0.0400390625
0.627,0.0,0.0,0.0400390625
0.6275,0.0,0.0,0.0400390625
0.628,0.0,0.0,0.0400390625
0.6285,0.0,0.0,0.0
0.629,0.0,0.0,0.0
0.6295,0.0,0.0,0.0400390625
0.63,0.0,0.0,0.0400390625
0.6305,0.0,0.0,0.0400390625
0.631,0.0,0.0,0.0400390625
0.6315,0.0,0.0,0.0400390625
0.632,0.0,0.0,0.0400390625
0.6325,0.0,0.0,0.0400390625
0.633,0.0,0.0,0.0400390625
0.6335,0.0,0.0,0.0400390625
0.634,0.0,0.0,0.0400390625
0.6345,0.0,0.0,0.0400390625
0.635,0.0,0.0,0.0400390625
0.6355,0.0,0.0,0.0400390625
0.636,0.0,-0.16015625,0.0400390625
0.6365,0.0,0.0,0.0400390625
0.637,0.0,-0.16015625,0.0400390625
0.6375,0.0,0.0,0.0400390625
0.638,0.0,0.0,0.0400390625
0.6385,0.0,0.0,0.0400390625
0.639,0.0,0.0,0.0400390625
0.6395,0.0400390625,0.0,0.0
0.64,0.0400390625,0.0,0.0400390625
0.6405,0.0400390625,0.0,0.0400390625
0.641,0.0,0.0,0.0400390625
0.6415,0.0,0.0,0.0
0.642,0.0,0.0,0.0
0.6425,0.0,0.0,0.0400390625
0.643,0.0,0.0,0.0
0.6435,0.0,0.0,0.0
0.644,0.0,-0.16015625,0.0
0.6445,0.0,-0.16015625,0.0400390625
0.645,0.0,-0.16015625,0.0
0.6455,0.0,0.0,0.0
0.646,0.0,0.0,0.0400390625
0.6465,0.0,0.0,0.0400390625
0.647,0.0,0.0,0.0400390625
0.6475,0.0,0.0,0.0400390625
0.648,0.0,0.0,0.0400390625
0.6485,0.0,0.0,0.0400390625
0.649,0.0,0.0,0.0400390625
0.6495,0.0,0.0,0.0400390625
0.65,0.0,0.0,0.0400390625
0.6505,0.0,0.0,0.0400390625
0.651,0.0,0.0,0.0400390625
0.6515,0.0,0.0,0.0400390625
0.652,0.0,-0.16015625,0.0400390625
0.6525,0.0,0.0,0.0400390625
0.653,0.0,-0.16015625,0.0
0.6535,0.0,0.0,0.0400390625
0.654,0.0,0.0,0.0400390625
0.6545,0.0,-0.16015625,0.0
0.655,0.0,0.0,0.0400390625
0.6555,0.0,0.0,0.0400390625
0.656,0.0,0.0,0.0
0.6565,0.0,0.0,0.0400390625
0.657,0.0,0.0,0.0400390625
0.6575,0.0,0.0,0.0
0.658,0.0,0.0,0.0
0.6585,0.0,0.0,0.0400390625
0.659,0.0,0.0,0.0400390625
0.6595,0.0,0.0,0.0
0.66,0.0,0.0,0.0400390625
0.6605,0.0,-0.1201171875,0.0
0.661,0.0,-0.16015625,0.0
0.6615,0.0,0.0,0.0
0.662,0.0,0.0,0.0
0.6625,0.0,0.0,0.0400390625
0.663,0.0,0.0,0.0400390625
0.6635,0.0,0.0,0.0400390625
0.664,0.0,0.0,0.0400390625
0.6645,0.0,0.0,0.0400390625
0.665,0.0,0.0,0.0400390625
0.6655,0.0,0.0,0.0400390625
0.666,0.0,0.0,0.0400390625
0.6665,0.0,0.0,0.0400390625
0.667,0.0,0.0,0.080078125
0.6675,0.0,0.0,0.0400390625
0.668,0.0,-0.16015625,0.0400390625
0.6685,0.0,-0.16015625,0.0400390625
0.669,0.0,-0.16015625,0.0400390625
0.6695,0.0,0.0,0.0400390625
0.67,0.0,0.0,0.0400390625
0.6705,0.0400390625,0.0,0.0400390625
0.671,0.0,0.0,0.0400390625
0.6715,0.0,0.0,0.0
0.672,0.0400390625,0.0,0.0
0.6725,0.0,0.0,0.0400390625
0.673,0.0,0.0,0.0400390625
0.6735,0.0,0.0,0.0400390625
0.674,0.0400390625,0.0,0.0400390625
0.6745,0.0,0.0,0.0400390625
0.675,0.0,0.0,0.0
0.6755,0.0,0.0,0.0400390625
0.676,0.0,0.0,0.0
0.6765,0.0,-0.16015625,0.0
0.677,0.0,-0.16015625,0.0
0.6775,0.0,0.0,0.0
0.678,0.0,0.0,0.0
0.6785,0.0,0.0,0.0
0.679,0.0,0.0,0.0400390625
0.6795,0.0,0.0,0.0400390625
0.68,0.0,0.0,0.0400390625
0.6805,0.0,0.0,0.0400390625
0.681,0.0,0.0,0.0400390625
0.6815,0.0,0.0,0.0400390625
0.682,0.0,0.0,0.080078125
0.6825,0.0,0.0,0.0400390625
0.683,-0.16015625,0.0,0.0400390625
0.6835,0.0,0.0,0.0400390625
0.684,0.0,-0.16015625,0.0400390625
0.6845,0.0,0.0,0.0400390625
0.685,0.0,-0.16015625,0.0400390625
0.6855,0.0,0.0,0.080078125
0.686,0.0,0.0,0.0400390625
0.6865,0.0,0.0,0.0400390625
0.687,0.0,-0.1201171875,0.0400390625
0.6875,0.0,0.0,0.0400390625
0.688,0.0,0.0,0.0400390625
0.6885,0.0,0.0,0.0400390625
0.689,0.0,-0.16015625,0.0
0.6895,0.0,-0.1201171875,0.0400390625
0.69,0.0,-0.16015625,0.0
0.6905,0.0,0.0,0.0400390625
0.691,0.0,0.0,0.0400390625
0.6915,0.0,0.0,0.0400390625
0.692,0.0400390625,-0.16015625,0.0
0.6925,0.0,-0.16015625,0.0400390625
0.693,0.0,-0.16015625,0.0
0.6935,0.0,0.0,0.0400390625
0.694,0.0400390625,0.0,0.0400390625
0.6945,0.0,0.0,0.0
0.695,0.0,0.0,0.0400390625
0.6955,0.0,0.0,0.0400390625
0.696,0.0,0.0,0.0400390625
0.6965,0.0,0.0,0.0400390625
0.697,0.0,0.0,0.0400390625
0.6975,0.0,0.0,0.0400390625
0.698,0.0,0.0,0.0400390625
0.6985,0.0,0.0,0.0400390625
0.699,0.0,0.0,0.0400390625
0.6995,0.0,0.0,0.0400390625
0.7,0.0,-0.16015625,0.0400390625
0.7005,0.0,0.0,0.0400390625
0.701,0.0,-0.16015625,0.0
0.7015,0.0,0.0,0.0400390625
0.702,0.0,0.0,0.0400390625
0.7025,0.0,0.0,0.0400390625
0.703,0.0,0.0,0.0400390625
0.7035,0.0,0.0,0.0400390625
0.704,0.0,0.0,0.0400390625
0.7045,0.0,0.0,0.0400390625
0.705,0.0,0.0,0.0400390625
0.7055,0.0,0.0,0.0400390625
0.706,0.0400390625,0.0,0.0400390625
0.7065,0.0,0.0,0.0400390625
0.707,0.0,0.0,0.0400390625
0.7075,0.0400390625,0.0,0.0
0.708,0.0,-0.16015625,0.0
0.7085,0.0,-0.16015625,0.0
0.709,0.0,-0.16015625,0.0
0.7095,0.0,0.0,0.0
0.71,0.0,0.0,0.0400390625
0.7105,0.0400390625,0.0,0.0
0.711,0.0,-0.1201171875,0.0
0.7115,0.0,0.0,0.0400390625
0.712,0.0,-0.16015625,0.0400390625
0.7125,0.0,0.0,0.0400390625
0.713,0.0,0.0,0.0
0.7135,0.0,0.0,0.0400390625
0.714,0.0400390625,0.0,0.0400390625
0.7145,0.0,0.0,0.0400390625
0.715,-0.16015625,-0.1201171875,0.0400390625
0.7155,0.0400390625,0.0,0.0400390625
0.716,0.0,-0.16015625,0.0400390625
0.7165,0.0,0.0,0.0400390625
0.717,0.0,-0.16015625,0.0
0.7175,0.0,0.0,0.0400390625
0.718,0.0,0.0,0.0400390625
0.7185,0.0,0.0,0.080078125
0.719,0.0,-0.1201171875,0.0400390625
0.7195,0.0,0.0,0.0400390625
0.72,0.0,0.0,0.0400390625
0.7205,0.0,0.0,0.0400390625
0.721,0.0,0.0,0.0400390625
0.7215,0.0,0.0,0.0400390625
0.722,0.0,0.0,0.0400390625
0.7225,0.0,0.0,0.0400390625
0.723,0.0,-0.16015625,0.0400390625
0.7235,0.0,0.0,0.0400390625
0.724,0.0,-0.16015625,0.0400390625
0.7245,0.0,-0.1201171875,0.0400390625
0.725,0.0,-0.16015625,0.0
0.7255,0.0400390625,0.0,0.0400390625
0.726,0.0,0.0,0.0400390625
0.7265,0.0400390625,0.0,0.0400390625
0.727,0.0,0.0,0.0400390625
0.7275,0.0,0.0,0.0400390625
0.728,0.0,0.0,0.0400390625
0.7285,0.0,0.0,0.0400390625
0.729,0.0,0.0,0.0400390625
0.7295,0.0,0.0,0.0
0.73,-0.1201171875,0.0,0.0400390625
0.7305,-0.16015625,0.0,0.0400390625
0.731,0.0,0.0,0.0400390625
0.7315,0.0,0.0,0.0400390625
0.732,0.0,0.0,0.0400390625
0.7325,0.0,0.0,0.0400390625
0.733,0.0,-0.16015625,0.0
0.7335,0.0,0.0,0.0
0.734,0.0,0.0,0.080078125
0.7345,0.0,-0.16015625,0.0400390625
0.735,0.0,0.0,0.0400390625
0.7355,0.0,0.0,0.0400390625
0.736,0.0,0.0,0.0400390625
0.7365,0.0,0.0,0.0400390625
0.737,0.0,0.0,0.0400390625
0.7375,0.0,0.0,0.0400390625
0.738,0.0400390625,-0.16015625,0.0400390625
0.7385,0.0,0.0,0.080078125
0.739,0.0400390625,-0.16015625,0.0
0.7395,0.0400390625,0.0,0.0400390625
0.74,0.0,-0.16015625,0.0400390625
0.7405,0.0,-0.16015625,0.0
0.741,0.0,-0.16015625,0.0
0.7415,0.0400390625,0.0,0.0400390625
0.742,0.0,-0.16015625,0.0400390625
0.7425,-0.16015625,-0.16015625,0.0400390625
0.743,0.0400390625,0.0,0.0400390625
0.7435,0.0400390625,0.0,0.0
0.744,0.0,0.0,0.0
0.7445,0.0,0.0,0.0400390625
0.745,0.0,0.0,0.0400390625
0.7455,0.0,0.0,0.0
0.746,-0.16015625,0.0,0.0400390625
0.7465,0.0400390625,0.0,0.0400390625
0.747,0.0400390625,0.0,0.0400390625
0.7475,0.0,0.0,0.0400390625
0.748,0.0,-0.16015625,0.0400390625
0.7485,0.0,0.0,0.0400390625
0.749,0.0400390625,-0.16015625,0.0
0.7495,0.0,0.0,0.0
0.75,-0.16015625,0.0,0.0400390625
0.7505,0.0,0.0400390625,0.0400390625
0.751,0.0,0.0,0.0400390625
0.7515,0.0,0.0,0.0400390625
0.752,0.0,0.0,0.0400390625
0.7525,0.0,0.0,0.0400390625
0.753,-0.16015625,0.0,0.0400390625
0.7535,0.0,0.0,0.080078125
0.754,0.0400390625,0.0400390625,0.080078125
0.7545,0.0,0.0,0.0
0.755,0.0,0.0,0.0400390625
0.7555,0.0,0.0,0.0400390625
0.756,0.0,-0.16015625,0.0400390625
0.7565,0.0,-0.16015625,0.0400390625
0.757,0.0,-0.16015625,0.0400390625
0.7575,-0.16015625,-0.1201171875,0.0400390625
0.758,0.0,0.0,0.0400390625
0.7585,0.1201171875,0.0,0.0400390625
0.759,0.0,0.0,0.080078125
0.7595,0.0,0.0,0.0400390625
0.76,0.0400390625,0.0,0.0400390625
0.7605,0.0,0.0,0.0400390625
0.761,0.0,-0.16015625,0.0
0.7615,0.0,0.0,0.0400390625
0.762,0.1201171875,0.0400390625,0.0400390625
0.7625,-0.16015625,-0.16015625,0.0400390625
0.763,0.0400390625,0.0,0.0400390625
0.7635,0.0,-0.1201171875,0.0400390625
0.764,0.0,-0.16015625,0.0400390625
0.7645,0.0,0.0,0.0
0.765,-0.16015625,-0.2001953125,0.0
0.7655,0.1201171875,0.0400390625,0.0400390625
0.766,0.0400390625,0.0,0.0400390625
0.7665,-0.16015625,0.0,0.0400390625
0.767,0.0,0.0,0.0400390625
0.7675,0.0,0.0,0.0400390625
0.768,0.0,0.0,0.0400390625
0.7685,0.0,0.0,0.0400390625
0.769,0.0,0.0,0.0400390625
0.7695,0.0,0.0,0.0400390625
0.77,0.0400390625,0.0,0.0
0.7705,-0.16015625,-0.16015625,0.0400390625
0.771,0.0,0.0,0.0400390625
0.7715,0.0,0.0,0.0400390625
0.772,0.0,-0.16015625,0.0400390625
0.7725,0.0,0.0,0.0400390625
0.773,0.0,0.0,0.080078125
0.7735,0.0,0.0,0.1201171875
0.774,0.0,-0.16015625,0.0400390625
0.7745,0.1201171875,0.0,0.0400390625
0.775,0.0,0.0,0.0400390625
0.7755,0.0,0.0,0.0400390625
0.776,0.0,0.0,0.0400390625
0.7765,0.0400390625,0.0,0.0400390625
0.777,-0.16015625,-0.16015625,0.0
0.7775,0.0,0.0,0.0400390625
0.778,0.1201171875,0.0400390625,0.0400390625
0.7785,-0.1201171875,-0.16015625,0.0400390625
0.779,0.0,0.0,0.0400390625
0.7795,0.0,0.0,0.0400390625
0.78,0.0,-0.16015625,0.0
0.7805,0.0,-0.16015625,0.0
0.781,-0.16015625,-0.16015625,0.0
0.7815,0.0,-0.16015625,0.0
0.782,0.0,-0.16015625,0.0
0.7825,0.0400390625,0.0,0.080078125
0.783,0.0,0.0,0.0400390625
0.7835,0.0,0.0,0.0400390625
0.784,0.0,0.0,0.0400390625
0.7845,0.0,0.0,0.0400390625
0.785,0.0400390625,0.0400390625,0.080078125
0.7855,0.0,0.0,0.080078125
0.786,0.0,0.0,0.1201171875
0.7865,0.0,-0.16015625,0.0
0.787,0.0,-0.16015625,0.0400390625
0.7875,0.0,-0.16015625,0.0400390625
0.788,0.0,-0.16015625,0.0400390625
0.7885,0.0,-0.16015625,0.0400390625
0.789,0.0,-0.2802734375,0.0
0.7895,0.0,-0.16015625,0.0
0.79,0.0,0.0,0.1201171875
0.7905,0.1201171875,0.0,0.0400390625
0.791,0.0,0.0,0.0400390625
0.7915,0.0,0.0,0.0400390625
0.792,0.0,0.0,0.0400390625
0.7925,0.0,-0.1201171875,0.0
0.793,0.0,0.0,0.080078125
0.7935,0.0400390625,0.0,0.0
0.794,0.0400390625,0.0,0.0
0.7945,0.1201171875,0.0,0.0
0.795,0.0,0.0,0.0400390625
0.7955,0.0,0.0,0.0400390625
0.796,0.0,0.0,0.0400390625
0.7965,0.0,-0.16015625,0.0400390625
0.797,0.0,-0.16015625,0.0
0.7975,0.0,-0.16015625,0.0
0.798,0.0,0.0400390625,0.080078125
0.7985,-0.16015625,-0.16015625,0.0
0.799,-0.16015625,0.0,0.0400390625
0.7995,0.0,0.0,0.0400390625
0.8,0.0,0.0,0.0400390625
0.8005,0.080078125,0.0,0.0400390625
0.801,0.0,0.0400390625,0.080078125
0.8015,0.0,-0.1201171875,0.0400390625
0.802,0.0,-0.16015625,0.0
0.8025,0.0400390625,0.0,0.0400390625
0.803,0.0,0.0,0.0400390625
0.8035,0.0,0.0,0.080078125
0.804,0.0,-0.16015625,0.0400390625
0.8045,0.0400390625,0.0,0.080078125
0.805,0.0,-0.16015625,0.0400390625
0.8055,0.0,-0.2001953125,0.0
0.806,0.0,0.0,0.1201171875
0.8065,-0.16015625,-0.16015625,0.0400390625
0.807,0.0,-0.16015625,0.0400390625
0.8075,0.0,0.0,0.0400390625
0.808,0.0400390625,0.0,0.0400390625
0.8085,-0.16015625,-0.2001953125,0.0
0.809,0.0,-0.16015625,0.0
0.8095,0.0,0.0,0.080078125
0.81,0.0,-0.16015625,0.0400390625
0.8105,0.0,0.0,0.080078125
0.811,0.0,0.0,0.0400390625
0.8115,0.0,0.0,0.0400390625
0.812,0.080078125,0.0,0.0
0.8125,0.0,-0.2001953125,0.0
0.813,0.0,-0.16015625,0.0
0.8135,0.0,-0.1201171875,0.0400390625
0.814,0.0,0.0,0.080078125
0.8145,-0.16015625,-0.16015625,0.0
0.815,0.0,0.0,0.0400390625
0.8155,0.0,0.0,0.0
0.816,0.0,0.0,0.0
0.8165,-0.16015625,-0.1201171875,0.080078125
0.817,0.0,0.0,0.0400390625
0.8175,0.0,-0.16015625,0.0
0.818,0.0,0.0400390625,0.1201171875
0.8185,0.0,0.0,0.080078125
0.819,0.0,0.0,0.0400390625
0.8195,0.0,0.0,0.0400390625
0.82,-0.2001953125,0.0,0.080078125
0.8205,0.0,-0.2001953125,0.0
0.821,0.0,0.0,0.080078125
0.8215,0.0,0.0,0.0400390625
0.822,0.0,-0.16015625,0.0
0.8225,0.0,-0.16015625,0.0
0.823,0.0,0.0,0.0400390625
0.8235,0.0,0.0,0.0400390625
0.824,-0.16015625,0.0,0.080078125
0.8245,0.0,-0.16015625,0.0
0.825,0.0,0.0,0.080078125
0.8255,0.0,0.0,0.0400390625
0.826,0.0,0.080078125,0.1201171875
0.8265,0.0400390625,0.0,0.080078125
0.827,0.0,0.0,0.0400390625
0.8275,0.0,0.0,0.0400390625
0.828,-0.16015625,-0.16015625,0.0400390625
0.8285,0.0,-0.1201171875,0.080078125
0.829,0.0,0.0,0.0
0.8295,0.0,0.0,0.080078125
0.83,0.0400390625,-0.16015625,0.0
0.8305,0.0,0.0,0.080078125
0.831,0.0,0.0,0.0400390625
0.8315,0.0400390625,0.0,0.0
0.832,0.0,0.0,0.080078125
0.8325,0.0,0.0,0.16015625
0.833,0.0,0.0,0.16015625
0.8335,0.0,0.0,0.080078125
0.834,0.0,0.0,0.1201171875
0.8345,0.0400390625,0.0400390625,0.080078125
0.835,0.0,0.0,0.0400390625
0.8355,0.0,0.0,0.0400390625
0.836,0.0400390625,-0.16015625,0.0
0.8365,0.0,0.0,0.16015625
0.837,0.0,-0.16015625,0.0
0.8375,0.0,0.0,0.0
0.838,0.0,-0.16015625,0.0
0.8385,-0.16015625,0.0,0.080078125
0.839,0.0,0.0,0.080078125
0.8395,0.0,0.0,0.080078125
0.84,0.0,0.0,0.0
0.8405,0.0,0.0,0.0
0.841,0.0,0.0,0.0400390625
0.8415,0.0,0.0,0.0400390625
0.842,0.0,-0.16015625,0.0
0.8425,-0.1201171875,0.0,0.080078125
0.843,0.0,0.0,0.0400390625
0.8435,0.0,0.0,0.0400390625
0.844,0.0,0.0,0.080078125
0.8445,0.0,0.0,0.0
0.845,0.0,0.0,0.0
0.8455,0.0,0.0,0.0400390625
0.846,0.0,-0.1201171875,0.0400390625
0.8465,-0.16015625,0.0,0.0400390625
0.847,0.0,0.0,0.0400390625
0.8475,0.0,0.0,0.080078125
0.848,0.0,0.0,0.1201171875
0.8485,0.0,0.0,0.0400390625
0.849,0.0,0.0,0.0400390625
0.8495,0.0,0.0,0.0400390625
0.85,0.1201171875,0.0400390625,0.0
0.8505,-0.16015625,0.0,0.0400390625
0.851,0.0,0.0,0.0400390625
0.8515,0.0,0.0,0.0
0.852,0.0,0.0,0.0400390625
0.8525,0.0,0.0,0.0
0.853,0.0,0.0,0.0
0.8535,0.0,0.0,0.1201171875
0.854,0.0,-0.16015625,0.0
0.8545,0.0,-0.16015625,0.0400390625
0.855,-0.16015625,0.0,0.1201171875
0.8555,0.1201171875,0.0,0.0
0.856,0.0,0.0,0.0
0.8565,0.0,0.0,0.0400390625
0.857,0.0,0.0,0.0400390625
0.8575,0.0,0.0,0.080078125
0.858,0.080078125,0.0,0.0
0.8585,0.0400390625,-0.16015625,0.0
0.859,0.0,-0.16015625,0.0400390625
0.8595,0.1201171875,0.0,0.0400390625
0.86,0.0,-0.16015625,0.0400390625
0.8605,0.0,0.0,0.0
0.861,0.0,0.0,0.0400390625
0.8615,0.0,0.0,0.0
0.862,0.080078125,0.0,0.0400390625
0.8625,0.080078125,0.0,0.0
0.863,0.0,0.0,0.0400390625
0.8635,-0.16015625,-0.2001953125,0.0
0.864,0.0,0.0,0.0
0.8645,0.0,0.0,0.0400390625
0.865,0.0,0.0,0.0400390625
0.8655,0.0,0.0,0.080078125
0.866,0.0400390625,0.0,0.0
0.8665,0.0400390625,0.0,0.0400390625
0.867,0.0400390625,0.0,0.0400390625
0.8675,0.0,0.0,0.0
0.868,0.0,0.0,0.0400390625
0.8685,0.0,0.0,0.0400390625
0.869,0.0,0.0,0.0
0.8695,0.0,0.0,0.0
0.87,0.0400390625,0.080078125,0.080078125
0.8705,0.0,0.0,0.080078125
0.871,-0.16015625,-0.16015625,0.0400390625
0.8715,0.0,0.0400390625,0.0400390625
0.872,0.0,0.0,0.0400390625
0.8725,0.0,0.0,0.0400390625
0.873,0.0,0.0,0.0400390625
0.8735,0.0,0.0,0.0400390625
0.874,0.080078125,0.0400390625,0.080078125
0.8745,0.0,0.0,0.0400390625
0.875,-0.16015625,-0.16015625,0.0
0.8755,0.0,0.0,0.1201171875
0.876,0.0,-0.16015625,0.0400390625
0.8765,0.0,-0.16015625,0.0400390625
0.877,0.0,0.0,0.0400390625
0.8775,0.0,0.0,0.0
0.878,-0.16015625,0.0,0.0400390625
0.8785,0.0400390625,0.0,0.0400390625
0.879,0.080078125,0.0400390625,0.0400390625
0.8795,0.0,0.0,0.1201171875
0.88,0.0,0.0,0.0400390625
0.8805,0.0,0.0,0.0400390625
0.881,0.0,0.0,0.0400390625
0.8815,0.0400390625,0.0,0.0400390625
0.882,0.080078125,0.0400390625,0.0400390625
0.8825,0.0,0.0,0.0400390625
0.883,0.0,-0.16015625,0.0
0.8835,0.080078125,0.0,0.0
0.884,0.0,0.0,0.0400390625
0.8845,0.0,-0.16015625,0.0
0.885,0.0,0.0,0.0400390625
0.8855,0.0,0.0,0.0
0.886,0.0,-0.16015625,0.0
0.8865,0.0,0.0,0.0400390625
0.887,0.0,0.0,0.080078125
0.8875,0.0,0.0,0.0
0.888,0.0,0.0,0.0400390625
0.8885,0.0,0.0,0.0400390625
0.889,0.0,0.0,0.0400390625
0.8895,0.0,0.0,0.0400390625
0.89,0.0400390625,0.0400390625,0.080078125
0.8905,0.0,0.0,0.0400390625
0.891,0.0,0.080078125,0.1201171875
0.8915,0.080078125,0.0,0.0400390625
0.892,0.0,-0.16015625,0.0400390625
0.8925,0.0,-0.16015625,0.0400390625
0.893,0.0,0.0,0.0400390625
0.8935,0.0,0.0,0.0
0.894,0.0400390625,0.0400390625,0.0400390625
0.8945,0.0400390625,0.0,0.0
0.895,0.0,0.0,0.0400390625
0.8955,0.0,0.0,0.0400390625
0.896,0.0,0.0,0.0
0.8965,0.0,0.0,0.0400390625
0.897,0.0,0.0,0.0400390625
0.8975,0.0,0.0,0.0400390625
0.898,0.0400390625,0.0400390625,0.080078125
0.8985,0.0400390625,0.0,0.0
0.899,0.0,0.0,0.1201171875
0.8995,0.0400390625,0.0,0.0400390625
0.9,0.0,-0.16015625,0.0400390625
0.9005,0.0400390625,-0.240234375,-0.16015625
0.901,0.0,0.0,0.0400390625
0.9015,0.0400390625,0.0,0.0
0.902,0.080078125,0.0,0.0400390625
0.9025,-0.16015625,0.0,0.0400390625
0.903,0.0,-0.16015625,0.0
0.9035,0.0,0.0,0.0400390625
0.904,0.0,0.0,0.0400390625
0.9045,0.0,0.0,0.0400390625
0.905,0.0,0.0,0.080078125
0.9055,0.0,0.0,0.080078125
0.906,0.080078125,0.0,0.0400390625
0.9065,-0.16015625,0.0,0.080078125
0.907,0.0,0.0,0.0400390625
0.9075,0.0,-0.16015625,0.0
0.908,0.0,-0.16015625,0.0400390625
0.9085,0.0,-0.2001953125,0.0
0.909,0.0,0.0,0.0400390625
0.9095,0.0,0.0,0.080078125
0.91,-0.16015625,-0.16015625,0.0400390625
0.9105,0.0400390625,0.0,0.0400390625
0.911,0.0,0.0,0.080078125
0.9115,0.0,0.0,0.0400390625
0.912,0.0,0.0,0.0400390625
0.9125,0.0,0.0,0.0400390625
0.913,0.0,0.0,0.0400390625
0.9135,0.0,0.0,0.0
0.914,0.0,0.0,0.0400390625
0.9145,0.0,-0.16015625,0.0
0.915,0.0,0.0,0.0400390625
0.9155,0.0,0.0,0.0
0.916,0.0,-0.16015625,0.0
0.9165,0.0,-0.16015625,0.0
0.917,0.0,0.0,0.0400390625
0.9175,0.0,0.0,0.0
0.918,-0.16015625,0.0,0.0400390625
0.9185,0.0,0.0400390625,0.080078125
0.919,0.0,0.0,0.0400390625
0.9195,0.0,0.0,0.0400390625
0.92,0.0,0.0,0.0400390625
0.9205,0.0,0.0,0.0400390625
0.921,0.0,0.0,0.0400390625
0.9215,0.0,0.0,0.0
0.922,0.0,0.0,0.080078125
0.9225,0.0,-0.16015625,0.0
0.923,0.0,0.0,0.0400390625
0.9235,0.0,-0.16015625,0.0400390625
0.924,0.0,-0.16015625,0.0400390625
0.9245,0.0,-0.16015625,0.0400390625
0.925,0.0,0.0,0.0400390625
0.9255,0.0,0.0,0.0
0.926,0.080078125,0.0,0.0400390625
0.9265,0.0,0.0,0.0
0.927,0.0,-0.1201171875,0.0400390625
0.9275,0.0,0.0,0.0400390625
0.928,0.0,0.0,0.0400390625
0.9285,0.0,0.0,0.0400390625
0.929,0.0,-0.1201171875,0.0400390625
0.9295,0.0,0.0,0.0400390625
0.93,-0.16015625,-0.16015625,0.0400390625
0.9305,0.0,-0.16015625,0.0400390625
0.931,0.0,0.0,0.0400390625
0.9315,0.0,-0.16015625,0.0
0.932,0.0,-0.16015625,0.0
0.9325,0.0,-0.16015625,0.0
0.933,0.0,0.0,0.0400390625
0.9335,0.0,0.0,0.1201171875
0.934,0.0,0.0,0.0400390625
0.9345,0.0,0.0,0.0
0.935,0.0,0.0,0.0
0.9355,0.0,0.0,0.0400390625
0.936,0.0,0.0,0.0400390625
0.9365,0.0,0.0,0.0400390625
0.937,0.0,0.0,0.0400390625
0.9375,0.0,0.0,0.0400390625
0.938,0.1201171875,0.0400390625,0.0400390625
0.9385,0.0,0.0,0.0400390625
0.939,0.0,0.0,0.0400390625
0.9395,0.0,0.0,0.0400390625
0.94,0.0,0.0,0.0400390625
0.9405,0.0,-0.1201171875,0.0
0.941,0.0,0.0,0.0400390625
0.9415,0.0,0.0,0.1201171875
0.942,-0.1201171875,0.0400390625,0.1201171875
0.9425,0.0,0.0,0.080078125
0.943,0.0,0.0,0.0400390625
0.9435,0.0,0.0,0.0400390625
0.944,0.0,0.0,0.0400390625
0.9445,0.0,0.0,0.0400390625
0.945,0.0,0.0,0.0400390625
0.9455,0.0,0.0,0.0
0.946,0.0,0.0,0.0
0.9465,0.0,0.0,0.080078125
0.947,0.0,0.0,0.0400390625
0.9475,0.0,-0.16015625,0.0400390625
0.948,0.0,-0.16015625,0.0
0.9485,0.0,-0.16015625,0.0400390625
0.949,0.0,0.0,0.0400390625
0.9495,0.0,-0.16015625,0.080078125
0.95,0.0,-0.16015625,0.0
0.9505,0.0,0.0,0.0
0.951,0.0,-0.1201171875,0.0
0.9515,0.0,0.0,0.0400390625
0.952,0.0,0.0,0.0400390625
0.9525,0.0,0.0,0.0400390625
0.953,0.0,0.0,0.0
0.9535,0.0,-0.2001953125,0.0
0.954,0.0,0.0,0.080078125
0.9545,0.0,0.0,0.080078125
0.955,0.0,0.0,0.0400390625
0.9555,0.0,-0.16015625,0.0400390625
0.956,0.0,-0.16015625,0.0400390625
0.9565,0.0,-0.16015625,0.0
0.957,0.0,0.0,0.0400390625
0.9575,0.0,-0.2001953125,0.0
0.958,0.0,0.0,0.080078125
0.9585,0.0,0.0,0.0400390625
0.959,0.0,0.0,0.0400390625
0.9595,0.0,0.0,0.0400390625
0.96,0.0,0.0,0.0400390625
0.9605,0.0,0.0,0.0400390625
0.961,0.0,0.0,0.0400390625
0.9615,0.0,0.0,0.0
0.962,0.0,0.0,0.0400390625
0.9625,0.0,0.0,0.0
0.963,0.0,0.0,0.0400390625
0.9635,0.0,0.0,0.0400390625
0.964,0.0,-0.16015625,0.0400390625
0.9645,0.0,-0.16015625,0.0
0.965,0.0,0.0,0.0400390625
0.9655,0.0,-0.16015625,0.0400390625
0.966,0.0,0.0,0.0400390625
0.9665,0.0,0.0,0.0400390625
0.967,0.0,0.0,0.0400390625
0.9675,0.0,0.0,0.0400390625
0.968,0.0,0.0,0.0
0.9685,0.0,0.0,0.0400390625
0.969,0.0,0.0,0.1201171875
0.9695,-0.16015625,-0.16015625,0.0400390625
0.97,0.0,0.0,0.0400390625
0.9705,0.0,0.0,0.0400390625
0.971,0.0,0.0,0.0400390625
0.9715,0.0,-0.1201171875,0.0400390625
0.972,0.0,-0.16015625,0.0
0.9725,0.0,-0.16015625,0.0
0.973,0.0,0.0,0.0400390625
0.9735,0.0,-0.2001953125,-0.1201171875
0.974,0.0,0.0,0.0400390625
0.9745,0.0,0.0,0.0400390625
0.975,0.0,0.0,0.0400390625
0.9755,0.0,0.0,0.0400390625
0.976,0.0,0.0,0.080078125
0.9765,0.0,0.0,0.0400390625
0.977,0.0,-0.16015625,0.0400390625
0.9775,0.0,-0.16015625,0.0
0.978,0.0,0.0,0.0400390625
0.9785,0.0,0.0,0.0400390625
0.979,0.0,0.0,0.0400390625
0.9795,0.0,-0.16015625,0.0400390625
0.98,0.0,-0.16015625,0.0400390625
0.9805,0.0,-0.16015625,0.0400390625
0.981,0.0,0.0,0.0400390625
0.9815,0.080078125,0.0,0.080078125
0.982,0.0,0.0,0.0400390625
0.9825,0.0,0.0,0.0400390625
0.983,0.0,0.0,0.0400390625
0.9835,0.0,0.0,0.0400390625
0.984,0.0,0.0,0.0400390625
0.9845,0.0,0.0,0.0400390625
0.985,0.0,0.0,0.0
0.9855,0.0400390625,0.080078125,0.080078125
0.986,0.0,0.0,0.0400390625
0.9865,0.0,0.0,0.0400390625
0.987,0.0,0.0,0.0
0.9875,0.0,0.0,0.0400390625
0.988,0.0,-0.16015625,0.0
0.9885,0.0,-0.1201171875,0.0
0.989,0.0,0.0,0.1201171875
0.9895,0.0,0.0,0.0
0.99,0.0,0.0,0.0400390625
0.9905,0.0,0.0,0.0400390625
0.991,0.0,0.0,0.0400390625
0.9915,0.0,0.0,0.0400390625
0.992,0.0,0.0,0.0400390625
0.9925,0.0,0.0,0.0400390625
0.993,0.0400390625,0.0,0.0
0.9935,0.0,0.0,0.0
0.994,0.0,0.0,0.0400390625
0.9945,0.0,0.0,0.0400390625
0.995,0.0,0.0,0.0400390625
0.9955,0.0,0.0,0.0400390625
0.996,0.0,-0.16015625,0.0400390625
0.9965,0.0,-0.16015625,0.0
0.997,0.0,-0.16015625,0.0
0.9975,0.0,-0.16015625,0.1201171875
0.998,0.0,0.0,0.0400390625
0.9985,0.0,0.0,0.0400390625
0.999,0.0,0.0,0.0400390625
0.9995,0.0,0.0,0.0400390625
