wavelength,x,y,z
0.0,4.354248046875,4.354248046875,-8.618408203125
0.0005,2.632568359375,5.795654296875,-8.458251953125
0.001,1.231201171875,6.796630859375,-7.977783203125
0.0015,-0.370361328125,7.757568359375,-7.457275390625
0.002,-2.212158203125,8.518310546875,-6.416259765625
0.0025,-3.893798828125,9.158935546875,-5.415283203125
0.003,-5.135009765625,8.958740234375,-4.013916015625
0.0035,-6.376220703125,8.638427734375,-2.532470703125
0.004,-7.096923828125,7.877685546875,-1.010986328125
0.0045,-7.857666015625,6.956787109375,0.750732421875
0.005,-8.618408203125,5.795654296875,2.632568359375
0.0055,-8.978759765625,4.754638671875,4.073974609375
0.006,-8.858642578125,3.193115234375,5.515380859375
0.0065,-8.218017578125,1.431396484375,6.636474609375
0.007,-7.457275390625,-0.330322265625,7.597412109375
0.0075,-6.135986328125,-2.372314453125,8.318115234375
0.008,-4.774658203125,-4.494384765625,8.998779296875
0.0085,-3.052978515625,-5.935791015625,8.718505859375
0.009,-1.451416015625,-7.377197265625,8.518310546875
0.0095,0.150146484375,-8.137939453125,7.837646484375
0.01,1.791748046875,-8.898681640625,7.076904296875
0.0105,3.793701171875,-9.619384765625,5.835693359375
0.011,5.275146484375,-9.859619140625,4.634521484375
0.0115,6.436279296875,-9.459228515625,3.113037109375
0.012,7.397216796875,-8.858642578125,1.591552734375
0.0125,8.117919921875,-7.977783203125,0.030029296875
0.013,8.678466796875,-6.736572265625,-1.811767578125
0.0135,9.359130859375,-5.535400390625,-3.773681640625
0.014,9.279052734375,-4.174072265625,-5.054931640625
0.0145,8.918701171875,-2.412353515625,-6.456298828125
0.015,7.997802734375,-0.770751953125,-7.257080078125
0.0155,7.197021484375,0.990966796875,-8.137939453125
0.016,5.755615234375,3.153076171875,-8.818603515625
0.0165,4.354248046875,4.954833984375,-9.218994140625
0.017,2.472412109375,6.276123046875,-8.698486328125
0.0175,0.950927734375,7.437255859375,-8.418212890625
0.018,-0.650634765625,8.238037109375,-7.617431640625
0.0185,-2.372314453125,8.838623046875,-6.616455078125
0.019,-4.334228515625,9.599365234375,-5.375244140625
0.0195,-5.615478515625,9.319091796875,-3.933837890625
0.02,-6.896728515625,8.998779296875,-2.372314453125
0.0205,-7.577392578125,8.157958984375,-0.890869140625
0.021,-8.298095703125,7.197021484375,0.790771484375
0.0215,-8.818603515625,5.955810546875,2.592529296875
0.022,-9.339111328125,4.794677734375,4.354248046875
0.0225,-9.018798828125,3.273193359375,5.595458984375
0.023,-8.618408203125,1.471435546875,6.916748046875
0.0235,-7.617431640625,-0.250244140625,7.637451171875
0.024,-6.616455078125,-2.052001953125,8.478271484375
0.0245,-5.094970703125,-4.294189453125,9.118896484375
0.025,-3.453369140625,-5.895751953125,9.078857421875
0.0255,-1.731689453125,-7.217041015625,8.638427734375
0.026,-0.250244140625,-8.097900390625,8.157958984375
0.0265,1.431396484375,-8.818603515625,7.317138671875
0.027,3.193115234375,-9.459228515625,6.236083984375
0.0275,5.074951171875,-10.059814453125,5.034912109375
0.028,6.115966796875,-9.539306640625,3.513427734375
0.0285,7.317138671875,-9.218994140625,1.991943359375
0.029,7.877685546875,-8.218017578125,0.510498046875
0.0295,8.518310546875,-7.257080078125,-1.171142578125
0.03,9.118896484375,-6.015869140625,-3.052978515625
0.0305,9.399169921875,-4.814697265625,-4.494384765625
0.031,9.038818359375,-3.173095703125,-5.775634765625
0.0315,8.358154296875,-1.491455078125,-6.816650390625
0.032,7.517333984375,0.150146484375,-7.577392578125
0.0325,6.396240234375,1.951904296875,-8.298095703125
0.033,4.994873046875,4.073974609375,-9.018798828125
0.0335,3.353271484375,5.435302734375,-8.698486328125
0.034,1.711669921875,6.796630859375,-8.458251953125
0.0345,0.310302734375,7.557373046875,-7.817626953125
0.035,-1.291259765625,8.318115234375,-7.056884765625
0.0355,-3.133056640625,8.958740234375,-5.975830078125
0.036,-4.654541015625,9.319091796875,-4.814697265625
0.0365,-5.735595703125,8.838623046875,-3.293212890625
0.037,-6.856689453125,8.478271484375,-1.851806640625
0.0375,-7.497314453125,7.597412109375,-0.370361328125
0.038,-8.177978515625,6.596435546875,1.311279296875
0.0385,-8.858642578125,5.515380859375,3.113037109375
0.039,-8.938720703125,4.354248046875,4.394287109375
0.0395,-8.658447265625,2.712646484375,5.755615234375
0.04,-7.977783203125,1.031005859375,6.716552734375
0.0405,-7.177001953125,-0.770751953125,7.637451171875
0.041,-5.935791015625,-2.652587890625,8.318115234375
0.0415,-4.534423828125,-4.614501953125,8.838623046875
0.042,-2.852783203125,-5.775634765625,8.478271484375
0.0425,-1.371337890625,-7.136962890625,8.278076171875
0.043,0.150146484375,-7.897705078125,7.637451171875
0.0435,1.791748046875,-8.658447265625,6.836669921875
0.044,3.593505859375,-9.459228515625,5.795654296875
0.0445,4.954833984375,-9.459228515625,4.554443359375
0.045,6.156005859375,-9.178955078125,3.153076171875
0.0455,7.036865234375,-8.578369140625,1.671630859375
0.046,7.757568359375,-7.737548828125,0.150146484375
0.0465,8.358154296875,-6.736572265625,-1.571533203125
0.047,9.038818359375,-5.695556640625,-3.293212890625
0.0475,8.918701171875,-4.334228515625,-4.534423828125
0.048,8.558349609375,-2.612548828125,-5.895751953125
0.0485,7.757568359375,-1.051025390625,-6.736572265625
0.049,6.996826171875,0.670654296875,-7.697509765625
0.0495,5.795654296875,2.672607421875,-8.458251953125
0.05,4.354248046875,4.434326171875,-8.698486328125
0.0505,2.712646484375,5.755615234375,-8.338134765625
0.051,1.271240234375,6.876708984375,-8.017822265625
0.0515,-0.290283203125,7.677490234375,-7.417236328125
0.052,-1.931884765625,8.398193359375,-6.576416015625
0.0525,-3.693603515625,9.118896484375,-5.535400390625
0.053,-4.894775390625,8.838623046875,-4.134033203125
0.0535,-6.216064453125,8.678466796875,-2.692626953125
0.054,-6.936767578125,7.917724609375,-1.251220703125
0.0545,-7.697509765625,7.076904296875,0.430419921875
0.055,-8.418212890625,6.075927734375,2.152099609375
0.0555,-8.938720703125,4.954833984375,3.793701171875
0.056,-8.698486328125,3.473388671875,5.074951171875
0.0565,-8.298095703125,1.671630859375,6.396240234375
0.057,-7.417236328125,0.070068359375,7.197021484375
0.0575,-6.536376953125,-1.811767578125,8.077880859375
0.058,-5.135009765625,-3.853759765625,8.838623046875
0.0585,-3.533447265625,-5.375244140625,8.678466796875
0.059,-1.931884765625,-6.736572265625,8.478271484375
0.0595,-0.410400390625,-7.697509765625,7.917724609375
0.06,1.231201171875,-8.498291015625,7.156982421875
0.0605,3.032958984375,-9.259033203125,6.156005859375
0.061,4.714599609375,-9.739501953125,5.074951171875
0.0615,5.835693359375,-9.259033203125,3.553466796875
0.062,7.036865234375,-8.978759765625,2.072021484375
0.0625,7.677490234375,-8.057861328125,0.550537109375
0.063,8.398193359375,-7.096923828125,-1.211181640625
0.0635,9.118896484375,-5.935791015625,-3.133056640625
0.064,9.239013671875,-4.574462890625,-4.614501953125
0.0645,8.878662109375,-2.932861328125,-5.895751953125
0.065,8.197998046875,-1.251220703125,-6.976806640625
0.0655,7.317138671875,0.470458984375,-7.737548828125
0.066,6.156005859375,2.432373046875,-8.498291015625
0.0665,4.754638671875,4.514404296875,-9.138916015625
0.067,2.872802734375,5.835693359375,-8.658447265625
0.0675,1.351318359375,7.116943359375,-8.458251953125
0.068,-0.250244140625,7.877685546875,-7.697509765625
0.0685,-1.851806640625,8.598388671875,-6.776611328125
0.069,-3.813720703125,9.319091796875,-5.695556640625
0.0695,-5.295166015625,9.439208984375,-4.294189453125
0.07,-6.496337890625,8.958740234375,-2.692626953125
0.0705,-7.457275390625,8.318115234375,-1.171142578125
0.071,-8.017822265625,7.317138671875,0.510498046875
0.0715,-8.698486328125,6.276123046875,2.192138671875
0.072,-9.419189453125,5.074951171875,4.154052734375
0.0725,-9.098876953125,3.473388671875,5.435302734375
0.073,-8.698486328125,1.751708984375,6.796630859375
0.0735,-7.737548828125,-0.130126953125,7.557373046875
0.074,-6.736572265625,-1.851806640625,8.398193359375
0.0745,-5.375244140625,-3.973876953125,9.078857421875
0.075,-3.653564453125,-5.815673828125,9.279052734375
0.0755,-1.811767578125,-7.056884765625,8.678466796875
0.076,-0.290283203125,-8.218017578125,8.318115234375
0.0765,1.471435546875,-8.938720703125,7.357177734375
0.077,3.193115234375,-9.539306640625,6.316162109375
0.0775,5.155029296875,-10.219970703125,5.114990234375
0.078,6.396240234375,-9.819580078125,3.513427734375
0.0785,7.557373046875,-9.339111328125,1.951904296875
0.079,8.238037109375,-8.418212890625,0.350341796875
0.0795,8.798583984375,-7.337158203125,-1.331298828125
0.08,9.319091796875,-6.135986328125,-3.133056640625
0.0805,9.799560546875,-4.814697265625,-5.014892578125
0.081,9.198974609375,-2.972900390625,-6.216064453125
0.0815,8.678466796875,-1.291259765625,-7.417236328125
0.082,7.557373046875,0.550537109375,-8.017822265625
0.0825,6.476318359375,2.352294921875,-8.778564453125
0.083,4.994873046875,4.514404296875,-9.459228515625
0.0835,3.153076171875,6.115966796875,-9.178955078125
0.084,1.351318359375,7.397216796875,-8.658447265625
0.0845,-0.290283203125,8.278076171875,-8.017822265625
0.085,-1.971923828125,8.918701171875,-6.976806640625
0.0855,-3.733642578125,9.479248046875,-5.895751953125
0.086,-5.615478515625,9.999755859375,-4.614501953125
0.0865,-6.656494140625,9.279052734375,-2.852783203125
0.087,-7.817626953125,8.838623046875,-1.291259765625
0.0875,-8.338134765625,7.717529296875,0.390380859375
0.088,-8.938720703125,6.556396484375,2.072021484375
0.0885,-9.539306640625,5.275146484375,3.993896484375
0.089,-9.619384765625,3.793701171875,5.635498046875
0.0895,-8.938720703125,1.951904296875,6.796630859375
0.09,-8.298095703125,0.230224609375,7.957763671875
0.0905,-7.056884765625,-1.731689453125,8.518310546875
0.091,-5.815673828125,-3.613525390625,9.239013671875
0.0915,-4.134033203125,-5.775634765625,9.679443359375
0.092,-2.172119140625,-7.136962890625,9.078857421875
0.0925,-0.490478515625,-8.338134765625,8.678466796875
0.093,1.271240234375,-9.098876953125,7.757568359375
0.0935,3.113037109375,-9.739501953125,6.556396484375
0.094,4.954833984375,-10.340087890625,5.395263671875
0.0945,6.556396484375,-10.500244140625,3.953857421875
0.095,7.557373046875,-9.619384765625,2.232177734375
0.0955,8.558349609375,-8.978759765625,0.630615234375
0.096,8.998779296875,-7.657470703125,-1.211181640625
0.0965,9.519287109375,-6.536376953125,-2.892822265625
0.097,10.079833984375,-5.215087890625,-4.814697265625
0.0975,9.679443359375,-3.453369140625,-6.256103515625
0.098,8.958740234375,-1.571533203125,-7.377197265625
0.0985,8.037841796875,0.310302734375,-8.258056640625
0.099,6.716552734375,2.232177734375,-8.818603515625
0.0995,5.435302734375,4.154052734375,-9.459228515625
0.1,3.673583984375,6.156005859375,-9.699462890625
0.1005,1.671630859375,7.357177734375,-8.938720703125
0.101,0.070068359375,8.398193359375,-8.458251953125
0.1015,-1.771728515625,9.038818359375,-7.377197265625
0.102,-3.533447265625,9.599365234375,-6.176025390625
0.1025,-5.415283203125,10.119873046875,-4.934814453125
0.103,-6.736572265625,9.799560546875,-3.293212890625
0.1035,-7.777587890625,9.078857421875,-1.571533203125
0.104,-8.578369140625,8.197998046875,0.070068359375
0.1045,-8.978759765625,6.756591796875,1.951904296875
0.105,-9.499267578125,5.675537109375,3.553466796875
0.1055,-9.979736328125,4.274169921875,5.435302734375
0.106,-9.259033203125,2.432373046875,6.716552734375
0.1065,-8.658447265625,0.670654296875,7.837646484375
0.107,-7.417236328125,-1.291259765625,8.478271484375
0.1075,-6.095947265625,-3.253173828125,9.118896484375
0.108,-4.614501953125,-5.175048828125,9.599365234375
0.1085,-2.812744140625,-6.896728515625,9.479248046875
0.109,-0.970947265625,-8.017822265625,8.718505859375
0.1095,0.710693359375,-8.978759765625,8.157958984375
0.11,2.632568359375,-9.539306640625,6.796630859375
0.1105,4.234130859375,-10.019775390625,5.755615234375
0.111,5.995849609375,-10.500244140625,4.514404296875
0.1115,7.076904296875,-9.739501953125,2.872802734375
0.112,8.037841796875,-9.138916015625,1.271240234375
0.1125,8.638427734375,-8.137939453125,-0.410400390625
0.113,9.038818359375,-6.896728515625,-2.132080078125
0.1135,9.639404296875,-5.775634765625,-3.773681640625
0.114,9.759521484375,-4.214111328125,-5.455322265625
0.1145,8.958740234375,-2.372314453125,-6.536376953125
0.115,8.318115234375,-0.690673828125,-7.617431640625
0.1155,7.076904296875,1.151123046875,-8.137939453125
0.116,6.035888671875,2.872802734375,-8.818603515625
0.1165,4.554443359375,4.794677734375,-9.259033203125
0.117,2.752685546875,6.196044921875,-8.818603515625
0.1175,1.111083984375,7.317138671875,-8.298095703125
0.118,-0.450439453125,8.157958984375,-7.697509765625
0.1185,-2.052001953125,8.638427734375,-6.616455078125
0.119,-3.573486328125,9.158935546875,-5.735595703125
0.1195,-5.135009765625,9.479248046875,-4.494384765625
0.12,-6.135986328125,8.758544921875,-2.892822265625
0.1205,-7.136962890625,8.278076171875,-1.451416015625
0.121,-7.617431640625,7.197021484375,0.110107421875
0.1215,-8.298095703125,6.356201171875,1.631591796875
0.122,-8.858642578125,5.395263671875,3.233154296875
0.1225,-8.858642578125,3.993896484375,4.674560546875
0.123,-8.298095703125,2.432373046875,5.755615234375
0.1235,-7.777587890625,0.710693359375,6.876708984375
0.124,-6.736572265625,-0.970947265625,7.477294921875
0.1245,-5.855712890625,-2.612548828125,8.278076171875
0.125,-4.414306640625,-4.414306640625,8.598388671875
0.1255,-2.812744140625,-5.615478515625,8.278076171875
0.126,-1.411376953125,-6.816650390625,7.997802734375
0.1265,0.070068359375,-7.657470703125,7.437255859375
0.127,1.551513671875,-8.338134765625,6.716552734375
0.1275,3.072998046875,-9.018798828125,5.915771484375
0.128,4.354248046875,-9.098876953125,4.754638671875
0.1285,5.435302734375,-8.818603515625,3.433349609375
0.129,6.476318359375,-8.378173828125,2.031982421875
0.1295,7.076904296875,-7.617431640625,0.630615234375
0.13,7.957763671875,-6.976806640625,-0.930908203125
0.1305,8.558349609375,-6.015869140625,-2.452392578125
0.131,8.478271484375,-4.614501953125,-3.773681640625
0.1315,8.157958984375,-3.173095703125,-4.974853515625
0.132,7.597412109375,-1.611572265625,-5.975830078125
0.1325,6.996826171875,0.030029296875,-6.936767578125
0.133,6.276123046875,1.591552734375,-7.817626953125
0.1335,4.874755859375,3.233154296875,-8.057861328125
0.134,3.513427734375,4.514404296875,-7.937744140625
0.1345,2.112060546875,5.755615234375,-7.817626953125
0.135,0.790771484375,6.596435546875,-7.377197265625
0.1355,-0.690673828125,7.557373046875,-6.896728515625
0.136,-2.212158203125,8.278076171875,-6.135986328125
0.1365,-3.493408203125,8.197998046875,-4.894775390625
0.137,-4.734619140625,8.157958984375,-3.653564453125
0.1375,-5.735595703125,7.717529296875,-2.292236328125
0.138,-6.616455078125,7.197021484375,-0.850830078125
0.1385,-7.617431640625,6.716552734375,0.670654296875
0.139,-8.218017578125,5.755615234375,2.232177734375
0.1395,-8.177978515625,4.474365234375,3.513427734375
0.14,-8.017822265625,2.872802734375,4.994873046875
0.1405,-7.377197265625,1.271240234375,5.995849609375
0.141,-6.816650390625,-0.490478515625,7.116943359375
0.1415,-5.775634765625,-2.252197265625,7.837646484375
0.142,-4.374267578125,-3.813720703125,7.957763671875
0.1425,-3.012939453125,-5.135009765625,7.957763671875
0.143,-1.571533203125,-6.376220703125,7.757568359375
0.1435,-0.130126953125,-7.297119140625,7.237060546875
0.144,1.471435546875,-8.298095703125,6.716552734375
0.1445,2.992919921875,-8.898681640625,5.795654296875
0.145,4.234130859375,-8.778564453125,4.514404296875
0.1455,5.515380859375,-8.618408203125,3.113037109375
0.146,6.396240234375,-7.977783203125,1.671630859375
0.1465,7.397216796875,-7.377197265625,0.150146484375
0.147,8.238037109375,-6.696533203125,-1.531494140625
0.1475,8.558349609375,-5.415283203125,-3.052978515625
0.148,8.318115234375,-3.973876953125,-4.334228515625
0.1485,7.997802734375,-2.252197265625,-5.735595703125
0.149,7.317138671875,-0.650634765625,-6.616455078125
0.1495,6.596435546875,1.151123046875,-7.697509765625
0.15,5.275146484375,3.032958984375,-8.258056640625
0.1505,3.673583984375,4.514404296875,-8.097900390625
0.151,2.232177734375,5.835693359375,-7.977783203125
0.1515,0.750732421875,6.876708984375,-7.577392578125
0.152,-0.890869140625,7.717529296875,-6.896728515625
0.1525,-2.532470703125,8.558349609375,-6.135986328125
0.153,-4.093994140625,8.758544921875,-4.854736328125
0.1535,-5.295166015625,8.438232421875,-3.373291015625
0.154,-6.496337890625,8.077880859375,-1.891845703125
0.1545,-7.136962890625,7.197021484375,-0.290283203125
0.155,-8.137939453125,6.476318359375,1.391357421875
0.1555,-8.818603515625,5.475341796875,3.113037109375
0.156,-8.658447265625,3.873779296875,4.634521484375
0.1565,-8.298095703125,2.272216796875,5.915771484375
0.157,-7.617431640625,0.470458984375,6.996826171875
0.1575,-6.536376953125,-1.451416015625,7.797607421875
0.158,-5.415283203125,-3.413330078125,8.598388671875
0.1585,-3.813720703125,-5.215087890625,8.798583984375
0.159,-2.052001953125,-6.536376953125,8.398193359375
0.1595,-0.570556640625,-7.697509765625,8.037841796875
0.16,1.311279296875,-8.538330078125,7.116943359375
0.1605,3.113037109375,-9.299072265625,6.115966796875
0.161,4.794677734375,-9.859619140625,5.074951171875
0.1615,6.115966796875,-9.619384765625,3.513427734375
0.162,7.116943359375,-8.978759765625,1.951904296875
0.1625,8.037841796875,-8.258056640625,0.310302734375
0.163,8.638427734375,-6.936767578125,-1.571533203125
0.1635,9.279052734375,-5.935791015625,-3.213134765625
0.164,9.599365234375,-4.574462890625,-4.974853515625
0.1645,8.998779296875,-2.652587890625,-6.256103515625
0.165,8.318115234375,-0.970947265625,-7.377197265625
0.1655,7.156982421875,1.031005859375,-8.137939453125
0.166,5.875732421875,3.113037109375,-8.898681640625
0.1665,4.514404296875,4.954833984375,-9.299072265625
0.167,2.592529296875,6.556396484375,-9.098876953125
0.1675,0.910888671875,7.637451171875,-8.458251953125
0.168,-0.770751953125,8.598388671875,-7.817626953125
0.1685,-2.852783203125,9.158935546875,-6.456298828125
0.169,-4.574462890625,9.679443359375,-5.255126953125
0.1695,-6.135986328125,9.759521484375,-3.933837890625
0.17,-7.257080078125,9.198974609375,-2.252197265625
0.1705,-8.137939453125,8.398193359375,-0.610595703125
0.171,-8.778564453125,7.317138671875,1.271240234375
0.1715,-9.259033203125,5.835693359375,3.193115234375
0.172,-9.619384765625,4.714599609375,4.754638671875
0.1725,-9.619384765625,3.113037109375,6.356201171875
0.173,-8.698486328125,1.151123046875,7.397216796875
0.1735,-7.937744140625,-0.690673828125,8.438232421875
0.174,-6.336181640625,-2.932861328125,9.038818359375
0.1745,-4.854736328125,-4.974853515625,9.639404296875
0.175,-3.133056640625,-6.696533203125,9.599365234375
0.1755,-1.291259765625,-7.977783203125,9.038818359375
0.176,0.430419921875,-8.818603515625,8.318115234375
0.1765,2.232177734375,-9.699462890625,7.397216796875
0.177,4.314208984375,-10.219970703125,5.875732421875
0.1775,5.875732421875,-10.500244140625,4.594482421875
0.178,7.237060546875,-10.300048828125,3.113037109375
0.1785,8.157958984375,-9.379150390625,1.431396484375
0.179,8.878662109375,-8.458251953125,-0.290283203125
0.1795,9.279052734375,-7.056884765625,-2.172119140625
0.18,9.759521484375,-5.735595703125,-3.973876953125
0.1805,9.919677734375,-4.494384765625,-5.415283203125
0.181,9.599365234375,-2.692626953125,-6.856689453125
0.1815,8.518310546875,-0.850830078125,-7.657470703125
0.182,7.637451171875,0.990966796875,-8.578369140625
0.1825,5.955810546875,3.193115234375,-9.058837890625
0.183,4.634521484375,4.994873046875,-9.539306640625
0.1835,2.872802734375,6.556396484375,-9.299072265625
0.184,1.111083984375,7.717529296875,-8.698486328125
0.1845,-0.570556640625,8.438232421875,-7.977783203125
0.185,-2.292236328125,9.078857421875,-6.896728515625
0.1855,-4.134033203125,9.559326171875,-5.615478515625
0.186,-5.495361328125,9.679443359375,-4.414306640625
0.1865,-6.776611328125,9.359130859375,-2.852783203125
0.187,-7.537353515625,8.518310546875,-1.251220703125
0.1875,-8.338134765625,7.717529296875,0.350341796875
0.188,-8.698486328125,6.276123046875,2.192138671875
0.1885,-9.259033203125,5.355224609375,3.713623046875
0.189,-9.419189453125,4.114013671875,5.114990234375
0.1895,-8.818603515625,2.272216796875,6.436279296875
0.19,-8.097900390625,0.630615234375,7.357177734375
0.1905,-7.056884765625,-1.291259765625,8.117919921875
0.191,-5.695556640625,-3.253173828125,8.718505859375
0.1915,-4.374267578125,-4.894775390625,9.038818359375
0.192,-2.652587890625,-6.416259765625,8.838623046875
0.1925,-1.091064453125,-7.497314453125,8.318115234375
0.193,0.510498046875,-8.458251953125,7.717529296875
0.1935,2.272216796875,-8.978759765625,6.596435546875
0.194,3.873779296875,-9.579345703125,5.675537109375
0.1945,5.155029296875,-9.659423828125,4.554443359375
0.195,6.356201171875,-9.299072265625,3.072998046875
0.1955,7.156982421875,-8.658447265625,1.631591796875
0.196,7.917724609375,-7.817626953125,0.070068359375
0.1965,8.398193359375,-6.656494140625,-1.651611328125
0.197,9.038818359375,-5.855712890625,-3.133056640625
0.1975,9.118896484375,-4.494384765625,-4.614501953125
0.198,8.478271484375,-2.732666015625,-5.735595703125
0.1985,7.957763671875,-1.131103515625,-6.776611328125
0.199,6.916748046875,0.630615234375,-7.497314453125
0.1995,5.995849609375,2.392333984375,-8.298095703125
0.2,4.794677734375,3.913818359375,-8.578369140625
0.2005,3.072998046875,5.315185546875,-8.418212890625
0.201,1.591552734375,6.356201171875,-7.977783203125
0.2015,0.190185546875,7.357177734375,-7.577392578125
0.202,-1.531494140625,8.037841796875,-6.576416015625
0.2025,-3.012939453125,8.718505859375,-5.855712890625
0.203,-4.334228515625,8.838623046875,-4.654541015625
0.2035,-5.455322265625,8.478271484375,-3.213134765625
0.204,-6.416259765625,7.997802734375,-1.851806640625
0.2045,-7.177001953125,7.156982421875,-0.290283203125
0.205,-7.937744140625,6.436279296875,1.271240234375
0.2055,-8.578369140625,5.675537109375,2.712646484375
0.206,-8.618408203125,4.154052734375,4.234130859375
0.2065,-8.177978515625,2.592529296875,5.395263671875
0.207,-7.657470703125,0.910888671875,6.596435546875
0.2075,-6.616455078125,-0.890869140625,7.317138671875
0.208,-5.735595703125,-2.612548828125,8.157958984375
0.2085,-4.334228515625,-4.214111328125,8.318115234375
0.209,-2.812744140625,-5.655517578125,8.197998046875
0.2095,-1.291259765625,-6.656494140625,7.877685546875
0.21,0.190185546875,-7.697509765625,7.357177734375
0.2105,1.791748046875,-8.458251953125,6.556396484375
0.211,3.233154296875,-9.058837890625,5.795654296875
0.2115,4.554443359375,-9.098876953125,4.514404296875
0.212,5.675537109375,-8.698486328125,3.113037109375
0.2125,6.716552734375,-8.258056640625,1.631591796875
0.213,7.397216796875,-7.337158203125,0.110107421875
0.2135,8.318115234375,-6.696533203125,-1.531494140625
0.214,8.718505859375,-5.695556640625,-2.972900390625
0.2145,8.598388671875,-4.053955078125,-4.494384765625
0.215,8.157958984375,-2.492431640625,-5.615478515625
0.2155,7.557373046875,-0.770751953125,-6.736572265625
0.216,6.556396484375,1.111083984375,-7.577392578125
0.2165,5.635498046875,2.792724609375,-8.298095703125
0.217,4.073974609375,4.354248046875,-8.338134765625
0.2175,2.432373046875,5.595458984375,-8.057861328125
0.218,1.071044921875,6.796630859375,-7.817626953125
0.2185,-0.610595703125,7.637451171875,-7.056884765625
0.219,-2.252197265625,8.478271484375,-6.296142578125
0.2195,-3.693603515625,8.838623046875,-5.295166015625
0.22,-5.094970703125,8.718505859375,-3.813720703125
0.2205,-6.095947265625,8.238037109375,-2.372314453125
0.221,-7.136962890625,7.637451171875,-0.770751953125
0.2215,-7.817626953125,6.596435546875,0.990966796875
0.222,-8.658447265625,5.835693359375,2.552490234375
0.2225,-8.898681640625,4.594482421875,4.114013671875
0.223,-8.458251953125,2.752685546875,5.515380859375
0.2235,-7.977783203125,1.151123046875,6.716552734375
0.224,-6.976806640625,-0.850830078125,7.637451171875
0.2245,-5.895751953125,-3.012939453125,8.478271484375
0.225,-4.334228515625,-4.694580078125,8.758544921875
0.2255,-2.692626953125,-6.216064453125,8.678466796875
0.226,-1.091064453125,-7.297119140625,8.197998046875
0.2265,0.590576171875,-8.338134765625,7.677490234375
0.227,2.552490234375,-9.098876953125,6.476318359375
0.2275,4.234130859375,-9.739501953125,5.475341796875
0.228,5.635498046875,-9.699462890625,4.154052734375
0.2285,6.876708984375,-9.299072265625,2.592529296875
0.229,7.717529296875,-8.578369140625,0.990966796875
0.2295,8.478271484375,-7.537353515625,-0.810791015625
0.23,9.158935546875,-6.256103515625,-2.852783203125
0.2305,9.519287109375,-5.094970703125,-4.334228515625
0.231,9.359130859375,-3.413330078125,-5.935791015625
0.2315,8.558349609375,-1.531494140625,-6.976806640625
0.232,7.797607421875,0.270263671875,-7.977783203125
0.2325,6.436279296875,2.272216796875,-8.818603515625
0.233,5.034912109375,4.514404296875,-9.459228515625
0.2335,3.193115234375,6.075927734375,-9.178955078125
0.234,1.431396484375,7.557373046875,-8.898681640625
0.2345,-0.290283203125,8.318115234375,-8.017822265625
0.235,-2.011962890625,9.118896484375,-7.136962890625
0.2355,-4.174072265625,9.759521484375,-5.735595703125
0.236,-5.775634765625,9.959716796875,-4.334228515625
0.2365,-7.136962890625,9.519287109375,-2.692626953125
0.237,-8.057861328125,8.798583984375,-1.051025390625
0.2375,-8.738525390625,7.837646484375,0.670654296875
0.238,-9.218994140625,6.396240234375,2.592529296875
0.2385,-9.779541015625,4.994873046875,4.634521484375
0.239,-9.659423828125,3.553466796875,5.915771484375
0.2395,-9.259033203125,1.671630859375,7.437255859375
0.24,-8.177978515625,-0.170166015625,8.197998046875
0.2405,-7.056884765625,-2.052001953125,8.838623046875
0.241,-5.375244140625,-4.454345703125,9.519287109375
0.2415,-3.693603515625,-6.376220703125,9.799560546875
0.242,-1.651611328125,-7.697509765625,9.198974609375
0.2425,0.030029296875,-8.858642578125,8.718505859375
0.243,1.671630859375,-9.499267578125,7.717529296875
0.2435,3.553466796875,-10.059814453125,6.476318359375
0.244,5.675537109375,-10.660400390625,5.034912109375
0.2445,6.916748046875,-10.340087890625,3.513427734375
0.245,8.157958984375,-9.859619140625,1.911865234375
0.2455,8.678466796875,-8.778564453125,0.270263671875
0.246,9.279052734375,-7.697509765625,-1.411376953125
0.2465,9.639404296875,-6.135986328125,-3.333251953125
0.247,9.999755859375,-4.854736328125,-5.094970703125
0.2475,9.559326171875,-3.213134765625,-6.296142578125
0.248,8.958740234375,-1.411376953125,-7.537353515625
0.2485,7.877685546875,0.310302734375,-8.097900390625
0.249,6.756591796875,2.072021484375,-8.818603515625
0.2495,5.155029296875,4.234130859375,-9.379150390625
0.25,3.593505859375,5.835693359375,-9.339111328125
0.2505,1.751708984375,7.197021484375,-8.818603515625
0.251,0.230224609375,7.997802734375,-8.177978515625
0.2515,-1.371337890625,8.678466796875,-7.377197265625
0.252,-3.093017578125,9.198974609375,-6.216064453125
0.2525,-4.854736328125,9.719482421875,-5.014892578125
0.253,-5.935791015625,9.279052734375,-3.573486328125
0.2535,-7.136962890625,8.918701171875,-2.052001953125
0.254,-7.697509765625,7.917724609375,-0.570556640625
0.2545,-8.298095703125,7.036865234375,1.031005859375
0.255,-8.818603515625,5.755615234375,2.832763671875
0.2555,-9.178955078125,4.794677734375,4.194091796875
0.256,-8.938720703125,3.273193359375,5.515380859375
0.2565,-8.298095703125,1.551513671875,6.596435546875
0.257,-7.537353515625,-0.170166015625,7.437255859375
0.2575,-6.416259765625,-1.971923828125,8.157958984375
0.258,-5.094970703125,-3.853759765625,8.798583984375
0.2585,-3.573486328125,-5.255126953125,8.638427734375
0.259,-2.011962890625,-6.656494140625,8.438232421875
0.2595,-0.610595703125,-7.457275390625,7.837646484375
0.26,0.990966796875,-8.298095703125,7.237060546875
0.2605,2.672607421875,-8.938720703125,6.236083984375
0.261,4.154052734375,-9.459228515625,5.315185546875
0.2615,5.235107421875,-9.178955078125,3.993896484375
0.262,6.356201171875,-8.818603515625,2.592529296875
0.2625,7.076904296875,-8.177978515625,1.231201171875
0.263,7.797607421875,-7.257080078125,-0.450439453125
0.2635,8.518310546875,-6.376220703125,-2.052001953125
0.264,8.878662109375,-5.415283203125,-3.333251953125
0.2645,8.758544921875,-3.853759765625,-4.814697265625
0.265,8.077880859375,-2.292236328125,-5.815673828125
0.2655,7.517333984375,-0.690673828125,-6.896728515625
0.266,6.516357421875,1.151123046875,-7.577392578125
0.2665,5.595458984375,2.912841796875,-8.338134765625
0.267,4.033935546875,4.234130859375,-8.218017578125
0.2675,2.552490234375,5.675537109375,-8.177978515625
0.268,1.191162109375,6.596435546875,-7.697509765625
0.2685,-0.370361328125,7.517333984375,-7.136962890625
0.269,-2.052001953125,8.318115234375,-6.336181640625
0.2695,-3.333251953125,8.678466796875,-5.415283203125
0.27,-4.694580078125,8.558349609375,-4.093994140625
0.2705,-5.695556640625,8.117919921875,-2.692626953125
0.271,-6.656494140625,7.637451171875,-1.211181640625
0.2715,-7.377197265625,6.756591796875,0.350341796875
0.272,-8.258056640625,6.115966796875,1.951904296875
0.2725,-8.498291015625,5.114990234375,3.233154296875
0.273,-8.338134765625,3.313232421875,4.834716796875
0.2735,-7.817626953125,1.751708984375,5.835693359375
0.274,-7.177001953125,0.070068359375,6.996826171875
0.2745,-6.176025390625,-1.891845703125,7.757568359375
0.275,-4.974853515625,-3.533447265625,8.318115234375
0.2755,-3.413330078125,-4.974853515625,8.197998046875
0.276,-2.011962890625,-6.256103515625,8.037841796875
0.2765,-0.570556640625,-7.257080078125,7.637451171875
0.277,1.111083984375,-8.137939453125,6.916748046875
0.2775,2.792724609375,-8.938720703125,6.115966796875
0.278,4.033935546875,-9.018798828125,4.994873046875
0.2785,5.435302734375,-8.938720703125,3.593505859375
0.279,6.276123046875,-8.338134765625,2.232177734375
0.2795,7.237060546875,-7.737548828125,0.630615234375
0.28,7.957763671875,-6.816650390625,-1.010986328125
0.2805,8.718505859375,-6.015869140625,-2.572509765625
0.281,8.678466796875,-4.734619140625,-3.973876953125
0.2815,8.318115234375,-3.012939453125,-5.335205078125
0.282,7.757568359375,-1.331298828125,-6.376220703125
0.2825,6.956787109375,0.470458984375,-7.337158203125
0.283,5.915771484375,2.392333984375,-8.218017578125
0.2835,4.514404296875,3.873779296875,-8.338134765625
0.284,2.912841796875,5.395263671875,-8.258056640625
0.2845,1.551513671875,6.396240234375,-7.817626953125
0.285,0.030029296875,7.397216796875,-7.377197265625
0.2855,-1.731689453125,8.197998046875,-6.496337890625
0.286,-3.373291015625,8.878662109375,-5.615478515625
0.2865,-4.614501953125,8.678466796875,-4.214111328125
0.287,-5.895751953125,8.478271484375,-2.812744140625
0.2875,-6.696533203125,7.757568359375,-1.331298828125
0.288,-7.537353515625,6.996826171875,0.350341796875
0.2885,-8.298095703125,5.995849609375,2.112060546875
0.289,-8.738525390625,4.994873046875,3.513427734375
0.2895,-8.618408203125,3.393310546875,5.034912109375
0.29,-8.017822265625,1.751708984375,6.156005859375
0.2905,-7.377197265625,0.030029296875,7.197021484375
0.291,-6.256103515625,-1.931884765625,7.997802734375
0.2915,-4.974853515625,-3.973876953125,8.678466796875
0.292,-3.293212890625,-5.375244140625,8.478271484375
0.2925,-1.771728515625,-6.776611328125,8.358154296875
0.293,-0.290283203125,-7.657470703125,7.757568359375
0.2935,1.351318359375,-8.498291015625,7.036865234375
0.294,3.273193359375,-9.299072265625,5.995849609375
0.2945,4.754638671875,-9.539306640625,4.834716796875
0.295,6.035888671875,-9.259033203125,3.313232421875
0.2955,6.996826171875,-8.698486328125,1.871826171875
0.296,7.757568359375,-7.937744140625,0.310302734375
0.2965,8.438232421875,-6.856689453125,-1.491455078125
0.297,9.158935546875,-5.775634765625,-3.333251953125
0.2975,9.078857421875,-4.414306640625,-4.654541015625
0.298,8.758544921875,-2.612548828125,-6.095947265625
0.2985,7.917724609375,-0.970947265625,-6.936767578125
0.299,7.116943359375,0.830810546875,-7.817626953125
0.2995,5.795654296875,2.912841796875,-8.658447265625
0.3,4.354248046875,4.754638671875,-8.978759765625
0.3005,2.552490234375,6.115966796875,-8.578369140625
0.301,1.071044921875,7.277099609375,-8.298095703125
0.3015,-0.570556640625,8.037841796875,-7.537353515625
0.302,-2.212158203125,8.718505859375,-6.576416015625
0.3025,-4.174072265625,9.479248046875,-5.415283203125
0.303,-5.495361328125,9.239013671875,-3.933837890625
0.3035,-6.776611328125,8.918701171875,-2.372314453125
0.304,-7.537353515625,8.077880859375,-0.850830078125
0.3045,-8.177978515625,7.116943359375,0.830810546875
0.305,-8.818603515625,5.915771484375,2.672607421875
0.3055,-9.339111328125,4.674560546875,4.474365234375
0.306,-8.978759765625,3.153076171875,5.675537109375
0.3065,-8.498291015625,1.351318359375,7.036865234375
0.307,-7.537353515625,-0.370361328125,7.717529296875
0.3075,-6.496337890625,-2.252197265625,8.518310546875
0.308,-4.974853515625,-4.494384765625,9.198974609375
0.3085,-3.213134765625,-6.095947265625,9.038818359375
0.309,-1.491455078125,-7.377197265625,8.678466796875
0.3095,0.110107421875,-8.298095703125,8.037841796875
0.31,1.791748046875,-8.978759765625,7.156982421875
0.3105,3.593505859375,-9.619384765625,6.035888671875
0.311,5.435302734375,-10.179931640625,4.794677734375
0.3115,6.476318359375,-9.579345703125,3.193115234375
0.312,7.677490234375,-9.218994140625,1.671630859375
0.3125,8.197998046875,-8.137939453125,0.110107421875
0.313,8.758544921875,-7.096923828125,-1.611572265625
0.3135,9.399169921875,-5.775634765625,-3.533447265625
0.314,9.559326171875,-4.454345703125,-5.094970703125
0.3145,9.038818359375,-2.652587890625,-6.336181640625
0.315,8.318115234375,-0.970947265625,-7.337158203125
0.3155,7.357177734375,0.750732421875,-7.977783203125
0.316,6.196044921875,2.592529296875,-8.658447265625
0.3165,4.674560546875,4.754638671875,-9.299072265625
0.317,2.832763671875,6.075927734375,-8.778564453125
0.3175,1.231201171875,7.357177734375,-8.458251953125
0.318,-0.330322265625,8.037841796875,-7.697509765625
0.3185,-1.931884765625,8.678466796875,-6.816650390625
0.319,-3.773681640625,9.319091796875,-5.695556640625
0.3195,-5.335205078125,9.559326171875,-4.414306640625
0.32,-6.376220703125,8.958740234375,-2.772705078125
0.3205,-7.377197265625,8.398193359375,-1.291259765625
0.321,-7.937744140625,7.397216796875,0.270263671875
0.3215,-8.538330078125,6.356201171875,1.951904296875
0.322,-9.218994140625,5.114990234375,3.793701171875
0.3225,-9.058837890625,3.753662109375,5.114990234375
0.323,-8.658447265625,2.072021484375,6.436279296875
0.3235,-7.817626953125,0.430419921875,7.277099609375
0.324,-6.936767578125,-1.291259765625,8.037841796875
0.3245,-5.695556640625,-3.253173828125,8.718505859375
0.325,-4.093994140625,-5.175048828125,9.038818359375
0.3255,-2.332275390625,-6.416259765625,8.518310546875
0.326,-0.850830078125,-7.657470703125,8.318115234375
0.3265,0.750732421875,-8.298095703125,7.477294921875
0.327,2.312255859375,-8.978759765625,6.596435546875
0.3275,4.194091796875,-9.739501953125,5.515380859375
0.328,5.475341796875,-9.579345703125,4.154052734375
0.3285,6.636474609375,-9.218994140625,2.672607421875
0.329,7.437255859375,-8.498291015625,1.231201171875
0.3295,8.037841796875,-7.617431640625,-0.330322265625
0.33,8.678466796875,-6.616455078125,-2.052001953125
0.3305,9.279052734375,-5.415283203125,-3.813720703125
0.331,8.918701171875,-3.853759765625,-5.014892578125
0.3315,8.518310546875,-2.212158203125,-6.296142578125
0.332,7.677490234375,-0.610595703125,-7.056884765625
0.3325,6.876708984375,1.151123046875,-7.897705078125
0.333,5.635498046875,3.113037109375,-8.658447265625
0.3335,4.033935546875,4.794677734375,-8.698486328125
0.334,2.392333984375,6.035888671875,-8.338134765625
0.3345,0.950927734375,7.116943359375,-7.977783203125
0.335,-0.610595703125,7.837646484375,-7.297119140625
0.3355,-2.212158203125,8.558349609375,-6.416259765625
0.336,-4.013916015625,9.279052734375,-5.375244140625
0.3365,-5.135009765625,8.838623046875,-3.853759765625
0.337,-6.416259765625,8.598388671875,-2.412353515625
0.3375,-7.096923828125,7.757568359375,-0.970947265625
0.338,-7.817626953125,6.916748046875,0.630615234375
0.3385,-8.538330078125,5.955810546875,2.352294921875
0.339,-8.938720703125,4.794677734375,3.953857421875
0.3395,-8.658447265625,3.233154296875,5.195068359375
0.34,-8.177978515625,1.551513671875,6.476318359375
0.3405,-7.337158203125,-0.130126953125,7.237060546875
0.341,-6.376220703125,-1.931884765625,8.077880859375
0.3415,-5.054931640625,-3.973876953125,8.758544921875
0.342,-3.333251953125,-5.415283203125,8.518310546875
0.3425,-1.771728515625,-6.776611328125,8.358154296875
0.343,-0.330322265625,-7.697509765625,7.837646484375
0.3435,1.311279296875,-8.418212890625,7.076904296875
0.344,3.072998046875,-9.218994140625,6.115966796875
0.3445,4.714599609375,-9.619384765625,4.994873046875
0.345,5.795654296875,-9.218994140625,3.433349609375
0.3455,6.956787109375,-8.898681640625,1.991943359375
0.346,7.637451171875,-7.977783203125,0.470458984375
0.3465,8.318115234375,-7.056884765625,-1.211181640625
0.347,9.038818359375,-5.935791015625,-3.012939453125
0.3475,9.038818359375,-4.534423828125,-4.494384765625
0.348,8.678466796875,-2.892822265625,-5.735595703125
0.3485,7.997802734375,-1.251220703125,-6.776611328125
0.349,7.197021484375,0.470458984375,-7.577392578125
0.3495,6.156005859375,2.312255859375,-8.378173828125
0.35,4.714599609375,4.314208984375,-8.938720703125
0.3505,2.872802734375,5.635498046875,-8.458251953125
0.351,1.431396484375,6.916748046875,-8.258056640625
0.3515,-0.130126953125,7.677490234375,-7.537353515625
0.352,-1.731689453125,8.398193359375,-6.736572265625
0.3525,-3.573486328125,9.158935546875,-5.735595703125
0.353,-5.054931640625,9.118896484375,-4.374267578125
0.3535,-6.256103515625,8.718505859375,-2.812744140625
0.354,-7.177001953125,8.157958984375,-1.291259765625
0.3545,-7.817626953125,7.237060546875,0.310302734375
0.355,-8.498291015625,6.356201171875,1.951904296875
0.3555,-9.218994140625,5.114990234375,3.873779296875
0.356,-8.898681640625,3.553466796875,5.155029296875
0.3565,-8.578369140625,1.871826171875,6.516357421875
0.357,-7.617431640625,0.110107421875,7.357177734375
0.3575,-6.656494140625,-1.771728515625,8.197998046875
0.358,-5.335205078125,-3.813720703125,8.918701171875
0.3585,-3.693603515625,-5.615478515625,9.038818359375
0.359,-1.931884765625,-6.856689453125,8.558349609375
0.3595,-0.410400390625,-7.977783203125,8.197998046875
0.36,1.351318359375,-8.658447265625,7.237060546875
0.3605,3.072998046875,-9.379150390625,6.316162109375
0.361,4.994873046875,-10.059814453125,5.114990234375
0.3615,6.115966796875,-9.619384765625,3.553466796875
0.362,7.317138671875,-9.259033203125,1.991943359375
0.3625,8.037841796875,-8.298095703125,0.390380859375
0.363,8.638427734375,-7.217041015625,-1.291259765625
0.3635,9.239013671875,-6.095947265625,-3.052978515625
0.364,9.639404296875,-4.734619140625,-4.894775390625
0.3645,8.998779296875,-2.892822265625,-6.095947265625
0.365,8.478271484375,-1.211181640625,-7.257080078125
0.3655,7.357177734375,0.630615234375,-7.857666015625
0.366,6.356201171875,2.432373046875,-8.658447265625
0.3665,4.834716796875,4.514404296875,-9.299072265625
0.367,3.032958984375,6.075927734375,-8.978759765625
0.3675,1.311279296875,7.317138671875,-8.498291015625
0.368,-0.290283203125,8.197998046875,-7.937744140625
0.3685,-2.052001953125,8.838623046875,-6.816650390625
0.369,-3.773681640625,9.399169921875,-5.735595703125
0.3695,-5.575439453125,9.799560546875,-4.494384765625
0.37,-6.616455078125,9.038818359375,-2.732666015625
0.3705,-7.697509765625,8.598388671875,-1.211181640625
0.371,-8.258056640625,7.437255859375,0.550537109375
0.3715,-8.818603515625,6.396240234375,2.272216796875
0.372,-9.459228515625,5.195068359375,4.073974609375
0.3725,-9.459228515625,3.633544921875,5.635498046875
0.373,-8.778564453125,1.791748046875,6.796630859375
0.3735,-8.097900390625,0.070068359375,7.877685546875
0.374,-6.776611328125,-1.931884765625,8.478271484375
0.3745,-5.575439453125,-3.813720703125,9.158935546875
0.375,-3.893798828125,-5.815673828125,9.519287109375
0.3755,-2.011962890625,-7.136962890625,8.918701171875
0.376,-0.370361328125,-8.298095703125,8.478271484375
0.3765,1.391357421875,-9.058837890625,7.597412109375
0.377,3.233154296875,-9.699462890625,6.436279296875
0.3775,4.994873046875,-10.219970703125,5.235107421875
0.378,6.476318359375,-10.300048828125,3.833740234375
0.3785,7.477294921875,-9.419189453125,2.072021484375
0.379,8.398193359375,-8.778564453125,0.510498046875
0.3795,8.878662109375,-7.417236328125,-1.291259765625
0.38,9.439208984375,-6.336181640625,-3.012939453125
0.3805,9.959716796875,-5.014892578125,-4.854736328125
0.381,9.519287109375,-3.213134765625,-6.256103515625
0.3815,8.798583984375,-1.411376953125,-7.297119140625
0.382,7.837646484375,0.390380859375,-8.177978515625
0.3825,6.476318359375,2.312255859375,-8.778564453125
0.383,5.275146484375,4.234130859375,-9.419189453125
0.3835,3.473388671875,6.115966796875,-9.499267578125
0.384,1.591552734375,7.237060546875,-8.778564453125
0.3845,0.030029296875,8.318115234375,-8.258056640625
0.385,-1.891845703125,8.958740234375,-7.096923828125
0.3855,-3.653564453125,9.479248046875,-6.015869140625
0.386,-5.375244140625,9.959716796875,-4.814697265625
0.3865,-6.656494140625,9.599365234375,-3.173095703125
0.387,-7.697509765625,8.878662109375,-1.531494140625
0.3875,-8.458251953125,7.997802734375,0.190185546875
0.388,-8.938720703125,6.596435546875,2.072021484375
0.3885,-9.459228515625,5.595458984375,3.633544921875
0.389,-9.859619140625,4.154052734375,5.435302734375
0.3895,-9.138916015625,2.272216796875,6.716552734375
0.39,-8.538330078125,0.510498046875,7.877685546875
0.3905,-7.257080078125,-1.491455078125,8.518310546875
0.391,-5.895751953125,-3.533447265625,9.198974609375
0.3915,-4.414306640625,-5.415283203125,9.599365234375
0.392,-2.572509765625,-7.056884765625,9.399169921875
0.3925,-0.730712890625,-8.137939453125,8.678466796875
0.393,0.990966796875,-9.138916015625,8.037841796875
0.3935,2.992919921875,-9.699462890625,6.676513671875
0.394,4.634521484375,-10.219970703125,5.515380859375
0.3945,6.316162109375,-10.540283203125,4.234130859375
0.395,7.357177734375,-9.779541015625,2.592529296875
0.3955,8.318115234375,-9.098876953125,0.990966796875
0.396,8.918701171875,-7.977783203125,-0.810791015625
0.3965,9.359130859375,-6.576416015625,-2.652587890625
0.397,9.839599609375,-5.455322265625,-4.294189453125
0.3975,9.919677734375,-3.853759765625,-5.975830078125
0.398,8.998779296875,-1.891845703125,-7.056884765625
0.3985,8.318115234375,-0.170166015625,-8.137939453125
0.399,6.836669921875,1.871826171875,-8.658447265625
0.3995,5.635498046875,3.793701171875,-9.299072265625
0.4,4.073974609375,5.595458984375,-9.579345703125
0.4005,2.192138671875,6.996826171875,-9.058837890625
0.401,0.510498046875,7.957763671875,-8.378173828125
0.4015,-1.251220703125,8.798583984375,-7.657470703125
0.402,-3.173095703125,9.279052734375,-6.336181640625
0.4025,-4.654541015625,9.759521484375,-5.255126953125
0.403,-6.216064453125,9.799560546875,-3.813720703125
0.4035,-7.177001953125,8.998779296875,-2.092041015625
0.404,-8.057861328125,8.318115234375,-0.570556640625
0.4045,-8.578369140625,7.076904296875,1.271240234375
0.405,-9.098876953125,5.955810546875,2.872802734375
0.4055,-9.499267578125,4.834716796875,4.474365234375
0.406,-9.259033203125,3.153076171875,5.955810546875
0.4065,-8.498291015625,1.351318359375,7.036865234375
0.407,-7.697509765625,-0.490478515625,7.997802734375
0.4075,-6.256103515625,-2.452392578125,8.518310546875
0.408,-5.094970703125,-4.214111328125,9.078857421875
0.4085,-3.453369140625,-5.895751953125,9.158935546875
0.409,-1.771728515625,-7.096923828125,8.638427734375
0.4095,-0.210205078125,-8.137939453125,8.077880859375
0.41,1.551513671875,-8.818603515625,7.116943359375
0.4105,3.193115234375,-9.379150390625,6.115966796875
0.411,4.674560546875,-9.779541015625,5.114990234375
0.4115,5.955810546875,-9.619384765625,3.713623046875
0.412,6.876708984375,-8.938720703125,2.232177734375
0.4125,7.757568359375,-8.298095703125,0.710693359375
0.413,8.157958984375,-7.096923828125,-0.970947265625
0.4135,8.838623046875,-6.256103515625,-2.412353515625
0.414,9.158935546875,-5.135009765625,-3.973876953125
0.4145,8.758544921875,-3.453369140625,-5.255126953125
0.415,8.197998046875,-1.891845703125,-6.296142578125
0.4155,7.397216796875,-0.250244140625,-7.136962890625
0.416,6.436279296875,1.511474609375,-7.817626953125
0.4165,5.475341796875,3.113037109375,-8.498291015625
0.417,3.873779296875,4.674560546875,-8.498291015625
0.4175,2.352294921875,5.795654296875,-8.097900390625
0.418,0.910888671875,6.876708984375,-7.777587890625
0.4185,-0.570556640625,7.557373046875,-7.016845703125
0.419,-2.052001953125,8.318115234375,-6.336181640625
0.4195,-3.453369140625,8.758544921875,-5.415283203125
0.42,-4.694580078125,8.518310546875,-4.013916015625
0.4205,-5.735595703125,8.197998046875,-2.692626953125
0.421,-6.616455078125,7.637451171875,-1.251220703125
0.4215,-7.257080078125,6.796630859375,0.230224609375
0.422,-8.137939453125,6.276123046875,1.671630859375
0.4225,-8.458251953125,5.114990234375,3.153076171875
0.423,-8.177978515625,3.673583984375,4.354248046875
0.4235,-7.937744140625,2.072021484375,5.675537109375
0.424,-7.177001953125,0.510498046875,6.516357421875
0.4245,-6.496337890625,-1.251220703125,7.517333984375
0.425,-5.415283203125,-2.892822265625,7.997802734375
0.4255,-3.853759765625,-4.454345703125,7.997802734375
0.426,-2.532470703125,-5.655517578125,7.917724609375
0.4265,-1.131103515625,-6.736572265625,7.717529296875
0.427,0.350341796875,-7.537353515625,7.076904296875
0.4275,1.831787109375,-8.418212890625,6.556396484375
0.428,3.233154296875,-8.858642578125,5.635498046875
0.4285,4.434326171875,-8.658447265625,4.314208984375
0.429,5.635498046875,-8.458251953125,2.952880859375
0.4295,6.436279296875,-7.857666015625,1.591552734375
0.43,7.397216796875,-7.337158203125,0.070068359375
0.4305,8.197998046875,-6.696533203125,-1.451416015625
0.431,8.438232421875,-5.415283203125,-2.972900390625
0.4315,8.197998046875,-3.973876953125,-4.174072265625
0.432,7.917724609375,-2.372314453125,-5.495361328125
0.4325,7.197021484375,-0.810791015625,-6.416259765625
0.433,6.676513671875,0.910888671875,-7.537353515625
0.4335,5.435302734375,2.552490234375,-7.977783203125
0.434,3.873779296875,4.033935546875,-7.937744140625
0.4345,2.552490234375,5.395263671875,-7.857666015625
0.435,1.151123046875,6.436279296875,-7.537353515625
0.4355,-0.370361328125,7.397216796875,-7.016845703125
0.436,-1.931884765625,8.197998046875,-6.376220703125
0.4365,-3.333251953125,8.398193359375,-5.175048828125
0.437,-4.574462890625,8.238037109375,-3.853759765625
0.4375,-5.815673828125,7.997802734375,-2.412353515625
0.438,-6.576416015625,7.237060546875,-0.970947265625
0.4385,-7.657470703125,6.716552734375,0.670654296875
0.439,-8.338134765625,5.915771484375,2.232177734375
0.4395,-8.298095703125,4.434326171875,3.753662109375
0.44,-8.097900390625,2.872802734375,5.074951171875
0.4405,-7.537353515625,1.151123046875,6.236083984375
0.441,-6.776611328125,-0.650634765625,7.197021484375
0.4415,-5.815673828125,-2.492431640625,8.037841796875
0.442,-4.374267578125,-4.174072265625,8.238037109375
0.4425,-2.812744140625,-5.535400390625,8.117919921875
0.443,-1.331298828125,-6.776611328125,7.917724609375
0.4435,0.310302734375,-7.697509765625,7.197021484375
0.444,1.991943359375,-8.578369140625,6.516357421875
0.4445,3.553466796875,-9.138916015625,5.595458984375
0.445,4.954833984375,-9.018798828125,4.154052734375
0.4455,6.075927734375,-8.698486328125,2.752685546875
0.446,7.076904296875,-8.137939453125,1.151123046875
0.4465,7.757568359375,-7.177001953125,-0.530517578125
0.447,8.678466796875,-6.416259765625,-2.172119140625
0.4475,9.038818359375,-5.135009765625,-3.813720703125
0.448,8.598388671875,-3.373291015625,-5.135009765625
0.4485,8.157958984375,-1.771728515625,-6.376220703125
0.449,7.197021484375,0.030029296875,-7.217041015625
0.4495,6.276123046875,1.951904296875,-8.177978515625
0.45,4.994873046875,3.713623046875,-8.658447265625
0.4505,3.233154296875,5.395263671875,-8.578369140625
0.451,1.671630859375,6.556396484375,-8.177978515625
0.4515,0.110107421875,7.637451171875,-7.697509765625
0.452,-1.771728515625,8.358154296875,-6.616455078125
0.4525,-3.533447265625,9.038818359375,-5.695556640625
0.453,-5.014892578125,9.279052734375,-4.454345703125
0.4535,-6.216064453125,8.838623046875,-2.852783203125
0.454,-7.177001953125,8.238037109375,-1.331298828125
0.4545,-7.937744140625,7.237060546875,0.470458984375
0.455,-8.618408203125,6.115966796875,2.272216796875
0.4555,-9.138916015625,5.114990234375,3.873779296875
0.456,-9.218994140625,3.553466796875,5.475341796875
0.4565,-8.458251953125,1.671630859375,6.596435546875
0.457,-7.817626953125,-0.130126953125,7.717529296875
0.4575,-6.376220703125,-2.292236328125,8.398193359375
0.458,-5.094970703125,-4.334228515625,9.118896484375
0.4585,-3.373291015625,-6.015869140625,9.118896484375
0.459,-1.611572265625,-7.337158203125,8.798583984375
0.4595,0.030029296875,-8.298095703125,8.117919921875
0.46,1.791748046875,-9.138916015625,7.277099609375
0.4605,3.873779296875,-9.779541015625,5.915771484375
0.461,5.435302734375,-10.099853515625,4.754638671875
0.4615,6.796630859375,-9.939697265625,3.273193359375
0.462,7.717529296875,-9.178955078125,1.591552734375
0.4625,8.518310546875,-8.378173828125,0.030029296875
0.463,8.998779296875,-6.896728515625,-1.971923828125
0.4635,9.599365234375,-5.695556640625,-3.853759765625
0.464,9.679443359375,-4.334228515625,-5.295166015625
0.4645,9.359130859375,-2.532470703125,-6.816650390625
0.465,8.398193359375,-0.770751953125,-7.617431640625
0.4655,7.437255859375,1.111083984375,-8.498291015625
0.466,5.795654296875,3.353271484375,-9.138916015625
0.4665,4.434326171875,5.275146484375,-9.579345703125
0.467,2.552490234375,6.756591796875,-9.259033203125
0.4675,0.870849609375,7.877685546875,-8.658447265625
0.468,-0.810791015625,8.678466796875,-7.857666015625
0.4685,-2.692626953125,9.319091796875,-6.696533203125
0.469,-4.654541015625,9.839599609375,-5.335205078125
0.4695,-6.095947265625,9.799560546875,-3.973876953125
0.47,-7.297119140625,9.399169921875,-2.372314453125
0.4705,-8.057861328125,8.478271484375,-0.690673828125
0.471,-8.738525390625,7.557373046875,0.950927734375
0.4715,-9.178955078125,5.995849609375,2.952880859375
0.472,-9.619384765625,4.834716796875,4.634521484375
0.4725,-9.579345703125,3.393310546875,5.955810546875
0.473,-8.898681640625,1.471435546875,7.237060546875
0.4735,-7.977783203125,-0.290283203125,8.037841796875
0.474,-6.776611328125,-2.252197265625,8.758544921875
0.4745,-5.135009765625,-4.454345703125,9.359130859375
0.475,-3.533447265625,-6.095947265625,9.439208984375
0.4755,-1.771728515625,-7.497314453125,9.038818359375
0.476,-0.130126953125,-8.378173828125,8.318115234375
0.4765,1.511474609375,-9.138916015625,7.557373046875
0.477,3.433349609375,-9.739501953125,6.236083984375
0.4775,5.155029296875,-10.219970703125,5.074951171875
0.478,6.396240234375,-9.939697265625,3.673583984375
0.4785,7.517333984375,-9.499267578125,2.152099609375
0.479,8.117919921875,-8.538330078125,0.630615234375
0.4795,8.758544921875,-7.537353515625,-1.091064453125
0.48,9.198974609375,-6.095947265625,-2.972900390625
0.4805,9.599365234375,-5.094970703125,-4.414306640625
0.481,9.359130859375,-3.533447265625,-5.775634765625
0.4815,8.518310546875,-1.771728515625,-6.816650390625
0.482,7.797607421875,-0.130126953125,-7.697509765625
0.4825,6.556396484375,1.871826171875,-8.298095703125
0.483,5.315185546875,3.833740234375,-9.018798828125
0.4835,3.753662109375,5.275146484375,-8.898681640625
0.484,2.072021484375,6.676513671875,-8.658447265625
0.4845,0.590576171875,7.437255859375,-7.937744140625
0.485,-1.010986328125,8.318115234375,-7.297119140625
0.4855,-2.812744140625,8.838623046875,-6.135986328125
0.486,-4.294189453125,9.279052734375,-5.135009765625
0.4865,-5.495361328125,9.078857421875,-3.813720703125
0.487,-6.536376953125,8.598388671875,-2.292236328125
0.4875,-7.337158203125,7.917724609375,-0.850830078125
0.488,-7.937744140625,6.876708984375,0.790771484375
0.4885,-8.578369140625,5.875732421875,2.472412109375
0.489,-8.938720703125,4.954833984375,3.753662109375
0.4895,-8.778564453125,3.273193359375,5.235107421875
0.49,-8.097900390625,1.631591796875,6.236083984375
0.4905,-7.457275390625,0.030029296875,7.277099609375
0.491,-6.216064453125,-1.931884765625,7.917724609375
0.4915,-5.135009765625,-3.693603515625,8.598388671875
0.492,-3.573486328125,-5.135009765625,8.478271484375
0.4925,-2.052001953125,-6.416259765625,8.278076171875
0.493,-0.610595703125,-7.337158203125,7.757568359375
0.4935,0.990966796875,-8.177978515625,7.076904296875
0.494,2.712646484375,-8.938720703125,6.156005859375
0.4945,3.993896484375,-9.259033203125,5.275146484375
0.495,5.275146484375,-9.138916015625,3.913818359375
0.4955,6.196044921875,-8.618408203125,2.552490234375
0.496,7.156982421875,-8.057861328125,1.071044921875
0.4965,7.717529296875,-7.056884765625,-0.570556640625
0.497,8.598388671875,-6.376220703125,-2.132080078125
0.4975,8.798583984375,-5.295166015625,-3.453369140625
0.498,8.518310546875,-3.693603515625,-4.934814453125
0.4985,7.997802734375,-2.092041015625,-5.895751953125
0.499,7.357177734375,-0.370361328125,-6.936767578125
0.4995,6.356201171875,1.431396484375,-7.697509765625
0.5,5.355224609375,3.072998046875,-8.338134765625
0.5005,3.753662109375,4.554443359375,-8.218017578125
0.501,2.312255859375,5.755615234375,-7.977783203125
0.5015,0.830810546875,6.876708984375,-7.657470703125
0.502,-0.770751953125,7.637451171875,-6.896728515625
0.5025,-2.372314453125,8.478271484375,-6.216064453125
0.503,-3.653564453125,8.678466796875,-5.135009765625
0.5035,-5.054931640625,8.598388671875,-3.733642578125
0.504,-5.935791015625,8.077880859375,-2.372314453125
0.5045,-6.936767578125,7.477294921875,-0.810791015625
0.505,-7.617431640625,6.556396484375,0.830810546875
0.5055,-8.458251953125,5.875732421875,2.312255859375
0.506,-8.618408203125,4.594482421875,3.753662109375
0.5065,-8.258056640625,2.872802734375,5.155029296875
0.507,-7.737548828125,1.311279296875,6.316162109375
0.5075,-6.896728515625,-0.570556640625,7.197021484375
0.508,-5.855712890625,-2.452392578125,8.117919921875
0.5085,-4.574462890625,-4.013916015625,8.358154296875
0.509,-2.972900390625,-5.615478515625,8.318115234375
0.5095,-1.531494140625,-6.656494140625,7.997802734375
0.51,0.070068359375,-7.737548828125,7.557373046875
0.5105,1.871826171875,-8.498291015625,6.596435546875
0.511,3.473388671875,-9.259033203125,5.755615234375
0.5115,4.794677734375,-9.218994140625,4.514404296875
0.512,6.035888671875,-8.938720703125,3.032958984375
0.5125,6.916748046875,-8.338134765625,1.591552734375
0.513,7.717529296875,-7.537353515625,-0.130126953125
0.5135,8.518310546875,-6.536376953125,-1.931884765625
0.514,8.998779296875,-5.615478515625,-3.373291015625
0.5145,8.958740234375,-3.933837890625,-4.974853515625
0.515,8.318115234375,-2.212158203125,-6.055908203125
0.5155,7.717529296875,-0.530517578125,-7.177001953125
0.516,6.556396484375,1.511474609375,-7.977783203125
0.5165,5.435302734375,3.473388671875,-8.818603515625
0.517,3.753662109375,4.994873046875,-8.658447265625
0.5175,2.072021484375,6.476318359375,-8.458251953125
0.518,0.590576171875,7.397216796875,-7.897705078125
0.5185,-1.131103515625,8.278076171875,-7.177001953125
0.519,-3.173095703125,9.038818359375,-6.055908203125
0.5195,-4.694580078125,9.359130859375,-4.814697265625
0.52,-6.055908203125,9.118896484375,-3.253173828125
0.5205,-7.056884765625,8.478271484375,-1.771728515625
0.521,-7.857666015625,7.677490234375,-0.130126953125
0.5215,-8.498291015625,6.436279296875,1.791748046875
0.522,-9.259033203125,5.275146484375,3.673583984375
0.5225,-9.259033203125,3.993896484375,5.074951171875
0.523,-8.938720703125,2.192138671875,6.596435546875
0.5235,-8.017822265625,0.430419921875,7.437255859375
0.524,-7.136962890625,-1.491455078125,8.358154296875
0.5245,-5.535400390625,-3.813720703125,9.118896484375
0.525,-3.933837890625,-5.735595703125,9.439208984375
0.5255,-2.011962890625,-7.177001953125,8.958740234375
0.526,-0.450439453125,-8.298095703125,8.518310546875
0.5265,1.311279296875,-9.098876953125,7.677490234375
0.527,3.233154296875,-9.739501953125,6.476318359375
0.5275,5.355224609375,-10.500244140625,5.155029296875
0.528,6.636474609375,-10.139892578125,3.593505859375
0.5285,7.917724609375,-9.739501953125,1.991943359375
0.529,8.518310546875,-8.738525390625,0.310302734375
0.5295,9.118896484375,-7.697509765625,-1.411376953125
0.53,9.639404296875,-6.135986328125,-3.493408203125
0.5305,10.079833984375,-4.734619140625,-5.295166015625
0.531,9.599365234375,-2.972900390625,-6.536376953125
0.5315,8.918701171875,-1.131103515625,-7.777587890625
0.532,7.797607421875,0.670654296875,-8.378173828125
0.5325,6.596435546875,2.552490234375,-9.058837890625
0.533,4.874755859375,4.994873046875,-9.739501953125
0.5335,3.072998046875,6.556396484375,-9.539306640625
0.534,1.191162109375,7.837646484375,-8.938720703125
0.5345,-0.450439453125,8.638427734375,-8.218017578125
0.535,-2.092041015625,9.279052734375,-7.257080078125
0.5355,-4.053955078125,9.799560546875,-5.855712890625
0.536,-6.015869140625,10.239990234375,-4.494384765625
0.5365,-7.056884765625,9.519287109375,-2.732666015625
0.537,-8.177978515625,8.998779296875,-1.171142578125
0.5375,-8.658447265625,7.837646484375,0.510498046875
0.538,-9.098876953125,6.676513671875,2.152099609375
0.5385,-9.619384765625,5.235107421875,4.194091796875
0.539,-9.699462890625,3.833740234375,5.675537109375
0.5395,-9.178955078125,2.112060546875,6.916748046875
0.54,-8.338134765625,0.350341796875,7.837646484375
0.5405,-7.297119140625,-1.411376953125,8.478271484375
0.541,-5.895751953125,-3.373291015625,9.038818359375
0.5415,-4.294189453125,-5.575439453125,9.639404296875
0.542,-2.412353515625,-6.856689453125,9.038818359375
0.5425,-0.770751953125,-8.137939453125,8.718505859375
0.543,0.830810546875,-8.738525390625,7.837646484375
0.5435,2.432373046875,-9.339111328125,6.876708984375
0.544,4.354248046875,-9.899658203125,5.595458984375
0.5445,5.835693359375,-10.059814453125,4.354248046875
0.545,6.796630859375,-9.539306640625,2.752685546875
0.5455,7.717529296875,-8.938720703125,1.311279296875
0.546,8.278076171875,-7.977783203125,-0.250244140625
0.5465,8.718505859375,-6.776611328125,-1.811767578125
0.547,9.359130859375,-5.615478515625,-3.693603515625
0.5475,9.198974609375,-4.294189453125,-4.854736328125
0.548,8.878662109375,-2.612548828125,-6.176025390625
0.5485,7.997802734375,-1.010986328125,-6.936767578125
0.549,7.197021484375,0.630615234375,-7.737548828125
0.5495,5.955810546875,2.512451171875,-8.338134765625
0.55,4.674560546875,4.314208984375,-8.898681640625
0.5505,2.952880859375,5.515380859375,-8.378173828125
0.551,1.511474609375,6.716552734375,-8.177978515625
0.5515,0.150146484375,7.437255859375,-7.537353515625
0.552,-1.411376953125,8.197998046875,-6.816650390625
0.5525,-3.173095703125,8.918701171875,-5.815673828125
0.553,-4.414306640625,8.878662109375,-4.654541015625
0.5535,-5.615478515625,8.598388671875,-3.333251953125
0.554,-6.416259765625,7.997802734375,-1.931884765625
0.5545,-7.217041015625,7.397216796875,-0.450439453125
0.555,-7.857666015625,6.436279296875,1.151123046875
0.5555,-8.618408203125,5.635498046875,2.752685546875
0.556,-8.578369140625,4.474365234375,3.913818359375
0.5565,-8.338134765625,2.792724609375,5.395263671875
0.557,-7.697509765625,1.231201171875,6.276123046875
0.5575,-6.976806640625,-0.530517578125,7.317138671875
0.558,-5.855712890625,-2.412353515625,8.037841796875
0.5585,-4.574462890625,-3.973876953125,8.358154296875
0.559,-3.052978515625,-5.335205078125,8.197998046875
0.5595,-1.651611328125,-6.496337890625,7.957763671875
0.56,-0.250244140625,-7.417236328125,7.477294921875
0.5605,1.311279296875,-8.258056640625,6.796630859375
0.561,3.032958984375,-9.098876953125,5.955810546875
0.5615,4.154052734375,-8.978759765625,4.794677734375
0.562,5.515380859375,-8.938720703125,3.393310546875
0.5625,6.356201171875,-8.258056640625,2.072021484375
0.563,7.277099609375,-7.657470703125,0.510498046875
0.5635,7.997802734375,-6.776611328125,-1.131103515625
0.564,8.678466796875,-5.935791015625,-2.612548828125
0.5645,8.598388671875,-4.614501953125,-3.933837890625
0.565,8.238037109375,-2.972900390625,-5.255126953125
0.5655,7.677490234375,-1.411376953125,-6.256103515625
0.566,6.916748046875,0.350341796875,-7.217041015625
0.5665,5.915771484375,2.272216796875,-8.097900390625
0.567,4.554443359375,3.713623046875,-8.177978515625
0.5675,2.992919921875,5.195068359375,-8.137939453125
0.568,1.631591796875,6.236083984375,-7.777587890625
0.5685,0.150146484375,7.197021484375,-7.337158203125
0.569,-1.531494140625,7.997802734375,-6.536376953125
0.5695,-3.133056640625,8.638427734375,-5.695556640625
0.57,-4.334228515625,8.438232421875,-4.334228515625
0.5705,-5.615478515625,8.318115234375,-2.932861328125
0.571,-6.416259765625,7.717529296875,-1.531494140625
0.5715,-7.337158203125,7.036865234375,0.110107421875
0.572,-8.177978515625,6.156005859375,1.791748046875
0.5725,-8.578369140625,5.114990234375,3.193115234375
0.573,-8.418212890625,3.593505859375,4.634521484375
0.5735,-7.937744140625,1.951904296875,5.835693359375
0.574,-7.337158203125,0.270263671875,6.916748046875
0.5745,-6.336181640625,-1.651611328125,7.757568359375
0.575,-5.094970703125,-3.573486328125,8.438232421875
0.5755,-3.453369140625,-4.974853515625,8.197998046875
0.576,-2.011962890625,-6.416259765625,8.197998046875
0.5765,-0.570556640625,-7.297119140625,7.677490234375
0.577,1.111083984375,-8.258056640625,7.036865234375
0.5775,2.912841796875,-9.058837890625,6.115966796875
0.578,4.354248046875,-9.339111328125,4.954833984375
0.5785,5.595458984375,-9.018798828125,3.513427734375
0.579,6.556396484375,-8.578369140625,2.072021484375
0.5795,7.397216796875,-7.817626953125,0.590576171875
0.58,8.117919921875,-6.896728515625,-1.131103515625
0.5805,8.918701171875,-5.895751953125,-2.932861328125
0.581,8.838623046875,-4.534423828125,-4.214111328125
0.5815,8.518310546875,-2.852783203125,-5.615478515625
0.582,7.797607421875,-1.251220703125,-6.496337890625
0.5825,7.076904296875,0.470458984375,-7.497314453125
0.583,5.915771484375,2.512451171875,-8.298095703125
0.5835,4.514404296875,4.234130859375,-8.658447265625
0.584,2.752685546875,5.595458984375,-8.298095703125
0.5845,1.351318359375,6.796630859375,-8.057861328125
0.585,-0.250244140625,7.557373046875,-7.377197265625
0.5855,-1.851806640625,8.358154296875,-6.576416015625
0.586,-3.773681640625,9.118896484375,-5.575439453125
0.5865,-5.014892578125,8.958740234375,-4.093994140625
0.587,-6.336181640625,8.718505859375,-2.612548828125
0.5875,-7.056884765625,7.917724609375,-1.131103515625
0.588,-7.817626953125,7.076904296875,0.510498046875
0.5885,-8.538330078125,6.075927734375,2.272216796875
0.589,-9.098876953125,4.914794921875,3.953857421875
0.5895,-8.738525390625,3.313232421875,5.235107421875
0.59,-8.338134765625,1.591552734375,6.596435546875
0.5905,-7.417236328125,-0.130126953125,7.357177734375
0.591,-6.456298828125,-1.931884765625,8.197998046875
0.5915,-5.014892578125,-4.134033203125,8.918701171875
0.592,-3.333251953125,-5.695556640625,8.798583984375
0.5925,-1.651611328125,-7.056884765625,8.478271484375
0.593,-0.170166015625,-7.977783203125,7.957763671875
0.5935,1.511474609375,-8.738525390625,7.076904296875
0.594,3.353271484375,-9.499267578125,6.075927734375
0.5945,5.155029296875,-9.979736328125,4.874755859375
0.595,6.236083984375,-9.379150390625,3.233154296875
0.5955,7.437255859375,-9.018798828125,1.791748046875
0.596,7.997802734375,-8.017822265625,0.190185546875
0.5965,8.678466796875,-7.056884765625,-1.531494140625
0.597,9.319091796875,-5.775634765625,-3.453369140625
0.5975,9.399169921875,-4.374267578125,-4.974853515625
0.598,8.878662109375,-2.572509765625,-6.256103515625
0.5985,8.197998046875,-0.970947265625,-7.217041015625
0.599,7.197021484375,0.790771484375,-7.937744140625
0.5995,6.115966796875,2.672607421875,-8.698486328125
0.6,4.514404296875,4.834716796875,-9.299072265625
0.6005,2.672607421875,6.156005859375,-8.698486328125
0.601,1.071044921875,7.357177734375,-8.418212890625
0.6015,-0.530517578125,8.077880859375,-7.657470703125
0.602,-2.212158203125,8.718505859375,-6.696533203125
0.6025,-4.093994140625,9.479248046875,-5.575439453125
0.603,-5.615478515625,9.599365234375,-4.174072265625
0.6035,-6.696533203125,8.958740234375,-2.492431640625
0.604,-7.657470703125,8.358154296875,-1.010986328125
0.6045,-8.177978515625,7.197021484375,0.670654296875
0.605,-8.778564453125,6.236083984375,2.312255859375
0.6055,-9.419189453125,4.954833984375,4.314208984375
0.606,-9.098876953125,3.353271484375,5.595458984375
0.6065,-8.658447265625,1.591552734375,6.836669921875
0.607,-7.697509765625,-0.130126953125,7.677490234375
0.6075,-6.656494140625,-1.931884765625,8.358154296875
0.608,-5.295166015625,-3.933837890625,9.038818359375
0.6085,-3.613525390625,-5.855712890625,9.279052734375
0.609,-1.811767578125,-7.056884765625,8.638427734375
0.6095,-0.290283203125,-8.177978515625,8.278076171875
0.61,1.431396484375,-8.818603515625,7.237060546875
0.6105,3.032958984375,-9.379150390625,6.316162109375
0.611,4.954833984375,-10.059814453125,5.114990234375
0.6115,6.156005859375,-9.699462890625,3.633544921875
0.612,7.237060546875,-9.178955078125,2.072021484375
0.6125,7.957763671875,-8.338134765625,0.590576171875
0.613,8.478271484375,-7.297119140625,-1.131103515625
0.6135,9.078857421875,-6.216064453125,-2.732666015625
0.614,9.559326171875,-4.934814453125,-4.614501953125
0.6145,8.998779296875,-3.213134765625,-5.735595703125
0.615,8.478271484375,-1.531494140625,-6.896728515625
0.6155,7.477294921875,0.150146484375,-7.537353515625
0.616,6.516357421875,1.871826171875,-8.298095703125
0.6165,5.195068359375,3.873779296875,-8.978759765625
0.617,3.513427734375,5.435302734375,-8.858642578125
0.6175,1.791748046875,6.636474609375,-8.378173828125
0.618,0.390380859375,7.597412109375,-7.977783203125
0.6185,-1.251220703125,8.278076171875,-7.056884765625
0.619,-2.852783203125,8.878662109375,-6.135986328125
0.6195,-4.614501953125,9.439208984375,-4.974853515625
0.62,-5.735595703125,8.878662109375,-3.413330078125
0.6205,-6.896728515625,8.558349609375,-1.931884765625
0.621,-7.497314453125,7.677490234375,-0.490478515625
0.6215,-8.137939453125,6.716552734375,1.191162109375
0.622,-8.818603515625,5.755615234375,2.872802734375
0.6225,-9.058837890625,4.394287109375,4.474365234375
0.623,-8.618408203125,2.792724609375,5.635498046875
0.6235,-8.057861328125,1.111083984375,6.836669921875
0.624,-7.096923828125,-0.610595703125,7.517333984375
0.6245,-6.176025390625,-2.372314453125,8.318115234375
0.625,-4.734619140625,-4.454345703125,8.918701171875
0.6255,-3.012939453125,-5.815673828125,8.598388671875
0.626,-1.451416015625,-7.136962890625,8.318115234375
0.6265,0.070068359375,-7.937744140625,7.717529296875
0.627,1.671630859375,-8.618408203125,6.876708984375
0.6275,3.393310546875,-9.339111328125,5.915771484375
0.628,4.994873046875,-9.659423828125,4.754638671875
0.6285,6.075927734375,-9.138916015625,3.193115234375
0.629,7.116943359375,-8.698486328125,1.751708984375
0.6295,7.717529296875,-7.737548828125,0.230224609375
0.63,8.398193359375,-6.896728515625,-1.411376953125
0.6305,9.118896484375,-5.815673828125,-3.173095703125
0.631,8.998779296875,-4.334228515625,-4.654541015625
0.6315,8.598388671875,-2.692626953125,-5.815673828125
0.632,7.917724609375,-1.010986328125,-6.856689453125
0.6325,7.076904296875,0.630615234375,-7.617431640625
0.633,6.035888671875,2.432373046875,-8.418212890625
0.6335,4.514404296875,4.354248046875,-8.818603515625
0.634,2.712646484375,5.635498046875,-8.378173828125
0.6345,1.271240234375,6.916748046875,-8.137939453125
0.635,-0.290283203125,7.717529296875,-7.417236328125
0.6355,-1.891845703125,8.398193359375,-6.616455078125
0.636,-3.653564453125,9.158935546875,-5.655517578125
0.6365,-5.054931640625,9.078857421875,-4.214111328125
0.637,-6.216064453125,8.678466796875,-2.692626953125
0.6375,-7.136962890625,8.037841796875,-1.211181640625
0.638,-7.697509765625,7.076904296875,0.430419921875
0.6385,-8.458251953125,6.236083984375,2.031982421875
0.639,-9.098876953125,5.074951171875,3.873779296875
0.6395,-8.738525390625,3.393310546875,5.155029296875
0.64,-8.378173828125,1.791748046875,6.476318359375
0.6405,-7.457275390625,0.030029296875,7.237060546875
0.641,-6.536376953125,-1.811767578125,8.077880859375
0.6415,-5.255126953125,-3.773681640625,8.758544921875
0.642,-3.573486328125,-5.535400390625,8.838623046875
0.6425,-1.891845703125,-6.736572265625,8.398193359375
0.643,-0.370361328125,-7.817626953125,8.037841796875
0.6435,1.351318359375,-8.538330078125,7.076904296875
0.644,3.032958984375,-9.259033203125,6.196044921875
0.6445,4.794677734375,-9.859619140625,5.114990234375
0.645,5.995849609375,-9.419189453125,3.513427734375
0.6455,7.076904296875,-8.978759765625,2.031982421875
0.646,7.837646484375,-8.137939453125,0.470458984375
0.6465,8.438232421875,-7.096923828125,-1.251220703125
0.647,9.118896484375,-6.095947265625,-2.932861328125
0.6475,9.479248046875,-4.694580078125,-4.734619140625
0.648,8.838623046875,-2.892822265625,-5.895751953125
0.6485,8.318115234375,-1.251220703125,-7.056884765625
0.649,7.237060546875,0.510498046875,-7.697509765625
0.6495,6.276123046875,2.312255859375,-8.538330078125
0.65,4.834716796875,4.354248046875,-9.138916015625
0.6505,2.992919921875,5.835693359375,-8.778564453125
0.651,1.351318359375,7.076904296875,-8.338134765625
0.6515,-0.250244140625,7.997802734375,-7.737548828125
0.652,-2.011962890625,8.638427734375,-6.696533203125
0.6525,-3.693603515625,9.279052734375,-5.695556640625
0.653,-5.375244140625,9.639404296875,-4.454345703125
0.6535,-6.456298828125,8.918701171875,-2.732666015625
0.654,-7.537353515625,8.438232421875,-1.211181640625
0.6545,-8.057861328125,7.317138671875,0.510498046875
0.655,-8.698486328125,6.316162109375,2.192138671875
0.6555,-9.299072265625,5.195068359375,3.913818359375
0.656,-9.259033203125,3.593505859375,5.475341796875
0.6565,-8.618408203125,1.831787109375,6.636474609375
0.657,-7.897705078125,0.030029296875,7.717529296875
0.6575,-6.576416015625,-1.971923828125,8.318115234375
0.658,-5.415283203125,-3.813720703125,8.998779296875
0.6585,-3.773681640625,-5.735595703125,9.279052734375
0.659,-1.931884765625,-7.016845703125,8.718505859375
0.6595,-0.370361328125,-8.137939453125,8.318115234375
0.66,1.391357421875,-8.938720703125,7.397216796875
0.6605,3.233154296875,-9.539306640625,6.236083984375
0.661,4.874755859375,-10.059814453125,5.155029296875
0.6615,6.356201171875,-9.979736328125,3.793701171875
0.662,7.317138671875,-9.259033203125,2.072021484375
0.6625,8.238037109375,-8.618408203125,0.510498046875
0.663,8.678466796875,-7.217041015625,-1.371337890625
0.6635,9.279052734375,-6.176025390625,-3.012939453125
0.664,9.759521484375,-4.894775390625,-4.814697265625
0.6645,9.279052734375,-3.052978515625,-6.176025390625
0.665,8.598388671875,-1.411376953125,-7.217041015625
0.6655,7.637451171875,0.470458984375,-8.017822265625
0.666,6.356201171875,2.392333984375,-8.818603515625
0.6665,5.074951171875,4.354248046875,-9.299072265625
0.667,3.313232421875,6.115966796875,-9.299072265625
0.6675,1.471435546875,7.237060546875,-8.658447265625
0.668,-0.130126953125,8.238037109375,-8.137939453125
0.6685,-1.971923828125,8.878662109375,-6.936767578125
0.669,-3.693603515625,9.479248046875,-5.815673828125
0.6695,-5.375244140625,9.839599609375,-4.654541015625
0.67,-6.576416015625,9.359130859375,-3.052978515625
0.6705,-7.577392578125,8.678466796875,-1.411376953125
0.671,-8.378173828125,7.837646484375,0.310302734375
0.6715,-8.858642578125,6.436279296875,2.192138671875
0.672,-9.419189453125,5.435302734375,3.793701171875
0.6725,-9.699462890625,4.033935546875,5.475341796875
0.673,-8.898681640625,2.072021484375,6.716552734375
0.6735,-8.338134765625,0.310302734375,7.837646484375
0.674,-7.056884765625,-1.611572265625,8.598388671875
0.6745,-5.655517578125,-3.773681640625,9.158935546875
0.675,-4.134033203125,-5.575439453125,9.479248046875
0.6755,-2.332275390625,-7.096923828125,9.239013671875
0.676,-0.570556640625,-8.177978515625,8.518310546875
0.6765,1.111083984375,-9.098876953125,7.877685546875
0.677,3.193115234375,-9.659423828125,6.436279296875
0.6775,4.834716796875,-10.179931640625,5.315185546875
0.678,6.396240234375,-10.380126953125,4.033935546875
0.6785,7.437255859375,-9.659423828125,2.352294921875
0.679,8.318115234375,-8.898681640625,0.790771484375
0.6795,8.918701171875,-7.697509765625,-1.051025390625
0.68,9.439208984375,-6.376220703125,-2.932861328125
0.6805,9.839599609375,-5.255126953125,-4.494384765625
0.681,9.719482421875,-3.773681640625,-6.135986328125
0.6815,8.838623046875,-1.691650390625,-7.177001953125
0.682,8.157958984375,0.070068359375,-8.177978515625
0.6825,6.676513671875,2.232177734375,-8.738525390625
0.683,5.395263671875,4.154052734375,-9.419189453125
0.6835,3.713623046875,5.915771484375,-9.499267578125
0.684,1.791748046875,7.277099609375,-8.978759765625
0.6845,0.150146484375,8.197998046875,-8.298095703125
0.685,-1.611572265625,9.038818359375,-7.457275390625
0.6855,-3.613525390625,9.599365234375,-6.095947265625
0.686,-5.135009765625,9.919677734375,-4.934814453125
0.6865,-6.576416015625,9.839599609375,-3.493408203125
0.687,-7.537353515625,8.998779296875,-1.731689453125
0.6875,-8.378173828125,8.238037109375,-0.130126953125
0.688,-8.818603515625,6.796630859375,1.791748046875
0.6885,-9.419189453125,5.675537109375,3.553466796875
0.689,-9.619384765625,4.354248046875,4.914794921875
0.6895,-9.379150390625,2.592529296875,6.556396484375
0.69,-8.498291015625,0.790771484375,7.557373046875
0.6905,-7.577392578125,-1.091064453125,8.438232421875
0.691,-5.975830078125,-3.253173828125,9.038818359375
0.6915,-4.614501953125,-5.094970703125,9.479248046875
0.692,-2.852783203125,-6.776611328125,9.359130859375
0.6925,-1.051025390625,-7.937744140625,8.758544921875
0.693,0.630615234375,-8.778564453125,8.077880859375
0.6935,2.472412109375,-9.459228515625,6.916748046875
0.694,4.314208984375,-10.019775390625,5.715576171875
0.6945,5.715576171875,-10.179931640625,4.554443359375
0.695,6.956787109375,-9.899658203125,3.072998046875
0.6955,7.757568359375,-9.018798828125,1.431396484375
0.696,8.558349609375,-8.218017578125,-0.250244140625
0.6965,8.958740234375,-6.736572265625,-2.092041015625
0.697,9.519287109375,-5.695556640625,-3.573486328125
0.6975,9.639404296875,-4.454345703125,-5.175048828125
0.698,8.998779296875,-2.572509765625,-6.456298828125
0.6985,8.238037109375,-0.850830078125,-7.337158203125
0.699,7.197021484375,0.950927734375,-8.097900390625
0.6995,5.875732421875,2.912841796875,-8.738525390625
0.7,4.674560546875,4.514404296875,-9.098876953125
0.7005,2.872802734375,6.075927734375,-8.858642578125
0.701,1.271240234375,7.076904296875,-8.258056640625
0.7015,-0.290283203125,7.997802734375,-7.697509765625
0.702,-2.052001953125,8.558349609375,-6.536376953125
0.7025,-3.613525390625,9.158935546875,-5.655517578125
0.703,-4.974853515625,9.279052734375,-4.534423828125
0.7035,-6.095947265625,8.878662109375,-3.052978515625
0.704,-6.896728515625,8.197998046875,-1.571533203125
0.7045,-7.657470703125,7.397216796875,0.030029296875
0.705,-8.177978515625,6.276123046875,1.591552734375
0.7055,-8.778564453125,5.475341796875,2.992919921875
0.706,-8.898681640625,4.154052734375,4.514404296875
0.7065,-8.298095703125,2.472412109375,5.635498046875
0.707,-7.777587890625,0.870849609375,6.756591796875
0.7075,-6.736572265625,-0.890869140625,7.397216796875
0.708,-5.815673828125,-2.572509765625,8.197998046875
0.7085,-4.574462890625,-4.134033203125,8.478271484375
0.709,-2.932861328125,-5.535400390625,8.318115234375
0.7095,-1.571533203125,-6.576416015625,7.917724609375
0.71,0.030029296875,-7.617431640625,7.517333984375
0.7105,1.551513671875,-8.258056640625,6.636474609375
0.711,2.952880859375,-8.978759765625,5.995849609375
0.7115,4.234130859375,-9.098876953125,4.874755859375
0.712,5.315185546875,-8.778564453125,3.513427734375
0.7125,6.356201171875,-8.338134765625,2.112060546875
0.713,7.036865234375,-7.577392578125,0.710693359375
0.7135,7.837646484375,-7.016845703125,-0.770751953125
0.714,8.518310546875,-6.296142578125,-2.212158203125
0.7145,8.598388671875,-4.814697265625,-3.693603515625
0.715,8.157958984375,-3.373291015625,-4.734619140625
0.7155,7.717529296875,-1.771728515625,-5.935791015625
0.716,6.996826171875,-0.210205078125,-6.696533203125
0.7165,6.356201171875,1.471435546875,-7.737548828125
0.717,5.034912109375,3.072998046875,-7.977783203125
0.7175,3.553466796875,4.474365234375,-7.937744140625
0.718,2.272216796875,5.635498046875,-7.777587890625
0.7185,0.910888671875,6.596435546875,-7.417236328125
0.719,-0.610595703125,7.477294921875,-6.896728515625
0.7195,-1.971923828125,8.197998046875,-6.336181640625
0.72,-3.333251953125,8.318115234375,-5.094970703125
0.7205,-4.494384765625,8.157958984375,-3.813720703125
0.721,-5.735595703125,7.837646484375,-2.412353515625
0.7215,-6.456298828125,7.116943359375,-1.010986328125
0.722,-7.577392578125,6.716552734375,0.590576171875
0.7225,-8.177978515625,5.955810546875,1.991943359375
0.723,-8.177978515625,4.514404296875,3.473388671875
0.7235,-7.977783203125,3.072998046875,4.754638671875
0.724,-7.457275390625,1.351318359375,5.915771484375
0.7245,-6.776611328125,-0.330322265625,6.916748046875
0.725,-5.975830078125,-2.011962890625,7.797607421875
0.7255,-4.534423828125,-3.613525390625,7.957763671875
0.726,-3.173095703125,-5.014892578125,7.957763671875
0.7265,-1.691650390625,-6.296142578125,7.797607421875
0.727,-0.290283203125,-7.136962890625,7.237060546875
0.7275,1.351318359375,-8.177978515625,6.756591796875
0.728,2.752685546875,-8.778564453125,5.955810546875
0.7285,4.154052734375,-8.738525390625,4.634521484375
0.729,5.315185546875,-8.538330078125,3.273193359375
0.7295,6.396240234375,-8.137939453125,1.791748046875
0.73,7.197021484375,-7.417236328125,0.270263671875
0.7305,8.238037109375,-6.776611328125,-1.331298828125
0.731,8.558349609375,-5.575439453125,-2.892822265625
0.7315,8.278076171875,-3.973876953125,-4.254150390625
0.732,7.997802734375,-2.412353515625,-5.575439453125
0.7325,7.317138671875,-0.770751953125,-6.496337890625
0.733,6.596435546875,1.071044921875,-7.617431640625
0.7335,5.435302734375,2.752685546875,-8.137939453125
0.734,3.833740234375,4.394287109375,-8.137939453125
0.7345,2.432373046875,5.635498046875,-7.977783203125
0.735,0.910888671875,6.796630859375,-7.657470703125
0.7355,-0.770751953125,7.637451171875,-6.896728515625
0.736,-2.452392578125,8.478271484375,-6.135986328125
0.7365,-3.853759765625,8.758544921875,-5.054931640625
0.737,-5.215087890625,8.478271484375,-3.493408203125
0.7375,-6.256103515625,8.037841796875,-2.052001953125
0.738,-7.096923828125,7.197021484375,-0.450439453125
0.7385,-7.977783203125,6.436279296875,1.311279296875
0.739,-8.658447265625,5.595458984375,2.872802734375
0.7395,-8.738525390625,4.073974609375,4.514404296875
0.74,-8.258056640625,2.352294921875,5.755615234375
0.7405,-7.697509765625,0.630615234375,6.916748046875
0.741,-6.536376953125,-1.411376953125,7.717529296875
0.7415,-5.415283203125,-3.333251953125,8.558349609375
0.742,-3.853759765625,-5.014892578125,8.678466796875
0.7425,-2.212158203125,-6.456298828125,8.478271484375
0.743,-0.650634765625,-7.497314453125,7.997802734375
0.7435,1.111083984375,-8.458251953125,7.237060546875
0.744,3.032958984375,-9.259033203125,6.156005859375
0.7445,4.594482421875,-9.659423828125,5.114990234375
0.745,5.955810546875,-9.539306640625,3.713623046875
0.7455,6.996826171875,-8.978759765625,2.072021484375
0.746,7.877685546875,-8.298095703125,0.510498046875
0.7465,8.478271484375,-6.976806640625,-1.411376953125
0.747,9.198974609375,-5.895751953125,-3.213134765625
0.7475,9.359130859375,-4.654541015625,-4.694580078125
0.748,9.038818359375,-2.812744140625,-6.216064453125
0.7485,8.238037109375,-1.131103515625,-7.096923828125
0.749,7.357177734375,0.790771484375,-8.057861328125
0.7495,5.835693359375,2.992919921875,-8.778564453125
0.75,4.514404296875,4.874755859375,-9.259033203125
0.7505,2.632568359375,6.396240234375,-8.938720703125
0.751,1.031005859375,7.557373046875,-8.458251953125
0.7515,-0.610595703125,8.358154296875,-7.777587890625
0.752,-2.532470703125,9.038818359375,-6.576416015625
0.7525,-4.494384765625,9.679443359375,-5.375244140625
0.753,-5.895751953125,9.639404296875,-3.973876953125
0.7535,-7.177001953125,9.239013671875,-2.412353515625
0.754,-7.897705078125,8.318115234375,-0.770751953125
0.7545,-8.618408203125,7.397216796875,0.990966796875
0.755,-9.098876953125,5.875732421875,3.032958984375
0.7555,-9.619384765625,4.674560546875,4.714599609375
0.756,-9.459228515625,3.193115234375,6.075927734375
0.7565,-8.778564453125,1.311279296875,7.317138671875
0.757,-7.897705078125,-0.490478515625,8.157958984375
0.7575,-6.576416015625,-2.532470703125,8.878662109375
0.758,-4.934814453125,-4.814697265625,9.559326171875
0.7585,-3.173095703125,-6.496337890625,9.439208984375
0.759,-1.411376953125,-7.857666015625,9.038818359375
0.7595,0.270263671875,-8.698486328125,8.318115234375
0.76,1.951904296875,-9.459228515625,7.437255859375
0.7605,3.993896484375,-9.979736328125,6.035888671875
0.761,5.755615234375,-10.500244140625,4.754638671875
0.7615,7.036865234375,-10.099853515625,3.193115234375
0.762,8.077880859375,-9.579345703125,1.591552734375
0.7625,8.678466796875,-8.458251953125,0.030029296875
0.763,9.158935546875,-7.257080078125,-1.811767578125
0.7635,9.679443359375,-5.735595703125,-3.893798828125
0.764,9.839599609375,-4.414306640625,-5.375244140625
0.7645,9.559326171875,-2.772705078125,-6.696533203125
0.765,8.598388671875,-0.970947265625,-7.617431640625
0.7655,7.677490234375,0.790771484375,-8.338134765625
0.766,6.196044921875,2.832763671875,-8.938720703125
0.7665,4.754638671875,4.954833984375,-9.579345703125
0.767,2.912841796875,6.356201171875,-9.138916015625
0.7675,1.191162109375,7.677490234375,-8.818603515625
0.768,-0.410400390625,8.318115234375,-7.937744140625
0.7685,-2.011962890625,8.998779296875,-7.056884765625
0.769,-3.973876953125,9.599365234375,-5.695556640625
0.7695,-5.535400390625,9.759521484375,-4.454345703125
0.77,-6.656494140625,9.279052734375,-2.892822265625
0.7705,-7.577392578125,8.678466796875,-1.331298828125
0.771,-8.218017578125,7.717529296875,0.230224609375
0.7715,-8.658447265625,6.476318359375,1.951904296875
0.772,-9.259033203125,5.235107421875,3.833740234375
0.7725,-9.259033203125,3.993896484375,5.074951171875
0.773,-8.938720703125,2.312255859375,6.436279296875
0.7735,-8.057861328125,0.630615234375,7.277099609375
0.774,-7.217041015625,-1.131103515625,8.117919921875
0.7745,-5.735595703125,-3.173095703125,8.678466796875
0.775,-4.334228515625,-5.014892578125,9.118896484375
0.7755,-2.572509765625,-6.336181640625,8.718505859375
0.776,-1.091064453125,-7.577392578125,8.398193359375
0.7765,0.510498046875,-8.298095703125,7.717529296875
0.777,2.112060546875,-8.938720703125,6.756591796875
0.7775,3.913818359375,-9.659423828125,5.675537109375
0.778,5.195068359375,-9.659423828125,4.514404296875
0.7785,6.396240234375,-9.419189453125,3.072998046875
0.779,7.116943359375,-8.618408203125,1.591552734375
0.7795,7.877685546875,-7.857666015625,0.150146484375
0.78,8.358154296875,-6.656494140625,-1.651611328125
0.7805,9.078857421875,-5.735595703125,-3.253173828125
0.781,8.998779296875,-4.494384765625,-4.494384765625
0.7815,8.638427734375,-2.732666015625,-5.815673828125
0.782,7.877685546875,-1.211181640625,-6.656494140625
0.7825,7.076904296875,0.550537109375,-7.537353515625
0.783,5.875732421875,2.432373046875,-8.298095703125
0.7835,4.674560546875,3.993896484375,-8.618408203125
0.784,3.032958984375,5.395263671875,-8.298095703125
0.7845,1.631591796875,6.436279296875,-8.017822265625
0.785,0.190185546875,7.357177734375,-7.497314453125
0.7855,-1.451416015625,7.997802734375,-6.656494140625
0.786,-3.093017578125,8.758544921875,-5.815673828125
0.7865,-4.254150390625,8.678466796875,-4.654541015625
0.787,-5.575439453125,8.598388671875,-3.213134765625
0.7875,-6.336181640625,7.917724609375,-1.851806640625
0.788,-7.217041015625,7.237060546875,-0.330322265625
0.7885,-7.857666015625,6.316162109375,1.311279296875
0.789,-8.578369140625,5.595458984375,2.752685546875
0.7895,-8.578369140625,4.234130859375,4.154052734375
0.79,-8.177978515625,2.552490234375,5.435302734375
0.7905,-7.617431640625,0.990966796875,6.436279296875
0.791,-6.736572265625,-0.810791015625,7.357177734375
0.7915,-5.695556640625,-2.692626953125,8.157958984375
0.792,-4.374267578125,-4.134033203125,8.318115234375
0.7925,-2.852783203125,-5.615478515625,8.238037109375
0.793,-1.411376953125,-6.656494140625,7.837646484375
0.7935,0.150146484375,-7.697509765625,7.397216796875
0.794,1.791748046875,-8.458251953125,6.556396484375
0.7945,3.313232421875,-9.138916015625,5.755615234375
0.795,4.554443359375,-8.978759765625,4.514404296875
0.7955,5.755615234375,-8.738525390625,3.072998046875
0.796,6.676513671875,-8.177978515625,1.671630859375
0.7965,7.437255859375,-7.377197265625,0.110107421875
0.797,8.318115234375,-6.576416015625,-1.611572265625
0.7975,8.718505859375,-5.695556640625,-3.012939453125
0.798,8.678466796875,-4.134033203125,-4.494384765625
0.7985,8.117919921875,-2.532470703125,-5.575439453125
0.799,7.597412109375,-0.850830078125,-6.696533203125
0.7995,6.556396484375,0.990966796875,-7.537353515625
0.8,5.635498046875,2.872802734375,-8.338134765625
0.8005,4.033935546875,4.314208984375,-8.258056640625
0.801,2.512451171875,5.755615234375,-8.177978515625
0.8015,1.111083984375,6.716552734375,-7.737548828125
0.802,-0.490478515625,7.637451171875,-7.177001953125
0.8025,-2.292236328125,8.478271484375,-6.296142578125
0.803,-3.773681640625,8.838623046875,-5.255126953125
0.8035,-5.135009765625,8.718505859375,-3.813720703125
0.804,-6.135986328125,8.278076171875,-2.332275390625
0.8045,-7.056884765625,7.637451171875,-0.810791015625
0.805,-7.817626953125,6.676513671875,0.990966796875
0.8055,-8.658447265625,5.755615234375,2.712646484375
0.806,-8.818603515625,4.554443359375,4.073974609375
0.8065,-8.578369140625,2.792724609375,5.635498046875
0.807,-7.937744140625,1.151123046875,6.596435546875
0.8075,-7.136962890625,-0.730712890625,7.677490234375
0.808,-5.775634765625,-2.852783203125,8.478271484375
0.8085,-4.374267578125,-4.654541015625,8.838623046875
0.809,-2.612548828125,-6.135986328125,8.558349609375
0.8095,-1.131103515625,-7.377197265625,8.278076171875
0.81,0.510498046875,-8.298095703125,7.637451171875
0.8105,2.312255859375,-9.098876953125,6.636474609375
0.811,4.314208984375,-9.859619140625,5.515380859375
0.8115,5.635498046875,-9.659423828125,4.114013671875
0.812,6.956787109375,-9.419189453125,2.552490234375
0.8125,7.717529296875,-8.538330078125,0.990966796875
0.813,8.438232421875,-7.617431640625,-0.730712890625
0.8135,9.078857421875,-6.256103515625,-2.732666015625
0.814,9.639404296875,-5.054931640625,-4.494384765625
0.8145,9.279052734375,-3.333251953125,-5.855712890625
0.815,8.718505859375,-1.611572265625,-7.056884765625
0.8155,7.757568359375,0.190185546875,-7.817626953125
0.816,6.636474609375,2.072021484375,-8.658447265625
0.8165,5.114990234375,4.434326171875,-9.419189453125
0.817,3.273193359375,6.035888671875,-9.218994140625
0.8175,1.471435546875,7.397216796875,-8.818603515625
0.818,-0.130126953125,8.238037109375,-8.137939453125
0.8185,-1.851806640625,8.958740234375,-7.217041015625
0.819,-3.853759765625,9.639404296875,-5.895751953125
0.8195,-5.735595703125,10.119873046875,-4.534423828125
0.82,-6.896728515625,9.439208984375,-2.772705078125
0.8205,-8.057861328125,8.998779296875,-1.211181640625
0.821,-8.578369140625,7.797607421875,0.550537109375
0.8215,-9.098876953125,6.556396484375,2.272216796875
0.822,-9.739501953125,5.114990234375,4.434326171875
0.8225,-9.739501953125,3.593505859375,5.955810546875
0.823,-9.178955078125,1.791748046875,7.237060546875
0.8235,-8.338134765625,0.030029296875,8.197998046875
0.824,-7.177001953125,-1.891845703125,8.838623046875
0.8245,-5.695556640625,-3.933837890625,9.399169921875
0.825,-3.893798828125,-6.216064453125,9.919677734375
0.8255,-1.931884765625,-7.537353515625,9.198974609375
0.826,-0.290283203125,-8.818603515625,8.838623046875
0.8265,1.431396484375,-9.379150390625,7.797607421875
0.827,3.193115234375,-9.859619140625,6.636474609375
0.8275,5.275146484375,-10.540283203125,5.275146484375
0.828,6.796630859375,-10.500244140625,3.793701171875
0.8285,7.797607421875,-9.699462890625,2.072021484375
0.829,8.638427734375,-8.978759765625,0.510498046875
0.8295,9.038818359375,-7.697509765625,-1.251220703125
0.83,9.479248046875,-6.416259765625,-2.932861328125
0.8305,10.039794921875,-4.974853515625,-4.974853515625
0.831,9.599365234375,-3.333251953125,-6.216064453125
0.8315,8.998779296875,-1.571533203125,-7.417236328125
0.832,7.957763671875,0.150146484375,-8.017822265625
0.8325,6.916748046875,1.871826171875,-8.658447265625
0.833,5.435302734375,3.873779296875,-9.259033203125
0.8335,3.793701171875,5.755615234375,-9.459228515625
0.834,1.911865234375,6.876708984375,-8.738525390625
0.8345,0.390380859375,7.997802734375,-8.338134765625
0.835,-1.211181640625,8.558349609375,-7.417236328125
0.8355,-2.732666015625,9.038818359375,-6.376220703125
0.836,-4.694580078125,9.719482421875,-5.175048828125
0.8365,-5.895751953125,9.359130859375,-3.733642578125
0.837,-7.016845703125,8.918701171875,-2.172119140625
0.8375,-7.657470703125,8.037841796875,-0.690673828125
0.838,-8.218017578125,7.076904296875,0.910888671875
0.8385,-8.698486328125,5.915771484375,2.552490234375
0.839,-9.259033203125,4.754638671875,4.314208984375
0.8395,-8.858642578125,3.273193359375,5.395263671875
0.84,-8.418212890625,1.591552734375,6.676513671875
0.8405,-7.497314453125,0.030029296875,7.317138671875
0.841,-6.576416015625,-1.731689453125,8.117919921875
0.8415,-5.255126953125,-3.773681640625,8.718505859375
0.842,-3.693603515625,-5.295166015625,8.718505859375
0.8425,-2.052001953125,-6.576416015625,8.358154296875
0.843,-0.650634765625,-7.537353515625,7.997802734375
0.8435,0.870849609375,-8.218017578125,7.237060546875
0.844,2.432373046875,-8.858642578125,6.436279296875
0.8445,4.154052734375,-9.539306640625,5.395263671875
0.845,5.155029296875,-9.098876953125,4.033935546875
0.8455,6.396240234375,-8.898681640625,2.632568359375
0.846,7.036865234375,-8.137939453125,1.271240234375
0.8465,7.757568359375,-7.377197265625,-0.330322265625
0.847,8.478271484375,-6.376220703125,-1.971923828125
0.8475,8.878662109375,-5.335205078125,-3.453369140625
0.848,8.638427734375,-3.893798828125,-4.654541015625
0.8485,8.157958984375,-2.292236328125,-5.815673828125
0.849,7.517333984375,-0.770751953125,-6.696533203125
0.8495,6.716552734375,0.910888671875,-7.577392578125
0.85,5.555419921875,2.792724609375,-8.298095703125
0.8505,4.073974609375,4.154052734375,-8.218017578125
0.851,2.552490234375,5.635498046875,-8.137939453125
0.8515,1.311279296875,6.556396484375,-7.697509765625
0.852,-0.250244140625,7.397216796875,-7.177001953125
0.8525,-1.851806640625,8.197998046875,-6.416259765625
0.853,-3.333251953125,8.678466796875,-5.455322265625
0.8535,-4.494384765625,8.438232421875,-4.174072265625
0.854,-5.735595703125,8.197998046875,-2.732666015625
0.8545,-6.456298828125,7.597412109375,-1.371337890625
0.855,-7.377197265625,6.916748046875,0.230224609375
0.8555,-8.177978515625,6.075927734375,1.911865234375
0.856,-8.458251953125,5.034912109375,3.193115234375
0.8565,-8.298095703125,3.513427734375,4.634521484375
0.857,-7.817626953125,1.871826171875,5.795654296875
0.8575,-7.217041015625,0.230224609375,6.796630859375
0.858,-6.336181640625,-1.611572265625,7.717529296875
0.8585,-5.054931640625,-3.533447265625,8.278076171875
0.859,-3.533447265625,-4.814697265625,8.077880859375
0.8595,-2.092041015625,-6.216064453125,8.117919921875
0.86,-0.690673828125,-7.096923828125,7.637451171875
0.8605,0.910888671875,-7.977783203125,7.036865234375
0.861,2.592529296875,-8.858642578125,6.236083984375
0.8615,3.993896484375,-9.018798828125,5.114990234375
0.862,5.235107421875,-8.898681640625,3.713623046875
0.8625,6.276123046875,-8.418212890625,2.272216796875
0.863,7.076904296875,-7.737548828125,0.830810546875
0.8635,7.877685546875,-6.976806640625,-0.810791015625
0.864,8.678466796875,-6.055908203125,-2.572509765625
0.8645,8.638427734375,-4.734619140625,-3.853759765625
0.865,8.358154296875,-3.133056640625,-5.255126953125
0.8655,7.717529296875,-1.571533203125,-6.176025390625
0.866,7.076904296875,0.190185546875,-7.177001953125
0.8665,6.035888671875,2.072021484375,-8.057861328125
0.867,4.634521484375,3.833740234375,-8.338134765625
0.8675,3.032958984375,5.195068359375,-8.137939453125
0.868,1.591552734375,6.396240234375,-7.977783203125
0.8685,0.150146484375,7.237060546875,-7.377197265625
0.869,-1.451416015625,8.117919921875,-6.696533203125
0.8695,-3.253173828125,8.918701171875,-5.735595703125
0.87,-4.494384765625,8.678466796875,-4.334228515625
0.8705,-5.815673828125,8.518310546875,-2.892822265625
0.871,-6.656494140625,7.797607421875,-1.411376953125
0.8715,-7.457275390625,7.076904296875,0.190185546875
0.872,-8.298095703125,6.115966796875,1.951904296875
0.8725,-8.818603515625,5.034912109375,3.553466796875
0.873,-8.538330078125,3.513427734375,4.834716796875
0.8735,-8.177978515625,1.791748046875,6.236083984375
0.874,-7.337158203125,0.150146484375,6.996826171875
0.8745,-6.456298828125,-1.731689453125,7.877685546875
0.875,-5.135009765625,-3.733642578125,8.638427734375
0.8755,-3.453369140625,-5.255126953125,8.478271484375
0.876,-1.931884765625,-6.656494140625,8.318115234375
0.8765,-0.410400390625,-7.617431640625,7.837646484375
0.877,1.271240234375,-8.378173828125,7.036865234375
0.8775,2.992919921875,-9.138916015625,6.115966796875
0.878,4.674560546875,-9.659423828125,4.994873046875
0.8785,5.835693359375,-9.178955078125,3.393310546875
0.879,7.036865234375,-8.818603515625,1.951904296875
0.8795,7.637451171875,-7.937744140625,0.430419921875
0.88,8.358154296875,-7.016845703125,-1.251220703125
0.8805,9.118896484375,-5.895751953125,-3.173095703125
0.881,9.118896484375,-4.414306640625,-4.654541015625
0.8815,8.678466796875,-2.812744140625,-5.895751953125
0.882,8.037841796875,-1.131103515625,-6.936767578125
0.8825,7.116943359375,0.550537109375,-7.697509765625
0.883,6.115966796875,2.472412109375,-8.458251953125
0.8835,4.554443359375,4.514404296875,-8.978759765625
0.884,2.712646484375,5.835693359375,-8.458251953125
0.8845,1.231201171875,7.116943359375,-8.298095703125
0.885,-0.410400390625,7.877685546875,-7.537353515625
0.8855,-2.011962890625,8.598388671875,-6.616455078125
0.886,-3.893798828125,9.319091796875,-5.575439453125
0.8865,-5.375244140625,9.359130859375,-4.174072265625
0.887,-6.496337890625,8.798583984375,-2.572509765625
0.8875,-7.457275390625,8.238037109375,-1.051025390625
0.888,-7.977783203125,7.116943359375,0.630615234375
0.8885,-8.658447265625,6.156005859375,2.272216796875
0.889,-9.299072265625,4.954833984375,4.154052734375
0.8895,-8.938720703125,3.193115234375,5.515380859375
0.89,-8.538330078125,1.551513671875,6.796630859375
0.8905,-7.617431640625,-0.290283203125,7.557373046875
0.891,-6.536376953125,-2.011962890625,8.358154296875
0.8915,-5.175048828125,-4.013916015625,8.998779296875
0.892,-3.533447265625,-5.855712890625,9.158935546875
0.8925,-1.731689453125,-7.056884765625,8.598388671875
0.893,-0.210205078125,-8.177978515625,8.197998046875
0.8935,1.591552734375,-8.818603515625,7.156982421875
0.894,3.233154296875,-9.459228515625,6.196044921875
0.8945,5.114990234375,-10.099853515625,5.034912109375
0.895,6.276123046875,-9.619384765625,3.473388671875
0.8955,7.397216796875,-9.138916015625,1.911865234375
0.896,8.077880859375,-8.258056640625,0.310302734375
0.8965,8.638427734375,-7.056884765625,-1.411376953125
0.897,9.239013671875,-5.975830078125,-3.133056640625
0.8975,9.639404296875,-4.654541015625,-4.974853515625
0.898,8.998779296875,-2.852783203125,-6.135986328125
0.8985,8.438232421875,-1.251220703125,-7.257080078125
0.899,7.317138671875,0.630615234375,-7.817626953125
0.8995,6.276123046875,2.392333984375,-8.618408203125
0.9,4.874755859375,4.434326171875,-9.218994140625
0.9005,3.072998046875,5.955810546875,-8.938720703125
0.901,1.391357421875,7.116943359375,-8.418212890625
0.9015,-0.170166015625,8.037841796875,-7.857666015625
0.902,-1.891845703125,8.638427734375,-6.776611328125
0.9025,-3.533447265625,9.198974609375,-5.815673828125
0.903,-5.215087890625,9.639404296875,-4.574462890625
0.9035,-6.296142578125,8.958740234375,-2.892822265625
0.904,-7.377197265625,8.478271484375,-1.411376953125
0.9045,-7.937744140625,7.437255859375,0.270263671875
0.905,-8.498291015625,6.436279296875,1.871826171875
0.9055,-9.098876953125,5.275146484375,3.553466796875
0.906,-9.218994140625,3.833740234375,5.155029296875
0.9065,-8.578369140625,2.112060546875,6.276123046875
0.907,-7.977783203125,0.470458984375,7.397216796875
0.9075,-6.776611328125,-1.331298828125,7.957763671875
0.908,-5.735595703125,-3.133056640625,8.678466796875
0.9085,-4.174072265625,-5.094970703125,9.038818359375
0.909,-2.412353515625,-6.416259765625,8.638427734375
0.9095,-0.890869140625,-7.617431640625,8.278076171875
0.91,0.750732421875,-8.378173828125,7.557373046875
0.9105,2.432373046875,-8.978759765625,6.516357421875
0.911,4.073974609375,-9.619384765625,5.595458984375
0.9115,5.515380859375,-9.779541015625,4.314208984375
0.912,6.556396484375,-9.138916015625,2.712646484375
0.9125,7.517333984375,-8.618408203125,1.271240234375
0.913,7.997802734375,-7.497314453125,-0.410400390625
0.9135,8.678466796875,-6.656494140625,-1.971923828125
0.914,9.279052734375,-5.495361328125,-3.773681640625
0.9145,9.038818359375,-3.853759765625,-5.175048828125
0.915,8.478271484375,-2.212158203125,-6.256103515625
0.9155,7.757568359375,-0.570556640625,-7.177001953125
0.916,6.716552734375,1.231201171875,-7.857666015625
0.9165,5.755615234375,2.992919921875,-8.658447265625
0.917,4.154052734375,4.834716796875,-8.858642578125
0.9175,2.432373046875,6.075927734375,-8.338134765625
0.918,0.950927734375,7.197021484375,-8.057861328125
0.9185,-0.690673828125,7.917724609375,-7.257080078125
0.919,-2.252197265625,8.598388671875,-6.416259765625
0.9195,-3.933837890625,9.239013671875,-5.415283203125
0.92,-5.255126953125,8.998779296875,-3.973876953125
0.9205,-6.336181640625,8.558349609375,-2.452392578125
0.921,-7.217041015625,7.917724609375,-0.970947265625
0.9215,-7.777587890625,6.796630859375,0.710693359375
0.922,-8.498291015625,6.035888671875,2.272216796875
0.9225,-9.058837890625,4.834716796875,3.993896484375
0.923,-8.658447265625,3.193115234375,5.275146484375
0.9235,-8.258056640625,1.551513671875,6.556396484375
0.924,-7.297119140625,-0.250244140625,7.317138671875
0.9245,-6.336181640625,-2.011962890625,8.117919921875
0.925,-5.054931640625,-3.893798828125,8.718505859375
0.9255,-3.373291015625,-5.535400390625,8.718505859375
0.926,-1.771728515625,-6.736572265625,8.318115234375
0.9265,-0.290283203125,-7.817626953125,7.957763671875
0.927,1.471435546875,-8.458251953125,6.956787109375
0.9275,3.072998046875,-9.218994140625,6.115966796875
0.928,4.754638671875,-9.699462890625,4.994873046875
0.9285,5.875732421875,-9.259033203125,3.473388671875
0.929,6.996826171875,-8.818603515625,1.951904296875
0.9295,7.717529296875,-7.977783203125,0.390380859375
0.93,8.318115234375,-6.976806640625,-1.291259765625
0.9305,8.998779296875,-6.095947265625,-2.932861328125
0.931,9.279052734375,-4.614501953125,-4.614501953125
0.9315,8.638427734375,-2.852783203125,-5.735595703125
0.932,8.157958984375,-1.211181640625,-6.896728515625
0.9325,7.076904296875,0.590576171875,-7.577392578125
0.933,6.156005859375,2.392333984375,-8.418212890625
0.9335,4.714599609375,4.274169921875,-8.898681640625
0.934,2.952880859375,5.755615234375,-8.618408203125
0.9345,1.351318359375,6.916748046875,-8.258056640625
0.935,-0.250244140625,7.837646484375,-7.657470703125
0.9355,-1.971923828125,8.518310546875,-6.576416015625
0.936,-3.573486328125,9.118896484375,-5.695556640625
0.9365,-5.135009765625,9.359130859375,-4.454345703125
0.937,-6.256103515625,8.798583984375,-2.812744140625
0.9375,-7.257080078125,8.278076171875,-1.251220703125
0.938,-7.817626953125,7.116943359375,0.470458984375
0.9385,-8.538330078125,6.156005859375,2.072021484375
0.939,-9.138916015625,5.155029296875,3.793701171875
0.9395,-9.058837890625,3.553466796875,5.315185546875
0.94,-8.458251953125,1.871826171875,6.476318359375
0.9405,-7.737548828125,0.070068359375,7.557373046875
0.941,-6.456298828125,-1.931884765625,8.197998046875
0.9415,-5.295166015625,-3.773681640625,8.878662109375
0.942,-3.693603515625,-5.615478515625,9.038818359375
0.9425,-1.931884765625,-6.896728515625,8.638427734375
0.943,-0.330322265625,-7.977783203125,8.157958984375
0.9435,1.471435546875,-8.818603515625,7.237060546875
0.944,3.273193359375,-9.459228515625,6.156005859375
0.9445,4.874755859375,-9.939697265625,5.074951171875
0.945,6.236083984375,-9.779541015625,3.673583984375
0.9455,7.197021484375,-9.138916015625,2.031982421875
0.946,8.117919921875,-8.458251953125,0.430419921875
0.9465,8.598388671875,-7.096923828125,-1.451416015625
0.947,9.198974609375,-6.095947265625,-3.052978515625
0.9475,9.639404296875,-4.814697265625,-4.734619140625
0.948,9.118896484375,-2.972900390625,-6.095947265625
0.9485,8.398193359375,-1.291259765625,-7.096923828125
0.949,7.397216796875,0.590576171875,-7.937744140625
0.9495,6.075927734375,2.592529296875,-8.618408203125
0.95,4.834716796875,4.394287109375,-9.138916015625
0.9505,3.072998046875,6.075927734375,-9.058837890625
0.951,1.351318359375,7.197021484375,-8.458251953125
0.9515,-0.250244140625,8.157958984375,-7.937744140625
0.952,-2.092041015625,8.838623046875,-6.736572265625
0.9525,-3.813720703125,9.359130859375,-5.695556640625
0.953,-5.335205078125,9.639404296875,-4.534423828125
0.9535,-6.536376953125,9.158935546875,-2.932861328125
0.954,-7.417236328125,8.478271484375,-1.331298828125
0.9545,-8.218017578125,7.557373046875,0.350341796875
0.955,-8.698486328125,6.276123046875,2.232177734375
0.9555,-9.259033203125,5.275146484375,3.793701171875
0.956,-9.459228515625,3.873779296875,5.435302734375
0.9565,-8.698486328125,1.951904296875,6.596435546875
0.957,-8.137939453125,0.270263671875,7.717529296875
0.9575,-6.776611328125,-1.771728515625,8.358154296875
0.958,-5.455322265625,-3.813720703125,9.038818359375
0.9585,-3.933837890625,-5.575439453125,9.279052734375
0.959,-2.212158203125,-7.056884765625,8.998779296875
0.9595,-0.570556640625,-8.017822265625,8.398193359375
0.96,1.151123046875,-8.978759765625,7.717529296875
0.9605,3.193115234375,-9.579345703125,6.356201171875
0.961,4.794677734375,-10.059814453125,5.275146484375
0.9615,6.276123046875,-10.219970703125,3.953857421875
0.962,7.317138671875,-9.539306640625,2.392333984375
0.9625,8.197998046875,-8.818603515625,0.710693359375
0.963,8.758544921875,-7.537353515625,-1.091064453125
0.9635,9.279052734375,-6.256103515625,-2.932861328125
0.964,9.679443359375,-5.175048828125,-4.494384765625
0.9645,9.599365234375,-3.493408203125,-6.095947265625
0.965,8.678466796875,-1.611572265625,-7.056884765625
0.9655,7.957763671875,0.190185546875,-8.057861328125
0.966,6.436279296875,2.272216796875,-8.658447265625
0.9665,5.195068359375,4.194091796875,-9.339111328125
0.967,3.553466796875,5.915771484375,-9.299072265625
0.9675,1.751708984375,7.237060546875,-8.858642578125
0.968,0.110107421875,8.157958984375,-8.177978515625
0.9685,-1.691650390625,8.958740234375,-7.257080078125
0.969,-3.693603515625,9.519287109375,-5.935791015625
0.9695,-5.175048828125,9.759521484375,-4.814697265625
0.97,-6.576416015625,9.599365234375,-3.333251953125
0.9705,-7.537353515625,8.798583984375,-1.651611328125
0.971,-8.378173828125,8.077880859375,0.070068359375
0.9715,-8.818603515625,6.636474609375,1.951904296875
0.972,-9.419189453125,5.475341796875,3.753662109375
0.9725,-9.659423828125,4.234130859375,5.195068359375
0.973,-9.259033203125,2.392333984375,6.716552734375
0.9735,-8.378173828125,0.590576171875,7.677490234375
0.974,-7.417236328125,-1.331298828125,8.518310546875
0.9745,-5.775634765625,-3.573486328125,9.118896484375
0.975,-4.334228515625,-5.415283203125,9.479248046875
0.9755,-2.532470703125,-7.016845703125,9.279052734375
0.976,-0.770751953125,-8.137939453125,8.718505859375
0.9765,0.910888671875,-8.978759765625,7.997802734375
0.977,2.872802734375,-9.659423828125,6.756591796875
0.9775,4.754638671875,-10.300048828125,5.515380859375
0.978,6.115966796875,-10.340087890625,4.234130859375
0.9785,7.397216796875,-9.939697265625,2.592529296875
0.979,8.157958984375,-8.978759765625,0.990966796875
0.9795,8.918701171875,-8.057861328125,-0.690673828125
0.98,9.279052734375,-6.496337890625,-2.692626953125
0.9805,9.799560546875,-5.375244140625,-4.334228515625
0.981,9.759521484375,-3.893798828125,-5.775634765625
0.9815,9.038818359375,-1.971923828125,-7.056884765625
0.982,8.197998046875,-0.290283203125,-7.897705078125
0.9825,6.996826171875,1.711669921875,-8.618408203125
0.983,5.475341796875,3.873779296875,-9.259033203125
0.9835,4.033935546875,5.475341796875,-9.419189453125
0.984,2.192138671875,6.996826171875,-9.018798828125
0.9845,0.510498046875,7.877685546875,-8.338134765625
0.985,-1.131103515625,8.718505859375,-7.657470703125
0.9855,-3.052978515625,9.239013671875,-6.336181640625
0.986,-4.694580078125,9.679443359375,-5.175048828125
0.9865,-6.015869140625,9.559326171875,-3.853759765625
0.987,-7.136962890625,9.038818359375,-2.212158203125
0.9875,-7.817626953125,8.197998046875,-0.650634765625
0.988,-8.458251953125,7.116943359375,1.071044921875
0.9885,-8.978759765625,5.795654296875,2.912841796875
0.989,-9.339111328125,4.834716796875,4.314208984375
0.9895,-9.259033203125,3.313232421875,5.755615234375
0.99,-8.458251953125,1.431396484375,6.796630859375
0.9905,-7.737548828125,-0.290283203125,7.797607421875
0.991,-6.336181640625,-2.252197265625,8.358154296875
0.9915,-5.094970703125,-4.174072265625,8.998779296875
0.992,-3.533447265625,-5.615478515625,8.958740234375
0.9925,-1.851806640625,-7.016845703125,8.638427734375
0.993,-0.330322265625,-7.817626953125,7.997802734375
0.9935,1.311279296875,-8.698486328125,7.317138671875
0.994,3.113037109375,-9.259033203125,6.115966796875
0.9945,4.514404296875,-9.659423828125,5.155029296875
0.995,5.715576171875,-9.539306640625,3.913818359375
0.9955,6.636474609375,-8.938720703125,2.432373046875
0.996,7.477294921875,-8.298095703125,0.950927734375
0.9965,7.997802734375,-7.177001953125,-0.690673828125
0.997,8.678466796875,-6.256103515625,-2.292236328125
0.9975,8.998779296875,-5.295166015625,-3.613525390625
0.998,8.838623046875,-3.733642578125,-5.094970703125
0.9985,8.157958984375,-2.132080078125,-6.015869140625
0.999,7.557373046875,-0.490478515625,-7.056884765625
0.9995,6.436279296875,1.271240234375,-7.617431640625
