wavelength,x,y,z
0.0,4.6845703125,-4.5244140625,-1.921875
0.0005,4.3642578125,-5.4052734375,-0.9609375
0.001,3.84375,-5.845703125,0.0
0.0015,2.962890625,-6.1259765625,0.9609375
0.002,1.7216796875,-6.2060546875,2.40234375
0.0025,0.400390625,-6.2060546875,3.68359375
0.003,-0.6005859375,-6.24609375,4.64453125
0.0035,-1.28125,-6.326171875,5.4453125
0.004,-2.2822265625,-5.765625,6.005859375
0.0045,-3.4833984375,-4.6044921875,6.3662109375
0.005,-4.564453125,-3.4033203125,6.5263671875
0.0055,-5.4052734375,-2.08203125,6.326171875
0.006,-5.8056640625,-1.201171875,6.1259765625
0.0065,-5.845703125,-0.48046875,5.765625
0.007,-5.765625,0.5205078125,5.0849609375
0.0075,-5.4853515625,1.681640625,3.8837890625
0.008,-5.205078125,2.8828125,2.6826171875
0.0085,-4.8447265625,3.8037109375,1.521484375
0.009,-4.6044921875,4.5244140625,0.6806640625
0.0095,-3.923828125,4.884765625,-0.2802734375
0.01,-2.962890625,5.1650390625,-1.361328125
0.0105,-1.8818359375,5.4052734375,-2.6025390625
0.011,-0.640625,5.3251953125,-3.84375
0.0115,0.2001953125,5.4453125,-4.724609375
0.012,0.9208984375,5.4453125,-5.4453125
0.0125,1.921875,4.8046875,-5.9658203125
0.013,3.1630859375,3.603515625,-6.2861328125
0.0135,4.1640625,2.40234375,-6.3662109375
0.014,4.8447265625,1.28125,-6.2060546875
0.0145,5.2451171875,0.560546875,-6.166015625
0.015,5.2451171875,-0.3603515625,-5.685546875
0.0155,5.125,-1.28125,-4.9248046875
0.016,4.96484375,-2.322265625,-3.923828125
0.0165,4.64453125,-3.5634765625,-2.6025390625
0.017,4.32421875,-4.5244140625,-1.6015625
0.0175,4.083984375,-5.205078125,-0.880859375
0.018,3.4833984375,-5.4853515625,0.1201171875
0.0185,2.40234375,-5.765625,1.28125
0.019,1.28125,-5.92578125,2.5625
0.0195,0.240234375,-5.92578125,3.6435546875
0.02,-0.5205078125,-6.1259765625,4.564453125
0.0205,-1.3212890625,-5.92578125,5.2451171875
0.021,-2.322265625,-5.28515625,5.7255859375
0.0215,-3.5234375,-4.1640625,6.0458984375
0.022,-4.484375,-2.8828125,6.005859375
0.0225,-5.125,-1.9619140625,5.9658203125
0.023,-5.4453125,-1.28125,5.8857421875
0.0235,-5.4453125,-0.5205078125,5.4052734375
0.024,-5.28515625,0.6005859375,4.484375
0.0245,-5.205078125,1.6416015625,3.5634765625
0.025,-4.884765625,2.802734375,2.3623046875
0.0255,-4.724609375,3.68359375,1.44140625
0.026,-4.32421875,4.244140625,0.720703125
0.0265,-3.7236328125,4.64453125,-0.2802734375
0.027,-2.72265625,4.96484375,-1.44140625
0.0275,-1.6015625,5.0849609375,-2.72265625
0.028,-0.720703125,5.205078125,-3.7236328125
0.0285,0.0400390625,5.4453125,-4.64453125
0.029,0.9609375,5.0849609375,-5.28515625
0.0295,2.08203125,4.2041015625,-5.7255859375
0.03,3.1630859375,3.2431640625,-6.0458984375
0.0305,4.083984375,2.001953125,-5.92578125
0.031,4.64453125,1.2412109375,-6.005859375
0.0315,4.884765625,0.5205078125,-5.8056640625
0.032,4.9248046875,-0.3603515625,-5.365234375
0.0325,4.8046875,-1.44140625,-4.484375
0.033,4.64453125,-2.6025390625,-3.4033203125
0.0335,4.3642578125,-3.603515625,-2.322265625
0.034,4.32421875,-4.4443359375,-1.5615234375
0.0345,3.84375,-4.884765625,-0.7607421875
0.035,3.0830078125,-5.28515625,0.3603515625
0.0355,2.162109375,-5.6455078125,1.5615234375
0.036,1.0009765625,-5.6455078125,2.72265625
0.0365,0.2802734375,-5.92578125,3.7236328125
0.037,-0.6005859375,-6.005859375,4.5244140625
0.0375,-1.4814453125,-5.6455078125,5.1650390625
0.038,-2.6826171875,-4.64453125,5.60546875
0.0385,-3.7236328125,-3.603515625,5.8056640625
0.039,-4.5244140625,-2.5224609375,5.7255859375
0.0395,-5.044921875,-1.8017578125,5.845703125
0.04,-5.1650390625,-1.041015625,5.525390625
0.0405,-5.1650390625,-0.240234375,4.9248046875
0.041,-5.125,0.9208984375,4.1240234375
0.0415,-4.96484375,2.0419921875,2.8828125
0.042,-4.7646484375,3.0830078125,2.0419921875
0.0425,-4.564453125,3.8037109375,1.2412109375
0.043,-4.0439453125,4.32421875,0.4404296875
0.0435,-3.1630859375,4.6044921875,-0.8408203125
0.044,-2.2822265625,4.96484375,-2.001953125
0.0445,-1.201171875,5.0849609375,-3.1630859375
0.045,-0.5205078125,5.365234375,-4.1240234375
0.0455,0.4404296875,5.2451171875,-4.8447265625
0.046,1.44140625,4.64453125,-5.4453125
0.0465,2.642578125,3.68359375,-5.845703125
0.047,3.68359375,2.482421875,-5.92578125
0.0475,4.404296875,1.521484375,-5.92578125
0.048,4.8046875,0.880859375,-5.9658203125
0.0485,4.8447265625,0.0,-5.525390625
0.049,4.8046875,-1.12109375,-4.6845703125
0.0495,4.8046875,-2.2021484375,-3.84375
0.05,4.484375,-3.283203125,-2.6025390625
0.0505,4.32421875,-4.2041015625,-1.76171875
0.051,4.00390625,-4.8046875,-1.0009765625
0.0515,3.36328125,-5.205078125,0.0400390625
0.052,2.3623046875,-5.525390625,1.28125
0.0525,1.2412109375,-5.7255859375,2.5224609375
0.053,0.400390625,-5.845703125,3.5634765625
0.0535,-0.400390625,-6.1259765625,4.484375
0.054,-1.3212890625,-5.7255859375,5.125
0.0545,-2.5224609375,-4.8447265625,5.5654296875
0.055,-3.603515625,-3.84375,5.8857421875
0.0555,-4.5244140625,-2.6025390625,5.8056640625
0.056,-5.0849609375,-1.76171875,5.845703125
0.0565,-5.28515625,-1.12109375,5.5654296875
0.057,-5.28515625,-0.3203125,5.0849609375
0.0575,-5.0849609375,0.880859375,4.0439453125
0.058,-5.0048828125,2.08203125,3.123046875
0.0585,-4.7646484375,3.0830078125,2.001953125
0.059,-4.64453125,3.8837890625,1.2412109375
0.0595,-4.0439453125,4.32421875,0.400390625
0.06,-3.2431640625,4.64453125,-0.720703125
0.0605,-2.322265625,5.044921875,-1.9619140625
0.061,-1.1611328125,5.0849609375,-3.1630859375
0.0615,-0.4404296875,5.28515625,-4.1240234375
0.062,0.4404296875,5.3251953125,-4.9248046875
0.0625,1.4013671875,4.8046875,-5.525390625
0.063,2.6826171875,3.7236328125,-5.8857421875
0.0635,3.7236328125,2.6025390625,-6.1259765625
0.064,4.484375,1.521484375,-6.005859375
0.0645,4.9248046875,0.7607421875,-6.0458984375
0.065,5.0048828125,0.0,-5.6455078125
0.0655,4.8447265625,-1.12109375,-4.96484375
0.066,4.8447265625,-2.08203125,-4.00390625
0.0665,4.6044921875,-3.283203125,-2.72265625
0.067,4.32421875,-4.2041015625,-1.76171875
0.0675,4.1240234375,-4.884765625,-1.0009765625
0.068,3.4833984375,-5.28515625,0.0
0.0685,2.4423828125,-5.5654296875,1.201171875
0.069,1.4013671875,-5.845703125,2.482421875
0.0695,0.3603515625,-5.845703125,3.5234375
0.07,-0.400390625,-6.1259765625,4.484375
0.0705,-1.28125,-5.845703125,5.1650390625
0.071,-2.3623046875,-5.1650390625,5.7255859375
0.0715,-3.603515625,-4.00390625,6.0458984375
0.072,-4.6044921875,-2.7626953125,6.0458984375
0.0725,-5.205078125,-1.8017578125,6.005859375
0.073,-5.525390625,-1.0810546875,5.8056640625
0.0735,-5.60546875,-0.400390625,5.28515625
0.074,-5.28515625,0.9208984375,4.2841796875
0.0745,-5.205078125,2.0419921875,3.3232421875
0.075,-4.884765625,3.1630859375,2.0419921875
0.0755,-4.6845703125,4.00390625,1.201171875
0.076,-4.2041015625,4.5244140625,0.3603515625
0.0765,-3.4833984375,4.8447265625,-0.6806640625
0.077,-2.3623046875,5.125,-2.001953125
0.0775,-1.201171875,5.2451171875,-3.283203125
0.078,-0.3203125,5.4052734375,-4.2841796875
0.0785,0.48046875,5.525390625,-5.1650390625
0.079,1.521484375,4.96484375,-5.765625
0.0795,2.802734375,3.923828125,-6.1259765625
0.08,3.8837890625,2.802734375,-6.4462890625
0.0805,4.8046875,1.4013671875,-6.2861328125
0.081,5.2451171875,0.6005859375,-6.2060546875
0.0815,5.4052734375,-0.2001953125,-5.845703125
0.082,5.28515625,-1.1611328125,-5.1650390625
0.0825,5.0849609375,-2.40234375,-4.00390625
0.083,4.8447265625,-3.6435546875,-2.72265625
0.0835,4.5244140625,-4.64453125,-1.6015625
0.084,4.2841796875,-5.4052734375,-0.80078125
0.0845,3.5234375,-5.7255859375,0.240234375
0.085,2.482421875,-5.92578125,1.44140625
0.0855,1.2412109375,-6.2060546875,2.8828125
0.086,0.0,-6.1259765625,4.1240234375
0.0865,-0.80078125,-6.2861328125,5.0048828125
0.087,-1.6416015625,-6.1259765625,5.7255859375
0.0875,-2.7626953125,-5.28515625,6.2861328125
0.088,-4.1640625,-3.923828125,6.5263671875
0.0885,-5.205078125,-2.72265625,6.56640625
0.089,-5.765625,-1.4814453125,6.2861328125
0.0895,-6.0458984375,-0.80078125,5.9658203125
0.09,-5.9658203125,0.3203125,5.4052734375
0.0905,-5.765625,1.4013671875,4.4443359375
0.091,-5.525390625,2.6826171875,3.1630859375
0.0915,-5.125,3.84375,1.76171875
0.092,-4.724609375,4.6845703125,0.7607421875
0.0925,-4.244140625,5.205078125,0.0
0.093,-3.36328125,5.4052734375,-1.1611328125
0.0935,-2.001953125,5.5654296875,-2.6025390625
0.094,-0.80078125,5.7255859375,-3.9638671875
0.0945,0.3203125,5.60546875,-4.96484375
0.095,1.0009765625,5.6455078125,-5.765625
0.0955,2.001953125,5.0849609375,-6.3662109375
0.096,3.2431640625,4.0439453125,-6.7666015625
0.0965,4.5244140625,2.6826171875,-6.9267578125
0.097,5.4052734375,1.201171875,-6.7265625
0.0975,5.6455078125,0.1201171875,-6.40625
0.098,5.8857421875,-0.640625,-6.1259765625
0.0985,5.685546875,-1.6015625,-5.2451171875
0.099,5.4052734375,-2.8427734375,-4.00390625
0.0995,5.125,-4.1240234375,-2.72265625
0.1,4.64453125,-5.125,-1.361328125
0.1005,4.244140625,-5.8056640625,-0.4404296875
0.101,3.5634765625,-6.166015625,0.5205078125
0.1015,2.5224609375,-6.3662109375,1.6416015625
0.102,1.0810546875,-6.4462890625,3.1630859375
0.1025,-0.3203125,-6.40625,4.484375
0.103,-1.1611328125,-6.3662109375,5.3251953125
0.1035,-1.8818359375,-6.326171875,6.0859375
0.104,-2.962890625,-5.4853515625,6.5263671875
0.1045,-4.244140625,-4.244140625,6.7666015625
0.105,-5.365234375,-2.9228515625,6.966796875
0.1055,-6.1259765625,-1.44140625,6.6064453125
0.106,-6.40625,-0.6005859375,6.326171875
0.1065,-6.2861328125,0.3203125,5.7255859375
0.107,-6.0859375,1.3212890625,4.8447265625
0.1075,-5.7255859375,2.642578125,3.4033203125
0.108,-5.4052734375,3.8837890625,2.08203125
0.1085,-4.884765625,4.8046875,0.8408203125
0.109,-4.5244140625,5.4052734375,0.0
0.1095,-3.6435546875,5.60546875,-1.0009765625
0.11,-2.4423828125,5.7255859375,-2.322265625
0.1105,-1.0810546875,5.8857421875,-3.763671875
0.111,0.2802734375,5.7255859375,-4.9248046875
0.1115,1.0009765625,5.7255859375,-5.765625
0.112,1.8017578125,5.4853515625,-6.40625
0.1125,2.8828125,4.4443359375,-6.8466796875
0.113,4.32421875,3.04296875,-7.046875
0.1135,5.28515625,1.681640625,-7.0068359375
0.114,5.8056640625,0.48046875,-6.6064453125
0.1145,6.0859375,-0.4404296875,-6.40625
0.115,5.8857421875,-1.3212890625,-5.6455078125
0.1155,5.685546875,-2.4423828125,-4.564453125
0.116,5.365234375,-3.763671875,-3.203125
0.1165,4.8447265625,-4.96484375,-1.76171875
0.117,4.404296875,-5.765625,-0.640625
0.1175,3.9638671875,-6.24609375,0.240234375
0.118,3.0029296875,-6.40625,1.28125
0.1185,1.5615234375,-6.5263671875,2.7626953125
0.119,0.240234375,-6.56640625,4.1240234375
0.1195,-1.0009765625,-6.40625,5.1650390625
0.12,-1.6416015625,-6.40625,5.92578125
0.1205,-2.6025390625,-5.845703125,6.56640625
0.121,-3.8037109375,-4.8447265625,6.8466796875
0.1215,-5.044921875,-3.443359375,7.0068359375
0.122,-5.92578125,-1.9619140625,6.7265625
0.1225,-6.3662109375,-0.8408203125,6.40625
0.123,-6.40625,0.0,6.0859375
0.1235,-6.2060546875,0.9609375,5.2451171875
0.124,-5.845703125,2.2421875,3.8837890625
0.1245,-5.60546875,3.4833984375,2.642578125
0.125,-5.0849609375,4.5244140625,1.2412109375
0.1255,-4.6845703125,5.2451171875,0.2802734375
0.126,-4.00390625,5.5654296875,-0.6806640625
0.1265,-3.0029296875,5.765625,-1.8017578125
0.127,-1.5615234375,5.8857421875,-3.283203125
0.1275,-0.2001953125,5.8056640625,-4.64453125
0.128,0.7607421875,5.7255859375,-5.4853515625
0.1285,1.361328125,5.60546875,-6.326171875
0.129,2.5625,4.9248046875,-6.7265625
0.1295,3.8837890625,3.5634765625,-7.046875
0.13,4.96484375,2.322265625,-7.126953125
0.1305,5.7255859375,0.880859375,-6.7666015625
0.131,6.0859375,-0.16015625,-6.56640625
0.1315,6.0458984375,-1.0009765625,-6.0458984375
0.132,5.8056640625,-1.9619140625,-5.125
0.1325,5.4453125,-3.3232421875,-3.68359375
0.133,5.0849609375,-4.564453125,-2.2822265625
0.1335,4.6044921875,-5.4853515625,-1.0009765625
0.134,4.2041015625,-6.166015625,0.0
0.1345,3.3232421875,-6.3662109375,0.880859375
0.135,2.08203125,-6.486328125,2.2021484375
0.1355,0.720703125,-6.6064453125,3.6435546875
0.136,-0.720703125,-6.40625,4.8447265625
0.1365,-1.44140625,-6.3662109375,5.7255859375
0.137,-2.2021484375,-6.2060546875,6.24609375
0.1375,-3.283203125,-5.3251953125,6.6865234375
0.138,-4.64453125,-3.84375,6.8466796875
0.1385,-5.60546875,-2.482421875,6.806640625
0.139,-6.1259765625,-1.2412109375,6.4462890625
0.1395,-6.3662109375,-0.400390625,6.24609375
0.14,-6.166015625,0.5205078125,5.4853515625
0.1405,-5.92578125,1.5615234375,4.484375
0.141,-5.60546875,2.802734375,3.203125
0.1415,-5.1650390625,3.9638671875,1.76171875
0.142,-4.724609375,4.8046875,0.6806640625
0.1425,-4.32421875,5.3251953125,-0.2001953125
0.143,-3.4833984375,5.4853515625,-1.12109375
0.1435,-2.1220703125,5.60546875,-2.5224609375
0.144,-0.9208984375,5.7255859375,-3.84375
0.1445,0.3203125,5.4052734375,-4.9248046875
0.145,1.0009765625,5.60546875,-5.685546875
0.1455,1.841796875,5.205078125,-6.24609375
0.146,2.9228515625,4.32421875,-6.6064453125
0.1465,4.1640625,3.0029296875,-6.806640625
0.147,5.0849609375,1.5615234375,-6.6865234375
0.1475,5.5654296875,0.560546875,-6.4462890625
0.148,5.765625,-0.3203125,-6.24609375
0.1485,5.60546875,-1.1611328125,-5.4853515625
0.149,5.365234375,-2.2822265625,-4.404296875
0.1495,5.125,-3.5234375,-3.203125
0.15,4.6845703125,-4.64453125,-1.841796875
0.1505,4.3642578125,-5.4453125,-0.880859375
0.151,3.84375,-5.8857421875,0.0400390625
0.1515,3.0029296875,-6.1259765625,1.041015625
0.152,1.6416015625,-6.2861328125,2.4423828125
0.1525,0.3603515625,-6.166015625,3.84375
0.153,-0.6806640625,-6.2861328125,4.7646484375
0.1535,-1.361328125,-6.40625,5.5654296875
0.154,-2.322265625,-5.7255859375,6.0859375
0.1545,-3.5634765625,-4.6044921875,6.40625
0.155,-4.64453125,-3.4033203125,6.6064453125
0.1555,-5.4453125,-2.0419921875,6.3662109375
0.156,-5.92578125,-1.1611328125,6.2060546875
0.1565,-5.9658203125,-0.3603515625,5.8056640625
0.157,-5.8056640625,0.6005859375,5.0849609375
0.1575,-5.525390625,1.8017578125,3.84375
0.158,-5.28515625,3.0029296875,2.642578125
0.1585,-4.884765625,3.9638671875,1.44140625
0.159,-4.6044921875,4.724609375,0.6005859375
0.1595,-3.8837890625,5.044921875,-0.3603515625
0.16,-2.962890625,5.2451171875,-1.44140625
0.1605,-1.76171875,5.365234375,-2.8427734375
0.161,-0.5205078125,5.3251953125,-3.9638671875
0.1615,0.3203125,5.4453125,-4.8447265625
0.162,1.041015625,5.4453125,-5.60546875
0.1625,2.0419921875,4.8046875,-6.1259765625
0.163,3.3232421875,3.5234375,-6.40625
0.1635,4.32421875,2.3623046875,-6.4462890625
0.164,5.0048828125,1.1611328125,-6.2861328125
0.1645,5.4052734375,0.400390625,-6.2060546875
0.165,5.365234375,-0.5205078125,-5.7255859375
0.1655,5.2451171875,-1.4013671875,-4.96484375
0.166,5.0048828125,-2.5224609375,-3.84375
0.1665,4.64453125,-3.7236328125,-2.5224609375
0.167,4.32421875,-4.64453125,-1.4814453125
0.1675,4.1240234375,-5.28515625,-0.720703125
0.168,3.4033203125,-5.60546875,0.2802734375
0.1685,2.322265625,-5.8056640625,1.44140625
0.169,1.201171875,-6.0458984375,2.72265625
0.1695,0.0400390625,-5.9658203125,3.8037109375
0.17,-0.720703125,-6.166015625,4.724609375
0.1705,-1.4814453125,-5.92578125,5.4052734375
0.171,-2.5224609375,-5.2451171875,5.8857421875
0.1715,-3.68359375,-4.1240234375,6.1259765625
0.172,-4.64453125,-2.8427734375,6.0859375
0.1725,-5.28515625,-1.8017578125,6.005859375
0.173,-5.60546875,-1.12109375,5.8857421875
0.1735,-5.525390625,-0.3203125,5.4052734375
0.174,-5.365234375,0.7607421875,4.484375
0.1745,-5.2451171875,1.8818359375,3.5234375
0.175,-4.884765625,3.0029296875,2.2421875
0.1755,-4.6845703125,3.84375,1.361328125
0.176,-4.32421875,4.404296875,0.6005859375
0.1765,-3.68359375,4.7646484375,-0.400390625
0.177,-2.6025390625,4.96484375,-1.6416015625
0.1775,-1.44140625,5.0849609375,-2.8828125
0.178,-0.6005859375,5.2451171875,-3.8837890625
0.1785,0.2001953125,5.4453125,-4.8447265625
0.179,1.12109375,5.0849609375,-5.4453125
0.1795,2.2421875,4.2041015625,-5.845703125
0.18,3.3232421875,3.203125,-6.1259765625
0.1805,4.2041015625,1.921875,-6.0458984375
0.181,4.8046875,1.12109375,-6.0859375
0.1815,5.0048828125,0.3603515625,-5.845703125
0.182,5.044921875,-0.5205078125,-5.365234375
0.1825,4.8447265625,-1.5615234375,-4.4443359375
0.183,4.6845703125,-2.72265625,-3.3232421875
0.1835,4.404296875,-3.7236328125,-2.2021484375
0.184,4.2841796875,-4.564453125,-1.44140625
0.1845,3.8037109375,-5.044921875,-0.640625
0.185,3.04296875,-5.4052734375,0.48046875
0.1855,2.0419921875,-5.7255859375,1.6416015625
0.186,0.8408203125,-5.7255859375,2.8828125
0.1865,0.1201171875,-5.92578125,3.84375
0.187,-0.720703125,-6.0458984375,4.724609375
0.1875,-1.6416015625,-5.60546875,5.28515625
0.188,-2.802734375,-4.6044921875,5.6455078125
0.1885,-3.84375,-3.5634765625,5.8857421875
0.189,-4.6044921875,-2.4423828125,5.765625
0.1895,-5.125,-1.681640625,5.845703125
0.19,-5.205078125,-1.0009765625,5.4853515625
0.1905,-5.205078125,0.0,4.96484375
0.191,-5.125,0.9609375,4.083984375
0.1915,-4.884765625,2.1220703125,2.9228515625
0.192,-4.6845703125,3.0830078125,1.9619140625
0.1925,-4.5244140625,3.84375,1.2412109375
0.193,-4.0439453125,4.244140625,0.3603515625
0.1935,-3.203125,4.6044921875,-0.80078125
0.194,-2.2822265625,4.96484375,-1.9619140625
0.1945,-1.2412109375,5.044921875,-3.0830078125
0.195,-0.5205078125,5.365234375,-4.0439453125
0.1955,0.400390625,5.2451171875,-4.8447265625
0.196,1.4013671875,4.724609375,-5.4453125
0.1965,2.5625,3.763671875,-5.8056640625
0.197,3.603515625,2.5625,-5.92578125
0.1975,4.32421875,1.6015625,-5.92578125
0.198,4.7646484375,0.9208984375,-6.005859375
0.1985,4.8447265625,0.1201171875,-5.5654296875
0.199,4.8046875,-0.9208984375,-4.8447265625
0.1995,4.7646484375,-1.9619140625,-3.9638671875
0.2,4.484375,-3.0830078125,-2.7626953125
0.2005,4.32421875,-4.0439453125,-1.8818359375
0.201,4.083984375,-4.7646484375,-1.12109375
0.2015,3.4833984375,-5.1650390625,-0.240234375
0.202,2.5224609375,-5.4853515625,1.12109375
0.2025,1.4013671875,-5.6455078125,2.2822265625
0.203,0.560546875,-5.845703125,3.36328125
0.2035,-0.240234375,-6.1259765625,4.32421875
0.204,-1.1611328125,-5.765625,5.044921875
0.2045,-2.2822265625,-5.0048828125,5.4853515625
0.205,-3.4033203125,-4.00390625,5.8056640625
0.2055,-4.32421875,-2.7626953125,5.765625
0.206,-4.96484375,-1.9619140625,5.8056640625
0.2065,-5.205078125,-1.2412109375,5.6455078125
0.207,-5.2451171875,-0.4404296875,5.205078125
0.2075,-5.125,0.6806640625,4.2841796875
0.208,-5.044921875,1.8818359375,3.2431640625
0.2085,-4.7646484375,2.9228515625,2.162109375
0.209,-4.64453125,3.763671875,1.3212890625
0.2095,-4.1640625,4.2041015625,0.560546875
0.21,-3.4033203125,4.6044921875,-0.6005859375
0.2105,-2.5224609375,4.96484375,-1.76171875
0.211,-1.3212890625,5.044921875,-2.962890625
0.2115,-0.6005859375,5.28515625,-3.9638671875
0.212,0.2802734375,5.365234375,-4.8447265625
0.2125,1.28125,4.884765625,-5.4453125
0.213,2.5224609375,3.84375,-5.8056640625
0.2135,3.5634765625,2.72265625,-6.0458984375
0.214,4.3642578125,1.6015625,-5.9658203125
0.2145,4.8447265625,0.880859375,-6.0458984375
0.215,4.96484375,0.1201171875,-5.6455078125
0.2155,4.96484375,-0.9208984375,-5.0048828125
0.216,4.8447265625,-2.001953125,-4.0439453125
0.2165,4.6044921875,-3.203125,-2.802734375
0.217,4.3642578125,-4.2041015625,-1.8017578125
0.2175,4.1640625,-4.96484375,-1.041015625
0.218,3.5234375,-5.3251953125,0.0
0.2185,2.5224609375,-5.60546875,1.1611328125
0.219,1.4814453125,-5.845703125,2.4423828125
0.2195,0.3603515625,-5.8857421875,3.5234375
0.22,-0.400390625,-6.1259765625,4.484375
0.2205,-1.28125,-5.8857421875,5.205078125
0.221,-2.3623046875,-5.1650390625,5.7255859375
0.2215,-3.5634765625,-4.0439453125,6.0458984375
0.222,-4.564453125,-2.7626953125,6.0458984375
0.2225,-5.205078125,-1.76171875,5.92578125
0.223,-5.525390625,-1.041015625,5.8056640625
0.2235,-5.4853515625,-0.240234375,5.2451171875
0.224,-5.3251953125,0.9609375,4.32421875
0.2245,-5.205078125,2.0419921875,3.3232421875
0.225,-4.884765625,3.1630859375,2.0419921875
0.2255,-4.64453125,4.00390625,1.1611328125
0.226,-4.2041015625,4.564453125,0.3603515625
0.2265,-3.4833984375,4.8447265625,-0.6806640625
0.227,-2.3623046875,5.125,-1.9619140625
0.2275,-1.1611328125,5.2451171875,-3.2431640625
0.228,-0.3203125,5.3251953125,-4.2041015625
0.2285,0.48046875,5.4853515625,-5.125
0.229,1.4814453125,4.96484375,-5.7255859375
0.2295,2.6826171875,3.9638671875,-6.1259765625
0.23,3.84375,2.8427734375,-6.3662109375
0.2305,4.64453125,1.521484375,-6.166015625
0.231,5.125,0.640625,-6.1259765625
0.2315,5.28515625,-0.16015625,-5.845703125
0.232,5.2451171875,-1.041015625,-5.1650390625
0.2325,5.0048828125,-2.2421875,-4.0439453125
0.233,4.8046875,-3.4833984375,-2.8828125
0.2335,4.484375,-4.484375,-1.7216796875
0.234,4.244140625,-5.2451171875,-0.880859375
0.2345,3.6435546875,-5.60546875,0.080078125
0.235,2.6025390625,-5.845703125,1.2412109375
0.2355,1.44140625,-6.1259765625,2.6025390625
0.236,0.2001953125,-6.0859375,3.84375
0.2365,-0.640625,-6.2060546875,4.7646484375
0.237,-1.4013671875,-6.1259765625,5.5654296875
0.2375,-2.5224609375,-5.4453125,6.0859375
0.238,-3.84375,-4.1640625,6.3662109375
0.2385,-4.884765625,-2.8828125,6.4462890625
0.239,-5.525390625,-1.681640625,6.24609375
0.2395,-5.92578125,-0.880859375,6.1259765625
0.24,-5.92578125,0.080078125,5.525390625
0.2405,-5.7255859375,1.12109375,4.6044921875
0.241,-5.4853515625,2.3623046875,3.36328125
0.2415,-5.1650390625,3.603515625,1.9619140625
0.242,-4.8447265625,4.484375,0.9208984375
0.2425,-4.4443359375,5.0849609375,0.1201171875
0.243,-3.5634765625,5.3251953125,-0.9609375
0.2435,-2.2822265625,5.525390625,-2.3623046875
0.244,-1.041015625,5.7255859375,-3.7236328125
0.2445,0.16015625,5.5654296875,-4.8046875
0.245,0.880859375,5.685546875,-5.6455078125
0.2455,1.8818359375,5.1650390625,-6.2861328125
0.246,3.123046875,4.1240234375,-6.7265625
0.2465,4.3642578125,2.7626953125,-6.88671875
0.247,5.28515625,1.3212890625,-6.7265625
0.2475,5.7255859375,0.3203125,-6.4462890625
0.248,5.8857421875,-0.6005859375,-6.166015625
0.2485,5.7255859375,-1.5615234375,-5.28515625
0.249,5.4052734375,-2.8427734375,-4.00390625
0.2495,5.125,-4.083984375,-2.7626953125
0.25,4.6044921875,-5.125,-1.4013671875
0.2505,4.2041015625,-5.8056640625,-0.4404296875
0.251,3.603515625,-6.166015625,0.5205078125
0.2515,2.5224609375,-6.3662109375,1.6416015625
0.252,1.12109375,-6.4462890625,3.1630859375
0.2525,-0.3203125,-6.40625,4.484375
0.253,-1.201171875,-6.326171875,5.3251953125
0.2535,-1.8818359375,-6.2861328125,6.0859375
0.254,-3.0029296875,-5.4453125,6.5263671875
0.2545,-4.244140625,-4.2041015625,6.806640625
0.255,-5.28515625,-2.8828125,6.88671875
0.2555,-6.0458984375,-1.4814453125,6.5263671875
0.256,-6.3662109375,-0.560546875,6.24609375
0.2565,-6.2861328125,0.3603515625,5.7255859375
0.257,-6.0859375,1.28125,4.8046875
0.2575,-5.7255859375,2.5625,3.4033203125
0.258,-5.4052734375,3.84375,2.08203125
0.2585,-4.884765625,4.7646484375,0.880859375
0.259,-4.5244140625,5.4052734375,0.0
0.2595,-3.6435546875,5.5654296875,-1.0009765625
0.26,-2.482421875,5.7255859375,-2.2421875
0.2605,-1.1611328125,5.845703125,-3.68359375
0.261,0.240234375,5.685546875,-4.8447265625
0.2615,0.9609375,5.685546875,-5.6455078125
0.262,1.76171875,5.4453125,-6.3662109375
0.2625,2.8828125,4.6044921875,-6.7666015625
0.263,4.1640625,3.1630859375,-6.9267578125
0.2635,5.1650390625,1.841796875,-6.9267578125
0.264,5.7255859375,0.6005859375,-6.56640625
0.2645,6.005859375,-0.3203125,-6.40625
0.265,5.8857421875,-1.2412109375,-5.7255859375
0.2655,5.60546875,-2.2822265625,-4.6845703125
0.266,5.28515625,-3.5234375,-3.36328125
0.2665,4.8447265625,-4.724609375,-1.921875
0.267,4.404296875,-5.525390625,-0.80078125
0.2675,4.00390625,-6.1259765625,0.080078125
0.268,3.04296875,-6.2861328125,1.0810546875
0.2685,1.76171875,-6.40625,2.5224609375
0.269,0.4404296875,-6.486328125,3.84375
0.2695,-0.80078125,-6.326171875,4.9248046875
0.27,-1.4814453125,-6.40625,5.7255859375
0.2705,-2.40234375,-5.92578125,6.326171875
0.271,-3.603515625,-4.96484375,6.7265625
0.2715,-4.8447265625,-3.5634765625,6.88671875
0.272,-5.7255859375,-2.1220703125,6.6865234375
0.2725,-6.2060546875,-1.0009765625,6.40625
0.273,-6.3662109375,-0.2802734375,6.1259765625
0.2735,-6.166015625,0.7607421875,5.28515625
0.274,-5.8857421875,2.001953125,4.0439453125
0.2745,-5.60546875,3.203125,2.802734375
0.275,-5.125,4.32421875,1.4013671875
0.2755,-4.724609375,5.0849609375,0.4404296875
0.276,-4.083984375,5.4853515625,-0.5205078125
0.2765,-3.123046875,5.685546875,-1.6015625
0.277,-1.7216796875,5.8056640625,-3.123046875
0.2775,-0.3603515625,5.765625,-4.4443359375
0.278,0.640625,5.7255859375,-5.365234375
0.2785,1.361328125,5.7255859375,-6.166015625
0.279,2.4423828125,4.96484375,-6.6865234375
0.2795,3.763671875,3.68359375,-6.966796875
0.28,4.8447265625,2.40234375,-7.0869140625
0.2805,5.6455078125,0.9609375,-6.7666015625
0.281,6.0458984375,0.0,-6.56640625
0.2815,6.0458984375,-1.0009765625,-6.0859375
0.282,5.8056640625,-1.9619140625,-5.125
0.2825,5.4853515625,-3.3232421875,-3.7236328125
0.283,5.125,-4.564453125,-2.322265625
0.2835,4.6044921875,-5.4853515625,-1.041015625
0.284,4.244140625,-6.2060546875,0.0
0.2845,3.36328125,-6.40625,0.9208984375
0.285,2.1220703125,-6.56640625,2.2421875
0.2855,0.720703125,-6.646484375,3.7236328125
0.286,-0.720703125,-6.4462890625,4.9248046875
0.2865,-1.4814453125,-6.40625,5.765625
0.287,-2.2822265625,-6.2060546875,6.40625
0.2875,-3.4833984375,-5.2451171875,6.88671875
0.288,-4.8046875,-3.763671875,7.046875
0.2885,-5.765625,-2.40234375,6.966796875
0.289,-6.2861328125,-1.1611328125,6.5263671875
0.2895,-6.486328125,-0.3203125,6.24609375
0.29,-6.3662109375,0.7607421875,5.4853515625
0.2905,-6.0458984375,1.841796875,4.404296875
0.291,-5.685546875,3.04296875,3.04296875
0.2915,-5.1650390625,4.244140625,1.5615234375
0.292,-4.724609375,5.044921875,0.5205078125
0.2925,-4.244140625,5.525390625,-0.400390625
0.293,-3.3232421875,5.685546875,-1.361328125
0.2935,-1.9619140625,5.7255859375,-2.7626953125
0.294,-0.720703125,5.8056640625,-4.1240234375
0.2945,0.6005859375,5.60546875,-5.125
0.295,1.201171875,5.685546875,-5.92578125
0.2955,2.08203125,5.1650390625,-6.4462890625
0.296,3.203125,4.2041015625,-6.806640625
0.2965,4.4443359375,2.8427734375,-6.966796875
0.297,5.2451171875,1.4013671875,-6.7265625
0.2975,5.7255859375,0.3603515625,-6.4462890625
0.298,5.8857421875,-0.48046875,-6.2060546875
0.2985,5.7255859375,-1.3212890625,-5.4453125
0.299,5.4052734375,-2.482421875,-4.32421875
0.2995,5.0849609375,-3.6435546875,-3.0830078125
0.3,4.6044921875,-4.724609375,-1.7216796875
0.3005,4.32421875,-5.4853515625,-0.720703125
0.301,3.8037109375,-5.9658203125,0.16015625
0.3015,2.8828125,-6.166015625,1.1611328125
0.302,1.6015625,-6.2861328125,2.5224609375
0.3025,0.2802734375,-6.2861328125,3.84375
0.303,-0.7607421875,-6.2861328125,4.8046875
0.3035,-1.44140625,-6.3662109375,5.6455078125
0.304,-2.40234375,-5.765625,6.2060546875
0.3045,-3.5634765625,-4.6845703125,6.4462890625
0.305,-4.64453125,-3.5634765625,6.6865234375
0.3055,-5.4853515625,-2.1220703125,6.40625
0.306,-5.9658203125,-1.1611328125,6.2861328125
0.3065,-6.0458984375,-0.400390625,5.8857421875
0.307,-5.92578125,0.6005859375,5.1650390625
0.3075,-5.60546875,1.76171875,3.9638671875
0.308,-5.3251953125,2.962890625,2.72265625
0.3085,-4.9248046875,3.9638671875,1.4814453125
0.309,-4.6845703125,4.8046875,0.6005859375
0.3095,-4.00390625,5.0849609375,-0.3603515625
0.31,-3.0029296875,5.3251953125,-1.44140625
0.3105,-1.841796875,5.5654296875,-2.7626953125
0.311,-0.560546875,5.4453125,-4.00390625
0.3115,0.3203125,5.5654296875,-4.9248046875
0.312,1.0810546875,5.4853515625,-5.7255859375
0.3125,2.08203125,4.8447265625,-6.24609375
0.313,3.4033203125,3.5234375,-6.4462890625
0.3135,4.404296875,2.322265625,-6.56640625
0.314,5.044921875,1.1611328125,-6.326171875
0.3145,5.4453125,0.3603515625,-6.24609375
0.315,5.4453125,-0.5205078125,-5.765625
0.3155,5.2451171875,-1.44140625,-4.9248046875
0.316,5.044921875,-2.6025390625,-3.84375
0.3165,4.6845703125,-3.8037109375,-2.5224609375
0.317,4.3642578125,-4.6845703125,-1.44140625
0.3175,4.1240234375,-5.4052734375,-0.640625
0.318,3.4033203125,-5.685546875,0.3203125
0.3185,2.2822265625,-5.845703125,1.5615234375
0.319,1.1611328125,-6.0458984375,2.802734375
0.3195,0.0400390625,-5.9658203125,3.8837890625
0.32,-0.7607421875,-6.1259765625,4.8046875
0.3205,-1.5615234375,-5.92578125,5.4853515625
0.321,-2.5625,-5.28515625,5.9658203125
0.3215,-3.7236328125,-4.1240234375,6.2060546875
0.322,-4.6845703125,-2.8427734375,6.1259765625
0.3225,-5.28515625,-1.8017578125,6.005859375
0.323,-5.6455078125,-1.0810546875,5.8857421875
0.3235,-5.5654296875,-0.3203125,5.4052734375
0.324,-5.365234375,0.80078125,4.484375
0.3245,-5.2451171875,1.8818359375,3.5234375
0.325,-4.884765625,3.0029296875,2.2421875
0.3255,-4.6845703125,3.84375,1.361328125
0.326,-4.32421875,4.4443359375,0.560546875
0.3265,-3.68359375,4.8046875,-0.400390625
0.327,-2.642578125,5.0849609375,-1.6015625
0.3275,-1.521484375,5.1650390625,-2.8427734375
0.328,-0.6005859375,5.2451171875,-3.84375
0.3285,0.2001953125,5.4853515625,-4.8046875
0.329,1.12109375,5.0849609375,-5.4453125
0.3295,2.2021484375,4.244140625,-5.845703125
0.33,3.2431640625,3.283203125,-6.1259765625
0.3305,4.1640625,2.0419921875,-6.0859375
0.331,4.7646484375,1.201171875,-6.0859375
0.3315,5.044921875,0.48046875,-5.8857421875
0.332,5.0849609375,-0.400390625,-5.4453125
0.3325,4.884765625,-1.4814453125,-4.5244140625
0.333,4.7646484375,-2.6025390625,-3.443359375
0.3335,4.484375,-3.603515625,-2.322265625
0.334,4.3642578125,-4.5244140625,-1.4814453125
0.3345,3.84375,-5.0048828125,-0.6806640625
0.335,3.123046875,-5.4052734375,0.4404296875
0.3355,2.162109375,-5.7255859375,1.5615234375
0.336,0.9609375,-5.765625,2.802734375
0.3365,0.2001953125,-5.9658203125,3.8037109375
0.337,-0.640625,-6.1259765625,4.64453125
0.3375,-1.6015625,-5.7255859375,5.28515625
0.338,-2.7626953125,-4.64453125,5.685546875
0.3385,-3.8037109375,-3.6435546875,5.8857421875
0.339,-4.564453125,-2.5224609375,5.765625
0.3395,-5.125,-1.76171875,5.8857421875
0.34,-5.2451171875,-1.0009765625,5.5654296875
0.3405,-5.205078125,-0.16015625,4.96484375
0.341,-5.125,0.9609375,4.1240234375
0.3415,-4.9248046875,2.08203125,3.0029296875
0.342,-4.724609375,3.04296875,2.001953125
0.3425,-4.564453125,3.84375,1.2412109375
0.343,-4.0439453125,4.32421875,0.400390625
0.3435,-3.203125,4.64453125,-0.80078125
0.344,-2.2822265625,5.0048828125,-1.9619140625
0.3445,-1.2412109375,5.044921875,-3.0830078125
0.345,-0.5205078125,5.3251953125,-4.083984375
0.3455,0.4404296875,5.205078125,-4.8447265625
0.346,1.4013671875,4.724609375,-5.4453125
0.3465,2.5625,3.763671875,-5.8056640625
0.347,3.603515625,2.5625,-5.8857421875
0.3475,4.32421875,1.6015625,-5.92578125
0.348,4.8046875,0.9208984375,-5.9658203125
0.3485,4.8447265625,0.1201171875,-5.5654296875
0.349,4.8046875,-0.9609375,-4.8447265625
0.3495,4.7646484375,-1.9619140625,-3.9638671875
0.35,4.484375,-3.0830078125,-2.7626953125
0.3505,4.3642578125,-4.0439453125,-1.921875
0.351,4.083984375,-4.7646484375,-1.12109375
0.3515,3.4833984375,-5.1650390625,-0.2001953125
0.352,2.5224609375,-5.4853515625,1.12109375
0.3525,1.44140625,-5.685546875,2.322265625
0.353,0.5205078125,-5.8857421875,3.3232421875
0.3535,-0.2802734375,-6.1259765625,4.32421875
0.354,-1.2412109375,-5.765625,5.044921875
0.3545,-2.322265625,-5.0048828125,5.525390625
0.355,-3.4033203125,-4.0439453125,5.8056640625
0.3555,-4.2841796875,-2.802734375,5.765625
0.356,-4.9248046875,-1.9619140625,5.8056640625
0.3565,-5.205078125,-1.2412109375,5.685546875
0.357,-5.28515625,-0.4404296875,5.205078125
0.3575,-5.125,0.720703125,4.2841796875
0.358,-5.0048828125,1.841796875,3.283203125
0.3585,-4.7646484375,2.8828125,2.2021484375
0.359,-4.6845703125,3.763671875,1.4013671875
0.3595,-4.1640625,4.244140625,0.5205078125
0.36,-3.443359375,4.6044921875,-0.5205078125
0.3605,-2.5224609375,4.96484375,-1.76171875
0.361,-1.361328125,5.0048828125,-2.962890625
0.3615,-0.6005859375,5.2451171875,-3.923828125
0.362,0.240234375,5.3251953125,-4.8447265625
0.3625,1.2412109375,4.9248046875,-5.4453125
0.363,2.482421875,3.84375,-5.765625
0.3635,3.5234375,2.802734375,-6.0458984375
0.364,4.2841796875,1.6416015625,-5.92578125
0.3645,4.8046875,0.9609375,-6.005859375
0.365,4.9248046875,0.1201171875,-5.6455078125
0.3655,4.9248046875,-0.80078125,-5.044921875
0.366,4.8046875,-1.8818359375,-4.1240234375
0.3665,4.5244140625,-3.0830078125,-2.9228515625
0.367,4.32421875,-4.00390625,-1.921875
0.3675,4.1640625,-4.8046875,-1.1611328125
0.368,3.5634765625,-5.205078125,-0.2802734375
0.3685,2.6025390625,-5.4853515625,1.0009765625
0.369,1.6015625,-5.8056640625,2.2421875
0.3695,0.560546875,-5.845703125,3.3232421875
0.37,-0.2802734375,-6.1259765625,4.2841796875
0.3705,-1.12109375,-5.92578125,5.044921875
0.371,-2.162109375,-5.28515625,5.60546875
0.3715,-3.36328125,-4.2041015625,5.8857421875
0.372,-4.3642578125,-2.962890625,5.92578125
0.3725,-5.0048828125,-1.9619140625,5.8857421875
0.373,-5.4052734375,-1.2412109375,5.845703125
0.3735,-5.4052734375,-0.4404296875,5.3251953125
0.374,-5.28515625,0.6806640625,4.4443359375
0.3745,-5.1650390625,1.76171875,3.5234375
0.375,-4.884765625,2.8828125,2.2822265625
0.3755,-4.6845703125,3.8037109375,1.4013671875
0.376,-4.2841796875,4.3642578125,0.6005859375
0.3765,-3.603515625,4.7646484375,-0.4404296875
0.377,-2.5625,4.96484375,-1.7216796875
0.3775,-1.44140625,5.125,-2.962890625
0.378,-0.6005859375,5.2451171875,-3.9638671875
0.3785,0.240234375,5.4853515625,-4.884765625
0.379,1.2412109375,5.044921875,-5.525390625
0.3795,2.482421875,4.083984375,-6.0458984375
0.38,3.5634765625,3.04296875,-6.2861328125
0.3805,4.4443359375,1.7216796875,-6.1259765625
0.381,4.96484375,0.880859375,-6.1259765625
0.3815,5.205078125,0.1201171875,-5.8857421875
0.382,5.1650390625,-0.880859375,-5.28515625
0.3825,4.96484375,-2.001953125,-4.1640625
0.383,4.8046875,-3.203125,-3.0029296875
0.3835,4.484375,-4.2041015625,-1.8818359375
0.384,4.32421875,-5.0849609375,-1.041015625
0.3845,3.68359375,-5.4453125,-0.16015625
0.385,2.72265625,-5.765625,1.0810546875
0.3855,1.5615234375,-6.0458984375,2.40234375
0.386,0.3603515625,-6.0458984375,3.603515625
0.3865,-0.5205078125,-6.166015625,4.5244140625
0.387,-1.28125,-6.1259765625,5.365234375
0.3875,-2.3623046875,-5.4453125,5.92578125
0.388,-3.68359375,-4.2041015625,6.24609375
0.3885,-4.6845703125,-3.0029296875,6.326171875
0.389,-5.4052734375,-1.8017578125,6.166015625
0.3895,-5.765625,-1.0009765625,6.0859375
0.39,-5.765625,-0.16015625,5.525390625
0.3905,-5.6455078125,0.9609375,4.6044921875
0.391,-5.4453125,2.162109375,3.4833984375
0.3915,-5.125,3.36328125,2.162109375
0.392,-4.8046875,4.2841796875,1.12109375
0.3925,-4.4443359375,4.9248046875,0.2802734375
0.393,-3.603515625,5.125,-0.80078125
0.3935,-2.40234375,5.365234375,-2.1220703125
0.394,-1.28125,5.5654296875,-3.5234375
0.3945,0.0,5.4853515625,-4.5244140625
0.395,0.6806640625,5.60546875,-5.4453125
0.3955,1.6416015625,5.2451171875,-6.0859375
0.396,2.8427734375,4.2841796875,-6.56640625
0.3965,4.1240234375,2.9228515625,-6.7666015625
0.397,5.0849609375,1.521484375,-6.6064453125
0.3975,5.5654296875,0.48046875,-6.40625
0.398,5.765625,-0.3603515625,-6.166015625
0.3985,5.60546875,-1.361328125,-5.4052734375
0.399,5.365234375,-2.6025390625,-4.1640625
0.3995,5.0849609375,-3.84375,-2.8828125
0.4,4.64453125,-4.8447265625,-1.5615234375
0.4005,4.2841796875,-5.6455078125,-0.640625
0.401,3.68359375,-6.0859375,0.3203125
0.4015,2.6826171875,-6.326171875,1.44140625
0.402,1.28125,-6.4462890625,2.9228515625
0.4025,0.0,-6.3662109375,4.244140625
0.403,-1.0009765625,-6.2861328125,5.125
0.4035,-1.681640625,-6.2861328125,5.8857421875
0.404,-2.8427734375,-5.5654296875,6.4462890625
0.4045,-4.1240234375,-4.2841796875,6.7265625
0.405,-5.1650390625,-3.04296875,6.88671875
0.4055,-5.92578125,-1.6015625,6.5263671875
0.406,-6.2861328125,-0.640625,6.24609375
0.4065,-6.2861328125,0.2802734375,5.765625
0.407,-6.0458984375,1.2412109375,4.8447265625
0.4075,-5.7255859375,2.5224609375,3.4833984375
0.408,-5.4052734375,3.8037109375,2.162109375
0.4085,-4.884765625,4.6845703125,0.9609375
0.409,-4.5244140625,5.3251953125,0.0400390625
0.4095,-3.7236328125,5.5654296875,-1.0009765625
0.41,-2.5625,5.7255859375,-2.2822265625
0.4105,-1.201171875,5.845703125,-3.68359375
0.411,0.240234375,5.7255859375,-4.8447265625
0.4115,0.9609375,5.7255859375,-5.685546875
0.412,1.76171875,5.4853515625,-6.40625
0.4125,2.9228515625,4.6044921875,-6.88671875
0.413,4.2841796875,3.1630859375,-7.046875
0.4135,5.2451171875,1.76171875,-7.0068359375
0.414,5.8056640625,0.5205078125,-6.6064453125
0.4145,6.0458984375,-0.400390625,-6.40625
0.415,5.92578125,-1.3212890625,-5.7255859375
0.4155,5.685546875,-2.4423828125,-4.64453125
0.416,5.3251953125,-3.7236328125,-3.2431640625
0.4165,4.8447265625,-4.884765625,-1.8017578125
0.417,4.404296875,-5.765625,-0.6806640625
0.4175,3.9638671875,-6.326171875,0.240234375
0.418,3.0029296875,-6.486328125,1.2412109375
0.4185,1.6015625,-6.56640625,2.72265625
0.419,0.2802734375,-6.56640625,4.083984375
0.4195,-0.9609375,-6.40625,5.0849609375
0.42,-1.6416015625,-6.40625,5.8857421875
0.4205,-2.6025390625,-5.92578125,6.486328125
0.421,-3.8037109375,-4.8447265625,6.88671875
0.4215,-5.0048828125,-3.443359375,7.0068359375
0.422,-5.8857421875,-1.9619140625,6.7265625
0.4225,-6.3662109375,-0.880859375,6.40625
0.423,-6.40625,0.0,6.0859375
0.4235,-6.24609375,0.9609375,5.2451171875
0.424,-5.92578125,2.2021484375,3.9638671875
0.4245,-5.6455078125,3.36328125,2.72265625
0.425,-5.0849609375,4.484375,1.28125
0.4255,-4.64453125,5.1650390625,0.3203125
0.426,-4.0439453125,5.525390625,-0.6806640625
0.4265,-3.0830078125,5.765625,-1.681640625
0.427,-1.6015625,5.845703125,-3.203125
0.4275,-0.3203125,5.8056640625,-4.5244140625
0.428,0.720703125,5.7255859375,-5.4453125
0.4285,1.4013671875,5.7255859375,-6.2060546875
0.429,2.5224609375,4.96484375,-6.7265625
0.4295,3.84375,3.68359375,-7.0068359375
0.43,4.884765625,2.40234375,-7.0869140625
0.4305,5.685546875,0.9609375,-6.7666015625
0.431,6.005859375,0.0,-6.5263671875
0.4315,6.0458984375,-0.9208984375,-6.0859375
0.432,5.8056640625,-1.8818359375,-5.205078125
0.4325,5.4853515625,-3.203125,-3.763671875
0.433,5.125,-4.5244140625,-2.4423828125
0.4335,4.6044921875,-5.4453125,-1.12109375
0.434,4.244140625,-6.166015625,-0.2802734375
0.4345,3.443359375,-6.40625,0.80078125
0.435,2.2421875,-6.5263671875,2.08203125
0.4355,0.880859375,-6.646484375,3.5234375
0.436,-0.6005859375,-6.4462890625,4.8046875
0.4365,-1.361328125,-6.4462890625,5.60546875
0.437,-2.1220703125,-6.2861328125,6.3662109375
0.4375,-3.3232421875,-5.4052734375,6.8466796875
0.438,-4.64453125,-3.923828125,7.0068359375
0.4385,-5.6455078125,-2.6025390625,6.966796875
0.439,-6.24609375,-1.2412109375,6.56640625
0.4395,-6.486328125,-0.4404296875,6.326171875
0.44,-6.3662109375,0.6005859375,5.60546875
0.4405,-6.0859375,1.7216796875,4.5244140625
0.441,-5.765625,2.9228515625,3.1630859375
0.4415,-5.28515625,4.1240234375,1.7216796875
0.442,-4.8447265625,4.9248046875,0.6005859375
0.4425,-4.3642578125,5.4853515625,-0.3203125
0.443,-3.4033203125,5.7255859375,-1.3212890625
0.4435,-2.0419921875,5.8056640625,-2.7626953125
0.444,-0.80078125,5.8857421875,-4.083984375
0.4445,0.5205078125,5.685546875,-5.125
0.445,1.1611328125,5.7255859375,-5.8857421875
0.4455,2.08203125,5.2451171875,-6.486328125
0.446,3.283203125,4.244140625,-6.9267578125
0.4465,4.484375,2.8427734375,-7.0068359375
0.447,5.365234375,1.4013671875,-6.806640625
0.4475,5.8056640625,0.3603515625,-6.486328125
0.448,5.9658203125,-0.5205078125,-6.24609375
0.4485,5.765625,-1.44140625,-5.4453125
0.449,5.4453125,-2.6025390625,-4.244140625
0.4495,5.1650390625,-3.8037109375,-3.04296875
0.45,4.6044921875,-4.884765625,-1.6416015625
0.4505,4.2841796875,-5.6455078125,-0.640625
0.451,3.8037109375,-6.0458984375,0.2802734375
0.4515,2.8427734375,-6.2861328125,1.28125
0.452,1.4814453125,-6.3662109375,2.6826171875
0.4525,0.16015625,-6.2861328125,3.9638671875
0.453,-0.9208984375,-6.2861328125,4.9248046875
0.4535,-1.521484375,-6.3662109375,5.7255859375
0.454,-2.5224609375,-5.7255859375,6.24609375
0.4545,-3.7236328125,-4.6044921875,6.56640625
0.455,-4.8046875,-3.4033203125,6.6865234375
0.4555,-5.60546875,-1.9619140625,6.4462890625
0.456,-6.0458984375,-1.0810546875,6.24609375
0.4565,-6.0859375,-0.3203125,5.8857421875
0.457,-5.92578125,0.640625,5.125
0.4575,-5.6455078125,1.841796875,3.8837890625
0.458,-5.4052734375,3.04296875,2.6826171875
0.4585,-4.9248046875,4.083984375,1.4013671875
0.459,-4.6845703125,4.8447265625,0.6005859375
0.4595,-4.00390625,5.1650390625,-0.400390625
0.46,-3.04296875,5.4453125,-1.521484375
0.4605,-1.8017578125,5.60546875,-2.8828125
0.461,-0.5205078125,5.4853515625,-4.083984375
0.4615,0.3603515625,5.60546875,-5.0048828125
0.462,1.12109375,5.5654296875,-5.765625
0.4625,2.162109375,4.8447265625,-6.2861328125
0.463,3.4833984375,3.603515625,-6.56640625
0.4635,4.484375,2.3623046875,-6.6064453125
0.464,5.125,1.12109375,-6.40625
0.4645,5.525390625,0.3203125,-6.2861328125
0.465,5.4853515625,-0.640625,-5.765625
0.4655,5.4052734375,-1.6015625,-5.0048828125
0.466,5.125,-2.802734375,-3.8037109375
0.4665,4.7646484375,-3.8837890625,-2.4423828125
0.467,4.4443359375,-4.8447265625,-1.361328125
0.4675,4.1240234375,-5.4853515625,-0.6005859375
0.468,3.4033203125,-5.765625,0.4404296875
0.4685,2.2822265625,-6.005859375,1.6416015625
0.469,1.12109375,-6.1259765625,2.962890625
0.4695,0.0,-6.0458984375,4.0439453125
0.47,-0.80078125,-6.24609375,4.9248046875
0.4705,-1.6416015625,-6.005859375,5.60546875
0.471,-2.72265625,-5.205078125,6.0859375
0.4715,-3.8837890625,-4.0439453125,6.326171875
0.472,-4.8447265625,-2.72265625,6.24609375
0.4725,-5.4453125,-1.6416015625,6.0859375
0.473,-5.7255859375,-1.0009765625,5.92578125
0.4735,-5.6455078125,-0.16015625,5.365234375
0.474,-5.4853515625,0.9609375,4.4443359375
0.4745,-5.3251953125,2.1220703125,3.443359375
0.475,-4.9248046875,3.203125,2.1220703125
0.4755,-4.6845703125,4.083984375,1.2412109375
0.476,-4.2841796875,4.6044921875,0.4404296875
0.4765,-3.603515625,4.96484375,-0.6005859375
0.477,-2.482421875,5.1650390625,-1.8818359375
0.4775,-1.3212890625,5.2451171875,-3.0830078125
0.478,-0.400390625,5.3251953125,-4.083984375
0.4785,0.3603515625,5.525390625,-4.96484375
0.479,1.28125,5.0849609375,-5.60546875
0.4795,2.40234375,4.2041015625,-6.0458984375
0.48,3.5234375,3.1630859375,-6.2861328125
0.4805,4.3642578125,1.8818359375,-6.1259765625
0.481,4.9248046875,0.9609375,-6.1259765625
0.4815,5.1650390625,0.240234375,-5.92578125
0.482,5.125,-0.6806640625,-5.4453125
0.4825,4.96484375,-1.76171875,-4.3642578125
0.483,4.8046875,-2.8828125,-3.283203125
0.4835,4.484375,-3.8837890625,-2.162109375
0.484,4.32421875,-4.7646484375,-1.361328125
0.4845,3.8037109375,-5.205078125,-0.5205078125
0.485,3.0029296875,-5.525390625,0.6005859375
0.4855,1.9619140625,-5.8056640625,1.841796875
0.486,0.7607421875,-5.765625,3.04296875
0.4865,0.0,-5.9658203125,4.00390625
0.487,-0.80078125,-6.1259765625,4.8447265625
0.4875,-1.8017578125,-5.6455078125,5.4453125
0.488,-2.962890625,-4.6044921875,5.8056640625
0.4885,-3.9638671875,-3.5234375,6.005859375
0.489,-4.724609375,-2.40234375,5.845703125
0.4895,-5.205078125,-1.6416015625,5.8857421875
0.49,-5.365234375,-0.9208984375,5.4853515625
0.4905,-5.28515625,0.1201171875,4.9248046875
0.491,-5.1650390625,1.12109375,4.0439453125
0.4915,-4.96484375,2.2822265625,2.8828125
0.492,-4.6845703125,3.203125,1.921875
0.4925,-4.5244140625,3.9638671875,1.12109375
0.493,-4.00390625,4.404296875,0.2802734375
0.4935,-3.123046875,4.724609375,-0.9208984375
0.494,-2.2021484375,5.044921875,-2.08203125
0.4945,-1.1611328125,5.044921875,-3.1630859375
0.495,-0.48046875,5.3251953125,-4.1240234375
0.4955,0.48046875,5.2451171875,-4.8447265625
0.496,1.44140625,4.724609375,-5.4853515625
0.4965,2.6025390625,3.763671875,-5.845703125
0.497,3.603515625,2.5224609375,-5.8857421875
0.4975,4.2841796875,1.5615234375,-5.8857421875
0.498,4.7646484375,0.880859375,-5.9658203125
0.4985,4.8447265625,0.16015625,-5.60546875
0.499,4.8447265625,-0.9208984375,-4.8447265625
0.4995,4.7646484375,-1.9619140625,-4.00390625
0.5,4.484375,-3.04296875,-2.8828125
0.5005,4.32421875,-3.9638671875,-1.9619140625
0.501,4.1240234375,-4.64453125,-1.2412109375
0.5015,3.5234375,-5.125,-0.3203125
0.502,2.6025390625,-5.4453125,0.9609375
0.5025,1.5615234375,-5.6455078125,2.162109375
0.503,0.640625,-5.765625,3.203125
0.5035,0.0,-6.1259765625,4.1640625
0.504,-1.041015625,-5.845703125,4.9248046875
0.5045,-2.1220703125,-5.125,5.4052734375
0.505,-3.203125,-4.2041015625,5.765625
0.5055,-4.1640625,-3.0029296875,5.7255859375
0.506,-4.8447265625,-2.162109375,5.765625
0.5065,-5.1650390625,-1.4013671875,5.685546875
0.507,-5.2451171875,-0.6005859375,5.28515625
0.5075,-5.125,0.560546875,4.404296875
0.508,-5.0849609375,1.6416015625,3.4833984375
0.5085,-4.8046875,2.6826171875,2.3623046875
0.509,-4.7646484375,3.5634765625,1.5615234375
0.5095,-4.244140625,4.1240234375,0.7607421875
0.51,-3.5634765625,4.5244140625,-0.3603515625
0.5105,-2.6826171875,4.9248046875,-1.5615234375
0.511,-1.5615234375,5.0048828125,-2.72265625
0.5115,-0.80078125,5.2451171875,-3.7236328125
0.512,0.0400390625,5.4052734375,-4.64453125
0.5125,1.0810546875,4.96484375,-5.3251953125
0.513,2.2822265625,3.9638671875,-5.7255859375
0.5135,3.36328125,2.8828125,-5.9658203125
0.514,4.1240234375,1.76171875,-5.92578125
0.5145,4.724609375,1.0810546875,-6.0458984375
0.515,4.8447265625,0.2802734375,-5.685546875
0.5155,4.9248046875,-0.6806640625,-5.125
0.516,4.8046875,-1.8017578125,-4.1640625
0.5165,4.6044921875,-2.962890625,-3.04296875
0.517,4.3642578125,-3.923828125,-2.001953125
0.5175,4.244140625,-4.7646484375,-1.28125
0.518,3.6435546875,-5.1650390625,-0.3603515625
0.5185,2.6826171875,-5.4853515625,0.9208984375
0.519,1.681640625,-5.765625,2.162109375
0.5195,0.6005859375,-5.8056640625,3.2431640625
0.52,-0.2001953125,-6.0859375,4.244140625
0.5205,-1.041015625,-5.92578125,5.044921875
0.521,-2.1220703125,-5.365234375,5.60546875
0.5215,-3.3232421875,-4.244140625,5.92578125
0.522,-4.3642578125,-3.04296875,5.92578125
0.5225,-5.0048828125,-1.9619140625,5.8857421875
0.523,-5.4052734375,-1.28125,5.845703125
0.5235,-5.4052734375,-0.4404296875,5.3251953125
0.524,-5.28515625,0.6806640625,4.484375
0.5245,-5.205078125,1.8017578125,3.5234375
0.525,-4.884765625,2.9228515625,2.2822265625
0.5255,-4.6845703125,3.8037109375,1.4013671875
0.526,-4.32421875,4.3642578125,0.6005859375
0.5265,-3.6435546875,4.7646484375,-0.48046875
0.527,-2.5625,5.044921875,-1.7216796875
0.5275,-1.44140625,5.205078125,-2.962890625
0.528,-0.560546875,5.2451171875,-3.9638671875
0.5285,0.240234375,5.4853515625,-4.884765625
0.529,1.2412109375,5.044921875,-5.525390625
0.5295,2.4423828125,4.083984375,-6.005859375
0.53,3.5234375,2.962890625,-6.2861328125
0.5305,4.484375,1.7216796875,-6.1259765625
0.531,4.96484375,0.880859375,-6.1259765625
0.5315,5.1650390625,0.1201171875,-5.845703125
0.532,5.1650390625,-0.8408203125,-5.28515625
0.5325,4.96484375,-2.001953125,-4.1640625
0.533,4.8046875,-3.203125,-3.0830078125
0.5335,4.484375,-4.1640625,-1.921875
0.534,4.2841796875,-5.0048828125,-1.0810546875
0.5345,3.6435546875,-5.4052734375,-0.2001953125
0.535,2.7626953125,-5.7255859375,0.9609375
0.5355,1.6416015625,-5.9658203125,2.2822265625
0.536,0.48046875,-5.92578125,3.4833984375
0.5365,-0.3603515625,-6.1259765625,4.404296875
0.537,-1.1611328125,-6.166015625,5.2451171875
0.5375,-2.2421875,-5.525390625,5.8056640625
0.538,-3.5234375,-4.3642578125,6.1259765625
0.5385,-4.5244140625,-3.1630859375,6.24609375
0.539,-5.2451171875,-1.9619140625,6.0859375
0.5395,-5.6455078125,-1.1611328125,6.0458984375
0.54,-5.7255859375,-0.3203125,5.4853515625
0.5405,-5.5654296875,0.7607421875,4.724609375
0.541,-5.4052734375,1.921875,3.603515625
0.5415,-5.125,3.1630859375,2.2822265625
0.542,-4.8046875,4.0439453125,1.28125
0.5425,-4.5244140625,4.7646484375,0.48046875
0.543,-3.7236328125,5.0849609375,-0.560546875
0.5435,-2.6025390625,5.28515625,-1.921875
0.544,-1.4814453125,5.5654296875,-3.203125
0.5445,-0.3203125,5.4453125,-4.32421875
0.545,0.48046875,5.60546875,-5.205078125
0.5455,1.4013671875,5.2451171875,-5.92578125
0.546,2.6025390625,4.3642578125,-6.486328125
0.5465,3.9638671875,3.123046875,-6.7265625
0.547,4.9248046875,1.7216796875,-6.6064453125
0.5475,5.4453125,0.640625,-6.40625
0.548,5.7255859375,-0.2802734375,-6.24609375
0.5485,5.60546875,-1.201171875,-5.4453125
0.549,5.4052734375,-2.4423828125,-4.244140625
0.5495,5.1650390625,-3.68359375,-3.0830078125
0.55,4.724609375,-4.8046875,-1.681640625
0.5505,4.32421875,-5.525390625,-0.720703125
0.551,3.8037109375,-6.0458984375,0.2802734375
0.5515,2.802734375,-6.2861328125,1.4013671875
0.552,1.3212890625,-6.40625,2.8828125
0.5525,0.0400390625,-6.3662109375,4.2041015625
0.553,-0.9609375,-6.3662109375,5.0849609375
0.5535,-1.6416015625,-6.3662109375,5.8857421875
0.554,-2.8427734375,-5.6455078125,6.4462890625
0.5545,-4.1240234375,-4.32421875,6.7666015625
0.555,-5.1650390625,-3.04296875,6.88671875
0.5555,-5.92578125,-1.6015625,6.5263671875
0.556,-6.2861328125,-0.640625,6.24609375
0.5565,-6.2861328125,0.2802734375,5.7255859375
0.557,-6.0458984375,1.28125,4.8046875
0.5575,-5.7255859375,2.6025390625,3.443359375
0.558,-5.4052734375,3.8037109375,2.1220703125
0.5585,-4.884765625,4.6845703125,0.880859375
0.559,-4.5244140625,5.3251953125,0.0400390625
0.5595,-3.6435546875,5.5654296875,-1.0009765625
0.56,-2.482421875,5.7255859375,-2.2421875
0.5605,-1.1611328125,5.8857421875,-3.7236328125
0.561,0.240234375,5.6455078125,-4.8447265625
0.5615,0.9609375,5.6455078125,-5.6455078125
0.562,1.7216796875,5.4453125,-6.40625
0.5625,2.9228515625,4.6044921875,-6.806640625
0.563,4.2041015625,3.1630859375,-7.0068359375
0.5635,5.205078125,1.841796875,-6.966796875
0.564,5.7255859375,0.560546875,-6.56640625
0.5645,6.0458984375,-0.3603515625,-6.3662109375
0.565,5.8857421875,-1.28125,-5.7255859375
0.5655,5.685546875,-2.322265625,-4.6845703125
0.566,5.3251953125,-3.603515625,-3.283203125
0.5665,4.8447265625,-4.8046875,-1.921875
0.567,4.404296875,-5.60546875,-0.80078125
0.5675,4.00390625,-6.166015625,0.1201171875
0.568,3.0830078125,-6.3662109375,1.12109375
0.5685,1.76171875,-6.486328125,2.5224609375
0.569,0.4404296875,-6.6064453125,3.8837890625
0.5695,-0.8408203125,-6.40625,4.96484375
0.57,-1.5615234375,-6.4462890625,5.7255859375
0.5705,-2.4423828125,-5.9658203125,6.3662109375
0.571,-3.603515625,-5.0048828125,6.7666015625
0.5715,-4.8447265625,-3.603515625,6.88671875
0.572,-5.765625,-2.1220703125,6.6865234375
0.5725,-6.24609375,-1.0009765625,6.40625
0.573,-6.3662109375,-0.240234375,6.1259765625
0.5735,-6.166015625,0.80078125,5.28515625
0.574,-5.845703125,2.001953125,4.083984375
0.5745,-5.6455078125,3.2431640625,2.8427734375
0.575,-5.125,4.32421875,1.4013671875
0.5755,-4.724609375,5.0849609375,0.48046875
0.576,-4.1640625,5.4853515625,-0.5205078125
0.5765,-3.203125,5.685546875,-1.5615234375
0.577,-1.76171875,5.765625,-3.0830078125
0.5775,-0.48046875,5.765625,-4.3642578125
0.578,0.6005859375,5.685546875,-5.28515625
0.5785,1.28125,5.765625,-6.0859375
0.579,2.3623046875,5.044921875,-6.6064453125
0.5795,3.6435546875,3.8037109375,-6.9267578125
0.58,4.7646484375,2.5224609375,-7.0869140625
0.5805,5.5654296875,1.041015625,-6.7265625
0.581,5.92578125,0.080078125,-6.486328125
0.5815,6.005859375,-0.8408203125,-6.0859375
0.582,5.8056640625,-1.8017578125,-5.205078125
0.5825,5.4453125,-3.1630859375,-3.8037109375
0.583,5.125,-4.404296875,-2.4423828125
0.5835,4.6044921875,-5.365234375,-1.1611328125
0.584,4.32421875,-6.0859375,-0.3203125
0.5845,3.4833984375,-6.3662109375,0.7607421875
0.585,2.2822265625,-6.6064453125,2.0419921875
0.5855,0.880859375,-6.6865234375,3.5234375
0.586,-0.6005859375,-6.5263671875,4.7646484375
0.5865,-1.3212890625,-6.4462890625,5.60546875
0.587,-2.1220703125,-6.2861328125,6.326171875
0.5875,-3.283203125,-5.4052734375,6.8466796875
0.588,-4.64453125,-3.8837890625,7.0068359375
0.5885,-5.6455078125,-2.6025390625,6.966796875
0.589,-6.2861328125,-1.2412109375,6.56640625
0.5895,-6.486328125,-0.400390625,6.3662109375
0.59,-6.40625,0.640625,5.60546875
0.5905,-6.1259765625,1.76171875,4.5244140625
0.591,-5.8056640625,3.04296875,3.1630859375
0.5915,-5.3251953125,4.32421875,1.6416015625
0.592,-4.8447265625,5.0849609375,0.560546875
0.5925,-4.3642578125,5.6455078125,-0.400390625
0.593,-3.4033203125,5.8056640625,-1.44140625
0.5935,-1.9619140625,5.8857421875,-2.9228515625
0.594,-0.720703125,5.9658203125,-4.2841796875
0.5945,0.6005859375,5.7255859375,-5.28515625
0.595,1.28125,5.765625,-6.1259765625
0.5955,2.2421875,5.2451171875,-6.6064453125
0.596,3.4033203125,4.2041015625,-7.046875
0.5965,4.6845703125,2.72265625,-7.126953125
0.597,5.5654296875,1.28125,-6.9267578125
0.5975,5.9658203125,0.16015625,-6.56640625
0.598,6.0859375,-0.6806640625,-6.2861328125
0.5985,5.8857421875,-1.6416015625,-5.4453125
0.599,5.5654296875,-2.8828125,-4.1240234375
0.5995,5.205078125,-4.0439453125,-2.8828125
0.6,4.724609375,-5.125,-1.44140625
0.6005,4.2841796875,-5.8056640625,-0.5205078125
0.601,3.68359375,-6.2861328125,0.48046875
0.6015,2.72265625,-6.486328125,1.4814453125
0.602,1.28125,-6.56640625,2.9228515625
0.6025,0.0,-6.4462890625,4.244140625
0.603,-1.0810546875,-6.2861328125,5.125
0.6035,-1.7216796875,-6.3662109375,5.92578125
0.604,-2.72265625,-5.7255859375,6.40625
0.6045,-3.8837890625,-4.564453125,6.6865234375
0.605,-4.96484375,-3.283203125,6.806640625
0.6055,-5.7255859375,-1.8818359375,6.486328125
0.606,-6.1259765625,-0.9208984375,6.2861328125
0.6065,-6.2060546875,0.0,5.8857421875
0.607,-6.0458984375,0.80078125,5.125
0.6075,-5.685546875,2.0419921875,3.84375
0.608,-5.4052734375,3.2431640625,2.6025390625
0.6085,-4.96484375,4.2041015625,1.3212890625
0.609,-4.64453125,4.96484375,0.48046875
0.6095,-4.00390625,5.2451171875,-0.5205078125
0.61,-3.0029296875,5.4453125,-1.6416015625
0.6105,-1.76171875,5.7255859375,-2.962890625
0.611,-0.400390625,5.5654296875,-4.2041015625
0.6115,0.48046875,5.6455078125,-5.125
0.612,1.201171875,5.60546875,-5.8857421875
0.6125,2.2421875,4.9248046875,-6.40625
0.613,3.5634765625,3.6435546875,-6.6865234375
0.6135,4.6044921875,2.40234375,-6.7265625
0.614,5.2451171875,1.12109375,-6.4462890625
0.6145,5.685546875,0.2802734375,-6.40625
0.615,5.6455078125,-0.640625,-5.845703125
0.6155,5.4853515625,-1.6416015625,-5.0048828125
0.616,5.2451171875,-2.8427734375,-3.8037109375
0.6165,4.8447265625,-4.0439453125,-2.4423828125
0.617,4.484375,-5.0048828125,-1.3212890625
0.6175,4.1640625,-5.7255859375,-0.5205078125
0.618,3.36328125,-5.9658203125,0.5205078125
0.6185,2.2421875,-6.1259765625,1.8017578125
0.619,1.0009765625,-6.24609375,3.123046875
0.6195,-0.2802734375,-6.1259765625,4.2041015625
0.62,-1.0009765625,-6.2861328125,5.0849609375
0.6205,-1.8017578125,-5.9658203125,5.7255859375
0.621,-2.8427734375,-5.205078125,6.2060546875
0.6215,-4.0439453125,-3.9638671875,6.40625
0.622,-5.0048828125,-2.642578125,6.326171875
0.6225,-5.5654296875,-1.5615234375,6.1259765625
0.623,-5.8056640625,-0.8408203125,6.005859375
0.6235,-5.765625,0.080078125,5.4052734375
0.624,-5.525390625,1.12109375,4.404296875
0.6245,-5.3251953125,2.2421875,3.3232421875
0.625,-4.9248046875,3.3232421875,2.001953125
0.6255,-4.6845703125,4.1240234375,1.12109375
0.626,-4.2841796875,4.64453125,0.2802734375
0.6265,-3.5634765625,5.044921875,-0.6806640625
0.627,-2.40234375,5.2451171875,-1.9619140625
0.6275,-1.28125,5.28515625,-3.1630859375
0.628,-0.3203125,5.3251953125,-4.1640625
0.6285,0.4404296875,5.5654296875,-5.044921875
0.629,1.361328125,5.0849609375,-5.6455078125
0.6295,2.482421875,4.2041015625,-6.0859375
0.63,3.5634765625,3.1630859375,-6.2861328125
0.6305,4.4443359375,1.8818359375,-6.166015625
0.631,4.96484375,0.9609375,-6.1259765625
0.6315,5.205078125,0.2802734375,-5.9658203125
0.632,5.205078125,-0.640625,-5.4453125
0.6325,4.96484375,-1.7216796875,-4.4443359375
0.633,4.8046875,-2.8828125,-3.36328125
0.6335,4.484375,-3.923828125,-2.2021484375
0.634,4.32421875,-4.8046875,-1.44140625
0.6345,3.84375,-5.205078125,-0.560546875
0.635,3.0830078125,-5.5654296875,0.5205078125
0.6355,2.0419921875,-5.8056640625,1.76171875
0.636,0.8408203125,-5.8056640625,3.0029296875
0.6365,0.0400390625,-6.005859375,3.9638671875
0.637,-0.720703125,-6.166015625,4.8447265625
0.6375,-1.7216796875,-5.7255859375,5.4453125
0.638,-2.8828125,-4.6845703125,5.8056640625
0.6385,-3.923828125,-3.603515625,6.005859375
0.639,-4.724609375,-2.4423828125,5.8857421875
0.6395,-5.2451171875,-1.681640625,5.9658203125
0.64,-5.4052734375,-0.9208984375,5.60546875
0.6405,-5.4052734375,0.0400390625,5.044921875
0.641,-5.28515625,1.041015625,4.1240234375
0.6415,-5.0048828125,2.2021484375,2.9228515625
0.642,-4.8046875,3.1630859375,1.921875
0.6425,-4.64453125,4.00390625,1.1611328125
0.643,-4.0439453125,4.4443359375,0.2802734375
0.6435,-3.1630859375,4.7646484375,-0.9208984375
0.644,-2.2421875,5.0849609375,-2.08203125
0.6445,-1.12109375,5.0849609375,-3.203125
0.645,-0.4404296875,5.365234375,-4.1640625
0.6455,0.48046875,5.28515625,-4.96484375
0.646,1.4814453125,4.7646484375,-5.5654296875
0.6465,2.6826171875,3.7236328125,-5.8857421875
0.647,3.68359375,2.5224609375,-5.9658203125
0.6475,4.3642578125,1.5615234375,-5.92578125
0.648,4.8447265625,0.880859375,-5.9658203125
0.6485,4.9248046875,0.080078125,-5.60546875
0.649,4.884765625,-1.0009765625,-4.8447265625
0.6495,4.8046875,-2.08203125,-3.9638671875
0.65,4.484375,-3.203125,-2.802734375
0.6505,4.32421875,-4.083984375,-1.8818359375
0.651,4.1240234375,-4.7646484375,-1.12109375
0.6515,3.5234375,-5.1650390625,-0.240234375
0.652,2.5625,-5.4853515625,1.041015625
0.6525,1.44140625,-5.685546875,2.2822265625
0.653,0.560546875,-5.8056640625,3.3232421875
0.6535,-0.240234375,-6.1259765625,4.32421875
0.654,-1.1611328125,-5.8056640625,5.044921875
0.6545,-2.2421875,-5.125,5.4853515625
0.655,-3.36328125,-4.1240234375,5.845703125
0.6555,-4.244140625,-2.8828125,5.8056640625
0.656,-4.9248046875,-2.001953125,5.8056640625
0.6565,-5.2451171875,-1.3212890625,5.7255859375
0.657,-5.28515625,-0.5205078125,5.28515625
0.6575,-5.1650390625,0.560546875,4.3642578125
0.658,-5.125,1.7216796875,3.36328125
0.6585,-4.8447265625,2.802734375,2.2822265625
0.659,-4.724609375,3.68359375,1.521484375
0.6595,-4.244140625,4.1640625,0.6806640625
0.66,-3.5634765625,4.6044921875,-0.400390625
0.6605,-2.6025390625,4.96484375,-1.6015625
0.661,-1.4814453125,5.044921875,-2.802734375
0.6615,-0.720703125,5.2451171875,-3.8037109375
0.662,0.1201171875,5.4052734375,-4.6845703125
0.6625,1.12109375,4.96484375,-5.3251953125
0.663,2.3623046875,4.00390625,-5.765625
0.6635,3.4033203125,2.9228515625,-6.005859375
0.664,4.2041015625,1.8017578125,-5.92578125
0.6645,4.7646484375,1.0009765625,-6.005859375
0.665,4.9248046875,0.240234375,-5.7255859375
0.6655,4.9248046875,-0.720703125,-5.125
0.666,4.8046875,-1.8017578125,-4.2041015625
0.6665,4.6044921875,-2.9228515625,-3.04296875
0.667,4.3642578125,-3.8837890625,-2.001953125
0.6675,4.244140625,-4.724609375,-1.28125
0.668,3.68359375,-5.125,-0.400390625
0.6685,2.72265625,-5.4453125,0.8408203125
0.669,1.76171875,-5.765625,2.08203125
0.6695,0.640625,-5.765625,3.1630859375
0.67,0.0,-6.0458984375,4.1240234375
0.6705,-0.9609375,-5.9658203125,4.9248046875
0.671,-2.001953125,-5.365234375,5.525390625
0.6715,-3.203125,-4.32421875,5.845703125
0.672,-4.2041015625,-3.0830078125,5.8857421875
0.6725,-4.884765625,-2.08203125,5.845703125
0.673,-5.28515625,-1.44140625,5.8056640625
0.6735,-5.3251953125,-0.6005859375,5.365234375
0.674,-5.2451171875,0.48046875,4.484375
0.6745,-5.1650390625,1.5615234375,3.6435546875
0.675,-4.884765625,2.72265625,2.40234375
0.6755,-4.6845703125,3.6435546875,1.5615234375
0.676,-4.3642578125,4.244140625,0.7607421875
0.6765,-3.7236328125,4.6044921875,-0.2802734375
0.677,-2.72265625,4.9248046875,-1.4814453125
0.6775,-1.6416015625,5.0849609375,-2.72265625
0.678,-0.720703125,5.2451171875,-3.763671875
0.6785,0.0400390625,5.4853515625,-4.6845703125
0.679,1.0009765625,5.0849609375,-5.4052734375
0.6795,2.2021484375,4.244140625,-5.845703125
0.68,3.3232421875,3.1630859375,-6.1259765625
0.6805,4.244140625,1.921875,-6.0859375
0.681,4.8046875,1.0009765625,-6.0859375
0.6815,5.0849609375,0.2802734375,-5.92578125
0.682,5.0849609375,-0.6806640625,-5.365234375
0.6825,4.96484375,-1.76171875,-4.2841796875
0.683,4.8046875,-2.962890625,-3.203125
0.6835,4.484375,-4.00390625,-2.08203125
0.684,4.32421875,-4.8447265625,-1.28125
0.6845,3.8037109375,-5.28515625,-0.400390625
0.685,2.8828125,-5.6455078125,0.80078125
0.6855,1.841796875,-5.8857421875,2.1220703125
0.686,0.6005859375,-5.92578125,3.3232421875
0.6865,-0.2802734375,-6.0859375,4.2841796875
0.687,-1.0009765625,-6.1259765625,5.125
0.6875,-2.08203125,-5.525390625,5.7255859375
0.688,-3.36328125,-4.3642578125,6.0859375
0.6885,-4.3642578125,-3.203125,6.24609375
0.689,-5.125,-2.0419921875,6.0458984375
0.6895,-5.5654296875,-1.28125,5.9658203125
0.69,-5.6455078125,-0.48046875,5.4853515625
0.6905,-5.525390625,0.6005859375,4.724609375
0.691,-5.3251953125,1.8017578125,3.68359375
0.6915,-5.044921875,3.04296875,2.3623046875
0.692,-4.7646484375,3.8837890625,1.361328125
0.6925,-4.484375,4.6044921875,0.6005859375
0.693,-3.763671875,4.9248046875,-0.4404296875
0.6935,-2.642578125,5.1650390625,-1.7216796875
0.694,-1.6015625,5.4052734375,-3.04296875
0.6945,-0.4404296875,5.365234375,-4.1240234375
0.695,0.3603515625,5.5654296875,-5.0048828125
0.6955,1.2412109375,5.2451171875,-5.7255859375
0.696,2.40234375,4.4443359375,-6.24609375
0.6965,3.68359375,3.203125,-6.5263671875
0.697,4.64453125,1.8017578125,-6.4462890625
0.6975,5.2451171875,0.7607421875,-6.326171875
0.698,5.4853515625,0.0,-6.166015625
0.6985,5.4453125,-0.9609375,-5.4853515625
0.699,5.2451171875,-2.1220703125,-4.3642578125
0.6995,5.0849609375,-3.3232421875,-3.2431640625
0.7,4.64453125,-4.4443359375,-1.921875
0.7005,4.32421875,-5.28515625,-1.0009765625
0.701,3.84375,-5.765625,0.0
0.7015,2.9228515625,-6.0458984375,1.041015625
0.702,1.6015625,-6.2861328125,2.5224609375
0.7025,0.3603515625,-6.2861328125,3.84375
0.703,-0.640625,-6.24609375,4.8046875
0.7035,-1.361328125,-6.326171875,5.60546875
0.704,-2.4423828125,-5.6455078125,6.24609375
0.7045,-3.763671875,-4.5244140625,6.5263671875
0.705,-4.8447265625,-3.283203125,6.6865234375
0.7055,-5.685546875,-1.8818359375,6.4462890625
0.706,-6.1259765625,-1.0009765625,6.24609375
0.7065,-6.1259765625,0.0400390625,5.8056640625
0.707,-5.9658203125,1.0009765625,4.96484375
0.7075,-5.685546875,2.322265625,3.603515625
0.708,-5.4052734375,3.5634765625,2.3623046875
0.7085,-4.9248046875,4.484375,1.12109375
0.709,-4.564453125,5.1650390625,0.240234375
0.7095,-3.8037109375,5.4052734375,-0.80078125
0.71,-2.642578125,5.60546875,-2.0419921875
0.7105,-1.3212890625,5.8056640625,-3.4833984375
0.711,0.0400390625,5.685546875,-4.6845703125
0.7115,0.7607421875,5.685546875,-5.4853515625
0.712,1.5615234375,5.4853515625,-6.24609375
0.7125,2.802734375,4.6044921875,-6.7666015625
0.713,4.1240234375,3.1630859375,-6.9267578125
0.7135,5.0849609375,1.841796875,-7.0068359375
0.714,5.685546875,0.5205078125,-6.6064453125
0.7145,6.005859375,-0.3603515625,-6.40625
0.715,5.8857421875,-1.2412109375,-5.7255859375
0.7155,5.6455078125,-2.322265625,-4.6845703125
0.716,5.365234375,-3.6435546875,-3.283203125
0.7165,4.9248046875,-4.8447265625,-1.8818359375
0.717,4.4443359375,-5.6455078125,-0.7607421875
0.7175,4.00390625,-6.24609375,0.16015625
0.718,3.04296875,-6.40625,1.201171875
0.7185,1.6416015625,-6.486328125,2.642578125
0.719,0.3203125,-6.56640625,4.0439453125
0.7195,-0.9609375,-6.3662109375,5.0849609375
0.72,-1.6015625,-6.40625,5.8857421875
0.7205,-2.5625,-5.92578125,6.4462890625
0.721,-3.7236328125,-4.96484375,6.88671875
0.7215,-5.0048828125,-3.5234375,7.0068359375
0.722,-5.92578125,-2.08203125,6.7666015625
0.7225,-6.326171875,-0.9208984375,6.4462890625
0.723,-6.4462890625,0.0,6.1259765625
0.7235,-6.2861328125,0.9609375,5.2451171875
0.724,-5.92578125,2.2021484375,3.9638671875
0.7245,-5.6455078125,3.4033203125,2.72265625
0.725,-5.125,4.484375,1.28125
0.7255,-4.6845703125,5.205078125,0.3203125
0.726,-4.0439453125,5.60546875,-0.640625
0.7265,-3.0830078125,5.765625,-1.681640625
0.727,-1.6015625,5.845703125,-3.203125
0.7275,-0.3203125,5.8056640625,-4.5244140625
0.728,0.720703125,5.7255859375,-5.4052734375
0.7285,1.4013671875,5.7255859375,-6.166015625
0.729,2.482421875,4.96484375,-6.7265625
0.7295,3.763671875,3.7236328125,-7.0068359375
0.73,4.8447265625,2.40234375,-7.126953125
0.7305,5.6455078125,0.9609375,-6.7666015625
0.731,6.0458984375,0.0400390625,-6.486328125
0.7315,6.0458984375,-0.880859375,-6.0859375
0.732,5.845703125,-1.8818359375,-5.205078125
0.7325,5.4853515625,-3.203125,-3.8037109375
0.733,5.1650390625,-4.4443359375,-2.482421875
0.7335,4.6044921875,-5.4052734375,-1.1611328125
0.734,4.2841796875,-6.0859375,-0.3203125
0.7345,3.4833984375,-6.3662109375,0.7607421875
0.735,2.322265625,-6.5263671875,1.9619140625
0.7355,0.9208984375,-6.6064453125,3.4833984375
0.736,-0.5205078125,-6.4462890625,4.724609375
0.7365,-1.3212890625,-6.40625,5.5654296875
0.737,-2.08203125,-6.3662109375,6.24609375
0.7375,-3.203125,-5.4853515625,6.6865234375
0.738,-4.6044921875,-4.0439453125,6.9267578125
0.7385,-5.5654296875,-2.6826171875,6.966796875
0.739,-6.166015625,-1.3212890625,6.56640625
0.7395,-6.4462890625,-0.48046875,6.3662109375
0.74,-6.3662109375,0.5205078125,5.685546875
0.7405,-6.1259765625,1.5615234375,4.64453125
0.741,-5.765625,2.8828125,3.283203125
0.7415,-5.365234375,4.1240234375,1.841796875
0.742,-4.8447265625,4.96484375,0.6806640625
0.7425,-4.484375,5.5654296875,-0.240234375
0.743,-3.5634765625,5.7255859375,-1.2412109375
0.7435,-2.162109375,5.8857421875,-2.6826171875
0.744,-0.880859375,6.005859375,-4.083984375
0.7445,0.48046875,5.765625,-5.1650390625
0.745,1.201171875,5.7255859375,-5.9658203125
0.7455,2.08203125,5.28515625,-6.6064453125
0.746,3.283203125,4.2841796875,-7.0869140625
0.7465,4.6044921875,2.8427734375,-7.1669921875
0.747,5.525390625,1.4013671875,-6.966796875
0.7475,5.9658203125,0.2802734375,-6.646484375
0.748,6.1259765625,-0.640625,-6.3662109375
0.7485,5.8857421875,-1.6015625,-5.4853515625
0.749,5.60546875,-2.8427734375,-4.244140625
0.7495,5.28515625,-4.0439453125,-2.9228515625
0.75,4.7646484375,-5.1650390625,-1.4814453125
0.7505,4.32421875,-5.845703125,-0.5205078125
0.751,3.763671875,-6.2861328125,0.48046875
0.7515,2.72265625,-6.4462890625,1.5615234375
0.752,1.28125,-6.5263671875,3.0029296875
0.7525,-0.2001953125,-6.4462890625,4.32421875
0.753,-1.1611328125,-6.3662109375,5.2451171875
0.7535,-1.8017578125,-6.40625,6.005859375
0.754,-2.802734375,-5.765625,6.4462890625
0.7545,-4.0439453125,-4.5244140625,6.806640625
0.755,-5.125,-3.203125,6.88671875
0.7555,-5.845703125,-1.8017578125,6.5263671875
0.756,-6.24609375,-0.80078125,6.326171875
0.7565,-6.2861328125,0.080078125,5.8857421875
0.757,-6.0859375,0.9609375,5.0849609375
0.7575,-5.7255859375,2.2021484375,3.8037109375
0.758,-5.4052734375,3.4033203125,2.482421875
0.7585,-4.884765625,4.32421875,1.2412109375
0.759,-4.564453125,5.0849609375,0.3603515625
0.7595,-3.8837890625,5.365234375,-0.6005859375
0.76,-2.8828125,5.525390625,-1.7216796875
0.7605,-1.6416015625,5.7255859375,-3.04296875
0.761,-0.3203125,5.4853515625,-4.32421875
0.7615,0.560546875,5.60546875,-5.125
0.762,1.28125,5.525390625,-5.9658203125
0.7625,2.2822265625,4.9248046875,-6.4462890625
0.763,3.603515625,3.6435546875,-6.7265625
0.7635,4.6044921875,2.3623046875,-6.806640625
0.764,5.28515625,1.12109375,-6.486328125
0.7645,5.685546875,0.2802734375,-6.40625
0.765,5.685546875,-0.640625,-5.8857421875
0.7655,5.525390625,-1.6015625,-5.0849609375
0.766,5.2451171875,-2.8427734375,-3.8837890625
0.7665,4.884765625,-4.0439453125,-2.4423828125
0.767,4.484375,-5.0048828125,-1.3212890625
0.7675,4.2041015625,-5.6455078125,-0.560546875
0.768,3.443359375,-5.92578125,0.48046875
0.7685,2.2822265625,-6.1259765625,1.76171875
0.769,1.0810546875,-6.326171875,3.123046875
0.7695,-0.240234375,-6.2060546875,4.2041015625
0.77,-1.0009765625,-6.3662109375,5.0849609375
0.7705,-1.8017578125,-6.0458984375,5.765625
0.771,-2.8828125,-5.28515625,6.2861328125
0.7715,-4.1240234375,-4.00390625,6.5263671875
0.772,-5.0849609375,-2.6826171875,6.40625
0.7725,-5.6455078125,-1.6015625,6.24609375
0.773,-5.92578125,-0.8408203125,6.0458984375
0.7735,-5.8056640625,0.1201171875,5.4453125
0.774,-5.6455078125,1.1611328125,4.4443359375
0.7745,-5.4453125,2.322265625,3.3232421875
0.775,-5.0048828125,3.443359375,2.0419921875
0.7755,-4.724609375,4.2841796875,1.0810546875
0.776,-4.2841796875,4.8046875,0.2802734375
0.7765,-3.5634765625,5.0849609375,-0.7607421875
0.777,-2.3623046875,5.28515625,-2.08203125
0.7775,-1.1611328125,5.365234375,-3.36328125
0.778,-0.2802734375,5.3251953125,-4.3642578125
0.7785,0.560546875,5.5654296875,-5.205078125
0.779,1.521484375,5.125,-5.8056640625
0.7795,2.6826171875,4.1640625,-6.2060546875
0.78,3.763671875,3.0830078125,-6.4462890625
0.7805,4.6044921875,1.7216796875,-6.2861328125
0.781,5.125,0.80078125,-6.2060546875
0.7815,5.3251953125,0.1201171875,-5.9658203125
0.782,5.2451171875,-0.80078125,-5.4052734375
0.7825,5.0849609375,-1.9619140625,-4.32421875
0.783,4.8447265625,-3.0830078125,-3.203125
0.7835,4.484375,-4.1240234375,-2.001953125
0.784,4.32421875,-4.96484375,-1.1611328125
0.7845,3.763671875,-5.4052734375,-0.3203125
0.785,2.9228515625,-5.765625,0.7607421875
0.7855,1.841796875,-5.9658203125,2.0419921875
0.786,0.6005859375,-5.92578125,3.2431640625
0.7865,-0.3203125,-6.0859375,4.2041015625
0.787,-0.9609375,-6.1259765625,5.044921875
0.7875,-1.921875,-5.6455078125,5.6455078125
0.788,-3.1630859375,-4.564453125,5.9658203125
0.7885,-4.1640625,-3.4833984375,6.1259765625
0.789,-4.9248046875,-2.2822265625,6.005859375
0.7895,-5.4052734375,-1.4814453125,6.005859375
0.79,-5.4853515625,-0.7607421875,5.60546875
0.7905,-5.4453125,0.2001953125,5.0048828125
0.791,-5.28515625,1.28125,4.00390625
0.7915,-5.0048828125,2.4423828125,2.8427734375
0.792,-4.7646484375,3.36328125,1.8017578125
0.7925,-4.564453125,4.1240234375,1.0009765625
0.793,-4.00390625,4.484375,0.16015625
0.7935,-3.0830078125,4.8046875,-1.041015625
0.794,-2.1220703125,5.0849609375,-2.2421875
0.7945,-1.0009765625,5.125,-3.36328125
0.795,-0.3203125,5.4052734375,-4.2841796875
0.7955,0.6005859375,5.28515625,-5.044921875
0.796,1.5615234375,4.7646484375,-5.6455078125
0.7965,2.802734375,3.68359375,-5.9658203125
0.797,3.8037109375,2.5224609375,-6.0458984375
0.7975,4.484375,1.521484375,-5.9658203125
0.798,4.8447265625,0.80078125,-6.005859375
0.7985,4.96484375,0.080078125,-5.60546875
0.799,4.8447265625,-1.0009765625,-4.8447265625
0.7995,4.8046875,-2.001953125,-4.00390625
0.8,4.484375,-3.1630859375,-2.7626953125
0.8005,4.32421875,-4.0439453125,-1.8818359375
0.801,4.083984375,-4.7646484375,-1.12109375
0.8015,3.5234375,-5.205078125,-0.2802734375
0.802,2.5625,-5.525390625,0.9609375
0.8025,1.4814453125,-5.6455078125,2.2421875
0.803,0.6005859375,-5.765625,3.2431640625
0.8035,-0.2001953125,-6.0859375,4.2041015625
0.804,-1.0810546875,-5.845703125,4.9248046875
0.8045,-2.1220703125,-5.125,5.4052734375
0.805,-3.203125,-4.2041015625,5.765625
0.8055,-4.1640625,-2.962890625,5.7255859375
0.806,-4.8046875,-2.1220703125,5.8056640625
0.8065,-5.125,-1.44140625,5.7255859375
0.807,-5.205078125,-0.6806640625,5.3251953125
0.8075,-5.125,0.4404296875,4.484375
0.808,-5.0849609375,1.521484375,3.603515625
0.8085,-4.8447265625,2.5625,2.5224609375
0.809,-4.7646484375,3.443359375,1.681640625
0.8095,-4.32421875,3.9638671875,0.880859375
0.81,-3.68359375,4.4443359375,-0.240234375
0.8105,-2.802734375,4.8447265625,-1.361328125
0.811,-1.6416015625,4.96484375,-2.5625
0.8115,-0.9208984375,5.2451171875,-3.5634765625
0.812,-0.16015625,5.4052734375,-4.5244140625
0.8125,0.9208984375,5.044921875,-5.205078125
0.813,2.1220703125,4.1240234375,-5.6455078125
0.8135,3.1630859375,3.123046875,-5.92578125
0.814,4.00390625,1.9619140625,-5.8857421875
0.8145,4.6044921875,1.2412109375,-5.9658203125
0.815,4.8046875,0.48046875,-5.765625
0.8155,4.8447265625,-0.48046875,-5.205078125
0.816,4.8046875,-1.5615234375,-4.3642578125
0.8165,4.6044921875,-2.72265625,-3.203125
0.817,4.404296875,-3.763671875,-2.2421875
0.8175,4.32421875,-4.6044921875,-1.44140625
0.818,3.68359375,-5.0849609375,-0.6005859375
0.8185,2.8427734375,-5.365234375,0.640625
0.819,1.921875,-5.7255859375,1.921875
0.8195,0.80078125,-5.765625,3.04296875
0.82,0.080078125,-6.0458984375,4.00390625
0.8205,-0.8408203125,-5.9658203125,4.8046875
0.821,-1.8818359375,-5.4453125,5.4052734375
0.8215,-3.0830078125,-4.3642578125,5.765625
0.822,-4.1240234375,-3.203125,5.8857421875
0.8225,-4.8447265625,-2.162109375,5.8056640625
0.823,-5.2451171875,-1.44140625,5.8056640625
0.8235,-5.3251953125,-0.640625,5.4052734375
0.824,-5.205078125,0.4404296875,4.6044921875
0.8245,-5.1650390625,1.521484375,3.68359375
0.825,-4.884765625,2.6025390625,2.482421875
0.8255,-4.6845703125,3.5234375,1.5615234375
0.826,-4.4443359375,4.1240234375,0.7607421875
0.8265,-3.763671875,4.6044921875,-0.2001953125
0.827,-2.72265625,4.9248046875,-1.4814453125
0.8275,-1.6416015625,5.125,-2.6826171875
0.828,-0.720703125,5.205078125,-3.7236328125
0.8285,0.0400390625,5.4453125,-4.64453125
0.829,1.0009765625,5.0849609375,-5.3251953125
0.8295,2.2021484375,4.244140625,-5.8056640625
0.83,3.3232421875,3.203125,-6.1259765625
0.8305,4.2041015625,1.921875,-6.0859375
0.831,4.8046875,1.0810546875,-6.0458984375
0.8315,5.044921875,0.3203125,-5.92578125
0.832,5.0849609375,-0.6005859375,-5.365234375
0.8325,4.9248046875,-1.76171875,-4.2841796875
0.833,4.8046875,-2.9228515625,-3.283203125
0.8335,4.484375,-4.00390625,-2.1220703125
0.834,4.32421875,-4.8447265625,-1.3212890625
0.8345,3.763671875,-5.205078125,-0.4404296875
0.835,2.962890625,-5.5654296875,0.6806640625
0.8355,1.8818359375,-5.845703125,2.001953125
0.836,0.640625,-5.8857421875,3.2431640625
0.8365,-0.2001953125,-6.0458984375,4.1640625
0.837,-0.9609375,-6.1259765625,5.044921875
0.8375,-1.9619140625,-5.525390625,5.6455078125
0.838,-3.2431640625,-4.4443359375,5.9658203125
0.8385,-4.2841796875,-3.283203125,6.2060546875
0.839,-5.0048828125,-2.08203125,6.005859375
0.8395,-5.4453125,-1.3212890625,6.005859375
0.84,-5.525390625,-0.5205078125,5.525390625
0.8405,-5.4853515625,0.48046875,4.8046875
0.841,-5.28515625,1.5615234375,3.763671875
0.8415,-5.0849609375,2.802734375,2.5224609375
0.842,-4.7646484375,3.68359375,1.4814453125
0.8425,-4.5244140625,4.484375,0.6806640625
0.843,-3.84375,4.8046875,-0.3203125
0.8435,-2.72265625,5.044921875,-1.521484375
0.844,-1.7216796875,5.365234375,-2.802734375
0.8445,-0.6005859375,5.28515625,-3.923828125
0.845,0.2001953125,5.4853515625,-4.8046875
0.8455,1.0810546875,5.2451171875,-5.5654296875
0.846,2.2021484375,4.5244140625,-6.1259765625
0.8465,3.5234375,3.3232421875,-6.40625
0.847,4.484375,2.0419921875,-6.40625
0.8475,5.0849609375,0.9609375,-6.24609375
0.848,5.4052734375,0.240234375,-6.166015625
0.8485,5.4052734375,-0.7607421875,-5.525390625
0.849,5.205078125,-1.9619140625,-4.5244140625
0.8495,5.0849609375,-3.123046875,-3.4033203125
0.85,4.64453125,-4.32421875,-2.08203125
0.8505,4.404296875,-5.125,-1.12109375
0.851,3.9638671875,-5.6455078125,-0.3203125
0.8515,3.0830078125,-5.9658203125,0.880859375
0.852,1.76171875,-6.1259765625,2.3623046875
0.8525,0.5205078125,-6.2861328125,3.68359375
0.853,-0.560546875,-6.24609375,4.64453125
0.8535,-1.2412109375,-6.326171875,5.525390625
0.854,-2.322265625,-5.7255859375,6.1259765625
0.8545,-3.6435546875,-4.6044921875,6.5263671875
0.855,-4.8046875,-3.36328125,6.7265625
0.8555,-5.6455078125,-1.921875,6.486328125
0.856,-6.0458984375,-1.0009765625,6.24609375
0.8565,-6.1259765625,0.0,5.8056640625
0.857,-5.9658203125,0.9609375,4.96484375
0.8575,-5.685546875,2.2421875,3.5634765625
0.858,-5.4453125,3.4833984375,2.2822265625
0.8585,-4.9248046875,4.484375,1.0810546875
0.859,-4.564453125,5.1650390625,0.240234375
0.8595,-3.763671875,5.4052734375,-0.80078125
0.86,-2.6025390625,5.60546875,-2.08203125
0.8605,-1.3212890625,5.765625,-3.5234375
0.861,0.080078125,5.685546875,-4.6845703125
0.8615,0.80078125,5.6455078125,-5.4853515625
0.862,1.5615234375,5.4853515625,-6.24609375
0.8625,2.8427734375,4.564453125,-6.7265625
0.863,4.1240234375,3.123046875,-6.9267578125
0.8635,5.125,1.8818359375,-6.9267578125
0.864,5.685546875,0.6005859375,-6.56640625
0.8645,5.92578125,-0.3603515625,-6.3662109375
0.865,5.845703125,-1.28125,-5.685546875
0.8655,5.60546875,-2.3623046875,-4.64453125
0.866,5.2451171875,-3.68359375,-3.283203125
0.8665,4.8447265625,-4.8046875,-1.8818359375
0.867,4.3642578125,-5.60546875,-0.7607421875
0.8675,3.9638671875,-6.1259765625,0.1201171875
0.868,3.04296875,-6.326171875,1.1611328125
0.8685,1.6416015625,-6.4462890625,2.5625
0.869,0.3603515625,-6.56640625,3.9638671875
0.8695,-0.880859375,-6.326171875,4.96484375
0.87,-1.521484375,-6.3662109375,5.765625
0.8705,-2.4423828125,-5.92578125,6.40625
0.871,-3.603515625,-4.96484375,6.7666015625
0.8715,-4.8447265625,-3.5634765625,6.966796875
0.872,-5.765625,-2.1220703125,6.7666015625
0.8725,-6.24609375,-1.0009765625,6.40625
0.873,-6.40625,-0.2802734375,6.1259765625
0.8735,-6.166015625,0.7607421875,5.3251953125
0.874,-5.92578125,1.9619140625,4.0439453125
0.8745,-5.6455078125,3.203125,2.8427734375
0.875,-5.125,4.32421875,1.44140625
0.8755,-4.6845703125,5.0849609375,0.4404296875
0.876,-4.1240234375,5.4453125,-0.5205078125
0.8765,-3.203125,5.685546875,-1.521484375
0.877,-1.7216796875,5.765625,-3.0830078125
0.8775,-0.4404296875,5.8056640625,-4.3642578125
0.878,0.6005859375,5.685546875,-5.28515625
0.8785,1.28125,5.7255859375,-6.0859375
0.879,2.3623046875,5.0048828125,-6.6064453125
0.8795,3.68359375,3.84375,-6.9267578125
0.88,4.7646484375,2.5224609375,-7.0869140625
0.8805,5.525390625,1.12109375,-6.7666015625
0.881,5.8857421875,0.1201171875,-6.486328125
0.8815,5.9658203125,-0.80078125,-6.1259765625
0.882,5.7255859375,-1.8017578125,-5.28515625
0.8825,5.4052734375,-3.0830078125,-3.84375
0.883,5.125,-4.32421875,-2.5625
0.8835,4.6044921875,-5.28515625,-1.2412109375
0.884,4.2841796875,-5.9658203125,-0.3603515625
0.8845,3.4833984375,-6.24609375,0.640625
0.885,2.40234375,-6.4462890625,1.8818359375
0.8855,0.9609375,-6.5263671875,3.36328125
0.886,-0.48046875,-6.40625,4.6044921875
0.8865,-1.28125,-6.40625,5.4853515625
0.887,-2.001953125,-6.2861328125,6.2060546875
0.8875,-3.1630859375,-5.4453125,6.6865234375
0.888,-4.484375,-4.00390625,6.9267578125
0.8885,-5.4853515625,-2.72265625,6.9267578125
0.889,-6.1259765625,-1.4013671875,6.5263671875
0.8895,-6.40625,-0.560546875,6.326171875
0.89,-6.3662109375,0.4404296875,5.60546875
0.8905,-6.0859375,1.5615234375,4.64453125
0.891,-5.765625,2.8427734375,3.283203125
0.8915,-5.3251953125,4.083984375,1.8818359375
0.892,-4.8447265625,4.9248046875,0.6806640625
0.8925,-4.484375,5.4853515625,-0.2001953125
0.893,-3.5234375,5.685546875,-1.2412109375
0.8935,-2.162109375,5.8056640625,-2.642578125
0.894,-0.9208984375,5.9658203125,-4.0439453125
0.8945,0.4404296875,5.765625,-5.125
0.895,1.1611328125,5.765625,-5.92578125
0.8955,2.0419921875,5.365234375,-6.56640625
0.896,3.3232421875,4.32421875,-7.046875
0.8965,4.6044921875,2.8427734375,-7.1669921875
0.897,5.525390625,1.361328125,-7.0068359375
0.8975,5.9658203125,0.240234375,-6.646484375
0.898,6.1259765625,-0.640625,-6.40625
0.8985,5.9658203125,-1.6015625,-5.525390625
0.899,5.6455078125,-2.8828125,-4.244140625
0.8995,5.3251953125,-4.083984375,-2.9228515625
0.9,4.8046875,-5.205078125,-1.44140625
0.9005,4.32421875,-5.92578125,-0.48046875
0.901,3.763671875,-6.3662109375,0.48046875
0.9015,2.72265625,-6.5263671875,1.5615234375
0.902,1.201171875,-6.6064453125,3.1630859375
0.9025,-0.2001953125,-6.56640625,4.484375
0.903,-1.2412109375,-6.40625,5.4052734375
0.9035,-1.8818359375,-6.40625,6.1259765625
0.904,-2.9228515625,-5.6455078125,6.646484375
0.9045,-4.2041015625,-4.4443359375,6.88671875
0.905,-5.28515625,-3.1630859375,7.0068359375
0.9055,-6.0458984375,-1.681640625,6.646484375
0.906,-6.3662109375,-0.720703125,6.326171875
0.9065,-6.3662109375,0.240234375,5.8857421875
0.907,-6.1259765625,1.1611328125,5.044921875
0.9075,-5.765625,2.40234375,3.6435546875
0.908,-5.4453125,3.603515625,2.3623046875
0.9085,-4.9248046875,4.5244140625,1.0810546875
0.909,-4.564453125,5.205078125,0.240234375
0.9095,-3.8037109375,5.4853515625,-0.80078125
0.91,-2.7626953125,5.6455078125,-1.921875
0.9105,-1.4814453125,5.765625,-3.283203125
0.911,0.0,5.60546875,-4.5244140625
0.9115,0.7607421875,5.60546875,-5.365234375
0.912,1.44140625,5.5654296875,-6.1259765625
0.9125,2.5224609375,4.8046875,-6.56640625
0.913,3.84375,3.4033203125,-6.7666015625
0.9135,4.8046875,2.2021484375,-6.88671875
0.914,5.4052734375,0.880859375,-6.56640625
0.9145,5.765625,0.1201171875,-6.40625
0.915,5.7255859375,-0.80078125,-5.845703125
0.9155,5.5654296875,-1.76171875,-5.0048828125
0.916,5.2451171875,-2.962890625,-3.8037109375
0.9165,4.8447265625,-4.2041015625,-2.40234375
0.917,4.484375,-5.125,-1.2412109375
0.9175,4.2041015625,-5.8056640625,-0.400390625
0.918,3.4033203125,-6.0859375,0.6005859375
0.9185,2.2021484375,-6.24609375,1.921875
0.919,0.9609375,-6.40625,3.2431640625
0.9195,-0.400390625,-6.24609375,4.404296875
0.92,-1.0810546875,-6.3662109375,5.2451171875
0.9205,-1.8818359375,-6.1259765625,5.92578125
0.921,-3.0029296875,-5.28515625,6.40625
0.9215,-4.2841796875,-3.9638671875,6.646484375
0.922,-5.2451171875,-2.642578125,6.486328125
0.9225,-5.765625,-1.4814453125,6.2861328125
0.923,-6.0458984375,-0.720703125,6.0859375
0.9235,-5.92578125,0.240234375,5.4453125
0.924,-5.685546875,1.3212890625,4.404296875
0.9245,-5.4853515625,2.5224609375,3.2431640625
0.925,-5.044921875,3.6435546875,1.921875
0.9255,-4.6845703125,4.4443359375,0.9609375
0.926,-4.244140625,4.9248046875,0.1201171875
0.9265,-3.4833984375,5.2451171875,-0.9208984375
0.927,-2.2421875,5.365234375,-2.2822265625
0.9275,-1.041015625,5.4453125,-3.5234375
0.928,0.0400390625,5.4453125,-4.5244140625
0.9285,0.6806640625,5.525390625,-5.3251953125
0.929,1.6015625,5.044921875,-5.92578125
0.9295,2.802734375,4.083984375,-6.2861328125
0.93,3.84375,2.9228515625,-6.56640625
0.9305,4.7646484375,1.6015625,-6.326171875
0.931,5.205078125,0.720703125,-6.2060546875
0.9315,5.365234375,0.0400390625,-5.9658203125
0.932,5.28515625,-0.9208984375,-5.365234375
0.9325,5.0849609375,-2.001953125,-4.2841796875
0.933,4.8447265625,-3.1630859375,-3.203125
0.9335,4.484375,-4.1640625,-1.9619140625
0.934,4.2841796875,-5.0048828125,-1.1611328125
0.9345,3.763671875,-5.4052734375,-0.3203125
0.935,2.9228515625,-5.7255859375,0.7607421875
0.9355,1.841796875,-5.92578125,2.0419921875
0.936,0.6005859375,-5.92578125,3.283203125
0.9365,-0.3203125,-6.0458984375,4.2041015625
0.937,-1.0009765625,-6.2060546875,5.044921875
0.9375,-1.9619140625,-5.7255859375,5.60546875
0.938,-3.1630859375,-4.64453125,5.92578125
0.9385,-4.1640625,-3.5634765625,6.166015625
0.939,-4.9248046875,-2.322265625,6.005859375
0.9395,-5.4052734375,-1.5615234375,6.005859375
0.94,-5.4853515625,-0.80078125,5.60546875
0.9405,-5.4853515625,0.1201171875,5.0849609375
0.941,-5.3251953125,1.2412109375,4.1240234375
0.9415,-5.0849609375,2.40234375,2.8828125
0.942,-4.8046875,3.36328125,1.8818359375
0.9425,-4.64453125,4.1240234375,1.12109375
0.943,-4.0439453125,4.564453125,0.240234375
0.9435,-3.1630859375,4.8447265625,-1.0009765625
0.944,-2.2021484375,5.1650390625,-2.2021484375
0.9445,-1.0009765625,5.1650390625,-3.36328125
0.945,-0.3203125,5.4052734375,-4.2841796875
0.9455,0.6005859375,5.28515625,-5.0849609375
0.946,1.5615234375,4.7646484375,-5.685546875
0.9465,2.802734375,3.7236328125,-6.005859375
0.947,3.84375,2.5224609375,-6.1259765625
0.9475,4.484375,1.4814453125,-6.0458984375
0.948,4.9248046875,0.80078125,-6.0458984375
0.9485,5.0048828125,0.0400390625,-5.6455078125
0.949,4.9248046875,-1.0009765625,-4.8447265625
0.9495,4.8447265625,-2.08203125,-3.9638671875
0.95,4.5244140625,-3.2431640625,-2.72265625
0.9505,4.3642578125,-4.1640625,-1.8017578125
0.951,4.1240234375,-4.8447265625,-1.041015625
0.9515,3.5234375,-5.2451171875,-0.2001953125
0.952,2.5224609375,-5.525390625,1.12109375
0.9525,1.4013671875,-5.765625,2.40234375
0.953,0.4404296875,-5.8857421875,3.4033203125
0.9535,-0.3203125,-6.1259765625,4.32421875
0.954,-1.2412109375,-5.8857421875,5.0048828125
0.9545,-2.2822265625,-5.0849609375,5.525390625
0.955,-3.36328125,-4.1240234375,5.8857421875
0.9555,-4.32421875,-2.8828125,5.8056640625
0.956,-4.9248046875,-1.9619140625,5.845703125
0.9565,-5.205078125,-1.28125,5.7255859375
0.957,-5.28515625,-0.560546875,5.28515625
0.9575,-5.125,0.6005859375,4.404296875
0.958,-5.0849609375,1.681640625,3.4833984375
0.9585,-4.8046875,2.7626953125,2.3623046875
0.959,-4.6845703125,3.6435546875,1.521484375
0.9595,-4.244140625,4.1640625,0.6806640625
0.96,-3.603515625,4.5244140625,-0.3203125
0.9605,-2.72265625,4.9248046875,-1.521484375
0.961,-1.5615234375,4.96484375,-2.72265625
0.9615,-0.80078125,5.205078125,-3.7236328125
0.962,0.0400390625,5.365234375,-4.64453125
0.9625,1.0009765625,5.044921875,-5.28515625
0.963,2.2421875,4.0439453125,-5.7255859375
0.9635,3.283203125,3.0830078125,-6.0458984375
0.964,4.1240234375,1.921875,-5.92578125
0.9645,4.6845703125,1.1611328125,-6.0458984375
0.965,4.8447265625,0.4404296875,-5.765625
0.9655,4.884765625,-0.5205078125,-5.205078125
0.966,4.8046875,-1.6015625,-4.32421875
0.9665,4.6044921875,-2.7626953125,-3.203125
0.967,4.4443359375,-3.763671875,-2.2021484375
0.9675,4.32421875,-4.564453125,-1.44140625
0.968,3.763671875,-5.0048828125,-0.6005859375
0.9685,2.8828125,-5.3251953125,0.640625
0.969,1.921875,-5.765625,1.8818359375
0.9695,0.80078125,-5.765625,3.0029296875
0.97,0.080078125,-6.0859375,3.9638671875
0.9705,-0.80078125,-5.9658203125,4.8046875
0.971,-1.8017578125,-5.4453125,5.365234375
0.9715,-3.04296875,-4.404296875,5.765625
0.972,-4.083984375,-3.203125,5.8857421875
0.9725,-4.7646484375,-2.2421875,5.8056640625
0.973,-5.205078125,-1.521484375,5.845703125
0.9735,-5.28515625,-0.720703125,5.4052734375
0.974,-5.205078125,0.3203125,4.64453125
0.9745,-5.1650390625,1.4013671875,3.763671875
0.975,-4.884765625,2.5224609375,2.5625
0.9755,-4.724609375,3.4833984375,1.6416015625
0.976,-4.4443359375,4.083984375,0.9208984375
0.9765,-3.84375,4.5244140625,0.0400390625
0.977,-2.8427734375,4.8046875,-1.3212890625
0.9775,-1.8017578125,5.0048828125,-2.5625
0.978,-0.9208984375,5.125,-3.603515625
0.9785,-0.2001953125,5.4052734375,-4.5244140625
0.979,0.880859375,5.0849609375,-5.1650390625
0.9795,2.001953125,4.32421875,-5.7255859375
0.98,3.1630859375,3.3232421875,-6.0859375
0.9805,4.1240234375,2.0419921875,-6.0458984375
0.981,4.6845703125,1.1611328125,-6.0458984375
0.9815,4.96484375,0.48046875,-5.92578125
0.982,5.0048828125,-0.48046875,-5.4052734375
0.9825,4.8447265625,-1.6015625,-4.404296875
0.983,4.8046875,-2.72265625,-3.4033203125
0.9835,4.484375,-3.8037109375,-2.2421875
0.984,4.32421875,-4.64453125,-1.44140625
0.9845,3.84375,-5.125,-0.640625
0.985,3.04296875,-5.4853515625,0.5205078125
0.9855,2.001953125,-5.765625,1.841796875
0.986,0.7607421875,-5.92578125,3.04296875
0.9865,0.0,-6.005859375,4.0439453125
0.987,-0.80078125,-6.1259765625,4.884765625
0.9875,-1.8017578125,-5.6455078125,5.525390625
0.988,-3.0830078125,-4.5244140625,5.8857421875
0.9885,-4.1640625,-3.4033203125,6.1259765625
0.989,-4.9248046875,-2.2421875,5.9658203125
0.9895,-5.4052734375,-1.44140625,5.9658203125
0.99,-5.4853515625,-0.640625,5.5654296875
0.9905,-5.4453125,0.3603515625,4.8447265625
0.991,-5.28515625,1.521484375,3.8037109375
0.9915,-5.0849609375,2.72265625,2.6025390625
0.992,-4.7646484375,3.68359375,1.5615234375
0.9925,-4.5244140625,4.404296875,0.80078125
0.993,-3.84375,4.6845703125,-0.2001953125
0.9935,-2.8427734375,4.9248046875,-1.4013671875
0.994,-1.841796875,5.2451171875,-2.72265625
0.9945,-0.640625,5.28515625,-3.84375
0.995,0.1201171875,5.4853515625,-4.7646484375
0.9955,0.9609375,5.2451171875,-5.4453125
0.996,2.08203125,4.6044921875,-6.0458984375
0.9965,3.36328125,3.3232421875,-6.2861328125
0.997,4.404296875,2.0419921875,-6.3662109375
0.9975,4.96484375,1.041015625,-6.2060546875
0.998,5.28515625,0.2802734375,-6.1259765625
0.9985,5.2451171875,-0.640625,-5.4853515625
0.999,5.0849609375,-1.76171875,-4.5244140625
0.9995,4.96484375,-2.9228515625,-3.4833984375
