wavelength,x,y,z
0.0,3.0830078125,-4.1240234375,1.0810546875
0.0005,3.443359375,-3.8037109375,0.3603515625
0.001,3.8037109375,-3.36328125,-0.3603515625
0.0015,4.083984375,-2.72265625,-1.3212890625
0.002,4.32421875,-2.0419921875,-2.1220703125
0.0025,4.1240234375,-1.44140625,-2.5625
0.003,4.0439453125,-0.6806640625,-3.203125
0.0035,3.5234375,0.080078125,-3.5234375
0.004,3.283203125,0.7607421875,-4.00390625
0.0045,2.482421875,1.8017578125,-4.2041015625
0.005,2.001953125,2.3623046875,-4.32421875
0.0055,1.0810546875,2.8828125,-3.9638671875
0.006,0.2802734375,3.4833984375,-3.8037109375
0.0065,-0.560546875,3.8037109375,-3.203125
0.007,-1.361328125,4.1240234375,-2.8427734375
0.0075,-2.322265625,4.32421875,-2.1220703125
0.008,-2.642578125,4.1240234375,-1.6015625
0.0085,-3.203125,3.9638671875,-0.9208984375
0.009,-3.5234375,3.443359375,-0.16015625
0.0095,-3.8837890625,3.04296875,0.6005859375
0.01,-4.083984375,2.2421875,1.6015625
0.0105,-4.244140625,1.681640625,2.3623046875
0.011,-3.8837890625,0.9208984375,2.72265625
0.0115,-3.8037109375,0.2802734375,3.3232421875
0.012,-3.1630859375,-0.6005859375,3.5634765625
0.0125,-2.8828125,-1.28125,3.9638671875
0.013,-2.0419921875,-2.2822265625,4.1640625
0.0135,-1.44140625,-2.72265625,4.00390625
0.014,-0.6005859375,-3.2431640625,3.7236328125
0.0145,0.2001953125,-3.68359375,3.36328125
0.015,1.0009765625,-3.9638671875,2.9228515625
0.0155,1.841796875,-4.2041015625,2.3623046875
0.016,2.642578125,-4.404296875,1.76171875
0.0165,2.8828125,-4.0439453125,1.201171875
0.017,3.443359375,-3.9638671875,0.6005859375
0.0175,3.5634765625,-3.3232421875,-0.240234375
0.018,3.9638671875,-2.962890625,-0.9208984375
0.0185,4.1240234375,-2.08203125,-1.8818359375
0.019,4.2041015625,-1.681640625,-2.3623046875
0.0195,3.84375,-0.9208984375,-2.8427734375
0.02,3.7236328125,-0.3203125,-3.2431640625
0.0205,3.203125,0.48046875,-3.603515625
0.021,2.8427734375,1.201171875,-3.923828125
0.0215,2.2021484375,2.0419921875,-4.1640625
0.022,1.521484375,2.3623046875,-3.8837890625
0.0225,0.80078125,3.0029296875,-3.8037109375
0.023,0.0,3.3232421875,-3.283203125
0.0235,-0.640625,3.763671875,-3.123046875
0.024,-1.5615234375,3.923828125,-2.482421875
0.0245,-2.08203125,4.083984375,-2.1220703125
0.025,-2.40234375,3.7236328125,-1.4814453125
0.0255,-2.962890625,3.68359375,-1.0009765625
0.026,-3.203125,3.123046875,-0.1201171875
0.0265,-3.603515625,2.802734375,0.560546875
0.027,-3.84375,2.08203125,1.521484375
0.0275,-3.84375,1.7216796875,1.8818359375
0.028,-3.6435546875,0.9609375,2.482421875
0.0285,-3.4033203125,0.2802734375,2.9228515625
0.029,-3.0830078125,-0.48046875,3.36328125
0.0295,-2.6025390625,-1.2412109375,3.68359375
0.03,-2.162109375,-1.921875,3.8837890625
0.0305,-1.361328125,-2.322265625,3.5634765625
0.031,-0.720703125,-2.962890625,3.603515625
0.0315,0.1201171875,-3.3232421875,3.0830078125
0.032,0.80078125,-3.8037109375,2.9228515625
0.0325,1.7216796875,-4.00390625,2.2421875
0.033,2.0419921875,-4.083984375,1.921875
0.0335,2.5224609375,-3.84375,1.28125
0.034,3.0029296875,-3.6435546875,0.6806640625
0.0345,3.3232421875,-3.1630859375,-0.080078125
0.035,3.68359375,-2.72265625,-0.8408203125
0.0355,3.923828125,-2.162109375,-1.6416015625
0.036,3.8037109375,-1.6416015625,-2.001953125
0.0365,3.763671875,-1.0009765625,-2.6826171875
0.037,3.3232421875,-0.2001953125,-3.04296875
0.0375,3.1630859375,0.4404296875,-3.5234375
0.038,2.5625,1.28125,-3.8037109375
0.0385,2.162109375,1.8017578125,-3.8837890625
0.039,1.3212890625,2.2822265625,-3.5634765625
0.0395,0.6806640625,2.8828125,-3.5634765625
0.04,-0.16015625,3.203125,-3.0830078125
0.0405,-0.8408203125,3.603515625,-2.8828125
0.041,-1.6416015625,3.84375,-2.322265625
0.0415,-1.9619140625,3.68359375,-1.9619140625
0.042,-2.4423828125,3.68359375,-1.3212890625
0.0425,-2.802734375,3.283203125,-0.640625
0.043,-3.283203125,2.9228515625,0.1201171875
0.0435,-3.5234375,2.3623046875,0.9208984375
0.044,-3.7236328125,1.9619140625,1.5615234375
0.0445,-3.4833984375,1.3212890625,1.921875
0.045,-3.5634765625,0.80078125,2.5625
0.0455,-3.0830078125,-0.0400390625,2.9228515625
0.046,-2.8828125,-0.6806640625,3.4033203125
0.0465,-2.2822265625,-1.521484375,3.6435546875
0.047,-1.8017578125,-1.9619140625,3.5634765625
0.0475,-1.0009765625,-2.5224609375,3.4033203125
0.048,-0.3203125,-3.04296875,3.2431640625
0.0485,0.4404296875,-3.4833984375,2.8828125
0.049,1.201171875,-3.8037109375,2.5625
0.0495,1.76171875,-4.00390625,2.1220703125
0.05,2.08203125,-3.7236328125,1.6015625
0.0505,2.7626953125,-3.8037109375,1.0810546875
0.051,3.04296875,-3.203125,0.240234375
0.0515,3.4833984375,-3.0029296875,-0.400390625
0.052,3.7236328125,-2.322265625,-1.28125
0.0525,3.84375,-2.001953125,-1.681640625
0.053,3.5634765625,-1.28125,-2.2021484375
0.0535,3.5634765625,-0.720703125,-2.7626953125
0.054,3.1630859375,0.1201171875,-3.1630859375
0.0545,2.8427734375,0.7607421875,-3.5634765625
0.055,2.3623046875,1.521484375,-3.84375
0.0555,1.7216796875,1.921875,-3.603515625
0.056,1.0009765625,2.5625,-3.603515625
0.0565,0.2001953125,2.962890625,-3.203125
0.057,-0.400390625,3.4033203125,-3.04296875
0.0575,-1.2412109375,3.6435546875,-2.5625
0.058,-1.681640625,3.8037109375,-2.2021484375
0.0585,-2.0419921875,3.5234375,-1.6015625
0.059,-2.6025390625,3.5234375,-1.0810546875
0.0595,-2.9228515625,2.962890625,-0.16015625
0.06,-3.36328125,2.6826171875,0.48046875
0.0605,-3.5634765625,2.0419921875,1.28125
0.061,-3.5634765625,1.6416015625,1.6416015625
0.0615,-3.443359375,0.9609375,2.2421875
0.062,-3.203125,0.2802734375,2.6826171875
0.0625,-2.8828125,-0.4404296875,3.1630859375
0.063,-2.4423828125,-1.1611328125,3.4833984375
0.0635,-2.001953125,-1.76171875,3.603515625
0.064,-1.28125,-2.162109375,3.3232421875
0.0645,-0.640625,-2.8427734375,3.36328125
0.065,0.16015625,-3.203125,2.8828125
0.0655,0.7607421875,-3.603515625,2.6826171875
0.066,1.5615234375,-3.8037109375,2.2421875
0.0665,1.8818359375,-3.8037109375,1.921875
0.067,2.3623046875,-3.5634765625,1.28125
0.0675,2.802734375,-3.4033203125,0.640625
0.068,3.1630859375,-2.962890625,-0.1201171875
0.0685,3.5234375,-2.6025390625,-0.80078125
0.069,3.763671875,-2.1220703125,-1.521484375
0.0695,3.5234375,-1.5615234375,-1.8818359375
0.07,3.6435546875,-1.0009765625,-2.5224609375
0.0705,3.2431640625,-0.2001953125,-2.9228515625
0.071,3.04296875,0.4404296875,-3.36328125
0.0715,2.5224609375,1.201171875,-3.68359375
0.072,2.0419921875,1.6416015625,-3.7236328125
0.0725,1.28125,2.162109375,-3.443359375
0.073,0.6005859375,2.802734375,-3.4833984375
0.0735,-0.2001953125,3.1630859375,-3.04296875
0.074,-0.8408203125,3.5634765625,-2.7626953125
0.0745,-1.521484375,3.763671875,-2.322265625
0.075,-1.841796875,3.603515625,-1.8818359375
0.0755,-2.4423828125,3.5634765625,-1.3212890625
0.076,-2.72265625,3.1630859375,-0.560546875
0.0765,-3.203125,2.802734375,0.16015625
0.077,-3.4833984375,2.2822265625,0.9609375
0.0775,-3.603515625,1.921875,1.4814453125
0.078,-3.3232421875,1.2412109375,1.921875
0.0785,-3.4033203125,0.6806640625,2.5224609375
0.079,-2.9228515625,-0.16015625,2.9228515625
0.0795,-2.72265625,-0.80078125,3.3232421875
0.08,-2.1220703125,-1.5615234375,3.5234375
0.0805,-1.6015625,-1.9619140625,3.36328125
0.081,-0.880859375,-2.5625,3.283203125
0.0815,-0.16015625,-3.0830078125,3.04296875
0.082,0.560546875,-3.36328125,2.72265625
0.0825,1.2412109375,-3.68359375,2.40234375
0.083,1.76171875,-3.8037109375,2.001953125
0.0835,2.0419921875,-3.5634765625,1.4814453125
0.084,2.642578125,-3.5634765625,0.9609375
0.0845,2.9228515625,-3.04296875,0.1201171875
0.085,3.36328125,-2.802734375,-0.5205078125
0.0855,3.5634765625,-2.2021484375,-1.28125
0.086,3.603515625,-1.8818359375,-1.6015625
0.0865,3.443359375,-1.201171875,-2.162109375
0.087,3.36328125,-0.640625,-2.642578125
0.0875,3.0029296875,0.1201171875,-3.0830078125
0.088,2.72265625,0.7607421875,-3.443359375
0.0885,2.2421875,1.4013671875,-3.603515625
0.089,1.5615234375,1.76171875,-3.4033203125
0.0895,0.9609375,2.482421875,-3.5234375
0.09,0.16015625,2.8828125,-3.0830078125
0.0905,-0.400390625,3.3232421875,-2.9228515625
0.091,-1.12109375,3.5634765625,-2.5224609375
0.0915,-1.4814453125,3.603515625,-2.2421875
0.092,-1.921875,3.4033203125,-1.6015625
0.0925,-2.4423828125,3.36328125,-1.0810546875
0.093,-2.802734375,2.8427734375,-0.2001953125
0.0935,-3.203125,2.6025390625,0.4404296875
0.094,-3.4833984375,2.1220703125,1.12109375
0.0945,-3.36328125,1.681640625,1.44140625
0.095,-3.36328125,1.0810546875,2.1220703125
0.0955,-3.123046875,0.3203125,2.5625
0.096,-2.8828125,-0.3203125,3.04296875
0.0965,-2.482421875,-1.041015625,3.3232421875
0.097,-2.001953125,-1.6015625,3.4033203125
0.0975,-1.3212890625,-2.08203125,3.1630859375
0.098,-0.6806640625,-2.6826171875,3.2431640625
0.0985,0.1201171875,-3.04296875,2.802734375
0.099,0.7607421875,-3.4833984375,2.6826171875
0.0995,1.4013671875,-3.68359375,2.2421875
0.1,1.7216796875,-3.603515625,1.921875
0.1005,2.2421875,-3.5634765625,1.28125
0.101,2.6826171875,-3.283203125,0.6005859375
0.1015,3.04296875,-2.8828125,-0.080078125
0.102,3.443359375,-2.5224609375,-0.80078125
0.1025,3.5634765625,-2.1220703125,-1.3212890625
0.103,3.4033203125,-1.5615234375,-1.76171875
0.1035,3.5234375,-1.0009765625,-2.40234375
0.104,3.123046875,-0.2001953125,-2.8427734375
0.1045,2.962890625,0.3603515625,-3.283203125
0.105,2.5224609375,1.0810546875,-3.5234375
0.1055,1.921875,1.521484375,-3.5234375
0.106,1.2412109375,2.162109375,-3.36328125
0.1065,0.560546875,2.6826171875,-3.283203125
0.107,-0.16015625,3.0830078125,-2.8828125
0.1075,-0.80078125,3.4833984375,-2.72265625
0.108,-1.361328125,3.6435546875,-2.322265625
0.1085,-1.7216796875,3.4833984375,-1.841796875
0.109,-2.322265625,3.4833984375,-1.28125
0.1095,-2.72265625,3.0029296875,-0.4404296875
0.11,-3.1630859375,2.72265625,0.2001953125
0.1105,-3.4033203125,2.2421875,0.9609375
0.111,-3.4833984375,1.841796875,1.4013671875
0.1115,-3.283203125,1.12109375,1.921875
0.112,-3.3232421875,0.560546875,2.5625
0.1125,-2.8427734375,-0.3203125,2.9228515625
0.113,-2.6025390625,-0.9609375,3.3232421875
0.1135,-2.08203125,-1.6416015625,3.443359375
0.114,-1.4013671875,-2.001953125,3.3232421875
0.1145,-0.720703125,-2.6025390625,3.2431640625
0.115,0.0,-3.0830078125,2.9228515625
0.1155,0.7607421875,-3.443359375,2.6025390625
0.116,1.4013671875,-3.7236328125,2.2421875
0.1165,1.921875,-3.763671875,1.8818359375
0.117,2.2421875,-3.4833984375,1.28125
0.1175,2.802734375,-3.4833984375,0.6806640625
0.118,3.0830078125,-2.8427734375,-0.16015625
0.1185,3.4833984375,-2.6025390625,-0.80078125
0.119,3.6435546875,-2.001953125,-1.4814453125
0.1195,3.5634765625,-1.6015625,-1.8818359375
0.12,3.4033203125,-0.880859375,-2.4423828125
0.1205,3.203125,-0.2802734375,-2.9228515625
0.121,2.802734375,0.48046875,-3.2431640625
0.1215,2.482421875,1.12109375,-3.5634765625
0.122,1.921875,1.76171875,-3.603515625
0.1225,1.1611328125,2.2021484375,-3.36328125
0.123,0.560546875,2.8427734375,-3.36328125
0.1235,-0.3203125,3.1630859375,-2.8828125
0.124,-0.9208984375,3.5234375,-2.642578125
0.1245,-1.521484375,3.6435546875,-2.2421875
0.125,-1.921875,3.5634765625,-1.8017578125
0.1255,-2.322265625,3.36328125,-1.1611328125
0.126,-2.8427734375,3.1630859375,-0.5205078125
0.1265,-3.123046875,2.5625,0.3203125
0.127,-3.4833984375,2.2421875,1.0009765625
0.1275,-3.5634765625,1.7216796875,1.6015625
0.128,-3.36328125,1.12109375,1.9619140625
0.1285,-3.3232421875,0.48046875,2.6025390625
0.129,-2.9228515625,-0.2802734375,2.962890625
0.1295,-2.6025390625,-1.0009765625,3.3232421875
0.13,-2.0419921875,-1.6015625,3.5234375
0.1305,-1.4814453125,-2.1220703125,3.4833984375
0.131,-0.6806640625,-2.5625,3.1630859375
0.1315,-0.0400390625,-3.1630859375,3.1630859375
0.132,0.80078125,-3.4033203125,2.5625
0.1325,1.4013671875,-3.8037109375,2.3623046875
0.133,1.9619140625,-3.8037109375,1.8818359375
0.1335,2.2822265625,-3.603515625,1.3212890625
0.134,2.7626953125,-3.443359375,0.6806640625
0.1345,3.1630859375,-3.04296875,0.0
0.135,3.443359375,-2.5625,-0.80078125
0.1355,3.7236328125,-2.1220703125,-1.44140625
0.136,3.7236328125,-1.6015625,-2.001953125
0.1365,3.443359375,-1.0009765625,-2.4423828125
0.137,3.4033203125,-0.3603515625,-3.0029296875
0.1375,2.8828125,0.4404296875,-3.3232421875
0.138,2.6025390625,1.1611328125,-3.68359375
0.1385,1.9619140625,1.76171875,-3.7236328125
0.139,1.3212890625,2.2421875,-3.5634765625
0.1395,0.560546875,2.72265625,-3.283203125
0.14,-0.1201171875,3.2431640625,-3.123046875
0.1405,-1.0009765625,3.5234375,-2.6025390625
0.141,-1.4814453125,3.763671875,-2.322265625
0.1415,-2.0419921875,3.763671875,-1.8017578125
0.142,-2.40234375,3.4833984375,-1.2412109375
0.1425,-2.8828125,3.3232421875,-0.6005859375
0.143,-3.203125,2.6826171875,0.3203125
0.1435,-3.5234375,2.322265625,1.0009765625
0.144,-3.603515625,1.76171875,1.6015625
0.1445,-3.5634765625,1.2412109375,2.08203125
0.145,-3.2431640625,0.48046875,2.5625
0.1455,-3.203125,-0.16015625,3.04296875
0.146,-2.5625,-0.9609375,3.36328125
0.1465,-2.2021484375,-1.5615234375,3.6435546875
0.147,-1.521484375,-2.162109375,3.5634765625
0.1475,-0.80078125,-2.6025390625,3.3232421875
0.148,-0.080078125,-3.1630859375,3.1630859375
0.1485,0.6806640625,-3.5234375,2.72265625
0.149,1.44140625,-3.8037109375,2.2822265625
0.1495,1.921875,-3.8837890625,1.921875
0.15,2.40234375,-3.84375,1.44140625
0.1505,2.7626953125,-3.4833984375,0.7607421875
0.151,3.283203125,-3.36328125,0.1201171875
0.1515,3.4833984375,-2.6025390625,-0.80078125
0.152,3.84375,-2.2822265625,-1.44140625
0.1525,3.8037109375,-1.6416015625,-2.001953125
0.153,3.603515625,-1.1611328125,-2.4423828125
0.1535,3.36328125,-0.400390625,-2.962890625
0.154,3.123046875,0.3203125,-3.36328125
0.1545,2.5625,1.1611328125,-3.7236328125
0.155,2.162109375,1.7216796875,-3.8037109375
0.1555,1.44140625,2.322265625,-3.763671875
0.156,0.640625,2.72265625,-3.4033203125
0.1565,0.0,3.3232421875,-3.283203125
0.157,-0.9208984375,3.5234375,-2.6826171875
0.1575,-1.5615234375,3.84375,-2.40234375
0.158,-2.001953125,3.763671875,-1.8818359375
0.1585,-2.4423828125,3.68359375,-1.3212890625
0.159,-2.802734375,3.283203125,-0.640625
0.1595,-3.283203125,3.04296875,0.080078125
0.16,-3.5634765625,2.2421875,1.041015625
0.1605,-3.7236328125,1.921875,1.5615234375
0.161,-3.68359375,1.2412109375,2.2021484375
0.1615,-3.443359375,0.6005859375,2.5625
0.162,-3.203125,-0.0400390625,3.1630859375
0.1625,-2.72265625,-0.9208984375,3.4833984375
0.163,-2.2822265625,-1.6416015625,3.8037109375
0.1635,-1.6015625,-2.162109375,3.6435546875
0.164,-0.9609375,-2.7626953125,3.603515625
0.1645,-0.080078125,-3.1630859375,3.1630859375
0.165,0.6005859375,-3.68359375,3.04296875
0.1655,1.5615234375,-3.8837890625,2.2822265625
0.166,2.08203125,-4.083984375,2.001953125
0.1665,2.5625,-3.923828125,1.361328125
0.167,3.0029296875,-3.7236328125,0.7607421875
0.1675,3.36328125,-3.3232421875,0.0
0.168,3.763671875,-2.8427734375,-0.80078125
0.1685,3.9638671875,-2.2021484375,-1.7216796875
0.169,3.9638671875,-1.7216796875,-2.2021484375
0.1695,3.84375,-1.041015625,-2.8427734375
0.17,3.5234375,-0.240234375,-3.203125
0.1705,3.3232421875,0.400390625,-3.68359375
0.171,2.642578125,1.4013671875,-3.9638671875
0.1715,2.2021484375,2.0419921875,-4.1640625
0.172,1.3212890625,2.5625,-3.8837890625
0.1725,0.6005859375,3.203125,-3.763671875
0.173,-0.2802734375,3.5234375,-3.2431640625
0.1735,-1.041015625,3.9638671875,-2.962890625
0.174,-2.08203125,4.1640625,-2.2021484375
0.1745,-2.482421875,4.1240234375,-1.7216796875
0.175,-3.0029296875,3.923828125,-1.0810546875
0.1755,-3.36328125,3.5234375,-0.3603515625
0.176,-3.68359375,3.123046875,0.3603515625
0.1765,-3.9638671875,2.322265625,1.4013671875
0.177,-4.1640625,1.6416015625,2.2421875
0.1775,-3.8837890625,1.0009765625,2.6025390625
0.178,-3.763671875,0.3203125,3.203125
0.1785,-3.203125,-0.4404296875,3.4833984375
0.179,-2.9228515625,-1.1611328125,3.923828125
0.1795,-2.08203125,-2.2021484375,4.1240234375
0.18,-1.4814453125,-2.72265625,4.083984375
0.1805,-0.640625,-3.203125,3.7236328125
0.181,0.1201171875,-3.68359375,3.443359375
0.1815,0.9609375,-3.923828125,2.9228515625
0.182,1.76171875,-4.2041015625,2.40234375
0.1825,2.6826171875,-4.404296875,1.7216796875
0.183,2.962890625,-4.1240234375,1.1611328125
0.1835,3.5234375,-4.00390625,0.560546875
0.184,3.68359375,-3.36328125,-0.16015625
0.1845,4.083984375,-3.04296875,-0.9208984375
0.185,4.2041015625,-2.2021484375,-1.9619140625
0.1855,4.32421875,-1.681640625,-2.6025390625
0.186,3.923828125,-0.8408203125,-2.962890625
0.1865,3.84375,-0.240234375,-3.5234375
0.187,3.2431640625,0.6005859375,-3.763671875
0.1875,2.9228515625,1.28125,-4.1240234375
0.188,2.162109375,2.2421875,-4.3642578125
0.1885,1.4814453125,2.6826171875,-4.1240234375
0.189,0.640625,3.2431640625,-3.8837890625
0.1895,-0.16015625,3.6435546875,-3.5234375
0.19,-0.9609375,3.9638671875,-3.0830078125
0.1905,-1.8017578125,4.1640625,-2.4423828125
0.191,-2.6025390625,4.3642578125,-1.8818359375
0.1915,-2.8828125,3.9638671875,-1.2412109375
0.192,-3.4033203125,3.8837890625,-0.640625
0.1925,-3.603515625,3.1630859375,0.2001953125
0.193,-4.00390625,2.802734375,0.9208984375
0.1935,-4.1640625,1.8818359375,1.9619140625
0.194,-4.1640625,1.4013671875,2.5625
0.1945,-3.763671875,0.560546875,3.0029296875
0.195,-3.603515625,-0.0400390625,3.4833984375
0.1955,-3.04296875,-0.9208984375,3.763671875
0.196,-2.5224609375,-1.681640625,4.0439453125
0.1965,-1.841796875,-2.5625,4.2841796875
0.197,-1.0009765625,-2.9228515625,3.84375
0.1975,-0.2802734375,-3.5634765625,3.7236328125
0.198,0.6005859375,-3.84375,3.1630859375
0.1985,1.3212890625,-4.1640625,2.802734375
0.199,2.2421875,-4.32421875,2.0419921875
0.1995,2.8427734375,-4.404296875,1.5615234375
0.2,3.1630859375,-3.923828125,0.80078125
0.2005,3.6435546875,-3.8837890625,0.240234375
0.201,3.84375,-3.123046875,-0.640625
0.2015,4.1240234375,-2.72265625,-1.361328125
0.202,4.32421875,-1.8017578125,-2.3623046875
0.2025,4.1240234375,-1.28125,-2.72265625
0.203,3.84375,-0.48046875,-3.283203125
0.2035,3.5234375,0.2001953125,-3.6435546875
0.204,3.0830078125,0.9609375,-4.00390625
0.2045,2.482421875,1.8017578125,-4.2041015625
0.205,1.8818359375,2.5224609375,-4.3642578125
0.2055,0.9609375,2.8828125,-3.84375
0.206,0.2802734375,3.5234375,-3.84375
0.2065,-0.640625,3.763671875,-3.1630859375
0.207,-1.3212890625,4.1240234375,-2.8427734375
0.2075,-2.2822265625,4.2841796875,-2.08203125
0.208,-2.72265625,4.1240234375,-1.6015625
0.2085,-3.0830078125,3.8037109375,-0.8408203125
0.209,-3.5634765625,3.5234375,-0.2001953125
0.2095,-3.8037109375,2.8427734375,0.6806640625
0.21,-4.0439453125,2.40234375,1.44140625
0.2105,-4.244140625,1.6015625,2.40234375
0.211,-3.84375,0.9208984375,2.6826171875
0.2115,-3.8037109375,0.240234375,3.3232421875
0.212,-3.203125,-0.6005859375,3.603515625
0.2125,-2.8427734375,-1.3212890625,4.00390625
0.213,-2.08203125,-2.2021484375,4.1240234375
0.2135,-1.44140625,-2.802734375,4.1240234375
0.214,-0.560546875,-3.203125,3.6435546875
0.2145,0.1201171875,-3.763671875,3.5634765625
0.215,1.12109375,-3.9638671875,2.8427734375
0.2155,1.76171875,-4.2841796875,2.482421875
0.216,2.6826171875,-4.404296875,1.76171875
0.2165,3.0029296875,-4.1240234375,1.1611328125
0.217,3.443359375,-3.923828125,0.48046875
0.2175,3.7236328125,-3.4033203125,-0.2802734375
0.218,4.0439453125,-2.8427734375,-1.12109375
0.2185,4.244140625,-2.2021484375,-1.921875
0.219,4.32421875,-1.5615234375,-2.642578125
0.2195,3.84375,-0.720703125,-2.962890625
0.22,3.84375,-0.16015625,-3.5634765625
0.2205,3.1630859375,0.7607421875,-3.84375
0.221,2.802734375,1.44140625,-4.2041015625
0.2215,2.0419921875,2.3623046875,-4.3642578125
0.222,1.3212890625,2.802734375,-4.1240234375
0.2225,0.48046875,3.2431640625,-3.7236328125
0.223,-0.2802734375,3.763671875,-3.5234375
0.2235,-1.2412109375,4.00390625,-2.8427734375
0.224,-1.8818359375,4.2041015625,-2.4423828125
0.2245,-2.6025390625,4.32421875,-1.8017578125
0.225,-2.9228515625,3.84375,-1.041015625
0.2255,-3.4833984375,3.763671875,-0.48046875
0.226,-3.7236328125,3.0029296875,0.48046875
0.2265,-4.00390625,2.5224609375,1.2412109375
0.227,-4.1240234375,1.841796875,2.0419921875
0.2275,-4.1240234375,1.2412109375,2.6826171875
0.228,-3.603515625,0.3603515625,3.0029296875
0.2285,-3.5634765625,-0.2001953125,3.5234375
0.229,-2.802734375,-1.1611328125,3.8037109375
0.2295,-2.40234375,-1.8017578125,4.083984375
0.23,-1.6416015625,-2.642578125,4.1240234375
0.2305,-0.8408203125,-3.0029296875,3.763671875
0.231,-0.080078125,-3.5634765625,3.5234375
0.2315,0.7607421875,-3.8837890625,3.04296875
0.232,1.5615234375,-4.1240234375,2.482421875
0.2325,2.2822265625,-4.244140625,1.9619140625
0.233,2.8427734375,-4.2841796875,1.44140625
0.2335,3.123046875,-3.68359375,0.720703125
0.234,3.6435546875,-3.7236328125,0.1201171875
0.2345,3.8037109375,-2.8828125,-0.8408203125
0.235,4.083984375,-2.5224609375,-1.44140625
0.2355,4.1240234375,-1.8017578125,-2.2822265625
0.236,3.9638671875,-1.2412109375,-2.642578125
0.2365,3.6435546875,-0.4404296875,-3.0830078125
0.237,3.4833984375,0.16015625,-3.5634765625
0.2375,2.8828125,1.041015625,-3.84375
0.238,2.482421875,1.681640625,-4.083984375
0.2385,1.76171875,2.40234375,-4.1240234375
0.239,0.9609375,2.72265625,-3.68359375
0.2395,0.2802734375,3.3232421875,-3.6435546875
0.24,-0.640625,3.603515625,-3.04296875
0.2405,-1.28125,3.8837890625,-2.7626953125
0.241,-1.9619140625,4.00390625,-2.162109375
0.2415,-2.322265625,3.9638671875,-1.76171875
0.242,-2.7626953125,3.5634765625,-1.0009765625
0.2425,-3.2431640625,3.4833984375,-0.3603515625
0.243,-3.4833984375,2.6826171875,0.6005859375
0.2435,-3.84375,2.40234375,1.2412109375
0.244,-3.923828125,1.681640625,1.9619140625
0.2445,-3.6435546875,1.12109375,2.322265625
0.245,-3.5634765625,0.400390625,2.9228515625
0.2455,-3.1630859375,-0.3203125,3.3232421875
0.246,-2.72265625,-1.12109375,3.68359375
0.2465,-2.2021484375,-1.8017578125,3.84375
0.247,-1.6015625,-2.3623046875,3.8037109375
0.2475,-0.720703125,-2.802734375,3.4033203125
0.248,-0.0400390625,-3.4033203125,3.4033203125
0.2485,0.8408203125,-3.7236328125,2.6826171875
0.249,1.44140625,-4.0439453125,2.5224609375
0.2495,2.2421875,-4.083984375,1.76171875
0.25,2.482421875,-3.8837890625,1.4013671875
0.2505,2.9228515625,-3.603515625,0.7607421875
0.251,3.3232421875,-3.3232421875,0.0400390625
0.2515,3.5634765625,-2.72265625,-0.7607421875
0.252,3.84375,-2.322265625,-1.4013671875
0.2525,3.8837890625,-1.7216796875,-2.0419921875
0.253,3.5634765625,-1.0810546875,-2.40234375
0.2535,3.5634765625,-0.4404296875,-3.04296875
0.254,3.04296875,0.3203125,-3.3232421875
0.2545,2.802734375,1.0009765625,-3.7236328125
0.255,2.2021484375,1.6416015625,-3.8037109375
0.2555,1.5615234375,2.1220703125,-3.7236328125
0.256,0.7607421875,2.642578125,-3.443359375
0.2565,0.080078125,3.0830078125,-3.36328125
0.257,-0.6806640625,3.443359375,-2.7626953125
0.2575,-1.2412109375,3.68359375,-2.72265625
0.258,-1.8818359375,3.84375,-2.08203125
0.2585,-2.1220703125,3.5634765625,-1.5615234375
0.259,-2.72265625,3.5234375,-0.9609375
0.2595,-3.04296875,2.962890625,-0.080078125
0.26,-3.4033203125,2.6025390625,0.6005859375
0.2605,-3.603515625,2.1220703125,1.28125
0.261,-3.6435546875,1.6416015625,1.76171875
0.2615,-3.36328125,0.9208984375,2.2421875
0.262,-3.36328125,0.3203125,2.8427734375
0.2625,-2.8427734375,-0.5205078125,3.1630859375
0.263,-2.5625,-1.1611328125,3.5634765625
0.2635,-1.9619140625,-1.8017578125,3.603515625
0.264,-1.28125,-2.2822265625,3.443359375
0.2645,-0.640625,-3.0029296875,3.3232421875
0.265,0.2001953125,-3.36328125,3.04296875
0.2655,0.9609375,-3.68359375,2.6025390625
0.266,1.521484375,-3.8837890625,2.2822265625
0.2665,2.0419921875,-3.8837890625,1.8818359375
0.267,2.40234375,-3.603515625,1.201171875
0.2675,3.0029296875,-3.5634765625,0.6005859375
0.268,3.283203125,-2.8828125,-0.3203125
0.2685,3.68359375,-2.642578125,-0.9609375
0.269,3.763671875,-2.001953125,-1.6015625
0.2695,3.68359375,-1.521484375,-2.0419921875
0.27,3.4833984375,-0.80078125,-2.6025390625
0.2705,3.3232421875,-0.080078125,-3.123046875
0.271,2.8427734375,0.6806640625,-3.4833984375
0.2715,2.5224609375,1.28125,-3.763671875
0.272,1.8818359375,1.921875,-3.7236328125
0.2725,0.9609375,2.2822265625,-3.4033203125
0.273,0.4404296875,2.9228515625,-3.4033203125
0.2735,-0.400390625,3.283203125,-2.9228515625
0.274,-1.041015625,3.68359375,-2.642578125
0.2745,-1.6015625,3.7236328125,-2.2421875
0.275,-2.001953125,3.68359375,-1.7216796875
0.2755,-2.4423828125,3.36328125,-1.041015625
0.276,-2.9228515625,3.1630859375,-0.400390625
0.2765,-3.203125,2.5224609375,0.48046875
0.277,-3.5634765625,2.2822265625,1.0810546875
0.2775,-3.5634765625,1.6416015625,1.681640625
0.278,-3.36328125,1.12109375,2.0419921875
0.2785,-3.283203125,0.4404296875,2.6826171875
0.279,-2.9228515625,-0.3203125,3.04296875
0.2795,-2.5625,-1.0009765625,3.443359375
0.28,-2.0419921875,-1.6015625,3.5234375
0.2805,-1.6015625,-2.2021484375,3.5234375
0.281,-0.6806640625,-2.6025390625,3.1630859375
0.2815,-0.080078125,-3.203125,3.1630859375
0.282,0.7607421875,-3.36328125,2.5625
0.2825,1.28125,-3.8037109375,2.40234375
0.283,1.841796875,-3.7236328125,1.921875
0.2835,2.2021484375,-3.6435546875,1.44140625
0.284,2.6826171875,-3.4033203125,0.7607421875
0.2845,3.123046875,-3.0830078125,0.0400390625
0.285,3.443359375,-2.6025390625,-0.720703125
0.2855,3.68359375,-2.2822265625,-1.28125
0.286,3.68359375,-1.7216796875,-1.841796875
0.2865,3.4833984375,-1.0810546875,-2.2822265625
0.287,3.443359375,-0.4404296875,-2.8828125
0.2875,2.962890625,0.3603515625,-3.2431640625
0.288,2.6826171875,0.9609375,-3.6435546875
0.2885,2.001953125,1.5615234375,-3.5634765625
0.289,1.521484375,2.0419921875,-3.5634765625
0.2895,0.6806640625,2.5625,-3.36328125
0.29,0.0400390625,3.123046875,-3.203125
0.2905,-0.7607421875,3.443359375,-2.72265625
0.291,-1.28125,3.68359375,-2.5224609375
0.2915,-1.8017578125,3.68359375,-1.9619140625
0.292,-2.162109375,3.4833984375,-1.44140625
0.2925,-2.6826171875,3.3232421875,-0.80078125
0.293,-3.0029296875,2.7626953125,0.0400390625
0.2935,-3.4033203125,2.4423828125,0.7607421875
0.294,-3.4833984375,1.9619140625,1.3212890625
0.2945,-3.4833984375,1.4814453125,1.841796875
0.295,-3.2431640625,0.720703125,2.322265625
0.2955,-3.1630859375,0.080078125,2.8828125
0.296,-2.642578125,-0.720703125,3.1630859375
0.2965,-2.3623046875,-1.3212890625,3.4833984375
0.297,-1.681640625,-1.921875,3.4033203125
0.2975,-1.041015625,-2.40234375,3.2431640625
0.298,-0.3203125,-2.8828125,3.123046875
0.2985,0.4404296875,-3.283203125,2.7626953125
0.299,1.12109375,-3.603515625,2.4423828125
0.2995,1.5615234375,-3.7236328125,2.1220703125
0.3,2.0419921875,-3.7236328125,1.6416015625
0.3005,2.40234375,-3.4033203125,1.0009765625
0.301,3.0029296875,-3.283203125,0.3603515625
0.3015,3.203125,-2.642578125,-0.48046875
0.302,3.603515625,-2.482421875,-1.041015625
0.3025,3.5634765625,-1.8818359375,-1.6015625
0.303,3.5234375,-1.44140625,-2.001953125
0.3035,3.3232421875,-0.640625,-2.5625
0.304,3.1630859375,0.0,-3.04296875
0.3045,2.72265625,0.7607421875,-3.4033203125
0.305,2.3623046875,1.2412109375,-3.5634765625
0.3055,1.76171875,1.841796875,-3.5634765625
0.306,0.9609375,2.322265625,-3.3232421875
0.3065,0.3203125,2.9228515625,-3.283203125
0.307,-0.4404296875,3.203125,-2.7626953125
0.3075,-1.0009765625,3.5634765625,-2.642578125
0.308,-1.44140625,3.5634765625,-2.2021484375
0.3085,-1.921875,3.5634765625,-1.8017578125
0.309,-2.322265625,3.283203125,-1.041015625
0.3095,-2.8427734375,3.0830078125,-0.3603515625
0.31,-3.1630859375,2.5224609375,0.4404296875
0.3105,-3.443359375,2.2822265625,0.9609375
0.311,-3.443359375,1.681640625,1.5615234375
0.3115,-3.3232421875,1.12109375,1.9619140625
0.312,-3.203125,0.4404296875,2.5625
0.3125,-2.8828125,-0.3203125,2.962890625
0.313,-2.5625,-1.0009765625,3.36328125
0.3135,-2.001953125,-1.521484375,3.3232421875
0.314,-1.44140625,-2.0419921875,3.36328125
0.3145,-0.640625,-2.5625,3.123046875
0.315,0.0,-3.123046875,3.04296875
0.3155,0.7607421875,-3.36328125,2.5224609375
0.316,1.28125,-3.7236328125,2.40234375
0.3165,1.76171875,-3.6435546875,1.921875
0.317,2.162109375,-3.5634765625,1.44140625
0.3175,2.642578125,-3.283203125,0.6806640625
0.318,3.04296875,-2.9228515625,0.0
0.3185,3.36328125,-2.5625,-0.720703125
0.319,3.5234375,-2.2021484375,-1.2412109375
0.3195,3.5634765625,-1.681640625,-1.8017578125
0.32,3.36328125,-1.0009765625,-2.2421875
0.3205,3.3232421875,-0.3603515625,-2.8427734375
0.321,2.8427734375,0.3603515625,-3.203125
0.3215,2.642578125,0.9609375,-3.5634765625
0.322,1.9619140625,1.521484375,-3.4833984375
0.3225,1.4013671875,2.0419921875,-3.443359375
0.323,0.6005859375,2.6025390625,-3.203125
0.3235,-0.0400390625,3.0830078125,-3.0830078125
0.324,-0.80078125,3.443359375,-2.642578125
0.3245,-1.2412109375,3.5634765625,-2.4423828125
0.325,-1.7216796875,3.603515625,-1.9619140625
0.3255,-2.1220703125,3.3232421875,-1.361328125
0.326,-2.72265625,3.203125,-0.6806640625
0.3265,-3.0029296875,2.642578125,0.16015625
0.327,-3.443359375,2.40234375,0.80078125
0.3275,-3.36328125,1.841796875,1.3212890625
0.328,-3.443359375,1.4013671875,1.8818359375
0.3285,-3.203125,0.6005859375,2.40234375
0.329,-3.0830078125,-0.0400390625,2.9228515625
0.3295,-2.5625,-0.9208984375,3.2431640625
0.33,-2.2021484375,-1.4013671875,3.4833984375
0.3305,-1.521484375,-2.001953125,3.36328125
0.331,-0.80078125,-2.5224609375,3.203125
0.3315,-0.1201171875,-3.04296875,3.04296875
0.332,0.640625,-3.36328125,2.6025390625
0.3325,1.3212890625,-3.7236328125,2.3623046875
0.333,1.7216796875,-3.68359375,1.921875
0.3335,2.2421875,-3.68359375,1.4814453125
0.334,2.6025390625,-3.283203125,0.7607421875
0.3345,3.1630859375,-3.1630859375,0.080078125
0.335,3.36328125,-2.482421875,-0.80078125
0.3355,3.68359375,-2.2421875,-1.3212890625
0.336,3.5234375,-1.6015625,-1.841796875
0.3365,3.4833984375,-1.041015625,-2.322265625
0.337,3.2431640625,-0.3203125,-2.8427734375
0.3375,2.962890625,0.3203125,-3.2431640625
0.338,2.5224609375,1.12109375,-3.603515625
0.3385,2.001953125,1.6015625,-3.5634765625
0.339,1.361328125,2.2021484375,-3.5634765625
0.3395,0.560546875,2.6025390625,-3.203125
0.34,-0.0400390625,3.1630859375,-3.123046875
0.3405,-0.9208984375,3.443359375,-2.5625
0.341,-1.44140625,3.68359375,-2.3623046875
0.3415,-1.8017578125,3.5234375,-1.8017578125
0.342,-2.2822265625,3.5234375,-1.361328125
0.3425,-2.642578125,3.123046875,-0.6005859375
0.343,-3.123046875,2.802734375,0.1201171875
0.3435,-3.4033203125,2.2421875,0.9609375
0.344,-3.5234375,1.8818359375,1.44140625
0.3445,-3.443359375,1.2412109375,2.001953125
0.345,-3.2431640625,0.6005859375,2.40234375
0.3455,-3.0830078125,-0.080078125,2.962890625
0.346,-2.6025390625,-0.8408203125,3.283203125
0.3465,-2.2421875,-1.4814453125,3.5634765625
0.347,-1.521484375,-1.9619140625,3.36328125
0.3475,-0.9609375,-2.5625,3.36328125
0.348,-0.1201171875,-2.962890625,3.0029296875
0.3485,0.5205078125,-3.443359375,2.8427734375
0.349,1.4013671875,-3.7236328125,2.2822265625
0.3495,1.76171875,-3.8037109375,2.001953125
0.35,2.2421875,-3.68359375,1.4013671875
0.3505,2.6826171875,-3.4833984375,0.880859375
0.351,3.123046875,-3.1630859375,0.1201171875
0.3515,3.443359375,-2.642578125,-0.640625
0.352,3.7236328125,-2.2021484375,-1.44140625
0.3525,3.603515625,-1.681640625,-1.841796875
0.353,3.6435546875,-1.1611328125,-2.40234375
0.3535,3.283203125,-0.4404296875,-2.8427734375
0.354,3.123046875,0.240234375,-3.283203125
0.3545,2.5625,1.0810546875,-3.603515625
0.355,2.162109375,1.6015625,-3.763671875
0.3555,1.4013671875,2.162109375,-3.5234375
0.356,0.7607421875,2.6826171875,-3.4833984375
0.3565,0.0,3.0830078125,-3.0830078125
0.357,-0.6806640625,3.443359375,-2.802734375
0.3575,-1.4814453125,3.763671875,-2.322265625
0.358,-1.8017578125,3.6435546875,-1.9619140625
0.3585,-2.3623046875,3.603515625,-1.361328125
0.359,-2.6826171875,3.203125,-0.6806640625
0.3595,-3.1630859375,3.0029296875,0.0
0.36,-3.4033203125,2.2822265625,0.9208984375
0.3605,-3.6435546875,1.921875,1.521484375
0.361,-3.443359375,1.28125,1.921875
0.3615,-3.4833984375,0.7607421875,2.4423828125
0.362,-3.04296875,0.0,2.8828125
0.3625,-2.802734375,-0.6806640625,3.3232421875
0.363,-2.2421875,-1.5615234375,3.603515625
0.3635,-1.7216796875,-1.9619140625,3.5234375
0.364,-1.0009765625,-2.5224609375,3.4033203125
0.3645,-0.2802734375,-2.962890625,3.1630859375
0.365,0.4404296875,-3.4033203125,2.8828125
0.3655,1.2412109375,-3.68359375,2.40234375
0.366,1.921875,-3.923828125,2.001953125
0.3665,2.2021484375,-3.68359375,1.521484375
0.367,2.72265625,-3.7236328125,1.0009765625
0.3675,3.04296875,-3.203125,0.2001953125
0.368,3.4833984375,-2.9228515625,-0.48046875
0.3685,3.68359375,-2.2421875,-1.4013671875
0.369,3.8037109375,-1.8818359375,-1.841796875
0.3695,3.5634765625,-1.1611328125,-2.3623046875
0.37,3.5234375,-0.6005859375,-2.8427734375
0.3705,3.1630859375,0.16015625,-3.2431640625
0.371,2.7626953125,0.880859375,-3.603515625
0.3715,2.2822265625,1.6416015625,-3.8837890625
0.372,1.5615234375,2.0419921875,-3.6435546875
0.3725,0.9208984375,2.6826171875,-3.603515625
0.373,0.080078125,3.04296875,-3.203125
0.3735,-0.6005859375,3.5234375,-2.962890625
0.374,-1.4013671875,3.763671875,-2.4423828125
0.3745,-1.921875,3.8837890625,-2.0419921875
0.375,-2.2822265625,3.5634765625,-1.44140625
0.3755,-2.802734375,3.5634765625,-0.9208984375
0.376,-3.0830078125,2.962890625,-0.0400390625
0.3765,-3.5234375,2.6025390625,0.6806640625
0.377,-3.763671875,1.921875,1.6015625
0.3775,-3.6435546875,1.4013671875,1.9619140625
0.378,-3.5634765625,0.720703125,2.5224609375
0.3785,-3.2431640625,0.080078125,2.962890625
0.379,-2.9228515625,-0.640625,3.4033203125
0.3795,-2.40234375,-1.44140625,3.68359375
0.38,-1.8818359375,-2.08203125,3.84375
0.3805,-1.041015625,-2.5224609375,3.443359375
0.381,-0.3603515625,-3.203125,3.4833984375
0.3815,0.48046875,-3.4833984375,2.8828125
0.382,1.201171875,-3.8837890625,2.642578125
0.3825,2.0419921875,-4.1240234375,2.001953125
0.383,2.482421875,-4.00390625,1.5615234375
0.3835,2.9228515625,-3.763671875,0.880859375
0.384,3.3232421875,-3.5234375,0.2802734375
0.3845,3.6435546875,-2.9228515625,-0.6005859375
0.385,3.8837890625,-2.4423828125,-1.4013671875
0.3855,4.1240234375,-1.8017578125,-2.2822265625
0.386,3.763671875,-1.1611328125,-2.6025390625
0.3865,3.763671875,-0.48046875,-3.203125
0.387,3.2431640625,0.3203125,-3.5234375
0.3875,2.8828125,1.0810546875,-3.8837890625
0.388,2.2421875,1.9619140625,-4.1240234375
0.3885,1.5615234375,2.5224609375,-4.083984375
0.389,0.720703125,2.962890625,-3.68359375
0.3895,0.0,3.5234375,-3.5634765625
0.39,-1.0009765625,3.8037109375,-2.8828125
0.3905,-1.6416015625,4.083984375,-2.5224609375
0.391,-2.482421875,4.2041015625,-1.841796875
0.3915,-2.802734375,3.84375,-1.201171875
0.392,-3.2431640625,3.68359375,-0.640625
0.3925,-3.5634765625,3.123046875,0.240234375
0.393,-3.84375,2.5224609375,1.041015625
0.3935,-4.00390625,1.8818359375,1.921875
0.394,-4.1240234375,1.201171875,2.5625
0.3945,-3.5634765625,0.48046875,2.8828125
0.395,-3.5634765625,-0.080078125,3.5234375
0.3955,-2.8427734375,-1.041015625,3.68359375
0.396,-2.40234375,-1.76171875,3.9638671875
0.3965,-1.6416015625,-2.6025390625,4.1240234375
0.397,-0.9208984375,-3.0029296875,3.8037109375
0.3975,-0.1201171875,-3.443359375,3.4833984375
0.398,0.640625,-3.8837890625,3.1630859375
0.3985,1.6015625,-4.083984375,2.4423828125
0.399,2.2421875,-4.244140625,2.001953125
0.3995,2.9228515625,-4.32421875,1.4013671875
0.4,3.1630859375,-3.8037109375,0.6806640625
0.4005,3.68359375,-3.7236328125,0.1201171875
0.401,3.84375,-3.0029296875,-0.80078125
0.4015,4.1240234375,-2.5224609375,-1.521484375
0.402,4.2041015625,-1.8017578125,-2.3623046875
0.4025,4.1240234375,-1.1611328125,-2.8828125
0.403,3.68359375,-0.3203125,-3.203125
0.4035,3.5634765625,0.240234375,-3.7236328125
0.404,2.8427734375,1.201171875,-3.9638671875
0.4045,2.40234375,1.841796875,-4.2041015625
0.405,1.7216796875,2.642578125,-4.32421875
0.4055,0.880859375,3.0029296875,-3.84375
0.406,0.1201171875,3.5634765625,-3.7236328125
0.4065,-0.80078125,3.8837890625,-3.1630859375
0.407,-1.6416015625,4.1240234375,-2.6025390625
0.4075,-2.2822265625,4.244140625,-2.08203125
0.408,-2.8828125,4.2041015625,-1.4814453125
0.4085,-3.1630859375,3.68359375,-0.720703125
0.409,-3.68359375,3.5634765625,-0.080078125
0.4095,-3.84375,2.642578125,0.9609375
0.41,-4.1640625,2.2421875,1.6015625
0.4105,-4.1640625,1.4814453125,2.482421875
0.411,-3.8837890625,0.7607421875,2.8828125
0.4115,-3.5634765625,0.0,3.3232421875
0.412,-3.2431640625,-0.6806640625,3.7236328125
0.4125,-2.5224609375,-1.6416015625,4.00390625
0.413,-2.001953125,-2.2822265625,4.1240234375
0.4135,-1.28125,-2.962890625,4.1240234375
0.414,-0.3603515625,-3.283203125,3.5634765625
0.4145,0.3203125,-3.84375,3.443359375
0.415,1.4013671875,-4.083984375,2.6826171875
0.4155,2.08203125,-4.32421875,2.2021484375
0.416,2.6826171875,-4.2841796875,1.6015625
0.4165,3.1630859375,-4.1240234375,1.041015625
0.417,3.443359375,-3.68359375,0.2802734375
0.4175,3.8837890625,-3.4833984375,-0.400390625
0.418,4.00390625,-2.5625,-1.44140625
0.4185,4.244140625,-2.1220703125,-2.001953125
0.419,4.2041015625,-1.361328125,-2.72265625
0.4195,3.84375,-0.640625,-3.0830078125
0.42,3.603515625,0.0,-3.5634765625
0.4205,3.123046875,0.880859375,-3.8837890625
0.421,2.5224609375,1.681640625,-4.1640625
0.4215,1.921875,2.2822265625,-4.2041015625
0.422,1.2412109375,2.8828125,-4.1240234375
0.4225,0.3203125,3.203125,-3.5634765625
0.423,-0.3203125,3.8037109375,-3.5234375
0.4235,-1.3212890625,3.9638671875,-2.642578125
0.424,-1.9619140625,4.1640625,-2.3623046875
0.4245,-2.5625,4.1240234375,-1.7216796875
0.425,-2.9228515625,3.84375,-1.12109375
0.4255,-3.3232421875,3.4833984375,-0.400390625
0.426,-3.7236328125,3.04296875,0.3603515625
0.4265,-3.923828125,2.2822265625,1.361328125
0.427,-4.0439453125,1.921875,1.921875
0.4275,-4.0439453125,1.201171875,2.6025390625
0.428,-3.5634765625,0.4404296875,2.9228515625
0.4285,-3.4833984375,-0.2001953125,3.5234375
0.429,-2.802734375,-1.1611328125,3.763671875
0.4295,-2.322265625,-1.8818359375,4.083984375
0.43,-1.6416015625,-2.5224609375,3.9638671875
0.4305,-0.9208984375,-3.0830078125,3.84375
0.431,0.0,-3.443359375,3.36328125
0.4315,0.6806640625,-3.923828125,3.203125
0.432,1.7216796875,-4.1240234375,2.3623046875
0.4325,2.2421875,-4.32421875,2.0419921875
0.433,2.8427734375,-4.244140625,1.4013671875
0.4335,3.1630859375,-3.8837890625,0.720703125
0.434,3.5634765625,-3.603515625,0.0
0.4345,3.923828125,-2.9228515625,-0.880859375
0.435,4.1240234375,-2.2822265625,-1.76171875
0.4355,4.1640625,-1.76171875,-2.2822265625
0.436,4.1240234375,-1.041015625,-2.8828125
0.4365,3.6435546875,-0.2802734375,-3.2431640625
0.437,3.5234375,0.3603515625,-3.8037109375
0.4375,2.72265625,1.4013671875,-4.0439453125
0.438,2.322265625,2.0419921875,-4.2841796875
0.4385,1.521484375,2.642578125,-4.1240234375
0.439,0.6806640625,3.1630859375,-3.84375
0.4395,-0.16015625,3.5634765625,-3.443359375
0.44,-1.0009765625,4.00390625,-3.0830078125
0.4405,-1.9619140625,4.1640625,-2.322265625
0.441,-2.3623046875,4.1640625,-1.9619140625
0.4415,-2.962890625,4.0439453125,-1.28125
0.442,-3.2431640625,3.5634765625,-0.5205078125
0.4425,-3.7236328125,3.3232421875,0.16015625
0.443,-3.923828125,2.482421875,1.2412109375
0.4435,-4.1640625,1.9619140625,1.9619140625
0.444,-4.00390625,1.28125,2.482421875
0.4445,-3.84375,0.6005859375,3.0029296875
0.445,-3.36328125,-0.2001953125,3.36328125
0.4455,-3.0830078125,-0.9208984375,3.8037109375
0.446,-2.2822265625,-1.921875,4.00390625
0.4465,-1.8017578125,-2.4423828125,4.083984375
0.447,-1.0009765625,-2.962890625,3.84375
0.4475,-0.16015625,-3.36328125,3.4833984375
0.448,0.6005859375,-3.8037109375,3.1630859375
0.4485,1.4814453125,-4.083984375,2.5625
0.449,2.2421875,-4.32421875,1.9619140625
0.4495,2.6025390625,-4.1240234375,1.521484375
0.45,3.123046875,-4.00390625,0.880859375
0.4505,3.36328125,-3.443359375,0.1201171875
0.451,3.84375,-3.2431640625,-0.5205078125
0.4515,3.923828125,-2.322265625,-1.4814453125
0.452,4.1640625,-2.001953125,-2.001953125
0.4525,3.9638671875,-1.28125,-2.5625
0.453,3.763671875,-0.6806640625,-2.9228515625
0.4535,3.36328125,0.080078125,-3.36328125
0.454,3.04296875,0.7607421875,-3.7236328125
0.4545,2.482421875,1.6015625,-4.00390625
0.455,1.9619140625,2.0419921875,-3.9638671875
0.4555,1.2412109375,2.642578125,-3.84375
0.456,0.3603515625,3.04296875,-3.443359375
0.4565,-0.2802734375,3.5634765625,-3.283203125
0.457,-1.1611328125,3.763671875,-2.642578125
0.4575,-1.76171875,3.9638671875,-2.40234375
0.458,-2.162109375,3.8037109375,-1.841796875
0.4585,-2.6025390625,3.763671875,-1.28125
0.459,-2.962890625,3.3232421875,-0.5205078125
0.4595,-3.443359375,3.04296875,0.16015625
0.46,-3.6435546875,2.2822265625,1.0810546875
0.4605,-3.84375,2.0419921875,1.5615234375
0.461,-3.7236328125,1.3212890625,2.2021484375
0.4615,-3.5234375,0.6806640625,2.6025390625
0.462,-3.283203125,-0.0400390625,3.1630859375
0.4625,-2.802734375,-0.8408203125,3.4833984375
0.463,-2.40234375,-1.5615234375,3.8037109375
0.4635,-1.76171875,-2.001953125,3.6435546875
0.464,-1.0810546875,-2.6025390625,3.6435546875
0.4645,-0.240234375,-3.0830078125,3.203125
0.465,0.4404296875,-3.6435546875,3.123046875
0.4655,1.3212890625,-3.84375,2.40234375
0.466,1.76171875,-4.0439453125,2.2021484375
0.4665,2.2822265625,-3.84375,1.5615234375
0.467,2.6826171875,-3.7236328125,1.041015625
0.4675,3.1630859375,-3.36328125,0.2802734375
0.468,3.5234375,-2.9228515625,-0.48046875
0.4685,3.763671875,-2.40234375,-1.28125
0.469,3.8037109375,-1.9619140625,-1.7216796875
0.4695,3.763671875,-1.3212890625,-2.2822265625
0.47,3.443359375,-0.640625,-2.72265625
0.4705,3.3232421875,0.0400390625,-3.283203125
0.471,2.7626953125,0.9208984375,-3.5634765625
0.4715,2.4423828125,1.4814453125,-3.8837890625
0.472,1.681640625,1.9619140625,-3.6435546875
0.4725,1.041015625,2.5625,-3.603515625
0.473,0.2001953125,2.9228515625,-3.2431640625
0.4735,-0.48046875,3.443359375,-3.04296875
0.474,-1.28125,3.68359375,-2.5625
0.4745,-1.6416015625,3.763671875,-2.2421875
0.475,-2.2021484375,3.7236328125,-1.6416015625
0.4755,-2.5625,3.4033203125,-1.0009765625
0.476,-3.0830078125,3.1630859375,-0.2802734375
0.4765,-3.36328125,2.5224609375,0.6005859375
0.477,-3.68359375,2.2421875,1.2412109375
0.4775,-3.5634765625,1.6015625,1.681640625
0.478,-3.5634765625,1.12109375,2.2421875
0.4785,-3.203125,0.2802734375,2.72265625
0.479,-3.0830078125,-0.3603515625,3.203125
0.4795,-2.482421875,-1.2412109375,3.5234375
0.48,-2.08203125,-1.681640625,3.6435546875
0.4805,-1.3212890625,-2.2822265625,3.4833984375
0.481,-0.640625,-2.8427734375,3.3232421875
0.4815,0.1201171875,-3.283203125,3.04296875
0.482,0.880859375,-3.6435546875,2.6025390625
0.4825,1.5615234375,-3.923828125,2.2822265625
0.483,1.921875,-3.8037109375,1.841796875
0.4835,2.5224609375,-3.8037109375,1.3212890625
0.484,2.8427734375,-3.36328125,0.6005859375
0.4845,3.3232421875,-3.203125,-0.080078125
0.485,3.5634765625,-2.4423828125,-1.0009765625
0.4855,3.84375,-2.2421875,-1.4814453125
0.486,3.6435546875,-1.4814453125,-2.001953125
0.4865,3.603515625,-1.0009765625,-2.5625
0.487,3.2431640625,-0.16015625,-3.0029296875
0.4875,3.0029296875,0.5205078125,-3.4033203125
0.488,2.5224609375,1.28125,-3.763671875
0.4885,1.9619140625,1.7216796875,-3.6435546875
0.489,1.28125,2.3623046875,-3.603515625
0.4895,0.48046875,2.7626953125,-3.283203125
0.49,-0.16015625,3.2431640625,-3.203125
0.4905,-1.0009765625,3.5234375,-2.6025390625
0.491,-1.521484375,3.8037109375,-2.322265625
0.4915,-1.921875,3.5634765625,-1.8017578125
0.492,-2.40234375,3.603515625,-1.3212890625
0.4925,-2.7626953125,3.123046875,-0.5205078125
0.493,-3.203125,2.8427734375,0.2001953125
0.4935,-3.4833984375,2.2021484375,1.041015625
0.494,-3.5634765625,1.921875,1.44140625
0.4945,-3.4833984375,1.2412109375,2.0419921875
0.495,-3.283203125,0.6005859375,2.482421875
0.4955,-3.0830078125,-0.1201171875,3.0029296875
0.496,-2.6025390625,-0.880859375,3.3232421875
0.4965,-2.2421875,-1.521484375,3.603515625
0.497,-1.5615234375,-1.9619140625,3.36328125
0.4975,-0.9609375,-2.5625,3.4033203125
0.498,-0.1201171875,-3.04296875,2.962890625
0.4985,0.48046875,-3.4833984375,2.8828125
0.499,1.3212890625,-3.7236328125,2.322265625
0.4995,1.7216796875,-3.8037109375,2.1220703125
0.5,2.2021484375,-3.68359375,1.4814453125
0.5005,2.6025390625,-3.5634765625,0.9609375
0.501,3.04296875,-3.1630859375,0.16015625
0.5015,3.4033203125,-2.72265625,-0.6005859375
0.502,3.68359375,-2.2822265625,-1.3212890625
0.5025,3.603515625,-1.841796875,-1.681640625
0.503,3.6435546875,-1.2412109375,-2.2822265625
0.5035,3.3232421875,-0.5205078125,-2.72265625
0.504,3.1630859375,0.16015625,-3.2431640625
0.5045,2.6826171875,0.9609375,-3.5634765625
0.505,2.2822265625,1.44140625,-3.7236328125
0.5055,1.5615234375,1.9619140625,-3.5234375
0.506,0.880859375,2.5224609375,-3.5234375
0.5065,0.0400390625,3.0029296875,-3.123046875
0.507,-0.6005859375,3.4033203125,-2.8828125
0.5075,-1.3212890625,3.7236328125,-2.4423828125
0.508,-1.6416015625,3.6435546875,-2.08203125
0.5085,-2.2021484375,3.603515625,-1.5615234375
0.509,-2.5625,3.2431640625,-0.8408203125
0.5095,-3.0830078125,3.0029296875,-0.080078125
0.51,-3.3232421875,2.40234375,0.720703125
0.5105,-3.603515625,2.0419921875,1.3212890625
0.511,-3.36328125,1.4013671875,1.7216796875
0.5115,-3.4833984375,0.9609375,2.2822265625
0.512,-3.04296875,0.1201171875,2.72265625
0.5125,-2.8828125,-0.5205078125,3.203125
0.513,-2.322265625,-1.3212890625,3.4833984375
0.5135,-1.841796875,-1.8017578125,3.443359375
0.514,-1.1611328125,-2.3623046875,3.3232421875
0.5145,-0.400390625,-2.802734375,3.123046875
0.515,0.2802734375,-3.2431640625,2.8828125
0.5155,0.9609375,-3.5634765625,2.482421875
0.516,1.6015625,-3.8037109375,2.2021484375
0.5165,1.921875,-3.603515625,1.7216796875
0.517,2.4423828125,-3.68359375,1.28125
0.5175,2.7626953125,-3.1630859375,0.4404296875
0.518,3.2431640625,-2.962890625,-0.2001953125
0.5185,3.4833984375,-2.322265625,-1.041015625
0.519,3.6435546875,-2.08203125,-1.44140625
0.5195,3.4833984375,-1.4013671875,-1.9619140625
0.52,3.4833984375,-0.9208984375,-2.4423828125
0.5205,3.1630859375,-0.1201171875,-2.9228515625
0.521,2.8427734375,0.48046875,-3.3232421875
0.5215,2.482421875,1.201171875,-3.6435546875
0.522,1.841796875,1.5615234375,-3.4833984375
0.5225,1.2412109375,2.2822265625,-3.5234375
0.523,0.48046875,2.6826171875,-3.1630859375
0.5235,-0.16015625,3.1630859375,-3.0830078125
0.524,-0.9208984375,3.4833984375,-2.6025390625
0.5245,-1.3212890625,3.6435546875,-2.3623046875
0.525,-1.76171875,3.4833984375,-1.841796875
0.5255,-2.2822265625,3.4833984375,-1.3212890625
0.526,-2.642578125,3.04296875,-0.5205078125
0.5265,-3.0830078125,2.72265625,0.16015625
0.527,-3.36328125,2.2421875,0.9609375
0.5275,-3.4033203125,1.921875,1.28125
0.528,-3.4033203125,1.28125,1.921875
0.5285,-3.203125,0.6005859375,2.3623046875
0.529,-3.0029296875,-0.080078125,2.8828125
0.5295,-2.6025390625,-0.8408203125,3.203125
0.53,-2.2822265625,-1.4013671875,3.4033203125
0.5305,-1.5615234375,-1.841796875,3.203125
0.531,-1.0009765625,-2.4423828125,3.3232421875
0.5315,-0.1201171875,-2.8828125,2.9228515625
0.532,0.48046875,-3.36328125,2.802734375
0.5325,1.2412109375,-3.603515625,2.3623046875
0.533,1.5615234375,-3.6435546875,2.08203125
0.5335,2.0419921875,-3.5634765625,1.521484375
0.534,2.482421875,-3.36328125,0.9609375
0.5345,2.9228515625,-3.0830078125,0.16015625
0.535,3.2431640625,-2.642578125,-0.5205078125
0.5355,3.5634765625,-2.2822265625,-1.1611328125
0.536,3.443359375,-1.8017578125,-1.5615234375
0.5365,3.5634765625,-1.28125,-2.2021484375
0.537,3.203125,-0.5205078125,-2.6025390625
0.5375,3.0830078125,0.1201171875,-3.1630859375
0.538,2.6025390625,0.880859375,-3.5234375
0.5385,2.2421875,1.3212890625,-3.5634765625
0.539,1.4814453125,1.921875,-3.4033203125
0.5395,0.8408203125,2.5224609375,-3.36328125
0.54,0.080078125,2.962890625,-3.0830078125
0.5405,-0.6005859375,3.36328125,-2.8427734375
0.541,-1.28125,3.6435546875,-2.4423828125
0.5415,-1.5615234375,3.5234375,-2.0419921875
0.542,-2.2021484375,3.603515625,-1.5615234375
0.5425,-2.5625,3.1630859375,-0.7607421875
0.543,-3.04296875,2.8828125,-0.0400390625
0.5435,-3.36328125,2.322265625,0.80078125
0.544,-3.5634765625,2.0419921875,1.28125
0.5445,-3.283203125,1.3212890625,1.76171875
0.545,-3.36328125,0.80078125,2.3623046875
0.5455,-2.962890625,-0.0400390625,2.802734375
0.546,-2.7626953125,-0.720703125,3.2431640625
0.5465,-2.2421875,-1.44140625,3.5234375
0.547,-1.6416015625,-1.8818359375,3.36328125
0.5475,-0.9609375,-2.5224609375,3.3232421875
0.548,-0.16015625,-2.9228515625,3.04296875
0.5485,0.48046875,-3.36328125,2.802734375
0.549,1.28125,-3.68359375,2.3623046875
0.5495,1.8017578125,-3.84375,2.001953125
0.55,2.1220703125,-3.5634765625,1.44140625
0.5505,2.6826171875,-3.603515625,0.9609375
0.551,3.0029296875,-3.0029296875,0.080078125
0.5515,3.4033203125,-2.7626953125,-0.6005859375
0.552,3.6435546875,-2.1220703125,-1.4013671875
0.5525,3.6435546875,-1.7216796875,-1.8017578125
0.553,3.4833984375,-1.0810546875,-2.322265625
0.5535,3.3232421875,-0.5205078125,-2.7626953125
0.554,2.9228515625,0.240234375,-3.203125
0.5545,2.6025390625,0.9609375,-3.5634765625
0.555,2.1220703125,1.6416015625,-3.7236328125
0.5555,1.4013671875,2.0419921875,-3.4033203125
0.556,0.7607421875,2.6826171875,-3.4833984375
0.5565,-0.0400390625,3.0029296875,-2.962890625
0.557,-0.640625,3.443359375,-2.802734375
0.5575,-1.44140625,3.68359375,-2.322265625
0.558,-1.8017578125,3.6435546875,-1.9619140625
0.5585,-2.2021484375,3.443359375,-1.361328125
0.559,-2.6826171875,3.3232421875,-0.80078125
0.5595,-3.0029296875,2.802734375,0.0400390625
0.56,-3.36328125,2.4423828125,0.7607421875
0.5605,-3.5634765625,1.921875,1.521484375
0.561,-3.4033203125,1.3212890625,1.841796875
0.5615,-3.4033203125,0.7607421875,2.4423828125
0.562,-3.0830078125,0.0,2.8427734375
0.5625,-2.7626953125,-0.6806640625,3.2431640625
0.563,-2.2822265625,-1.44140625,3.5234375
0.5635,-1.76171875,-1.9619140625,3.5634765625
0.564,-1.0009765625,-2.3623046875,3.2431640625
0.5645,-0.3603515625,-3.0029296875,3.283203125
0.565,0.48046875,-3.283203125,2.72265625
0.5655,1.12109375,-3.7236328125,2.5224609375
0.566,1.841796875,-3.8837890625,1.9619140625
0.5665,2.2021484375,-3.7236328125,1.5615234375
0.567,2.6826171875,-3.603515625,0.9609375
0.5675,3.04296875,-3.203125,0.240234375
0.568,3.36328125,-2.7626953125,-0.5205078125
0.5685,3.68359375,-2.322265625,-1.28125
0.569,3.8037109375,-1.841796875,-1.8818359375
0.5695,3.4833984375,-1.1611328125,-2.2421875
0.57,3.5234375,-0.640625,-2.8828125
0.5705,3.04296875,0.2001953125,-3.1630859375
0.571,2.802734375,0.880859375,-3.5634765625
0.5715,2.2421875,1.6015625,-3.8037109375
0.572,1.5615234375,2.08203125,-3.6435546875
0.5725,0.8408203125,2.5625,-3.4033203125
0.573,0.1201171875,3.123046875,-3.2431640625
0.5735,-0.6806640625,3.4033203125,-2.7626953125
0.574,-1.3212890625,3.7236328125,-2.482421875
0.5745,-1.921875,3.84375,-1.9619140625
0.575,-2.2421875,3.5234375,-1.4013671875
0.5755,-2.802734375,3.5234375,-0.880859375
0.576,-3.0830078125,2.8828125,0.0
0.5765,-3.443359375,2.5224609375,0.7607421875
0.577,-3.603515625,1.921875,1.521484375
0.5775,-3.603515625,1.4013671875,1.9619140625
0.578,-3.36328125,0.6806640625,2.3623046875
0.5785,-3.283203125,0.16015625,2.9228515625
0.579,-2.72265625,-0.6806640625,3.2431640625
0.5795,-2.40234375,-1.361328125,3.603515625
0.58,-1.8017578125,-2.0419921875,3.68359375
0.5805,-1.041015625,-2.4423828125,3.4033203125
0.581,-0.3603515625,-3.04296875,3.283203125
0.5815,0.4404296875,-3.36328125,2.8828125
0.582,1.1611328125,-3.68359375,2.482421875
0.5825,1.841796875,-3.8837890625,2.0419921875
0.583,2.322265625,-3.8837890625,1.6015625
0.5835,2.6025390625,-3.5634765625,0.9609375
0.584,3.1630859375,-3.5234375,0.400390625
0.5845,3.36328125,-2.7626953125,-0.5205078125
0.585,3.763671875,-2.5224609375,-1.1611328125
0.5855,3.84375,-1.8818359375,-1.921875
0.586,3.68359375,-1.3212890625,-2.2822265625
0.5865,3.5234375,-0.6005859375,-2.802734375
0.587,3.283203125,0.0,-3.203125
0.5875,2.802734375,0.8408203125,-3.5634765625
0.588,2.40234375,1.521484375,-3.84375
0.5885,1.76171875,2.1220703125,-3.84375
0.589,0.9609375,2.5224609375,-3.4833984375
0.5895,0.2802734375,3.1630859375,-3.4833984375
0.59,-0.640625,3.443359375,-2.8828125
0.5905,-1.28125,3.8037109375,-2.5625
0.591,-1.8818359375,3.84375,-2.08203125
0.5915,-2.322265625,3.763671875,-1.5615234375
0.592,-2.6826171875,3.4833984375,-0.9208984375
0.5925,-3.203125,3.2431640625,-0.240234375
0.593,-3.4033203125,2.482421875,0.6806640625
0.5935,-3.7236328125,2.162109375,1.3212890625
0.594,-3.84375,1.4814453125,2.0419921875
0.5945,-3.5234375,0.880859375,2.40234375
0.595,-3.4033203125,0.2001953125,2.962890625
0.5955,-2.9228515625,-0.6005859375,3.36328125
0.596,-2.482421875,-1.361328125,3.68359375
0.5965,-1.921875,-2.0419921875,3.8037109375
0.597,-1.2412109375,-2.6025390625,3.7236328125
0.5975,-0.3603515625,-3.0029296875,3.283203125
0.598,0.2802734375,-3.603515625,3.2431640625
0.5985,1.28125,-3.84375,2.482421875
0.599,1.921875,-4.1240234375,2.162109375
0.5995,2.5224609375,-4.083984375,1.5615234375
0.6,2.8828125,-3.84375,0.9609375
0.6005,3.3232421875,-3.5634765625,0.2802734375
0.601,3.68359375,-3.1630859375,-0.5205078125
0.6015,3.923828125,-2.40234375,-1.4814453125
0.602,4.083984375,-1.9619140625,-2.08203125
0.6025,4.0439453125,-1.2412109375,-2.72265625
0.603,3.6435546875,-0.48046875,-3.0830078125
0.6035,3.4833984375,0.16015625,-3.5634765625
0.604,2.8427734375,1.12109375,-3.8837890625
0.6045,2.3623046875,1.8818359375,-4.1640625
0.605,1.6015625,2.482421875,-4.083984375
0.6055,0.8408203125,3.04296875,-3.8837890625
0.606,0.0,3.4033203125,-3.4033203125
0.6065,-0.7607421875,3.8837890625,-3.1630859375
0.607,-1.8017578125,4.083984375,-2.322265625
0.6075,-2.322265625,4.1640625,-1.9619140625
0.608,-2.8828125,4.083984375,-1.28125
0.6085,-3.203125,3.6435546875,-0.640625
0.609,-3.603515625,3.3232421875,0.0400390625
0.6095,-3.8837890625,2.5625,1.0810546875
0.61,-4.1240234375,1.8818359375,1.921875
0.6105,-4.00390625,1.28125,2.482421875
0.611,-3.8837890625,0.640625,3.0029296875
0.6115,-3.36328125,-0.16015625,3.3232421875
0.612,-3.203125,-0.80078125,3.8037109375
0.6125,-2.2822265625,-1.841796875,4.00390625
0.613,-1.841796875,-2.4423828125,4.1240234375
0.6135,-1.0009765625,-2.962890625,3.84375
0.614,-0.2001953125,-3.443359375,3.5634765625
0.6145,0.6005859375,-3.8037109375,3.123046875
0.615,1.4013671875,-4.1640625,2.6826171875
0.6155,2.3623046875,-4.32421875,1.921875
0.616,2.7626953125,-4.2041015625,1.521484375
0.6165,3.283203125,-4.1240234375,0.880859375
0.617,3.5234375,-3.603515625,0.1201171875
0.6175,3.9638671875,-3.36328125,-0.5205078125
0.618,4.1240234375,-2.4423828125,-1.6015625
0.6185,4.32421875,-1.9619140625,-2.2822265625
0.619,4.1240234375,-1.2412109375,-2.7626953125
0.6195,3.9638671875,-0.5205078125,-3.283203125
0.62,3.443359375,0.240234375,-3.603515625
0.6205,3.1630859375,0.9609375,-4.0439453125
0.621,2.3623046875,1.9619140625,-4.244140625
0.6215,1.921875,2.4423828125,-4.2841796875
0.622,1.0009765625,3.04296875,-4.0439453125
0.6225,0.16015625,3.443359375,-3.6435546875
0.623,-0.6005859375,3.8837890625,-3.283203125
0.6235,-1.521484375,4.1240234375,-2.642578125
0.624,-2.3623046875,4.32421875,-2.08203125
0.6245,-2.6826171875,4.1240234375,-1.5615234375
0.625,-3.203125,3.9638671875,-0.9208984375
0.6255,-3.4833984375,3.36328125,-0.1201171875
0.626,-3.923828125,3.0830078125,0.560546875
0.6265,-4.0439453125,2.162109375,1.7216796875
0.627,-4.2041015625,1.681640625,2.2822265625
0.6275,-3.923828125,0.880859375,2.802734375
0.628,-3.7236328125,0.2001953125,3.2431640625
0.6285,-3.203125,-0.6005859375,3.6435546875
0.629,-2.72265625,-1.361328125,3.9638671875
0.6295,-2.001953125,-2.322265625,4.2041015625
0.63,-1.361328125,-2.72265625,3.9638671875
0.6305,-0.6005859375,-3.3232421875,3.84375
0.631,0.2802734375,-3.6435546875,3.3232421875
0.6315,0.9609375,-4.083984375,3.04296875
0.632,1.9619140625,-4.244140625,2.2421875
0.6325,2.6025390625,-4.404296875,1.76171875
0.633,2.962890625,-4.1240234375,1.12109375
0.6335,3.4833984375,-3.9638671875,0.560546875
0.634,3.6435546875,-3.36328125,-0.3203125
0.6345,4.083984375,-2.962890625,-1.0009765625
0.635,4.2041015625,-2.0419921875,-2.0419921875
0.6355,4.2041015625,-1.6015625,-2.482421875
0.636,3.9638671875,-0.80078125,-3.04296875
0.6365,3.68359375,-0.1201171875,-3.443359375
0.637,3.283203125,0.6005859375,-3.84375
0.6375,2.6826171875,1.44140625,-4.1240234375
0.638,2.162109375,2.2421875,-4.3642578125
0.6385,1.3212890625,2.642578125,-4.00390625
0.639,0.6005859375,3.283203125,-3.8837890625
0.6395,-0.2802734375,3.5634765625,-3.3232421875
0.64,-1.0009765625,4.00390625,-3.123046875
0.6405,-2.001953125,4.1640625,-2.2822265625
0.641,-2.482421875,4.2041015625,-1.921875
0.6415,-2.8828125,3.8837890625,-1.201171875
0.642,-3.36328125,3.68359375,-0.6005859375
0.6425,-3.603515625,3.1630859375,0.2802734375
0.643,-3.923828125,2.6025390625,1.0810546875
0.6435,-4.1640625,1.8818359375,2.08203125
0.644,-4.00390625,1.28125,2.482421875
0.6445,-3.84375,0.560546875,3.0830078125
0.645,-3.4033203125,-0.240234375,3.443359375
0.6455,-3.0830078125,-0.9609375,3.84375
0.646,-2.322265625,-1.8818359375,4.083984375
0.6465,-1.8017578125,-2.5625,4.2041015625
0.647,-0.9208984375,-2.9228515625,3.763671875
0.6475,-0.16015625,-3.5634765625,3.68359375
0.648,0.720703125,-3.84375,3.04296875
0.6485,1.4013671875,-4.2041015625,2.7626953125
0.649,2.482421875,-4.4443359375,1.921875
0.6495,2.8427734375,-4.2841796875,1.4013671875
0.65,3.283203125,-4.0439453125,0.720703125
0.6505,3.6435546875,-3.603515625,0.0
0.651,3.9638671875,-3.0830078125,-0.7607421875
0.6515,4.1640625,-2.4423828125,-1.6416015625
0.652,4.404296875,-1.8017578125,-2.5224609375
0.6525,4.00390625,-1.041015625,-2.802734375
0.653,3.923828125,-0.3603515625,-3.4833984375
0.6535,3.3232421875,0.4404296875,-3.68359375
0.654,3.04296875,1.12109375,-4.1240234375
0.6545,2.2421875,2.1220703125,-4.32421875
0.655,1.6416015625,2.642578125,-4.244140625
0.6555,0.720703125,3.123046875,-3.84375
0.656,0.0,3.6435546875,-3.6435546875
0.6565,-0.8408203125,3.84375,-3.0830078125
0.657,-1.6015625,4.1240234375,-2.642578125
0.6575,-2.5224609375,4.32421875,-1.9619140625
0.658,-2.8427734375,3.9638671875,-1.361328125
0.6585,-3.3232421875,3.84375,-0.6806640625
0.659,-3.5634765625,3.2431640625,0.080078125
0.6595,-3.923828125,2.8427734375,0.880859375
0.66,-4.0439453125,2.0419921875,1.8017578125
0.6605,-4.1640625,1.521484375,2.482421875
0.661,-3.7236328125,0.6806640625,2.8427734375
0.6615,-3.68359375,0.080078125,3.36328125
0.662,-3.0029296875,-0.80078125,3.603515625
0.6625,-2.642578125,-1.4814453125,3.9638671875
0.663,-1.921875,-2.40234375,4.1240234375
0.6635,-1.2412109375,-2.7626953125,3.84375
0.664,-0.400390625,-3.283203125,3.603515625
0.6645,0.3603515625,-3.68359375,3.2431640625
0.665,1.12109375,-4.00390625,2.802734375
0.6655,1.921875,-4.2041015625,2.2421875
0.666,2.6025390625,-4.3642578125,1.681640625
0.6665,2.8427734375,-3.84375,1.0810546875
0.667,3.4033203125,-3.84375,0.5205078125
0.6675,3.5634765625,-3.123046875,-0.3203125
0.668,3.923828125,-2.8427734375,-1.0009765625
0.6685,4.083984375,-2.001953125,-1.9619140625
0.669,4.0439453125,-1.5615234375,-2.40234375
0.6695,3.7236328125,-0.7607421875,-2.8427734375
0.67,3.603515625,-0.2001953125,-3.283203125
0.6705,3.123046875,0.6005859375,-3.6435546875
0.671,2.6826171875,1.3212890625,-3.923828125
0.6715,2.1220703125,2.0419921875,-4.1640625
0.672,1.3212890625,2.4423828125,-3.8037109375
0.6725,0.640625,3.123046875,-3.7236328125
0.673,-0.2001953125,3.36328125,-3.203125
0.6735,-0.880859375,3.763671875,-2.962890625
0.674,-1.7216796875,3.9638671875,-2.40234375
0.6745,-2.2021484375,4.0439453125,-1.9619140625
0.675,-2.5625,3.68359375,-1.28125
0.6755,-3.0830078125,3.6435546875,-0.720703125
0.676,-3.36328125,3.0029296875,0.1201171875
0.6765,-3.7236328125,2.642578125,0.880859375
0.677,-3.8837890625,1.921875,1.76171875
0.6775,-3.763671875,1.4013671875,2.08203125
0.678,-3.603515625,0.6806640625,2.6826171875
0.6785,-3.283203125,0.0,3.123046875
0.679,-2.9228515625,-0.7607421875,3.5234375
0.6795,-2.40234375,-1.5615234375,3.8037109375
0.68,-1.8818359375,-2.2021484375,3.8837890625
0.6805,-1.0009765625,-2.5625,3.4833984375
0.681,-0.3603515625,-3.2431640625,3.5234375
0.6815,0.5205078125,-3.5634765625,2.8828125
0.682,1.12109375,-3.923828125,2.6826171875
0.6825,1.9619140625,-4.0439453125,2.0419921875
0.683,2.3623046875,-3.923828125,1.6015625
0.6835,2.802734375,-3.7236328125,0.9609375
0.684,3.203125,-3.4833984375,0.3203125
0.6845,3.4833984375,-2.9228515625,-0.48046875
0.685,3.8037109375,-2.482421875,-1.201171875
0.6855,3.9638671875,-1.921875,-1.921875
0.686,3.6435546875,-1.28125,-2.2421875
0.6865,3.68359375,-0.720703125,-2.8828125
0.687,3.1630859375,0.0400390625,-3.203125
0.6875,2.962890625,0.720703125,-3.603515625
0.688,2.40234375,1.4814453125,-3.84375
0.6885,1.8818359375,1.9619140625,-3.8037109375
0.689,1.0810546875,2.40234375,-3.5234375
0.6895,0.4404296875,3.0029296875,-3.4833984375
0.69,-0.400390625,3.283203125,-3.0029296875
0.6905,-1.0009765625,3.68359375,-2.72265625
0.691,-1.681640625,3.84375,-2.2421875
0.6915,-1.9619140625,3.6435546875,-1.76171875
0.692,-2.5625,3.6435546875,-1.1611328125
0.6925,-2.8828125,3.1630859375,-0.400390625
0.693,-3.3232421875,2.8427734375,0.2802734375
0.6935,-3.5634765625,2.2822265625,1.0810546875
0.694,-3.7236328125,1.921875,1.6015625
0.6945,-3.4033203125,1.1611328125,2.0419921875
0.695,-3.5234375,0.640625,2.6826171875
0.6955,-3.0029296875,-0.240234375,3.04296875
0.696,-2.72265625,-0.880859375,3.4833984375
0.6965,-2.2021484375,-1.6416015625,3.68359375
0.697,-1.6015625,-2.08203125,3.5234375
0.6975,-0.8408203125,-2.72265625,3.4033203125
0.698,-0.080078125,-3.203125,3.1630859375
0.6985,0.640625,-3.5634765625,2.802734375
0.699,1.3212890625,-3.84375,2.4423828125
0.6995,1.921875,-3.9638671875,2.0419921875
0.7,2.2421875,-3.68359375,1.4013671875
0.7005,2.8427734375,-3.7236328125,0.880859375
0.701,3.1630859375,-3.0830078125,0.0
0.7015,3.5634765625,-2.8427734375,-0.640625
0.702,3.8037109375,-2.2021484375,-1.4814453125
0.7025,3.763671875,-1.76171875,-1.921875
0.703,3.5234375,-1.0009765625,-2.4423828125
0.7035,3.443359375,-0.400390625,-2.9228515625
0.704,3.0029296875,0.400390625,-3.3232421875
0.7045,2.642578125,1.0810546875,-3.7236328125
0.705,2.08203125,1.7216796875,-3.84375
0.7055,1.361328125,2.162109375,-3.5634765625
0.706,0.6806640625,2.7626953125,-3.5634765625
0.7065,-0.080078125,3.1630859375,-3.0830078125
0.707,-0.7607421875,3.5234375,-2.8427734375
0.7075,-1.44140625,3.763671875,-2.40234375
0.708,-1.8818359375,3.763671875,-1.9619140625
0.7085,-2.2822265625,3.443359375,-1.3212890625
0.709,-2.7626953125,3.36328125,-0.7607421875
0.7095,-3.0830078125,2.72265625,0.1201171875
0.71,-3.4833984375,2.482421875,0.7607421875
0.7105,-3.603515625,1.841796875,1.5615234375
0.711,-3.4033203125,1.3212890625,1.8818359375
0.7115,-3.36328125,0.6806640625,2.482421875
0.712,-3.0830078125,0.0,2.8828125
0.7125,-2.7626953125,-0.6806640625,3.283203125
0.713,-2.2822265625,-1.44140625,3.5634765625
0.7135,-1.76171875,-1.9619140625,3.5634765625
0.714,-1.0009765625,-2.4423828125,3.203125
0.7145,-0.400390625,-2.962890625,3.283203125
0.715,0.4404296875,-3.283203125,2.7626953125
0.7155,1.0810546875,-3.7236328125,2.5625
0.716,1.76171875,-3.84375,2.0419921875
0.7165,2.0419921875,-3.7236328125,1.6416015625
0.717,2.5625,-3.5634765625,1.0009765625
0.7175,2.962890625,-3.283203125,0.3603515625
0.718,3.3232421875,-2.8427734375,-0.400390625
0.7185,3.6435546875,-2.4423828125,-1.0810546875
0.719,3.763671875,-1.9619140625,-1.681640625
0.7195,3.5234375,-1.3212890625,-2.08203125
0.72,3.5634765625,-0.720703125,-2.72265625
0.7205,3.123046875,0.0400390625,-3.0830078125
0.721,2.8828125,0.640625,-3.5234375
0.7215,2.3623046875,1.361328125,-3.7236328125
0.722,1.76171875,1.841796875,-3.6435546875
0.7225,0.9609375,2.4423828125,-3.4033203125
0.723,0.3203125,3.0029296875,-3.36328125
0.7235,-0.48046875,3.283203125,-2.8828125
0.724,-1.0810546875,3.6435546875,-2.642578125
0.7245,-1.681640625,3.763671875,-2.2021484375
0.725,-1.9619140625,3.5234375,-1.6416015625
0.7255,-2.5625,3.4833984375,-1.0810546875
0.726,-2.8828125,2.9228515625,-0.240234375
0.7265,-3.2431640625,2.6025390625,0.4404296875
0.727,-3.5234375,2.1220703125,1.201171875
0.7275,-3.5634765625,1.681640625,1.6416015625
0.728,-3.283203125,1.0009765625,2.08203125
0.7285,-3.283203125,0.4404296875,2.6826171875
0.729,-2.7626953125,-0.4404296875,3.0029296875
0.7295,-2.5224609375,-1.0810546875,3.4033203125
0.73,-1.9619140625,-1.76171875,3.4833984375
0.7305,-1.28125,-2.1220703125,3.3232421875
0.731,-0.6005859375,-2.72265625,3.203125
0.7315,0.1201171875,-3.1630859375,2.9228515625
0.732,0.8408203125,-3.4833984375,2.5625
0.7325,1.4013671875,-3.7236328125,2.2421875
0.733,1.921875,-3.763671875,1.841796875
0.7335,2.2421875,-3.4833984375,1.28125
0.734,2.802734375,-3.4833984375,0.6806640625
0.7345,3.04296875,-2.8427734375,-0.1201171875
0.735,3.4833984375,-2.6025390625,-0.720703125
0.7355,3.603515625,-2.0419921875,-1.44140625
0.736,3.5234375,-1.6416015625,-1.8017578125
0.7365,3.36328125,-0.9208984375,-2.322265625
0.737,3.2431640625,-0.3603515625,-2.8427734375
0.7375,2.8828125,0.3603515625,-3.2431640625
0.738,2.5625,0.9609375,-3.5634765625
0.7385,2.001953125,1.5615234375,-3.5634765625
0.739,1.3212890625,2.0419921875,-3.36328125
0.7395,0.6806640625,2.6826171875,-3.4033203125
0.74,-0.080078125,3.04296875,-2.962890625
0.7405,-0.6806640625,3.443359375,-2.802734375
0.741,-1.28125,3.5634765625,-2.40234375
0.7415,-1.681640625,3.5634765625,-2.001953125
0.742,-2.1220703125,3.4033203125,-1.361328125
0.7425,-2.642578125,3.2431640625,-0.80078125
0.743,-2.9228515625,2.6826171875,0.080078125
0.7435,-3.36328125,2.482421875,0.6806640625
0.744,-3.4833984375,1.921875,1.3212890625
0.7445,-3.3232421875,1.4013671875,1.7216796875
0.745,-3.283203125,0.720703125,2.3623046875
0.7455,-3.0029296875,0.0,2.7626953125
0.746,-2.72265625,-0.6806640625,3.1630859375
0.7465,-2.2822265625,-1.28125,3.4033203125
0.747,-1.76171875,-1.8017578125,3.4033203125
0.7475,-1.0009765625,-2.2822265625,3.1630859375
0.748,-0.3603515625,-2.8828125,3.1630859375
0.7485,0.4404296875,-3.203125,2.6826171875
0.749,1.0009765625,-3.603515625,2.5625
0.7495,1.5615234375,-3.68359375,2.0419921875
0.75,1.921875,-3.603515625,1.6416015625
0.7505,2.482421875,-3.4833984375,1.0009765625
0.751,2.8828125,-3.1630859375,0.2802734375
0.7515,3.2431640625,-2.72265625,-0.400390625
0.752,3.5234375,-2.3623046875,-1.041015625
0.7525,3.5634765625,-1.921875,-1.6015625
0.753,3.4033203125,-1.28125,-2.001953125
0.7535,3.443359375,-0.6806640625,-2.642578125
0.754,2.962890625,0.0400390625,-3.0830078125
0.7545,2.802734375,0.7607421875,-3.4833984375
0.755,2.2421875,1.361328125,-3.5634765625
0.7555,1.6416015625,1.921875,-3.4833984375
0.756,0.880859375,2.482421875,-3.3232421875
0.7565,0.240234375,2.962890625,-3.203125
0.757,-0.560546875,3.283203125,-2.7626953125
0.7575,-1.12109375,3.5634765625,-2.5625
0.758,-1.6416015625,3.6435546875,-2.08203125
0.7585,-2.001953125,3.443359375,-1.5615234375
0.759,-2.6025390625,3.36328125,-0.9208984375
0.7595,-2.9228515625,2.802734375,-0.0400390625
0.76,-3.283203125,2.5224609375,0.6005859375
0.7605,-3.443359375,2.001953125,1.28125
0.761,-3.4833984375,1.521484375,1.7216796875
0.7615,-3.2431640625,0.80078125,2.2421875
0.762,-3.203125,0.16015625,2.7626953125
0.7625,-2.642578125,-0.640625,3.1630859375
0.763,-2.40234375,-1.28125,3.4833984375
0.7635,-1.7216796875,-1.8818359375,3.443359375
0.764,-1.041015625,-2.322265625,3.2431640625
0.7645,-0.3603515625,-2.8828125,3.1630859375
0.765,0.4404296875,-3.283203125,2.7626953125
0.7655,1.12109375,-3.603515625,2.4423828125
0.766,1.6015625,-3.7236328125,2.0419921875
0.7665,2.08203125,-3.7236328125,1.6015625
0.767,2.482421875,-3.4033203125,0.9609375
0.7675,3.0029296875,-3.283203125,0.3603515625
0.768,3.2431640625,-2.6025390625,-0.5205078125
0.7685,3.6435546875,-2.3623046875,-1.1611328125
0.769,3.6435546875,-1.8017578125,-1.76171875
0.7695,3.5234375,-1.28125,-2.162109375
0.77,3.3232421875,-0.640625,-2.72265625
0.7705,3.123046875,0.080078125,-3.0830078125
0.771,2.6826171875,0.880859375,-3.4833984375
0.7715,2.2421875,1.4013671875,-3.6435546875
0.772,1.6015625,2.001953125,-3.5634765625
0.7725,0.8408203125,2.482421875,-3.3232421875
0.773,0.2001953125,3.04296875,-3.283203125
0.7735,-0.640625,3.3232421875,-2.72265625
0.774,-1.2412109375,3.68359375,-2.5224609375
0.7745,-1.7216796875,3.6435546875,-2.001953125
0.775,-2.162109375,3.5634765625,-1.5615234375
0.7755,-2.5625,3.283203125,-0.8408203125
0.776,-3.04296875,3.04296875,-0.16015625
0.7765,-3.283203125,2.3623046875,0.720703125
0.777,-3.5634765625,2.001953125,1.28125
0.7775,-3.5634765625,1.4013671875,1.8818359375
0.778,-3.36328125,0.7607421875,2.2421875
0.7785,-3.203125,0.16015625,2.8427734375
0.779,-2.7626953125,-0.640625,3.203125
0.7795,-2.40234375,-1.3212890625,3.5634765625
0.78,-1.76171875,-1.841796875,3.5234375
0.7805,-1.1611328125,-2.4423828125,3.443359375
0.781,-0.3203125,-2.8828125,3.123046875
0.7815,0.2802734375,-3.4033203125,3.0029296875
0.782,1.2412109375,-3.603515625,2.3623046875
0.7825,1.7216796875,-3.8837890625,2.1220703125
0.783,2.2421875,-3.763671875,1.5615234375
0.7835,2.5625,-3.603515625,1.041015625
0.784,3.04296875,-3.283203125,0.3603515625
0.7845,3.36328125,-2.8427734375,-0.400390625
0.785,3.6435546875,-2.3623046875,-1.2412109375
0.7855,3.7236328125,-1.9619140625,-1.76171875
0.786,3.68359375,-1.3212890625,-2.2822265625
0.7865,3.36328125,-0.6005859375,-2.6826171875
0.787,3.283203125,0.0,-3.203125
0.7875,2.6826171875,0.880859375,-3.4833984375
0.788,2.3623046875,1.44140625,-3.8037109375
0.7885,1.6416015625,2.0419921875,-3.6435546875
0.789,0.9609375,2.5224609375,-3.5234375
0.7895,0.2001953125,2.962890625,-3.203125
0.79,-0.5205078125,3.4033203125,-2.962890625
0.7905,-1.3212890625,3.68359375,-2.40234375
0.791,-1.7216796875,3.763671875,-2.08203125
0.7915,-2.2822265625,3.68359375,-1.5615234375
0.792,-2.6025390625,3.36328125,-0.9609375
0.7925,-3.0830078125,3.1630859375,-0.2802734375
0.793,-3.3232421875,2.482421875,0.6005859375
0.7935,-3.6435546875,2.08203125,1.28125
0.794,-3.5634765625,1.4814453125,1.76171875
0.7945,-3.5234375,1.0009765625,2.2822265625
0.795,-3.1630859375,0.240234375,2.72265625
0.7955,-2.962890625,-0.400390625,3.203125
0.796,-2.3623046875,-1.28125,3.5234375
0.7965,-1.9619140625,-1.8017578125,3.603515625
0.797,-1.28125,-2.3623046875,3.4833984375
0.7975,-0.5205078125,-2.8427734375,3.2431640625
0.798,0.16015625,-3.283203125,3.04296875
0.7985,0.9609375,-3.603515625,2.5625
0.799,1.7216796875,-3.8837890625,2.2021484375
0.7995,2.08203125,-3.84375,1.76171875
0.8,2.5625,-3.8037109375,1.2412109375
0.8005,2.9228515625,-3.36328125,0.48046875
0.801,3.443359375,-3.203125,-0.16015625
0.8015,3.603515625,-2.4423828125,-1.1611328125
0.802,3.84375,-2.162109375,-1.681640625
0.8025,3.68359375,-1.4013671875,-2.2021484375
0.803,3.603515625,-0.8408203125,-2.642578125
0.8035,3.2431640625,-0.080078125,-3.0830078125
0.804,2.962890625,0.6005859375,-3.4833984375
0.8045,2.40234375,1.44140625,-3.84375
0.805,1.8818359375,1.921875,-3.7236328125
0.8055,1.1611328125,2.5224609375,-3.68359375
0.806,0.3603515625,2.9228515625,-3.3232421875
0.8065,-0.2802734375,3.443359375,-3.1630859375
0.807,-1.201171875,3.68359375,-2.5224609375
0.8075,-1.8017578125,3.923828125,-2.2021484375
0.808,-2.2021484375,3.7236328125,-1.6015625
0.8085,-2.6826171875,3.6435546875,-1.12109375
0.809,-2.962890625,3.1630859375,-0.3203125
0.8095,-3.4833984375,2.8427734375,0.400390625
0.81,-3.7236328125,2.0419921875,1.3212890625
0.8105,-3.8037109375,1.7216796875,1.841796875
0.811,-3.603515625,0.9609375,2.40234375
0.8115,-3.36328125,0.3203125,2.8427734375
0.812,-3.0830078125,-0.400390625,3.3232421875
0.8125,-2.5625,-1.2412109375,3.603515625
0.813,-2.0419921875,-1.9619140625,3.84375
0.8135,-1.28125,-2.40234375,3.603515625
0.814,-0.640625,-3.0029296875,3.5234375
0.8145,0.240234375,-3.36328125,3.04296875
0.815,0.9208984375,-3.84375,2.8427734375
0.8155,1.921875,-4.0439453125,2.08203125
0.816,2.40234375,-4.1240234375,1.7216796875
0.8165,2.8427734375,-3.8837890625,1.0810546875
0.817,3.2431640625,-3.7236328125,0.48046875
0.8175,3.5634765625,-3.203125,-0.3203125
0.818,3.8837890625,-2.6826171875,-1.201171875
0.8185,4.1240234375,-1.9619140625,-2.08203125
0.819,3.9638671875,-1.3212890625,-2.482421875
0.8195,3.84375,-0.640625,-3.0830078125
0.82,3.4033203125,0.080078125,-3.4033203125
0.8205,3.123046875,0.80078125,-3.84375
0.821,2.40234375,1.76171875,-4.1240234375
0.8215,1.841796875,2.40234375,-4.2041015625
0.822,0.9609375,2.8427734375,-3.763671875
0.8225,0.240234375,3.443359375,-3.7236328125
0.823,-0.640625,3.68359375,-3.0830078125
0.8235,-1.361328125,4.083984375,-2.72265625
0.824,-2.3623046875,4.2041015625,-1.9619140625
0.8245,-2.72265625,4.00390625,-1.44140625
0.825,-3.203125,3.763671875,-0.80078125
0.8255,-3.4833984375,3.36328125,-0.0400390625
0.826,-3.84375,2.802734375,0.6806640625
0.8265,-4.00390625,2.1220703125,1.6416015625
0.827,-4.1640625,1.44140625,2.4423828125
0.8275,-3.7236328125,0.720703125,2.7626953125
0.828,-3.68359375,0.1201171875,3.3232421875
0.8285,-3.04296875,-0.720703125,3.5634765625
0.829,-2.6826171875,-1.44140625,3.923828125
0.8295,-1.921875,-2.40234375,4.1240234375
0.83,-1.2412109375,-2.8828125,3.9638671875
0.8305,-0.400390625,-3.283203125,3.5634765625
0.831,0.3203125,-3.8037109375,3.36328125
0.8315,1.201171875,-4.00390625,2.72265625
0.832,1.921875,-4.244140625,2.2822265625
0.8325,2.8427734375,-4.404296875,1.6015625
0.833,3.04296875,-4.00390625,0.9609375
0.8335,3.5634765625,-3.923828125,0.3603515625
0.834,3.763671875,-3.283203125,-0.4404296875
0.8345,4.1240234375,-2.8427734375,-1.1611328125
0.835,4.244140625,-2.001953125,-2.08203125
0.8355,4.2841796875,-1.44140625,-2.72265625
0.836,3.84375,-0.640625,-3.0830078125
0.8365,3.763671875,-0.0400390625,-3.603515625
0.837,3.123046875,0.80078125,-3.84375
0.8375,2.72265625,1.5615234375,-4.1640625
0.838,2.001953125,2.4423828125,-4.404296875
0.8385,1.201171875,2.8427734375,-4.0439453125
0.839,0.400390625,3.4033203125,-3.84375
0.8395,-0.400390625,3.8037109375,-3.4033203125
0.84,-1.2412109375,4.083984375,-2.8828125
0.8405,-2.0419921875,4.244140625,-2.2822265625
0.841,-2.7626953125,4.32421875,-1.681640625
0.8415,-3.04296875,3.8037109375,-1.0009765625
0.842,-3.603515625,3.763671875,-0.400390625
0.8425,-3.7236328125,2.962890625,0.560546875
0.843,-4.083984375,2.5625,1.28125
0.8435,-4.2041015625,1.7216796875,2.2421875
0.844,-4.083984375,1.12109375,2.72265625
0.8445,-3.68359375,0.2802734375,3.123046875
0.845,-3.4833984375,-0.3203125,3.603515625
0.8455,-2.8427734375,-1.201171875,3.84375
0.846,-2.322265625,-1.9619140625,4.1240234375
0.8465,-1.5615234375,-2.7626953125,4.2041015625
0.847,-0.6806640625,-3.0830078125,3.7236328125
0.8475,0.0,-3.7236328125,3.6435546875
0.848,0.9609375,-3.9638671875,2.962890625
0.8485,1.681640625,-4.244140625,2.5224609375
0.849,2.482421875,-4.404296875,1.8818359375
0.8495,3.04296875,-4.3642578125,1.3212890625
0.85,3.2431640625,-3.84375,0.6005859375
0.8505,3.8037109375,-3.7236328125,0.0
0.851,3.9638671875,-2.8427734375,-1.0009765625
0.8515,4.2041015625,-2.4423828125,-1.6416015625
0.852,4.32421875,-1.6416015625,-2.5625
0.8525,4.00390625,-1.0009765625,-2.9228515625
0.853,3.8037109375,-0.240234375,-3.443359375
0.8535,3.4033203125,0.48046875,-3.763671875
0.854,2.8427734375,1.28125,-4.083984375
0.8545,2.2822265625,2.0419921875,-4.244140625
0.855,1.5615234375,2.72265625,-4.2841796875
0.8555,0.640625,3.0830078125,-3.7236328125
0.856,0.0,3.68359375,-3.7236328125
0.8565,-1.0009765625,3.8837890625,-2.9228515625
0.857,-1.6416015625,4.1640625,-2.6025390625
0.8575,-2.4423828125,4.244140625,-1.921875
0.858,-2.8828125,4.00390625,-1.361328125
0.8585,-3.203125,3.68359375,-0.640625
0.859,-3.6435546875,3.36328125,0.0400390625
0.8595,-3.84375,2.5625,1.041015625
0.86,-4.083984375,2.162109375,1.7216796875
0.8605,-4.1640625,1.4013671875,2.5224609375
0.861,-3.7236328125,0.640625,2.8427734375
0.8615,-3.68359375,0.0,3.443359375
0.862,-3.04296875,-0.8408203125,3.68359375
0.8625,-2.5625,-1.6015625,4.00390625
0.863,-1.921875,-2.3623046875,4.1240234375
0.8635,-1.1611328125,-2.9228515625,3.9638671875
0.864,-0.2802734375,-3.283203125,3.5234375
0.8645,0.400390625,-3.84375,3.4033203125
0.865,1.4013671875,-4.1240234375,2.5625
0.8655,2.0419921875,-4.3642578125,2.2421875
0.866,2.802734375,-4.3642578125,1.5615234375
0.8665,3.123046875,-4.00390625,0.9609375
0.867,3.5634765625,-3.8037109375,0.2802734375
0.8675,3.8837890625,-3.203125,-0.6005859375
0.868,4.1240234375,-2.5625,-1.44140625
0.8685,4.2841796875,-2.001953125,-2.1220703125
0.869,4.2841796875,-1.3212890625,-2.8427734375
0.8695,3.763671875,-0.5205078125,-3.1630859375
0.87,3.7236328125,0.080078125,-3.7236328125
0.8705,2.962890625,1.0810546875,-3.9638671875
0.871,2.5625,1.76171875,-4.244140625
0.8715,1.8017578125,2.5224609375,-4.32421875
0.872,1.0009765625,3.04296875,-4.00390625
0.8725,0.16015625,3.443359375,-3.603515625
0.873,-0.640625,3.8837890625,-3.3232421875
0.8735,-1.6416015625,4.083984375,-2.5625
0.874,-2.2822265625,4.2041015625,-2.2021484375
0.8745,-2.8427734375,4.244140625,-1.5615234375
0.875,-3.123046875,3.763671875,-0.80078125
0.8755,-3.603515625,3.5634765625,-0.16015625
0.876,-3.8837890625,2.7626953125,0.880859375
0.8765,-4.1240234375,2.2421875,1.6015625
0.877,-4.1240234375,1.5615234375,2.2822265625
0.8775,-4.00390625,0.9208984375,2.8427734375
0.878,-3.5234375,0.1201171875,3.1630859375
0.8785,-3.36328125,-0.5205078125,3.68359375
0.879,-2.5625,-1.5615234375,3.923828125
0.8795,-2.1220703125,-2.1220703125,4.1240234375
0.88,-1.3212890625,-2.8427734375,4.0439453125
0.8805,-0.5205078125,-3.203125,3.603515625
0.881,0.2802734375,-3.7236328125,3.3232421875
0.8815,1.12109375,-4.0439453125,2.8427734375
0.882,2.0419921875,-4.1640625,2.2421875
0.8825,2.482421875,-4.244140625,1.76171875
0.883,3.0029296875,-4.1640625,1.201171875
0.8835,3.2431640625,-3.6435546875,0.4404296875
0.884,3.763671875,-3.5234375,-0.1201171875
0.8845,3.8837890625,-2.6025390625,-1.1611328125
0.885,4.1240234375,-2.2822265625,-1.76171875
0.8855,4.083984375,-1.5615234375,-2.4423828125
0.886,3.8837890625,-0.9609375,-2.8427734375
0.8865,3.5234375,-0.16015625,-3.2431640625
0.887,3.283203125,0.4404296875,-3.68359375
0.8875,2.642578125,1.361328125,-3.923828125
0.888,2.2421875,1.921875,-4.083984375
0.8885,1.521484375,2.5224609375,-4.00390625
0.889,0.640625,2.8427734375,-3.5634765625
0.8895,0.0,3.4833984375,-3.4833984375
0.89,-0.8408203125,3.603515625,-2.962890625
0.8905,-1.5615234375,4.00390625,-2.5625
0.891,-2.08203125,3.9638671875,-2.001953125
0.8915,-2.5625,3.8837890625,-1.4814453125
0.892,-2.8828125,3.4833984375,-0.720703125
0.8925,-3.36328125,3.283203125,-0.080078125
0.893,-3.5634765625,2.5224609375,0.8408203125
0.8935,-3.8837890625,2.2421875,1.4013671875
0.894,-3.84375,1.521484375,2.0419921875
0.8945,-3.5634765625,0.9208984375,2.4423828125
0.895,-3.4033203125,0.16015625,3.04296875
0.8955,-2.962890625,-0.6005859375,3.36328125
0.896,-2.5224609375,-1.361328125,3.7236328125
0.8965,-1.9619140625,-1.9619140625,3.763671875
0.897,-1.361328125,-2.5224609375,3.763671875
0.8975,-0.5205078125,-2.9228515625,3.3232421875
0.898,0.0,-3.68359375,3.2431640625
0.8985,1.0810546875,-3.7236328125,2.5625
0.899,1.6015625,-4.00390625,2.3623046875
0.8995,2.2021484375,-3.9638671875,1.76171875
0.9,2.5625,-3.763671875,1.28125
0.9005,3.0029296875,-3.4833984375,0.560546875
0.901,3.4033203125,-3.1630859375,-0.16015625
0.9015,3.68359375,-2.5625,-1.0009765625
0.902,3.84375,-2.2021484375,-1.5615234375
0.9025,3.84375,-1.5615234375,-2.1220703125
0.903,3.5234375,-0.880859375,-2.5625
0.9035,3.4833984375,-0.240234375,-3.1630859375
0.904,2.9228515625,0.6005859375,-3.443359375
0.9045,2.642578125,1.2412109375,-3.84375
0.905,1.9619140625,1.8818359375,-3.7236328125
0.9055,1.3212890625,2.322265625,-3.7236328125
0.906,0.3603515625,2.7626953125,-3.3232421875
0.9065,-0.16015625,3.3232421875,-3.2431640625
0.907,-1.0009765625,3.6435546875,-2.642578125
0.9075,-1.44140625,3.84375,-2.4423828125
0.908,-2.001953125,3.8037109375,-1.8818359375
0.9085,-2.40234375,3.5234375,-1.28125
0.909,-2.9228515625,3.36328125,-0.6005859375
0.9095,-3.203125,2.7626953125,0.2802734375
0.91,-3.603515625,2.40234375,0.9609375
0.9105,-3.6435546875,1.921875,1.5615234375
0.911,-3.603515625,1.3212890625,2.0419921875
0.9115,-3.283203125,0.560546875,2.5625
0.912,-3.203125,-0.0400390625,3.123046875
0.9125,-2.6025390625,-1.0009765625,3.4033203125
0.913,-2.2421875,-1.5615234375,3.6435546875
0.9135,-1.6015625,-2.162109375,3.5634765625
0.914,-0.9208984375,-2.6025390625,3.36328125
0.9145,-0.1201171875,-3.1630859375,3.1630859375
0.915,0.640625,-3.5634765625,2.8427734375
0.9155,1.4013671875,-3.84375,2.40234375
0.916,1.841796875,-3.8837890625,2.0419921875
0.9165,2.3623046875,-3.8837890625,1.521484375
0.917,2.72265625,-3.4833984375,0.80078125
0.9175,3.2431640625,-3.36328125,0.16015625
0.918,3.4833984375,-2.6025390625,-0.720703125
0.9185,3.8037109375,-2.3623046875,-1.3212890625
0.919,3.7236328125,-1.681640625,-1.921875
0.9195,3.6435546875,-1.201171875,-2.322265625
0.92,3.3232421875,-0.400390625,-2.8427734375
0.9205,3.1630859375,0.2001953125,-3.283203125
0.921,2.5625,0.9609375,-3.603515625
0.9215,2.2421875,1.5615234375,-3.763671875
0.922,1.521484375,2.162109375,-3.68359375
0.9225,0.7607421875,2.6025390625,-3.36328125
0.923,0.080078125,3.1630859375,-3.283203125
0.9235,-0.720703125,3.443359375,-2.7626953125
0.924,-1.3212890625,3.8037109375,-2.5224609375
0.9245,-1.7216796875,3.68359375,-2.0419921875
0.925,-2.2421875,3.6435546875,-1.6015625
0.9255,-2.5625,3.2431640625,-0.80078125
0.926,-3.0830078125,3.0830078125,-0.16015625
0.9265,-3.3232421875,2.40234375,0.720703125
0.927,-3.603515625,2.162109375,1.2412109375
0.9275,-3.5234375,1.4814453125,1.841796875
0.928,-3.36328125,0.9208984375,2.2421875
0.9285,-3.203125,0.16015625,2.802734375
0.929,-2.8427734375,-0.5205078125,3.283203125
0.9295,-2.4423828125,-1.3212890625,3.5234375
0.93,-1.8818359375,-1.8017578125,3.443359375
0.9305,-1.28125,-2.322265625,3.4833984375
0.931,-0.4404296875,-2.802734375,3.1630859375
0.9315,0.16015625,-3.36328125,3.0830078125
0.932,1.041015625,-3.5634765625,2.482421875
0.9325,1.521484375,-3.8837890625,2.2822265625
0.933,1.9619140625,-3.7236328125,1.76171875
0.9335,2.40234375,-3.6435546875,1.2412109375
0.934,2.8828125,-3.3232421875,0.5205078125
0.9345,3.283203125,-2.962890625,-0.2001953125
0.935,3.5634765625,-2.4423828125,-1.041015625
0.9355,3.68359375,-2.08203125,-1.4814453125
0.936,3.68359375,-1.4814453125,-2.08203125
0.9365,3.443359375,-0.80078125,-2.5224609375
0.937,3.4833984375,-0.080078125,-3.203125
0.9375,2.802734375,0.640625,-3.4033203125
0.938,2.5224609375,1.2412109375,-3.7236328125
0.9385,1.8017578125,1.8017578125,-3.5634765625
0.939,1.201171875,2.40234375,-3.5634765625
0.9395,0.3603515625,2.8427734375,-3.203125
0.94,-0.2802734375,3.3232421875,-3.0830078125
0.9405,-1.0810546875,3.5634765625,-2.5625
0.941,-1.4814453125,3.68359375,-2.2822265625
0.9415,-2.001953125,3.6435546875,-1.76171875
0.942,-2.40234375,3.36328125,-1.1611328125
0.9425,-2.8828125,3.1630859375,-0.400390625
0.943,-3.203125,2.5625,0.400390625
0.9435,-3.5234375,2.2421875,1.0810546875
0.944,-3.443359375,1.7216796875,1.521484375
0.9445,-3.4833984375,1.2412109375,2.0419921875
0.945,-3.1630859375,0.2802734375,2.40234375
0.9455,-3.0029296875,-0.2001953125,3.04296875
0.946,-2.482421875,-1.041015625,3.3232421875
0.9465,-2.1220703125,-1.521484375,3.4833984375
0.947,-1.44140625,-2.08203125,3.36328125
0.9475,-0.80078125,-2.5625,3.2431640625
0.948,-0.0400390625,-3.0830078125,3.0029296875
0.9485,0.640625,-3.4033203125,2.642578125
0.949,1.3212890625,-3.7236328125,2.3623046875
0.9495,1.681640625,-3.68359375,1.9619140625
0.95,2.2021484375,-3.7236328125,1.521484375
0.9505,2.5625,-3.283203125,0.80078125
0.951,3.0830078125,-3.203125,0.16015625
0.9515,3.3232421875,-2.5625,-0.640625
0.952,3.68359375,-2.40234375,-1.1611328125
0.9525,3.5234375,-1.7216796875,-1.681640625
0.953,3.443359375,-1.3212890625,-2.08203125
0.9535,3.2431640625,-0.5205078125,-2.72265625
0.954,3.04296875,0.1201171875,-3.203125
0.9545,2.6826171875,0.9609375,-3.5634765625
0.955,2.2021484375,1.4013671875,-3.5634765625
0.9555,1.5615234375,2.001953125,-3.5634765625
0.956,0.7607421875,2.5224609375,-3.283203125
0.9565,0.16015625,3.04296875,-3.203125
0.957,-0.640625,3.3232421875,-2.72265625
0.9575,-1.1611328125,3.68359375,-2.5625
0.958,-1.5615234375,3.5234375,-2.08203125
0.9585,-2.0419921875,3.5634765625,-1.6416015625
0.959,-2.482421875,3.1630859375,-0.8408203125
0.9595,-2.962890625,2.9228515625,-0.16015625
0.96,-3.2431640625,2.40234375,0.640625
0.9605,-3.443359375,2.162109375,1.0810546875
0.961,-3.4033203125,1.521484375,1.6416015625
0.9615,-3.283203125,0.880859375,2.162109375
0.962,-3.0830078125,0.16015625,2.6826171875
0.9625,-2.72265625,-0.5205078125,3.0830078125
0.963,-2.4423828125,-1.1611328125,3.4033203125
0.9635,-1.8017578125,-1.6416015625,3.2431640625
0.964,-1.2412109375,-2.2421875,3.36328125
0.9645,-0.400390625,-2.6826171875,3.0029296875
0.965,0.2001953125,-3.203125,2.9228515625
0.9655,1.0009765625,-3.5234375,2.4423828125
0.966,1.4013671875,-3.7236328125,2.2822265625
0.9665,1.841796875,-3.603515625,1.76171875
0.967,2.2822265625,-3.4833984375,1.2412109375
0.9675,2.7626953125,-3.203125,0.48046875
0.968,3.123046875,-2.802734375,-0.2001953125
0.9685,3.5234375,-2.4423828125,-0.9609375
0.969,3.4833984375,-2.001953125,-1.361328125
0.9695,3.5234375,-1.5615234375,-1.921875
0.97,3.283203125,-0.80078125,-2.40234375
0.9705,3.203125,-0.16015625,-2.962890625
0.971,2.72265625,0.6005859375,-3.283203125
0.9715,2.482421875,1.201171875,-3.5634765625
0.972,1.76171875,1.7216796875,-3.4033203125
0.9725,1.1611328125,2.2822265625,-3.4833984375
0.973,0.3603515625,2.802734375,-3.1630859375
0.9735,-0.3203125,3.203125,-2.962890625
0.974,-1.0009765625,3.5634765625,-2.5625
0.9745,-1.361328125,3.5634765625,-2.2822265625
0.975,-1.9619140625,3.603515625,-1.76171875
0.9755,-2.322265625,3.283203125,-1.0810546875
0.976,-2.8828125,3.0830078125,-0.3603515625
0.9765,-3.1630859375,2.5224609375,0.48046875
0.977,-3.5234375,2.2421875,1.0810546875
0.9775,-3.36328125,1.5615234375,1.521484375
0.978,-3.4033203125,1.12109375,2.08203125
0.9785,-3.0830078125,0.2802734375,2.6025390625
0.979,-2.8828125,-0.3603515625,3.123046875
0.9795,-2.4423828125,-1.201171875,3.443359375
0.98,-1.9619140625,-1.6416015625,3.443359375
0.9805,-1.2412109375,-2.2021484375,3.3232421875
0.981,-0.5205078125,-2.72265625,3.1630859375
0.9815,0.16015625,-3.203125,2.9228515625
0.982,0.9609375,-3.5634765625,2.5224609375
0.9825,1.5615234375,-3.8037109375,2.162109375
0.983,1.921875,-3.603515625,1.7216796875
0.9835,2.482421875,-3.68359375,1.2412109375
0.984,2.802734375,-3.203125,0.4404296875
0.9845,3.283203125,-3.0029296875,-0.2001953125
0.985,3.5234375,-2.322265625,-1.12109375
0.9855,3.68359375,-2.0419921875,-1.5615234375
0.986,3.4833984375,-1.3212890625,-2.08203125
0.9865,3.443359375,-0.80078125,-2.5625
0.987,3.123046875,0.0,-3.0029296875
0.9875,2.802734375,0.640625,-3.4033203125
0.988,2.3623046875,1.4013671875,-3.7236328125
0.9885,1.7216796875,1.841796875,-3.5234375
0.989,1.12109375,2.40234375,-3.5634765625
0.9895,0.2802734375,2.8427734375,-3.1630859375
0.99,-0.3203125,3.3232421875,-2.962890625
0.9905,-1.1611328125,3.5634765625,-2.482421875
0.991,-1.6416015625,3.7236328125,-2.162109375
0.9915,-1.9619140625,3.4833984375,-1.6015625
0.992,-2.5224609375,3.4833984375,-1.12109375
0.9925,-2.8427734375,3.0029296875,-0.2802734375
0.993,-3.2431640625,2.6826171875,0.400390625
0.9935,-3.5634765625,2.0419921875,1.2412109375
0.994,-3.5234375,1.6416015625,1.5615234375
0.9945,-3.443359375,1.0009765625,2.2021484375
0.995,-3.203125,0.3603515625,2.6025390625
0.9955,-2.9228515625,-0.3603515625,3.123046875
0.996,-2.4423828125,-1.1611328125,3.4033203125
0.9965,-2.001953125,-1.7216796875,3.603515625
0.997,-1.28125,-2.162109375,3.3232421875
0.9975,-0.6806640625,-2.7626953125,3.36328125
0.998,0.1201171875,-3.123046875,2.8828125
0.9985,0.80078125,-3.5634765625,2.72265625
0.999,1.6015625,-3.84375,2.2021484375
0.9995,1.921875,-3.8037109375,1.841796875
