wavelength,x,y,z
0.0,3.1680908203125,-5.6405029296875,0.5655517578125
0.0005,1.9669189453125,-5.8807373046875,1.8468017578125
0.001,0.8858642578125,-6.1610107421875,3.1680908203125
0.0015,0.0050048828125,-6.2811279296875,4.1290283203125
0.002,-0.7957763671875,-6.4012451171875,5.0899658203125
0.0025,-1.6365966796875,-5.8807373046875,5.4903564453125
0.003,-2.8377685546875,-4.7996826171875,5.7706298828125
0.0035,-3.9588623046875,-3.7987060546875,6.1309814453125
0.004,-4.8797607421875,-2.6375732421875,6.2110595703125
0.0045,-5.4803466796875,-1.7166748046875,6.2110595703125
0.005,-5.6405029296875,-0.9959716796875,5.9307861328125
0.0055,-5.4403076171875,0.0050048828125,5.1300048828125
0.006,-5.2401123046875,1.1260986328125,4.1290283203125
0.0065,-5.2000732421875,2.3272705078125,3.1280517578125
0.007,-5.0399169921875,3.3682861328125,2.0870361328125
0.0075,-4.8797607421875,4.2491455078125,1.2862548828125
0.008,-4.2791748046875,4.6094970703125,0.4454345703125
0.0085,-3.3182373046875,4.8096923828125,-0.7156982421875
0.009,-2.3172607421875,5.1300048828125,-1.9969482421875
0.0095,-1.2362060546875,5.2901611328125,-3.2781982421875
0.01,-0.4354248046875,5.5704345703125,-4.2791748046875
0.0105,0.3253173828125,5.6505126953125,-5.0799560546875
0.011,1.2862548828125,4.9698486328125,-5.4403076171875
0.0115,2.4874267578125,3.9288330078125,-5.7606201171875
0.012,3.5684814453125,2.9278564453125,-6.1209716796875
0.0125,4.4093017578125,1.8868408203125,-6.1610107421875
0.013,4.9698486328125,1.0860595703125,-6.2410888671875
0.0135,5.0499267578125,0.2852783203125,-5.7606201171875
0.014,4.8497314453125,-0.7156982421875,-4.9598388671875
0.0145,4.8096923828125,-1.7967529296875,-4.1190185546875
0.015,4.7696533203125,-3.0379638671875,-3.0780029296875
0.0155,4.6094970703125,-3.9989013671875,-2.1971435546875
0.016,4.4893798828125,-4.8397216796875,-1.4364013671875
0.0165,3.7686767578125,-5.1600341796875,-0.5155029296875
0.017,2.7276611328125,-5.4002685546875,0.6856689453125
0.0175,1.8468017578125,-5.8406982421875,1.9268798828125
0.018,0.8057861328125,-5.9207763671875,3.1280517578125
0.0185,0.1251220703125,-6.2410888671875,4.1290283203125
0.019,-0.7156982421875,-6.1209716796875,4.8096923828125
0.0195,-1.7967529296875,-5.3602294921875,5.2100830078125
0.02,-2.9178466796875,-4.4393310546875,5.6505126953125
0.0205,-4.0389404296875,-3.3582763671875,5.8907470703125
0.021,-4.7996826171875,-2.4373779296875,6.0108642578125
0.0215,-5.2401123046875,-1.7166748046875,6.0509033203125
0.022,-5.2000732421875,-0.9158935546875,5.4503173828125
0.0225,-5.0799560546875,0.2452392578125,4.5294189453125
0.023,-5.1199951171875,1.2862548828125,3.8087158203125
0.0235,-5.0799560546875,2.4473876953125,2.8077392578125
0.024,-4.9598388671875,3.4483642578125,1.9268798828125
0.0245,-4.6395263671875,4.0089111328125,1.1661376953125
0.025,-3.8787841796875,4.3292236328125,0.2452392578125
0.0255,-2.9178466796875,4.6495361328125,-1.0760498046875
0.026,-1.9569091796875,5.0899658203125,-2.3172607421875
0.0265,-1.1160888671875,5.2901611328125,-3.3983154296875
0.027,-0.3953857421875,5.6104736328125,-4.3992919921875
0.0275,0.5255126953125,5.2501220703125,-4.9197998046875
0.028,1.6466064453125,4.3292236328125,-5.3201904296875
0.0285,2.7677001953125,3.5284423828125,-5.7606201171875
0.029,3.7686767578125,2.4473876953125,-5.9608154296875
0.0295,4.4893798828125,1.5665283203125,-6.1209716796875
0.03,4.8096923828125,0.8458251953125,-5.9608154296875
0.0305,4.7296142578125,0.0050048828125,-5.3201904296875
0.031,4.6094970703125,-1.1160888671875,-4.4793701171875
0.0315,4.6895751953125,-2.3172607421875,-3.5985107421875
0.032,4.6094970703125,-3.3582763671875,-2.6776123046875
0.0325,4.5694580078125,-4.3592529296875,-1.8768310546875
0.033,4.0889892578125,-4.8397216796875,-1.0760498046875
0.0335,3.1680908203125,-5.1600341796875,0.0450439453125
0.034,2.3272705078125,-5.5203857421875,1.2862548828125
0.0345,1.2862548828125,-5.8006591796875,2.5675048828125
0.035,0.5655517578125,-6.1209716796875,3.5684814453125
0.0355,-0.2752685546875,-6.2410888671875,4.4893798828125
0.036,-1.2362060546875,-5.6805419921875,4.9698486328125
0.0365,-2.4373779296875,-4.7196044921875,5.3702392578125
0.037,-3.5584716796875,-3.7586669921875,5.7706298828125
0.0375,-4.4393310546875,-2.7576904296875,5.8907470703125
0.038,-5.1199951171875,-1.9569091796875,6.0509033203125
0.0385,-5.1600341796875,-1.2362060546875,5.6505126953125
0.039,-5.0799560546875,-0.3153076171875,4.8497314453125
0.0395,-5.0799560546875,0.9259033203125,4.0889892578125
0.04,-5.0799560546875,2.1270751953125,3.0479736328125
0.0405,-4.9998779296875,3.1680908203125,2.1671142578125
0.041,-4.8397216796875,3.9688720703125,1.3663330078125
0.0415,-4.1590576171875,4.2491455078125,0.4854736328125
0.042,-3.1580810546875,4.6094970703125,-0.7957763671875
0.0425,-2.2772216796875,5.0899658203125,-2.0369873046875
0.043,-1.2762451171875,5.2501220703125,-3.1981201171875
0.0435,-0.5955810546875,5.5704345703125,-4.1990966796875
0.044,0.3253173828125,5.4102783203125,-4.8797607421875
0.0445,1.3663330078125,4.6094970703125,-5.2801513671875
0.045,2.5675048828125,3.6485595703125,-5.7606201171875
0.0455,3.7286376953125,2.5675048828125,-6.0008544921875
0.046,4.4493408203125,1.6466064453125,-6.1209716796875
0.0465,4.9298095703125,0.9259033203125,-6.1209716796875
0.047,4.8096923828125,0.0850830078125,-5.4803466796875
0.0475,4.6895751953125,-1.0360107421875,-4.5594482421875
0.048,4.7296142578125,-2.1971435546875,-3.7186279296875
0.0485,4.6495361328125,-3.3582763671875,-2.7576904296875
0.049,4.5294189453125,-4.3192138671875,-1.8768310546875
0.0495,4.2091064453125,-4.9998779296875,-1.1561279296875
0.05,3.3682861328125,-5.1600341796875,0.0050048828125
0.0505,2.3673095703125,-5.4803466796875,1.2061767578125
0.051,1.4063720703125,-5.8406982421875,2.5274658203125
0.0515,0.5655517578125,-6.1209716796875,3.5684814453125
0.052,-0.2752685546875,-6.3612060546875,4.5294189453125
0.0525,-1.1561279296875,-5.9207763671875,5.0499267578125
0.053,-2.3572998046875,-4.8797607421875,5.4102783203125
0.0535,-3.5584716796875,-3.9588623046875,5.8907470703125
0.054,-4.5194091796875,-2.8377685546875,6.0108642578125
0.0545,-5.2000732421875,-1.9569091796875,6.0909423828125
0.055,-5.4403076171875,-1.1961669921875,5.8507080078125
0.0555,-5.2801513671875,-0.3153076171875,5.0899658203125
0.056,-5.1600341796875,0.9259033203125,4.0889892578125
0.0565,-5.1600341796875,2.1671142578125,3.1680908203125
0.057,-5.0399169921875,3.2081298828125,2.1671142578125
0.0575,-4.9197998046875,4.0889892578125,1.2862548828125
0.058,-4.2791748046875,4.4893798828125,0.4854736328125
0.0585,-3.2781982421875,4.6895751953125,-0.6756591796875
0.059,-2.3172607421875,5.0899658203125,-2.0369873046875
0.0595,-1.2362060546875,5.3702392578125,-3.3182373046875
0.06,-0.4754638671875,5.5704345703125,-4.3192138671875
0.0605,0.3253173828125,5.6505126953125,-5.1199951171875
0.061,1.3663330078125,4.8897705078125,-5.5203857421875
0.0615,2.6876220703125,3.7686767578125,-5.8406982421875
0.062,3.8087158203125,2.6876220703125,-6.2010498046875
0.0625,4.6094970703125,1.6466064453125,-6.2410888671875
0.063,5.1300048828125,0.8057861328125,-6.2410888671875
0.0635,5.1300048828125,0.0050048828125,-5.7205810546875
0.064,4.9298095703125,-1.1160888671875,-4.7596435546875
0.0645,4.8497314453125,-2.3172607421875,-3.7987060546875
0.065,4.8096923828125,-3.5584716796875,-2.7176513671875
0.0655,4.6094970703125,-4.5594482421875,-1.7967529296875
0.066,4.4493408203125,-5.2801513671875,-0.9959716796875
0.0665,3.5284423828125,-5.4403076171875,0.0050048828125
0.067,2.3673095703125,-5.6405029296875,1.2862548828125
0.0675,1.3262939453125,-6.0408935546875,2.6876220703125
0.068,0.2852783203125,-6.1610107421875,3.8487548828125
0.0685,-0.5155029296875,-6.4012451171875,4.8096923828125
0.069,-1.3162841796875,-6.1209716796875,5.4102783203125
0.0695,-2.5174560546875,-5.0799560546875,5.7706298828125
0.07,-3.7987060546875,-3.9989013671875,6.1309814453125
0.0705,-4.8797607421875,-2.7576904296875,6.3712158203125
0.071,-5.5203857421875,-1.7967529296875,6.3311767578125
0.0715,-5.8406982421875,-0.9959716796875,6.2110595703125
0.072,-5.6405029296875,0.0050048828125,5.4102783203125
0.0725,-5.4002685546875,1.2061767578125,4.1290283203125
0.073,-5.4002685546875,2.4874267578125,3.1280517578125
0.0735,-5.2000732421875,3.6485595703125,1.9268798828125
0.074,-4.9998779296875,4.5294189453125,1.0860595703125
0.0745,-4.4393310546875,5.0499267578125,0.2452392578125
0.075,-3.3983154296875,5.1700439453125,-0.9959716796875
0.0755,-2.0770263671875,5.4102783203125,-2.4373779296875
0.076,-0.9559326171875,5.6905517578125,-3.8387451171875
0.0765,0.0850830078125,5.7305908203125,-4.8397216796875
0.077,0.7657470703125,5.8507080078125,-5.7205810546875
0.0775,1.7667236328125,5.0899658203125,-6.0809326171875
0.078,3.1280517578125,3.7686767578125,-6.3612060546875
0.0785,4.3292236328125,2.6075439453125,-6.6815185546875
0.079,5.2100830078125,1.3262939453125,-6.6414794921875
0.0795,5.6905517578125,0.4454345703125,-6.5614013671875
0.08,5.7305908203125,-0.4754638671875,-6.0809326171875
0.0805,5.4102783203125,-1.5164794921875,-5.0399169921875
0.081,5.1300048828125,-2.8778076171875,-3.7186279296875
0.0815,5.0098876953125,-4.1990966796875,-2.5174560546875
0.082,4.7696533203125,-5.1600341796875,-1.4364013671875
0.0825,4.4493408203125,-5.8807373046875,-0.5955810546875
0.083,3.5684814453125,-6.0809326171875,0.4454345703125
0.0835,2.2471923828125,-6.1209716796875,1.7667236328125
0.084,1.0059814453125,-6.4012451171875,3.2481689453125
0.0845,-0.3153076171875,-6.4412841796875,4.4893798828125
0.085,-0.9959716796875,-6.5614013671875,5.3702392578125
0.0855,-1.7567138671875,-6.3612060546875,6.0509033203125
0.086,-2.9178466796875,-5.3201904296875,6.3712158203125
0.0865,-4.3592529296875,-3.8787841796875,6.5313720703125
0.087,-5.4002685546875,-2.6375732421875,6.7315673828125
0.0875,-6.0809326171875,-1.4764404296875,6.6114501953125
0.088,-6.3612060546875,-0.6356201171875,6.4112548828125
0.0885,-6.2010498046875,0.2852783203125,5.6505126953125
0.089,-5.7606201171875,1.4464111328125,4.3692626953125
0.0895,-5.6004638671875,2.7677001953125,3.1280517578125
0.09,-5.3602294921875,4.1290283203125,1.8468017578125
0.0905,-5.0399169921875,4.9698486328125,0.8458251953125
0.091,-4.5594482421875,5.5303955078125,0.0050048828125
0.0915,-3.5184326171875,5.5704345703125,-1.1160888671875
0.092,-1.9969482421875,5.6104736328125,-2.5975341796875
0.0925,-0.8358154296875,5.9307861328125,-4.0389404296875
0.093,0.3653564453125,5.8106689453125,-5.1199951171875
0.0935,1.0059814453125,5.9307861328125,-5.9207763671875
0.094,1.8468017578125,5.4102783203125,-6.4012451171875
0.0945,3.0880126953125,4.1690673828125,-6.6014404296875
0.095,4.3692626953125,2.8477783203125,-6.8016357421875
0.0955,5.3702392578125,1.5264892578125,-6.8817138671875
0.096,5.8907470703125,0.4854736328125,-6.6815185546875
0.0965,6.0909423828125,-0.4754638671875,-6.4012451171875
0.097,5.7305908203125,-1.3963623046875,-5.4403076171875
0.0975,5.2901611328125,-2.7176513671875,-4.0789794921875
0.098,5.1700439453125,-3.9188232421875,-2.8778076171875
0.0985,4.8897705078125,-5.0399169921875,-1.6365966796875
0.099,4.5294189453125,-5.8406982421875,-0.7156982421875
0.0995,3.9288330078125,-6.2410888671875,0.2052001953125
0.1,2.7677001953125,-6.2811279296875,1.3262939453125
0.1005,1.3262939453125,-6.4012451171875,2.8477783203125
0.101,0.1251220703125,-6.5213623046875,4.2491455078125
0.1015,-0.8758544921875,-6.5614013671875,5.1700439453125
0.102,-1.5565185546875,-6.6014404296875,6.0108642578125
0.1025,-2.5174560546875,-5.7606201171875,6.3311767578125
0.103,-3.8787841796875,-4.4393310546875,6.5313720703125
0.1035,-4.9998779296875,-3.1981201171875,6.7716064453125
0.104,-5.8807373046875,-1.9569091796875,6.6915283203125
0.1045,-6.3211669921875,-0.9959716796875,6.5313720703125
0.105,-6.3211669921875,-0.1951904296875,6.0108642578125
0.1055,-5.9608154296875,0.9259033203125,4.9698486328125
0.106,-5.6405029296875,2.2872314453125,3.6085205078125
0.1065,-5.5203857421875,3.6085205078125,2.4073486328125
0.107,-5.1600341796875,4.6094970703125,1.2862548828125
0.1075,-4.8397216796875,5.3702392578125,0.3653564453125
0.108,-3.9989013671875,5.5704345703125,-0.6356201171875
0.1085,-2.7176513671875,5.6104736328125,-1.8768310546875
0.109,-1.4364013671875,5.8106689453125,-3.3983154296875
0.1095,-0.1551513671875,5.8507080078125,-4.6795654296875
0.11,0.6856689453125,5.9307861328125,-5.6004638671875
0.1105,1.4063720703125,5.8106689453125,-6.2811279296875
0.111,2.5274658203125,4.7696533203125,-6.4813232421875
0.1115,3.8887939453125,3.3282470703125,-6.7215576171875
0.112,4.9698486328125,2.1270751953125,-6.9217529296875
0.1125,5.6505126953125,0.8858642578125,-6.7615966796875
0.113,6.0509033203125,0.0050048828125,-6.6014404296875
0.1135,5.8106689453125,-0.9959716796875,-5.9207763671875
0.114,5.4503173828125,-2.0770263671875,-4.6395263671875
0.1145,5.2501220703125,-3.3983154296875,-3.3983154296875
0.115,5.0899658203125,-4.6795654296875,-2.1170654296875
0.1155,4.7296142578125,-5.6405029296875,-1.0360107421875
0.116,4.3692626953125,-6.2410888671875,-0.2352294921875
0.1165,3.2481689453125,-6.2811279296875,0.8858642578125
0.117,1.8868408203125,-6.4012451171875,2.3272705078125
0.1175,0.6055908203125,-6.6414794921875,3.8087158203125
0.118,-0.5955810546875,-6.6014404296875,4.9298095703125
0.1185,-1.3162841796875,-6.6815185546875,5.8106689453125
0.119,-2.1170654296875,-6.2410888671875,6.3311767578125
0.1195,-3.4383544921875,-4.9998779296875,6.5313720703125
0.12,-4.7596435546875,-3.5985107421875,6.8516845703125
0.1205,-5.7606201171875,-2.3172607421875,6.8917236328125
0.121,-6.3612060546875,-1.2362060546875,6.6514892578125
0.1215,-6.5213623046875,-0.4354248046875,6.3712158203125
0.122,-6.1610107421875,0.6856689453125,5.4102783203125
0.1225,-5.7606201171875,2.0069580078125,3.9688720703125
0.123,-5.6405029296875,3.3282470703125,2.7677001953125
0.1235,-5.3201904296875,4.4893798828125,1.5264892578125
0.124,-4.9598388671875,5.2501220703125,0.5255126953125
0.1245,-4.2791748046875,5.6505126953125,-0.4354248046875
0.125,-3.0780029296875,5.6905517578125,-1.5565185546875
0.1255,-1.6365966796875,5.7706298828125,-3.1180419921875
0.126,-0.4754638671875,5.9307861328125,-4.4793701171875
0.1265,0.6055908203125,5.8907470703125,-5.4403076171875
0.127,1.2462158203125,5.9307861328125,-6.2010498046875
0.1275,2.2071533203125,5.1300048828125,-6.4412841796875
0.128,3.5284423828125,3.6885986328125,-6.6414794921875
0.1285,4.6495361328125,2.4874267578125,-6.9217529296875
0.129,5.4903564453125,1.2061767578125,-6.8016357421875
0.1295,5.9307861328125,0.2052001953125,-6.6414794921875
0.13,5.9307861328125,-0.6356201171875,-6.1209716796875
0.1305,5.5704345703125,-1.5965576171875,-5.0799560546875
0.131,5.2501220703125,-2.9178466796875,-3.7186279296875
0.1315,5.0899658203125,-4.1990966796875,-2.5574951171875
0.132,4.7696533203125,-5.1600341796875,-1.4364013671875
0.1325,4.4893798828125,-5.9207763671875,-0.5955810546875
0.133,3.6085205078125,-6.1209716796875,0.4454345703125
0.1335,2.4073486328125,-6.2010498046875,1.6065673828125
0.134,1.1260986328125,-6.4012451171875,3.0880126953125
0.1345,-0.1951904296875,-6.4412841796875,4.3292236328125
0.135,-0.9959716796875,-6.5213623046875,5.2501220703125
0.1355,-1.5965576171875,-6.4412841796875,5.9307861328125
0.136,-2.6375732421875,-5.5203857421875,6.2110595703125
0.1365,-3.9989013671875,-4.1990966796875,6.4112548828125
0.137,-5.0799560546875,-3.0780029296875,6.6514892578125
0.1375,-5.8006591796875,-1.8768310546875,6.5313720703125
0.138,-6.2010498046875,-0.9959716796875,6.4112548828125
0.1385,-6.0809326171875,0.0050048828125,5.7706298828125
0.139,-5.7205810546875,1.0460205078125,4.6495361328125
0.1395,-5.5604248046875,2.2872314453125,3.5284423828125
0.14,-5.4002685546875,3.6085205078125,2.2872314453125
0.1405,-5.1199951171875,4.5294189453125,1.2862548828125
0.141,-4.7596435546875,5.1700439453125,0.4454345703125
0.1415,-3.8387451171875,5.3302001953125,-0.6356201171875
0.142,-2.5174560546875,5.4102783203125,-1.9569091796875
0.1425,-1.3563232421875,5.7305908203125,-3.3582763671875
0.143,-0.2352294921875,5.7305908203125,-4.5594482421875
0.1435,0.6055908203125,5.8507080078125,-5.4403076171875
0.144,1.3262939453125,5.5303955078125,-5.9207763671875
0.1445,2.5274658203125,4.4093017578125,-6.2410888671875
0.145,3.7686767578125,3.2081298828125,-6.5213623046875
0.1455,4.7696533203125,1.9268798828125,-6.6815185546875
0.146,5.3702392578125,0.9659423828125,-6.5614013671875
0.1465,5.6905517578125,0.2052001953125,-6.3612060546875
0.147,5.4102783203125,-0.7957763671875,-5.5203857421875
0.1475,5.0899658203125,-1.9569091796875,-4.3592529296875
0.148,5.0499267578125,-3.1580810546875,-3.2781982421875
0.1485,4.8096923828125,-4.2791748046875,-2.1571044921875
0.149,4.5694580078125,-5.2000732421875,-1.2362060546875
0.1495,4.1290283203125,-5.6805419921875,-0.4354248046875
0.15,3.0880126953125,-5.7606201171875,0.6456298828125
0.1505,1.9268798828125,-5.9207763671875,1.9669189453125
0.151,0.7657470703125,-6.2010498046875,3.3282470703125
0.1515,-0.2752685546875,-6.2811279296875,4.3292236328125
0.152,-0.9559326171875,-6.4412841796875,5.2501220703125
0.1525,-1.7967529296875,-5.9207763671875,5.6104736328125
0.153,-3.0379638671875,-4.7596435546875,5.8907470703125
0.1535,-4.1590576171875,-3.7987060546875,6.2510986328125
0.154,-5.0799560546875,-2.5574951171875,6.2911376953125
0.1545,-5.6405029296875,-1.5965576171875,6.2911376953125
0.155,-5.7606201171875,-0.9158935546875,5.9708251953125
0.1555,-5.4803466796875,0.0850830078125,5.1300048828125
0.156,-5.3201904296875,1.2462158203125,4.0889892578125
0.1565,-5.2801513671875,2.4874267578125,3.0079345703125
0.157,-5.0799560546875,3.5284423828125,2.0069580078125
0.1575,-4.8397216796875,4.3692626953125,1.1260986328125
0.158,-4.2391357421875,4.7296142578125,0.3253173828125
0.1585,-3.2381591796875,4.8497314453125,-0.7957763671875
0.159,-2.2371826171875,5.2501220703125,-2.1170654296875
0.1595,-1.0760498046875,5.3702392578125,-3.3983154296875
0.16,-0.3553466796875,5.6104736328125,-4.3592529296875
0.1605,0.4454345703125,5.6104736328125,-5.1600341796875
0.161,1.3663330078125,4.9698486328125,-5.5604248046875
0.1615,2.5675048828125,3.8487548828125,-5.9207763671875
0.162,3.6885986328125,2.8878173828125,-6.2010498046875
0.1625,4.4893798828125,1.8468017578125,-6.2811279296875
0.163,5.0899658203125,0.9659423828125,-6.2811279296875
0.1635,5.0899658203125,0.2452392578125,-5.8006591796875
0.164,4.8897705078125,-0.7957763671875,-4.9598388671875
0.1645,4.8096923828125,-1.9168701171875,-4.0789794921875
0.165,4.7696533203125,-3.1580810546875,-3.0379638671875
0.1655,4.6094970703125,-4.1590576171875,-2.0770263671875
0.166,4.4493408203125,-4.9197998046875,-1.3162841796875
0.1665,3.6885986328125,-5.1600341796875,-0.4354248046875
0.167,2.6876220703125,-5.4403076171875,0.8057861328125
0.1675,1.7667236328125,-5.8406982421875,2.0870361328125
0.168,0.7657470703125,-6.0408935546875,3.2481689453125
0.1685,0.0450439453125,-6.3211669921875,4.2091064453125
0.169,-0.7957763671875,-6.2010498046875,4.8497314453125
0.1695,-1.8768310546875,-5.4403076171875,5.2501220703125
0.17,-3.0780029296875,-4.3592529296875,5.7305908203125
0.1705,-4.1590576171875,-3.2781982421875,5.9708251953125
0.171,-4.8797607421875,-2.3172607421875,6.0509033203125
0.1715,-5.3201904296875,-1.5965576171875,6.0108642578125
0.172,-5.2801513671875,-0.7957763671875,5.4503173828125
0.1725,-5.1199951171875,0.3253173828125,4.5294189453125
0.173,-5.1600341796875,1.4063720703125,3.7686767578125
0.1735,-5.0799560546875,2.5675048828125,2.7276611328125
0.174,-4.9598388671875,3.5284423828125,1.8468017578125
0.1745,-4.5994873046875,4.1290283203125,1.0860595703125
0.175,-3.8387451171875,4.4893798828125,0.1251220703125
0.1755,-2.8377685546875,4.7696533203125,-1.2362060546875
0.176,-1.8768310546875,5.1300048828125,-2.4774169921875
0.1765,-0.9959716796875,5.2901611328125,-3.5584716796875
0.177,-0.3553466796875,5.6104736328125,-4.5194091796875
0.1775,0.6055908203125,5.1700439453125,-4.9998779296875
0.178,1.7266845703125,4.3292236328125,-5.3201904296875
0.1785,2.8477783203125,3.4884033203125,-5.8006591796875
0.179,3.8487548828125,2.3673095703125,-5.9608154296875
0.1795,4.5294189453125,1.5264892578125,-6.1209716796875
0.18,4.8096923828125,0.8057861328125,-5.9207763671875
0.1805,4.7296142578125,0.0050048828125,-5.2801513671875
0.181,4.6495361328125,-1.1561279296875,-4.4393310546875
0.1815,4.6895751953125,-2.3973388671875,-3.5584716796875
0.182,4.6094970703125,-3.3983154296875,-2.6375732421875
0.1825,4.5294189453125,-4.3592529296875,-1.8768310546875
0.183,4.0489501953125,-4.7996826171875,-1.0360107421875
0.1835,3.1680908203125,-5.0799560546875,0.0850830078125
0.184,2.3673095703125,-5.5203857421875,1.2862548828125
0.1845,1.2862548828125,-5.8406982421875,2.5274658203125
0.185,0.5655517578125,-6.1610107421875,3.5284423828125
0.1855,-0.3153076171875,-6.2811279296875,4.4493408203125
0.186,-1.2362060546875,-5.7205810546875,4.9298095703125
0.1865,-2.4373779296875,-4.7196044921875,5.3702392578125
0.187,-3.5584716796875,-3.7987060546875,5.7706298828125
0.1875,-4.4393310546875,-2.7977294921875,5.8907470703125
0.188,-5.0799560546875,-1.9969482421875,6.0509033203125
0.1885,-5.1600341796875,-1.2762451171875,5.6505126953125
0.189,-5.0399169921875,-0.3153076171875,4.8497314453125
0.1895,-5.1199951171875,0.8057861328125,4.1290283203125
0.19,-5.1199951171875,2.0469970703125,3.1280517578125
0.1905,-4.9998779296875,3.1280517578125,2.2471923828125
0.191,-4.8397216796875,3.8887939453125,1.4464111328125
0.1915,-4.1590576171875,4.2091064453125,0.6055908203125
0.192,-3.1981201171875,4.5294189453125,-0.6756591796875
0.1925,-2.3572998046875,5.0499267578125,-1.9569091796875
0.193,-1.3162841796875,5.2100830078125,-3.1580810546875
0.1935,-0.6356201171875,5.4903564453125,-4.1590576171875
0.194,0.2852783203125,5.4102783203125,-4.8397216796875
0.1945,1.3262939453125,4.6094970703125,-5.2401123046875
0.195,2.5274658203125,3.6885986328125,-5.7205810546875
0.1955,3.6485595703125,2.6475830078125,-6.0408935546875
0.196,4.4093017578125,1.7266845703125,-6.1209716796875
0.1965,4.8497314453125,0.9659423828125,-6.1209716796875
0.197,4.8096923828125,0.1651611328125,-5.4803466796875
0.1975,4.6495361328125,-0.9959716796875,-4.5994873046875
0.198,4.7696533203125,-2.1170654296875,-3.7987060546875
0.1985,4.6495361328125,-3.2781982421875,-2.7576904296875
0.199,4.5694580078125,-4.2391357421875,-1.9168701171875
0.1995,4.2091064453125,-4.8397216796875,-1.1561279296875
0.2,3.4083251953125,-5.1199951171875,-0.1951904296875
0.2005,2.4073486328125,-5.5203857421875,1.1661376953125
0.201,1.4063720703125,-5.9207763671875,2.4874267578125
0.2015,0.5255126953125,-6.1209716796875,3.5284423828125
0.202,-0.2752685546875,-6.3211669921875,4.4893798828125
0.2025,-1.1561279296875,-5.8406982421875,5.0499267578125
0.203,-2.3572998046875,-4.8397216796875,5.4102783203125
0.2035,-3.5584716796875,-3.9188232421875,5.8907470703125
0.204,-4.5194091796875,-2.8377685546875,6.0509033203125
0.2045,-5.2000732421875,-1.9168701171875,6.0909423828125
0.205,-5.4002685546875,-1.1561279296875,5.8507080078125
0.2055,-5.2401123046875,-0.3153076171875,5.0899658203125
0.206,-5.1600341796875,0.9659423828125,4.0889892578125
0.2065,-5.1600341796875,2.2471923828125,3.1280517578125
0.207,-5.0399169921875,3.2882080078125,2.0870361328125
0.2075,-4.8797607421875,4.1290283203125,1.2862548828125
0.208,-4.2391357421875,4.4893798828125,0.4454345703125
0.2085,-3.2381591796875,4.6895751953125,-0.7557373046875
0.209,-2.2772216796875,5.0899658203125,-2.0770263671875
0.2095,-1.1561279296875,5.2901611328125,-3.3983154296875
0.21,-0.4354248046875,5.6104736328125,-4.3592529296875
0.2105,0.4053955078125,5.6104736328125,-5.1600341796875
0.211,1.4063720703125,4.8497314453125,-5.5203857421875
0.2115,2.7276611328125,3.6885986328125,-5.8807373046875
0.212,3.8487548828125,2.6475830078125,-6.2010498046875
0.2125,4.6094970703125,1.5665283203125,-6.2410888671875
0.213,5.1700439453125,0.7657470703125,-6.2410888671875
0.2135,5.0899658203125,0.0050048828125,-5.7205810546875
0.214,4.8897705078125,-1.1160888671875,-4.7596435546875
0.2145,4.8497314453125,-2.3172607421875,-3.7586669921875
0.215,4.7696533203125,-3.5584716796875,-2.6776123046875
0.2155,4.6094970703125,-4.5194091796875,-1.7567138671875
0.216,4.3692626953125,-5.2000732421875,-0.9959716796875
0.2165,3.4884033203125,-5.4403076171875,0.0450439453125
0.217,2.2872314453125,-5.6405029296875,1.2862548828125
0.2175,1.2862548828125,-6.0809326171875,2.6075439453125
0.218,0.3253173828125,-6.1209716796875,3.8087158203125
0.2185,-0.4754638671875,-6.4012451171875,4.7296142578125
0.219,-1.2762451171875,-6.0809326171875,5.3302001953125
0.2195,-2.4373779296875,-5.1199951171875,5.6905517578125
0.22,-3.7186279296875,-3.9588623046875,6.0509033203125
0.2205,-4.7596435546875,-2.8377685546875,6.2510986328125
0.221,-5.4403076171875,-1.8367919921875,6.2510986328125
0.2215,-5.7606201171875,-1.1160888671875,6.0909423828125
0.222,-5.6004638671875,-0.1951904296875,5.3702392578125
0.2225,-5.3201904296875,1.0460205078125,4.2091064453125
0.223,-5.3201904296875,2.2872314453125,3.2481689453125
0.2235,-5.1600341796875,3.4884033203125,2.0870361328125
0.224,-4.9998779296875,4.3692626953125,1.2462158203125
0.2245,-4.4793701171875,4.8096923828125,0.3653564453125
0.225,-3.5184326171875,4.9698486328125,-0.7557373046875
0.2255,-2.2772216796875,5.2100830078125,-2.2371826171875
0.226,-1.1561279296875,5.6104736328125,-3.5584716796875
0.2265,-0.1951904296875,5.6905517578125,-4.5994873046875
0.227,0.5655517578125,5.8507080078125,-5.4803466796875
0.2275,1.5264892578125,5.1700439453125,-5.9207763671875
0.228,2.8878173828125,3.8887939453125,-6.2010498046875
0.2285,4.0889892578125,2.8077392578125,-6.5614013671875
0.229,5.0098876953125,1.5665283203125,-6.5614013671875
0.2295,5.5704345703125,0.6456298828125,-6.5213623046875
0.23,5.6104736328125,-0.3153076171875,-6.1209716796875
0.2305,5.3302001953125,-1.2762451171875,-5.0799560546875
0.231,5.0899658203125,-2.6375732421875,-3.7987060546875
0.2315,5.0499267578125,-3.9989013671875,-2.6375732421875
0.232,4.8096923828125,-4.9998779296875,-1.5965576171875
0.2325,4.5294189453125,-5.7606201171875,-0.7156982421875
0.233,3.6885986328125,-6.0008544921875,0.2852783203125
0.2335,2.3673095703125,-6.1209716796875,1.5665283203125
0.234,1.1260986328125,-6.3612060546875,3.0880126953125
0.2345,0.0050048828125,-6.4412841796875,4.4093017578125
0.235,-0.8358154296875,-6.5213623046875,5.2901611328125
0.2355,-1.6365966796875,-6.4012451171875,5.9708251953125
0.236,-2.8377685546875,-5.3201904296875,6.2911376953125
0.2365,-4.2391357421875,-3.8787841796875,6.5313720703125
0.237,-5.3201904296875,-2.6776123046875,6.6915283203125
0.2375,-6.0408935546875,-1.5164794921875,6.5714111328125
0.238,-6.3612060546875,-0.6756591796875,6.4112548828125
0.2385,-6.1209716796875,0.3253173828125,5.6104736328125
0.239,-5.7606201171875,1.5665283203125,4.3292236328125
0.2395,-5.5604248046875,2.8477783203125,3.0479736328125
0.24,-5.3201904296875,4.1290283203125,1.7667236328125
0.2405,-5.0399169921875,4.9698486328125,0.8057861328125
0.241,-4.5194091796875,5.4903564453125,0.0050048828125
0.2415,-3.5184326171875,5.4903564453125,-1.1561279296875
0.242,-1.9569091796875,5.6104736328125,-2.6375732421875
0.2425,-0.7957763671875,5.8907470703125,-4.0789794921875
0.243,0.3653564453125,5.8106689453125,-5.1600341796875
0.2435,1.0059814453125,5.8907470703125,-5.9608154296875
0.244,1.8468017578125,5.4102783203125,-6.4012451171875
0.2445,3.1280517578125,4.0889892578125,-6.6014404296875
0.245,4.4093017578125,2.7276611328125,-6.8416748046875
0.2455,5.4102783203125,1.4464111328125,-6.8416748046875
0.246,5.8907470703125,0.4454345703125,-6.6815185546875
0.2465,6.0509033203125,-0.5155029296875,-6.3612060546875
0.247,5.6905517578125,-1.3963623046875,-5.4002685546875
0.2475,5.2901611328125,-2.7176513671875,-3.9588623046875
0.248,5.1300048828125,-3.9989013671875,-2.8377685546875
0.2485,4.8497314453125,-5.1199951171875,-1.5965576171875
0.249,4.5294189453125,-5.9207763671875,-0.6756591796875
0.2495,3.8487548828125,-6.3211669921875,0.2452392578125
0.25,2.6876220703125,-6.2811279296875,1.3663330078125
0.2505,1.2862548828125,-6.4012451171875,2.8477783203125
0.251,0.0850830078125,-6.5614013671875,4.2891845703125
0.2515,-0.9158935546875,-6.5614013671875,5.2100830078125
0.252,-1.5965576171875,-6.6014404296875,6.0108642578125
0.2525,-2.5574951171875,-5.8006591796875,6.3311767578125
0.253,-3.8787841796875,-4.3592529296875,6.5313720703125
0.2535,-5.0399169921875,-3.1981201171875,6.7716064453125
0.254,-5.9207763671875,-1.9569091796875,6.6915283203125
0.2545,-6.3612060546875,-0.9959716796875,6.5714111328125
0.255,-6.3211669921875,0.0050048828125,6.0509033203125
0.2555,-5.9207763671875,0.9659423828125,4.9698486328125
0.256,-5.6805419921875,2.2872314453125,3.5684814453125
0.2565,-5.5203857421875,3.6485595703125,2.3673095703125
0.257,-5.2401123046875,4.6094970703125,1.2862548828125
0.2575,-4.8797607421875,5.3302001953125,0.3653564453125
0.258,-3.9989013671875,5.5704345703125,-0.6356201171875
0.2585,-2.6776123046875,5.6104736328125,-1.9168701171875
0.259,-1.3963623046875,5.8507080078125,-3.3983154296875
0.2595,-0.1551513671875,5.8907470703125,-4.7596435546875
0.26,0.6856689453125,5.9708251953125,-5.6405029296875
0.2605,1.4063720703125,5.7706298828125,-6.2811279296875
0.261,2.5274658203125,4.7696533203125,-6.5614013671875
0.2615,3.8887939453125,3.2882080078125,-6.7615966796875
0.262,5.0499267578125,2.0870361328125,-6.9617919921875
0.2625,5.7305908203125,0.9259033203125,-6.8016357421875
0.263,6.0909423828125,0.0050048828125,-6.6414794921875
0.2635,5.8507080078125,-0.9959716796875,-5.8406982421875
0.264,5.4903564453125,-2.1170654296875,-4.5994873046875
0.2645,5.2901611328125,-3.5184326171875,-3.3582763671875
0.265,5.0899658203125,-4.8397216796875,-2.0770263671875
0.2655,4.7296142578125,-5.7606201171875,-0.9959716796875
0.266,4.3292236328125,-6.2811279296875,-0.1951904296875
0.2665,3.2081298828125,-6.3211669921875,0.9659423828125
0.267,1.7667236328125,-6.4012451171875,2.4473876953125
0.2675,0.5255126953125,-6.6815185546875,3.8887939453125
0.268,-0.6356201171875,-6.6414794921875,5.0899658203125
0.2685,-1.3963623046875,-6.6815185546875,5.8907470703125
0.269,-2.2371826171875,-6.1610107421875,6.3712158203125
0.2695,-3.5584716796875,-4.8797607421875,6.6114501953125
0.27,-4.8397216796875,-3.5584716796875,6.8917236328125
0.2705,-5.8807373046875,-2.2371826171875,6.8917236328125
0.271,-6.4012451171875,-1.1561279296875,6.6915283203125
0.2715,-6.5614013671875,-0.3153076171875,6.3712158203125
0.272,-6.2010498046875,0.7657470703125,5.3702392578125
0.2725,-5.8006591796875,2.1270751953125,3.8887939453125
0.273,-5.6405029296875,3.4483642578125,2.6475830078125
0.2735,-5.4002685546875,4.5694580078125,1.3663330078125
0.274,-4.9998779296875,5.4102783203125,0.4454345703125
0.2745,-4.2391357421875,5.7305908203125,-0.5555419921875
0.275,-3.0379638671875,5.7305908203125,-1.6766357421875
0.2755,-1.5164794921875,5.8507080078125,-3.2781982421875
0.276,-0.3153076171875,6.0108642578125,-4.6795654296875
0.2765,0.7257080078125,5.9307861328125,-5.6004638671875
0.277,1.4063720703125,5.8907470703125,-6.3612060546875
0.2775,2.4073486328125,5.0499267578125,-6.5614013671875
0.278,3.7686767578125,3.5284423828125,-6.7215576171875
0.2785,4.8497314453125,2.3673095703125,-7.0018310546875
0.279,5.6505126953125,1.0860595703125,-6.8416748046875
0.2795,6.0509033203125,0.1251220703125,-6.6014404296875
0.28,5.9307861328125,-0.7957763671875,-6.1209716796875
0.2805,5.5303955078125,-1.8367919921875,-4.9998779296875
0.281,5.2100830078125,-3.1580810546875,-3.5985107421875
0.2815,5.0098876953125,-4.4393310546875,-2.3973388671875
0.282,4.7296142578125,-5.3201904296875,-1.3162841796875
0.2825,4.4093017578125,-6.0408935546875,-0.4754638671875
0.283,3.5284423828125,-6.1610107421875,0.5655517578125
0.2835,2.2872314453125,-6.1610107421875,1.7266845703125
0.284,1.0059814453125,-6.4012451171875,3.1680908203125
0.2845,-0.3153076171875,-6.4012451171875,4.4493408203125
0.285,-0.9959716796875,-6.4813232421875,5.2501220703125
0.2855,-1.6766357421875,-6.4012451171875,5.9307861328125
0.286,-2.7176513671875,-5.4403076171875,6.1710205078125
0.2865,-4.0389404296875,-4.1190185546875,6.4112548828125
0.287,-5.0799560546875,-2.9578857421875,6.6114501953125
0.2875,-5.7606201171875,-1.8367919921875,6.5313720703125
0.288,-6.1209716796875,-0.9959716796875,6.3712158203125
0.2885,-6.0408935546875,-0.1951904296875,5.7305908203125
0.289,-5.6405029296875,0.9259033203125,4.6495361328125
0.2895,-5.4803466796875,2.0870361328125,3.5284423828125
0.29,-5.3201904296875,3.4483642578125,2.3272705078125
0.2905,-5.0799560546875,4.4493408203125,1.3262939453125
0.291,-4.7196044921875,5.0899658203125,0.5255126953125
0.2915,-3.8387451171875,5.2501220703125,-0.5155029296875
0.292,-2.5574951171875,5.3302001953125,-1.8367919921875
0.2925,-1.5164794921875,5.6905517578125,-3.1981201171875
0.293,-0.3153076171875,5.7305908203125,-4.4393310546875
0.2935,0.4454345703125,5.8907470703125,-5.3201904296875
0.294,1.2462158203125,5.5704345703125,-5.8406982421875
0.2945,2.3673095703125,4.5294189453125,-6.1209716796875
0.295,3.6485595703125,3.3282470703125,-6.4412841796875
0.2955,4.6895751953125,2.0870361328125,-6.6014404296875
0.296,5.2901611328125,1.0860595703125,-6.5614013671875
0.2965,5.6104736328125,0.2452392578125,-6.4012451171875
0.297,5.4102783203125,-0.6756591796875,-5.6405029296875
0.2975,5.0899658203125,-1.8768310546875,-4.4393310546875
0.298,5.0899658203125,-3.0780029296875,-3.3983154296875
0.2985,4.8497314453125,-4.2791748046875,-2.2371826171875
0.299,4.6094970703125,-5.1600341796875,-1.2762451171875
0.2995,4.1290283203125,-5.6405029296875,-0.4754638671875
0.3,3.1680908203125,-5.7606201171875,0.6456298828125
0.3005,1.9268798828125,-6.0008544921875,2.0469970703125
0.301,0.7657470703125,-6.2811279296875,3.4083251953125
0.3015,-0.2752685546875,-6.3612060546875,4.4493408203125
0.302,-0.9158935546875,-6.4412841796875,5.2501220703125
0.3025,-1.7967529296875,-5.8406982421875,5.6905517578125
0.303,-3.0780029296875,-4.6395263671875,5.9307861328125
0.3035,-4.2391357421875,-3.5985107421875,6.3311767578125
0.304,-5.1600341796875,-2.4373779296875,6.3311767578125
0.3045,-5.7205810546875,-1.5565185546875,6.2911376953125
0.305,-5.7606201171875,-0.7957763671875,5.8907470703125
0.3055,-5.5203857421875,0.1651611328125,5.0098876953125
0.306,-5.3201904296875,1.4063720703125,3.9288330078125
0.3065,-5.2801513671875,2.6876220703125,2.8477783203125
0.307,-5.0399169921875,3.6885986328125,1.8868408203125
0.3075,-4.8397216796875,4.4893798828125,1.0059814453125
0.308,-4.1590576171875,4.8096923828125,0.2052001953125
0.3085,-3.0780029296875,4.9298095703125,-0.9959716796875
0.309,-2.0369873046875,5.2901611328125,-2.3172607421875
0.3095,-0.9158935546875,5.4102783203125,-3.5985107421875
0.31,-0.1951904296875,5.6104736328125,-4.5594482421875
0.3105,0.6055908203125,5.6104736328125,-5.2801513671875
0.311,1.5665283203125,4.8497314453125,-5.6405029296875
0.3115,2.7677001953125,3.7286376953125,-5.9207763671875
0.312,3.8487548828125,2.7276611328125,-6.2811279296875
0.3125,4.6094970703125,1.6466064453125,-6.2811279296875
0.313,5.1300048828125,0.8057861328125,-6.2811279296875
0.3135,5.0899658203125,0.0450439453125,-5.7606201171875
0.314,4.8497314453125,-0.9559326171875,-4.8797607421875
0.3145,4.8096923828125,-2.0369873046875,-3.9588623046875
0.315,4.7696533203125,-3.2381591796875,-2.9178466796875
0.3155,4.6094970703125,-4.2391357421875,-1.9969482421875
0.316,4.4493408203125,-4.9998779296875,-1.2362060546875
0.3165,3.6485595703125,-5.2401123046875,-0.3553466796875
0.317,2.6475830078125,-5.4403076171875,0.8858642578125
0.3175,1.6866455078125,-5.8807373046875,2.1671142578125
0.318,0.6456298828125,-6.0408935546875,3.3282470703125
0.3185,-0.1551513671875,-6.2811279296875,4.3292236328125
0.319,-0.9158935546875,-6.1209716796875,4.9698486328125
0.3195,-1.9569091796875,-5.3201904296875,5.2901611328125
0.32,-3.1580810546875,-4.3592529296875,5.7706298828125
0.3205,-4.2391357421875,-3.2781982421875,6.0509033203125
0.321,-4.9998779296875,-2.3572998046875,6.0909423828125
0.3215,-5.4002685546875,-1.6365966796875,6.0509033203125
0.322,-5.3201904296875,-0.7957763671875,5.4503173828125
0.3225,-5.1199951171875,0.3253173828125,4.4893798828125
0.323,-5.1600341796875,1.5264892578125,3.6885986328125
0.3235,-5.0799560546875,2.6475830078125,2.6876220703125
0.324,-4.9598388671875,3.5684814453125,1.8067626953125
0.3245,-4.5594482421875,4.1690673828125,1.0059814453125
0.325,-3.8387451171875,4.4893798828125,0.1251220703125
0.3255,-2.7977294921875,4.8096923828125,-1.2762451171875
0.326,-1.8367919921875,5.1700439453125,-2.5174560546875
0.3265,-0.9959716796875,5.3702392578125,-3.5985107421875
0.327,-0.3153076171875,5.6104736328125,-4.5194091796875
0.3275,0.6456298828125,5.1700439453125,-5.0399169921875
0.328,1.8067626953125,4.2891845703125,-5.4002685546875
0.3285,2.9278564453125,3.3682861328125,-5.8406982421875
0.329,3.8887939453125,2.2872314453125,-6.0408935546875
0.3295,4.5294189453125,1.4063720703125,-6.1209716796875
0.33,4.8096923828125,0.7657470703125,-5.9207763671875
0.3305,4.7296142578125,-0.1551513671875,-5.2801513671875
0.331,4.6094970703125,-1.1961669921875,-4.3592529296875
0.3315,4.6895751953125,-2.4373779296875,-3.5184326171875
0.332,4.6094970703125,-3.4783935546875,-2.5975341796875
0.3325,4.4893798828125,-4.3592529296875,-1.7967529296875
0.333,3.9688720703125,-4.8397216796875,-0.9959716796875
0.3335,3.1280517578125,-5.1199951171875,0.1251220703125
0.334,2.2471923828125,-5.5203857421875,1.3663330078125
0.3345,1.2462158203125,-5.7606201171875,2.6075439453125
0.335,0.4854736328125,-6.1209716796875,3.6485595703125
0.3355,-0.3153076171875,-6.2410888671875,4.4893798828125
0.336,-1.2762451171875,-5.6805419921875,4.9698486328125
0.3365,-2.4774169921875,-4.7596435546875,5.3302001953125
0.337,-3.5985107421875,-3.8387451171875,5.7706298828125
0.3375,-4.5194091796875,-2.7977294921875,5.8907470703125
0.338,-5.0799560546875,-1.9969482421875,6.0509033203125
0.3385,-5.1600341796875,-1.2362060546875,5.6104736328125
0.339,-5.0399169921875,-0.3153076171875,4.8096923828125
0.3395,-5.0799560546875,0.8858642578125,4.0489501953125
0.34,-5.0799560546875,2.1270751953125,3.0479736328125
0.3405,-4.9998779296875,3.1280517578125,2.2071533203125
0.341,-4.7996826171875,3.8887939453125,1.4063720703125
0.3415,-4.1590576171875,4.2891845703125,0.5255126953125
0.342,-3.1580810546875,4.5294189453125,-0.7156982421875
0.3425,-2.3172607421875,5.0499267578125,-1.9569091796875
0.343,-1.2762451171875,5.2100830078125,-3.1580810546875
0.3435,-0.6356201171875,5.5303955078125,-4.1590576171875
0.344,0.2852783203125,5.3702392578125,-4.7996826171875
0.3445,1.2862548828125,4.6094970703125,-5.2000732421875
0.345,2.5274658203125,3.6485595703125,-5.7205810546875
0.3455,3.6085205078125,2.5274658203125,-5.9608154296875
0.346,4.3692626953125,1.7266845703125,-6.0809326171875
0.3465,4.8096923828125,0.9659423828125,-6.0809326171875
0.347,4.7696533203125,0.2052001953125,-5.4803466796875
0.3475,4.6094970703125,-0.9158935546875,-4.5594482421875
0.348,4.6895751953125,-2.0770263671875,-3.7987060546875
0.3485,4.6094970703125,-3.1981201171875,-2.8377685546875
0.349,4.5294189453125,-4.1990966796875,-1.9569091796875
0.3495,4.2091064453125,-4.7996826171875,-1.1961669921875
0.35,3.4083251953125,-5.0399169921875,-0.2352294921875
0.3505,2.4473876953125,-5.4403076171875,1.0860595703125
0.351,1.4464111328125,-5.7606201171875,2.4073486328125
0.3515,0.6456298828125,-6.0408935546875,3.4483642578125
0.352,-0.1551513671875,-6.2811279296875,4.4093017578125
0.3525,-1.0360107421875,-5.9207763671875,4.9298095703125
0.353,-2.2371826171875,-4.9197998046875,5.2501220703125
0.3535,-3.4383544921875,-4.0389404296875,5.7305908203125
0.354,-4.3992919921875,-2.9178466796875,5.9307861328125
0.3545,-5.0799560546875,-2.0369873046875,6.0509033203125
0.355,-5.2801513671875,-1.3162841796875,5.8106689453125
0.3555,-5.1600341796875,-0.4754638671875,5.0899658203125
0.356,-5.0799560546875,0.7657470703125,4.1290283203125
0.3565,-5.1199951171875,2.0069580078125,3.2081298828125
0.357,-4.9998779296875,3.0880126953125,2.2471923828125
0.3575,-4.8797607421875,3.9688720703125,1.4464111328125
0.358,-4.3192138671875,4.3292236328125,0.6055908203125
0.3585,-3.3582763671875,4.6094970703125,-0.5555419921875
0.359,-2.3973388671875,5.0098876953125,-1.8367919921875
0.3595,-1.3563232421875,5.2501220703125,-3.1580810546875
0.36,-0.6356201171875,5.5303955078125,-4.1190185546875
0.3605,0.2052001953125,5.5704345703125,-4.9598388671875
0.361,1.2061767578125,4.8497314453125,-5.3201904296875
0.3615,2.4473876953125,3.7686767578125,-5.7606201171875
0.362,3.6485595703125,2.8077392578125,-6.1209716796875
0.3625,4.4493408203125,1.7667236328125,-6.1610107421875
0.363,4.9698486328125,0.9659423828125,-6.1610107421875
0.3635,4.9698486328125,0.1651611328125,-5.7205810546875
0.364,4.8096923828125,-0.9158935546875,-4.7996826171875
0.3645,4.7696533203125,-2.0770263671875,-3.8387451171875
0.365,4.7296142578125,-3.3182373046875,-2.8377685546875
0.3655,4.6094970703125,-4.3592529296875,-1.8768310546875
0.366,4.4093017578125,-5.0799560546875,-1.1561279296875
0.3665,3.5684814453125,-5.2801513671875,-0.1951904296875
0.367,2.4874267578125,-5.5203857421875,1.1260986328125
0.3675,1.4864501953125,-5.9207763671875,2.4874267578125
0.368,0.4854736328125,-6.1209716796875,3.6485595703125
0.3685,-0.3153076171875,-6.4012451171875,4.6094970703125
0.369,-1.1160888671875,-6.1209716796875,5.2100830078125
0.3695,-2.3172607421875,-5.1600341796875,5.5303955078125
0.37,-3.5584716796875,-3.9989013671875,5.9708251953125
0.3705,-4.6395263671875,-2.8377685546875,6.1710205078125
0.371,-5.3201904296875,-1.8768310546875,6.2110595703125
0.3715,-5.6405029296875,-1.1561279296875,6.0509033203125
0.372,-5.4803466796875,-0.2752685546875,5.2901611328125
0.3725,-5.2401123046875,1.0059814453125,4.1290283203125
0.373,-5.2401123046875,2.2071533203125,3.1680908203125
0.3735,-5.1199951171875,3.4083251953125,2.1270751953125
0.374,-4.9598388671875,4.2891845703125,1.2462158203125
0.3745,-4.4393310546875,4.7696533203125,0.4454345703125
0.375,-3.4783935546875,4.9298095703125,-0.6756591796875
0.3755,-2.2371826171875,5.1700439453125,-2.1170654296875
0.376,-1.1561279296875,5.4903564453125,-3.4783935546875
0.3765,-0.3153076171875,5.5704345703125,-4.5194091796875
0.377,0.4854736328125,5.7305908203125,-5.4002685546875
0.3775,1.4063720703125,5.0499267578125,-5.7606201171875
0.378,2.7677001953125,3.8487548828125,-6.0809326171875
0.3785,3.9688720703125,2.7677001953125,-6.4012451171875
0.379,4.9298095703125,1.6466064453125,-6.4412841796875
0.3795,5.4102783203125,0.6856689453125,-6.4012451171875
0.38,5.4903564453125,-0.1551513671875,-6.0408935546875
0.3805,5.2100830078125,-1.1561279296875,-5.0799560546875
0.381,5.0098876953125,-2.5174560546875,-3.8387451171875
0.3815,4.9698486328125,-3.7987060546875,-2.6776123046875
0.382,4.7696533203125,-4.7996826171875,-1.6766357421875
0.3825,4.4893798828125,-5.5604248046875,-0.7957763671875
0.383,3.6885986328125,-5.7606201171875,0.1251220703125
0.3835,2.4874267578125,-5.9207763671875,1.3663330078125
0.384,1.2462158203125,-6.2410888671875,2.8878173828125
0.3845,0.0850830078125,-6.4012451171875,4.1290283203125
0.385,-0.7156982421875,-6.5213623046875,5.0899658203125
0.3855,-1.5164794921875,-6.4012451171875,5.7706298828125
0.386,-2.6375732421875,-5.3602294921875,6.1309814453125
0.3865,-4.0389404296875,-3.9188232421875,6.4112548828125
0.387,-5.1600341796875,-2.7977294921875,6.6915283203125
0.3875,-5.8406982421875,-1.6365966796875,6.5313720703125
0.388,-6.2410888671875,-0.7957763671875,6.3712158203125
0.3885,-6.0408935546875,0.1651611328125,5.6104736328125
0.389,-5.7205810546875,1.3663330078125,4.4093017578125
0.3895,-5.5203857421875,2.6876220703125,3.1680908203125
0.39,-5.3602294921875,3.9688720703125,1.9268798828125
0.3905,-5.0399169921875,4.8497314453125,0.9259033203125
0.391,-4.5994873046875,5.4102783203125,0.0850830078125
0.3915,-3.5184326171875,5.4903564453125,-1.0360107421875
0.392,-2.0369873046875,5.5704345703125,-2.5574951171875
0.3925,-0.9158935546875,5.8507080078125,-3.9989013671875
0.393,0.2852783203125,5.8106689453125,-5.1199951171875
0.3935,0.9659423828125,5.8907470703125,-5.9207763671875
0.394,1.8067626953125,5.3702392578125,-6.3612060546875
0.3945,3.1280517578125,4.0889892578125,-6.5614013671875
0.395,4.4093017578125,2.7276611328125,-6.8016357421875
0.3955,5.4102783203125,1.4464111328125,-6.8416748046875
0.396,5.8907470703125,0.4454345703125,-6.6815185546875
0.3965,6.0509033203125,-0.5155029296875,-6.3612060546875
0.397,5.6505126953125,-1.4364013671875,-5.3201904296875
0.3975,5.2901611328125,-2.7576904296875,-3.9188232421875
0.398,5.1300048828125,-4.0389404296875,-2.7176513671875
0.3985,4.8497314453125,-5.1600341796875,-1.5565185546875
0.399,4.5294189453125,-5.9207763671875,-0.6356201171875
0.3995,3.8487548828125,-6.2811279296875,0.3253173828125
0.4,2.6075439453125,-6.2811279296875,1.4864501953125
0.4005,1.2061767578125,-6.4412841796875,3.0479736328125
0.401,0.0050048828125,-6.6014404296875,4.4093017578125
0.4015,-0.9959716796875,-6.6414794921875,5.2901611328125
0.402,-1.6365966796875,-6.6014404296875,6.0909423828125
0.4025,-2.6375732421875,-5.7205810546875,6.4112548828125
0.403,-4.0389404296875,-4.2391357421875,6.5714111328125
0.4035,-5.1600341796875,-3.0379638671875,6.7716064453125
0.404,-6.0008544921875,-1.7967529296875,6.6915283203125
0.4045,-6.4012451171875,-0.8758544921875,6.5313720703125
0.405,-6.3612060546875,0.0850830078125,6.0108642578125
0.4055,-5.9207763671875,1.0860595703125,4.8497314453125
0.406,-5.6405029296875,2.4473876953125,3.5284423828125
0.4065,-5.4403076171875,3.8087158203125,2.2471923828125
0.407,-5.1600341796875,4.7696533203125,1.1260986328125
0.4075,-4.7996826171875,5.4102783203125,0.2852783203125
0.408,-3.8787841796875,5.5704345703125,-0.7557373046875
0.4085,-2.5574951171875,5.5704345703125,-1.9969482421875
0.409,-1.2762451171875,5.8106689453125,-3.5584716796875
0.4095,0.0450439453125,5.8106689453125,-4.8397216796875
0.41,0.7657470703125,5.9307861328125,-5.6405029296875
0.4105,1.4464111328125,5.7305908203125,-6.2811279296875
0.411,2.5274658203125,4.7296142578125,-6.4813232421875
0.4115,3.9288330078125,3.2481689453125,-6.7215576171875
0.412,5.0098876953125,2.0469970703125,-6.8817138671875
0.4125,5.6905517578125,0.9259033203125,-6.7615966796875
0.413,6.0108642578125,0.0050048828125,-6.5614013671875
0.4135,5.7706298828125,-0.9559326171875,-5.8406982421875
0.414,5.4102783203125,-2.0770263671875,-4.5594482421875
0.4145,5.2501220703125,-3.3582763671875,-3.3582763671875
0.415,5.0098876953125,-4.6795654296875,-2.0770263671875
0.4155,4.7296142578125,-5.5604248046875,-1.0360107421875
0.416,4.3292236328125,-6.1610107421875,-0.2752685546875
0.4165,3.2481689453125,-6.2811279296875,0.8458251953125
0.417,1.8868408203125,-6.3612060546875,2.2471923828125
0.4175,0.6055908203125,-6.6014404296875,3.7286376953125
0.418,-0.5555419921875,-6.5614013671875,4.8497314453125
0.4185,-1.2762451171875,-6.6414794921875,5.7305908203125
0.419,-2.0770263671875,-6.2010498046875,6.2110595703125
0.4195,-3.3582763671875,-4.9598388671875,6.4112548828125
0.42,-4.6795654296875,-3.6385498046875,6.6915283203125
0.4205,-5.7205810546875,-2.3172607421875,6.7716064453125
0.421,-6.2811279296875,-1.2762451171875,6.6514892578125
0.4215,-6.4412841796875,-0.4754638671875,6.3712158203125
0.422,-6.1209716796875,0.6055908203125,5.4102783203125
0.4225,-5.7606201171875,1.9268798828125,4.0089111328125
0.423,-5.6405029296875,3.2481689453125,2.8077392578125
0.4235,-5.3602294921875,4.4493408203125,1.5665283203125
0.424,-4.9998779296875,5.2501220703125,0.6055908203125
0.4245,-4.3592529296875,5.5704345703125,-0.3553466796875
0.425,-3.1981201171875,5.6104736328125,-1.4764404296875
0.4255,-1.7166748046875,5.7706298828125,-3.1180419921875
0.426,-0.5155029296875,6.0108642578125,-4.5194091796875
0.4265,0.5655517578125,5.9708251953125,-5.4403076171875
0.427,1.2462158203125,5.9708251953125,-6.2811279296875
0.4275,2.2471923828125,5.1300048828125,-6.5213623046875
0.428,3.6085205078125,3.6885986328125,-6.7215576171875
0.4285,4.8096923828125,2.4473876953125,-7.0018310546875
0.429,5.6505126953125,1.1260986328125,-6.8817138671875
0.4295,6.0909423828125,0.1651611328125,-6.6815185546875
0.43,6.0108642578125,-0.7557373046875,-6.1209716796875
0.4305,5.6104736328125,-1.7967529296875,-4.9998779296875
0.431,5.2901611328125,-3.1981201171875,-3.5985107421875
0.4315,5.0899658203125,-4.5194091796875,-2.3172607421875
0.432,4.8096923828125,-5.4403076171875,-1.2362060546875
0.4325,4.4893798828125,-6.1610107421875,-0.3553466796875
0.433,3.5284423828125,-6.3211669921875,0.6055908203125
0.4335,2.1671142578125,-6.3612060546875,1.9268798828125
0.434,0.8858642578125,-6.4813232421875,3.4083251953125
0.4345,-0.4354248046875,-6.5213623046875,4.6495361328125
0.435,-1.1561279296875,-6.5614013671875,5.5303955078125
0.4355,-1.8367919921875,-6.4012451171875,6.1309814453125
0.436,-2.9178466796875,-5.4002685546875,6.3712158203125
0.4365,-4.3192138671875,-3.9188232421875,6.5714111328125
0.437,-5.4002685546875,-2.7176513671875,6.7315673828125
0.4375,-6.0408935546875,-1.5565185546875,6.6114501953125
0.438,-6.3612060546875,-0.6756591796875,6.4112548828125
0.4385,-6.1209716796875,0.2452392578125,5.6505126953125
0.439,-5.7205810546875,1.3262939453125,4.4493408203125
0.4395,-5.5604248046875,2.5675048828125,3.2481689453125
0.44,-5.3201904296875,3.8487548828125,2.0069580078125
0.4405,-5.0799560546875,4.7296142578125,1.0059814453125
0.441,-4.5994873046875,5.2901611328125,0.2052001953125
0.4415,-3.6785888671875,5.3702392578125,-0.8758544921875
0.442,-2.2772216796875,5.4503173828125,-2.1971435546875
0.4425,-1.1561279296875,5.7706298828125,-3.5985107421875
0.443,0.1251220703125,5.7305908203125,-4.7996826171875
0.4435,0.7657470703125,5.8907470703125,-5.6405029296875
0.444,1.5264892578125,5.4903564453125,-6.1209716796875
0.4445,2.6475830078125,4.4093017578125,-6.2811279296875
0.445,3.8887939453125,3.1680908203125,-6.6014404296875
0.4455,4.9698486328125,1.8868408203125,-6.6815185546875
0.446,5.5704345703125,0.8458251953125,-6.6014404296875
0.4465,5.7706298828125,0.0850830078125,-6.3612060546875
0.447,5.4903564453125,-0.9158935546875,-5.5203857421875
0.4475,5.1700439453125,-2.1170654296875,-4.2791748046875
0.448,5.0899658203125,-3.3182373046875,-3.2381591796875
0.4485,4.8897705078125,-4.5594482421875,-2.0770263671875
0.449,4.6094970703125,-5.4403076171875,-1.1561279296875
0.4495,4.0889892578125,-5.8406982421875,-0.3153076171875
0.45,3.0479736328125,-5.9207763671875,0.8057861328125
0.4505,1.7667236328125,-6.1209716796875,2.2071533203125
0.451,0.6055908203125,-6.3612060546875,3.6085205078125
0.4515,-0.3953857421875,-6.4012451171875,4.6094970703125
0.452,-1.0760498046875,-6.5213623046875,5.4503173828125
0.4525,-1.9569091796875,-5.8807373046875,5.8106689453125
0.453,-3.2381591796875,-4.6395263671875,6.0509033203125
0.4535,-4.4393310546875,-3.5584716796875,6.4112548828125
0.454,-5.3201904296875,-2.3172607421875,6.4112548828125
0.4545,-5.8406982421875,-1.4364013671875,6.3712158203125
0.455,-5.9207763671875,-0.6356201171875,5.9307861328125
0.4555,-5.6405029296875,0.3253173828125,5.0899658203125
0.456,-5.4002685546875,1.5665283203125,3.8887939453125
0.4565,-5.3201904296875,2.8477783203125,2.8077392578125
0.457,-5.0799560546875,3.8487548828125,1.7266845703125
0.4575,-4.9197998046875,4.6094970703125,0.8858642578125
0.458,-4.1590576171875,4.9298095703125,0.0450439453125
0.4585,-3.0780029296875,5.0499267578125,-1.1561279296875
0.459,-1.9569091796875,5.4102783203125,-2.5174560546875
0.4595,-0.7957763671875,5.4503173828125,-3.8387451171875
0.46,0.0450439453125,5.6905517578125,-4.7596435546875
0.4605,0.7257080078125,5.6104736328125,-5.4403076171875
0.461,1.6466064453125,4.8897705078125,-5.7606201171875
0.4615,2.9278564453125,3.6885986328125,-6.0408935546875
0.462,3.9688720703125,2.6475830078125,-6.3211669921875
0.4625,4.8096923828125,1.5665283203125,-6.3612060546875
0.463,5.2501220703125,0.7257080078125,-6.3211669921875
0.4635,5.2100830078125,0.0050048828125,-5.7606201171875
0.464,4.9298095703125,-1.0360107421875,-4.8397216796875
0.4645,4.8497314453125,-2.2371826171875,-3.8787841796875
0.465,4.7296142578125,-3.5184326171875,-2.7576904296875
0.4655,4.6094970703125,-4.4793701171875,-1.8768310546875
0.466,4.4093017578125,-5.1600341796875,-1.1160888671875
0.4665,3.6085205078125,-5.4002685546875,-0.2352294921875
0.467,2.5274658203125,-5.5604248046875,1.0460205078125
0.4675,1.5665283203125,-5.9207763671875,2.3272705078125
0.468,0.5655517578125,-6.0809326171875,3.5284423828125
0.4685,-0.3153076171875,-6.3211669921875,4.4893798828125
0.469,-1.0360107421875,-6.1209716796875,5.0899658203125
0.4695,-2.0770263671875,-5.2801513671875,5.4102783203125
0.47,-3.2781982421875,-4.2791748046875,5.8507080078125
0.4705,-4.3592529296875,-3.1580810546875,6.0909423828125
0.471,-5.0799560546875,-2.1971435546875,6.1309814453125
0.4715,-5.4403076171875,-1.4764404296875,6.0909423828125
0.472,-5.3602294921875,-0.6356201171875,5.4102783203125
0.4725,-5.1600341796875,0.4053955078125,4.4893798828125
0.473,-5.1600341796875,1.5665283203125,3.6485595703125
0.4735,-5.1199951171875,2.6876220703125,2.5675048828125
0.474,-4.9598388671875,3.6885986328125,1.7266845703125
0.4745,-4.5594482421875,4.2891845703125,0.9259033203125
0.475,-3.7987060546875,4.5294189453125,0.0050048828125
0.4755,-2.7176513671875,4.8096923828125,-1.3563232421875
0.476,-1.7967529296875,5.2100830078125,-2.6375732421875
0.4765,-0.8758544921875,5.3702392578125,-3.7186279296875
0.477,-0.1951904296875,5.6104736328125,-4.6395263671875
0.4775,0.7657470703125,5.1700439453125,-5.0799560546875
0.478,1.8868408203125,4.2491455078125,-5.4403076171875
0.4785,3.0079345703125,3.3682861328125,-5.8807373046875
0.479,3.9688720703125,2.2872314453125,-6.0408935546875
0.4795,4.6495361328125,1.4063720703125,-6.1209716796875
0.48,4.8497314453125,0.6856689453125,-5.9207763671875
0.4805,4.7696533203125,-0.2752685546875,-5.2401123046875
0.481,4.6094970703125,-1.3162841796875,-4.3592529296875
0.4815,4.6895751953125,-2.5174560546875,-3.5184326171875
0.482,4.6094970703125,-3.5584716796875,-2.5574951171875
0.4825,4.5294189453125,-4.4393310546875,-1.7967529296875
0.483,3.9688720703125,-4.8397216796875,-0.9959716796875
0.4835,3.1680908203125,-5.0799560546875,0.1251220703125
0.484,2.2471923828125,-5.5203857421875,1.2862548828125
0.4845,1.2061767578125,-5.7606201171875,2.5675048828125
0.485,0.4854736328125,-6.0809326171875,3.6485595703125
0.4855,-0.3153076171875,-6.2010498046875,4.4893798828125
0.486,-1.2362060546875,-5.6405029296875,4.9298095703125
0.4865,-2.4373779296875,-4.6795654296875,5.2901611328125
0.487,-3.5584716796875,-3.7987060546875,5.7305908203125
0.4875,-4.4393310546875,-2.7977294921875,5.8907470703125
0.488,-5.0399169921875,-2.0369873046875,6.0509033203125
0.4885,-5.1199951171875,-1.3162841796875,5.6104736328125
0.489,-4.9998779296875,-0.4354248046875,4.8497314453125
0.4895,-5.0799560546875,0.6456298828125,4.0489501953125
0.49,-5.0799560546875,1.9669189453125,3.1680908203125
0.4905,-4.9998779296875,3.0479736328125,2.2471923828125
0.491,-4.8397216796875,3.8487548828125,1.5264892578125
0.4915,-4.1590576171875,4.1690673828125,0.6055908203125
0.492,-3.1981201171875,4.4893798828125,-0.6356201171875
0.4925,-2.4373779296875,4.9698486328125,-1.8768310546875
0.493,-1.3963623046875,5.2100830078125,-3.0780029296875
0.4935,-0.6756591796875,5.4903564453125,-4.0789794921875
0.494,0.2052001953125,5.4102783203125,-4.7196044921875
0.4945,1.2061767578125,4.6495361328125,-5.1600341796875
0.495,2.4073486328125,3.7686767578125,-5.6405029296875
0.4955,3.5284423828125,2.6876220703125,-5.9207763671875
0.496,4.3292236328125,1.8468017578125,-6.0809326171875
0.4965,4.7696533203125,1.0059814453125,-6.1209716796875
0.497,4.7296142578125,0.2452392578125,-5.5203857421875
0.4975,4.6094970703125,-0.7957763671875,-4.6395263671875
0.498,4.6895751953125,-1.9569091796875,-3.8787841796875
0.4985,4.6094970703125,-3.1180419921875,-2.8778076171875
0.499,4.5294189453125,-4.1190185546875,-2.0369873046875
0.4995,4.2091064453125,-4.7196044921875,-1.2762451171875
0.5,3.4884033203125,-4.9998779296875,-0.3153076171875
0.5005,2.4874267578125,-5.3201904296875,0.9659423828125
0.501,1.5665283203125,-5.7606201171875,2.2872314453125
0.5015,0.6856689453125,-6.0408935546875,3.3682861328125
0.502,0.0050048828125,-6.2811279296875,4.3692626953125
0.5025,-0.9959716796875,-5.8807373046875,4.8497314453125
0.503,-2.1571044921875,-4.8797607421875,5.2501220703125
0.5035,-3.3582763671875,-3.9989013671875,5.7305908203125
0.504,-4.3592529296875,-2.8778076171875,5.9307861328125
0.5045,-5.0799560546875,-2.0770263671875,6.0509033203125
0.505,-5.2801513671875,-1.3563232421875,5.7706298828125
0.5055,-5.2401123046875,-0.5155029296875,5.0899658203125
0.506,-5.0399169921875,0.7257080078125,4.1290283203125
0.5065,-5.1199951171875,1.9669189453125,3.2081298828125
0.507,-4.9998779296875,3.0880126953125,2.2471923828125
0.5075,-4.8797607421875,3.9688720703125,1.4464111328125
0.508,-4.2391357421875,4.3292236328125,0.6055908203125
0.5085,-3.3182373046875,4.5694580078125,-0.5955810546875
0.509,-2.3973388671875,5.0098876953125,-1.8768310546875
0.5095,-1.3162841796875,5.2501220703125,-3.1580810546875
0.51,-0.5955810546875,5.5303955078125,-4.1590576171875
0.5105,0.2452392578125,5.5704345703125,-4.9598388671875
0.511,1.2462158203125,4.8897705078125,-5.3201904296875
0.5115,2.4874267578125,3.7686767578125,-5.7205810546875
0.512,3.6485595703125,2.7276611328125,-6.1209716796875
0.5125,4.4893798828125,1.6466064453125,-6.1610107421875
0.513,5.0499267578125,0.8458251953125,-6.2410888671875
0.5135,4.9298095703125,0.0050048828125,-5.7606201171875
0.514,4.7696533203125,-0.9559326171875,-4.7596435546875
0.5145,4.7296142578125,-2.0770263671875,-3.8387451171875
0.515,4.7296142578125,-3.3582763671875,-2.7977294921875
0.5155,4.6094970703125,-4.3592529296875,-1.8768310546875
0.516,4.3692626953125,-5.0799560546875,-1.1561279296875
0.5165,3.5284423828125,-5.2801513671875,-0.1951904296875
0.517,2.4073486328125,-5.4803466796875,1.1260986328125
0.5175,1.4063720703125,-5.8807373046875,2.4874267578125
0.518,0.4854736328125,-6.0809326171875,3.6485595703125
0.5185,-0.3553466796875,-6.3211669921875,4.6094970703125
0.519,-1.1160888671875,-6.0809326171875,5.1300048828125
0.5195,-2.2371826171875,-5.1199951171875,5.4903564453125
0.52,-3.5184326171875,-4.0389404296875,5.8907470703125
0.5205,-4.5994873046875,-2.8778076171875,6.0909423828125
0.521,-5.2801513671875,-1.9569091796875,6.1309814453125
0.5215,-5.6004638671875,-1.1561279296875,6.0909423828125
0.522,-5.4403076171875,-0.3153076171875,5.2501220703125
0.5225,-5.2000732421875,0.8858642578125,4.1690673828125
0.523,-5.2000732421875,2.1270751953125,3.2481689453125
0.5235,-5.0799560546875,3.2481689453125,2.2071533203125
0.524,-4.9197998046875,4.1690673828125,1.2862548828125
0.5245,-4.4393310546875,4.6094970703125,0.5255126953125
0.525,-3.5184326171875,4.8096923828125,-0.5955810546875
0.5255,-2.2772216796875,5.0499267578125,-1.9569091796875
0.526,-1.2762451171875,5.4102783203125,-3.2781982421875
0.5265,-0.3553466796875,5.5303955078125,-4.3192138671875
0.527,0.4053955078125,5.6905517578125,-5.1600341796875
0.5275,1.2862548828125,5.0899658203125,-5.6004638671875
0.528,2.5675048828125,3.9288330078125,-5.9207763671875
0.5285,3.7286376953125,2.8477783203125,-6.2811279296875
0.529,4.6495361328125,1.7266845703125,-6.4012451171875
0.5295,5.1700439453125,0.6456298828125,-6.4412841796875
0.53,5.3302001953125,0.0850830078125,-6.0008544921875
0.5305,5.0899658203125,-0.9959716796875,-5.1199951171875
0.531,4.9298095703125,-2.2371826171875,-3.9188232421875
0.5315,4.9298095703125,-3.5584716796875,-2.8778076171875
0.532,4.7696533203125,-4.5594482421875,-1.8367919921875
0.5325,4.5294189453125,-5.4002685546875,-0.9959716796875
0.533,3.7686767578125,-5.6405029296875,0.0050048828125
0.5335,2.6075439453125,-5.7606201171875,1.1661376953125
0.534,1.4063720703125,-6.1209716796875,2.5675048828125
0.5345,0.2852783203125,-6.2811279296875,3.8887939453125
0.535,-0.5955810546875,-6.4412841796875,4.9298095703125
0.5355,-1.3162841796875,-6.3612060546875,5.6104736328125
0.536,-2.4774169921875,-5.4002685546875,5.9708251953125
0.5365,-3.8787841796875,-4.0789794921875,6.2911376953125
0.537,-5.0399169921875,-2.8778076171875,6.5313720703125
0.5375,-5.8406982421875,-1.7967529296875,6.6114501953125
0.538,-6.1209716796875,-0.9559326171875,6.4112548828125
0.5385,-5.9608154296875,0.0450439453125,5.6505126953125
0.539,-5.6405029296875,1.2462158203125,4.4093017578125
0.5395,-5.4803466796875,2.5274658203125,3.2081298828125
0.54,-5.3201904296875,3.8487548828125,1.9268798828125
0.5405,-5.0399169921875,4.8096923828125,0.9659423828125
0.541,-4.5594482421875,5.3302001953125,0.1251220703125
0.5415,-3.5584716796875,5.4102783203125,-0.9959716796875
0.542,-2.0770263671875,5.4903564453125,-2.4774169921875
0.5425,-0.9559326171875,5.8106689453125,-3.8787841796875
0.543,0.2452392578125,5.7706298828125,-4.9998779296875
0.5435,0.9259033203125,5.8907470703125,-5.8006591796875
0.544,1.7667236328125,5.3302001953125,-6.2811279296875
0.5445,3.0479736328125,3.9288330078125,-6.5213623046875
0.545,4.3292236328125,2.6876220703125,-6.7215576171875
0.5455,5.4903564453125,1.4063720703125,-6.8817138671875
0.546,5.8106689453125,0.4053955078125,-6.6014404296875
0.5465,5.9708251953125,-0.5155029296875,-6.2811279296875
0.547,5.6104736328125,-1.4364013671875,-5.2801513671875
0.5475,5.2100830078125,-2.7176513671875,-3.8387451171875
0.548,5.0899658203125,-3.9989013671875,-2.6776123046875
0.5485,4.8096923828125,-5.1199951171875,-1.5565185546875
0.549,4.4893798828125,-5.8406982421875,-0.5955810546875
0.5495,3.8087158203125,-6.2010498046875,0.2852783203125
0.55,2.6075439453125,-6.2010498046875,1.4063720703125
0.5505,1.2061767578125,-6.3211669921875,2.9278564453125
0.551,0.0050048828125,-6.5213623046875,4.3292236328125
0.5515,-0.9959716796875,-6.5213623046875,5.2501220703125
0.552,-1.5965576171875,-6.5614013671875,6.0509033203125
0.5525,-2.5975341796875,-5.7606201171875,6.3712158203125
0.553,-3.9188232421875,-4.3592529296875,6.4512939453125
0.5535,-5.1199951171875,-3.1981201171875,6.6514892578125
0.554,-5.9608154296875,-1.7967529296875,6.6915283203125
0.5545,-6.4012451171875,-0.8758544921875,6.5313720703125
0.555,-6.3211669921875,0.0450439453125,5.9708251953125
0.5555,-5.9207763671875,1.0460205078125,4.8897705078125
0.556,-5.6405029296875,2.4073486328125,3.5284423828125
0.5565,-5.4803466796875,3.7286376953125,2.2872314453125
0.557,-5.1600341796875,4.7296142578125,1.2061767578125
0.5575,-4.8397216796875,5.4503173828125,0.2852783203125
0.558,-3.8787841796875,5.5303955078125,-0.6756591796875
0.5585,-2.5975341796875,5.5704345703125,-1.9569091796875
0.559,-1.3162841796875,5.8106689453125,-3.4783935546875
0.5595,0.0050048828125,5.8907470703125,-4.7996826171875
0.56,0.7657470703125,5.9307861328125,-5.6405029296875
0.5605,1.4864501953125,5.7706298828125,-6.2410888671875
0.561,2.5274658203125,4.6495361328125,-6.4813232421875
0.5615,3.9288330078125,3.2081298828125,-6.7215576171875
0.562,5.0098876953125,2.0469970703125,-6.9217529296875
0.5625,5.6905517578125,0.8858642578125,-6.7615966796875
0.563,6.0509033203125,0.0050048828125,-6.5614013671875
0.5635,5.8106689453125,-0.9959716796875,-5.8006591796875
0.564,5.4102783203125,-2.1170654296875,-4.5194091796875
0.5645,5.2501220703125,-3.3983154296875,-3.3182373046875
0.565,5.0098876953125,-4.7596435546875,-1.9969482421875
0.5655,4.7296142578125,-5.6405029296875,-1.0360107421875
0.566,4.2891845703125,-6.1610107421875,-0.1951904296875
0.5665,3.2081298828125,-6.2010498046875,0.8858642578125
0.567,1.8468017578125,-6.2811279296875,2.2872314453125
0.5675,0.5655517578125,-6.5614013671875,3.8087158203125
0.568,-0.6356201171875,-6.5614013671875,4.9698486328125
0.5685,-1.2762451171875,-6.6414794921875,5.7706298828125
0.569,-2.1571044921875,-6.2010498046875,6.2510986328125
0.5695,-3.3983154296875,-4.9598388671875,6.4512939453125
0.57,-4.7596435546875,-3.5985107421875,6.7716064453125
0.5705,-5.7606201171875,-2.2772216796875,6.8516845703125
0.571,-6.3211669921875,-1.2362060546875,6.6514892578125
0.5715,-6.4412841796875,-0.3953857421875,6.3712158203125
0.572,-6.1209716796875,0.6456298828125,5.3702392578125
0.5725,-5.7606201171875,1.9669189453125,3.9688720703125
0.573,-5.6405029296875,3.3282470703125,2.7276611328125
0.5735,-5.3201904296875,4.5294189453125,1.4864501953125
0.574,-4.9998779296875,5.3302001953125,0.5255126953125
0.5745,-4.3192138671875,5.6505126953125,-0.4354248046875
0.575,-3.1180419921875,5.7305908203125,-1.5565185546875
0.5755,-1.6365966796875,5.8507080078125,-3.1580810546875
0.576,-0.3553466796875,6.0108642578125,-4.5994873046875
0.5765,0.6055908203125,5.8507080078125,-5.6405029296875
0.577,1.3262939453125,5.9307861328125,-6.3612060546875
0.5775,2.2872314453125,5.0899658203125,-6.6414794921875
0.578,3.6885986328125,3.6485595703125,-6.8016357421875
0.5785,4.9298095703125,2.4073486328125,-7.0819091796875
0.579,5.7706298828125,1.0460205078125,-6.9617919921875
0.5795,6.1710205078125,0.0850830078125,-6.7215576171875
0.58,6.0909423828125,-0.8358154296875,-6.1610107421875
0.5805,5.6905517578125,-1.9168701171875,-4.9998779296875
0.581,5.3702392578125,-3.2781982421875,-3.5584716796875
0.5815,5.1700439453125,-4.6795654296875,-2.2371826171875
0.582,4.8096923828125,-5.6405029296875,-1.1561279296875
0.5825,4.4493408203125,-6.2811279296875,-0.2752685546875
0.583,3.4884033203125,-6.4012451171875,0.7657470703125
0.5835,2.1671142578125,-6.4012451171875,2.0469970703125
0.584,0.7657470703125,-6.5614013671875,3.5684814453125
0.5845,-0.6756591796875,-6.6014404296875,4.9298095703125
0.585,-1.3162841796875,-6.6414794921875,5.7305908203125
0.5855,-1.9969482421875,-6.4412841796875,6.2510986328125
0.586,-3.0780029296875,-5.3201904296875,6.4512939453125
0.5865,-4.4793701171875,-3.8387451171875,6.6514892578125
0.587,-5.5203857421875,-2.5975341796875,6.8516845703125
0.5875,-6.1610107421875,-1.4364013671875,6.6514892578125
0.588,-6.4412841796875,-0.5955810546875,6.4112548828125
0.5885,-6.2010498046875,0.3653564453125,5.6905517578125
0.589,-5.7606201171875,1.4063720703125,4.4493408203125
0.5895,-5.5604248046875,2.6876220703125,3.2081298828125
0.59,-5.3201904296875,3.9688720703125,1.9268798828125
0.5905,-4.9998779296875,4.8497314453125,0.9259033203125
0.591,-4.5594482421875,5.4102783203125,0.0850830078125
0.5915,-3.5584716796875,5.4503173828125,-0.9158935546875
0.592,-2.2371826171875,5.4903564453125,-2.2772216796875
0.5925,-0.9959716796875,5.8106689453125,-3.7186279296875
0.593,0.1651611328125,5.7305908203125,-4.8397216796875
0.5935,0.8057861328125,5.8106689453125,-5.6805419921875
0.594,1.5665283203125,5.4503173828125,-6.1209716796875
0.5945,2.6876220703125,4.4093017578125,-6.3211669921875
0.595,3.8887939453125,3.1680908203125,-6.5614013671875
0.5955,4.9298095703125,1.8868408203125,-6.6815185546875
0.596,5.5704345703125,0.8458251953125,-6.6014404296875
0.5965,5.7706298828125,0.0850830078125,-6.4012451171875
0.597,5.4903564453125,-0.9158935546875,-5.5203857421875
0.5975,5.1700439453125,-2.0369873046875,-4.3592529296875
0.598,5.0899658203125,-3.2381591796875,-3.3182373046875
0.5985,4.8897705078125,-4.4793701171875,-2.1170654296875
0.599,4.6495361328125,-5.3602294921875,-1.1561279296875
0.5995,4.1290283203125,-5.8406982421875,-0.3553466796875
0.6,3.1280517578125,-5.9207763671875,0.7257080078125
0.6005,1.8468017578125,-6.2010498046875,2.0469970703125
0.601,0.6456298828125,-6.4012451171875,3.5284423828125
0.6015,-0.3953857421875,-6.4412841796875,4.6094970703125
0.602,-1.0760498046875,-6.5614013671875,5.4503173828125
0.6025,-1.9569091796875,-5.9207763671875,5.8106689453125
0.603,-3.1981201171875,-4.7196044921875,6.0909423828125
0.6035,-4.3992919921875,-3.6385498046875,6.4512939453125
0.604,-5.3201904296875,-2.3973388671875,6.4512939453125
0.6045,-5.9207763671875,-1.4364013671875,6.4112548828125
0.605,-5.9608154296875,-0.6356201171875,6.0108642578125
0.6055,-5.7205810546875,0.3653564453125,5.0899658203125
0.606,-5.4403076171875,1.5665283203125,3.9288330078125
0.6065,-5.4002685546875,2.9278564453125,2.7677001953125
0.607,-5.1600341796875,3.9688720703125,1.7667236328125
0.6075,-4.9197998046875,4.8096923828125,0.8458251953125
0.608,-4.1590576171875,5.0499267578125,0.0050048828125
0.6085,-3.0379638671875,5.1300048828125,-1.2362060546875
0.609,-1.9569091796875,5.4102783203125,-2.5975341796875
0.6095,-0.6756591796875,5.4503173828125,-3.9188232421875
0.61,0.1651611328125,5.6905517578125,-4.8797607421875
0.6105,0.8458251953125,5.6505126953125,-5.6004638671875
0.611,1.8468017578125,4.8096923828125,-5.9207763671875
0.6115,3.0880126953125,3.6085205078125,-6.1209716796875
0.612,4.1690673828125,2.4874267578125,-6.4412841796875
0.6125,4.9298095703125,1.4063720703125,-6.4012451171875
0.613,5.4102783203125,0.6055908203125,-6.3612060546875
0.6135,5.2501220703125,-0.3153076171875,-5.7606201171875
0.614,4.9698486328125,-1.2362060546875,-4.7596435546875
0.6145,4.8897705078125,-2.3973388671875,-3.7987060546875
0.615,4.7696533203125,-3.6385498046875,-2.6375732421875
0.6155,4.5694580078125,-4.5994873046875,-1.6766357421875
0.616,4.3292236328125,-5.3201904296875,-0.9158935546875
0.6165,3.4884033203125,-5.4403076171875,0.0450439453125
0.617,2.4473876953125,-5.6805419921875,1.1661376953125
0.6175,1.4063720703125,-6.0408935546875,2.5274658203125
0.618,0.3253173828125,-6.1209716796875,3.6885986328125
0.6185,-0.4754638671875,-6.3612060546875,4.6094970703125
0.619,-1.1961669921875,-6.1209716796875,5.2100830078125
0.6195,-2.2371826171875,-5.2000732421875,5.5303955078125
0.62,-3.3983154296875,-4.1990966796875,5.8907470703125
0.6205,-4.5194091796875,-3.0780029296875,6.1309814453125
0.621,-5.1600341796875,-2.1170654296875,6.1710205078125
0.6215,-5.5604248046875,-1.3563232421875,6.0909423828125
0.622,-5.4403076171875,-0.5955810546875,5.4503173828125
0.6225,-5.2000732421875,0.5255126953125,4.4893798828125
0.623,-5.2000732421875,1.6866455078125,3.6085205078125
0.6235,-5.1199951171875,2.8477783203125,2.5274658203125
0.624,-4.9598388671875,3.8487548828125,1.6466064453125
0.6245,-4.5594482421875,4.4093017578125,0.8858642578125
0.625,-3.7586669921875,4.6094970703125,-0.1551513671875
0.6255,-2.7176513671875,4.8497314453125,-1.4364013671875
0.626,-1.7166748046875,5.2501220703125,-2.7176513671875
0.6265,-0.7957763671875,5.4102783203125,-3.7987060546875
0.627,0.0050048828125,5.6905517578125,-4.7596435546875
0.6275,0.8057861328125,5.2501220703125,-5.2000732421875
0.628,1.9669189453125,4.2491455078125,-5.5203857421875
0.6285,3.0880126953125,3.3682861328125,-5.9608154296875
0.629,4.0889892578125,2.2471923828125,-6.1209716796875
0.6295,4.7696533203125,1.3262939453125,-6.2010498046875
0.63,4.9698486328125,0.6055908203125,-5.9608154296875
0.6305,4.8497314453125,-0.3153076171875,-5.2401123046875
0.631,4.7296142578125,-1.3563232421875,-4.3592529296875
0.6315,4.7696533203125,-2.5574951171875,-3.4383544921875
0.632,4.6094970703125,-3.6785888671875,-2.4774169921875
0.6325,4.5294189453125,-4.5594482421875,-1.6365966796875
0.633,3.9688720703125,-4.9998779296875,-0.8358154296875
0.6335,3.0880126953125,-5.2801513671875,0.2852783203125
0.634,2.1671142578125,-5.6405029296875,1.5264892578125
0.6345,1.1260986328125,-5.8406982421875,2.7677001953125
0.635,0.3653564453125,-6.1209716796875,3.8087158203125
0.6355,-0.4354248046875,-6.2410888671875,4.6094970703125
0.636,-1.3563232421875,-5.6405029296875,5.0499267578125
0.6365,-2.5574951171875,-4.6395263671875,5.4102783203125
0.637,-3.7186279296875,-3.6785888671875,5.8106689453125
0.6375,-4.5594482421875,-2.6375732421875,5.8907470703125
0.638,-5.1600341796875,-1.8768310546875,6.0108642578125
0.6385,-5.2000732421875,-1.1160888671875,5.6104736328125
0.639,-5.0399169921875,-0.1951904296875,4.8096923828125
0.6395,-5.0799560546875,0.9259033203125,4.0089111328125
0.64,-5.0399169921875,2.1671142578125,3.0079345703125
0.6405,-4.9598388671875,3.1680908203125,2.1270751953125
0.641,-4.7996826171875,3.9288330078125,1.3262939453125
0.6415,-4.1190185546875,4.2891845703125,0.4854736328125
0.642,-3.1580810546875,4.5294189453125,-0.7156982421875
0.6425,-2.2772216796875,5.0098876953125,-1.9569091796875
0.643,-1.2362060546875,5.2100830078125,-3.1580810546875
0.6435,-0.5955810546875,5.5303955078125,-4.1990966796875
0.644,0.2852783203125,5.3702392578125,-4.8397216796875
0.6445,1.2862548828125,4.6094970703125,-5.2000732421875
0.645,2.4874267578125,3.7286376953125,-5.6405029296875
0.6455,3.5684814453125,2.6876220703125,-5.9207763671875
0.646,4.3692626953125,1.7667236328125,-6.0809326171875
0.6465,4.8096923828125,1.0059814453125,-6.1209716796875
0.647,4.7696533203125,0.2052001953125,-5.4803466796875
0.6475,4.6094970703125,-0.9158935546875,-4.5994873046875
0.648,4.6895751953125,-1.9569091796875,-3.8387451171875
0.6485,4.6094970703125,-3.1981201171875,-2.8778076171875
0.649,4.5294189453125,-4.1990966796875,-1.9969482421875
0.6495,4.2491455078125,-4.7996826171875,-1.2362060546875
0.65,3.4483642578125,-5.0399169921875,-0.3153076171875
0.6505,2.5274658203125,-5.3602294921875,0.9659423828125
0.651,1.5665283203125,-5.7606201171875,2.2471923828125
0.6515,0.6856689453125,-5.9608154296875,3.3282470703125
0.652,0.0050048828125,-6.2811279296875,4.3292236328125
0.6525,-0.9959716796875,-5.8406982421875,4.8497314453125
0.653,-2.1170654296875,-4.9197998046875,5.2100830078125
0.6535,-3.2381591796875,-4.0789794921875,5.7305908203125
0.654,-4.3192138671875,-2.9578857421875,5.8907470703125
0.6545,-4.9998779296875,-2.1170654296875,6.0509033203125
0.655,-5.2401123046875,-1.3563232421875,5.7706298828125
0.6555,-5.1199951171875,-0.5955810546875,5.1300048828125
0.656,-5.0399169921875,0.6055908203125,4.2491455078125
0.6565,-5.0799560546875,1.8868408203125,3.2882080078125
0.657,-4.9998779296875,2.8878173828125,2.3272705078125
0.6575,-4.8797607421875,3.8487548828125,1.5264892578125
0.658,-4.3592529296875,4.2491455078125,0.7257080078125
0.6585,-3.3983154296875,4.4893798828125,-0.4754638671875
0.659,-2.5574951171875,4.9298095703125,-1.6766357421875
0.6595,-1.4364013671875,5.1700439453125,-2.9578857421875
0.66,-0.6756591796875,5.4503173828125,-3.9989013671875
0.6605,0.1251220703125,5.5303955078125,-4.8397216796875
0.661,1.0860595703125,4.9298095703125,-5.2401123046875
0.6615,2.2872314453125,3.8487548828125,-5.6004638671875
0.662,3.4483642578125,2.8477783203125,-5.9608154296875
0.6625,4.3292236328125,1.8468017578125,-6.1209716796875
0.663,4.9298095703125,1.0059814453125,-6.1610107421875
0.6635,4.9298095703125,0.2852783203125,-5.7205810546875
0.664,4.7296142578125,-0.7557373046875,-4.8397216796875
0.6645,4.7296142578125,-1.8768310546875,-3.9989013671875
0.665,4.6895751953125,-3.1981201171875,-2.9578857421875
0.6655,4.6094970703125,-4.1990966796875,-2.0369873046875
0.666,4.4093017578125,-4.9197998046875,-1.2762451171875
0.6665,3.6485595703125,-5.1600341796875,-0.3553466796875
0.667,2.6075439453125,-5.4403076171875,0.9259033203125
0.6675,1.6065673828125,-5.8406982421875,2.2471923828125
0.668,0.6055908203125,-6.0008544921875,3.4483642578125
0.6685,-0.1951904296875,-6.2811279296875,4.4493408203125
0.669,-0.9959716796875,-6.0809326171875,5.0499267578125
0.6695,-2.0770263671875,-5.1600341796875,5.4102783203125
0.67,-3.3582763671875,-4.1590576171875,5.8106689453125
0.6705,-4.4793701171875,-2.9578857421875,6.0909423828125
0.671,-5.1600341796875,-1.9969482421875,6.1309814453125
0.6715,-5.5203857421875,-1.2762451171875,6.0509033203125
0.672,-5.4002685546875,-0.4354248046875,5.3302001953125
0.6725,-5.2000732421875,0.7657470703125,4.2891845703125
0.673,-5.2000732421875,1.9268798828125,3.3282470703125
0.6735,-5.1199951171875,3.1680908203125,2.2471923828125
0.674,-4.9598388671875,4.1290283203125,1.3663330078125
0.6745,-4.4793701171875,4.6094970703125,0.5655517578125
0.675,-3.5584716796875,4.8096923828125,-0.5155029296875
0.6755,-2.3973388671875,5.0499267578125,-1.8768310546875
0.676,-1.3162841796875,5.4102783203125,-3.1981201171875
0.6765,-0.4354248046875,5.5303955078125,-4.2391357421875
0.677,0.3653564453125,5.6905517578125,-5.1600341796875
0.6775,1.2462158203125,5.0899658203125,-5.5604248046875
0.678,2.4874267578125,3.9288330078125,-5.8406982421875
0.6785,3.6885986328125,2.8878173828125,-6.2410888671875
0.679,4.6094970703125,1.7266845703125,-6.2811279296875
0.6795,5.2100830078125,0.7657470703125,-6.2811279296875
0.68,5.3302001953125,0.0450439453125,-5.9207763671875
0.6805,5.0899658203125,-0.9959716796875,-5.0399169921875
0.681,4.8897705078125,-2.2371826171875,-3.9188232421875
0.6815,4.8497314453125,-3.5184326171875,-2.8778076171875
0.682,4.6895751953125,-4.5194091796875,-1.8367919921875
0.6825,4.4893798828125,-5.3201904296875,-1.0360107421875
0.683,3.7686767578125,-5.6004638671875,-0.1551513671875
0.6835,2.6075439453125,-5.7205810546875,1.0860595703125
0.684,1.5264892578125,-6.0408935546875,2.4874267578125
0.6845,0.3653564453125,-6.2010498046875,3.8087158203125
0.685,-0.5155029296875,-6.4012451171875,4.8096923828125
0.6855,-1.2362060546875,-6.3612060546875,5.5303955078125
0.686,-2.3172607421875,-5.4403076171875,5.8507080078125
0.6865,-3.7186279296875,-4.1190185546875,6.1309814453125
0.687,-4.8397216796875,-2.9979248046875,6.4512939453125
0.6875,-5.6004638671875,-1.9168701171875,6.4112548828125
0.688,-6.0408935546875,-1.0360107421875,6.3311767578125
0.6885,-5.8807373046875,-0.1551513671875,5.6505126953125
0.689,-5.5604248046875,1.0059814453125,4.4893798828125
0.6895,-5.4403076171875,2.2872314453125,3.3282470703125
0.69,-5.3201904296875,3.6485595703125,2.1671142578125
0.6905,-5.0799560546875,4.5694580078125,1.1260986328125
0.691,-4.6795654296875,5.1700439453125,0.2852783203125
0.6915,-3.6385498046875,5.2901611328125,-0.7557373046875
0.692,-2.2772216796875,5.4102783203125,-2.2371826171875
0.6925,-1.1561279296875,5.7305908203125,-3.6385498046875
0.693,0.0450439453125,5.7305908203125,-4.7996826171875
0.6935,0.7657470703125,5.8507080078125,-5.6805419921875
0.694,1.6065673828125,5.3702392578125,-6.1209716796875
0.6945,2.8878173828125,4.1290283203125,-6.4012451171875
0.695,4.1690673828125,2.8477783203125,-6.6815185546875
0.6955,5.2100830078125,1.5665283203125,-6.7215576171875
0.696,5.7305908203125,0.5655517578125,-6.6014404296875
0.6965,5.9307861328125,-0.3553466796875,-6.3612060546875
0.697,5.6104736328125,-1.3563232421875,-5.3201904296875
0.6975,5.2501220703125,-2.6776123046875,-3.9188232421875
0.698,5.0899658203125,-3.9588623046875,-2.7576904296875
0.6985,4.8497314453125,-5.0799560546875,-1.5965576171875
0.699,4.4893798828125,-5.8406982421875,-0.6356201171875
0.6995,3.8487548828125,-6.2410888671875,0.2852783203125
0.7,2.6475830078125,-6.2410888671875,1.4464111328125
0.7005,1.2462158203125,-6.3612060546875,2.9678955078125
0.701,0.0050048828125,-6.5213623046875,4.3292236328125
0.7015,-0.9959716796875,-6.5213623046875,5.2901611328125
0.702,-1.6365966796875,-6.5213623046875,6.0909423828125
0.7025,-2.6776123046875,-5.6405029296875,6.3712158203125
0.703,-4.0389404296875,-4.1990966796875,6.5313720703125
0.7035,-5.2000732421875,-2.9578857421875,6.7716064453125
0.704,-6.0408935546875,-1.6766357421875,6.6915283203125
0.7045,-6.4412841796875,-0.7156982421875,6.4913330078125
0.705,-6.4012451171875,0.1651611328125,5.9307861328125
0.7055,-5.9207763671875,1.2061767578125,4.7696533203125
0.706,-5.6405029296875,2.5675048828125,3.3682861328125
0.7065,-5.4403076171875,3.8887939453125,2.1270751953125
0.707,-5.1199951171875,4.8497314453125,1.0059814453125
0.7075,-4.7596435546875,5.5704345703125,0.1251220703125
0.708,-3.7987060546875,5.6505126953125,-0.8758544921875
0.7085,-2.4373779296875,5.6505126953125,-2.1971435546875
0.709,-1.1561279296875,5.8907470703125,-3.7186279296875
0.7095,0.2052001953125,5.8907470703125,-4.9998779296875
0.71,0.9259033203125,5.8907470703125,-5.8006591796875
0.7105,1.6065673828125,5.6905517578125,-6.4012451171875
0.711,2.6876220703125,4.6094970703125,-6.6014404296875
0.7115,4.0889892578125,3.1280517578125,-6.7215576171875
0.712,5.1300048828125,1.8868408203125,-6.9217529296875
0.7125,5.8106689453125,0.6856689453125,-6.7215576171875
0.713,6.0909423828125,-0.3153076171875,-6.5213623046875
0.7135,5.8507080078125,-1.1961669921875,-5.7606201171875
0.714,5.4102783203125,-2.2772216796875,-4.4393310546875
0.7145,5.1700439453125,-3.5584716796875,-3.1981201171875
0.715,4.9698486328125,-4.7996826171875,-1.9569091796875
0.7155,4.6495361328125,-5.6405029296875,-0.9959716796875
0.716,4.2091064453125,-6.2410888671875,0.0050048828125
0.7165,3.1680908203125,-6.2410888671875,0.9259033203125
0.717,1.7266845703125,-6.2811279296875,2.3673095703125
0.7175,0.5255126953125,-6.5213623046875,3.8087158203125
0.718,-0.6756591796875,-6.4813232421875,4.8897705078125
0.7185,-1.3162841796875,-6.6014404296875,5.7305908203125
0.719,-2.1571044921875,-6.1209716796875,6.2110595703125
0.7195,-3.3582763671875,-4.9197998046875,6.4112548828125
0.72,-4.6395263671875,-3.6385498046875,6.6915283203125
0.7205,-5.6405029296875,-2.2772216796875,6.7315673828125
0.721,-6.2410888671875,-1.2762451171875,6.5714111328125
0.7215,-6.4012451171875,-0.4754638671875,6.2911376953125
0.722,-6.1209716796875,0.6055908203125,5.4102783203125
0.7225,-5.7606201171875,1.8868408203125,4.0089111328125
0.723,-5.6405029296875,3.1680908203125,2.8477783203125
0.7235,-5.3201904296875,4.3292236328125,1.6065673828125
0.724,-4.9998779296875,5.2100830078125,0.6456298828125
0.7245,-4.3592529296875,5.5704345703125,-0.3153076171875
0.725,-3.1981201171875,5.6104736328125,-1.3963623046875
0.7255,-1.7967529296875,5.7305908203125,-2.8778076171875
0.726,-0.5555419921875,5.8907470703125,-4.3592529296875
0.7265,0.4854736328125,5.9307861328125,-5.3201904296875
0.727,1.2061767578125,5.9307861328125,-6.1610107421875
0.7275,2.1671142578125,5.1300048828125,-6.4813232421875
0.728,3.5284423828125,3.6885986328125,-6.6815185546875
0.7285,4.6895751953125,2.5274658203125,-6.9217529296875
0.729,5.5704345703125,1.2061767578125,-6.8817138671875
0.7295,6.0509033203125,0.2052001953125,-6.7215576171875
0.73,6.0108642578125,-0.7156982421875,-6.2010498046875
0.7305,5.6505126953125,-1.7567138671875,-5.0799560546875
0.731,5.3702392578125,-3.1180419921875,-3.7186279296875
0.7315,5.1700439453125,-4.4793701171875,-2.4373779296875
0.732,4.8897705078125,-5.4403076171875,-1.3162841796875
0.7325,4.5294189453125,-6.2010498046875,-0.3953857421875
0.733,3.5684814453125,-6.3612060546875,0.6055908203125
0.7335,2.2471923828125,-6.4012451171875,1.9268798828125
0.734,0.8858642578125,-6.5614013671875,3.4884033203125
0.7345,-0.5155029296875,-6.5614013671875,4.7696533203125
0.735,-1.2362060546875,-6.6014404296875,5.6905517578125
0.7355,-1.9569091796875,-6.4012451171875,6.2911376953125
0.736,-3.1580810546875,-5.2801513671875,6.5313720703125
0.7365,-4.5194091796875,-3.8387451171875,6.7315673828125
0.737,-5.6004638671875,-2.5975341796875,6.8917236328125
0.7375,-6.2410888671875,-1.4764404296875,6.6915283203125
0.738,-6.5213623046875,-0.5155029296875,6.4512939453125
0.7385,-6.2811279296875,0.4454345703125,5.6905517578125
0.739,-5.8406982421875,1.5665283203125,4.4093017578125
0.7395,-5.6004638671875,2.8477783203125,3.1280517578125
0.74,-5.3602294921875,4.1290283203125,1.8468017578125
0.7405,-4.9998779296875,5.0499267578125,0.7657470703125
0.741,-4.5194091796875,5.6104736328125,-0.1951904296875
0.7415,-3.4783935546875,5.6104736328125,-1.1561279296875
0.742,-2.0369873046875,5.6505126953125,-2.5574951171875
0.7425,-0.8358154296875,5.8907470703125,-3.9989013671875
0.743,0.3653564453125,5.8106689453125,-5.0799560546875
0.7435,1.0860595703125,5.8907470703125,-5.9207763671875
0.744,1.8468017578125,5.3702392578125,-6.3612060546875
0.7445,3.0079345703125,4.1690673828125,-6.5213623046875
0.745,4.2091064453125,2.8878173828125,-6.7615966796875
0.7455,5.2501220703125,1.6065673828125,-6.8016357421875
0.746,5.7305908203125,0.6055908203125,-6.6014404296875
0.7465,5.9307861328125,-0.2752685546875,-6.4012451171875
0.747,5.6104736328125,-1.1561279296875,-5.4803466796875
0.7475,5.2100830078125,-2.3172607421875,-4.1990966796875
0.748,5.0899658203125,-3.5584716796875,-3.1180419921875
0.7485,4.8497314453125,-4.7196044921875,-1.9168701171875
0.749,4.5694580078125,-5.5604248046875,-0.9559326171875
0.7495,4.0089111328125,-6.0408935546875,0.0050048828125
0.75,2.9278564453125,-6.0809326171875,1.0059814453125
0.7505,1.6466064453125,-6.2010498046875,2.4073486328125
0.751,0.4854736328125,-6.4012451171875,3.7686767578125
0.7515,-0.5955810546875,-6.4412841796875,4.8096923828125
0.752,-1.2762451171875,-6.5614013671875,5.6505126953125
0.7525,-2.1571044921875,-5.8807373046875,6.0108642578125
0.753,-3.4383544921875,-4.6395263671875,6.2110595703125
0.7535,-4.5994873046875,-3.5584716796875,6.5313720703125
0.754,-5.5203857421875,-2.2772216796875,6.5313720703125
0.7545,-6.1209716796875,-1.3162841796875,6.4512939453125
0.755,-6.1209716796875,-0.5155029296875,6.0509033203125
0.7555,-5.8006591796875,0.4854736328125,5.1300048828125
0.756,-5.5203857421875,1.7667236328125,3.8887939453125
0.7565,-5.4403076171875,3.0479736328125,2.7677001953125
0.757,-5.1600341796875,4.1290283203125,1.6866455078125
0.7575,-4.9598388671875,4.9298095703125,0.7657470703125
0.758,-4.1590576171875,5.1700439453125,-0.1951904296875
0.7585,-2.9578857421875,5.2501220703125,-1.3563232421875
0.759,-1.8367919921875,5.5704345703125,-2.7576904296875
0.7595,-0.6356201171875,5.6104736328125,-4.0789794921875
0.76,0.2852783203125,5.7706298828125,-5.0399169921875
0.7605,0.9659423828125,5.7305908203125,-5.7606201171875
0.761,1.9669189453125,4.8096923828125,-6.0408935546875
0.7615,3.2481689453125,3.4884033203125,-6.2811279296875
0.762,4.3292236328125,2.4473876953125,-6.5213623046875
0.7625,5.0899658203125,1.2862548828125,-6.4412841796875
0.763,5.5303955078125,0.4854736328125,-6.4012451171875
0.7635,5.4102783203125,-0.4354248046875,-5.7606201171875
0.764,5.1300048828125,-1.4364013671875,-4.7196044921875
0.7645,4.9698486328125,-2.5574951171875,-3.7186279296875
0.765,4.8096923828125,-3.8387451171875,-2.5574951171875
0.7655,4.6094970703125,-4.7596435546875,-1.5965576171875
0.766,4.3292236328125,-5.4403076171875,-0.7957763671875
0.7665,3.4884033203125,-5.6405029296875,0.2052001953125
0.767,2.2872314453125,-5.7606201171875,1.4063720703125
0.7675,1.2862548828125,-6.0809326171875,2.7276611328125
0.768,0.2052001953125,-6.1209716796875,3.8487548828125
0.7685,-0.6356201171875,-6.3612060546875,4.8096923828125
0.769,-1.3563232421875,-6.1209716796875,5.3702392578125
0.7695,-2.4373779296875,-5.1600341796875,5.6905517578125
0.77,-3.5985107421875,-4.1190185546875,6.0108642578125
0.7705,-4.6395263671875,-2.9578857421875,6.1710205078125
0.771,-5.2801513671875,-1.9969482421875,6.2110595703125
0.7715,-5.7205810546875,-1.2362060546875,6.0909423828125
0.772,-5.5203857421875,-0.4354248046875,5.4503173828125
0.7725,-5.2801513671875,0.7257080078125,4.4093017578125
0.773,-5.2401123046875,1.8868408203125,3.4884033203125
0.7735,-5.0799560546875,3.0079345703125,2.4473876953125
0.774,-4.9598388671875,3.9688720703125,1.5264892578125
0.7745,-4.5194091796875,4.5294189453125,0.7257080078125
0.775,-3.7186279296875,4.7696533203125,-0.3153076171875
0.7755,-2.5975341796875,4.9698486328125,-1.5565185546875
0.776,-1.5965576171875,5.2901611328125,-2.8778076171875
0.7765,-0.6756591796875,5.4503173828125,-3.9188232421875
0.777,0.1251220703125,5.6104736328125,-4.8397216796875
0.7775,0.9659423828125,5.1300048828125,-5.3201904296875
0.778,2.0870361328125,4.2091064453125,-5.6004638671875
0.7785,3.1680908203125,3.3282470703125,-6.0408935546875
0.779,4.1290283203125,2.2071533203125,-6.1209716796875
0.7795,4.8096923828125,1.2862548828125,-6.2010498046875
0.78,5.0499267578125,0.6055908203125,-6.0008544921875
0.7805,4.8497314453125,-0.3953857421875,-5.2801513671875
0.781,4.7696533203125,-1.4364013671875,-4.3592529296875
0.7815,4.7696533203125,-2.5975341796875,-3.3983154296875
0.782,4.6094970703125,-3.6785888671875,-2.4373779296875
0.7825,4.5294189453125,-4.5594482421875,-1.6365966796875
0.783,3.9688720703125,-4.9998779296875,-0.8358154296875
0.7835,3.0880126953125,-5.2000732421875,0.2852783203125
0.784,2.1671142578125,-5.6405029296875,1.5264892578125
0.7845,1.1260986328125,-5.8406982421875,2.7677001953125
0.785,0.3653564453125,-6.1610107421875,3.7686767578125
0.7855,-0.4354248046875,-6.2811279296875,4.6094970703125
0.786,-1.3963623046875,-5.7205810546875,5.0098876953125
0.7865,-2.5574951171875,-4.6395263671875,5.4102783203125
0.787,-3.6785888671875,-3.7186279296875,5.8106689453125
0.7875,-4.5194091796875,-2.7176513671875,5.9307861328125
0.788,-5.1199951171875,-1.9569091796875,6.0509033203125
0.7885,-5.2401123046875,-1.1561279296875,5.6104736328125
0.789,-5.0799560546875,-0.3153076171875,4.8497314453125
0.7895,-5.0799560546875,0.8458251953125,4.0889892578125
0.79,-5.0399169921875,2.0469970703125,3.1280517578125
0.7905,-4.9598388671875,3.0880126953125,2.2471923828125
0.791,-4.7996826171875,3.8887939453125,1.4464111328125
0.7915,-4.1590576171875,4.2091064453125,0.5655517578125
0.792,-3.1981201171875,4.5294189453125,-0.6356201171875
0.7925,-2.3973388671875,5.0499267578125,-1.8768310546875
0.793,-1.3563232421875,5.1700439453125,-3.0780029296875
0.7935,-0.6356201171875,5.4503173828125,-4.0389404296875
0.794,0.1651611328125,5.3302001953125,-4.7596435546875
0.7945,1.2462158203125,4.6495361328125,-5.1600341796875
0.795,2.3673095703125,3.8087158203125,-5.6004638671875
0.7955,3.4884033203125,2.7677001953125,-5.9207763671875
0.796,4.2491455078125,1.8468017578125,-6.0408935546875
0.7965,4.7696533203125,1.1260986328125,-6.1209716796875
0.797,4.7696533203125,0.3253173828125,-5.5203857421875
0.7975,4.6094970703125,-0.7957763671875,-4.6795654296875
0.798,4.7296142578125,-1.8768310546875,-3.9588623046875
0.7985,4.6495361328125,-2.9979248046875,-3.0379638671875
0.799,4.5694580078125,-3.9989013671875,-2.1170654296875
0.7995,4.2891845703125,-4.6795654296875,-1.3162841796875
0.8,3.5284423828125,-4.9998779296875,-0.3953857421875
0.8005,2.5675048828125,-5.3201904296875,0.9259033203125
0.801,1.6065673828125,-5.7606201171875,2.1671142578125
0.8015,0.7657470703125,-6.0408935546875,3.2481689453125
0.802,0.0450439453125,-6.3211669921875,4.2091064453125
0.8025,-0.9559326171875,-5.8807373046875,4.8096923828125
0.803,-2.0770263671875,-4.9998779296875,5.2100830078125
0.8035,-3.1981201171875,-4.1190185546875,5.6905517578125
0.804,-4.2391357421875,-3.0780029296875,5.8507080078125
0.8045,-4.9598388671875,-2.1971435546875,6.0108642578125
0.805,-5.2000732421875,-1.3963623046875,5.8106689453125
0.8055,-5.1600341796875,-0.5955810546875,5.1300048828125
0.806,-5.0799560546875,0.6055908203125,4.2891845703125
0.8065,-5.1199951171875,1.8067626953125,3.3282470703125
0.807,-5.0399169921875,2.8878173828125,2.4073486328125
0.8075,-4.9197998046875,3.8487548828125,1.5665283203125
0.808,-4.3592529296875,4.2491455078125,0.7257080078125
0.8085,-3.3983154296875,4.4893798828125,-0.4354248046875
0.809,-2.5574951171875,4.9298095703125,-1.6766357421875
0.8095,-1.4364013671875,5.1300048828125,-2.9979248046875
0.81,-0.7156982421875,5.4102783203125,-3.9989013671875
0.8105,0.1251220703125,5.5303955078125,-4.8397216796875
0.811,1.1260986328125,4.8897705078125,-5.2401123046875
0.8115,2.3272705078125,3.8487548828125,-5.6004638671875
0.812,3.4884033203125,2.8477783203125,-5.9608154296875
0.8125,4.2891845703125,1.8868408203125,-6.1209716796875
0.813,4.8497314453125,1.0460205078125,-6.1610107421875
0.8135,4.8897705078125,0.2852783203125,-5.6805419921875
0.814,4.7296142578125,-0.7957763671875,-4.7996826171875
0.8145,4.7296142578125,-1.8768310546875,-3.9588623046875
0.815,4.6895751953125,-3.1580810546875,-2.9578857421875
0.8155,4.5694580078125,-4.1190185546875,-2.0369873046875
0.816,4.4093017578125,-4.8797607421875,-1.2762451171875
0.8165,3.6085205078125,-5.1199951171875,-0.3553466796875
0.817,2.5675048828125,-5.4403076171875,0.9259033203125
0.8175,1.6065673828125,-5.8406982421875,2.2071533203125
0.818,0.6456298828125,-6.0408935546875,3.3282470703125
0.8185,-0.1551513671875,-6.2811279296875,4.4093017578125
0.819,-0.9959716796875,-6.0408935546875,5.0098876953125
0.8195,-2.0770263671875,-5.1600341796875,5.3702392578125
0.82,-3.2781982421875,-4.1590576171875,5.8106689453125
0.8205,-4.3992919921875,-3.0379638671875,6.0509033203125
0.821,-5.0799560546875,-2.1170654296875,6.0909423828125
0.8215,-5.4803466796875,-1.3563232421875,6.0509033203125
0.822,-5.4002685546875,-0.5155029296875,5.3702392578125
0.8225,-5.1600341796875,0.6856689453125,4.3292236328125
0.823,-5.2000732421875,1.8868408203125,3.4083251953125
0.8235,-5.0799560546875,3.0479736328125,2.4073486328125
0.824,-4.9598388671875,3.9688720703125,1.4864501953125
0.8245,-4.5194091796875,4.4893798828125,0.6856689453125
0.825,-3.5584716796875,4.6895751953125,-0.4354248046875
0.8255,-2.4774169921875,4.9698486328125,-1.7166748046875
0.826,-1.4364013671875,5.2901611328125,-3.0780029296875
0.8265,-0.5955810546875,5.4903564453125,-4.1190185546875
0.827,0.2452392578125,5.6905517578125,-4.9998779296875
0.8275,1.1661376953125,5.0899658203125,-5.4803466796875
0.828,2.4073486328125,3.9688720703125,-5.7606201171875
0.8285,3.5284423828125,3.0079345703125,-6.1610107421875
0.829,4.4893798828125,1.8468017578125,-6.2811279296875
0.8295,5.0899658203125,0.9659423828125,-6.2811279296875
0.83,5.2100830078125,0.2052001953125,-5.9207763671875
0.8305,5.0098876953125,-0.7957763671875,-5.0799560546875
0.831,4.8497314453125,-1.9569091796875,-4.0389404296875
0.8315,4.8096923828125,-3.2381591796875,-2.9979248046875
0.832,4.6495361328125,-4.2391357421875,-2.0369873046875
0.8325,4.4893798828125,-5.1199951171875,-1.1961669921875
0.833,3.8087158203125,-5.4403076171875,-0.3153076171875
0.8335,2.6876220703125,-5.6405029296875,0.9259033203125
0.834,1.6065673828125,-5.9608154296875,2.2471923828125
0.8345,0.5655517578125,-6.1209716796875,3.5284423828125
0.835,-0.3153076171875,-6.3612060546875,4.5294189453125
0.8355,-1.0360107421875,-6.2811279296875,5.2901611328125
0.836,-2.1170654296875,-5.4803466796875,5.6905517578125
0.8365,-3.4783935546875,-4.2391357421875,6.0509033203125
0.837,-4.5994873046875,-3.1580810546875,6.3311767578125
0.8375,-5.3602294921875,-2.0770263671875,6.3311767578125
0.838,-5.8406982421875,-1.2362060546875,6.2911376953125
0.8385,-5.7606201171875,-0.3553466796875,5.6905517578125
0.839,-5.4803466796875,0.8057861328125,4.5694580078125
0.8395,-5.4002685546875,2.0469970703125,3.5284423828125
0.84,-5.2801513671875,3.3682861328125,2.2872314453125
0.8405,-5.0799560546875,4.3292236328125,1.3262939453125
0.841,-4.7196044921875,4.9698486328125,0.4854736328125
0.8415,-3.7987060546875,5.0899658203125,-0.5955810546875
0.842,-2.4373779296875,5.2901611328125,-2.0369873046875
0.8425,-1.3162841796875,5.6905517578125,-3.4383544921875
0.843,-0.2352294921875,5.7305908203125,-4.5994873046875
0.8435,0.5655517578125,5.8907470703125,-5.4803466796875
0.844,1.4063720703125,5.4102783203125,-6.0408935546875
0.8445,2.6876220703125,4.2091064453125,-6.2811279296875
0.845,3.9688720703125,2.9678955078125,-6.6014404296875
0.8455,5.0499267578125,1.6466064453125,-6.6815185546875
0.846,5.6104736328125,0.6456298828125,-6.5614013671875
0.8465,5.8106689453125,-0.2752685546875,-6.2811279296875
0.847,5.5704345703125,-1.2362060546875,-5.3602294921875
0.8475,5.2100830078125,-2.5574951171875,-3.9989013671875
0.848,5.0899658203125,-3.7987060546875,-2.8778076171875
0.8485,4.8497314453125,-4.9197998046875,-1.6766357421875
0.849,4.5294189453125,-5.7606201171875,-0.7957763671875
0.8495,3.8887939453125,-6.1209716796875,0.1651611328125
0.85,2.6876220703125,-6.2010498046875,1.2862548828125
0.8505,1.2862548828125,-6.2811279296875,2.8477783203125
0.851,0.1251220703125,-6.4813232421875,4.2091064453125
0.8515,-0.8358154296875,-6.4813232421875,5.1700439453125
0.852,-1.5565185546875,-6.4813232421875,5.9307861328125
0.8525,-2.5574951171875,-5.6405029296875,6.2510986328125
0.853,-3.9188232421875,-4.2391357421875,6.4512939453125
0.8535,-5.0399169921875,-3.0780029296875,6.6915283203125
0.854,-5.8807373046875,-1.7967529296875,6.6514892578125
0.8545,-6.3211669921875,-0.8358154296875,6.4512939453125
0.855,-6.2811279296875,0.0450439453125,5.8907470703125
0.8555,-5.9207763671875,1.0860595703125,4.8096923828125
0.856,-5.6004638671875,2.4473876953125,3.4483642578125
0.8565,-5.4403076171875,3.7686767578125,2.2471923828125
0.857,-5.1199951171875,4.6895751953125,1.1260986328125
0.8575,-4.7996826171875,5.3702392578125,0.2852783203125
0.858,-3.8787841796875,5.4903564453125,-0.7557373046875
0.8585,-2.5574951171875,5.5704345703125,-1.9969482421875
0.859,-1.2762451171875,5.8106689453125,-3.5184326171875
0.8595,0.0450439453125,5.8507080078125,-4.7996826171875
0.86,0.7657470703125,5.8907470703125,-5.6405029296875
0.8605,1.5264892578125,5.7305908203125,-6.2811279296875
0.861,2.6075439453125,4.6495361328125,-6.5614013671875
0.8615,4.0089111328125,3.1680908203125,-6.7215576171875
0.862,5.0499267578125,1.9669189453125,-6.8817138671875
0.8625,5.7305908203125,0.8057861328125,-6.7215576171875
0.863,6.0509033203125,0.0050048828125,-6.5614013671875
0.8635,5.7706298828125,-0.9959716796875,-5.7606201171875
0.864,5.4102783203125,-2.1170654296875,-4.5194091796875
0.8645,5.2501220703125,-3.4383544921875,-3.2781982421875
0.865,4.9698486328125,-4.7596435546875,-1.9969482421875
0.8655,4.6895751953125,-5.6405029296875,-1.0360107421875
0.866,4.2091064453125,-6.2410888671875,-0.1951904296875
0.8665,3.1680908203125,-6.2410888671875,0.9259033203125
0.867,1.7667236328125,-6.2811279296875,2.3272705078125
0.8675,0.6055908203125,-6.5614013671875,3.7686767578125
0.868,-0.6356201171875,-6.4813232421875,4.9298095703125
0.8685,-1.2762451171875,-6.6414794921875,5.7305908203125
0.869,-2.1170654296875,-6.1209716796875,6.1710205078125
0.8695,-3.3983154296875,-4.8797607421875,6.4112548828125
0.87,-4.6795654296875,-3.5584716796875,6.7315673828125
0.8705,-5.7205810546875,-2.2772216796875,6.7716064453125
0.871,-6.2410888671875,-1.2362060546875,6.6114501953125
0.8715,-6.4012451171875,-0.4354248046875,6.3311767578125
0.872,-6.1209716796875,0.6055908203125,5.3702392578125
0.8725,-5.7606201171875,1.9268798828125,3.9688720703125
0.873,-5.6405029296875,3.1680908203125,2.8077392578125
0.8735,-5.3201904296875,4.3292236328125,1.5665283203125
0.874,-5.0399169921875,5.1700439453125,0.6055908203125
0.8745,-4.3192138671875,5.5704345703125,-0.3553466796875
0.875,-3.1580810546875,5.6505126953125,-1.4764404296875
0.8755,-1.7567138671875,5.7706298828125,-3.0379638671875
0.876,-0.5155029296875,5.9307861328125,-4.4393310546875
0.8765,0.5255126953125,5.9307861328125,-5.4403076171875
0.877,1.2061767578125,5.9708251953125,-6.2010498046875
0.8775,2.2071533203125,5.0899658203125,-6.5213623046875
0.878,3.5684814453125,3.6885986328125,-6.6815185546875
0.8785,4.7696533203125,2.4874267578125,-6.9617919921875
0.879,5.6104736328125,1.1661376953125,-6.8817138671875
0.8795,6.0909423828125,0.1651611328125,-6.6815185546875
0.88,6.0108642578125,-0.7557373046875,-6.1209716796875
0.8805,5.6104736328125,-1.7967529296875,-5.0399169921875
0.881,5.3702392578125,-3.1981201171875,-3.6785888671875
0.8815,5.2501220703125,-4.5594482421875,-2.3973388671875
0.882,4.8497314453125,-5.5203857421875,-1.2762451171875
0.8825,4.4893798828125,-6.2410888671875,-0.3953857421875
0.883,3.5284423828125,-6.4012451171875,0.6456298828125
0.8835,2.2071533203125,-6.4012451171875,2.0069580078125
0.884,0.8858642578125,-6.6014404296875,3.5284423828125
0.8845,-0.5155029296875,-6.6014404296875,4.8096923828125
0.885,-1.2362060546875,-6.6815185546875,5.7305908203125
0.8855,-1.9569091796875,-6.4412841796875,6.3311767578125
0.886,-3.1580810546875,-5.3201904296875,6.5714111328125
0.8865,-4.5594482421875,-3.8387451171875,6.7716064453125
0.887,-5.6405029296875,-2.5975341796875,6.9317626953125
0.8875,-6.2811279296875,-1.4364013671875,6.7315673828125
0.888,-6.5614013671875,-0.5155029296875,6.4913330078125
0.8885,-6.3211669921875,0.5255126953125,5.6905517578125
0.889,-5.9207763671875,1.6466064453125,4.3692626953125
0.8895,-5.7205810546875,2.9678955078125,3.1280517578125
0.89,-5.4403076171875,4.2091064453125,1.7667236328125
0.8905,-5.0799560546875,5.1300048828125,0.7657470703125
0.891,-4.5594482421875,5.6104736328125,-0.1951904296875
0.8915,-3.4783935546875,5.6905517578125,-1.1961669921875
0.892,-1.9969482421875,5.7305908203125,-2.6375732421875
0.8925,-0.7957763671875,5.9307861328125,-4.1190185546875
0.893,0.4454345703125,5.8507080078125,-5.1600341796875
0.8935,1.1260986328125,5.8907470703125,-6.0008544921875
0.894,1.9268798828125,5.4102783203125,-6.4012451171875
0.8945,3.1280517578125,4.1290283203125,-6.5614013671875
0.895,4.3292236328125,2.8477783203125,-6.8016357421875
0.8955,5.3302001953125,1.5665283203125,-6.8416748046875
0.896,5.8106689453125,0.5655517578125,-6.6815185546875
0.8965,5.9708251953125,-0.3553466796875,-6.4012451171875
0.897,5.6104736328125,-1.2762451171875,-5.4403076171875
0.8975,5.2501220703125,-2.5174560546875,-4.1590576171875
0.898,5.0899658203125,-3.7586669921875,-3.0379638671875
0.8985,4.8497314453125,-4.7996826171875,-1.8768310546875
0.899,4.5294189453125,-5.6405029296875,-0.9158935546875
0.8995,3.9688720703125,-6.0408935546875,0.0050048828125
0.9,2.8878173828125,-6.0809326171875,1.0460205078125
0.9005,1.5665283203125,-6.2010498046875,2.4874267578125
0.901,0.3653564453125,-6.4012451171875,3.8487548828125
0.9015,-0.6356201171875,-6.4412841796875,4.8096923828125
0.902,-1.2762451171875,-6.5213623046875,5.6505126953125
0.9025,-2.1971435546875,-5.8406982421875,6.0108642578125
0.903,-3.4783935546875,-4.5994873046875,6.2510986328125
0.9035,-4.5994873046875,-3.5184326171875,6.5714111328125
0.904,-5.4803466796875,-2.2772216796875,6.5313720703125
0.9045,-6.0408935546875,-1.3162841796875,6.4512939453125
0.905,-6.0809326171875,-0.5955810546875,6.0509033203125
0.9055,-5.8006591796875,0.4454345703125,5.0899658203125
0.906,-5.5604248046875,1.6866455078125,3.8887939453125
0.9065,-5.4403076171875,3.0479736328125,2.8077392578125
0.907,-5.2000732421875,4.0889892578125,1.6466064453125
0.9075,-4.9598388671875,4.8497314453125,0.8057861328125
0.908,-4.1590576171875,5.1300048828125,-0.1551513671875
0.9085,-3.0379638671875,5.2501220703125,-1.3563232421875
0.909,-1.8768310546875,5.5704345703125,-2.7176513671875
0.9095,-0.6356201171875,5.6505126953125,-4.0789794921875
0.91,0.2852783203125,5.7706298828125,-5.0399169921875
0.9105,0.9659423828125,5.7305908203125,-5.7606201171875
0.911,1.9669189453125,4.8497314453125,-6.0408935546875
0.9115,3.3282470703125,3.5684814453125,-6.3612060546875
0.912,4.4093017578125,2.4473876953125,-6.5614013671875
0.9125,5.1300048828125,1.3262939453125,-6.5213623046875
0.913,5.5704345703125,0.4854736328125,-6.4412841796875
0.9135,5.4102783203125,-0.4754638671875,-5.8406982421875
0.914,5.0899658203125,-1.4764404296875,-4.7996826171875
0.9145,5.0098876953125,-2.6375732421875,-3.7186279296875
0.915,4.8497314453125,-3.8787841796875,-2.5174560546875
0.9155,4.6495361328125,-4.8397216796875,-1.5565185546875
0.916,4.3292236328125,-5.5203857421875,-0.7957763671875
0.9165,3.4483642578125,-5.6405029296875,0.2852783203125
0.917,2.2471923828125,-5.7606201171875,1.5264892578125
0.9175,1.2061767578125,-6.1209716796875,2.8477783203125
0.918,0.1251220703125,-6.1610107421875,3.9688720703125
0.9185,-0.6756591796875,-6.4012451171875,4.9298095703125
0.919,-1.4364013671875,-6.1209716796875,5.4503173828125
0.9195,-2.5174560546875,-5.1199951171875,5.7706298828125
0.92,-3.7186279296875,-4.0389404296875,6.1309814453125
0.9205,-4.7996826171875,-2.8778076171875,6.2510986328125
0.921,-5.4403076171875,-1.9569091796875,6.2510986328125
0.9215,-5.7606201171875,-1.1561279296875,6.0909423828125
0.922,-5.6004638671875,-0.3553466796875,5.4102783203125
0.9225,-5.3201904296875,0.8858642578125,4.3292236328125
0.923,-5.2801513671875,2.0069580078125,3.4083251953125
0.9235,-5.1199951171875,3.1680908203125,2.3272705078125
0.924,-4.9598388671875,4.0889892578125,1.4063720703125
0.9245,-4.5194091796875,4.6094970703125,0.6456298828125
0.925,-3.5985107421875,4.8096923828125,-0.4354248046875
0.9255,-2.5174560546875,5.0899658203125,-1.6766357421875
0.926,-1.4364013671875,5.3702392578125,-3.0379638671875
0.9265,-0.5955810546875,5.4903564453125,-4.0389404296875
0.927,0.2052001953125,5.7305908203125,-4.9998779296875
0.9275,1.0460205078125,5.2100830078125,-5.4002685546875
0.928,2.2471923828125,4.1690673828125,-5.7205810546875
0.9285,3.3282470703125,3.2481689453125,-6.1209716796875
0.929,4.2891845703125,2.0870361328125,-6.2010498046875
0.9295,4.9298095703125,1.2061767578125,-6.2811279296875
0.93,5.0899658203125,0.4454345703125,-6.0408935546875
0.9305,4.9698486328125,-0.5155029296875,-5.2801513671875
0.931,4.8497314453125,-1.5965576171875,-4.3592529296875
0.9315,4.8096923828125,-2.7576904296875,-3.3582763671875
0.932,4.7296142578125,-3.8387451171875,-2.3973388671875
0.9325,4.5694580078125,-4.7196044921875,-1.5965576171875
0.933,3.9688720703125,-5.1199951171875,-0.7957763671875
0.9335,3.0479736328125,-5.3201904296875,0.4053955078125
0.934,2.0469970703125,-5.7205810546875,1.6466064453125
0.9345,0.9659423828125,-5.9207763671875,2.9278564453125
0.935,0.2452392578125,-6.1610107421875,3.9688720703125
0.9355,-0.5955810546875,-6.2811279296875,4.7696533203125
0.936,-1.5565185546875,-5.6405029296875,5.2100830078125
0.9365,-2.7576904296875,-4.5594482421875,5.5704345703125
0.937,-3.8787841796875,-3.6785888671875,5.9307861328125
0.9375,-4.6795654296875,-2.6375732421875,6.0509033203125
0.938,-5.3201904296875,-1.8768310546875,6.0509033203125
0.9385,-5.3201904296875,-1.0360107421875,5.6505126953125
0.939,-5.1199951171875,0.0050048828125,4.8096923828125
0.9395,-5.1600341796875,1.0860595703125,3.9688720703125
0.94,-5.1199951171875,2.2872314453125,2.9678955078125
0.9405,-4.9598388671875,3.3282470703125,2.0469970703125
0.941,-4.7596435546875,4.0889892578125,1.2862548828125
0.9415,-4.0389404296875,4.3692626953125,0.4053955078125
0.942,-3.0780029296875,4.6094970703125,-0.8358154296875
0.9425,-2.1971435546875,5.0899658203125,-2.1170654296875
0.943,-1.1561279296875,5.2501220703125,-3.2781982421875
0.9435,-0.4754638671875,5.4903564453125,-4.2791748046875
0.944,0.3653564453125,5.3702392578125,-4.8797607421875
0.9445,1.4063720703125,4.5694580078125,-5.2801513671875
0.945,2.6075439453125,3.6485595703125,-5.7606201171875
0.9455,3.6885986328125,2.5675048828125,-5.9608154296875
0.946,4.4093017578125,1.6466064453125,-6.1209716796875
0.9465,4.8096923828125,1.0059814453125,-6.0809326171875
0.947,4.7696533203125,0.1651611328125,-5.4803466796875
0.9475,4.6495361328125,-0.9559326171875,-4.5994873046875
0.948,4.7296142578125,-2.0369873046875,-3.8387451171875
0.9485,4.6094970703125,-3.1981201171875,-2.8778076171875
0.949,4.5294189453125,-4.1190185546875,-1.9969482421875
0.9495,4.2091064453125,-4.7596435546875,-1.2362060546875
0.95,3.4483642578125,-5.0399169921875,-0.3153076171875
0.9505,2.4874267578125,-5.4002685546875,0.9659423828125
0.951,1.5665283203125,-5.7606201171875,2.2471923828125
0.9515,0.7257080078125,-6.0008544921875,3.2882080078125
0.952,0.0050048828125,-6.2811279296875,4.2891845703125
0.9525,-0.9559326171875,-5.8406982421875,4.8096923828125
0.953,-2.1170654296875,-4.9998779296875,5.2100830078125
0.9535,-3.2781982421875,-4.1190185546875,5.7305908203125
0.954,-4.2791748046875,-3.0780029296875,5.8507080078125
0.9545,-4.9197998046875,-2.1971435546875,6.0108642578125
0.955,-5.2000732421875,-1.4364013671875,5.8106689453125
0.9555,-5.1199951171875,-0.6356201171875,5.1300048828125
0.956,-5.0399169921875,0.5655517578125,4.3292236328125
0.9565,-5.1199951171875,1.7266845703125,3.4483642578125
0.957,-4.9998779296875,2.8077392578125,2.4874267578125
0.9575,-4.8797607421875,3.6885986328125,1.6466064453125
0.958,-4.3592529296875,4.1290283203125,0.8057861328125
0.9585,-3.4783935546875,4.4493408203125,-0.3153076171875
0.959,-2.5975341796875,4.9298095703125,-1.5565185546875
0.9595,-1.5565185546875,5.1300048828125,-2.8377685546875
0.96,-0.8358154296875,5.4503173828125,-3.8387451171875
0.9605,0.0050048828125,5.5704345703125,-4.6795654296875
0.961,0.9659423828125,4.9298095703125,-5.1199951171875
0.9615,2.2071533203125,3.8887939453125,-5.5203857421875
0.962,3.2882080078125,2.9278564453125,-5.9207763671875
0.9625,4.1690673828125,1.9669189453125,-6.0408935546875
0.963,4.7696533203125,1.2061767578125,-6.1209716796875
0.9635,4.8096923828125,0.4053955078125,-5.6805419921875
0.964,4.6895751953125,-0.6356201171875,-4.8797607421875
0.9645,4.7296142578125,-1.7166748046875,-4.0789794921875
0.965,4.6895751953125,-2.9178466796875,-3.0780029296875
0.9655,4.6094970703125,-3.9188232421875,-2.2371826171875
0.966,4.4493408203125,-4.6795654296875,-1.4364013671875
0.9665,3.6885986328125,-4.9998779296875,-0.5955810546875
0.967,2.6876220703125,-5.2801513671875,0.7257080078125
0.9675,1.7667236328125,-5.7205810546875,2.0069580078125
0.968,0.7657470703125,-5.9207763671875,3.1680908203125
0.9685,0.0850830078125,-6.2410888671875,4.1690673828125
0.969,-0.7957763671875,-6.0408935546875,4.8497314453125
0.9695,-1.9168701171875,-5.2401123046875,5.2501220703125
0.97,-3.1981201171875,-4.3192138671875,5.7305908203125
0.9705,-4.2391357421875,-3.1580810546875,5.9708251953125
0.971,-4.9598388671875,-2.2772216796875,6.0909423828125
0.9715,-5.4002685546875,-1.4764404296875,6.0108642578125
0.972,-5.2801513671875,-0.6356201171875,5.3702392578125
0.9725,-5.1199951171875,0.5655517578125,4.3692626953125
0.973,-5.2000732421875,1.7266845703125,3.5284423828125
0.9735,-5.0799560546875,2.8477783203125,2.4874267578125
0.974,-4.9197998046875,3.8487548828125,1.5665283203125
0.9745,-4.5194091796875,4.3692626953125,0.7657470703125
0.975,-3.5985107421875,4.6094970703125,-0.3153076171875
0.9755,-2.5574951171875,4.9298095703125,-1.5965576171875
0.976,-1.4764404296875,5.2501220703125,-2.9578857421875
0.9765,-0.6356201171875,5.4503173828125,-3.9989013671875
0.977,0.1651611328125,5.6104736328125,-4.9598388671875
0.9775,1.0860595703125,5.0899658203125,-5.4002685546875
0.978,2.2872314453125,3.9688720703125,-5.7606201171875
0.9785,3.4884033203125,3.0479736328125,-6.1209716796875
0.979,4.4493408203125,1.9268798828125,-6.2410888671875
0.9795,5.0098876953125,1.0059814453125,-6.2811279296875
0.98,5.1700439453125,0.2852783203125,-5.9207763671875
0.9805,4.9698486328125,-0.7557373046875,-5.0799560546875
0.981,4.8096923828125,-1.9569091796875,-4.0389404296875
0.9815,4.8096923828125,-3.1981201171875,-2.9979248046875
0.982,4.6495361328125,-4.2391357421875,-2.0369873046875
0.9825,4.4893798828125,-5.0799560546875,-1.2362060546875
0.983,3.7686767578125,-5.3201904296875,-0.3553466796875
0.9835,2.6876220703125,-5.5203857421875,0.8858642578125
0.984,1.6065673828125,-5.8406982421875,2.2471923828125
0.9845,0.5655517578125,-6.0408935546875,3.4884033203125
0.985,-0.2752685546875,-6.3612060546875,4.4893798828125
0.9855,-0.9959716796875,-6.2811279296875,5.2100830078125
0.986,-2.1170654296875,-5.4803466796875,5.6104736328125
0.9865,-3.3983154296875,-4.1990966796875,5.9307861328125
0.987,-4.5194091796875,-3.1180419921875,6.2510986328125
0.9875,-5.2801513671875,-2.0770263671875,6.2510986328125
0.988,-5.7205810546875,-1.2762451171875,6.2110595703125
0.9885,-5.6405029296875,-0.4754638671875,5.6104736328125
0.989,-5.4002685546875,0.6856689453125,4.5294189453125
0.9895,-5.3201904296875,1.9268798828125,3.5284423828125
0.99,-5.2000732421875,3.1680908203125,2.4073486328125
0.9905,-5.0399169921875,4.1690673828125,1.4063720703125
0.991,-4.6795654296875,4.8096923828125,0.6055908203125
0.9915,-3.7186279296875,4.9698486328125,-0.4754638671875
0.992,-2.4774169921875,5.1700439453125,-1.7967529296875
0.9925,-1.4364013671875,5.5704345703125,-3.1981201171875
0.993,-0.4354248046875,5.6104736328125,-4.3592529296875
0.9935,0.3653564453125,5.8106689453125,-5.2801513671875
0.994,1.2462158203125,5.3702392578125,-5.8406982421875
0.9945,2.4874267578125,4.2891845703125,-6.1209716796875
0.995,3.8087158203125,3.0880126953125,-6.4813232421875
0.9955,4.8497314453125,1.8468017578125,-6.6014404296875
0.996,5.4503173828125,0.8057861328125,-6.5213623046875
0.9965,5.6905517578125,0.0450439453125,-6.3211669921875
0.997,5.4102783203125,-0.9959716796875,-5.4002685546875
0.9975,5.1300048828125,-2.2772216796875,-4.1190185546875
0.998,5.0899658203125,-3.5584716796875,-2.9979248046875
0.9985,4.8497314453125,-4.7196044921875,-1.8768310546875
0.999,4.6094970703125,-5.5604248046875,-0.9559326171875
0.9995,3.9688720703125,-5.9608154296875,0.0050048828125
