wavelength,x,y,z
0.0,-6.24609375,0.1201171875,5.8056640625
0.0005,-5.92578125,1.361328125,4.7646484375
0.001,-5.765625,2.5625,3.443359375
0.0015,-5.525390625,3.763671875,2.2822265625
0.002,-5.125,4.64453125,1.1611328125
0.0025,-4.6044921875,5.2451171875,0.240234375
0.003,-3.68359375,5.4453125,-0.9208984375
0.0035,-2.2822265625,5.6455078125,-2.322265625
0.004,-1.2412109375,5.92578125,-3.7236328125
0.0045,0.1201171875,5.8056640625,-4.884765625
0.005,0.80078125,5.845703125,-5.6455078125
0.0055,1.6015625,5.4853515625,-6.24609375
0.006,2.8427734375,4.484375,-6.7265625
0.0065,4.2841796875,3.123046875,-7.0068359375
0.007,5.1650390625,1.9619140625,-7.0869140625
0.0075,5.7255859375,0.80078125,-6.8466796875
0.008,5.92578125,0.0,-6.486328125
0.0085,5.8056640625,-1.1611328125,-5.7255859375
0.009,5.60546875,-2.482421875,-4.4443359375
0.0095,5.4052734375,-3.7236328125,-3.3232421875
0.01,5.0849609375,-4.8447265625,-2.0419921875
0.0105,4.6044921875,-5.60546875,-1.0009765625
0.011,4.00390625,-6.1259765625,0.0400390625
0.0115,2.962890625,-6.2861328125,1.201171875
0.012,1.521484375,-6.486328125,2.802734375
0.0125,0.3203125,-6.6865234375,4.1640625
0.013,-0.80078125,-6.56640625,5.125
0.0135,-1.4814453125,-6.486328125,5.8857421875
0.014,-2.482421875,-5.92578125,6.40625
0.0145,-3.8837890625,-4.64453125,6.806640625
0.015,-5.0849609375,-3.4833984375,7.0869140625
0.0155,-5.92578125,-2.2021484375,6.966796875
0.016,-6.326171875,-1.1611328125,6.6865234375
0.0165,-6.40625,-0.2802734375,6.166015625
0.017,-6.166015625,0.9208984375,5.205078125
0.0175,-5.8857421875,2.3623046875,3.763671875
0.018,-5.7255859375,3.5634765625,2.6826171875
0.0185,-5.3251953125,4.5244140625,1.44140625
0.019,-4.8046875,5.205078125,0.4404296875
0.0195,-4.00390625,5.4853515625,-0.640625
0.02,-2.7626953125,5.685546875,-1.921875
0.0205,-1.44140625,5.8857421875,-3.443359375
0.021,-0.240234375,5.92578125,-4.724609375
0.0215,0.6806640625,5.8857421875,-5.4853515625
0.022,1.4013671875,5.685546875,-6.166015625
0.0225,2.5625,4.8046875,-6.6064453125
0.023,4.00390625,3.4033203125,-6.9267578125
0.0235,4.96484375,2.3623046875,-7.126953125
0.024,5.60546875,1.12109375,-6.9267578125
0.0245,5.92578125,0.2001953125,-6.6064453125
0.025,5.8857421875,-0.880859375,-6.005859375
0.0255,5.685546875,-2.001953125,-4.96484375
0.026,5.365234375,-3.2431640625,-3.603515625
0.0265,5.125,-4.4443359375,-2.4423828125
0.027,4.724609375,-5.28515625,-1.3212890625
0.0275,4.2041015625,-5.845703125,-0.400390625
0.028,3.283203125,-6.1259765625,0.6806640625
0.0285,1.9619140625,-6.2861328125,2.08203125
0.029,0.880859375,-6.486328125,3.4833984375
0.0295,-0.400390625,-6.40625,4.6044921875
0.03,-1.1611328125,-6.4462890625,5.4052734375
0.0305,-1.9619140625,-6.1259765625,5.9658203125
0.031,-3.0830078125,-5.2451171875,6.40625
0.0315,-4.404296875,-3.923828125,6.7265625
0.032,-5.28515625,-2.8427734375,6.8466796875
0.0325,-5.845703125,-1.76171875,6.56640625
0.033,-6.1259765625,-0.9208984375,6.2861328125
0.0335,-6.005859375,0.16015625,5.5654296875
0.034,-5.8056640625,1.4013671875,4.484375
0.0345,-5.685546875,2.5224609375,3.4033203125
0.035,-5.4052734375,3.68359375,2.2421875
0.0355,-4.96484375,4.484375,1.201171875
0.036,-4.4443359375,5.0849609375,0.2802734375
0.0365,-3.5234375,5.28515625,-0.9208984375
0.037,-2.2021484375,5.4853515625,-2.3623046875
0.0375,-1.201171875,5.765625,-3.68359375
0.038,0.0,5.7255859375,-4.64453125
0.0385,0.6806640625,5.7255859375,-5.4453125
0.039,1.6015625,5.2451171875,-6.0458984375
0.0395,2.8828125,4.2041015625,-6.486328125
0.04,4.083984375,3.123046875,-6.806640625
0.0405,4.96484375,1.921875,-6.806640625
0.041,5.4052734375,0.880859375,-6.56640625
0.0415,5.60546875,0.0400390625,-6.2861328125
0.042,5.4453125,-1.041015625,-5.4453125
0.0425,5.2451171875,-2.2822265625,-4.2041015625
0.043,5.1650390625,-3.4033203125,-3.283203125
0.0435,4.8046875,-4.4443359375,-2.1220703125
0.044,4.4443359375,-5.125,-1.1611328125
0.0445,3.8037109375,-5.6455078125,-0.16015625
0.045,2.802734375,-5.845703125,1.041015625
0.0455,1.5615234375,-6.1259765625,2.4423828125
0.046,0.48046875,-6.24609375,3.68359375
0.0465,-0.4404296875,-6.24609375,4.5244140625
0.047,-1.1611328125,-6.24609375,5.2451171875
0.0475,-2.162109375,-5.60546875,5.765625
0.048,-3.4833984375,-4.484375,6.2060546875
0.0485,-4.4443359375,-3.5634765625,6.5263671875
0.049,-5.1650390625,-2.4423828125,6.3662109375
0.0495,-5.60546875,-1.6015625,6.2060546875
0.05,-5.7255859375,-0.640625,5.765625
0.0505,-5.60546875,0.400390625,4.96484375
0.051,-5.4052734375,1.5615234375,3.8837890625
0.0515,-5.28515625,2.642578125,2.9228515625
0.052,-5.0048828125,3.5234375,1.921875
0.0525,-4.64453125,4.244140625,1.041015625
0.053,-3.923828125,4.64453125,0.0400390625
0.0535,-2.8828125,4.96484375,-1.2412109375
0.054,-2.0419921875,5.3251953125,-2.4423828125
0.0545,-1.0009765625,5.365234375,-3.5634765625
0.055,-0.240234375,5.4853515625,-4.4443359375
0.0555,0.6005859375,5.4052734375,-5.1650390625
0.056,1.681640625,4.7646484375,-5.7255859375
0.0565,2.9228515625,3.7236328125,-6.1259765625
0.057,3.8837890625,2.7626953125,-6.40625
0.0575,4.5244140625,1.7216796875,-6.326171875
0.058,4.96484375,0.9609375,-6.24609375
0.0585,5.0849609375,0.080078125,-5.7255859375
0.059,5.0048828125,-1.041015625,-4.884765625
0.0595,4.96484375,-2.08203125,-4.1240234375
0.06,4.8046875,-3.203125,-3.0830078125
0.0605,4.5244140625,-4.083984375,-2.08203125
0.061,4.2041015625,-4.8447265625,-1.201171875
0.0615,3.4833984375,-5.205078125,-0.2001953125
0.062,2.482421875,-5.525390625,1.1611328125
0.0625,1.5615234375,-5.92578125,2.3623046875
0.063,0.6005859375,-5.9658203125,3.36328125
0.0635,-0.2001953125,-6.166015625,4.2841796875
0.064,-1.0810546875,-5.92578125,4.96484375
0.0645,-2.2421875,-5.1650390625,5.525390625
0.065,-3.3232421875,-4.3642578125,5.9658203125
0.0655,-4.244140625,-3.283203125,6.0859375
0.066,-4.884765625,-2.322265625,6.0859375
0.0665,-5.205078125,-1.4814453125,5.8857421875
0.067,-5.28515625,-0.640625,5.28515625
0.0675,-5.205078125,0.6005859375,4.4443359375
0.068,-5.205078125,1.5615234375,3.68359375
0.0685,-5.044921875,2.6025390625,2.72265625
0.069,-4.8046875,3.443359375,1.8017578125
0.0695,-4.3642578125,4.0439453125,0.880859375
0.07,-3.5634765625,4.484375,-0.3203125
0.0705,-2.6826171875,4.8447265625,-1.4814453125
0.071,-1.76171875,5.0849609375,-2.642578125
0.0715,-0.9609375,5.28515625,-3.5634765625
0.072,-0.2001953125,5.4052734375,-4.4443359375
0.0725,0.880859375,4.96484375,-5.125
0.073,2.08203125,4.083984375,-5.6455078125
0.0735,3.123046875,3.283203125,-6.0458984375
0.074,3.923828125,2.322265625,-6.1259765625
0.0745,4.484375,1.44140625,-6.1259765625
0.075,4.7646484375,0.640625,-5.8056640625
0.0755,4.8046875,-0.400390625,-5.205078125
0.076,4.7646484375,-1.44140625,-4.3642578125
0.0765,4.7646484375,-2.5224609375,-3.5634765625
0.077,4.564453125,-3.4833984375,-2.6025390625
0.0775,4.32421875,-4.244140625,-1.76171875
0.078,3.763671875,-4.8046875,-0.80078125
0.0785,2.8828125,-5.1650390625,0.4404296875
0.079,2.08203125,-5.6455078125,1.6015625
0.0795,1.12109375,-5.765625,2.72265625
0.08,0.3603515625,-5.9658203125,3.68359375
0.0805,-0.5205078125,-6.005859375,4.484375
0.081,-1.521484375,-5.525390625,5.0849609375
0.0815,-2.72265625,-4.64453125,5.6455078125
0.082,-3.763671875,-3.8037109375,5.92578125
0.0825,-4.484375,-2.7626953125,5.9658203125
0.083,-4.96484375,-2.001953125,5.92578125
0.0835,-5.125,-1.0810546875,5.4853515625
0.084,-5.125,0.0,4.8046875
0.0845,-5.1650390625,1.0009765625,4.083984375
0.085,-5.0849609375,2.08203125,3.1630859375
0.0855,-4.884765625,3.0029296875,2.2421875
0.086,-4.6044921875,3.763671875,1.3212890625
0.0865,-3.923828125,4.2041015625,0.3603515625
0.087,-3.0029296875,4.6044921875,-1.0009765625
0.0875,-2.2421875,5.0849609375,-2.08203125
0.088,-1.3212890625,5.1650390625,-3.1630859375
0.0885,-0.6005859375,5.4052734375,-4.083984375
0.089,0.4404296875,5.1650390625,-4.8447265625
0.0895,1.5615234375,4.484375,-5.4453125
0.09,2.6826171875,3.5634765625,-5.92578125
0.0905,3.68359375,2.642578125,-6.1259765625
0.091,4.32421875,1.76171875,-6.1259765625
0.0915,4.724609375,0.9609375,-6.005859375
0.092,4.8046875,0.0400390625,-5.4453125
0.0925,4.7646484375,-1.1611328125,-4.564453125
0.093,4.8046875,-2.2021484375,-3.84375
0.0935,4.6845703125,-3.2431640625,-2.8828125
0.094,4.4443359375,-4.083984375,-1.9619140625
0.0945,4.00390625,-4.7646484375,-1.041015625
0.095,3.203125,-5.125,0.16015625
0.0955,2.2421875,-5.5654296875,1.4013671875
0.096,1.28125,-5.8056640625,2.6025390625
0.0965,0.5205078125,-5.9658203125,3.5634765625
0.097,-0.3203125,-6.1259765625,4.4443359375
0.0975,-1.361328125,-5.685546875,5.0849609375
0.098,-2.6826171875,-4.7646484375,5.5654296875
0.0985,-3.68359375,-3.8837890625,6.0458984375
0.099,-4.5244140625,-2.8427734375,6.0458984375
0.0995,-5.044921875,-1.9619140625,6.0458984375
0.1,-5.28515625,-1.0810546875,5.7255859375
0.1005,-5.28515625,0.0,5.0048828125
0.101,-5.205078125,1.12109375,4.0439453125
0.1015,-5.1650390625,2.2421875,3.123046875
0.102,-5.0048828125,3.1630859375,2.2021484375
0.1025,-4.6845703125,3.923828125,1.28125
0.103,-4.00390625,4.404296875,0.3203125
0.1035,-3.04296875,4.724609375,-1.041015625
0.104,-2.2021484375,5.1650390625,-2.2421875
0.1045,-1.1611328125,5.28515625,-3.4033203125
0.105,-0.400390625,5.4052734375,-4.32421875
0.1055,0.48046875,5.28515625,-5.0849609375
0.106,1.6416015625,4.6044921875,-5.685546875
0.1065,3.0029296875,3.5634765625,-6.1259765625
0.107,3.9638671875,2.6025390625,-6.3662109375
0.1075,4.6044921875,1.5615234375,-6.2861328125
0.108,5.0048828125,0.80078125,-6.166015625
0.1085,5.0849609375,-0.240234375,-5.6455078125
0.109,4.96484375,-1.361328125,-4.6845703125
0.1095,4.96484375,-2.4423828125,-3.8037109375
0.11,4.8046875,-3.603515625,-2.72265625
0.1105,4.484375,-4.4443359375,-1.76171875
0.111,4.083984375,-5.0849609375,-0.8408203125
0.1115,3.203125,-5.4052734375,0.3203125
0.112,2.08203125,-5.7255859375,1.6416015625
0.1125,1.1611328125,-6.0458984375,2.9228515625
0.113,0.2001953125,-6.1259765625,3.8837890625
0.1135,-0.6005859375,-6.24609375,4.724609375
0.114,-1.521484375,-5.8857421875,5.365234375
0.1145,-2.7626953125,-4.884765625,5.8857421875
0.115,-3.9638671875,-3.8837890625,6.2861328125
0.1155,-4.8447265625,-2.72265625,6.326171875
0.116,-5.3251953125,-1.841796875,6.24609375
0.1165,-5.5654296875,-1.0009765625,5.8857421875
0.117,-5.525390625,0.0400390625,5.1650390625
0.1175,-5.4052734375,1.28125,4.083984375
0.118,-5.3251953125,2.40234375,3.1630859375
0.1185,-5.0849609375,3.443359375,2.162109375
0.119,-4.7646484375,4.1240234375,1.201171875
0.1195,-4.2041015625,4.64453125,0.2802734375
0.12,-3.203125,4.96484375,-1.0009765625
0.1205,-2.1220703125,5.28515625,-2.3623046875
0.121,-1.041015625,5.4453125,-3.6435546875
0.1215,-0.2802734375,5.525390625,-4.5244140625
0.122,0.5205078125,5.4853515625,-5.3251953125
0.1225,1.7216796875,4.9248046875,-5.92578125
0.123,3.123046875,3.763671875,-6.3662109375
0.1235,4.1240234375,2.802734375,-6.6865234375
0.124,4.9248046875,1.6015625,-6.6064453125
0.1245,5.365234375,0.720703125,-6.4462890625
0.125,5.4853515625,-0.2802734375,-5.9658203125
0.1255,5.365234375,-1.44140625,-5.044921875
0.126,5.2451171875,-2.72265625,-3.84375
0.1265,5.0849609375,-3.923828125,-2.7626953125
0.127,4.7646484375,-4.8046875,-1.7216796875
0.1275,4.32421875,-5.4853515625,-0.7607421875
0.128,3.4833984375,-5.8056640625,0.3603515625
0.1285,2.2021484375,-6.0859375,1.8818359375
0.129,1.041015625,-6.4462890625,3.2431640625
0.1295,-0.16015625,-6.4462890625,4.404296875
0.13,-0.9208984375,-6.4462890625,5.1650390625
0.1305,-1.76171875,-6.1259765625,5.8857421875
0.131,-3.0830078125,-5.125,6.40625
0.1315,-4.5244140625,-3.8037109375,6.7666015625
0.132,-5.4052734375,-2.642578125,6.88671875
0.1325,-5.92578125,-1.6015625,6.6064453125
0.133,-6.1259765625,-0.6806640625,6.24609375
0.1335,-6.0458984375,0.4404296875,5.4453125
0.134,-5.845703125,1.76171875,4.2041015625
0.1345,-5.685546875,3.0029296875,3.04296875
0.135,-5.365234375,4.1240234375,1.841796875
0.1355,-4.884765625,4.8046875,0.80078125
0.136,-4.2841796875,5.28515625,-0.2001953125
0.1365,-3.203125,5.4853515625,-1.361328125
0.137,-1.76171875,5.6455078125,-3.0029296875
0.1375,-0.6806640625,5.8857421875,-4.32421875
0.138,0.3603515625,5.7255859375,-5.205078125
0.1385,1.0810546875,5.7255859375,-5.92578125
0.139,2.1220703125,5.0849609375,-6.4462890625
0.1395,3.5634765625,3.84375,-6.88671875
0.14,4.724609375,2.6025390625,-7.126953125
0.1405,5.525390625,1.4013671875,-7.046875
0.141,5.8857421875,0.3603515625,-6.6865234375
0.1415,5.8857421875,-0.6005859375,-6.24609375
0.142,5.7255859375,-1.6416015625,-5.28515625
0.1425,5.4453125,-3.0830078125,-3.84375
0.143,5.2451171875,-4.2041015625,-2.7626953125
0.1435,4.8447265625,-5.205078125,-1.5615234375
0.144,4.32421875,-5.845703125,-0.6005859375
0.1445,3.603515625,-6.166015625,0.48046875
0.145,2.40234375,-6.40625,1.76171875
0.1455,0.9609375,-6.56640625,3.4033203125
0.146,-0.3203125,-6.646484375,4.564453125
0.1465,-1.12109375,-6.486328125,5.4052734375
0.147,-1.8017578125,-6.3662109375,6.0458984375
0.1475,-2.962890625,-5.4853515625,6.5263671875
0.148,-4.4443359375,-4.1240234375,6.88671875
0.1485,-5.4052734375,-3.04296875,7.046875
0.149,-6.0458984375,-1.8017578125,6.8466796875
0.1495,-6.326171875,-0.8408203125,6.5263671875
0.15,-6.2861328125,0.16015625,5.8857421875
0.1505,-6.0859375,1.28125,4.8046875
0.151,-5.765625,2.6826171875,3.443359375
0.1515,-5.5654296875,3.84375,2.2822265625
0.152,-5.125,4.64453125,1.201171875
0.1525,-4.6044921875,5.2451171875,0.2802734375
0.153,-3.68359375,5.4453125,-0.9208984375
0.1535,-2.322265625,5.6455078125,-2.322265625
0.154,-1.2412109375,5.8857421875,-3.8037109375
0.1545,0.1201171875,5.845703125,-4.884765625
0.155,0.80078125,5.8056640625,-5.6455078125
0.1555,1.6015625,5.5654296875,-6.2861328125
0.156,2.9228515625,4.484375,-6.7666015625
0.1565,4.32421875,3.123046875,-7.0869140625
0.157,5.2451171875,2.001953125,-7.1669921875
0.1575,5.765625,0.8408203125,-6.88671875
0.158,5.9658203125,0.0,-6.56640625
0.1585,5.8857421875,-1.12109375,-5.765625
0.159,5.6455078125,-2.4423828125,-4.564453125
0.1595,5.4853515625,-3.68359375,-3.36328125
0.16,5.0849609375,-4.8447265625,-2.08203125
0.1605,4.64453125,-5.6455078125,-1.0009765625
0.161,4.083984375,-6.166015625,0.0400390625
0.1615,3.0029296875,-6.40625,1.201171875
0.162,1.521484375,-6.56640625,2.802734375
0.1625,0.3603515625,-6.7265625,4.1640625
0.163,-0.80078125,-6.56640625,5.1650390625
0.1635,-1.4814453125,-6.5263671875,5.8857421875
0.164,-2.5224609375,-5.9658203125,6.4462890625
0.1645,-3.923828125,-4.724609375,6.88671875
0.165,-5.1650390625,-3.4833984375,7.1669921875
0.1655,-5.9658203125,-2.2021484375,7.046875
0.166,-6.40625,-1.12109375,6.7265625
0.1665,-6.4462890625,-0.2001953125,6.24609375
0.167,-6.2861328125,1.0009765625,5.2451171875
0.1675,-5.9658203125,2.4423828125,3.84375
0.168,-5.8056640625,3.6435546875,2.6826171875
0.1685,-5.4052734375,4.64453125,1.4013671875
0.169,-4.8447265625,5.2451171875,0.400390625
0.1695,-4.00390625,5.60546875,-0.6806640625
0.17,-2.8427734375,5.765625,-2.0419921875
0.1705,-1.4013671875,6.0458984375,-3.603515625
0.171,0.0,6.0458984375,-4.884765625
0.1715,0.80078125,5.8857421875,-5.685546875
0.172,1.521484375,5.7255859375,-6.326171875
0.1725,2.72265625,4.8046875,-6.806640625
0.173,4.2041015625,3.4033203125,-7.126953125
0.1735,5.205078125,2.2822265625,-7.3271484375
0.174,5.845703125,1.0009765625,-7.046875
0.1745,6.0859375,0.0400390625,-6.6865234375
0.175,6.0458984375,-1.0009765625,-6.0458984375
0.1755,5.765625,-2.162109375,-4.884765625
0.176,5.4853515625,-3.5234375,-3.5634765625
0.1765,5.205078125,-4.6845703125,-2.322265625
0.177,4.7646484375,-5.4853515625,-1.2412109375
0.1775,4.1640625,-6.0859375,-0.2802734375
0.178,3.203125,-6.2861328125,0.8408203125
0.1785,1.921875,-6.40625,2.2822265625
0.179,0.6806640625,-6.6064453125,3.68359375
0.1795,-0.6005859375,-6.486328125,4.8046875
0.18,-1.28125,-6.4462890625,5.525390625
0.1805,-2.001953125,-6.166015625,6.0859375
0.181,-3.2431640625,-5.205078125,6.5263671875
0.1815,-4.564453125,-3.8837890625,6.8466796875
0.182,-5.4453125,-2.7626953125,6.9267578125
0.1825,-5.92578125,-1.6416015625,6.646484375
0.183,-6.166015625,-0.80078125,6.326171875
0.1835,-6.0859375,0.240234375,5.60546875
0.184,-5.845703125,1.4013671875,4.484375
0.1845,-5.6455078125,2.5625,3.4033203125
0.185,-5.365234375,3.6435546875,2.2421875
0.1855,-4.96484375,4.4443359375,1.201171875
0.186,-4.484375,4.96484375,0.240234375
0.1865,-3.5234375,5.2451171875,-0.880859375
0.187,-2.2822265625,5.4853515625,-2.2822265625
0.1875,-1.2412109375,5.765625,-3.603515625
0.188,-0.2001953125,5.685546875,-4.564453125
0.1885,0.6005859375,5.7255859375,-5.4052734375
0.189,1.4814453125,5.365234375,-5.9658203125
0.1895,2.802734375,4.3642578125,-6.4462890625
0.19,3.9638671875,3.2431640625,-6.806640625
0.1905,4.8447265625,2.0419921875,-6.806640625
0.191,5.365234375,1.0810546875,-6.646484375
0.1915,5.60546875,0.240234375,-6.3662109375
0.192,5.525390625,-0.9208984375,-5.5654296875
0.1925,5.365234375,-2.162109375,-4.4443359375
0.193,5.2451171875,-3.3232421875,-3.4833984375
0.1935,4.96484375,-4.3642578125,-2.2822265625
0.194,4.484375,-5.1650390625,-1.28125
0.1945,3.9638671875,-5.6455078125,-0.3203125
0.195,2.9228515625,-5.92578125,0.9609375
0.1955,1.7216796875,-6.2060546875,2.40234375
0.196,0.6005859375,-6.326171875,3.68359375
0.1965,-0.3603515625,-6.326171875,4.564453125
0.197,-1.12109375,-6.326171875,5.3251953125
0.1975,-2.1220703125,-5.7255859375,5.8857421875
0.198,-3.5634765625,-4.5244140625,6.326171875
0.1985,-4.5244140625,-3.5634765625,6.646484375
0.199,-5.28515625,-2.40234375,6.486328125
0.1995,-5.7255859375,-1.44140625,6.326171875
0.2,-5.765625,-0.640625,5.845703125
0.2005,-5.685546875,0.5205078125,4.96484375
0.201,-5.4853515625,1.7216796875,3.84375
0.2015,-5.4052734375,2.8427734375,2.8427734375
0.202,-5.0849609375,3.7236328125,1.76171875
0.2025,-4.64453125,4.484375,0.9208984375
0.203,-3.8837890625,4.8046875,-0.2001953125
0.2035,-2.8427734375,5.0849609375,-1.44140625
0.204,-1.921875,5.4052734375,-2.6826171875
0.2045,-0.7607421875,5.4052734375,-3.84375
0.205,0.080078125,5.525390625,-4.64453125
0.2055,0.80078125,5.4052734375,-5.365234375
0.206,1.921875,4.724609375,-5.8857421875
0.2065,3.203125,3.5634765625,-6.2861328125
0.207,4.1240234375,2.6025390625,-6.5263671875
0.2075,4.8046875,1.5615234375,-6.40625
0.208,5.0849609375,0.7607421875,-6.24609375
0.2085,5.1650390625,-0.2001953125,-5.7255859375
0.209,5.0849609375,-1.3212890625,-4.8447265625
0.2095,5.044921875,-2.40234375,-4.00390625
0.21,4.8046875,-3.5634765625,-2.8828125
0.2105,4.5244140625,-4.32421875,-1.921875
0.211,4.1640625,-5.0048828125,-1.041015625
0.2115,3.4033203125,-5.3251953125,0.080078125
0.212,2.322265625,-5.6455078125,1.361328125
0.2125,1.4013671875,-6.0458984375,2.5625
0.213,0.4404296875,-6.0458984375,3.5634765625
0.2135,-0.3603515625,-6.2060546875,4.4443359375
0.214,-1.201171875,-5.9658203125,5.0849609375
0.2145,-2.3623046875,-5.1650390625,5.685546875
0.215,-3.5234375,-4.244140625,6.1259765625
0.2155,-4.4443359375,-3.203125,6.24609375
0.216,-5.0048828125,-2.2822265625,6.166015625
0.2165,-5.3251953125,-1.4814453125,5.9658203125
0.217,-5.4052734375,-0.6005859375,5.4052734375
0.2175,-5.28515625,0.6005859375,4.4443359375
0.218,-5.3251953125,1.6015625,3.68359375
0.2185,-5.0849609375,2.72265625,2.6826171875
0.219,-4.8447265625,3.5234375,1.76171875
0.2195,-4.3642578125,4.1240234375,0.880859375
0.22,-3.603515625,4.5244140625,-0.3203125
0.2205,-2.6826171875,4.96484375,-1.521484375
0.221,-1.7216796875,5.205078125,-2.72265625
0.2215,-0.9208984375,5.3251953125,-3.6435546875
0.222,-0.2001953125,5.4453125,-4.5244140625
0.2225,0.9208984375,5.044921875,-5.1650390625
0.223,2.162109375,4.1640625,-5.7255859375
0.2235,3.1630859375,3.4033203125,-6.1259765625
0.224,4.00390625,2.322265625,-6.166015625
0.2245,4.5244140625,1.4814453125,-6.166015625
0.225,4.8046875,0.640625,-5.92578125
0.2255,4.8447265625,-0.4404296875,-5.28515625
0.226,4.8046875,-1.4814453125,-4.484375
0.2265,4.8046875,-2.5625,-3.5634765625
0.227,4.64453125,-3.4833984375,-2.642578125
0.2275,4.404296875,-4.2841796875,-1.8017578125
0.228,3.8037109375,-4.8046875,-0.8408203125
0.2285,2.9228515625,-5.205078125,0.4404296875
0.229,2.1220703125,-5.6455078125,1.6015625
0.2295,1.12109375,-5.8056640625,2.7626953125
0.23,0.400390625,-6.0458984375,3.68359375
0.2305,-0.48046875,-6.0458984375,4.484375
0.231,-1.521484375,-5.525390625,5.0849609375
0.2315,-2.7626953125,-4.64453125,5.6455078125
0.232,-3.763671875,-3.763671875,6.005859375
0.2325,-4.4443359375,-2.7626953125,5.9658203125
0.233,-4.96484375,-2.0419921875,5.92578125
0.2335,-5.125,-1.1611328125,5.525390625
0.234,-5.1650390625,-0.16015625,4.8046875
0.2345,-5.205078125,1.0009765625,4.1240234375
0.235,-5.125,2.08203125,3.1630859375
0.2355,-4.884765625,3.0029296875,2.2421875
0.236,-4.6044921875,3.7236328125,1.4013671875
0.2365,-3.9638671875,4.1640625,0.400390625
0.237,-3.04296875,4.6044921875,-0.9609375
0.2375,-2.2822265625,5.0849609375,-2.08203125
0.238,-1.3212890625,5.205078125,-3.1630859375
0.2385,-0.6005859375,5.4052734375,-4.0439453125
0.239,0.3603515625,5.2451171875,-4.8046875
0.2395,1.521484375,4.5244140625,-5.4453125
0.24,2.6826171875,3.68359375,-5.92578125
0.2405,3.68359375,2.6826171875,-6.1259765625
0.241,4.32421875,1.7216796875,-6.1259765625
0.2415,4.724609375,0.9609375,-6.005859375
0.242,4.8046875,0.0400390625,-5.4853515625
0.2425,4.8046875,-1.12109375,-4.6044921875
0.243,4.8447265625,-2.1220703125,-3.923828125
0.2435,4.724609375,-3.203125,-2.9228515625
0.244,4.4443359375,-4.0439453125,-2.001953125
0.2445,4.00390625,-4.6845703125,-1.12109375
0.245,3.2431640625,-5.125,0.080078125
0.2455,2.2822265625,-5.525390625,1.361328125
0.246,1.361328125,-5.8056640625,2.5224609375
0.2465,0.6005859375,-5.9658203125,3.4833984375
0.247,-0.2802734375,-6.1259765625,4.32421875
0.2475,-1.28125,-5.7255859375,5.0048828125
0.248,-2.5625,-4.8046875,5.5654296875
0.2485,-3.603515625,-4.00390625,6.0458984375
0.249,-4.4443359375,-2.9228515625,6.0458984375
0.2495,-4.96484375,-2.08203125,6.005859375
0.25,-5.2451171875,-1.28125,5.685546875
0.2505,-5.205078125,-0.3203125,5.044921875
0.251,-5.1650390625,0.9609375,4.1240234375
0.2515,-5.205078125,2.0419921875,3.283203125
0.252,-5.0048828125,3.0029296875,2.322265625
0.2525,-4.6845703125,3.763671875,1.44140625
0.253,-4.0439453125,4.2041015625,0.48046875
0.2535,-3.1630859375,4.6044921875,-0.80078125
0.254,-2.322265625,5.0849609375,-2.001953125
0.2545,-1.28125,5.205078125,-3.1630859375
0.255,-0.6005859375,5.4052734375,-4.0439453125
0.2555,0.2802734375,5.365234375,-4.8447265625
0.256,1.4013671875,4.7646484375,-5.4853515625
0.2565,2.72265625,3.7236328125,-5.92578125
0.257,3.68359375,2.7626953125,-6.2861328125
0.2575,4.4443359375,1.76171875,-6.24609375
0.258,4.8046875,0.9609375,-6.166015625
0.2585,4.96484375,0.1201171875,-5.6455078125
0.259,4.9248046875,-1.041015625,-4.8447265625
0.2595,4.9248046875,-2.162109375,-4.00390625
0.26,4.8046875,-3.283203125,-2.9228515625
0.2605,4.5244140625,-4.1640625,-2.0419921875
0.261,4.2041015625,-4.8447265625,-1.12109375
0.2615,3.4033203125,-5.205078125,0.0
0.262,2.322265625,-5.60546875,1.3212890625
0.2625,1.4013671875,-5.9658203125,2.5625
0.263,0.48046875,-6.0458984375,3.6435546875
0.2635,-0.3603515625,-6.166015625,4.484375
0.264,-1.2412109375,-5.8857421875,5.1650390625
0.2645,-2.482421875,-5.0849609375,5.7255859375
0.265,-3.7236328125,-4.083984375,6.166015625
0.2655,-4.64453125,-3.0029296875,6.2861328125
0.266,-5.205078125,-2.08203125,6.166015625
0.2665,-5.4853515625,-1.1611328125,5.92578125
0.267,-5.4453125,-0.2802734375,5.2451171875
0.2675,-5.365234375,1.0810546875,4.1640625
0.268,-5.365234375,2.2021484375,3.36328125
0.2685,-5.125,3.203125,2.2822265625
0.269,-4.8046875,4.00390625,1.3212890625
0.2695,-4.244140625,4.5244140625,0.4404296875
0.27,-3.3232421875,4.8447265625,-0.80078125
0.2705,-2.2421875,5.205078125,-2.2421875
0.271,-1.201171875,5.4453125,-3.4833984375
0.2715,-0.3603515625,5.5654296875,-4.3642578125
0.272,0.48046875,5.5654296875,-5.1650390625
0.2725,1.5615234375,4.9248046875,-5.765625
0.273,2.962890625,3.763671875,-6.2861328125
0.2735,4.0439453125,2.802734375,-6.646484375
0.274,4.8046875,1.6416015625,-6.56640625
0.2745,5.2451171875,0.80078125,-6.40625
0.275,5.4052734375,-0.16015625,-5.9658203125
0.2755,5.28515625,-1.28125,-5.0849609375
0.276,5.1650390625,-2.6025390625,-3.8837890625
0.2765,5.0849609375,-3.763671875,-2.8427734375
0.277,4.7646484375,-4.724609375,-1.76171875
0.2775,4.32421875,-5.4052734375,-0.8408203125
0.278,3.5234375,-5.7255859375,0.2802734375
0.2785,2.2421875,-6.005859375,1.681640625
0.279,1.1611328125,-6.326171875,3.123046875
0.2795,0.0400390625,-6.3662109375,4.2841796875
0.28,-0.80078125,-6.40625,5.0849609375
0.2805,-1.6015625,-6.1259765625,5.7255859375
0.281,-2.9228515625,-5.2451171875,6.2861328125
0.2815,-4.3642578125,-3.8837890625,6.6865234375
0.282,-5.3251953125,-2.8427734375,6.7666015625
0.2825,-5.8056640625,-1.681640625,6.56640625
0.283,-6.0859375,-0.80078125,6.2861328125
0.2835,-6.005859375,0.2802734375,5.4853515625
0.284,-5.765625,1.5615234375,4.32421875
0.2845,-5.6455078125,2.8427734375,3.123046875
0.285,-5.4052734375,3.9638671875,1.9619140625
0.2855,-4.9248046875,4.724609375,0.9609375
0.286,-4.3642578125,5.1650390625,0.0400390625
0.2865,-3.283203125,5.4052734375,-1.201171875
0.287,-1.8818359375,5.60546875,-2.802734375
0.2875,-0.80078125,5.8857421875,-4.1640625
0.288,0.2802734375,5.765625,-5.0849609375
0.2885,0.9609375,5.7255859375,-5.765625
0.289,1.9619140625,5.125,-6.3662109375
0.2895,3.443359375,3.923828125,-6.806640625
0.29,4.6044921875,2.6826171875,-7.126953125
0.2905,5.4453125,1.4814453125,-7.046875
0.291,5.8056640625,0.48046875,-6.7265625
0.2915,5.8857421875,-0.48046875,-6.2861328125
0.292,5.7255859375,-1.5615234375,-5.3251953125
0.2925,5.4453125,-2.962890625,-3.8837890625
0.293,5.28515625,-4.1640625,-2.8427734375
0.2935,4.9248046875,-5.125,-1.6416015625
0.294,4.404296875,-5.765625,-0.640625
0.2945,3.68359375,-6.166015625,0.4404296875
0.295,2.40234375,-6.3662109375,1.76171875
0.2955,1.0009765625,-6.5263671875,3.3232421875
0.296,-0.2802734375,-6.6064453125,4.6044921875
0.2965,-1.0810546875,-6.5263671875,5.4052734375
0.297,-1.8017578125,-6.40625,6.0458984375
0.2975,-2.9228515625,-5.5654296875,6.5263671875
0.298,-4.4443359375,-4.2041015625,6.88671875
0.2985,-5.365234375,-3.0830078125,7.0869140625
0.299,-6.0458984375,-1.841796875,6.88671875
0.2995,-6.3662109375,-0.8408203125,6.5263671875
0.3,-6.2861328125,0.16015625,5.92578125
0.3005,-6.1259765625,1.3212890625,4.8046875
0.301,-5.765625,2.6826171875,3.4033203125
0.3015,-5.60546875,3.84375,2.2822265625
0.302,-5.125,4.724609375,1.1611328125
0.3025,-4.6044921875,5.2451171875,0.240234375
0.303,-3.68359375,5.4853515625,-0.9208984375
0.3035,-2.322265625,5.685546875,-2.3623046875
0.304,-1.1611328125,5.9658203125,-3.8037109375
0.3045,0.1201171875,5.8857421875,-4.884765625
0.305,0.80078125,5.8056640625,-5.7255859375
0.3055,1.6015625,5.4453125,-6.2861328125
0.306,2.8427734375,4.484375,-6.7265625
0.3065,4.32421875,3.123046875,-7.046875
0.307,5.205078125,2.0419921875,-7.126953125
0.3075,5.7255859375,0.880859375,-6.8466796875
0.308,5.92578125,0.0,-6.56640625
0.3085,5.8056640625,-1.0810546875,-5.765625
0.309,5.60546875,-2.3623046875,-4.564453125
0.3095,5.4052734375,-3.603515625,-3.36328125
0.31,5.0849609375,-4.7646484375,-2.1220703125
0.3105,4.6044921875,-5.525390625,-1.041015625
0.311,4.083984375,-6.0859375,0.0
0.3115,3.04296875,-6.2861328125,1.0810546875
0.312,1.5615234375,-6.4462890625,2.6826171875
0.3125,0.48046875,-6.6865234375,4.0439453125
0.313,-0.6806640625,-6.56640625,5.0048828125
0.3135,-1.361328125,-6.56640625,5.765625
0.314,-2.322265625,-6.0458984375,6.24609375
0.3145,-3.7236328125,-4.8447265625,6.7265625
0.315,-4.9248046875,-3.603515625,7.046875
0.3155,-5.765625,-2.3623046875,6.966796875
0.316,-6.2060546875,-1.28125,6.6865234375
0.3165,-6.326171875,-0.400390625,6.24609375
0.317,-6.166015625,0.7607421875,5.28515625
0.3175,-5.8857421875,2.162109375,3.923828125
0.318,-5.765625,3.3232421875,2.8828125
0.3185,-5.365234375,4.404296875,1.6015625
0.319,-4.884765625,5.0849609375,0.640625
0.3195,-4.1640625,5.4853515625,-0.48046875
0.32,-2.962890625,5.685546875,-1.7216796875
0.3205,-1.6015625,5.92578125,-3.283203125
0.321,-0.4404296875,5.9658203125,-4.6044921875
0.3215,0.6005859375,5.8857421875,-5.4453125
0.322,1.28125,5.765625,-6.166015625
0.3225,2.482421875,4.96484375,-6.6865234375
0.323,3.9638671875,3.5634765625,-7.0869140625
0.3235,4.96484375,2.482421875,-7.2470703125
0.324,5.7255859375,1.201171875,-7.0869140625
0.3245,5.9658203125,0.240234375,-6.7265625
0.325,6.005859375,-0.80078125,-6.1259765625
0.3255,5.8056640625,-2.001953125,-5.044921875
0.326,5.525390625,-3.4033203125,-3.6435546875
0.3265,5.28515625,-4.564453125,-2.4423828125
0.327,4.8046875,-5.4453125,-1.3212890625
0.3275,4.2841796875,-6.0458984375,-0.3603515625
0.328,3.3232421875,-6.2861328125,0.8408203125
0.3285,1.9619140625,-6.4462890625,2.2822265625
0.329,0.720703125,-6.7265625,3.763671875
0.3295,-0.6005859375,-6.6064453125,4.8447265625
0.33,-1.28125,-6.56640625,5.60546875
0.3305,-2.0419921875,-6.24609375,6.2060546875
0.331,-3.3232421875,-5.205078125,6.6865234375
0.3315,-4.724609375,-3.8037109375,6.966796875
0.332,-5.60546875,-2.72265625,7.046875
0.3325,-6.1259765625,-1.521484375,6.6865234375
0.333,-6.2861328125,-0.640625,6.3662109375
0.3335,-6.166015625,0.4404296875,5.60546875
0.334,-5.92578125,1.6416015625,4.404296875
0.3345,-5.7255859375,2.8427734375,3.2431640625
0.335,-5.4052734375,3.9638671875,2.001953125
0.3355,-4.9248046875,4.724609375,0.9609375
0.336,-4.3642578125,5.2451171875,0.0400390625
0.3365,-3.4033203125,5.4453125,-1.12109375
0.337,-2.0419921875,5.60546875,-2.6025390625
0.3375,-1.0009765625,5.8056640625,-3.8837890625
0.338,0.16015625,5.685546875,-4.884765625
0.3385,0.880859375,5.7255859375,-5.6455078125
0.339,1.76171875,5.28515625,-6.166015625
0.3395,3.04296875,4.2041015625,-6.646484375
0.34,4.2841796875,3.0830078125,-6.9267578125
0.3405,5.0849609375,1.8818359375,-6.9267578125
0.341,5.5654296875,0.880859375,-6.6865234375
0.3415,5.7255859375,0.0,-6.3662109375
0.342,5.60546875,-1.0810546875,-5.525390625
0.3425,5.4052734375,-2.3623046875,-4.32421875
0.343,5.28515625,-3.5234375,-3.283203125
0.3435,4.9248046875,-4.564453125,-2.1220703125
0.344,4.484375,-5.28515625,-1.12109375
0.3445,3.923828125,-5.845703125,0.0
0.345,2.8427734375,-6.1259765625,1.12109375
0.3455,1.6015625,-6.3662109375,2.5625
0.346,0.4404296875,-6.486328125,3.84375
0.3465,-0.5205078125,-6.40625,4.7646484375
0.347,-1.2412109375,-6.40625,5.4853515625
0.3475,-2.2822265625,-5.7255859375,6.0458984375
0.348,-3.68359375,-4.5244140625,6.4462890625
0.3485,-4.6845703125,-3.5634765625,6.7265625
0.349,-5.4453125,-2.3623046875,6.646484375
0.3495,-5.8056640625,-1.4013671875,6.40625
0.35,-5.92578125,-0.560546875,5.92578125
0.3505,-5.765625,0.6005859375,5.044921875
0.351,-5.60546875,1.8818359375,3.84375
0.3515,-5.4453125,3.0029296875,2.802734375
0.352,-5.0849609375,3.8837890625,1.76171875
0.3525,-4.6845703125,4.564453125,0.80078125
0.353,-3.923828125,4.8447265625,-0.2802734375
0.3535,-2.8427734375,5.125,-1.521484375
0.354,-1.8017578125,5.4453125,-2.8427734375
0.3545,-0.6806640625,5.525390625,-3.9638671875
0.355,0.16015625,5.60546875,-4.7646484375
0.3555,0.880859375,5.4853515625,-5.4453125
0.356,2.001953125,4.724609375,-6.005859375
0.3565,3.3232421875,3.5634765625,-6.40625
0.357,4.244140625,2.5625,-6.6064453125
0.3575,4.8447265625,1.521484375,-6.486328125
0.358,5.2451171875,0.720703125,-6.2861328125
0.3585,5.28515625,-0.3203125,-5.765625
0.359,5.125,-1.3212890625,-4.8447265625
0.3595,5.0849609375,-2.4423828125,-3.923828125
0.36,4.8447265625,-3.5634765625,-2.8427734375
0.3605,4.5244140625,-4.404296875,-1.8818359375
0.361,4.1640625,-5.125,-1.0009765625
0.3615,3.36328125,-5.4453125,0.1201171875
0.362,2.2421875,-5.765625,1.4013671875
0.3625,1.4013671875,-6.0458984375,2.642578125
0.363,0.3603515625,-6.0859375,3.68359375
0.3635,-0.400390625,-6.2060546875,4.484375
0.364,-1.2412109375,-5.9658203125,5.1650390625
0.3645,-2.40234375,-5.205078125,5.7255859375
0.365,-3.5634765625,-4.2841796875,6.166015625
0.3655,-4.484375,-3.203125,6.24609375
0.366,-5.0849609375,-2.2421875,6.2060546875
0.3665,-5.4052734375,-1.44140625,6.005859375
0.367,-5.4453125,-0.5205078125,5.4052734375
0.3675,-5.3251953125,0.6806640625,4.484375
0.368,-5.3251953125,1.7216796875,3.7236328125
0.3685,-5.125,2.7626953125,2.6826171875
0.369,-4.8447265625,3.5234375,1.76171875
0.3695,-4.404296875,4.1640625,0.80078125
0.37,-3.6435546875,4.5244140625,-0.3203125
0.3705,-2.642578125,4.96484375,-1.6015625
0.371,-1.681640625,5.2451171875,-2.7626953125
0.3715,-0.8408203125,5.365234375,-3.7236328125
0.372,0.0,5.4853515625,-4.564453125
0.3725,0.9609375,5.0849609375,-5.205078125
0.373,2.2021484375,4.1640625,-5.765625
0.3735,3.1630859375,3.36328125,-6.166015625
0.374,4.083984375,2.2822265625,-6.2060546875
0.3745,4.6044921875,1.44140625,-6.166015625
0.375,4.884765625,0.640625,-5.92578125
0.3755,4.9248046875,-0.400390625,-5.28515625
0.376,4.8447265625,-1.521484375,-4.404296875
0.3765,4.8447265625,-2.6025390625,-3.5234375
0.377,4.6044921875,-3.603515625,-2.6025390625
0.3775,4.404296875,-4.404296875,-1.7216796875
0.378,3.8037109375,-4.9248046875,-0.80078125
0.3785,2.9228515625,-5.2451171875,0.5205078125
0.379,2.08203125,-5.7255859375,1.6416015625
0.3795,1.0810546875,-5.8056640625,2.8427734375
0.38,0.3603515625,-6.0458984375,3.7236328125
0.3805,-0.5205078125,-6.0859375,4.484375
0.381,-1.521484375,-5.525390625,5.125
0.3815,-2.802734375,-4.6044921875,5.6455078125
0.382,-3.763671875,-3.763671875,6.005859375
0.3825,-4.4443359375,-2.802734375,6.005859375
0.383,-4.96484375,-1.9619140625,5.92578125
0.3835,-5.1650390625,-1.12109375,5.5654296875
0.384,-5.1650390625,0.0,4.8046875
0.3845,-5.1650390625,0.9609375,4.1240234375
0.385,-5.125,2.0419921875,3.1630859375
0.3855,-4.884765625,2.9228515625,2.2822265625
0.386,-4.64453125,3.6435546875,1.4013671875
0.3865,-4.00390625,4.1640625,0.4404296875
0.387,-3.0830078125,4.6044921875,-0.8408203125
0.3875,-2.322265625,5.0849609375,-2.0419921875
0.388,-1.4013671875,5.1650390625,-3.0830078125
0.3885,-0.6806640625,5.4052734375,-4.00390625
0.389,0.2802734375,5.28515625,-4.7646484375
0.3895,1.4013671875,4.6044921875,-5.3251953125
0.39,2.6025390625,3.8037109375,-5.845703125
0.3905,3.5634765625,2.7626953125,-6.1259765625
0.391,4.2041015625,1.921875,-6.1259765625
0.3915,4.64453125,1.12109375,-6.0458984375
0.392,4.8046875,0.2001953125,-5.4853515625
0.3925,4.7646484375,-0.9609375,-4.6845703125
0.393,4.8447265625,-2.0419921875,-4.00390625
0.3935,4.6845703125,-3.0830078125,-3.04296875
0.394,4.4443359375,-3.9638671875,-2.162109375
0.3945,4.1240234375,-4.6044921875,-1.2412109375
0.395,3.3232421875,-5.044921875,-0.16015625
0.3955,2.40234375,-5.4453125,1.201171875
0.396,1.521484375,-5.765625,2.40234375
0.3965,0.6806640625,-5.9658203125,3.36328125
0.397,0.0,-6.1259765625,4.2041015625
0.3975,-1.12109375,-5.765625,4.96484375
0.398,-2.40234375,-4.884765625,5.4853515625
0.3985,-3.4033203125,-4.1240234375,5.9658203125
0.399,-4.32421875,-3.04296875,6.0458984375
0.3995,-4.884765625,-2.2021484375,6.005859375
0.4,-5.1650390625,-1.3212890625,5.7255859375
0.4005,-5.205078125,-0.400390625,5.0849609375
0.401,-5.1650390625,0.80078125,4.1640625
0.4015,-5.205078125,1.921875,3.3232421875
0.402,-5.0048828125,2.8427734375,2.3623046875
0.4025,-4.724609375,3.68359375,1.521484375
0.403,-4.1640625,4.2041015625,0.560546875
0.4035,-3.203125,4.564453125,-0.720703125
0.404,-2.4423828125,5.0849609375,-1.9619140625
0.4045,-1.361328125,5.205078125,-3.123046875
0.405,-0.640625,5.4052734375,-4.00390625
0.4055,0.240234375,5.4052734375,-4.8447265625
0.406,1.3212890625,4.8046875,-5.4453125
0.4065,2.6826171875,3.763671875,-5.92578125
0.407,3.68359375,2.8427734375,-6.2861328125
0.4075,4.404296875,1.841796875,-6.24609375
0.408,4.8046875,1.041015625,-6.166015625
0.4085,4.96484375,0.1201171875,-5.7255859375
0.409,4.9248046875,-1.12109375,-4.8447265625
0.4095,4.9248046875,-2.2421875,-4.00390625
0.41,4.7646484375,-3.36328125,-2.9228515625
0.4105,4.5244140625,-4.1640625,-1.9619140625
0.411,4.1640625,-4.884765625,-1.12109375
0.4115,3.4033203125,-5.2451171875,0.0400390625
0.412,2.2822265625,-5.60546875,1.4013671875
0.4125,1.4013671875,-5.9658203125,2.6025390625
0.413,0.4404296875,-6.0458984375,3.6435546875
0.4135,-0.3203125,-6.166015625,4.484375
0.414,-1.2412109375,-5.92578125,5.1650390625
0.4145,-2.482421875,-5.0849609375,5.7255859375
0.415,-3.7236328125,-4.0439453125,6.166015625
0.4155,-4.64453125,-2.962890625,6.2861328125
0.416,-5.1650390625,-2.001953125,6.2060546875
0.4165,-5.4453125,-1.2412109375,5.92578125
0.417,-5.4453125,-0.3203125,5.2451171875
0.4175,-5.3251953125,1.041015625,4.1640625
0.418,-5.365234375,2.08203125,3.3232421875
0.4185,-5.0849609375,3.1630859375,2.2822265625
0.419,-4.8046875,3.9638671875,1.4013671875
0.4195,-4.244140625,4.484375,0.48046875
0.42,-3.36328125,4.8046875,-0.720703125
0.4205,-2.2822265625,5.125,-2.1220703125
0.421,-1.28125,5.4052734375,-3.3232421875
0.4215,-0.48046875,5.4453125,-4.2041015625
0.422,0.3203125,5.525390625,-5.0048828125
0.4225,1.4013671875,4.96484375,-5.6455078125
0.423,2.802734375,3.8837890625,-6.1259765625
0.4235,3.84375,2.962890625,-6.486328125
0.424,4.64453125,1.841796875,-6.4462890625
0.4245,5.0849609375,0.9609375,-6.3662109375
0.425,5.2451171875,0.080078125,-5.9658203125
0.4255,5.205078125,-1.041015625,-5.1650390625
0.426,5.044921875,-2.322265625,-4.0439453125
0.4265,5.0048828125,-3.4833984375,-3.0830078125
0.427,4.724609375,-4.3642578125,-2.001953125
0.4275,4.32421875,-5.125,-1.12109375
0.428,3.6435546875,-5.4853515625,0.0
0.4285,2.5224609375,-5.765625,1.3212890625
0.429,1.44140625,-6.166015625,2.6826171875
0.4295,0.3203125,-6.24609375,3.8837890625
0.43,-0.5205078125,-6.3662109375,4.7646484375
0.4305,-1.28125,-6.166015625,5.4453125
0.431,-2.5625,-5.4052734375,6.0458984375
0.4315,-3.9638671875,-4.1240234375,6.486328125
0.432,-4.9248046875,-3.0830078125,6.6865234375
0.4325,-5.60546875,-1.9619140625,6.5263671875
0.433,-5.845703125,-1.1611328125,6.2861328125
0.4335,-5.8857421875,0.0,5.60546875
0.434,-5.765625,1.201171875,4.484375
0.4345,-5.6455078125,2.5224609375,3.36328125
0.435,-5.4052734375,3.68359375,2.2021484375
0.4355,-5.0048828125,4.484375,1.201171875
0.436,-4.484375,5.044921875,0.2802734375
0.4365,-3.5234375,5.28515625,-0.9609375
0.437,-2.08203125,5.525390625,-2.5625
0.4375,-1.0009765625,5.8056640625,-3.8837890625
0.438,0.080078125,5.7255859375,-4.884765625
0.4385,0.7607421875,5.765625,-5.6455078125
0.439,1.76171875,5.205078125,-6.24609375
0.4395,3.2431640625,4.0439453125,-6.7265625
0.44,4.484375,2.802734375,-7.046875
0.4405,5.3251953125,1.5615234375,-7.0068359375
0.441,5.7255859375,0.5205078125,-6.6865234375
0.4415,5.8056640625,-0.48046875,-6.2861328125
0.442,5.6455078125,-1.5615234375,-5.3251953125
0.4425,5.4052734375,-2.9228515625,-3.923828125
0.443,5.28515625,-4.1240234375,-2.8427734375
0.4435,4.884765625,-5.0849609375,-1.6416015625
0.444,4.32421875,-5.765625,-0.640625
0.4445,3.6435546875,-6.1259765625,0.3603515625
0.445,2.4423828125,-6.2861328125,1.681640625
0.4455,1.0009765625,-6.486328125,3.283203125
0.446,-0.240234375,-6.56640625,4.564453125
0.4465,-1.041015625,-6.486328125,5.28515625
0.447,-1.7216796875,-6.3662109375,5.9658203125
0.4475,-2.8828125,-5.525390625,6.4462890625
0.448,-4.3642578125,-4.1240234375,6.8466796875
0.4485,-5.3251953125,-3.04296875,7.046875
0.449,-6.0458984375,-1.8818359375,6.806640625
0.4495,-6.2861328125,-0.9208984375,6.4462890625
0.45,-6.2861328125,0.080078125,5.8857421875
0.4505,-6.0458984375,1.28125,4.8046875
0.451,-5.765625,2.6826171875,3.4033203125
0.4515,-5.5654296875,3.8037109375,2.2822265625
0.452,-5.125,4.64453125,1.201171875
0.4525,-4.6044921875,5.2451171875,0.240234375
0.453,-3.7236328125,5.4853515625,-0.8408203125
0.4535,-2.40234375,5.685546875,-2.2822265625
0.454,-1.201171875,5.8857421875,-3.7236328125
0.4545,0.0400390625,5.8857421875,-4.8447265625
0.455,0.7607421875,5.8056640625,-5.60546875
0.4555,1.5615234375,5.5654296875,-6.24609375
0.456,2.8427734375,4.564453125,-6.6865234375
0.4565,4.2841796875,3.1630859375,-7.0068359375
0.457,5.1650390625,2.001953125,-7.1669921875
0.4575,5.7255859375,0.8408203125,-6.9267578125
0.458,5.8857421875,0.0,-6.56640625
0.4585,5.845703125,-1.0009765625,-5.8056640625
0.459,5.6455078125,-2.2822265625,-4.64453125
0.4595,5.4052734375,-3.5634765625,-3.4033203125
0.46,5.125,-4.724609375,-2.2021484375
0.4605,4.6044921875,-5.4853515625,-1.12109375
0.461,4.1240234375,-6.0458984375,-0.2001953125
0.4615,3.04296875,-6.2060546875,1.041015625
0.462,1.6015625,-6.4462890625,2.642578125
0.4625,0.48046875,-6.646484375,4.00390625
0.463,-0.6806640625,-6.5263671875,4.96484375
0.4635,-1.361328125,-6.486328125,5.7255859375
0.464,-2.2822265625,-6.0458984375,6.326171875
0.4645,-3.7236328125,-4.8447265625,6.7265625
0.465,-4.96484375,-3.6435546875,7.046875
0.4655,-5.8056640625,-2.40234375,7.0068359375
0.466,-6.2861328125,-1.3212890625,6.6865234375
0.4665,-6.3662109375,-0.4404296875,6.2861328125
0.467,-6.166015625,0.7607421875,5.3251953125
0.4675,-5.92578125,2.2021484375,3.9638671875
0.468,-5.765625,3.36328125,2.8427734375
0.4685,-5.4052734375,4.4443359375,1.6015625
0.469,-4.8447265625,5.0849609375,0.6005859375
0.4695,-4.1640625,5.4853515625,-0.5205078125
0.47,-2.962890625,5.7255859375,-1.76171875
0.4705,-1.5615234375,5.92578125,-3.36328125
0.471,-0.3603515625,6.0458984375,-4.64453125
0.4715,0.6005859375,5.8857421875,-5.525390625
0.472,1.3212890625,5.765625,-6.166015625
0.4725,2.5224609375,4.96484375,-6.7265625
0.473,4.00390625,3.5234375,-7.126953125
0.4735,5.044921875,2.40234375,-7.3271484375
0.474,5.7255859375,1.0810546875,-7.126953125
0.4745,6.0458984375,0.16015625,-6.7666015625
0.475,6.0859375,-0.8408203125,-6.166015625
0.4755,5.8857421875,-2.08203125,-5.0849609375
0.476,5.5654296875,-3.5634765625,-3.5634765625
0.4765,5.365234375,-4.6845703125,-2.40234375
0.477,4.8447265625,-5.5654296875,-1.2412109375
0.4775,4.2841796875,-6.1259765625,-0.2802734375
0.478,3.3232421875,-6.3662109375,0.880859375
0.4785,1.921875,-6.56640625,2.40234375
0.479,0.640625,-6.7265625,3.8837890625
0.4795,-0.640625,-6.6064453125,5.044921875
0.48,-1.4013671875,-6.56640625,5.7255859375
0.4805,-2.162109375,-6.2060546875,6.326171875
0.481,-3.443359375,-5.205078125,6.7265625
0.4815,-4.884765625,-3.763671875,7.046875
0.482,-5.765625,-2.6826171875,7.0869140625
0.4825,-6.2060546875,-1.44140625,6.7666015625
0.483,-6.40625,-0.6005859375,6.40625
0.4835,-6.24609375,0.5205078125,5.60546875
0.484,-5.9658203125,1.76171875,4.3642578125
0.4845,-5.765625,2.962890625,3.1630859375
0.485,-5.4052734375,4.1240234375,1.921875
0.4855,-4.96484375,4.8046875,0.9208984375
0.486,-4.3642578125,5.3251953125,0.0
0.4865,-3.36328125,5.4853515625,-1.1611328125
0.487,-1.9619140625,5.6455078125,-2.642578125
0.4875,-0.9609375,5.8857421875,-3.923828125
0.488,0.240234375,5.7255859375,-4.884765625
0.4885,0.880859375,5.7255859375,-5.6455078125
0.489,1.76171875,5.2451171875,-6.166015625
0.4895,3.04296875,4.2041015625,-6.6064453125
0.49,4.2041015625,3.04296875,-6.966796875
0.4905,5.0849609375,1.921875,-6.9267578125
0.491,5.525390625,0.880859375,-6.6865234375
0.4915,5.7255859375,0.0400390625,-6.326171875
0.492,5.60546875,-1.0009765625,-5.5654296875
0.4925,5.365234375,-2.2822265625,-4.3642578125
0.493,5.2451171875,-3.36328125,-3.36328125
0.4935,4.9248046875,-4.484375,-2.2021484375
0.494,4.484375,-5.2451171875,-1.201171875
0.4945,3.9638671875,-5.765625,-0.2802734375
0.495,2.9228515625,-6.005859375,1.0009765625
0.4955,1.7216796875,-6.2861328125,2.4423828125
0.496,0.560546875,-6.40625,3.763671875
0.4965,-0.4404296875,-6.40625,4.64453125
0.497,-1.1611328125,-6.4462890625,5.4052734375
0.4975,-2.1220703125,-5.845703125,5.9658203125
0.498,-3.5634765625,-4.6845703125,6.40625
0.4985,-4.5244140625,-3.7236328125,6.7265625
0.499,-5.365234375,-2.482421875,6.646484375
0.4995,-5.8056640625,-1.521484375,6.40625
0.5,-5.92578125,-0.640625,6.005859375
0.5005,-5.8056640625,0.5205078125,5.125
0.501,-5.6455078125,1.76171875,3.9638671875
0.5015,-5.525390625,2.962890625,2.8828125
0.502,-5.1650390625,3.8837890625,1.841796875
0.5025,-4.7646484375,4.6044921875,0.880859375
0.503,-4.00390625,4.96484375,-0.240234375
0.5035,-2.8828125,5.205078125,-1.521484375
0.504,-1.841796875,5.5654296875,-2.8828125
0.5045,-0.640625,5.5654296875,-4.0439453125
0.505,0.16015625,5.60546875,-4.8447265625
0.5055,0.9208984375,5.4453125,-5.5654296875
0.506,2.0419921875,4.724609375,-6.1259765625
0.5065,3.443359375,3.5234375,-6.4462890625
0.507,4.3642578125,2.5224609375,-6.6865234375
0.5075,4.96484375,1.4814453125,-6.5263671875
0.508,5.28515625,0.6005859375,-6.326171875
0.5085,5.3251953125,-0.400390625,-5.765625
0.509,5.205078125,-1.4814453125,-4.8447265625
0.5095,5.0849609375,-2.6025390625,-3.8037109375
0.51,4.884765625,-3.7236328125,-2.72265625
0.5105,4.5244140625,-4.564453125,-1.7216796875
0.511,4.1240234375,-5.205078125,-0.8408203125
0.5115,3.3232421875,-5.525390625,0.2802734375
0.512,2.2021484375,-5.765625,1.6015625
0.5125,1.2412109375,-6.1259765625,2.8427734375
0.513,0.240234375,-6.1259765625,3.84375
0.5135,-0.6005859375,-6.2861328125,4.64453125
0.514,-1.44140625,-5.9658203125,5.3251953125
0.5145,-2.5625,-5.125,5.8056640625
0.515,-3.7236328125,-4.1240234375,6.24609375
0.5155,-4.6044921875,-3.0830078125,6.3662109375
0.516,-5.1650390625,-2.1220703125,6.2060546875
0.5165,-5.4453125,-1.361328125,6.005859375
0.517,-5.4453125,-0.4404296875,5.365234375
0.5175,-5.3251953125,0.7607421875,4.404296875
0.518,-5.365234375,1.841796875,3.68359375
0.5185,-5.125,2.8828125,2.5625
0.519,-4.8447265625,3.6435546875,1.6416015625
0.5195,-4.3642578125,4.2841796875,0.7607421875
0.52,-3.5634765625,4.64453125,-0.400390625
0.5205,-2.6025390625,5.0048828125,-1.6416015625
0.521,-1.6416015625,5.2451171875,-2.8427734375
0.5215,-0.80078125,5.3251953125,-3.8037109375
0.522,0.0400390625,5.4453125,-4.64453125
0.5225,0.9609375,5.0849609375,-5.28515625
0.523,2.2421875,4.1640625,-5.765625
0.5235,3.283203125,3.36328125,-6.2861328125
0.524,4.1240234375,2.2822265625,-6.2861328125
0.5245,4.64453125,1.4814453125,-6.24609375
0.525,4.96484375,0.6005859375,-5.9658203125
0.5255,4.96484375,-0.400390625,-5.365234375
0.526,4.884765625,-1.521484375,-4.404296875
0.5265,4.9248046875,-2.6025390625,-3.603515625
0.527,4.64453125,-3.5634765625,-2.642578125
0.5275,4.404296875,-4.3642578125,-1.7216796875
0.528,3.84375,-4.884765625,-0.7607421875
0.5285,2.9228515625,-5.28515625,0.48046875
0.529,2.08203125,-5.765625,1.7216796875
0.5295,1.041015625,-5.8857421875,2.8427734375
0.53,0.2802734375,-6.0458984375,3.84375
0.5305,-0.5205078125,-6.0859375,4.5244140625
0.531,-1.5615234375,-5.525390625,5.1650390625
0.5315,-2.8427734375,-4.6044921875,5.7255859375
0.532,-3.8037109375,-3.8037109375,6.0458984375
0.5325,-4.5244140625,-2.7626953125,6.005859375
0.533,-5.0048828125,-1.9619140625,5.9658203125
0.5335,-5.1650390625,-1.12109375,5.5654296875
0.534,-5.1650390625,0.0,4.8046875
0.5345,-5.1650390625,1.0009765625,4.083984375
0.535,-5.125,2.08203125,3.1630859375
0.5355,-4.884765625,3.0029296875,2.2421875
0.536,-4.6044921875,3.7236328125,1.4013671875
0.5365,-3.9638671875,4.1640625,0.4404296875
0.537,-3.04296875,4.5244140625,-0.9208984375
0.5375,-2.2822265625,5.044921875,-2.08203125
0.538,-1.361328125,5.205078125,-3.04296875
0.5385,-0.640625,5.4052734375,-4.00390625
0.539,0.3203125,5.2451171875,-4.7646484375
0.5395,1.44140625,4.6044921875,-5.365234375
0.54,2.642578125,3.7236328125,-5.845703125
0.5405,3.5634765625,2.7626953125,-6.1259765625
0.541,4.2041015625,1.8818359375,-6.1259765625
0.5415,4.64453125,1.12109375,-6.0458984375
0.542,4.7646484375,0.240234375,-5.4853515625
0.5425,4.7646484375,-1.0009765625,-4.6845703125
0.543,4.8447265625,-2.001953125,-4.00390625
0.5435,4.6845703125,-3.0830078125,-3.04296875
0.544,4.484375,-3.8837890625,-2.1220703125
0.5445,4.083984375,-4.6044921875,-1.2412109375
0.545,3.36328125,-5.0849609375,-0.2001953125
0.5455,2.40234375,-5.4853515625,1.12109375
0.546,1.5615234375,-5.7255859375,2.40234375
0.5465,0.6806640625,-5.92578125,3.3232421875
0.547,0.0,-6.0859375,4.1640625
0.5475,-1.0810546875,-5.765625,4.8447265625
0.548,-2.322265625,-4.884765625,5.4052734375
0.5485,-3.36328125,-4.1240234375,5.8857421875
0.549,-4.244140625,-3.0830078125,6.005859375
0.5495,-4.8447265625,-2.2421875,6.005859375
0.55,-5.125,-1.44140625,5.7255859375
0.5505,-5.1650390625,-0.5205078125,5.125
0.551,-5.125,0.6806640625,4.244140625
0.5515,-5.1650390625,1.76171875,3.4833984375
0.552,-4.96484375,2.7626953125,2.5224609375
0.5525,-4.724609375,3.5234375,1.6416015625
0.553,-4.1640625,4.00390625,0.720703125
0.5535,-3.3232421875,4.4443359375,-0.5205078125
0.554,-2.4423828125,5.044921875,-1.8017578125
0.5545,-1.5615234375,5.0849609375,-2.8828125
0.555,-0.80078125,5.365234375,-3.84375
0.5555,0.0400390625,5.4052734375,-4.6044921875
0.556,1.1611328125,4.8046875,-5.28515625
0.5565,2.482421875,3.84375,-5.765625
0.557,3.4833984375,3.0029296875,-6.166015625
0.5575,4.1640625,1.9619140625,-6.1259765625
0.558,4.64453125,1.2412109375,-6.1259765625
0.5585,4.8046875,0.3203125,-5.7255859375
0.559,4.8447265625,-0.7607421875,-4.96484375
0.5595,4.8447265625,-1.8818359375,-4.1240234375
0.56,4.8046875,-2.962890625,-3.1630859375
0.5605,4.5244140625,-3.8837890625,-2.2021484375
0.561,4.2041015625,-4.6845703125,-1.4013671875
0.5615,3.4833984375,-5.044921875,-0.3603515625
0.562,2.5224609375,-5.4052734375,1.0009765625
0.5625,1.6416015625,-5.845703125,2.2421875
0.563,0.720703125,-5.92578125,3.283203125
0.5635,0.0,-6.1259765625,4.1640625
0.564,-0.9609375,-5.92578125,4.884765625
0.5645,-2.162109375,-5.1650390625,5.4853515625
0.565,-3.36328125,-4.2041015625,5.9658203125
0.5655,-4.3642578125,-3.203125,6.166015625
0.566,-4.96484375,-2.2421875,6.0859375
0.5665,-5.28515625,-1.44140625,5.8857421875
0.567,-5.28515625,-0.5205078125,5.28515625
0.5675,-5.205078125,0.7607421875,4.32421875
0.568,-5.28515625,1.841796875,3.5634765625
0.5685,-5.125,2.8828125,2.5224609375
0.569,-4.884765625,3.603515625,1.5615234375
0.5695,-4.32421875,4.244140625,0.6806640625
0.57,-3.5234375,4.6044921875,-0.5205078125
0.5705,-2.4423828125,5.0048828125,-1.841796875
0.571,-1.4814453125,5.3251953125,-3.0830078125
0.5715,-0.640625,5.4052734375,-4.00390625
0.572,0.16015625,5.4853515625,-4.8447265625
0.5725,1.2412109375,5.0048828125,-5.4453125
0.573,2.6025390625,3.9638671875,-6.005859375
0.5735,3.6435546875,3.04296875,-6.40625
0.574,4.484375,1.921875,-6.40625
0.5745,4.96484375,1.0810546875,-6.2861328125
0.575,5.125,0.240234375,-5.92578125
0.5755,5.0849609375,-0.9208984375,-5.1650390625
0.576,5.0048828125,-2.162109375,-4.0439453125
0.5765,4.96484375,-3.3232421875,-3.123046875
0.577,4.64453125,-4.404296875,-2.1220703125
0.5775,4.32421875,-5.0048828125,-1.201171875
0.578,3.6435546875,-5.4453125,-0.2001953125
0.5785,2.5224609375,-5.685546875,1.2412109375
0.579,1.521484375,-6.0859375,2.5625
0.5795,0.4404296875,-6.1259765625,3.763671875
0.58,-0.400390625,-6.2861328125,4.6044921875
0.5805,-1.1611328125,-6.1259765625,5.28515625
0.581,-2.40234375,-5.365234375,5.8857421875
0.5815,-3.84375,-4.1240234375,6.326171875
0.582,-4.8046875,-3.1630859375,6.56640625
0.5825,-5.4052734375,-2.08203125,6.40625
0.583,-5.7255859375,-1.2412109375,6.2060546875
0.5835,-5.765625,-0.2802734375,5.5654296875
0.584,-5.60546875,1.041015625,4.484375
0.5845,-5.525390625,2.2421875,3.4833984375
0.585,-5.365234375,3.283203125,2.2021484375
0.5855,-4.96484375,4.2041015625,1.28125
0.586,-4.484375,4.8046875,0.400390625
0.5865,-3.5634765625,5.0849609375,-0.7607421875
0.587,-2.2421875,5.365234375,-2.2822265625
0.5875,-1.2412109375,5.7255859375,-3.603515625
0.588,-0.2001953125,5.685546875,-4.6044921875
0.5885,0.6005859375,5.7255859375,-5.4052734375
0.589,1.5615234375,5.28515625,-6.0458984375
0.5895,2.9228515625,4.1640625,-6.5263671875
0.59,4.244140625,2.9228515625,-6.88671875
0.5905,5.125,1.76171875,-6.9267578125
0.591,5.5654296875,0.7607421875,-6.646484375
0.5915,5.7255859375,-0.2001953125,-6.2861328125
0.592,5.60546875,-1.28125,-5.4052734375
0.5925,5.4052734375,-2.6826171875,-4.0439453125
0.593,5.2451171875,-3.8837890625,-3.0830078125
0.5935,4.9248046875,-4.884765625,-1.841796875
0.594,4.4443359375,-5.60546875,-0.8408203125
0.5945,3.763671875,-5.9658203125,0.2001953125
0.595,2.5625,-6.166015625,1.521484375
0.5955,1.201171875,-6.40625,3.123046875
0.596,0.0400390625,-6.5263671875,4.404296875
0.5965,-0.880859375,-6.4462890625,5.1650390625
0.597,-1.6015625,-6.3662109375,5.8857421875
0.5975,-2.7626953125,-5.525390625,6.40625
0.598,-4.244140625,-4.1640625,6.7666015625
0.5985,-5.2451171875,-3.123046875,7.046875
0.599,-5.9658203125,-1.8818359375,6.8466796875
0.5995,-6.24609375,-0.9609375,6.486328125
0.6,-6.24609375,0.080078125,5.8857421875
0.6005,-6.0458984375,1.2412109375,4.8046875
0.601,-5.765625,2.642578125,3.443359375
0.6015,-5.5654296875,3.8037109375,2.2822265625
0.602,-5.125,4.6044921875,1.201171875
0.6025,-4.564453125,5.205078125,0.240234375
0.603,-3.7236328125,5.4853515625,-0.8408203125
0.6035,-2.322265625,5.6455078125,-2.322265625
0.604,-1.1611328125,5.8857421875,-3.763671875
0.6045,0.1201171875,5.8857421875,-4.9248046875
0.605,0.80078125,5.8056640625,-5.6455078125
0.6055,1.6015625,5.525390625,-6.24609375
0.606,2.9228515625,4.484375,-6.7265625
0.6065,4.32421875,3.0830078125,-7.046875
0.607,5.2451171875,2.001953125,-7.1669921875
0.6075,5.7255859375,0.880859375,-6.88671875
0.608,5.92578125,0.0,-6.5263671875
0.6085,5.8056640625,-1.0810546875,-5.765625
0.609,5.60546875,-2.3623046875,-4.564453125
0.6095,5.4052734375,-3.7236328125,-3.283203125
0.61,5.0849609375,-4.8447265625,-2.1220703125
0.6105,4.564453125,-5.525390625,-1.041015625
0.611,4.0439453125,-6.0458984375,0.0
0.6115,3.0029296875,-6.2060546875,1.12109375
0.612,1.5615234375,-6.40625,2.642578125
0.6125,0.4404296875,-6.6064453125,3.9638671875
0.613,-0.720703125,-6.486328125,4.96484375
0.6135,-1.361328125,-6.4462890625,5.685546875
0.614,-2.2822265625,-5.9658203125,6.24609375
0.6145,-3.6435546875,-4.8447265625,6.6865234375
0.615,-4.884765625,-3.5634765625,6.966796875
0.6155,-5.7255859375,-2.40234375,6.9267578125
0.616,-6.1259765625,-1.3212890625,6.646484375
0.6165,-6.2861328125,-0.5205078125,6.24609375
0.617,-6.0859375,0.640625,5.3251953125
0.6175,-5.845703125,1.9619140625,3.9638671875
0.618,-5.7255859375,3.1630859375,2.9228515625
0.6185,-5.365234375,4.2041015625,1.7216796875
0.619,-4.8447265625,4.9248046875,0.720703125
0.6195,-4.2041015625,5.365234375,-0.3203125
0.62,-3.123046875,5.525390625,-1.521484375
0.6205,-1.681640625,5.765625,-3.123046875
0.621,-0.6005859375,5.92578125,-4.3642578125
0.6215,0.4404296875,5.845703125,-5.2451171875
0.622,1.12109375,5.765625,-5.92578125
0.6225,2.2421875,5.044921875,-6.4462890625
0.623,3.68359375,3.7236328125,-6.9267578125
0.6235,4.7646484375,2.6025390625,-7.1669921875
0.624,5.525390625,1.361328125,-7.0068359375
0.6245,5.8857421875,0.400390625,-6.7265625
0.625,5.8857421875,-0.6005859375,-6.166015625
0.6255,5.7255859375,-1.8017578125,-5.1650390625
0.626,5.4853515625,-3.203125,-3.8037109375
0.6265,5.28515625,-4.3642578125,-2.642578125
0.627,4.884765625,-5.28515625,-1.4814453125
0.6275,4.404296875,-5.8857421875,-0.560546875
0.628,3.5234375,-6.2060546875,0.640625
0.6285,2.162109375,-6.40625,2.08203125
0.629,0.880859375,-6.6865234375,3.603515625
0.6295,-0.4404296875,-6.6064453125,4.8046875
0.63,-1.1611328125,-6.56640625,5.5654296875
0.6305,-1.9619140625,-6.2861328125,6.2060546875
0.631,-3.2431640625,-5.28515625,6.646484375
0.6315,-4.724609375,-3.84375,7.0068359375
0.632,-5.6455078125,-2.7626953125,7.0869140625
0.6325,-6.166015625,-1.5615234375,6.806640625
0.633,-6.3662109375,-0.6806640625,6.40625
0.6335,-6.24609375,0.400390625,5.6455078125
0.634,-6.0458984375,1.7216796875,4.4443359375
0.6345,-5.8056640625,3.0029296875,3.1630859375
0.635,-5.4853515625,4.1640625,1.921875
0.6355,-5.0048828125,4.884765625,0.880859375
0.636,-4.404296875,5.4052734375,0.0
0.6365,-3.36328125,5.5654296875,-1.2412109375
0.637,-1.921875,5.7255859375,-2.8427734375
0.6375,-0.8408203125,6.005859375,-4.1640625
0.638,0.3603515625,5.8056640625,-5.125
0.6385,1.0009765625,5.765625,-5.8056640625
0.639,1.921875,5.28515625,-6.3662109375
0.6395,3.2431640625,4.1240234375,-6.7666015625
0.64,4.5244140625,2.8427734375,-7.0869140625
0.6405,5.3251953125,1.7216796875,-7.046875
0.641,5.7255859375,0.640625,-6.7265625
0.6415,5.845703125,-0.3203125,-6.3662109375
0.642,5.7255859375,-1.3212890625,-5.4853515625
0.6425,5.4052734375,-2.6025390625,-4.1640625
0.643,5.28515625,-3.763671875,-3.1630859375
0.6435,4.9248046875,-4.7646484375,-1.9619140625
0.644,4.4443359375,-5.4853515625,-0.9609375
0.6445,3.84375,-5.92578125,0.1201171875
0.645,2.7626953125,-6.1259765625,1.2412109375
0.6455,1.44140625,-6.3662109375,2.72265625
0.646,0.2802734375,-6.4462890625,4.00390625
0.6465,-0.6806640625,-6.40625,4.884765625
0.647,-1.361328125,-6.3662109375,5.60546875
0.6475,-2.3623046875,-5.765625,6.1259765625
0.648,-3.763671875,-4.5244140625,6.5263671875
0.6485,-4.7646484375,-3.5634765625,6.8466796875
0.649,-5.5654296875,-2.322265625,6.6865234375
0.6495,-5.9658203125,-1.4013671875,6.4462890625
0.65,-6.0458984375,-0.5205078125,6.005859375
0.6505,-5.8857421875,0.640625,5.0849609375
0.651,-5.685546875,1.921875,3.84375
0.6515,-5.525390625,3.0830078125,2.8427734375
0.652,-5.1650390625,4.00390625,1.76171875
0.6525,-4.7646484375,4.724609375,0.80078125
0.653,-4.00390625,5.0849609375,-0.2802734375
0.6535,-2.8828125,5.28515625,-1.5615234375
0.654,-1.8017578125,5.6455078125,-2.9228515625
0.6545,-0.640625,5.6455078125,-4.1240234375
0.655,0.240234375,5.7255859375,-4.96484375
0.6555,0.9609375,5.5654296875,-5.6455078125
0.656,2.1220703125,4.8046875,-6.1259765625
0.6565,3.5234375,3.5234375,-6.56640625
0.657,4.484375,2.5224609375,-6.7666015625
0.6575,5.0849609375,1.4013671875,-6.6064453125
0.658,5.4052734375,0.5205078125,-6.40625
0.6585,5.4052734375,-0.400390625,-5.8056640625
0.659,5.28515625,-1.521484375,-4.8447265625
0.6595,5.1650390625,-2.72265625,-3.84375
0.66,4.96484375,-3.84375,-2.72265625
0.6605,4.6044921875,-4.6845703125,-1.681640625
0.661,4.1640625,-5.28515625,-0.80078125
0.6615,3.3232421875,-5.60546875,0.3203125
0.662,2.2021484375,-5.845703125,1.6416015625
0.6625,1.1611328125,-6.166015625,2.962890625
0.663,0.16015625,-6.1259765625,3.9638671875
0.6635,-0.640625,-6.2861328125,4.8046875
0.664,-1.44140625,-5.9658203125,5.4052734375
0.6645,-2.6025390625,-5.125,5.8857421875
0.665,-3.84375,-4.083984375,6.326171875
0.6655,-4.7646484375,-3.0830078125,6.40625
0.666,-5.28515625,-2.08203125,6.24609375
0.6665,-5.525390625,-1.28125,6.0458984375
0.667,-5.525390625,-0.3203125,5.365234375
0.6675,-5.4052734375,0.9208984375,4.404296875
0.668,-5.4052734375,1.9619140625,3.603515625
0.6685,-5.125,3.0029296875,2.5224609375
0.669,-4.8447265625,3.8037109375,1.5615234375
0.6695,-4.3642578125,4.3642578125,0.6806640625
0.67,-3.5634765625,4.724609375,-0.4404296875
0.6705,-2.5224609375,5.044921875,-1.76171875
0.671,-1.5615234375,5.365234375,-2.9228515625
0.6715,-0.6806640625,5.4052734375,-3.8837890625
0.672,0.1201171875,5.4853515625,-4.724609375
0.6725,1.041015625,5.0849609375,-5.3251953125
0.673,2.2822265625,4.1640625,-5.845703125
0.6735,3.36328125,3.3232421875,-6.2861328125
0.674,4.2041015625,2.2421875,-6.326171875
0.6745,4.724609375,1.4013671875,-6.2861328125
0.675,5.0048828125,0.6005859375,-6.005859375
0.6755,5.044921875,-0.48046875,-5.365234375
0.676,4.9248046875,-1.6015625,-4.3642578125
0.6765,4.9248046875,-2.6826171875,-3.5634765625
0.677,4.6845703125,-3.603515625,-2.6025390625
0.6775,4.404296875,-4.4443359375,-1.681640625
0.678,3.84375,-4.96484375,-0.720703125
0.6785,2.962890625,-5.28515625,0.48046875
0.679,2.0419921875,-5.7255859375,1.7216796875
0.6795,1.0009765625,-5.8857421875,2.8828125
0.68,0.2802734375,-6.0458984375,3.8037109375
0.6805,-0.5205078125,-6.1259765625,4.5244140625
0.681,-1.5615234375,-5.60546875,5.205078125
0.6815,-2.8427734375,-4.64453125,5.6455078125
0.682,-3.8037109375,-3.8037109375,6.0458984375
0.6825,-4.564453125,-2.8427734375,6.005859375
0.683,-5.0048828125,-1.9619140625,6.005859375
0.6835,-5.1650390625,-1.1611328125,5.5654296875
0.684,-5.1650390625,-0.16015625,4.884765625
0.6845,-5.1650390625,0.9609375,4.1240234375
0.685,-5.125,2.0419921875,3.1630859375
0.6855,-4.884765625,2.962890625,2.2822265625
0.686,-4.64453125,3.68359375,1.44140625
0.6865,-4.00390625,4.1640625,0.48046875
0.687,-3.0830078125,4.5244140625,-0.8408203125
0.6875,-2.322265625,5.0048828125,-1.9619140625
0.688,-1.361328125,5.125,-3.04296875
0.6885,-0.6806640625,5.365234375,-3.923828125
0.689,0.240234375,5.2451171875,-4.6845703125
0.6895,1.3212890625,4.6044921875,-5.28515625
0.69,2.5625,3.763671875,-5.8056640625
0.6905,3.5234375,2.802734375,-6.1259765625
0.691,4.1640625,1.921875,-6.1259765625
0.6915,4.6044921875,1.201171875,-6.0458984375
0.692,4.7646484375,0.3203125,-5.5654296875
0.6925,4.724609375,-0.8408203125,-4.8046875
0.693,4.8046875,-1.841796875,-4.1640625
0.6935,4.724609375,-2.8828125,-3.203125
0.694,4.484375,-3.8037109375,-2.2822265625
0.6945,4.1640625,-4.484375,-1.361328125
0.695,3.443359375,-4.96484375,-0.3203125
0.6955,2.5224609375,-5.365234375,1.0009765625
0.696,1.6416015625,-5.7255859375,2.2021484375
0.6965,0.8408203125,-5.8857421875,3.1630859375
0.697,0.1201171875,-6.1259765625,4.083984375
0.6975,-0.9208984375,-5.845703125,4.7646484375
0.698,-2.162109375,-5.044921875,5.3251953125
0.6985,-3.2431640625,-4.2841796875,5.8056640625
0.699,-4.1640625,-3.203125,5.9658203125
0.6995,-4.7646484375,-2.322265625,5.9658203125
0.7,-5.044921875,-1.5615234375,5.765625
0.7005,-5.1650390625,-0.640625,5.1650390625
0.701,-5.0849609375,0.560546875,4.32421875
0.7015,-5.1650390625,1.6416015625,3.5634765625
0.702,-5.0048828125,2.6025390625,2.6025390625
0.7025,-4.8046875,3.443359375,1.76171875
0.703,-4.244140625,3.9638671875,0.80078125
0.7035,-3.4033203125,4.404296875,-0.400390625
0.704,-2.6025390625,4.884765625,-1.6416015625
0.7045,-1.6015625,5.125,-2.802734375
0.705,-0.9208984375,5.3251953125,-3.7236328125
0.7055,0.0,5.365234375,-4.564453125
0.706,1.041015625,4.8046875,-5.205078125
0.7065,2.3623046875,3.84375,-5.765625
0.707,3.4033203125,3.04296875,-6.1259765625
0.7075,4.1240234375,2.0419921875,-6.1259765625
0.708,4.6044921875,1.2412109375,-6.1259765625
0.7085,4.8046875,0.400390625,-5.7255859375
0.709,4.8447265625,-0.720703125,-5.0048828125
0.7095,4.8447265625,-1.841796875,-4.1240234375
0.71,4.7646484375,-2.962890625,-3.1630859375
0.7105,4.5244140625,-3.8837890625,-2.2421875
0.711,4.2841796875,-4.6044921875,-1.361328125
0.7115,3.5234375,-5.0048828125,-0.3603515625
0.712,2.5224609375,-5.4052734375,1.0009765625
0.7125,1.6416015625,-5.8056640625,2.2421875
0.713,0.6806640625,-5.92578125,3.3232421875
0.7135,0.0,-6.1259765625,4.1640625
0.714,-0.9609375,-5.9658203125,4.884765625
0.7145,-2.2021484375,-5.205078125,5.4853515625
0.715,-3.36328125,-4.1640625,6.005859375
0.7155,-4.3642578125,-3.1630859375,6.2060546875
0.716,-4.96484375,-2.2021484375,6.0859375
0.7165,-5.28515625,-1.44140625,5.92578125
0.717,-5.28515625,-0.5205078125,5.28515625
0.7175,-5.205078125,0.720703125,4.32421875
0.718,-5.28515625,1.841796875,3.5234375
0.7185,-5.0849609375,2.8828125,2.5224609375
0.719,-4.8046875,3.68359375,1.5615234375
0.7195,-4.32421875,4.244140625,0.720703125
0.72,-3.5234375,4.6044921875,-0.4404296875
0.7205,-2.4423828125,4.96484375,-1.8017578125
0.721,-1.521484375,5.28515625,-3.04296875
0.7215,-0.640625,5.365234375,-3.9638671875
0.722,0.1201171875,5.4453125,-4.8046875
0.7225,1.12109375,4.96484375,-5.4453125
0.723,2.482421875,3.9638671875,-5.92578125
0.7235,3.5634765625,3.0830078125,-6.3662109375
0.724,4.4443359375,1.9619140625,-6.3662109375
0.7245,4.884765625,1.12109375,-6.2861328125
0.725,5.0849609375,0.3203125,-5.92578125
0.7255,5.0849609375,-0.80078125,-5.1650390625
0.726,4.9248046875,-2.001953125,-4.1240234375
0.7265,4.9248046875,-3.123046875,-3.203125
0.727,4.64453125,-4.0439453125,-2.2021484375
0.7275,4.32421875,-4.8046875,-1.28125
0.728,3.6435546875,-5.205078125,-0.3603515625
0.7285,2.642578125,-5.525390625,0.9609375
0.729,1.6416015625,-5.92578125,2.2822265625
0.7295,0.6005859375,-6.1259765625,3.4833984375
0.73,-0.240234375,-6.2060546875,4.32421875
0.7305,-1.0009765625,-6.166015625,5.044921875
0.731,-2.1220703125,-5.4052734375,5.6455078125
0.7315,-3.5634765625,-4.244140625,6.0859375
0.732,-4.5244140625,-3.3232421875,6.40625
0.7325,-5.1650390625,-2.2421875,6.326171875
0.733,-5.525390625,-1.4013671875,6.1259765625
0.7335,-5.6455078125,-0.5205078125,5.60546875
0.734,-5.525390625,0.720703125,4.64453125
0.7345,-5.4453125,1.921875,3.6435546875
0.735,-5.3251953125,3.123046875,2.5625
0.7355,-5.0048828125,3.9638671875,1.5615234375
0.736,-4.564453125,4.564453125,0.6806640625
0.7365,-3.7236328125,4.884765625,-0.48046875
0.737,-2.482421875,5.1650390625,-1.9619140625
0.7375,-1.521484375,5.5654296875,-3.2431640625
0.738,-0.48046875,5.5654296875,-4.32421875
0.7385,0.3203125,5.6455078125,-5.1650390625
0.739,1.2412109375,5.3251953125,-5.765625
0.7395,2.6025390625,4.32421875,-6.3662109375
0.74,3.9638671875,3.0830078125,-6.7666015625
0.7405,4.9248046875,1.921875,-6.806640625
0.741,5.4052734375,0.9609375,-6.6064453125
0.7415,5.60546875,0.080078125,-6.2861328125
0.742,5.4853515625,-1.0810546875,-5.4453125
0.7425,5.3251953125,-2.482421875,-4.1640625
0.743,5.2451171875,-3.68359375,-3.123046875
0.7435,4.96484375,-4.724609375,-1.9619140625
0.744,4.484375,-5.4453125,-0.9609375
0.7445,3.84375,-5.845703125,0.080078125
0.745,2.6826171875,-6.0859375,1.3212890625
0.7455,1.28125,-6.40625,2.962890625
0.746,0.16015625,-6.5263671875,4.244140625
0.7465,-0.80078125,-6.486328125,5.044921875
0.747,-1.4814453125,-6.326171875,5.765625
0.7475,-2.6025390625,-5.525390625,6.2861328125
0.748,-4.1240234375,-4.2041015625,6.6865234375
0.7485,-5.1650390625,-3.123046875,6.966796875
0.749,-5.8857421875,-1.8818359375,6.7666015625
0.7495,-6.166015625,-1.0009765625,6.4462890625
0.75,-6.166015625,0.0,5.845703125
0.7505,-5.92578125,1.201171875,4.8046875
0.751,-5.7255859375,2.5625,3.4033203125
0.7515,-5.525390625,3.763671875,2.2822265625
0.752,-5.125,4.6044921875,1.201171875
0.7525,-4.564453125,5.125,0.2802734375
0.753,-3.7236328125,5.4052734375,-0.80078125
0.7535,-2.40234375,5.5654296875,-2.2021484375
0.754,-1.201171875,5.8056640625,-3.68359375
0.7545,0.0400390625,5.7255859375,-4.8447265625
0.755,0.7607421875,5.765625,-5.525390625
0.7555,1.521484375,5.525390625,-6.166015625
0.756,2.802734375,4.5244140625,-6.6064453125
0.7565,4.244140625,3.123046875,-6.966796875
0.757,5.125,2.0419921875,-7.0869140625
0.7575,5.685546875,0.9208984375,-6.8466796875
0.758,5.8857421875,0.0400390625,-6.486328125
0.7585,5.8056640625,-1.0009765625,-5.8056640625
0.759,5.5654296875,-2.2822265625,-4.64453125
0.7595,5.365234375,-3.5634765625,-3.36328125
0.76,5.0849609375,-4.6845703125,-2.2021484375
0.7605,4.6044921875,-5.4453125,-1.12109375
0.761,4.083984375,-5.9658203125,-0.240234375
0.7615,3.0830078125,-6.2060546875,1.0009765625
0.762,1.6416015625,-6.40625,2.5224609375
0.7625,0.48046875,-6.6865234375,3.8837890625
0.763,-0.640625,-6.5263671875,4.9248046875
0.7635,-1.3212890625,-6.4462890625,5.685546875
0.764,-2.2421875,-6.0458984375,6.2060546875
0.7645,-3.5634765625,-4.884765625,6.646484375
0.765,-4.8447265625,-3.603515625,6.966796875
0.7655,-5.7255859375,-2.4423828125,6.966796875
0.766,-6.166015625,-1.3212890625,6.6865234375
0.7665,-6.2861328125,-0.5205078125,6.24609375
0.767,-6.1259765625,0.6005859375,5.365234375
0.7675,-5.845703125,2.0419921875,4.00390625
0.768,-5.7255859375,3.203125,2.9228515625
0.7685,-5.365234375,4.2841796875,1.681640625
0.769,-4.884765625,4.96484375,0.720703125
0.7695,-4.2041015625,5.365234375,-0.3203125
0.77,-3.0830078125,5.525390625,-1.5615234375
0.7705,-1.681640625,5.7255859375,-3.1630859375
0.771,-0.560546875,5.9658203125,-4.4443359375
0.7715,0.48046875,5.8857421875,-5.3251953125
0.772,1.1611328125,5.765625,-6.0458984375
0.7725,2.2421875,5.044921875,-6.486328125
0.773,3.763671875,3.68359375,-6.9267578125
0.7735,4.8447265625,2.5625,-7.20703125
0.774,5.60546875,1.28125,-7.046875
0.7745,5.92578125,0.3203125,-6.7265625
0.775,5.9658203125,-0.6806640625,-6.2060546875
0.7755,5.765625,-1.8017578125,-5.1650390625
0.776,5.4853515625,-3.283203125,-3.68359375
0.7765,5.365234375,-4.484375,-2.5625
0.777,4.9248046875,-5.4052734375,-1.4013671875
0.7775,4.32421875,-6.0458984375,-0.48046875
0.778,3.443359375,-6.2861328125,0.6806640625
0.7785,2.08203125,-6.486328125,2.08203125
0.779,0.80078125,-6.7265625,3.68359375
0.7795,-0.5205078125,-6.646484375,4.884765625
0.78,-1.28125,-6.56640625,5.685546875
0.7805,-2.001953125,-6.2861328125,6.24609375
0.781,-3.283203125,-5.28515625,6.6865234375
0.7815,-4.8046875,-3.84375,7.046875
0.782,-5.7255859375,-2.72265625,7.1669921875
0.7825,-6.2861328125,-1.521484375,6.88671875
0.783,-6.4462890625,-0.6005859375,6.486328125
0.7835,-6.326171875,0.48046875,5.685546875
0.784,-6.1259765625,1.76171875,4.484375
0.7845,-5.8056640625,3.123046875,3.1630859375
0.785,-5.525390625,4.2841796875,1.921875
0.7855,-5.0048828125,4.96484375,0.80078125
0.786,-4.4443359375,5.4453125,-0.2001953125
0.7865,-3.36328125,5.5654296875,-1.3212890625
0.787,-1.8818359375,5.8056640625,-2.8828125
0.7875,-0.80078125,6.0458984375,-4.244140625
0.788,0.4404296875,5.8857421875,-5.205078125
0.7885,1.0810546875,5.8056640625,-5.92578125
0.789,1.9619140625,5.3251953125,-6.40625
0.7895,3.3232421875,4.1640625,-6.8466796875
0.79,4.6044921875,2.8427734375,-7.126953125
0.7905,5.4453125,1.6416015625,-7.0869140625
0.791,5.8056640625,0.6005859375,-6.7666015625
0.7915,5.92578125,-0.3203125,-6.40625
0.792,5.7255859375,-1.3212890625,-5.4453125
0.7925,5.4453125,-2.642578125,-4.1640625
0.793,5.28515625,-3.8037109375,-3.1630859375
0.7935,4.9248046875,-4.884765625,-1.921875
0.794,4.4443359375,-5.5654296875,-0.9208984375
0.7945,3.8037109375,-6.0458984375,0.1201171875
0.795,2.72265625,-6.1259765625,1.2412109375
0.7955,1.4013671875,-6.3662109375,2.7626953125
0.796,0.2802734375,-6.486328125,4.0439453125
0.7965,-0.720703125,-6.40625,4.9248046875
0.797,-1.361328125,-6.40625,5.60546875
0.7975,-2.3623046875,-5.765625,6.0859375
0.798,-3.7236328125,-4.564453125,6.5263671875
0.7985,-4.7646484375,-3.5634765625,6.806640625
0.799,-5.525390625,-2.322265625,6.6865234375
0.7995,-5.92578125,-1.361328125,6.4462890625
0.8,-6.0458984375,-0.5205078125,6.005859375
0.8005,-5.845703125,0.6005859375,5.125
0.801,-5.6455078125,1.8818359375,3.923828125
0.8015,-5.525390625,2.962890625,2.8828125
0.802,-5.205078125,3.923828125,1.8017578125
0.8025,-4.8046875,4.6044921875,0.8408203125
0.803,-4.0439453125,5.044921875,-0.2001953125
0.8035,-2.962890625,5.28515625,-1.44140625
0.804,-1.8818359375,5.60546875,-2.8427734375
0.8045,-0.6806640625,5.685546875,-4.0439453125
0.805,0.16015625,5.7255859375,-4.9248046875
0.8055,0.9609375,5.60546875,-5.6455078125
0.806,2.0419921875,4.8447265625,-6.1259765625
0.8065,3.4833984375,3.5634765625,-6.56640625
0.807,4.4443359375,2.642578125,-6.8466796875
0.8075,5.0849609375,1.4814453125,-6.6865234375
0.808,5.4453125,0.6005859375,-6.4462890625
0.8085,5.4853515625,-0.400390625,-5.845703125
0.809,5.365234375,-1.4814453125,-4.9248046875
0.8095,5.205078125,-2.7626953125,-3.84375
0.81,5.044921875,-3.923828125,-2.72265625
0.8105,4.64453125,-4.8046875,-1.681640625
0.811,4.2041015625,-5.4052734375,-0.80078125
0.8115,3.3232421875,-5.6455078125,0.3603515625
0.812,2.2021484375,-5.92578125,1.7216796875
0.8125,1.12109375,-6.24609375,3.04296875
0.813,0.080078125,-6.2060546875,4.083984375
0.8135,-0.720703125,-6.2861328125,4.884765625
0.814,-1.521484375,-6.005859375,5.4853515625
0.8145,-2.72265625,-5.125,6.005859375
0.815,-3.9638671875,-4.00390625,6.3662109375
0.8155,-4.884765625,-2.9228515625,6.486328125
0.816,-5.4052734375,-1.9619140625,6.2861328125
0.8165,-5.6455078125,-1.1611328125,6.0458984375
0.817,-5.5654296875,-0.2001953125,5.365234375
0.8175,-5.4453125,0.9609375,4.3642578125
0.818,-5.4052734375,2.08203125,3.4833984375
0.8185,-5.1650390625,3.0830078125,2.3623046875
0.819,-4.8046875,3.923828125,1.4013671875
0.8195,-4.32421875,4.484375,0.6005859375
0.82,-3.4833984375,4.8046875,-0.6005859375
0.8205,-2.40234375,5.0849609375,-1.8818359375
0.821,-1.44140625,5.365234375,-3.0830078125
0.8215,-0.6005859375,5.4052734375,-4.00390625
0.822,0.240234375,5.525390625,-4.8447265625
0.8225,1.12109375,5.0849609375,-5.4453125
0.823,2.3623046875,4.1640625,-5.92578125
0.8235,3.443359375,3.3232421875,-6.3662109375
0.824,4.32421875,2.2021484375,-6.3662109375
0.8245,4.8447265625,1.28125,-6.2861328125
0.825,5.0849609375,0.560546875,-6.0458984375
0.8255,5.0849609375,-0.560546875,-5.4052734375
0.826,4.96484375,-1.6416015625,-4.4443359375
0.8265,4.9248046875,-2.7626953125,-3.603515625
0.827,4.724609375,-3.7236328125,-2.5625
0.8275,4.404296875,-4.5244140625,-1.6416015625
0.828,3.84375,-5.0048828125,-0.6806640625
0.8285,2.962890625,-5.4052734375,0.560546875
0.829,2.0419921875,-5.765625,1.76171875
0.8295,0.9609375,-5.92578125,2.9228515625
0.83,0.240234375,-6.0859375,3.8837890625
0.8305,-0.6005859375,-6.1259765625,4.64453125
0.831,-1.6015625,-5.60546875,5.2451171875
0.8315,-2.8828125,-4.64453125,5.7255859375
0.832,-3.8837890625,-3.8037109375,6.1259765625
0.8325,-4.64453125,-2.72265625,6.0859375
0.833,-5.125,-1.9619140625,6.0458984375
0.8335,-5.28515625,-1.12109375,5.60546875
0.834,-5.28515625,0.0,4.884765625
0.8345,-5.2451171875,1.0009765625,4.083984375
0.835,-5.1650390625,2.2021484375,3.123046875
0.8355,-4.9248046875,3.0830078125,2.2021484375
0.836,-4.64453125,3.8037109375,1.3212890625
0.8365,-4.00390625,4.244140625,0.3603515625
0.837,-3.04296875,4.6044921875,-0.9609375
0.8375,-2.2822265625,5.0849609375,-2.08203125
0.838,-1.28125,5.1650390625,-3.203125
0.8385,-0.6005859375,5.4052734375,-4.083984375
0.839,0.3603515625,5.2451171875,-4.8447265625
0.8395,1.4013671875,4.64453125,-5.4052734375
0.84,2.642578125,3.7236328125,-5.8857421875
0.8405,3.6435546875,2.7626953125,-6.1259765625
0.841,4.2841796875,1.841796875,-6.1259765625
0.8415,4.724609375,1.0009765625,-6.0859375
0.842,4.8046875,0.1201171875,-5.60546875
0.8425,4.724609375,-1.0009765625,-4.7646484375
0.843,4.8046875,-1.9619140625,-4.0439453125
0.8435,4.64453125,-3.04296875,-3.0830078125
0.844,4.484375,-3.8837890625,-2.1220703125
0.8445,4.1240234375,-4.564453125,-1.28125
0.845,3.36328125,-5.0048828125,-0.2802734375
0.8455,2.482421875,-5.4052734375,1.0810546875
0.846,1.5615234375,-5.765625,2.2822265625
0.8465,0.720703125,-5.8857421875,3.2431640625
0.847,0.0400390625,-6.0859375,4.1240234375
0.8475,-1.0009765625,-5.8056640625,4.8046875
0.848,-2.162109375,-5.0048828125,5.365234375
0.8485,-3.2431640625,-4.244140625,5.845703125
0.849,-4.1640625,-3.203125,5.9658203125
0.8495,-4.7646484375,-2.3623046875,5.92578125
0.85,-5.125,-1.6015625,5.765625
0.8505,-5.1650390625,-0.6806640625,5.1650390625
0.851,-5.0849609375,0.560546875,4.32421875
0.8515,-5.1650390625,1.6015625,3.603515625
0.852,-5.0048828125,2.5625,2.642578125
0.8525,-4.7646484375,3.4033203125,1.76171875
0.853,-4.2841796875,3.9638671875,0.880859375
0.8535,-3.443359375,4.404296875,-0.3603515625
0.854,-2.642578125,4.8447265625,-1.5615234375
0.8545,-1.681640625,5.0849609375,-2.72265625
0.855,-0.9609375,5.28515625,-3.6435546875
0.8555,-0.2001953125,5.365234375,-4.4443359375
0.856,0.9609375,4.9248046875,-5.125
0.8565,2.2421875,3.9638671875,-5.6455078125
0.857,3.2431640625,3.1630859375,-6.0859375
0.8575,4.00390625,2.1220703125,-6.1259765625
0.858,4.5244140625,1.28125,-6.1259765625
0.8585,4.7646484375,0.48046875,-5.765625
0.859,4.8046875,-0.6005859375,-5.0849609375
0.8595,4.8046875,-1.6416015625,-4.244140625
0.86,4.7646484375,-2.7626953125,-3.3232421875
0.8605,4.5244140625,-3.7236328125,-2.40234375
0.861,4.32421875,-4.4443359375,-1.5615234375
0.8615,3.603515625,-4.884765625,-0.6005859375
0.862,2.6826171875,-5.28515625,0.7607421875
0.8625,1.8818359375,-5.7255859375,1.9619140625
0.863,0.880859375,-5.845703125,3.04296875
0.8635,0.16015625,-6.0458984375,3.9638671875
0.864,-0.720703125,-5.92578125,4.724609375
0.8645,-1.8818359375,-5.28515625,5.3251953125
0.865,-3.123046875,-4.3642578125,5.8056640625
0.8655,-4.083984375,-3.36328125,6.0458984375
0.866,-4.7646484375,-2.4423828125,6.0458984375
0.8665,-5.1650390625,-1.681640625,5.8857421875
0.867,-5.205078125,-0.720703125,5.365234375
0.8675,-5.1650390625,0.4404296875,4.484375
0.868,-5.205078125,1.521484375,3.7236328125
0.8685,-5.0849609375,2.6025390625,2.72265625
0.869,-4.8447265625,3.443359375,1.8017578125
0.8695,-4.4443359375,4.083984375,0.9208984375
0.87,-3.6435546875,4.484375,-0.2001953125
0.8705,-2.6025390625,4.8447265625,-1.521484375
0.871,-1.76171875,5.2451171875,-2.72265625
0.8715,-0.880859375,5.365234375,-3.7236328125
0.872,-0.16015625,5.4453125,-4.564453125
0.8725,0.9208984375,5.0849609375,-5.2451171875
0.873,2.2021484375,4.1240234375,-5.765625
0.8735,3.3232421875,3.1630859375,-6.24609375
0.874,4.2041015625,2.08203125,-6.326171875
0.8745,4.7646484375,1.201171875,-6.24609375
0.875,5.044921875,0.48046875,-5.9658203125
0.8755,5.0048828125,-0.640625,-5.2451171875
0.876,4.9248046875,-1.8818359375,-4.1640625
0.8765,4.9248046875,-2.962890625,-3.283203125
0.877,4.6845703125,-3.9638671875,-2.2822265625
0.8775,4.32421875,-4.6845703125,-1.361328125
0.878,3.7236328125,-5.1650390625,-0.4404296875
0.8785,2.72265625,-5.4853515625,0.880859375
0.879,1.7216796875,-5.845703125,2.2021484375
0.8795,0.640625,-6.0458984375,3.443359375
0.88,-0.2001953125,-6.1259765625,4.2841796875
0.8805,-0.9609375,-6.1259765625,5.044921875
0.881,-2.001953125,-5.4453125,5.60546875
0.8815,-3.443359375,-4.32421875,6.0458984375
0.882,-4.404296875,-3.36328125,6.3662109375
0.8825,-5.125,-2.2822265625,6.24609375
0.883,-5.4853515625,-1.44140625,6.0859375
0.8835,-5.5654296875,-0.560546875,5.5654296875
0.884,-5.4453125,0.640625,4.64453125
0.8845,-5.4052734375,1.8818359375,3.6435546875
0.885,-5.2451171875,3.04296875,2.5625
0.8855,-4.96484375,3.84375,1.6015625
0.886,-4.5244140625,4.484375,0.720703125
0.8865,-3.7236328125,4.8046875,-0.3603515625
0.887,-2.5224609375,5.0849609375,-1.8017578125
0.8875,-1.6015625,5.4853515625,-3.0830078125
0.888,-0.5205078125,5.4853515625,-4.1640625
0.8885,0.2802734375,5.60546875,-4.96484375
0.889,1.0810546875,5.3251953125,-5.6455078125
0.8895,2.40234375,4.3642578125,-6.166015625
0.89,3.763671875,3.1630859375,-6.56640625
0.8905,4.6845703125,2.001953125,-6.7265625
0.891,5.205078125,1.0810546875,-6.5263671875
0.8915,5.4453125,0.240234375,-6.2861328125
0.892,5.4052734375,-0.8408203125,-5.4853515625
0.8925,5.2451171875,-2.2021484375,-4.32421875
0.893,5.205078125,-3.36328125,-3.3232421875
0.8935,4.9248046875,-4.484375,-2.1220703125
0.894,4.484375,-5.205078125,-1.1611328125
0.8945,3.923828125,-5.7255859375,-0.240234375
0.895,2.8828125,-5.92578125,1.041015625
0.8955,1.5615234375,-6.24609375,2.6025390625
0.896,0.400390625,-6.40625,3.9638671875
0.8965,-0.6005859375,-6.40625,4.8447265625
0.897,-1.28125,-6.3662109375,5.5654296875
0.8975,-2.40234375,-5.7255859375,6.1259765625
0.898,-3.84375,-4.4443359375,6.56640625
0.8985,-5.0048828125,-3.36328125,6.8466796875
0.899,-5.765625,-2.0419921875,6.7265625
0.8995,-6.1259765625,-1.12109375,6.4462890625
0.9,-6.1259765625,-0.240234375,5.92578125
0.9005,-5.92578125,1.0009765625,4.884765625
0.901,-5.7255859375,2.4423828125,3.5234375
0.9015,-5.525390625,3.603515625,2.40234375
0.902,-5.1650390625,4.484375,1.28125
0.9025,-4.64453125,5.0849609375,0.400390625
0.903,-3.8037109375,5.4052734375,-0.6806640625
0.9035,-2.5224609375,5.5654296875,-2.1220703125
0.904,-1.28125,5.845703125,-3.603515625
0.9045,0.0,5.8056640625,-4.8447265625
0.905,0.720703125,5.765625,-5.525390625
0.9055,1.4814453125,5.4853515625,-6.166015625
0.906,2.7626953125,4.484375,-6.646484375
0.9065,4.2841796875,3.04296875,-7.046875
0.907,5.205078125,2.0419921875,-7.1669921875
0.9075,5.765625,0.8408203125,-6.88671875
0.908,5.9658203125,-0.16015625,-6.5263671875
0.9085,5.845703125,-1.12109375,-5.8056640625
0.909,5.60546875,-2.3623046875,-4.564453125
0.9095,5.4052734375,-3.7236328125,-3.283203125
0.91,5.0849609375,-4.8447265625,-2.08203125
0.9105,4.6044921875,-5.60546875,-1.0009765625
0.911,4.00390625,-6.1259765625,0.0
0.9115,3.0029296875,-6.24609375,1.12109375
0.912,1.5615234375,-6.4462890625,2.6826171875
0.9125,0.3603515625,-6.646484375,4.083984375
0.913,-0.80078125,-6.486328125,5.044921875
0.9135,-1.4814453125,-6.486328125,5.765625
0.914,-2.322265625,-6.0458984375,6.326171875
0.9145,-3.68359375,-4.884765625,6.6865234375
0.915,-4.96484375,-3.5234375,7.0068359375
0.9155,-5.8056640625,-2.2822265625,6.966796875
0.916,-6.2060546875,-1.28125,6.6865234375
0.9165,-6.326171875,-0.400390625,6.24609375
0.917,-6.1259765625,0.6806640625,5.3251953125
0.9175,-5.845703125,2.0419921875,4.00390625
0.918,-5.6455078125,3.2431640625,2.8828125
0.9185,-5.3251953125,4.32421875,1.6416015625
0.919,-4.8447265625,4.96484375,0.640625
0.9195,-4.1640625,5.365234375,-0.3203125
0.92,-3.0830078125,5.525390625,-1.4814453125
0.9205,-1.681640625,5.7255859375,-3.04296875
0.921,-0.6005859375,5.8857421875,-4.3642578125
0.9215,0.4404296875,5.7255859375,-5.205078125
0.922,1.12109375,5.685546875,-5.92578125
0.9225,2.1220703125,5.0048828125,-6.40625
0.923,3.5634765625,3.8037109375,-6.806640625
0.9235,4.6845703125,2.6826171875,-7.0869140625
0.924,5.4453125,1.4013671875,-6.9267578125
0.9245,5.845703125,0.4404296875,-6.6865234375
0.925,5.8857421875,-0.5205078125,-6.24609375
0.9255,5.7255859375,-1.6015625,-5.2451171875
0.926,5.4453125,-2.962890625,-3.8837890625
0.9265,5.28515625,-4.1640625,-2.802734375
0.927,4.884765625,-5.125,-1.6015625
0.9275,4.404296875,-5.765625,-0.640625
0.928,3.603515625,-6.1259765625,0.48046875
0.9285,2.3623046875,-6.2861328125,1.76171875
0.929,1.041015625,-6.56640625,3.3232421875
0.9295,-0.2802734375,-6.56640625,4.5244140625
0.93,-1.041015625,-6.56640625,5.365234375
0.9305,-1.8017578125,-6.40625,6.005859375
0.931,-2.962890625,-5.4453125,6.486328125
0.9315,-4.484375,-4.0439453125,6.8466796875
0.932,-5.4453125,-2.962890625,7.046875
0.9325,-6.0458984375,-1.76171875,6.806640625
0.933,-6.326171875,-0.80078125,6.486328125
0.9335,-6.2861328125,0.2802734375,5.8056640625
0.934,-6.0859375,1.4814453125,4.64453125
0.9345,-5.845703125,2.8427734375,3.3232421875
0.935,-5.5654296875,4.0439453125,2.08203125
0.9355,-5.125,4.8447265625,1.0009765625
0.936,-4.5244140625,5.365234375,0.1201171875
0.9365,-3.5634765625,5.5654296875,-1.12109375
0.937,-2.08203125,5.7255859375,-2.6826171875
0.9375,-1.0009765625,6.005859375,-4.083984375
0.938,0.3203125,5.8857421875,-5.1650390625
0.9385,0.9609375,5.8056640625,-5.92578125
0.939,1.8818359375,5.365234375,-6.4462890625
0.9395,3.2431640625,4.2841796875,-6.8466796875
0.94,4.6044921875,2.8427734375,-7.1669921875
0.9405,5.4453125,1.6416015625,-7.126953125
0.941,5.8857421875,0.560546875,-6.806640625
0.9415,6.005859375,-0.400390625,-6.40625
0.942,5.8056640625,-1.4013671875,-5.525390625
0.9425,5.5654296875,-2.802734375,-4.1640625
0.943,5.365234375,-3.9638671875,-3.04296875
0.9435,4.96484375,-5.044921875,-1.76171875
0.944,4.484375,-5.7255859375,-0.720703125
0.9445,3.84375,-6.166015625,0.2802734375
0.945,2.6826171875,-6.2861328125,1.4013671875
0.9455,1.28125,-6.486328125,3.0029296875
0.946,0.080078125,-6.6064453125,4.32421875
0.9465,-1.0009765625,-6.486328125,5.125
0.947,-1.6015625,-6.40625,5.845703125
0.9475,-2.6025390625,-5.765625,6.326171875
0.948,-3.9638671875,-4.484375,6.6865234375
0.9485,-5.0048828125,-3.36328125,6.966796875
0.949,-5.765625,-2.1220703125,6.7666015625
0.9495,-6.1259765625,-1.1611328125,6.4462890625
0.95,-6.1259765625,-0.3203125,6.005859375
0.9505,-5.92578125,0.80078125,5.0849609375
0.951,-5.685546875,2.08203125,3.763671875
0.9515,-5.525390625,3.2431640625,2.72265625
0.952,-5.125,4.1640625,1.6015625
0.9525,-4.6845703125,4.8046875,0.640625
0.953,-3.9638671875,5.1650390625,-0.400390625
0.9535,-2.8427734375,5.3251953125,-1.6015625
0.954,-1.76171875,5.60546875,-2.962890625
0.9545,-0.560546875,5.6455078125,-4.244140625
0.955,0.3203125,5.7255859375,-5.044921875
0.9555,1.0810546875,5.60546875,-5.765625
0.956,2.162109375,4.8447265625,-6.2861328125
0.9565,3.5634765625,3.603515625,-6.646484375
0.957,4.5244140625,2.6025390625,-6.9267578125
0.9575,5.205078125,1.44140625,-6.7265625
0.958,5.5654296875,0.560546875,-6.5263671875
0.9585,5.60546875,-0.48046875,-5.9658203125
0.959,5.4453125,-1.5615234375,-5.0048828125
0.9595,5.28515625,-2.72265625,-3.923828125
0.96,5.0849609375,-3.923828125,-2.72265625
0.9605,4.724609375,-4.8447265625,-1.681640625
0.961,4.2841796875,-5.4853515625,-0.720703125
0.9615,3.4033203125,-5.8056640625,0.3603515625
0.962,2.2021484375,-6.0458984375,1.76171875
0.9625,1.12109375,-6.3662109375,3.04296875
0.963,0.0,-6.2861328125,4.1240234375
0.9635,-0.80078125,-6.326171875,5.0048828125
0.964,-1.6015625,-6.0458984375,5.60546875
0.9645,-2.7626953125,-5.205078125,6.0859375
0.965,-4.083984375,-4.00390625,6.486328125
0.9655,-5.0048828125,-2.9228515625,6.56640625
0.966,-5.4853515625,-1.921875,6.40625
0.9665,-5.765625,-1.12109375,6.1259765625
0.967,-5.7255859375,0.0,5.4052734375
0.9675,-5.525390625,1.12109375,4.3642578125
0.968,-5.4453125,2.2021484375,3.443359375
0.9685,-5.1650390625,3.3232421875,2.322265625
0.969,-4.8447265625,4.083984375,1.3212890625
0.9695,-4.3642578125,4.6044921875,0.48046875
0.97,-3.4833984375,4.8447265625,-0.6806640625
0.9705,-2.3623046875,5.125,-2.001953125
0.971,-1.361328125,5.4453125,-3.2431640625
0.9715,-0.4404296875,5.4453125,-4.1640625
0.972,0.3603515625,5.525390625,-5.0048828125
0.9725,1.28125,5.0849609375,-5.60546875
0.973,2.5224609375,4.1240234375,-6.0458984375
0.9735,3.5634765625,3.203125,-6.40625
0.974,4.4443359375,2.08203125,-6.40625
0.9745,4.96484375,1.201171875,-6.2861328125
0.975,5.1650390625,0.400390625,-6.0859375
0.9755,5.125,-0.640625,-5.3251953125
0.976,4.96484375,-1.76171875,-4.32421875
0.9765,4.9248046875,-2.8427734375,-3.5234375
0.977,4.6845703125,-3.84375,-2.4423828125
0.9775,4.3642578125,-4.64453125,-1.5615234375
0.978,3.8037109375,-5.1650390625,-0.640625
0.9785,2.8828125,-5.4853515625,0.6005859375
0.979,1.9619140625,-5.8056640625,1.841796875
0.9795,0.9208984375,-5.92578125,3.04296875
0.98,0.1201171875,-6.0859375,3.9638671875
0.9805,-0.6806640625,-6.1259765625,4.7646484375
0.981,-1.6416015625,-5.6455078125,5.3251953125
0.9815,-2.8828125,-4.64453125,5.765625
0.982,-3.8837890625,-3.8037109375,6.1259765625
0.9825,-4.64453125,-2.72265625,6.1259765625
0.983,-5.125,-1.921875,6.0859375
0.9835,-5.3251953125,-1.041015625,5.685546875
0.984,-5.28515625,0.0,5.0048828125
0.9845,-5.2451171875,1.041015625,4.1240234375
0.985,-5.1650390625,2.162109375,3.1630859375
0.9855,-4.96484375,3.0029296875,2.2421875
0.986,-4.64453125,3.8037109375,1.361328125
0.9865,-4.00390625,4.2041015625,0.3603515625
0.987,-3.0830078125,4.6044921875,-0.880859375
0.9875,-2.322265625,5.0849609375,-1.9619140625
0.988,-1.28125,5.1650390625,-3.123046875
0.9885,-0.6005859375,5.365234375,-4.00390625
0.989,0.3203125,5.28515625,-4.7646484375
0.9895,1.361328125,4.724609375,-5.365234375
0.99,2.5625,3.8037109375,-5.845703125
0.9905,3.5234375,2.8427734375,-6.1259765625
0.991,4.2041015625,1.921875,-6.1259765625
0.9915,4.64453125,1.1611328125,-6.0859375
0.992,4.8046875,0.2802734375,-5.60546875
0.9925,4.7646484375,-0.8408203125,-4.8447265625
0.993,4.8046875,-1.8017578125,-4.1640625
0.9935,4.6845703125,-2.9228515625,-3.203125
0.994,4.4443359375,-3.8037109375,-2.2822265625
0.9945,4.1240234375,-4.564453125,-1.4013671875
0.995,3.443359375,-4.9248046875,-0.3603515625
0.9955,2.5625,-5.28515625,0.9208984375
0.996,1.6416015625,-5.685546875,2.08203125
0.9965,0.80078125,-5.8056640625,3.0830078125
0.997,0.1201171875,-6.0458984375,4.00390625
0.9975,-0.880859375,-5.8056640625,4.724609375
0.998,-2.001953125,-5.0849609375,5.28515625
0.9985,-3.0830078125,-4.3642578125,5.765625
0.999,-4.00390625,-3.3232421875,5.92578125
0.9995,-4.6845703125,-2.4423828125,5.9658203125
